-3
-3
0
1
-1
-2
-4
-5
-4
-4
-4
-4
-6
-4
-4
-5
-6
-6
-5
-5
-5
-5
-5
-5
-4
-5
-4
-3
-2
-1
-1
-1
0
-1
1
2
2
2
0
-1
-2
-1
-1
-1
1
4
4
3
3
2
3
3
3
3
2
2
3
3
2
0
0
1
1
0
-1
1
0
-1
0
0
0
-1
-1
0
0
-1
0
1
0
-1
1
1
-1
0
-1
-1
1
2
1
1
1
-2
-2
-2
-3
-2
-1
-2
-3
-3
-2
-3
-2
-1
-1
-2
-2
-1
-1
0
-2
-3
6
12
4
-5
-12
-3
19
24
13
-8
-35
-24
17
42
36
-7
-27
-6
12
39
51
35
-3
-36
-23
23
52
65
39
-19
-34
-16
30
57
20
13
17
-21
-40
-21
26
48
-9
-61
-75
-91
-77
-68
-82
-109
-170
-176
-130
-106
-71
-64
-98
-125
-140
-66
50
40
-30
-93
-94
-17
65
127
155
94
20
38
90
165
236
247
195
95
35
125
229
293
290
171
23
-44
15
191
218
75
-55
58
461
756
557
99
-127
93
486
598
375
-45
-421
-446
-109
218
201
-199
-637
-813
-673
-309
-47
-256
-780
-1192
-1187
-851
-537
-461
-636
-974
-1135
-906
-458
-118
-107
-295
-406
-340
-60
291
489
490
402
412
607
855
1028
1079
1003
942
1007
1212
1343
1224
1021
951
954
951
882
808
709
473
252
150
90
14
-113
-265
-422
-611
-648
-563
-577
-689
-871
-1040
-1077
-1051
-966
-895
-966
-1039
-1000
-886
-745
-671
-606
-508
-465
-390
-223
-89
-15
-7
16
155
282
333
374
375
380
456
510
555
533
406
347
329
301
330
265
110
144
659
1746
2381
1440
-194
-665
634
2249
2310
990
-365
-1065
-746
479
1553
1360
-300
-1963
-2139
-1088
202
789
-97
-1938
-3240
-2918
-1394
-386
-661
-1651
-2752
-3180
-2339
-818
86
-437
-1583
-1956
-1439
-548
415
927
713
115
-33
725
1731
2169
2073
1679
1351
1481
2004
2514
2513
2087
1826
1823
1768
1727
1805
1840
1561
972
545
451
442
466
467
193
-383
-935
-1041
-676
-458
-697
-1173
-1624
-1768
-1577
-1210
-976
-1151
-1550
-1695
-1525
-1194
-869
-741
-798
-988
-1085
-873
-513
-292
-208
-213
-302
-351
-283
29
353
405
260
75
4
108
338
550
563
278
27
49
248
505
499
307
67
-65
9
240
395
253
62
-102
-78
72
291
453
361
204
-16
208
1080
1600
1283
412
-7
603
1407
1534
1116
520
60
-23
303
872
881
129
-684
-1073
-877
-322
-37
-375
-1237
-1981
-2004
-1498
-1084
-1052
-1350
-1887
-2188
-1849
-1038
-408
-542
-928
-1028
-788
-214
420
839
860
533
499
1051
1637
1984
1994
1720
1480
1486
1802
2324
2393
1919
1516
1214
1165
1319
1408
1299
752
-4
-405
-424
-319
-267
-490
-907
-1487
-1893
-1672
-1207
-1020
-1256
-1803
-2172
-2163
-1847
-1309
-1021
-1208
-1533
-1645
-1301
-706
-297
-77
-127
-375
-329
-7
386
676
685
599
505
365
476
778
917
882
660
466
399
371
466
632
485
204
39
59
159
96
62
336
1468
2497
1818
-107
-1182
125
2338
2798
1339
-208
-973
-846
233
1761
2225
482
-1871
-2550
-1341
367
1315
663
-1467
-3556
-3641
-1656
67
-73
-1515
-2964
-3563
-2761
-823
622
127
-1546
-2317
-1663
-436
695
1280
1027
114
-348
573
2050
2726
2492
1886
1444
1507
2083
2794
2898
2259
1751
1698
1732
1757
1928
2031
1486
443
-194
-14
260
76
-368
-879
-1421
-1803
-1696
-1256
-1121
-1579
-2205
-2460
-2277
-1971
-1674
-1587
-1849
-2045
-1885
-1436
-996
-887
-864
-692
-542
-352
-78
117
210
287
494
763
764
597
660
923
1090
1054
920
822
693
574
652
767
781
562
286
186
168
283
339
84
-187
-330
-302
-124
-352
614
2600
2741
611
-1840
-1229
2033
3683
2324
309
-1046
-1473
-664
1322
3090
1792
-1568
-3394
-2490
-241
1623
1634
-567
-3595
-4861
-2911
-223
398
-832
-2693
-4224
-4186
-2121
509
999
-1152
-2837
-2649
-1486
57
1296
1707
772
-619
-223
1798
3179
3312
2695
1960
1693
2026
3082
3841
3235
2349
2461
2669
2225
1879
2119
2547
1903
555
-93
-163
-175
-145
-109
-432
-1509
-2599
-2448
-1703
-1371
-1592
-2142
-2760
-3268
-3119
-2197
-1493
-1636
-2142
-2458
-2293
-1822
-1150
-356
-199
-803
-1109
-723
-112
466
801
803
437
-12
257
1117
1612
1356
771
378
346
512
927
1187
911
373
77
299
566
524
362
80
-205
-5
723
2244
2921
1615
-306
-881
835
3010
3113
1267
-468
-1185
-589
826
2098
1981
-121
-2382
-2673
-987
908
1385
-122
-2547
-4100
-3659
-1613
-178
-687
-2443
-4066
-4286
-2700
-534
358
-819
-2650
-2936
-1687
-154
901
1109
583
-133
-61
1411
3140
3545
2862
2105
1944
2592
3498
4165
4026
3044
2629
2944
2909
2690
2501
2501
2203
960
-161
-268
-62
-30
-330
-1033
-2003
-2972
-2896
-2051
-1608
-1987
-2979
-3803
-3908
-3307
-2195
-1529
-2063
-3080
-3459
-2722
-1457
-455
-71
-530
-1452
-1677
-671
758
1552
1295
485
-28
18
842
2061
2549
1956
814
19
181
1024
1963
2203
1218
-204
-822
-109
1023
1364
779
-278
-1039
-901
89
1477
2567
2316
671
-994
-910
1268
3253
2990
952
-815
-1105
-93
1389
2354
1704
-630
-2537
-2229
-404
1052
947
-687
-2835
-4075
-3430
-1499
-424
-1233
-2943
-4135
-4077
-2823
-991
-27
-836
-2414
-3000
-1999
-246
1065
1440
816
-89
29
1496
3144
3785
3311
2475
2114
2545
3625
4672
4699
3550
2507
2311
2732
3327
3470
2872
1564
131
-298
319
801
442
-629
-1716
-2390
-2561
-2067
-1421
-1562
-2561
-3610
-3988
-3534
-2656
-2030
-2185
-2981
-3563
-3233
-2124
-1148
-957
-1258
-1606
-1702
-1137
-140
586
627
94
-282
22
666
1277
1534
1239
708
363
556
1082
1310
1043
761
568
488
555
670
797
734
467
307
378
462
915
1925
2719
2162
589
-124
951
2552
2820
1659
368
-280
-262
526
1564
1595
70
-1792
-2249
-1214
14
327
-551
-2250
-3652
-3624
-2352
-1227
-1414
-2596
-3651
-3845
-3007
-1511
-493
-804
-1818
-2291
-1699
-469
790
1456
1303
627
432
1458
2932
3740
3587
2919
2424
2600
3513
4737
4851
3657
2556
2326
2840
3255
3047
2420
1379
101
-434
-107
301
-79
-1235
-2215
-2749
-2781
-2313
-1956
-2279
-3155
-3994
-4064
-3470
-2845
-2433
-2514
-3054
-3401
-2983
-1951
-1072
-905
-1099
-1249
-1295
-877
-24
692
852
524
196
356
885
1405
1670
1539
1110
860
1065
1224
1287
1235
1062
854
680
638
832
944
763
628
560
576
706
1427
2314
2295
927
-305
291
2009
2845
1910
391
-446
-399
204
1288
1801
727
-1284
-2551
-1994
-410
642
122
-1788
-3787
-4305
-2952
-1186
-739
-1924
-3651
-4624
-3909
-1803
-72
-257
-1907
-3029
-2509
-906
640
1537
1420
423
-234
639
2612
4030
3967
3015
2235
2254
3267
4666
5178
4145
2663
2101
2665
3399
3475
2881
1883
692
-78
21
426
366
-443
-1451
-2207
-2471
-2202
-1842
-1935
-2550
-3276
-3596
-3490
-3272
-2850
-2488
-2611
-2985
-3043
-2538
-1824
-1385
-1155
-969
-1022
-1080
-760
-100
450
617
579
577
534
505
821
1326
1490
1232
792
442
555
820
1164
1327
798
238
171
411
738
773
578
607
392
391
1478
2640
2572
916
-556
246
2296
2947
1916
398
-566
-520
236
1507
2037
650
-1618
-2712
-2006
-215
843
112
-1975
-4126
-4328
-2604
-962
-769
-2036
-3749
-4517
-3700
-1525
305
-136
-1925
-2869
-2117
-396
1067
1720
1590
683
103
1199
3163
4395
4142
3087
2541
2859
3739
4933
5106
3941
2703
2320
2978
3475
3176
2558
1541
256
-305
34
577
136
-1216
-2204
-2682
-2769
-2426
-2125
-2405
-3275
-4111
-4076
-3579
-3263
-3071
-3030
-3205
-3413
-3108
-2287
-1609
-1544
-1548
-1295
-1116
-885
-426
104
391
326
326
704
850
790
978
1231
1371
1177
897
874
794
815
1251
1330
954
566
394
769
941
753
835
1074
922
754
1462
2712
2976
1464
-89
279
2084
3013
2297
892
-139
-413
87
1276
1957
919
-1174
-2460
-2021
-526
456
-25
-1903
-3897
-4249
-2957
-1443
-1132
-2233
-3604
-4357
-3808
-1824
-67
-264
-1773
-2746
-2154
-601
735
1549
1639
824
234
1042
2764
3979
3917
3114
2583
2627
3288
4497
4852
3798
2506
2113
2669
3088
2775
2136
1238
172
-382
-179
266
-202
-1396
-2103
-2414
-2496
-2259
-2110
-2371
-3056
-3697
-3503
-3019
-2904
-2803
-2703
-2684
-2706
-2493
-1866
-1302
-1267
-1161
-790
-664
-627
-348
159
632
686
612
728
746
753
1071
1413
1359
1001
668
669
674
713
976
1061
762
268
193
440
654
731
887
893
670
1228
2329
2636
1373
-21
347
1942
2611
1873
753
-186
-510
-93
1135
1837
652
-1474
-2609
-2087
-689
356
-51
-1872
-3986
-4486
-2991
-1303
-950
-1975
-3460
-4410
-3817
-1766
220
255
-1431
-2588
-2039
-417
1158
1969
1827
1044
542
1361
3101
4229
4145
3388
2786
2880
3628
4707
4825
3749
2587
2203
2715
3137
2805
2047
1083
-26
-392
-130
55
-394
-1450
-2168
-2423
-2387
-2220
-2249
-2680
-3276
-3629
-3404
-2922
-2866
-3113
-3252
-3027
-2544
-2007
-1676
-1710
-1861
-1628
-1018
-440
-135
-177
-243
-106
212
746
1244
1068
511
245
518
1022
1329
1255
878
377
34
321
867
1240
1000
353
-35
146
840
1529
1802
2101
2264
1616
607
254
1409
2847
2667
1210
7
-299
68
836
1593
1466
-136
-1999
-2337
-1221
-8
222
-836
-2659
-3979
-3759
-2233
-1106
-1448
-2634
-3672
-3785
-2775
-1153
-126
-591
-1717
-2003
-1166
227
1473
1934
1559
905
1036
2447
3847
4114
3712
3283
3174
3515
4055
4557
4292
3222
2639
2728
2783
2508
1928
1485
946
158
-375
-682
-964
-1344
-1693
-1912
-2309
-2880
-3109
-3101
-3010
-2923
-3110
-3398
-3703
-3702
-3098
-2479
-2386
-2486
-2405
-2113
-1634
-1193
-782
-503
-675
-753
-333
164
499
654
636
573
473
498
866
1125
976
709
573
638
685
807
795
534
394
498
787
818
597
640
971
1083
1526
2508
3036
2219
610
299
1789
3172
2953
1724
464
-200
-17
981
1999
1553
-341
-1982
-2124
-1165
-138
-7
-1169
-3142
-4422
-3839
-2291
-1400
-1949
-3264
-4232
-4184
-2872
-1030
-305
-1217
-2368
-2376
-1062
575
1562
1759
1189
617
1242
2944
4328
4481
3694
3023
3257
3867
4689
4954
4054
2787
2258
2657
3016
2657
1699
836
62
-438
-581
-570
-941
-1784
-2267
-2284
-2300
-2620
-2943
-3084
-3125
-3184
-3104
-3044
-3194
-3232
-2870
-2240
-1895
-1938
-2034
-1750
-1204
-537
76
204
-198
-512
-196
506
1163
1371
1075
466
-18
164
1031
1705
1404
597
-81
-190
199
675
994
718
-88
-593
-335
562
1432
1604
1721
1878
1615
998
596
1284
2508
2638
1583
543
145
387
833
1372
1577
585
-1124
-2045
-1587
-386
351
-299
-2040
-3773
-4171
-2923
-1568
-1378
-2264
-3590
-4324
-3717
-2038
-418
-331
-1668
-2526
-2068
-654
986
1967
1950
1091
446
1411
3423
4753
4721
3763
3051
3123
3998
5168
5454
4404
2882
2269
2679
3086
2990
2415
1312
45
-716
-568
-85
-355
-1399
-2430
-2981
-2971
-2609
-2368
-2604
-3311
-3938
-3909
-3345
-2811
-2586
-2706
-3029
-3058
-2497
-1575
-959
-949
-1176
-1174
-779
-199
372
614
251
-149
-44
517
1068
1092
654
244
109
250
766
997
915
453
-226
-538
-451
-74
182
393
401
663
1123
1660
1924
1395
737
774
1730
2382
2052
1164
639
619
942
1469
1744
1215
-162
-1044
-709
238
683
227
-1133
-2594
-3085
-2408
-1269
-1082
-2011
-3125
-3559
-3149
-1863
-624
-605
-1593
-2486
-2090
-672
611
1193
1180
737
592
1459
2883
3854
3742
3192
3092
3477
3957
4329
4390
3876
3181
2902
3091
3052
2517
1805
1200
601
-101
-453
-588
-996
-1623
-2144
-2489
-2803
-3147
-3234
-3126
-3334
-3643
-3719
-3636
-3487
-3345
-3057
-2788
-2732
-2586
-2113
-1582
-1291
-1066
-717
-384
-195
106
481
695
682
590
782
1032
1024
1000
934
852
800
887
1058
991
628
264
180
190
89
-46
106
337
826
1657
2205
1787
485
-180
800
2391
2807
1899
540
-305
-160
1007
2505
2713
965
-1283
-1907
-696
1093
1827
713
-1680
-3726
-3721
-1916
-315
-433
-2043
-3903
-4594
-3509
-1315
164
-550
-2420
-3392
-2615
-745
910
1512
886
-232
-355
1255
3264
4072
3462
2557
2438
3017
4033
4758
4625
3659
2715
2724
3351
3583
3083
2180
1203
526
200
275
173
-605
-1562
-2093
-2146
-2177
-2429
-2825
-3219
-3563
-3601
-3365
-3233
-3401
-3588
-3458
-3134
-2737
-2311
-1864
-1694
-1704
-1437
-825
-242
-29
75
262
396
517
768
1110
1301
1238
1125
1097
993
898
1063
1144
1019
662
357
204
-37
-261
-163
269
601
1193
1697
1524
472
-465
15
1545
2375
1668
355
-668
-728
156
1595
2325
1337
-662
-1932
-1353
354
1716
1573
-283
-2714
-3612
-2361
-433
341
-703
-2533
-3799
-3535
-1685
395
650
-1089
-2834
-2901
-1311
604
1614
1297
143
-651
255
2383
3857
3722
2556
1778
2217
3404
4511
4791
3806
2512
2136
2748
3534
3509
2614
1512
591
192
384
619
198
-879
-1820
-2138
-2132
-2129
-2287
-2676
-3187
-3648
-3699
-3436
-3408
-3485
-3445
-3366
-3261
-2999
-2504
-1959
-1772
-1783
-1472
-958
-552
-185
249
514
466
359
511
1098
1616
1725
1528
1173
864
1022
1501
1717
1561
995
464
168
92
130
488
702
825
1380
1700
1258
110
-545
211
1568
1778
886
-316
-1195
-1078
18
1544
1895
391
-1667
-2339
-1225
628
1695
995
-1139
-3192
-3262
-1535
162
324
-1010
-2707
-3438
-2521
-440
1138
561
-1300
-2441
-1880
-224
1258
1749
1164
47
-301
1092
3071
3914
3189
1967
1586
2331
3586
4466
4227
2878
1707
1778
2774
3498
3159
1949
591
-196
-107
566
800
-80
-1466
-2326
-2319
-1869
-1579
-1857
-2744
-3726
-4046
-3483
-2756
-2635
-3223
-3870
-4079
-3639
-2561
-1572
-1347
-1882
-2423
-2142
-1066
80
716
602
-83
-508
-107
1025
2057
2247
1716
1048
766
1250
2113
2629
2368
1505
692
435
665
1134
1609
1573
1506
1631
1630
1057
209
-21
721
1390
1032
7
-1112
-1626
-1328
-284
679
438
-1080
-2592
-2761
-1557
50
676
-295
-2329
-3685
-3155
-1425
-105
-229
-1439
-2673
-2876
-1644
383
1421
612
-929
-1590
-774
785
1986
2176
1415
408
523
1985
3526
3904
3058
1980
1672
2415
3588
4223
3558
2169
1356
1721
2613
3113
2748
1543
187
-448
-18
780
850
-133
-1345
-2038
-1996
-1412
-958
-1295
-2340
-3334
-3545
-2967
-2380
-2259
-2601
-3236
-3669
-3395
-2529
-1708
-1516
-1922
-2347
-2310
-1714
-815
-84
79
-307
-648
-514
65
890
1467
1473
1011
623
755
1454
1978
1974
1589
1064
749
898
1511
2312
3084
3140
2365
989
14
339
1570
2217
1594
117
-1384
-1944
-1411
-72
790
52
-1950
-3482
-3412
-1983
-372
77
-1137
-3271
-4449
-3668
-1667
-285
-522
-1863
-3031
-2888
-1190
924
1710
867
-448
-772
186
1677
2794
2933
2060
1198
1546
2916
4142
4231
3332
2324
1955
2538
3710
4252
3365
1754
834
1267
2309
2893
2509
1234
-260
-943
-421
581
780
-177
-1553
-2397
-2260
-1406
-713
-984
-2149
-3291
-3520
-2933
-2167
-1871
-2275
-3089
-3644
-3350
-2431
-1714
-1648
-1977
-2328
-2328
-1916
-1261
-715
-679
-942
-922
-549
-167
111
240
342
546
810
1115
1328
1267
1159
1225
1352
1479
1711
1975
2624
3557
3947
3087
1442
512
1191
2484
2789
1924
352
-1147
-1725
-846
717
1134
-470
-2836
-3976
-3290
-1542
-176
-409
-2430
-4656
-5029
-3346
-1292
-579
-1490
-3012
-3769
-2822
-449
1484
1416
-15
-993
-499
1107
2791
3586
3067
1839
1461
2665
4333
4935
4230
3090
2374
2538
3441
4251
3903
2404
1054
976
1804
2461
2357
1419
71
-904
-870
-42
449
-159
-1357
-2224
-2346
-1858
-1308
-1275
-1976
-2933
-3339
-2950
-2338
-2099
-2327
-2764
-3106
-3013
-2454
-1864
-1708
-1998
-2247
-2066
-1637
-1237
-978
-1007
-1196
-1188
-821
-248
62
59
14
144
475
896
1263
1338
1123
949
1199
1584
1947
2265
2915
3889
4268
3444
2026
1315
1889
3025
3385
2619
1015
-568
-1143
-319
1136
1484
-78
-2498
-3934
-3533
-1791
-385
-676
-2761
-5077
-5578
-4038
-2002
-1169
-2059
-3832
-4792
-3779
-1193
887
810
-739
-1893
-1415
442
2503
3487
2840
1412
1050
2463
4470
5400
4671
3198
2186
2380
3671
4884
4652
2979
1193
720
1603
2737
3076
2162
399
-1016
-1118
-50
962
807
-436
-1870
-2532
-2055
-973
-312
-795
-2073
-3093
-3160
-2415
-1529
-1249
-1803
-2746
-3191
-2672
-1689
-1086
-1240
-1818
-2260
-2141
-1492
-755
-515
-879
-1366
-1423
-1017
-484
-44
119
69
-96
-78
208
557
717
774
828
878
1065
1739
3079
4090
3756
2202
964
1090
2223
3136
3155
2028
145
-1270
-1076
558
1776
1213
-884
-2975
-3804
-2766
-787
229
-1046
-3697
-5389
-4951
-3065
-1342
-915
-2170
-4061
-4664
-2920
-190
1237
681
-767
-1571
-1019
849
2963
3798
2801
1409
1396
2989
4801
5386
4606
3121
2101
2453
3841
4826
4367
2750
1328
1046
1818
2906
3175
2037
208
-947
-708
320
944
574
-597
-1874
-2410
-1881
-933
-619
-1328
-2452
-3146
-3060
-2437
-1879
-1881
-2470
-3084
-3137
-2637
-2093
-1928
-2129
-2380
-2350
-1956
-1469
-1271
-1435
-1585
-1345
-833
-403
-241
-302
-332
-152
292
791
873
520
239
402
1057
1829
2694
3649
3940
3079
1713
1152
1954
3074
3338
2681
1359
-45
-738
-159
1244
1867
781
-1187
-2706
-2932
-1813
-341
82
-1334
-3567
-4650
-3941
-2447
-1322
-1243
-2212
-3467
-3746
-2350
-404
445
-27
-828
-1094
-516
730
2091
2598
1971
1300
1657
2892
3896
3960
3211
2293
1917
2502
3460
3735
2879
1641
1107
1448
2211
2740
2543
1540
294
-327
171
1065
1367
725
-413
-1253
-1372
-866
-308
-315
-1030
-1901
-2379
-2272
-1887
-1684
-1901
-2445
-2867
-2853
-2440
-2109
-2134
-2349
-2444
-2315
-2009
-1713
-1600
-1687
-1831
-1610
-1037
-527
-397
-478
-430
-113
318
692
870
744
541
590
1090
2095
3553
4679
4350
2475
693
727
2328
3626
3533
2213
272
-1342
-1432
193
1865
1637
-451
-2631
-3562
-2813
-941
511
-183
-2782
-4915
-4742
-2937
-1258
-681
-1398
-2889
-3800
-2796
-526
864
399
-787
-1282
-704
617
2081
2742
1995
864
988
2616
4192
4345
3126
1581
824
1497
3129
4115
3232
1134
-243
132
1624
2901
3052
1901
128
-894
-183
1515
2424
1672
54
-1081
-1094
-224
776
969
-74
-1567
-2202
-1585
-599
-346
-1082
-2196
-2949
-2846
-2010
-1327
-1577
-2552
-3277
-3064
-2226
-1528
-1418
-1958
-2663
-2728
-1853
-669
-141
-491
-1048
-1195
-752
156
987
1159
588
-42
83
1120
2746
4386
4938
3636
1351
197
1291
3266
4068
3097
1057
-962
-1810
-875
1029
1901
622
-1790
-3581
-3707
-2202
-242
363
-1270
-3824
-4956
-3969
-2176
-927
-778
-1690
-2911
-3057
-1499
447
989
178
-584
-510
295
1461
2479
2588
1746
1248
2087
3493
4045
3348
2139
1317
1344
2245
3264
3157
1724
235
-10
954
2085
2547
2058
762
-469
-499
723
1918
1878
762
-365
-777
-428
358
940
667
-387
-1338
-1475
-1009
-653
-779
-1318
-2005
-2427
-2317
-1964
-1959
-2422
-2818
-2720
-2382
-2217
-2279
-2455
-2629
-2580
-2065
-1269
-821
-976
-1274
-1201
-692
-51
434
604
410
149
420
1624
3503
4938
4676
2729
739
592
2338
4127
4274
2601
175
-1530
-1471
214
1927
1834
-265
-2892
-4222
-3332
-997
648
-161
-2924
-5102
-4913
-3000
-1124
-445
-1165
-2651
-3495
-2445
-102
1423
1044
-301
-1058
-517
1045
2732
3297
2313
1098
1275
2748
3970
3871
2749
1481
857
1392
2661
3285
2373
664
-280
136
1255
2142
2118
1041
-344
-826
27
1277
1714
1109
119
-509
-407
275
908
827
70
-624
-715
-388
-185
-406
-968
-1543
-1732
-1450
-1140
-1345
-2115
-2864
-2995
-2500
-1927
-1871
-2435
-3111
-3270
-2717
-1831
-1243
-1246
-1636
-1903
-1605
-755
170
580
266
-287
-294
725
2673
4675
5294
3666
858
-574
865
3880
5689
4547
1097
-2156
-2713
-172
3044
3877
1538
-2125
-4552
-4265
-1515
1583
2107
-925
-5011
-6552
-4498
-1025
1002
313
-2288
-4467
-4010
-1039
1834
2249
482
-1369
-1698
-275
2021
3566
3116
1278
191
1116
3057
4091
3345
1493
31
177
1755
3126
2763
947
-638
-769
370
1776
2406
1674
-42
-1386
-1155
404
1813
1886
734
-584
-1031
-304
968
1660
1139
-71
-819
-555
230
702
470
-312
-1157
-1489
-1103
-501
-478
-1244
-2203
-2599
-2251
-1649
-1475
-1993
-2780
-3080
-2581
-1730
-1240
-1387
-1851
-2078
-1729
-894
-61
223
-126
-602
-586
156
1466
2899
3677
3077
1356
-60
166
1862
3513
3686
2136
-57
-1257
-574
1232
2415
1928
221
-1497
-2238
-1648
-233
735
220
-1448
-2883
-3086
-2196
-1027
-413
-775
-1716
-2163
-1497
-357
177
-90
-468
-402
75
699
1129
1076
717
688
1283
1989
2121
1598
850
379
539
1281
1939
1787
904
113
29
538
1174
1552
1450
884
258
76
434
954
1212
1110
787
444
284
431
787
1034
932
582
261
91
-31
-176
-293
-365
-476
-700
-1022
-1376
-1669
-1769
-1649
-1503
-1607
-2021
-2499
-2684
-2411
-1876
-1496
-1539
-1876
-2089
-1832
-1141
-411
-108
-382
-885
-1037
-517
412
1124
1165
633
74
-10
493
1299
1911
1882
1144
230
-90
465
1384
1874
1549
675
-64
-85
592
1291
1334
734
90
-116
128
534
739
475
-147
-618
-543
-113
140
-66
-533
-850
-697
-98
470
456
-136
-696
-687
-204
232
243
-174
-722
-1017
-853
-405
-87
-169
-541
-853
-822
-442
49
337
317
169
162
376
693
967
1116
1108
996
940
1055
1256
1376
1406
1456
1515
1477
1343
1226
1142
1020
865
742
616
388
63
-264
-543
-761
-889
-957
-1092
-1377
-1701
-1878
-1871
-1785
-1713
-1685
-1694
-1687
-1599
-1403
-1179
-1051
-1050
-1083
-1008
-758
-404
-102
14
-68
-203
-224
-91
114
294
384
323
170
120
306
599
741
643
431
291
356
641
945
966
641
276
211
441
708
810
727
533
338
278
430
682
802
671
413
244
278
463
623
593
378
160
69
18
-116
-287
-371
-394
-482
-657
-819
-891
-893
-890
-915
-943
-916
-812
-669
-548
-467
-384
-252
-58
133
246
274
306
444
663
823
841
802
859
1040
1224
1279
1182
1020
949
1020
1106
1033
762
412
123
-34
-60
-39
-118
-374
-712
-939
-952
-813
-704
-759
-947
-1073
-971
-696
-472
-472
-657
-825
-783
-504
-156
24
-78
-353
-554
-514
-291
-87
-66
-213
-380
-442
-373
-221
-78
-34
-121
-245
-278
-189
-55
56
134
164
126
57
46
116
213
295
367
396
343
275
332
542
780
910
882
723
534
459
586
826
955
803
398
-19
-170
6
266
280
-63
-568
-929
-973
-766
-531
-481
-652
-896
-999
-853
-559
-330
-290
-359
-372
-260
-70
110
226
266
274
319
434
604
789
922
929
845
806
905
1067
1144
1075
902
702
531
416
335
237
104
-26
-125
-204
-279
-357
-446
-533
-565
-506
-392
-314
-333
-442
-569
-605
-478
-238
-43
-41
-229
-463
-588
-554
-431
-332
-326
-418
-554
-645
-627
-518
-398
-336
-355
-428
-507
-541
-510
-428
-332
-272
-263
-275
-253
-183
-96
-31
14
38
44
63
159
357
582
735
763
714
677
711
828
986
1088
1032
811
567
479
591
736
699
448
147
-14
-16
9
-53
-191
-314
-364
-364
-355
-350
-368
-411
-447
-434
-371
-311
-289
-299
-297
-256
-182
-104
-40
36
143
260
340
349
313
287
316
395
472
486
412
278
135
34
10
44
77
42
-70
-194
-266
-263
-213
-166
-151
-153
-145
-130
-130
-136
-115
-49
31
85
100
85
44
-26
-114
-167
-129
-14
80
52
-103
-278
-355
-297
-162
-67
-108
-295
-523
-627
-537
-351
-247
-315
-481
-589
-554
-404
-244
-173
-224
-326
-352
-221
17
227
310
283
254
323
483
638
699
657
579
536
551
603
640
609
500
380
323
341
367
325
209
80
-6
-39
-38
-35
-64
-152
-281
-371
-361
-285
-232
-247
-307
-363
-390
-376
-330
-267
-206
-144
-59
41
115
130
104
104
177
301
386
365
247
100
7
23
125
214
191
42
-138
-232
-211
-127
-59
-44
-74
-114
-126
-98
-37
36
107
158
172
141
86
61
100
194
289
331
302
210
104
58
120
245
310
229
29
-184
-289
-243
-116
-48
-130
-335
-544
-638
-594
-491
-440
-498
-614
-695
-676
-564
-433
-358
-354
-356
-281
-121
37
107
86
61
113
245
376
425
376
291
267
350
487
562
509
378
295
333
438
487
417
271
142
82
75
72
40
-17
-87
-169
-244
-293
-295
-256
-212
-196
-222
-271
-288
-231
-108
32
126
139
85
28
32
120
245
319
292
180
65
26
80
175
223
171
38
-98
-143
-74
44
98
28
-113
-202
-157
-7
132
158
62
-64
-103
-6
177
323
340
238
103
41
114
279
422
437
310
130
24
53
166
237
174
-3
-190
-291
-290
-265
-294
-401
-544
-643
-656
-609
-567
-588
-656
-710
-689
-587
-457
-370
-350
-362
-343
-265
-152
-58
-8
21
63
132
206
252
267
267
287
344
431
501
502
428
335
302
345
400
381
277
164
119
135
146
86
-32
-128
-133
-56
30
45
-33
-137
-176
-99
64
213
258
189
76
33
109
254
361
355
247
118
50
68
132
170
128
16
-97
-145
-116
-63
-52
-99
-163
-186
-157
-107
-73
-63
-66
-71
-71
-59
-19
42
98
115
88
60
77
146
229
269
243
185
150
163
193
195
149
73
-1
-65
-128
-197
-267
-327
-378
-431
-494
-564
-620
-639
-620
-580
-546
-535
-539
-536
-492
-393
-266
-162
-120
-128
-132
-75
48
187
276
282
230
188
223
338
466
523
469
346
253
258
347
431
423
308
153
49
42
105
159
142
51
-59
-111
-80
2
65
69
29
-1
22
89
157
184
168
136
123
143
178
190
158
90
24
-4
6
23
4
-61
-137
-194
-209
-195
-175
-170
-183
-201
-213
-211
-181
-133
-79
-43
-36
-40
-29
22
97
162
189
186
187
226
297
364
385
352
301
272
290
328
342
293
183
50
-51
-93
-88
-91
-148
-267
-408
-513
-546
-512
-460
-434
-457
-510
-548
-546
-488
-393
-298
-233
-214
-224
-231
-198
-119
-16
59
74
35
-13
-22
27
112
175
171
107
27
-6
28
102
152
126
34
-56
-81
-17
88
150
122
38
-22
12
131
260
314
276
203
184
261
394
487
477
379
276
249
307
385
393
299
155
50
33
75
94
34
-89
-208
-255
-225
-169
-155
-212
-294
-331
-283
-183
-100
-87
-126
-146
-99
15
130
184
159
110
111
190
311
389
373
281
189
169
227
302
315
232
94
-27
-82
-86
-83
-115
-193
-290
-380
-450
-498
-518
-504
-469
-439
-444
-488
-535
-533
-451
-316
-197
-157
-198
-261
-269
-187
-50
60
77
12
-70
-90
-26
74
137
121
45
-23
-27
34
106
125
81
4
-37
-4
77
150
161
117
71
83
173
294
375
375
322
287
330
440
549
581
511
395
320
333
399
438
386
248
97
6
-4
18
7
-69
-186
-280
-319
-306
-290
-304
-341
-369
-356
-309
-261
-236
-239
-225
-170
-73
25
77
78
56
69
138
235
311
328
285
223
183
186
219
247
236
177
90
7
-48
-70
-72
-76
-106
-163
-228
-286
-322
-327
-308
-282
-265
-273
-298
-322
-318
-275
-208
-151
-129
-147
-174
-172
-131
-64
-13
-5
-35
-72
-79
-54
-17
4
-4
-38
-65
-66
-45
-26
-24
-42
-62
-61
-28
20
59
73
64
63
97
171
264
331
348
323
301
324
401
490
533
496
399
304
270
303
350
345
248
98
-36
-98
-90
-68
-94
-183
-302
-393
-418
-392
-353
-342
-363
-391
-393
-356
-295
-230
-180
-138
-93
-35
26
76
114
150
194
248
301
333
336
313
285
275
286
304
308
286
231
162
99
69
74
96
99
57
-28
-121
-177
-172
-119
-63
-58
-109
-191
-241
-223
-148
-62
-21
-41
-102
-152
-158
-121
-73
-53
-78
-128
-178
-204
-209
-213
-227
-254
-288
-314
-334
-350
-366
-380
-385
-375
-360
-342
-327
-305
-264
-207
-137
-73
-22
29
88
161
244
323
381
419
444
463
483
503
514
511
492
461
418
368
318
271
233
196
158
118
70
22
-18
-44
-56
-61
-58
-54
-50
-48
-49
-39
-17
15
53
91
127
149
162
173
189
213
233
250
260
262
249
218
180
139
105
89
81
65
16
-70
-167
-240
-261
-242
-218
-239
-319
-426
-500
-497
-419
-329
-296
-340
-429
-478
-436
-312
-182
-123
-165
-255
-301
-256
-134
-23
-7
-89
-204
-257
-207
-101
-32
-59
-166
-274
-299
-230
-128
-78
-114
-198
-255
-229
-128
-21
33
23
-4
11
89
197
284
319
319
332
390
484
559
584
557
521
531
584
648
665
606
506
414
385
408
431
404
306
171
64
24
44
65
39
-40
-140
-204
-208
-169
-132
-137
-176
-219
-228
-192
-134
-94
-93
-110
-119
-98
-56
-19
-7
-24
-48
-53
-38
-19
-22
-48
-85
-113
-121
-123
-134
-160
-198
-228
-241
-247
-255
-271
-286
-286
-269
-247
-242
-251
-257
-240
-186
-122
-81
-82
-111
-123
-87
-9
61
80
38
-24
-49
-7
68
116
96
18
-53
-67
-17
52
78
33
-44
-94
-77
-9
58
75
40
-6
-13
36
113
169
184
164
149
172
225
286
324
319
294
274
282
318
345
342
303
248
209
200
205
199
160
100
39
-3
-17
-18
-28
-58
-103
-144
-167
-166
-159
-159
-167
-180
-181
-172
-163
-157
-160
-158
-138
-107
-80
-71
-83
-99
-98
-66
-21
8
1
-33
-60
-61
-34
-1
8
-13
-45
-63
-53
-28
-17
-27
-44
-46
-25
7
24
13
-14
-25
1
49
87
86
50
8
-4
24
70
93
73
23
-22
-27
2
36
39
7
-42
-73
-71
-45
-27
-37
-72
-111
-124
-112
-88
-72
-77
-91
-105
-103
-82
-57
-37
-29
-28
-24
-8
17
41
58
66
73
83
100
119
131
134
127
121
117
122
128
129
116
94
74
59
53
53
47
31
13
-4
-15
-15
-10
-6
-6
-8
-10
-10
-4
5
15
23
27
28
27
28
31
36
39
36
29
20
13
11
13
10
1
-13
-25
-30
-27
-24
-26
-36
-52
-59
-59
-54
-48
-49
-60
-70
-74
-69
-62
-56
-55
-60
-65
-68
-65
-60
-57
-54
-55
-57
-63
-69
-73
-72
-65
-61
-60
-66
-79
-89
-85
-70
-54
-49
-57
-73
-81
-70
-41
-11
4
2
-7
-10
6
38
71
91
97
95
98
106
122
140
153
161
159
152
143
134
131
131
133
134
128
110
88
73
72
82
89
81
59
31
16
17
28
36
30
9
-12
-23
-19
-3
5
0
-16
-32
-38
-31
-21
-15
-21
-34
-45
-49
-47
-43
-43
-51
-65
-79
-81
-74
-69
-69
-83
-98
-106
-102
-87
-79
-80
-88
-95
-91
-75
-57
-42
-38
-39
-37
-27
-8
10
21
24
22
23
31
42
47
45
39
31
27
27
28
24
15
9
5
4
5
2
-5
-10
-13
-9
-6
-5
-5
-6
-5
1
9
15
19
19
21
27
35
44
49
50
50
54
56
59
62
62
58
56
54
52
49
43
35
28
25
21
16
8
-3
-13
-17
-20
-20
-25
-32
-38
-42
-41
-38
-37
-37
-40
-40
-37
-33
-28
-25
-23
-21
-17
-13
-11
-9
-9
-10
-11
-9
-9
-12
-15
-19
-19
-21
-23
-22
-23
-24
-23
-24
-22
-18
-16
-9
-3
2
6
8
13
17
23
29
32
34
31
31
34
34
36
35
32
29
23
20
17
15
12
6
1
-3
-7
-12
-15
-15
-17
-19
-19
-24
-28
-27
-24
-21
-17
-18
-21
-21
-20
-19
-13
-8
-8
-8
-11
-11
-13
-12
-8
-3
-3
-4
-9
-11
-12
-10
-7
-4
-1
-4
-6
-5
-5
2
7
13
14
16
18
20
24
31
34
37
40
41
42
44
44
44
44
45
41
39
35
30
29
25
21
15
10
6
-1
-6
-8
-12
-17
-21
-25
-29
-31
-32
-35
-35
-37
-36
-38
-38
-35
-33
-31
-32
-31
-31
-26
-24
-23
-23
-23
-22
-22
-21
-19
-21
-22
-26
-27
-25
-29
-33
-35
-37
-40
-39
-39
-40
-39
-40
-40
-43
-38
-30
-25
-20
-15
-10
-3
5
15
26
35
39
47
57
62
71
76
78
78
80
83
85
82
77
70
66
63
60
57
51
45
39
31
28
27
26
22
18
14
11
9
10
10
10
9
8
11
11
9
8
6
8
6
5
3
0
-4
-7
-8
-11
-14
-19
-25
-30
-35
-38
-41
-45
-48
-52
-56
-59
-61
-60
-59
-58
-57
-55
-53
-49
-45
-39
-34
-31
-28
-24
-21
-13
-6
-1
3
2
4
6
9
12
15
14
11
10
7
5
4
2
1
-1
-3
-4
-9
-12
-12
-12
-11
-9
-7
-6
-3
-1
3
9
16
21
26
29
34
39
41
46
50
52
52
53
54
52
50
47
44
39
36
32
28
23
16
10
5
3
0
-2
-4
-9
-13
-13
-13
-11
-10
-11
-11
-13
-12
-11
-9
-8
-8
-9
-10
-11
-12
-13
-15
-17
-21
-23
-25
-27
-28
-30
-30
-31
-30
-30
-29
-29
-29
-28
-25
-21
-17
-16
-13
-9
-8
-4
2
6
11
16
19
23
28
31
32
31
29
30
30
29
28
25
19
14
9
7
3
-1
-6
-10
-14
-18
-21
-23
-24
-25
-26
-25
-24
-24
-22
-20
-18
-16
-11
-8
-4
-1
4
5
7
9
12
13
14
16
14
15
13
14
15
15
16
12
8
6
5
5
3
3
2
-1
-1
-2
-3
-2
-3
-5
-4
-4
-4
-2
-3
-2
0
1
1
2
2
3
3
5
5
4
3
1
1
1
3
4
5
5
3
2
2
4
6
5
5
6
6
9
8
9
10
9
8
8
7
7
7
5
6
4
3
1
0
-3
-5
-7
-9
-8
-8
-10
-11
-15
-17
-18
-18
-16
-15
-19
-21
-22
-21
-19
-18
-19
-20
-20
-19
-18
-16
-15
-12
-11
-6
-6
-5
-1
1
3
4
5
5
4
6
10
12
13
13
11
10
12
15
16
13
12
12
14
15
29
36
30
27
25
36
54
55
53
47
44
49
51
48
43
36
28
24
28
33
31
27
8
-21
-36
-42
-47
-41
-34
-48
-61
-67
-80
-43
-15
-9
120
271
48
-517
-816
-586
-139
27
-179
-408
-393
-196
10
88
-79
-275
-213
-2
213
420
373
-63
-672
-1012
-626
82
435
272
-17
-131
-110
95
360
301
-70
-261
77
649
955
850
338
-251
-452
-42
718
1087
820
366
24
-75
111
390
380
-15
-294
-78
354
575
373
-153
-630
-722
-409
-38
47
-128
-400
-622
-604
-341
-38
92
-41
-265
-366
-298
-115
48
31
-163
-257
-19
349
496
362
107
-55
-39
100
323
482
397
140
-78
-145
-54
162
340
287
74
-66
-29
42
-6
-117
-149
-95
-6
86
120
10
-218
-372
-336
-180
-5
97
67
-81
-272
-379
-294
-73
102
143
99
6
-83
-87
-43
-36
-24
44
118
121
84
78
78
30
-25
15
160
256
213
88
-34
-98
-58
61
158
160
65
-44
-106
-119
-99
-56
-22
-28
-58
-72
-64
-77
-101
-93
-62
-43
-41
-45
-59
-86
-112
-97
-62
-32
6
38
25
-13
-17
10
35
51
73
92
77
47
34
30
26
35
52
61
50
33
27
16
7
15
30
40
36
21
13
9
6
4
2
1
-2
0
2
4
-2
-11
-10
-10
-6
-2
0
-3
-6
-6
-6
-7
-8
-8
-9
-7
-5
-2
0
1
-1
-5
-4
-1
5
6
5
3
3
3
6
8
4
1
1
5
8
11
8
2
-3
-5
-1
5
9
8
4
-2
-4
-2
-3
-6
-11
-12
-12
-8
-8
-8
-13
-17
-15
-9
-4
-5
-8
-9
-7
-6
-7
-7
-7
-8
-5
-3
-3
0
0
1
-1
-1
0
3
6
8
9
8
8
6
6
8
9
11
11
12
13
13
12
10
7
10
13
19
20
15
10
9
10
10
10
9
7
5
4
4
0
0
