3
2
2
3
3
2
0
-1
0
0
-1
-5
-7
-8
-7
-8
-9
-8
-7
-5
-4
-6
-6
-6
-4
-1
1
2
3
0
-1
-3
-7
-7
-8
-8
-5
-3
1
4
8
11
11
11
7
6
5
3
1
-1
-4
-3
-4
-4
-5
-4
-1
1
1
2
4
5
3
1
1
0
-5
-6
-6
-4
-4
-3
-3
-2
1
0
-2
0
-1
-2
-1
-1
1
3
2
4
4
5
5
4
8
10
13
14
15
20
26
28
28
29
28
31
27
18
8
0
-10
-21
-24
-19
-12
-6
5
22
38
48
48
53
53
39
23
3
-11
-30
-45
-56
-56
-50
-43
-23
13
63
109
173
248
320
391
435
491
554
545
497
405
293
158
-48
-284
-517
-726
-991
-1240
-1381
-1479
-1503
-1565
-1594
-1447
-1274
-1094
-924
-755
-523
-337
-208
-87
41
144
188
221
295
387
453
516
629
781
915
1013
1119
1249
1351
1390
1390
1392
1378
1304
1181
1056
952
836
695
567
486
436
388
350
348
370
376
355
325
291
229
122
-6
-134
-264
-396
-525
-627
-705
-769
-816
-842
-851
-854
-864
-874
-885
-896
-894
-867
-811
-716
-575
-369
-95
228
576
919
1238
1507
1680
1724
1635
1401
1009
468
-173
-852
-1540
-2206
-2796
-3244
-3518
-3622
-3554
-3313
-2933
-2477
-1985
-1483
-992
-554
-197
78
289
449
564
657
762
888
1042
1222
1440
1700
1987
2273
2535
2766
2946
3046
3051
2961
2773
2487
2111
1677
1218
756
314
-77
-381
-582
-684
-687
-591
-415
-195
36
260
452
577
609
556
433
245
-1
-279
-551
-794
-999
-1150
-1229
-1233
-1196
-1142
-1065
-968
-878
-823
-811
-824
-859
-922
-1000
-1069
-1117
-1144
-1148
-1108
-1010
-868
-704
-539
-375
-213
-51
95
211
307
408
530
666
822
1029
1298
1578
1803
1983
2140
2223
2145
1892
1529
1059
426
-339
-1094
-1766
-2411
-3041
-3521
-3733
-3743
-3646
-3409
-2964
-2389
-1841
-1345
-813
-259
171
412
570
748
899
960
994
1108
1294
1467
1629
1868
2197
2507
2709
2838
2955
3014
2931
2706
2400
2036
1571
1019
478
7
-408
-792
-1083
-1203
-1154
-993
-739
-379
52
474
830
1123
1351
1465
1407
1195
888
517
88
-378
-812
-1170
-1465
-1701
-1831
-1825
-1722
-1595
-1456
-1287
-1113
-989
-930
-901
-900
-965
-1087
-1207
-1285
-1347
-1404
-1410
-1337
-1202
-1030
-816
-556
-297
-75
119
282
409
494
563
633
711
833
1039
1313
1569
1783
2001
2211
2306
2212
1984
1662
1173
480
-282
-970
-1629
-2352
-3039
-3472
-3630
-3648
-3551
-3229
-2689
-2106
-1570
-996
-342
244
625
853
1062
1262
1373
1398
1428
1511
1597
1661
1779
2013
2299
2517
2658
2808
2978
3051
2949
2730
2449
2062
1524
922
369
-149
-680
-1163
-1455
-1523
-1450
-1272
-946
-474
42
506
913
1266
1485
1486
1291
982
588
87
-491
-1046
-1499
-1863
-2156
-2334
-2349
-2245
-2102
-1935
-1719
-1486
-1317
-1236
-1198
-1186
-1239
-1378
-1541
-1662
-1745
-1812
-1832
-1739
-1531
-1258
-933
-545
-117
277
599
879
1126
1288
1332
1318
1317
1332
1355
1441
1624
1838
2011
2180
2393
2565
2564
2381
2082
1652
1039
305
-420
-1125
-1884
-2628
-3173
-3449
-3564
-3556
-3342
-2913
-2394
-1871
-1291
-649
-70
332
609
860
1071
1183
1203
1216
1270
1340
1408
1523
1741
2020
2249
2406
2577
2772
2862
2753
2525
2249
1852
1276
626
35
-514
-1083
-1576
-1849
-1884
-1773
-1528
-1098
-504
129
708
1231
1672
1952
1996
1808
1461
997
409
-272
-947
-1521
-1983
-2350
-2575
-2612
-2509
-2352
-2151
-1875
-1575
-1363
-1262
-1204
-1175
-1243
-1420
-1610
-1752
-1875
-1982
-1988
-1831
-1559
-1243
-847
-333
241
751
1142
1475
1769
1953
1974
1907
1836
1736
1579
1468
1553
1790
1983
2097
2294
2594
2795
2754
2572
2307
1804
1004
129
-638
-1425
-2390
-3345
-3989
-4327
-4539
-4592
-4334
-3826
-3287
-2737
-2017
-1161
-423
76
458
848
1181
1369
1463
1561
1663
1706
1718
1829
2078
2336
2489
2586
2741
2918
2976
2878
2693
2424
1990
1391
782
254
-264
-817
-1303
-1579
-1640
-1550
-1318
-923
-413
108
582
1021
1404
1644
1651
1447
1109
680
153
-446
-1015
-1493
-1906
-2247
-2442
-2454
-2371
-2268
-2119
-1909
-1726
-1642
-1611
-1578
-1610
-1753
-1919
-2013
-2051
-2062
-1982
-1744
-1381
-968
-509
36
638
1203
1650
1973
2194
2305
2273
2107
1861
1582
1276
965
763
775
946
1148
1339
1630
2026
2363
2502
2469
2328
1961
1300
490
-266
-1024
-1961
-2950
-3682
-4059
-4284
-4413
-4248
-3746
-3137
-2580
-1915
-1054
-225
328
699
1075
1419
1579
1574
1583
1631
1613
1517
1490
1619
1786
1876
1915
2009
2152
2220
2158
2026
1860
1578
1146
680
286
-98
-558
-993
-1224
-1234
-1149
-985
-657
-173
326
772
1207
1615
1854
1838
1645
1370
991
460
-154
-728
-1218
-1654
-2024
-2261
-2347
-2350
-2324
-2255
-2136
-2016
-1953
-1940
-1933
-1920
-1937
-1999
-2038
-1985
-1830
-1603
-1307
-927
-474
14
534
1074
1580
1960
2161
2217
2177
2050
1806
1466
1071
695
396
256
332
579
893
1200
1580
2036
2465
2706
2728
2554
2118
1437
620
-182
-1053
-2071
-3095
-3875
-4335
-4612
-4686
-4458
-3961
-3395
-2798
-2039
-1128
-321
203
588
958
1269
1390
1409
1454
1472
1408
1316
1372
1562
1745
1850
1944
2104
2290
2426
2462
2407
2254
2000
1631
1226
836
423
-46
-517
-820
-935
-929
-831
-603
-235
160
550
952
1335
1583
1627
1513
1312
999
548
12
-533
-1037
-1524
-1956
-2285
-2480
-2587
-2659
-2667
-2588
-2458
-2358
-2290
-2197
-2078
-1999
-1944
-1848
-1660
-1427
-1178
-848
-448
11
455
909
1365
1755
2017
2117
2102
2006
1822
1533
1176
786
454
203
125
278
596
983
1330
1753
2242
2678
2904
2884
2686
2192
1414
499
-372
-1297
-2412
-3542
-4392
-4879
-5184
-5270
-5020
-4468
-3855
-3229
-2397
-1414
-534
35
460
893
1245
1413
1429
1464
1465
1369
1244
1253
1434
1615
1721
1827
2053
2346
2573
2688
2750
2757
2629
2362
2037
1731
1340
845
355
11
-176
-299
-322
-213
42
351
683
1029
1337
1547
1597
1532
1353
1070
660
149
-377
-894
-1384
-1862
-2263
-2565
-2785
-2948
-3012
-2967
-2902
-2853
-2789
-2636
-2455
-2312
-2179
-2003
-1785
-1561
-1304
-981
-613
-261
73
409
758
1048
1227
1296
1270
1203
1051
838
584
338
152
53
169
488
917
1305
1680
2178
2707
3115
3257
3197
2896
2258
1390
515
-309
-1337
-2563
-3661
-4354
-4745
-4995
-4953
-4539
-3928
-3353
-2677
-1716
-684
60
487
887
1321
1596
1635
1634
1694
1679
1529
1429
1568
1823
1987
2069
2246
2537
2787
2904
2954
2984
2886
2591
2183
1794
1394
895
329
-159
-482
-698
-825
-809
-603
-293
16
328
671
1006
1208
1242
1145
946
617
163
-330
-813
-1302
-1825
-2300
-2649
-2894
-3083
-3206
-3213
-3155
-3091
-3007
-2840
-2612
-2414
-2253
-2077
-1840
-1602
-1364
-1081
-736
-379
-62
277
653
1031
1310
1474
1562
1582
1550
1439
1287
1104
927
804
786
974
1318
1716
2037
2371
2808
3212
3407
3341
3127
2676
1893
939
56
-800
-1891
-3092
-4021
-4533
-4866
-5080
-4945
-4447
-3872
-3361
-2664
-1689
-763
-194
159
569
960
1129
1123
1167
1248
1189
1038
1056
1316
1583
1716
1838
2104
2424
2638
2760
2854
2875
2704
2377
2031
1692
1268
731
197
-210
-488
-666
-714
-584
-307
29
398
800
1214
1547
1723
1745
1628
1376
964
445
-109
-671
-1261
-1857
-2359
-2725
-2981
-3157
-3212
-3154
-3063
-2970
-2827
-2607
-2385
-2225
-2098
-1938
-1742
-1536
-1302
-1011
-692
-373
-48
317
700
1024
1249
1365
1421
1433
1376
1265
1118
990
881
878
1056
1379
1697
1935
2230
2581
2857
2924
2842
2624
2082
1249
373
-385
-1259
-2369
-3408
-4101
-4531
-4902
-5011
-4685
-4132
-3646
-3138
-2321
-1346
-580
-103
352
851
1176
1260
1292
1435
1532
1460
1360
1462
1725
1924
2049
2249
2566
2806
2904
2980
3076
3038
2753
2367
1981
1537
954
353
-139
-557
-916
-1129
-1081
-844
-530
-129
385
930
1383
1723
1963
2065
1938
1606
1157
612
-29
-730
-1403
-1992
-2515
-2942
-3220
-3354
-3377
-3311
-3170
-2971
-2753
-2548
-2353
-2191
-2058
-1915
-1796
-1683
-1541
-1346
-1079
-770
-407
16
449
834
1162
1432
1640
1766
1761
1677
1551
1404
1261
1178
1252
1443
1622
1762
2006
2357
2626
2689
2615
2477
2064
1329
530
-176
-995
-2109
-3193
-3888
-4321
-4763
-5029
-4819
-4298
-3840
-3402
-2623
-1600
-790
-308
169
763
1200
1341
1422
1647
1817
1760
1655
1770
2045
2195
2223
2339
2611
2822
2862
2897
2966
2919
2621
2232
1883
1478
924
312
-173
-578
-940
-1190
-1199
-1004
-741
-361
141
723
1225
1633
1970
2133
2062
1761
1382
890
261
-455
-1153
-1738
-2297
-2777
-3129
-3307
-3377
-3416
-3335
-3159
-2930
-2769
-2638
-2462
-2294
-2182
-2142
-2047
-1888
-1698
-1479
-1180
-775
-336
126
589
1063
1462
1777
1980
2083
2107
2038
1952
1804
1734
1751
1873
2016
2143
2380
2606
2789
2781
2688
2493
2039
1368
559
-205
-1095
-2128
-3107
-3841
-4345
-4795
-5000
-4850
-4407
-3934
-3423
-2653
-1767
-981
-430
123
706
1124
1328
1462
1685
1831
1833
1788
1888
2078
2182
2252
2377
2611
2758
2797
2832
2857
2778
2462
2069
1666
1194
605
-14
-511
-939
-1307
-1520
-1466
-1225
-916
-503
56
690
1218
1636
1976
2151
2078
1775
1377
893
269
-458
-1150
-1739
-2254
-2688
-2995
-3122
-3152
-3124
-3033
-2860
-2640
-2473
-2358
-2270
-2181
-2131
-2115
-2086
-1979
-1792
-1581
-1276
-864
-329
235
757
1261
1715
2100
2343
2446
2439
2379
2227
2015
1854
1802
1903
1951
2014
2177
2424
2634
2617
2547
2425
2092
1452
693
-4
-769
-1754
-2787
-3524
-4068
-4551
-4907
-4921
-4557
-4165
-3737
-3085
-2227
-1396
-788
-237
397
921
1187
1357
1565
1771
1787
1690
1743
1871
1945
1931
1963
2132
2243
2254
2271
2313
2266
2018
1679
1377
1020
518
-17
-460
-813
-1125
-1309
-1247
-1033
-760
-369
179
783
1290
1711
2075
2254
2207
1990
1688
1260
649
-14
-639
-1199
-1726
-2167
-2464
-2631
-2710
-2736
-2668
-2538
-2369
-2236
-2165
-2107
-2067
-2035
-2060
-2050
-1946
-1775
-1543
-1261
-827
-274
317
918
1453
1961
2341
2610
2732
2698
2565
2309
2010
1631
1394
1282
1283
1288
1284
1505
1750
1991
2049
2045
1956
1568
963
239
-414
-1251
-2286
-3318
-4088
-4636
-5136
-5385
-5299
-4905
-4491
-3975
-3165
-2204
-1346
-699
-49
609
1106
1377
1611
1857
1971
1918
1852
1928
2001
1993
1973
2047
2175
2232
2272
2347
2394
2301
2083
1842
1564
1201
754
334
-42
-375
-600
-656
-529
-314
17
463
981
1481
1927
2315
2555
2572
2385
2093
1660
1072
369
-327
-976
-1617
-2185
-2597
-2830
-2974
-3063
-3048
-2915
-2749
-2642
-2567
-2488
-2418
-2418
-2461
-2451
-2348
-2197
-2003
-1711
-1270
-725
-161
427
1015
1587
2021
2314
2489
2545
2468
2226
1947
1620
1365
1158
1068
1080
1122
1296
1502
1780
1925
1971
1928
1696
1260
590
-84
-851
-1759
-2750
-3591
-4158
-4632
-4946
-5023
-4734
-4297
-3815
-3143
-2301
-1392
-686
-53
590
1168
1571
1799
2028
2186
2226
2168
2163
2222
2234
2220
2235
2305
2344
2342
2357
2352
2250
2035
1781
1495
1122
684
258
-111
-455
-738
-851
-779
-593
-321
90
607
1120
1570
1970
2273
2367
2234
1958
1567
1018
333
-366
-1017
-1636
-2201
-2618
-2853
-2984
-3053
-3028
-2898
-2730
-2599
-2486
-2381
-2308
-2295
-2306
-2282
-2205
-2077
-1893
-1606
-1204
-692
-119
482
1080
1630
2086
2419
2627
2671
2585
2368
2093
1775
1505
1355
1292
1279
1284
1441
1675
1857
1902
1875
1791
1454
875
197
-456
-1239
-2218
-3152
-3861
-4374
-4844
-5103
-4997
-4636
-4214
-3712
-2954
-2061
-1260
-618
29
682
1170
1457
1684
1942
2090
2092
2078
2170
2288
2323
2355
2467
2617
2673
2666
2684
2669
2502
2186
1847
1486
1014
454
-55
-457
-817
-1109
-1201
-1055
-774
-409
95
722
1328
1817
2218
2523
2618
2453
2113
1669
1078
336
-425
-1101
-1710
-2278
-2713
-2948
-3037
-3054
-2981
-2786
-2550
-2381
-2274
-2183
-2116
-2141
-2230
-2303
-2331
-2303
-2221
-1997
-1626
-1134
-575
44
716
1354
1916
2352
2666
2806
2770
2625
2410
2157
1900
1702
1602
1532
1519
1588
1729
1804
1744
1629
1420
1050
454
-206
-888
-1680
-2573
-3391
-3971
-4401
-4745
-4875
-4687
-4296
-3872
-3340
-2606
-1802
-1126
-570
37
639
1083
1359
1654
1983
2187
2257
2354
2573
2761
2835
2897
3052
3194
3184
3093
3007
2855
2498
1981
1465
964
373
-285
-825
-1190
-1450
-1622
-1562
-1236
-772
-259
349
1081
1756
2249
2576
2789
2790
2483
1969
1370
704
-88
-897
-1576
-2112
-2550
-2892
-3031
-3002
-2901
-2759
-2558
-2329
-2185
-2148
-2169
-2220
-2335
-2512
-2676
-2770
-2758
-2617
-2308
-1843
-1265
-584
167
946
1662
2297
2812
3144
3264
3198
3053
2814
2517
2224
2011
1845
1664
1577
1618
1711
1663
1493
1306
1047
607
-8
-625
-1289
-2090
-2948
-3624
-4052
-4403
-4656
-4654
-4339
-3913
-3464
-2867
-2107
-1372
-819
-302
275
809
1170
1445
1780
2116
2344
2502
2738
3029
3231
3328
3431
3571
3612
3492
3292
3047
2670
2095
1418
738
37
-713
-1420
-1955
-2304
-2485
-2443
-2117
-1554
-867
-101
737
1567
2263
2760
3041
3070
2810
2311
1659
904
64
-781
-1532
-2140
-2589
-2858
-2928
-2838
-2651
-2403
-2116
-1847
-1677
-1637
-1710
-1886
-2171
-2529
-2868
-3127
-3293
-3314
-3092
-2601
-1922
-1141
-245
755
1739
2575
3260
3811
4144
4182
4019
3808
3566
3216
2780
2399
2120
1884
1661
1491
1355
1135
776
351
-74
-548
-1147
-1855
-2558
-3174
-3673
-4050
-4296
-4383
-4300
-4068
-3713
-3254
-2701
-2125
-1610
-1150
-669
-155
307
671
1020
1434
1866
2241
2600
3008
3400
3671
3839
3977
4050
3947
3651
3244
2764
2156
1414
617
-163
-913
-1612
-2187
-2569
-2735
-2705
-2470
-2000
-1311
-487
369
1191
1952
2595
3037
3222
3147
2830
2285
1575
793
18
-725
-1403
-1945
-2271
-2376
-2317
-2156
-1932
-1681
-1443
-1275
-1216
-1309
-1558
-1933
-2377
-2816
-3209
-3514
-3714
-3727
-3469
-2923
-2145
-1253
-259
783
1829
2793
3602
4226
4557
4622
4474
4267
4032
3700
3261
2752
2343
2029
1774
1488
1137
711
143
-460
-1044
-1563
-2188
-2947
-3657
-4154
-4386
-4521
-4515
-4366
-4080
-3734
-3313
-2741
-2160
-1700
-1422
-1117
-733
-343
0
347
815
1291
1788
2328
2980
3606
4052
4377
4617
4783
4686
4378
3909
3287
2469
1472
515
-428
-1348
-2234
-2900
-3257
-3380
-3256
-2849
-2127
-1244
-271
758
1805
2701
3324
3698
3839
3693
3203
2499
1707
902
77
-668
-1212
-1551
-1717
-1734
-1539
-1232
-947
-776
-697
-710
-890
-1257
-1774
-2369
-3011
-3638
-4169
-4506
-4649
-4552
-4225
-3627
-2789
-1791
-669
433
1525
2485
3299
3884
4228
4427
4464
4474
4357
4204
3920
3567
3216
2825
2422
1821
1145
323
-535
-1415
-2245
-2976
-3742
-4432
-4991
-5188
-5128
-4874
-4454
-3870
-3182
-2573
-1993
-1452
-980
-762
-754
-751
-656
-494
-309
49
613
1299
2031
2861
3826
4714
5368
5753
5976
5987
5641
4966
4019
2906
1592
230
-1023
-2087
-2965
-3662
-4000
-3969
-3589
-2967
-2105
-1071
-21
978
1868
2627
3116
3298
3214
2918
2430
1782
1117
525
30
-377
-639
-713
-658
-540
-400
-242
-166
-264
-533
-915
-1372
-1944
-2575
-3196
-3747
-4202
-4509
-4592
-4497
-4226
-3827
-3241
-2532
-1794
-988
-199
612
1255
1797
2260
2666
3052
3416
3955
4504
5007
5260
5415
5439
5191
4581
3597
2418
962
-631
-2214
-3514
-4617
-5606
-6349
-6606
-6291
-5662
-4757
-3630
-2368
-1294
-547
27
424
503
93
-524
-1070
-1460
-1706
-1696
-1188
-318
768
1976
3404
4897
6095
6837
7120
7059
6506
5499
4165
2664
1062
-582
-1982
-3019
-3648
-3967
-3926
-3525
-2871
-2050
-1156
-242
501
1017
1331
1507
1518
1346
1104
862
667
505
457
562
756
944
1096
1245
1337
1286
1042
645
123
-517
-1228
-1917
-2507
-2971
-3279
-3398
-3328
-3127
-2889
-2641
-2403
-2194
-2049
-2000
-2014
-2074
-2094
-2023
-1778
-1401
-923
-344
384
1325
2432
3716
4980
6075
6804
7196
7301
6996
6199
4853
3152
1187
-851
-2731
-4213
-5306
-6141
-6629
-6580
-5902
-4882
-3718
-2509
-1366
-513
-118
-26
-124
-488
-1202
-2006
-2536
-2643
-2401
-1776
-660
788
2301
3698
5006
6095
6665
6586
5989
5042
3793
2360
967
-215
-1181
-1878
-2178
-2062
-1676
-1171
-594
-59
266
328
234
27
-340
-814
-1189
-1311
-1243
-1016
-542
178
954
1589
2115
2582
2853
2764
2375
1813
1140
326
-504
-1144
-1611
-1925
-2111
-2053
-1791
-1510
-1234
-993
-810
-813
-1016
-1302
-1637
-2061
-2500
-2807
-2949
-2965
-2886
-2536
-1956
-1320
-721
-168
483
1133
1837
2698
3654
4518
5061
5383
5553
5473
4959
4022
2747
1227
-422
-1942
-3092
-3999
-4757
-5315
-5426
-5050
-4406
-3551
-2568
-1656
-1088
-895
-822
-805
-1034
-1484
-1853
-1873
-1520
-910
113
1460
2819
3950
4780
5471
5785
5480
4640
3422
2129
827
-300
-1040
-1465
-1578
-1418
-931
-182
534
1076
1377
1368
1096
616
95
-418
-975
-1373
-1452
-1157
-624
-10
743
1455
1960
2196
2219
2077
1626
907
167
-450
-971
-1436
-1736
-1748
-1616
-1428
-1168
-844
-563
-507
-586
-690
-850
-1126
-1469
-1722
-1796
-1789
-1707
-1538
-1333
-1127
-1018
-929
-908
-1003
-1164
-1196
-873
-121
897
1994
2961
3747
4310
4576
4434
3797
2664
1173
-429
-1809
-2748
-3338
-3721
-3920
-3765
-3200
-2375
-1470
-624
-76
-46
-508
-1119
-1615
-2049
-2464
-2659
-2362
-1497
-203
1455
3275
4869
5881
6257
6151
5590
4501
2942
1175
-501
-1773
-2444
-2443
-1941
-1175
-263
680
1522
2106
2337
2128
1457
503
-388
-955
-1217
-1234
-976
-402
344
1072
1718
2218
2381
2039
1291
402
-453
-1255
-1927
-2325
-2394
-2197
-1812
-1285
-747
-379
-293
-478
-866
-1366
-1852
-2207
-2361
-2291
-1926
-1283
-487
293
931
1350
1444
1215
738
150
-535
-1299
-2019
-2436
-2287
-1477
-94
1476
2856
3763
4187
4110
3505
2357
768
-1087
-2899
-4161
-4512
-3992
-3045
-1966
-831
291
1179
1688
1842
1571
687
-738
-2183
-3138
-3520
-3461
-2926
-1835
-364
1238
2893
4525
5721
6018
5403
4278
2980
1613
317
-699
-1352
-1657
-1519
-824
192
1057
1440
1348
910
247
-436
-960
-1341
-1653
-1746
-1295
-250
1058
2268
3188
3698
3654
3105
2293
1343
192
-1107
-2199
-2714
-2621
-2112
-1378
-585
19
249
145
-191
-761
-1635
-2665
-3515
-3932
-3832
-3249
-2267
-1076
83
1065
1796
2183
2104
1541
661
-299
-1112
-1630
-1756
-1509
-1035
-431
344
1359
2533
3521
3986
3761
2936
1744
391
-935
-2141
-3180
-3977
-4325
-3971
-2935
-1642
-600
-16
175
83
-192
-459
-562
-612
-820
-1095
-1063
-549
208
906
1459
1845
2026
2069
2201
2471
2596
2348
1870
1491
1369
1417
1498
1483
1244
803
376
118
-53
-338
-787
-1280
-1642
-1688
-1298
-605
71
516
836
1244
1729
2116
2289
2220
1880
1332
841
632
582
383
-26
-425
-616
-668
-684
-717
-872
-1283
-1877
-2384
-2632
-2728
-2831
-2883
-2748
-2368
-1771
-1016
-243
308
511
493
435
342
143
-165
-484
-719
-794
-605
-182
235
458
647
1069
1808
2546
3042
3165
2801
1953
809
-292
-1218
-2156
-3131
-3786
-3824
-3278
-2518
-1830
-1322
-1205
-1458
-1764
-1731
-1309
-864
-593
-339
46
599
1251
1933
2517
2700
2477
2176
2089
2227
2360
2330
2151
1825
1507
1397
1458
1438
1101
530
15
-312
-417
-327
-204
-226
-394
-429
-85
451
840
920
775
589
490
624
1006
1354
1385
1109
807
681
625
459
109
-355
-813
-1060
-996
-726
-565
-743
-1216
-1774
-2193
-2428
-2501
-2554
-2575
-2436
-1996
-1232
-403
235
481
328
-58
-433
-642
-729
-798
-927
-927
-743
-372
49
286
403
443
673
1180
1814
2319
2391
1962
1195
353
-413
-1027
-1641
-2162
-2518
-2603
-2313
-1884
-1471
-1352
-1562
-1835
-1859
-1460
-717
16
495
657
585
611
817
1163
1442
1489
1491
1664
2147
2858
3473
3653
3256
2405
1512
845
425
134
-162
-386
-397
-88
551
1236
1601
1486
1019
609
459
553
761
887
868
763
805
1117
1471
1474
967
113
-690
-1202
-1312
-1111
-899
-839
-943
-947
-760
-583
-711
-1254
-2079
-2822
-3160
-2957
-2370
-1756
-1308
-1046
-806
-548
-251
-141
-286
-659
-1025
-1035
-731
-202
207
328
105
-277
-675
-770
-537
-63
633
1216
1839
2257
2336
2009
1172
69
-1063
-2061
-2613
-2592
-2225
-1650
-1287
-1033
-838
-867
-928
-975
-817
-403
32
521
1030
1279
1258
988
750
749
761
889
1155
1531
2009
2384
2669
2740
2365
1649
810
106
-283
-482
-432
-200
64
397
726
1068
1283
1211
1026
913
1012
1357
1784
2226
2483
2412
2153
1797
1418
880
132
-638
-1242
-1578
-1636
-1494
-1287
-1255
-1498
-1815
-2015
-2048
-2109
-2240
-2346
-2354
-2173
-1860
-1414
-1011
-893
-1000
-1149
-1143
-914
-631
-324
-64
40
153
257
359
394
154
-203
-629
-982
-880
-291
661
1541
1902
1871
1484
776
-4
-792
-1374
-1827
-2276
-2298
-1872
-1244
-800
-845
-1081
-1367
-1657
-1572
-912
234
1412
2089
2387
2437
2171
1709
1171
862
809
846
1124
1692
2336
2717
2541
1913
1073
157
-588
-1018
-1096
-875
-557
-194
167
394
419
196
-153
-380
-329
68
795
1677
2564
3208
3419
3232
2766
2156
1459
741
139
-184
-299
-287
-262
-332
-570
-1060
-1660
-2158
-2434
-2510
-2419
-2232
-1977
-1782
-1691
-1632
-1578
-1502
-1444
-1362
-1206
-940
-671
-359
-48
190
295
187
51
-44
-174
-291
-331
-368
-391
-402
2
953
1811
2210
2013
1400
561
-526
-1365
-1587
-1594
-1673
-1832
-1730
-1280
-1190
-1500
-1897
-2304
-2561
-2554
-1751
-88
1477
2330
2438
2084
1609
1024
733
1004
1452
1885
2293
2820
3380
3428
2873
1906
658
-451
-1096
-1085
-559
-73
187
218
-63
-514
-1007
-1374
-1531
-1561
-1222
-338
852
2007
2786
3077
2926
2340
1642
1193
1017
983
916
865
924
929
785
481
10
-579
-1194
-1608
-1661
-1469
-1210
-1036
-1024
-1167
-1379
-1511
-1517
-1452
-1345
-1161
-889
-648
-504
-441
-479
-597
-794
-928
-827
-589
-294
-23
89
56
-247
-709
-877
-542
300
1183
1609
1590
1120
345
-443
-1094
-1402
-1554
-1814
-1889
-1654
-1239
-991
-1234
-1701
-2220
-2661
-2574
-1690
-135
1312
1855
1626
1105
650
437
497
988
1681
2201
2599
3023
3521
3714
3198
2183
1019
62
-418
-383
97
577
608
221
-319
-675
-790
-843
-800
-618
-256
333
1004
1632
1992
1836
1250
546
109
134
455
834
1102
1155
1039
852
625
321
-175
-812
-1316
-1517
-1346
-935
-549
-340
-435
-707
-876
-880
-716
-518
-431
-380
-436
-548
-630
-768
-897
-1098
-1323
-1346
-1204
-929
-645
-548
-593
-793
-1000
-900
-490
161
772
1077
1074
732
224
-245
-654
-953
-1171
-1267
-1150
-947
-740
-631
-760
-1106
-1537
-1743
-1492
-897
-209
334
567
493
198
-105
-168
61
511
1104
1742
2361
2860
3098
3037
2650
2012
1332
770
479
453
552
655
597
370
88
-151
-259
-240
-103
188
576
983
1306
1458
1408
1109
622
138
-151
-174
-70
29
88
65
-47
-257
-468
-569
-641
-728
-786
-744
-568
-405
-329
-321
-407
-536
-643
-623
-444
-256
-120
-62
-75
-134
-265
-416
-586
-753
-843
-861
-820
-824
-915
-989
-997
-815
-415
47
436
555
449
289
106
-1
-87
-234
-441
-752
-989
-1053
-1053
-1055
-1140
-1230
-1188
-999
-597
-59
362
458
141
-370
-757
-876
-690
-284
206
688
1056
1351
1650
1887
1935
1712
1355
1128
1112
1248
1395
1379
1139
661
103
-264
-343
-168
108
363
611
823
975
1061
1058
1020
970
946
1024
1169
1296
1276
1013
568
39
-464
-845
-1100
-1222
-1228
-1166
-1077
-1041
-1073
-1141
-1240
-1321
-1307
-1135
-818
-496
-262
-105
-26
-18
-44
-42
35
124
168
201
235
268
238
102
-93
-334
-581
-795
-976
-1089
-1160
-1191
-1125
-934
-592
-176
154
322
290
110
-150
-456
-679
-728
-625
-424
-188
88
388
606
703
722
725
752
764
766
796
788
660
384
48
-202
-322
-287
-75
243
546
691
628
414
89
-278
-593
-783
-804
-679
-441
-133
161
383
526
586
553
456
416
534
781
1076
1369
1631
1755
1659
1428
1204
1028
819
547
301
98
-127
-390
-644
-840
-1040
-1282
-1459
-1489
-1378
-1198
-996
-784
-613
-527
-491
-449
-392
-331
-255
-116
66
216
314
366
369
303
163
26
-98
-295
-583
-894
-1107
-1203
-1202
-1072
-806
-456
-114
172
416
577
606
497
288
69
-109
-224
-255
-200
-68
107
276
429
558
651
697
706
697
652
557
430
333
325
394
487
528
489
384
228
55
-112
-265
-434
-657
-862
-935
-831
-646
-522
-480
-474
-488
-507
-481
-337
-114
75
195
310
468
620
729
830
949
1063
1127
1130
1068
913
680
435
239
96
-25
-113
-169
-227
-313
-420
-517
-598
-662
-667
-583
-417
-229
-88
-16
-22
-72
-98
-57
38
137
226
320
410
452
393
219
-34
-319
-599
-843
-1013
-1076
-1059
-997
-883
-686
-436
-207
-25
124
243
303
309
303
296
264
230
252
331
392
375
287
174
48
-66
-106
-45
58
124
148
176
211
230
233
233
210
154
101
88
102
99
43
-77
-245
-412
-516
-529
-478
-440
-441
-448
-426
-379
-305
-188
-37
115
256
426
631
809
905
935
928
867
754
633
552
481
373
263
216
212
158
14
-172
-349
-523
-654
-665
-559
-447
-375
-275
-129
-19
9
12
33
10
-77
-113
-11
121
156
122
113
106
-18
-237
-396
-436
-448
-514
-611
-695
-793
-903
-938
-805
-548
-288
-91
62
194
295
354
383
397
384
350
323
327
363
409
430
411
366
311
263
219
177
134
76
-25
-162
-271
-291
-211
-70
82
215
324
388
393
337
221
63
-90
-175
-163
-87
-17
7
-24
-90
-146
-143
-78
-5
40
90
198
356
494
561
550
480
384
329
350
405
417
351
239
104
-58
-257
-479
-686
-845
-915
-878
-757
-626
-552
-537
-526
-469
-360
-236
-129
-57
-25
-15
9
90
219
341
408
413
382
328
232
91
-105
-356
-630
-848
-924
-838
-637
-394
-181
-43
7
10
13
27
45
78
147
243
341
441
544
613
626
612
624
659
666
622
544
430
264
66
-87
-157
-160
-120
-23
111
203
194
100
-16
-118
-188
-211
-176
-116
-63
-14
41
84
78
32
-21
-59
-70
-33
62
166
221
220
213
234
274
323
379
411
380
280
172
108
70
11
-84
-197
-320
-471
-629
-757
-842
-907
-961
-954
-862
-723
-606
-533
-466
-395
-350
-341
-316
-235
-105
40
207
418
616
709
673
567
445
302
140
-4
-106
-185
-266
-317
-302
-250
-223
-227
-232
-211
-158
-76
31
135
199
219
229
271
343
407
441
453
472
506
529
516
449
336
192
55
-5
34
131
225
274
304
325
328
309
276
244
203
150
117
112
101
47
-64
-192
-303
-376
-379
-321
-237
-181
-175
-181
-168
-127
-60
25
115
184
224
251
277
301
298
255
182
89
-18
-132
-245
-361
-496
-659
-821
-925
-931
-835
-689
-546
-454
-431
-452
-467
-430
-340
-243
-170
-112
-37
81
227
370
470
478
396
282
227
257
305
293
191
25
-142
-246
-233
-121
-1
48
25
-7
-4
23
44
53
48
52
108
247
438
588
621
539
393
247
135
74
56
46
26
8
22
65
103
110
93
84
100
142
204
262
288
271
230
203
201
209
196
155
88
0
-102
-199
-284
-354
-417
-465
-477
-443
-369
-268
-160
-48
64
174
282
390
484
545
557
515
427
301
147
-30
-216
-392
-534
-619
-637
-606
-549
-487
-441
-409
-382
-352
-318
-281
-242
-196
-135
-58
20
84
117
114
77
32
-4
-17
-17
-28
-71
-155
-263
-366
-436
-459
-432
-370
-295
-215
-130
-31
69
157
220
264
300
337
385
441
482
480
421
320
208
113
52
37
54
92
128
159
194
230
254
252
221
172
130
120
152
222
296
345
360
359
361
371
377
355
293
202
110
58
46
49
25
-53
-164
-270
-324
-311
-246
-162
-80
4
103
220
343
425
435
360
218
54
-98
-218
-312
-400
-490
-578
-648
-687
-699
-690
-669
-641
-597
-534
-449
-352
-262
-186
-132
-102
-92
-100
-103
-94
-63
-4
58
96
89
19
-100
-248
-406
-541
-638
-674
-638
-534
-375
-192
-20
121
217
286
348
428
530
639
738
801
818
789
722
638
551
473
404
349
307
281
261
244
221
185
142
102
87
101
139
178
189
159
92
9
-64
-99
-94
-54
7
70
126
172
196
197
170
109
26
-68
-145
-183
-180
-148
-99
-56
-22
12
52
101
145
169
152
87
-16
-134
-249
-348
-431
-502
-562
-609
-637
-647
-627
-585
-527
-465
-407
-347
-294
-254
-220
-187
-144
-86
-13
80
181
273
331
335
285
177
31
-124
-259
-353
-405
-419
-413
-405
-404
-408
-406
-386
-330
-239
-106
54
225
394
542
655
731
770
786
784
773
756
727
687
625
543
453
366
291
240
206
192
192
192
182
148
86
1
-94
-175
-234
-257
-249
-220
-185
-158
-142
-137
-139
-147
-150
-144
-130
-107
-83
-66
-57
-61
-65
-65
-47
-1
71
159
246
312
341
320
245
123
-27
-182
-318
-415
-472
-489
-483
-471
-464
-469
-482
-488
-477
-443
-388
-323
-255
-194
-141
-91
-35
39
126
224
318
383
409
388
319
221
109
9
-61
-103
-119
-127
-148
-190
-252
-323
-375
-387
-345
-250
-115
41
186
305
382
409
398
368
343
342
370
420
476
515
522
494
440
375
315
266
228
203
179
148
101
40
-30
-101
-157
-190
-201
-198
-196
-214
-255
-313
-368
-398
-392
-350
-285
-216
-164
-141
-150
-182
-218
-236
-218
-148
-33
112
256
372
439
448
403
328
242
168
114
81
57
32
-9
-73
-156
-249
-333
-390
-407
-385
-339
-281
-230
-188
-157
-125
-85
-27
54
147
241
319
367
375
347
290
222
158
111
84
62
39
-5
-74
-163
-256
-336
-381
-387
-356
-293
-221
-148
-90
-56
-38
-31
-24
-4
31
80
141
203
254
287
299
294
276
255
239
226
212
192
159
116
66
22
-6
-13
2
25
38
27
-19
-97
-191
-283
-346
-369
-346
-292
-229
-175
-143
-139
-150
-162
-154
-121
-57
30
124
216
289
337
354
352
333
306
277
249
216
175
123
63
1
-60
-115
-160
-198
-232
-264
-290
-310
-321
-314
-286
-237
-165
-78
13
99
166
205
224
227
224
226
244
279
320
355
364
333
260
151
24
-96
-190
-248
-263
-249
-221
-194
-185
-197
-228
-267
-299
-321
-321
-301
-266
-221
-173
-122
-69
-13
51
119
186
244
280
288
270
227
173
120
80
63
66
89
118
141
149
134
99
49
-4
-53
-92
-120
-140
-152
-164
-179
-193
-210
-217
-211
-187
-143
-88
-25
41
103
156
198
234
252
260
261
259
252
237
216
187
149
106
55
4
-49
-97
-137
-167
-184
-190
-189
-185
-180
-174
-166
-159
-147
-127
-102
-67
-23
27
82
134
183
221
245
252
242
215
174
122
62
1
-58
-114
-160
-193
-213
-217
-211
-198
-184
-173
-169
-173
-181
-189
-190
-182
-157
-115
-57
14
89
162
223
262
280
276
256
223
179
137
99
70
53
49
54
63
70
72
69
58
40
17
-8
-35
-59
-81
-96
-108
-114
-118
-122
-125
-128
-127
-118
-98
-67
-22
32
89
142
184
209
214
196
165
129
91
57
29
5
-20
-55
-99
-153
-214
-274
-322
-349
-355
-337
-300
-256
-213
-174
-144
-114
-82
-40
18
89
170
256
336
402
447
466
462
436
394
343
284
226
168
110
56
6
-36
-69
-93
-109
-121
-134
-148
-166
-185
-196
-200
-193
-169
-131
-80
-24
27
70
98
106
98
75
38
1
-34
-64
-84
-97
-103
-107
-109
-112
-118
-130
-144
-161
-176
-187
-192
-185
-165
-137
-105
-70
-42
-21
-7
3
7
10
16
26
37
57
83
114
152
191
226
256
273
282
280
269
248
218
181
140
104
70
39
9
-24
-60
-100
-140
-174
-199
-214
-218
-208
-192
-165
-130
-92
-48
-3
50
106
165
227
286
337
369
380
362
315
249
166
79
-2
-76
-138
-182
-212
-228
-233
-237
-237
-244
-250
-251
-246
-230
-200
-157
-102
-43
17
66
99
117
111
89
58
20
-19
-53
-77
-93
-101
-101
-97
-89
-83
-80
-82
-92
-108
-124
-140
-151
-152
-142
-119
-87
-56
-26
0
12
15
15
16
18
31
54
86
127
168
208
246
279
304
324
337
347
352
350
339
316
284
244
200
155
105
56
8
-37
-77
-115
-150
-177
-202
-217
-225
-226
-222
-208
-184
-150
-105
-50
14
82
145
201
245
269
273
256
217
169
111
45
-19
-85
-144
-199
-250
-295
-335
-367
-390
-403
-402
-390
-369
-334
-290
-242
-190
-144
-101
-66
-37
-13
-1
10
15
18
20
21
23
20
18
13
7
1
-2
-4
-1
8
22
40
59
83
107
129
145
158
168
172
172
167
157
146
135
126
121
120
127
140
156
177
200
226
250
274
296
310
318
316
307
290
263
224
173
116
51
-16
-82
-147
-205
-259
-303
-337
-357
-364
-355
-339
-310
-270
-224
-172
-118
-65
-16
22
52
68
74
69
53
27
-7
-45
-87
-128
-170
-213
-252
-288
-313
-331
-339
-336
-320
-291
-259
-218
-170
-120
-66
-13
36
80
114
144
167
188
206
217
225
226
225
219
210
197
176
156
138
120
109
100
97
99
105
114
122
123
125
127
124
117
106
93
79
59
36
12
-16
-45
-70
-95
-116
-130
-137
-135
-122
-100
-68
-34
3
35
62
85
100
106
100
85
64
38
8
-28
-66
-103
-138
-167
-187
-201
-206
-201
-186
-165
-138
-104
-67
-26
13
49
86
118
144
162
169
167
159
142
116
87
54
17
-19
-51
-80
-104
-121
-130
-126
-117
-102
-83
-64
-40
-16
5
22
35
43
52
56
58
59
57
52
46
39
31
22
14
7
6
7
7
11
16
19
20
20
18
18
14
10
8
6
4
-2
-7
-13
-18
-25
-30
-36
-44
-50
-58
-62
-64
-61
-54
-46
-32
-11
11
34
61
83
101
116
122
120
114
99
81
58
33
5
-23
-46
-69
-92
-109
-122
-126
-126
-121
-111
-96
-75
-50
-22
7
36
63
88
110
127
140
145
142
136
122
105
83
54
24
-9
-39
-66
-87
-103
-112
-116
-114
-108
-97
-83
-68
-53
-36
-20
-5
8
19
27
31
33
31
26
21
14
3
-4
-10
-15
-20
-23
-24
-24
-25
-23
-19
-12
-5
1
7
12
16
18
21
20
18
17
13
8
3
-2
-6
-11
-14
-15
-15
-13
-6
7
19
35
52
65
78
87
90
89
82
72
60
46
30
15
-3
-23
-41
-58
-72
-80
-85
-84
-81
-73
-61
-45
-29
-10
6
22
39
52
64
77
81
83
80
74
66
56
43
29
11
-6
-24
-38
-51
-64
-69
-72
-73
-72
-68
-65
-60
-54
-50
-42
-35
-28
-18
-9
-1
5
7
10
12
12
12
9
3
-2
-11
-17
-21
-26
-28
-27
-24
-18
-13
-6
-1
0
3
5
6
7
11
14
16
18
21
24
26
23
19
15
14
15
15
16
19
25
33
42
53
63
75
86
93
95
94
88
81
69
54
37
17
-5
-22
-38
-50
-59
-68
-75
-78
-77
-72
-64
-54
-42
-28
-12
3
17
31
39
42
42
38
31
21
12
-1
-15
-28
-40
-51
-61
-70
-76
-81
-82
-81
-77
-72
-64
-58
-48
-39
-32
-24
-19
-15
-12
-9
-6
-3
-2
-3
-5
-8
-11
-11
-11
-10
-6
0
7
16
24
30
37
42
47
51
55
56
52
47
40
36
32
25
20
15
12
11
9
9
9
9
11
14
19
26
31
37
43
47
51
51
52
51
49
44
40
33
26
19
11
0
-11
-21
-28
-35
-38
-42
-47
-51
-53
-55
-54
-51
-47
-40
-33
-25
-16
-9
-3
2
3
6
9
11
11
10
8
2
-4
-10
-16
-19
-25
-29
-31
-31
-29
-27
-21
-17
-16
-14
-13
-9
-5
-2
2
4
9
12
13
15
16
14
14
8
5
4
1
1
0
2
1
2
4
5
7
10
12
12
15
15
17
17
18
16
13
12
11
9
7
4
3
1
0
2
2
3
5
6
9
10
12
11
9
9
7
6
6
4
2
1
-1
-3
-5
-7
-6
-8
-8
-10
-11
-12
-13
-14
-13
-12
-11
-9
-10
-8
-6
-3
-1
0
1
1
2
1
1
1
2
1
2
2
0
0
0
0
3
3
6
6
5
5
2
0
0
-2
-1
-1
-1
0
0
1
2
-1
-1
-2
-4
