1
2
2
4
1
-1
2
5
3
5
8
5
3
6
6
2
2
4
3
1
1
3
-1
-3
-1
0
-1
-3
-4
-4
-2
-3
-4
1
1
-4
-4
-3
-3
-7
-2
-2
-3
-1
1
-3
-4
-3
-7
-8
-4
-1
1
-1
-2
-2
-2
0
1
0
2
4
3
6
10
7
3
5
5
4
4
7
5
0
2
7
4
2
5
6
4
4
3
1
2
0
1
2
2
0
-1
2
3
1
3
7
4
5
5
2
-1
-7
-6
-7
-6
-3
-4
-7
-4
-4
-8
-8
-8
-9
-11
-11
-9
-9
-9
-8
-9
-12
-13
-10
-10
-7
-6
-6
-4
-2
-3
0
1
-3
-1
3
2
1
2
1
3
3
2
4
6
5
5
8
8
7
4
7
7
5
8
13
14
11
8
12
8
2
4
4
3
7
12
15
15
14
12
10
7
7
9
10
4
4
5
0
-4
-8
-9
-17
-16
-7
2
8
7
1
-7
-15
-22
-23
-27
-33
-44
-59
-72
-99
-116
-114
-110
-92
-84
-74
-56
-41
-29
-13
20
74
148
246
326
402
383
260
76
-141
-354
-535
-610
-625
-588
-552
-573
-593
-645
-729
-767
-789
-674
-433
-174
47
165
172
85
-8
-42
12
163
388
633
893
1115
1367
1484
1398
1175
816
465
184
30
22
115
243
361
423
419
382
324
278
303
435
677
967
1190
1229
1036
660
212
-154
-332
-319
-173
-4
98
85
-50
-267
-511
-711
-819
-830
-755
-656
-601
-641
-771
-943
-1097
-1169
-1130
-986
-785
-593
-449
-374
-346
-314
-239
-101
69
213
287
259
155
28
-90
-165
-195
-192
-188
-198
-219
-219
-110
171
674
1341
1987
2376
2308
1756
861
-118
-915
-1358
-1424
-1240
-965
-753
-732
-947
-1358
-1817
-2092
-1989
-1447
-599
282
882
1009
681
104
-425
-660
-498
26
764
1513
2064
2264
2055
1512
826
238
-61
2
348
772
1065
1100
898
580
294
167
208
350
492
543
485
348
194
65
15
79
245
492
725
845
784
521
135
-238
-480
-559
-535
-514
-593
-777
-1025
-1266
-1420
-1472
-1431
-1311
-1132
-924
-746
-651
-654
-730
-794
-760
-592
-328
-57
127
174
103
-32
-174
-286
-354
-370
-334
-251
-141
-54
-23
-49
-98
-110
-31
125
301
442
515
540
559
576
570
525
481
580
955
1649
2502
3162
3291
2733
1636
351
-747
-1438
-1704
-1664
-1498
-1307
-1182
-1232
-1531
-2039
-2530
-2676
-2248
-1277
-98
835
1160
830
110
-605
-992
-933
-481
221
997
1667
2042
1986
1476
656
-171
-694
-750
-380
185
670
877
784
530
289
217
398
810
1311
1709
1837
1635
1185
653
210
-4
57
310
635
898
956
719
212
-418
-904
-1032
-774
-283
153
270
-16
-571
-1173
-1627
-1833
-1818
-1639
-1346
-1007
-731
-637
-775
-1068
-1308
-1291
-937
-355
217
549
529
239
-139
-467
-690
-799
-798
-691
-499
-287
-131
-83
-146
-281
-389
-353
-140
177
458
604
605
514
398
315
315
394
561
885
1511
2482
3496
4049
3751
2630
1083
-390
-1381
-1735
-1582
-1287
-1146
-1158
-1225
-1367
-1732
-2283
-2656
-2438
-1494
-94
1256
2035
1910
1003
-149
-910
-969
-473
240
925
1480
1809
1765
1279
455
-439
-1116
-1349
-1018
-240
612
1105
1078
729
393
267
392
755
1287
1802
2056
1952
1562
991
312
-346
-755
-738
-359
80
294
174
-276
-929
-1532
-1787
-1558
-994
-404
-31
60
-128
-569
-1134
-1638
-1909
-1873
-1581
-1130
-661
-362
-363
-627
-928
-1013
-783
-327
174
567
749
670
377
6
-291
-449
-462
-316
-15
325
510
431
157
-137
-289
-238
20
405
761
940
903
745
569
436
347
327
409
588
908
1445
2270
3231
3878
3786
2848
1377
-167
-1376
-2023
-2150
-1990
-1838
-1792
-1795
-1847
-2078
-2527
-2905
-2761
-1857
-393
1100
2049
2074
1224
-12
-990
-1290
-938
-253
478
1121
1597
1749
1430
642
-375
-1233
-1586
-1270
-424
545
1173
1221
846
442
308
472
814
1239
1687
2025
2094
1821
1255
479
-345
-941
-1033
-597
9
346
240
-197
-742
-1195
-1383
-1201
-710
-142
296
552
606
372
-182
-906
-1493
-1705
-1526
-1099
-628
-299
-250
-468
-774
-946
-847
-520
-99
299
586
650
417
-52
-541
-833
-857
-665
-347
-12
191
151
-81
-333
-476
-479
-327
30
514
894
956
701
338
72
-12
61
224
393
597
1047
1992
3341
4466
4620
3540
1657
-278
-1681
-2346
-2406
-2195
-2055
-2052
-2014
-1905
-1995
-2512
-3159
-3222
-2197
-289
1719
2970
2965
1816
224
-938
-1176
-651
127
805
1368
1868
2139
1881
972
-334
-1493
-1989
-1606
-551
615
1285
1220
704
255
174
409
744
1071
1380
1668
1931
2097
1990
1455
552
-364
-840
-725
-235
214
298
-46
-615
-1084
-1260
-1151
-929
-733
-525
-216
166
401
202
-516
-1495
-2272
-2481
-2076
-1359
-765
-549
-666
-841
-820
-558
-208
64
234
367
497
540
364
-63
-590
-962
-961
-581
-60
277
246
-93
-519
-806
-835
-604
-207
203
540
805
997
1036
844
514
261
242
432
723
988
1106
1092
1233
1942
3208
4347
4523
3444
1569
-385
-1867
-2619
-2718
-2525
-2433
-2429
-2205
-1716
-1408
-1678
-2239
-2331
-1454
186
1900
2978
2981
1965
535
-526
-826
-587
-264
2
395
990
1487
1386
498
-865
-2082
-2595
-2162
-987
347
1207
1334
1017
732
676
720
736
814
1086
1528
1956
2149
1936
1224
161
-810
-1246
-1057
-566
-194
-126
-298
-572
-835
-988
-983
-845
-596
-232
205
550
548
66
-737
-1496
-1891
-1829
-1466
-1053
-754
-602
-550
-505
-404
-222
16
267
500
673
691
455
-9
-513
-815
-812
-583
-279
-42
32
-83
-314
-545
-689
-698
-530
-160
335
795
1075
1134
1001
707
354
122
139
351
610
789
856
892
1113
1841
3107
4320
4614
3574
1601
-498
-2116
-3043
-3327
-3165
-2833
-2410
-1792
-1063
-703
-1129
-2040
-2492
-1743
64
2058
3299
3282
2128
492
-835
-1404
-1335
-1018
-617
5
893
1665
1703
722
-888
-2295
-2775
-2111
-656
877
1827
1964
1589
1178
982
917
864
894
1156
1632
2061
2098
1555
507
-685
-1531
-1700
-1220
-470
115
313
183
-77
-340
-551
-687
-680
-430
47
557
803
532
-279
-1353
-2228
-2543
-2250
-1632
-1064
-727
-596
-574
-584
-572
-492
-296
28
416
743
825
511
-147
-851
-1243
-1150
-724
-260
-4
-35
-265
-515
-632
-558
-347
-84
214
532
825
1029
1082
985
782
585
535
679
913
1053
981
776
740
1256
2515
4129
5191
4901
3162
695
-1545
-2955
-3450
-3300
-2870
-2380
-1796
-1100
-580
-709
-1572
-2519
-2578
-1266
934
2918
3694
2948
1185
-630
-1711
-1888
-1527
-1064
-577
100
946
1518
1227
-78
-1831
-3068
-3084
-1864
-50
1496
2206
2082
1577
1161
988
937
927
1043
1399
1905
2226
2006
1105
-249
-1488
-2065
-1787
-940
-46
497
580
308
-103
-443
-590
-521
-240
247
830
1208
1039
236
-922
-1963
-2530
-2524
-2104
-1573
-1189
-1007
-918
-801
-652
-505
-303
38
523
1008
1282
1157
582
-271
-1040
-1374
-1188
-708
-269
-71
-124
-317
-529
-684
-731
-630
-352
95
630
1097
1329
1268
1009
748
662
780
969
1079
1077
1007
861
678
706
1385
2848
4474
5232
4460
2392
-126
-2266
-3540
-3829
-3362
-2621
-1957
-1373
-800
-525
-1012
-2164
-3059
-2677
-887
1421
3075
3399
2423
700
-998
-2027
-2201
-1864
-1415
-862
16
1072
1603
981
-608
-2225
-2926
-2358
-811
1049
2488
3026
2724
2094
1603
1308
1030
754
690
954
1346
1521
1277
650
-130
-807
-1153
-1080
-712
-291
-11
83
48
-62
-233
-410
-462
-288
52
360
434
194
-298
-916
-1498
-1895
-2069
-2098
-2062
-1935
-1660
-1260
-851
-481
-65
444
949
1278
1320
1060
550
-59
-532
-670
-521
-316
-238
-307
-458
-656
-862
-989
-972
-806
-494
-43
494
947
1156
1157
1154
1287
1484
1599
1559
1360
1007
558
139
-112
-76
398
1544
3313
4978
5512
4367
1978
-623
-2604
-3621
-3673
-3017
-2139
-1458
-1048
-823
-941
-1687
-2868
-3551
-2806
-708
1693
3235
3390
2326
583
-1148
-2216
-2381
-1934
-1275
-464
632
1767
2179
1307
-509
-2217
-2909
-2362
-934
800
2201
2773
2497
1841
1328
1030
713
348
244
613
1198
1486
1156
292
-788
-1679
-1961
-1413
-267
880
1487
1445
1008
441
-143
-645
-874
-699
-225
244
395
78
-689
-1694
-2567
-2933
-2668
-1972
-1159
-443
100
428
498
367
197
168
351
688
1020
1149
938
411
-228
-728
-969
-1003
-959
-916
-857
-739
-569
-423
-374
-383
-322
-90
298
724
1113
1412
1537
1450
1196
894
615
348
171
230
551
962
1351
1932
2884
3841
4039
3045
1237
-651
-2170
-3151
-3452
-3073
-2408
-1918
-1632
-1264
-860
-919
-1593
-2213
-1931
-686
790
1776
2039
1623
642
-561
-1380
-1479
-1161
-876
-581
111
1162
1846
1538
400
-843
-1607
-1694
-1072
142
1489
2337
2451
2156
1841
1478
913
351
228
649
1195
1410
1169
558
-302
-1194
-1708
-1534
-808
7
570
860
928
708
198
-351
-585
-383
72
487
624
303
-514
-1613
-2569
-3020
-2922
-2472
-1825
-1030
-182
473
683
448
36
-212
-99
349
909
1255
1136
555
-234
-915
-1336
-1529
-1550
-1414
-1119
-734
-404
-252
-305
-461
-532
-359
65
623
1177
1579
1713
1537
1157
783
535
370
250
260
499
946
1571
2457
3533
4308
4127
2828
987
-680
-1893
-2675
-2991
-2764
-2193
-1634
-1204
-804
-557
-811
-1518
-1974
-1504
-243
1040
1781
1941
1650
916
-133
-1038
-1429
-1379
-1129
-623
330
1460
2012
1520
331
-832
-1547
-1772
-1464
-564
654
1639
2081
2122
1947
1448
526
-467
-952
-726
-109
486
876
971
620
-145
-937
-1295
-1130
-697
-224
261
705
889
646
113
-411
-728
-833
-760
-544
-321
-294
-548
-949
-1317
-1618
-1892
-2045
-1855
-1232
-358
444
940
1079
943
693
505
468
530
580
575
543
471
282
-75
-542
-990
-1287
-1331
-1116
-741
-369
-98
88
230
343
469
673
966
1275
1513
1686
1800
1754
1435
890
380
192
548
1569
3026
4239
4388
3158
1041
-1150
-2877
-3954
-4302
-3922
-3052
-2054
-1154
-454
-207
-726
-1839
-2737
-2644
-1544
-76
1142
1873
2036
1534
491
-643
-1435
-1796
-1771
-1224
-7
1512
2480
2331
1298
42
-1000
-1698
-1894
-1407
-359
826
1822
2583
3006
2735
1622
152
-829
-859
-149
814
1670
2185
2125
1430
394
-547
-1173
-1504
-1498
-1008
-93
832
1259
1013
327
-404
-868
-930
-660
-286
-83
-175
-477
-835
-1193
-1595
-2030
-2305
-2118
-1338
-195
830
1333
1246
803
309
-34
-163
-138
-65
-11
51
160
229
79
-381
-1008
-1514
-1702
-1580
-1286
-946
-620
-314
-2
354
738
1044
1163
1085
925
831
832
861
834
760
766
1060
1756
2685
3440
3586
2935
1626
20
-1468
-2527
-3047
-3117
-2872
-2358
-1624
-854
-364
-355
-715
-1103
-1228
-1000
-508
76
539
723
623
372
100
-179
-466
-603
-376
266
1080
1690
1878
1658
1167
557
-13
-393
-529
-459
-203
280
962
1604
1852
1565
919
231
-282
-552
-585
-416
-127
201
555
906
1112
995
543
-11
-381
-472
-384
-270
-215
-216
-216
-129
35
117
-96
-655
-1357
-1912
-2151
-2098
-1875
-1589
-1317
-1058
-771
-448
-175
-81
-169
-273
-205
80
452
731
803
664
411
174
22
-92
-269
-515
-728
-793
-720
-630
-622
-709
-791
-736
-473
-35
424
746
891
962
1092
1310
1508
1566
1459
1299
1265
1500
1988
2532
2858
2771
2262
1462
526
-441
-1342
-2068
-2474
-2459
-2025
-1303
-534
39
281
209
-57
-407
-786
-1156
-1455
-1596
-1525
-1277
-965
-715
-605
-602
-594
-470
-205
123
407
600
730
858
997
1103
1110
1020
896
847
942
1138
1297
1270
1010
605
195
-133
-375
-560
-687
-709
-566
-257
114
388
443
293
65
-79
-83
5
94
118
85
59
91
173
241
216
63
-207
-553
-929
-1300
-1627
-1843
-1879
-1693
-1291
-756
-222
184
380
363
207
16
-123
-173
-128
7
211
444
628
679
541
235
-147
-484
-694
-775
-768
-726
-659
-549
-389
-202
-34
97
216
377
609
877
1088
1157
1061
844
594
383
239
141
78
61
118
249
406
514
537
487
434
452
562
729
881
958
949
885
800
692
545
348
129
-70
-217
-320
-428
-591
-836
-1132
-1414
-1612
-1685
-1627
-1461
-1207
-892
-574
-318
-174
-141
-157
-139
-35
148
337
453
465
398
316
273
278
303
320
320
312
294
242
132
-30
-186
-243
-127
163
552
921
1176
1264
1193
1007
753
481
231
36
-100
-192
-285
-409
-574
-757
-910
-983
-948
-804
-589
-372
-227
-218
-344
-554
-748
-838
-778
-575
-287
8
232
319
233
-17
-371
-721
-953
-998
-860
-605
-328
-107
29
94
122
146
190
267
400
584
794
980
1079
1058
935
759
587
447
330
211
81
-45
-142
-193
-202
-174
-106
32
271
602
971
1288
1483
1531
1459
1307
1103
848
547
240
-20
-166
-189
-135
-85
-104
-206
-354
-501
-621
-717
-799
-867
-903
-892
-851
-818
-834
-891
-954
-975
-925
-825
-723
-671
-681
-732
-791
-833
-846
-822
-744
-605
-411
-197
-13
104
154
167
194
270
393
546
706
849
962
1036
1063
1050
1004
945
888
834
772
682
556
408
269
182
175
251
388
539
651
671
581
400
169
-49
-195
-251
-229
-168
-121
-125
-202
-344
-513
-669
-773
-800
-749
-647
-541
-472
-464
-509
-562
-581
-535
-423
-265
-88
74
192
246
219
108
-71
-274
-454
-577
-627
-614
-556
-474
-385
-297
-220
-160
-119
-82
-25
75
231
429
634
808
920
958
926
848
740
630
544
490
461
435
393
327
248
177
145
170
247
344
428
457
413
297
136
-33
-176
-264
-291
-274
-239
-220
-241
-311
-425
-563
-694
-788
-811
-759
-640
-473
-302
-165
-87
-66
-77
-89
-70
-4
102
218
311
351
325
243
138
47
0
8
57
115
149
145
116
92
110
185
303
421
486
459
327
125
-87
-243
-302
-261
-151
-33
27
-8
-142
-343
-557
-729
-814
-796
-692
-531
-357
-206
-97
-32
-3
15
39
83
147
224
311
396
452
461
406
285
117
-66
-227
-329
-353
-307
-218
-125
-51
-17
-24
-50
-59
-26
64
202
357
489
555
537
445
307
173
84
68
125
237
364
456
485
444
349
243
161
134
166
236
314
364
365
315
223
111
-1
-100
-174
-235
-295
-362
-441
-528
-612
-673
-699
-685
-633
-558
-476
-410
-379
-380
-407
-435
-434
-382
-272
-118
41
163
213
185
100
-1
-74
-93
-61
-4
48
67
53
31
38
105
248
446
659
825
889
836
686
488
309
202
192
262
362
438
438
340
148
-103
-357
-564
-691
-722
-672
-571
-452
-346
-266
-213
-177
-144
-104
-51
14
91
172
245
295
307
273
183
52
-96
-242
-356
-422
-437
-403
-333
-255
-189
-155
-157
-190
-231
-252
-228
-145
-18
124
245
315
312
246
144
47
-10
-4
63
163
263
337
365
358
342
338
360
401
442
462
439
363
243
104
-31
-136
-207
-246
-273
-301
-342
-394
-436
-449
-419
-340
-228
-97
19
88
103
70
9
-44
-58
-13
85
217
343
423
433
377
270
143
29
-49
-89
-106
-120
-146
-184
-225
-245
-220
-147
-38
86
184
234
227
173
104
56
41
63
103
130
119
63
-40
-166
-295
-399
-468
-500
-493
-461
-412
-359
-315
-267
-220
-167
-106
-46
13
62
106
138
159
175
181
180
160
123
77
19
-45
-100
-131
-141
-129
-98
-62
-29
-12
-11
-15
-5
29
90
175
275
372
449
491
519
534
533
524
498
462
426
373
315
250
187
135
90
51
16
-18
-53
-88
-127
-168
-213
-266
-328
-389
-449
-494
-519
-542
-546
-537
-516
-477
-442
-397
-337
-271
-203
-146
-108
-95
-100
-103
-83
-25
79
209
337
435
476
458
391
303
223
168
138
135
145
156
158
151
143
139
140
150
165
174
175
164
144
127
119
119
127
133
120
89
30
-52
-146
-238
-309
-348
-350
-315
-262
-209
-172
-156
-160
-171
-172
-151
-104
-33
47
113
155
165
140
93
37
-15
-53
-69
-70
-64
-59
-61
-76
-102
-142
-178
-200
-195
-153
-78
28
153
274
378
452
495
498
452
376
282
179
76
-16
-90
-144
-179
-196
-203
-198
-195
-200
-219
-248
-284
-329
-377
-426
-472
-500
-504
-482
-426
-348
-253
-153
-60
17
74
109
120
121
127
142
172
211
255
297
330
366
417
483
565
655
745
818
841
827
778
709
641
568
501
442
379
313
226
123
27
-51
-106
-131
-134
-133
-144
-179
-238
-301
-356
-389
-397
-401
-403
-428
-501
-615
-766
-921
-1037
-1092
-1076
-997
-887
-770
-671
-616
-593
-583
-555
-489
-381
-235
-84
44
128
156
145
119
104
121
172
238
297
327
314
270
223
207
265
411
643
935
1237
1489
1639
1641
1494
1222
863
471
104
-199
-414
-537
-583
-578
-553
-539
-551
-593
-657
-729
-783
-808
-793
-736
-643
-530
-404
-280
-166
-63
36
135
238
337
424
480
490
446
343
199
38
-103
-200
-237
-199
-97
43
191
317
401
440
450
459
495
578
705
864
1020
1135
1185
1141
1008
801
549
285
41
-153
-283
-352
-361
-332
-286
-253
-252
-294
-378
-497
-626
-747
-837
-882
-887
-853
-802
-745
-694
-662
-641
-625
-607
-587
-562
-533
-502
-480
-474
-489
-513
-533
-531
-495
-417
-302
-176
-62
21
74
112
168
289
519
876
1350
1870
2334
2623
2630
2316
1707
895
18
-762
-1318
-1589
-1574
-1332
-972
-622
-395
-338
-441
-647
-858
-980
-951
-766
-473
-149
130
310
360
299
190
92
63
135
301
527
750
884
867
682
350
-49
-417
-664
-717
-571
-264
125
507
795
927
885
708
486
319
287
430
726
1094
1415
1584
1550
1313
924
464
34
-272
-404
-357
-174
70
280
368
277
8
-382
-809
-1177
-1405
-1459
-1357
-1166
-960
-807
-731
-725
-770
-829
-854
-809
-677
-475
-240
-39
55
-5
-204
-472
-716
-870
-906
-849
-742
-631
-536
-458
-399
-380
-389
-383
-265
102
796
1751
2742
3460
3651
3225
2284
1070
-122
-1058
-1626
-1839
-1752
-1449
-1053
-726
-614
-756
-1081
-1438
-1640
-1526
-1038
-297
457
1000
1228
1135
798
338
-65
-244
-138
224
753
1329
1781
1916
1619
954
112
-679
-1221
-1362
-1054
-393
388
1046
1444
1544
1354
937
462
144
115
380
860
1453
2007
2317
2230
1765
1080
356
-269
-676
-777
-599
-302
-64
39
-1
-188
-520
-916
-1229
-1364
-1315
-1134
-873
-624
-517
-636
-938
-1269
-1496
-1567
-1479
-1231
-878
-531
-298
-225
-297
-506
-834
-1188
-1424
-1446
-1288
-1055
-816
-608
-479
-453
-490
-495
-392
-137
357
1205
2375
3570
4376
4488
3820
2482
777
-857
-2000
-2479
-2414
-2018
-1468
-926
-595
-615
-935
-1347
-1620
-1572
-1069
-112
1055
2018
2436
2217
1517
603
-221
-676
-603
-65
694
1397
1841
1907
1534
781
-151
-977
-1462
-1482
-1040
-261
620
1293
1535
1321
818
262
-143
-258
-24
489
1115
1677
2049
2177
2035
1645
1114
609
277
158
197
292
319
178
-152
-603
-1030
-1314
-1412
-1352
-1194
-1002
-845
-782
-833
-971
-1150
-1314
-1410
-1390
-1231
-982
-727
-540
-444
-426
-466
-544
-635
-718
-780
-820
-837
-831
-828
-854
-908
-942
-909
-792
-635
-479
-318
-66
420
1260
2425
3633
4461
4546
3765
2313
591
-940
-1943
-2320
-2212
-1850
-1439
-1136
-1052
-1229
-1577
-1892
-1955
-1604
-798
322
1439
2165
2249
1706
785
-152
-753
-797
-267
603
1462
1984
1988
1478
607
-357
-1118
-1458
-1310
-749
30
801
1339
1478
1204
658
92
-255
-247
108
683
1290
1741
1949
1927
1770
1565
1372
1255
1245
1312
1372
1307
1049
609
61
-461
-822
-952
-895
-761
-667
-670
-775
-950
-1141
-1290
-1354
-1335
-1257
-1156
-1078
-1055
-1108
-1210
-1302
-1330
-1263
-1121
-957
-851
-874
-1023
-1226
-1384
-1437
-1371
-1212
-999
-786
-621
-529
-524
-570
-532
-198
625
1928
3369
4428
4645
3838
2223
307
-1311
-2229
-2402
-2077
-1567
-1108
-844
-855
-1134
-1540
-1845
-1808
-1270
-226
1107
2316
2956
2805
1961
777
-305
-911
-841
-139
892
1826
2287
2086
1289
162
-912
-1559
-1579
-1009
-101
817
1468
1695
1475
936
317
-106
-187
73
546
1048
1379
1415
1202
901
700
698
884
1186
1490
1663
1598
1300
852
366
-49
-294
-348
-273
-199
-269
-524
-914
-1309
-1557
-1578
-1393
-1108
-873
-795
-894
-1096
-1314
-1480
-1559
-1528
-1379
-1148
-902
-753
-800
-1063
-1453
-1778
-1861
-1658
-1271
-864
-563
-418
-403
-466
-567
-664
-603
-140
910
2409
3853
4623
4322
2986
1068
-750
-1880
-2132
-1762
-1208
-784
-632
-786
-1207
-1727
-2064
-1990
-1412
-393
845
1941
2499
2311
1530
525
-326
-739
-577
130
1129
2006
2401
2155
1358
292
-674
-1184
-1056
-402
464
1191
1546
1493
1112
564
81
-140
-12
383
854
1213
1318
1112
678
231
29
210
698
1289
1760
1932
1724
1183
497
-84
-399
-423
-228
51
234
137
-309
-995
-1678
-2110
-2154
-1821
-1266
-734
-453
-500
-769
-1082
-1304
-1387
-1341
-1200
-1013
-867
-843
-983
-1267
-1605
-1851
-1868
-1612
-1171
-710
-375
-212
-186
-236
-312
-347
-197
321
1283
2504
3545
3960
3538
2389
884
-476
-1263
-1375
-1063
-685
-449
-413
-648
-1161
-1754
-2065
-1833
-1071
23
1168
2010
2201
1656
702
-179
-668
-700
-309
417
1234
1775
1763
1207
325
-623
-1354
-1589
-1200
-368
498
1061
1212
1036
652
215
-70
-41
272
660
926
991
846
508
82
-209
-160
241
804
1316
1637
1673
1391
901
446
239
303
510
737
911
940
725
269
-282
-748
-1022
-1059
-849
-488
-203
-209
-519
-929
-1205
-1241
-1057
-754
-484
-391
-537
-873
-1293
-1703
-2011
-2130
-1990
-1622
-1160
-775
-583
-586
-680
-752
-734
-595
-267
349
1224
2107
2648
2613
1986
947
-168
-966
-1227
-1074
-825
-679
-624
-641
-818
-1190
-1567
-1676
-1370
-681
255
1181
1715
1585
897
77
-473
-621
-409
95
772
1377
1644
1469
956
296
-311
-657
-581
-114
488
918
1057
989
830
642
474
425
539
739
891
924
833
609
282
-4
-47
223
671
1087
1345
1402
1248
936
622
470
534
724
923
1068
1094
934
574
107
-339
-682
-893
-951
-860
-707
-640
-739
-960
-1186
-1313
-1295
-1140
-902
-683
-584
-641
-841
-1161
-1547
-1904
-2101
-2064
-1827
-1502
-1223
-1067
-1020
-1001
-940
-795
-518
-52
594
1287
1802
1963
1700
1078
322
-276
-541
-539
-463
-427
-435
-481
-603
-798
-971
-1025
-891
-515
108
825
1363
1510
1276
831
373
62
9
235
653
1087
1367
1386
1123
670
198
-121
-199
-57
202
447
607
687
726
737
708
666
651
681
740
797
797
684
441
126
-110
-157
-10
252
511
646
587
354
61
-154
-201
-89
128
375
586
707
704
577
344
37
-290
-554
-672
-626
-494
-397
-420
-574
-796
-981
-1041
-960
-821
-724
-716
-796
-948
-1149
-1367
-1556
-1669
-1675
-1565
-1363
-1144
-971
-855
-773
-677
-524
-273
90
534
980
1330
1490
1415
1142
770
412
132
-56
-166
-213
-200
-148
-103
-116
-212
-348
-431
-356
-79
345
775
1061
1117
957
670
377
179
125
201
346
483
540
471
286
39
-195
-357
-417
-376
-256
-79
134
366
584
737
794
774
724
685
681
701
701
626
456
234
34
-84
-109
-54
36
103
111
63
4
-29
-8
74
204
351
478
559
583
548
447
284
82
-125
-303
-429
-497
-526
-550
-597
-668
-744
-792
-787
-741
-685
-665
-707
-811
-953
-1083
-1157
-1153
-1080
-957
-815
-682
-578
-503
-420
-280
-45
281
647
967
1161
1186
1062
846
600
364
161
-6
-129
-193
-205
-201
-228
-314
-457
-615
-712
-686
-516
-254
16
220
311
282
176
66
25
83
223
387
501
506
387
185
-35
-208
-293
-292
-221
-116
-6
97
187
263
339
429
548
691
838
972
1052
1051
969
831
680
549
460
422
417
413
380
311
214
109
23
-20
5
89
212
340
443
490
469
385
263
136
30
-46
-105
-169
-256
-377
-518
-653
-755
-809
-818
-804
-795
-819
-890
-1003
-1128
-1226
-1265
-1233
-1146
-1030
-918
-830
-746
-634
-460
-217
72
360
593
728
750
670
523
356
212
118
79
80
88
66
-2
-110
-228
-335
-411
-446
-438
-387
-307
-214
-121
-41
19
59
105
182
292
414
517
562
519
392
215
50
-58
-85
-32
68
169
230
236
201
158
148
203
331
514
718
898
1026
1080
1067
1001
906
807
725
661
616
573
518
446
360
270
198
150
137
154
186
216
224
201
139
52
-36
-107
-142
-145
-134
-138
-183
-290
-450
-643
-831
-978
-1067
-1094
-1079
-1052
-1043
-1066
-1115
-1173
-1213
-1216
-1166
-1065
-927
-778
-635
-506
-396
-305
-217
-128
-40
42
111
160
188
198
203
216
245
279
309
326
325
298
246
180
102
14
-73
-146
-192
-209
-194
-141
-55
56
183
317
449
570
669
734
761
746
690
610
533
476
460
484
536
585
602
574
505
413
325
268
257
289
346
408
456
479
473
451
436
428
418
400
365
303
208
96
-18
-115
-187
-225
-235
-231
-232
-254
-300
-367
-435
-489
-514
-498
-450
-387
-334
-311
-325
-381
-466
-557
-631
-676
-692
-686
-667
-673
-706
-748
-788
-782
-727
-620
-460
-284
-122
-19
13
-15
-75
-129
-146
-116
-40
60
158
232
274
288
274
258
246
248
263
271
259
210
118
3
-119
-223
-293
-306
-265
-187
-86
14
89
130
141
136
140
168
222
299
382
443
473
458
422
380
337
311
298
298
308
312
306
280
235
199
184
191
222
261
306
347
362
360
337
309
294
278
270
258
231
201
165
125
82
28
-28
-89
-149
-207
-253
-287
-316
-335
-341
-334
-315
-302
-294
-300
-324
-351
-384
-422
-445
-458
-453
-432
-419
-401
-379
-350
-314
-281
-242
-200
-162
-130
-111
-107
-116
-135
-145
-143
-124
-84
-30
26
66
84
79
57
27
5
0
17
44
79
108
120
115
92
61
28
11
19
47
91
137
169
181
173
148
119
97
94
110
143
179
206
214
217
216
216
223
224
237
253
261
261
250
227
193
166
147
140
143
145
147
142
128
106
83
64
49
45
49
56
61
58
46
30
2
-33
-71
-109
-142
-170
-190
-204
-219
-234
-255
-280
-297
-307
-306
-297
-285
-278
-278
-283
-295
-306
-312
-302
-278
-241
-196
-156
-130
-119
-125
-139
-151
-153
-145
-125
-102
-83
-73
-73
-82
-86
-83
-69
-45
-20
-3
-2
-15
-36
-53
-58
-45
-14
32
83
130
158
169
162
142
128
128
152
198
242
274
289
280
264
246
240
259
289
334
380
409
423
418
402
390
382
378
387
403
425
429
411
373
318
260
206
160
130
106
84
67
43
15
-17
-50
-80
-106
-126
-137
-147
-162
-183
-216
-257
-301
-344
-388
-417
-435
-450
-462
-482
-500
-510
-523
-526
-525
-521
-504
-483
-457
-431
-416
-395
-377
-366
-356
-354
-346
-337
-327
-313
-301
-283
-256
-218
-175
-130
-96
-69
-60
-60
-60
-54
-34
-3
37
80
120
148
163
170
179
198
236
291
355
422
477
518
539
543
546
553
575
615
653
689
705
700
681
648
616
598
593
606
618
617
605
576
539
506
474
457
449
445
441
416
365
294
204
105
8
-83
-157
-225
-296
-370
-445
-527
-608
-680
-733
-764
-774
-768
-751
-739
-729
-724
-723
-724
-729
-727
-713
-694
-672
-650
-631
-611
-593
-574
-554
-530
-499
-458
-418
-377
-340
-305
-274
-246
-213
-178
-138
-94
-46
4
53
94
131
166
200
234
266
296
319
334
343
349
347
348
350
355
366
379
393
407
413
413
410
408
413
425
448
473
496
515
528
528
521
509
497
488
478
470
458
435
407
375
342
308
282
262
248
238
221
206
186
163
142
124
109
97
82
67
40
2
-49
-108
-170
-238
-304
-367
-426
-483
-534
-576
-612
-634
-649
-657
-659
-657
-654
-649
-641
-635
-624
-605
-579
-546
-503
-455
-408
-364
-325
-291
-264
-246
-239
-235
-235
-238
-241
-235
-222
-199
-168
-135
-98
-59
-22
14
50
83
114
142
168
192
218
241
260
278
294
308
321
336
350
366
380
394
408
421
435
449
460
471
478
482
484
480
475
468
462
452
440
426
413
397
385
376
369
361
349
339
326
310
293
276
255
231
202
169
131
88
46
2
-41
-84
-121
-154
-184
-215
-244
-271
-301
-333
-361
-386
-411
-437
-461
-490
-518
-544
-570
-593
-613
-629
-638
-643
-646
-641
-630
-611
-583
-552
-512
-470
-423
-372
-322
-276
-234
-193
-158
-129
-105
-88
-71
-61
-55
-49
-39
-27
-12
8
26
47
70
97
130
160
193
230
267
303
337
370
398
423
443
459
473
481
488
494
497
494
491
488
479
467
452
439
426
410
393
376
360
343
328
317
302
288
272
256
242
228
212
195
174
150
121
89
55
19
-15
-49
-85
-123
-159
-194
-226
-257
-285
-305
-321
-332
-339
-342
-346
-349
-351
-353
-356
-357
-355
-357
-360
-365
-371
-377
-386
-392
-397
-401
-405
-409
-410
-412
-413
-409
-401
-389
-371
-347
-320
-291
-262
-231
-201
-176
-154
-132
-112
-99
-87
-76
-69
-61
-52
-38
-22
-1
24
53
87
126
168
214
261
306
352
399
444
486
523
554
582
601
616
628
636
642
645
642
636
626
615
601
583
567
548
524
503
477
450
421
388
354
316
273
229
186
142
96
54
7
-35
-79
-124
-167
-209
-247
-283
-317
-352
-386
-422
-452
-484
-517
-544
-568
-587
-607
-624
-633
-639
-642
-642
-640
-634
-624
-612
-596
-580
-566
-547
-527
-507
-486
-463
-435
-409
-382
-352
-320
-287
-251
-214
-176
-135
-93
-49
-5
39
81
120
157
192
226
256
285
311
337
361
384
403
422
443
465
487
507
522
538
555
570
585
593
599
609
614
617
615
605
595
582
569
552
527
504
480
453
425
391
356
318
276
235
190
146
101
57
13
-34
-82
-127
-173
-220
-263
-305
-345
-385
-422
-456
-485
-509
-535
-557
-573
-583
-588
-592
-593
-593
-591
-583
-573
-563
-554
-541
-523
-503
-484
-460
-434
-407
-377
-347
-316
-284
-252
-218
-185
-152
-119
-85
-47
-14
18
52
84
113
137
164
193
218
243
265
289
310
329
348
363
373
387
400
413
420
419
423
424
423
420
410
400
391
380
372
359
338
324
307
290
273
252
235
218
197
177
155
134
112
90
71
50
27
5
-17
-40
-61
-81
-103
-125
-148
-169
-187
-204
-224
-238
-255
-267
-276
-288
-295
-302
-305
-299
-300
-298
-296
-292
-281
-275
-270
-259
-249
-235
-220
-207
-191
-179
-165
-149
-136
-123
-109
-94
-78
-66
-55
-43
-33
-22
-10
2
13
23
34
44
54
64
73
82
91
99
107
118
130
137
145
154
160
167
172
178
186
194
202
211
212
214
218
218
219
215
209
204
196
189
179
165
152
139
125
111
92
73
57
40
24
9
-3
-15
-27
-39
-50
-62
-72
-83
-90
-95
-98
-100
-104
-107
-111
-116
-116
-120
-125
-125
-128
-128
-128
-131
-133
-135
-136
-136
-137
-136
-135
-131
-125
-122
-116
-111
-107
-100
-93
-87
-78
-71
-62
-53
-44
-33
-25
-14
-5
2
10
16
23
30
37
41
46
50
52
57
63
68
74
80
81
84
85
88
92
93
96
100
102
102
104
106
107
108
109
108
105
106
107
105
101
98
97
94
88
85
79
77
72
65
59
51
43
36
28
22
13
3
-8
-21
-33
-45
-56
-67
-76
-87
-95
-100
-110
-115
-119
-123
-125
-125
-124
-123
-124
-122
-116
-110
-106
-101
-94
-89
-84
-78
-73
-68
-64
-57
-54
-49
-44
-38
-34
-28
-23
-20
-13
-8
-3
4
9
10
14
18
21
25
31
36
41
44
46
47
51
55
56
58
61
65
66
68
70
72
74
76
75
77
78
78
80
79
80
79
78
77
75
73
74
71
65
63
59
54
52
47
44
39
33
31
24
18
14
8
3
-2
-8
-13
-19
-24
-30
-34
-40
-42
-47
-51
-57
-63
-67
-71
-75
-78
-82
-85
-87
-89
-91
-94
-97
-95
-95
-91
-87
-88
-88
-88
-84
-80
-76
-72
-68
-62
-57
-54
-49
-44
-40
-36
-31
-24
-18
-11
-7
-1
5
14
21
28
32
37
42
46
52
56
62
67
69
73
77
78
78
78
80
81
81
80
79
78
78
79
81
80
76
75
75
73
72
71
72
68
66
66
66
66
64
62
61
55
50
45
41
36
33
26
19
12
5
-4
-11
-19
-28
-37
-45
-53
-61
-69
-78
-87
-93
-101
-107
-112
-116
-120
-124
-127
-128
-129
-131
-129
-126
-125
-122
-120
-116
-108
-105
-99
-94
-86
-77
-71
-65
-57
-48
-40
-32
-23
-16
-10
-4
3
8
13
17
22
25
29
36
42
47
53
58
64
68
72
78
85
92
96
100
104
108
110
111
114
116
119
120
123
123
124
122
122
122
121
120
121
119
117
110
106
99
92
85
76
68
57
48
38
29
19
8
-1
-12
-25
-37
-49
-56
-66
-74
-83
-92
-102
-110
-116
-123
-130
-135
-140
-144
-148
-149
-154
-155
-154
-156
-157
-153
-151
-147
-142
-136
-130
-125
-116
-108
-99
-90
-83
-72
-65
-57
-49
-38
-27
-16
-5
5
14
25
36
44
53
62
70
77
83
88
93
97
99
102
106
109
112
114
115
117
118
118
117
117
116
115
112
111
110
106
104
98
94
91
85
82
76
71
68
61
57
53
48
41
36
30
24
19
13
4
0
-6
-13
-18
-26
-33
-41
-47
-52
-56
-61
-66
-70
-76
-82
-88
-91
-94
-99
-101
-103
-104
-105
-106
-105
-107
-108
-107
-105
-103
-100
-97
-95
-94
-89
-85
-79
-73
-68
-60
-54
-49
-42
-33
-25
-16
-9
0
7
12
18
23
30
38
45
51
57
63
65
72
78
81
84
85
88
92
91
91
90
90
89
85
81
76
73
69
64
59
54
50
44
43
39
33
29
26
23
19
16
13
11
9
7
5
1
-3
-7
-11
-11
-11
-14
-16
-18
-21
-21
-23
-28
-30
-32
-31
-32
-32
-31
-35
-37
-38
-40
-40
-41
-44
-42
-43
-45
-44
-43
-43
-42
-41
-38
-37
-35
-31
-30
-28
-26
-23
-19
-17
-14
-10
-9
-6
-2
3
5
7
8
11
11
13
15
17
18
19
20
21
22
22
20
21
19
17
15
14
15
16
17
17
19
18
19
20
21
22
22
21
20
19
18
18
17
15
15
13
10
10
8
6
5
4
5
4
1
0
0
0
0
-1
-2
-3
-3
-4
-6
-8
-8
-10
-12
-11
-10
-10
-7
-7
-7
-6
-8
-9
-9
-10
-9
-7
-5
-6
-5
-5
-4
-4
-5
-3
-4
-3
-4
-4
-2
-1
-2
-2
-2
0
1
0
0
-3
-2
-2
-2
0
0
-1
-1
-2
-1
-2
-3
-1
-3
-4
-4
-5
-4
-5
-4
-2
-1
1
2
2
1
0
0
-1
0
-1
0
2
3
4
4
4
5
7
8
9
9
10
9
7
8
6
7
7
9
7
5
4
4
