7
4
-4
-4
5
14
11
9
12
24
29
11
3
17
21
18
20
26
29
12
1
6
13
17
14
11
12
9
-1
-3
2
5
3
-1
-3
-2
-3
-5
-7
0
1
-6
-4
2
-5
-15
-9
-5
-9
-1
2
-5
-5
-11
-18
-10
-8
-8
-4
-4
-10
-20
-15
-2
-3
-6
-6
-1
-5
-10
-4
2
6
-1
-5
2
5
3
1
5
4
-7
-12
4
8
0
3
6
6
-7
-15
-6
-1
4
4
1
1
-1
-3
-5
5
5
-7
3
7
2
6
4
16
6
-9
-3
-3
6
2
10
19
8
22
22
-8
-12
12
17
11
29
34
37
35
13
7
33
48
26
41
89
71
9
-12
7
28
46
57
75
41
-54
-83
-17
39
19
18
2
-75
-71
-28
24
76
36
-54
-105
-28
62
29
5
24
-3
-50
-60
-10
0
-51
-78
-80
-54
-88
-148
-144
-165
-208
-232
-213
-194
-278
-335
-347
-351
-336
-336
-326
-297
-294
-363
-387
-303
-247
-194
-93
-37
-44
-35
-29
26
247
439
472
432
336
305
505
768
868
884
806
655
598
695
875
988
893
592
421
492
562
647
623
416
165
-50
-18
149
153
47
-126
-313
-433
-424
-245
-188
-372
-580
-692
-657
-516
-396
-323
-330
-440
-459
-258
-48
-3
-108
-293
-396
-369
-293
-153
-115
-314
-608
-800
-739
-564
-486
-553
-855
-1235
-1408
-1314
-1044
-882
-1036
-1420
-1767
-1822
-1551
-1137
-821
-714
-776
-897
-816
-453
45
478
696
819
931
1059
1307
1636
1989
2287
2448
2509
2527
2555
2572
2613
2728
2758
2601
2325
2029
1792
1597
1431
1309
1147
832
418
96
-142
-381
-582
-754
-864
-944
-1115
-1325
-1489
-1591
-1612
-1586
-1546
-1554
-1589
-1624
-1647
-1593
-1492
-1387
-1297
-1226
-1152
-1086
-1004
-943
-928
-871
-774
-653
-534
-474
-470
-448
-386
-270
-66
214
557
1047
1533
1655
1280
672
376
716
1425
1916
1791
1070
195
-184
273
1203
1776
1361
102
-1157
-1597
-996
118
792
289
-1288
-2904
-3434
-2648
-1309
-469
-655
-1592
-2534
-2741
-1976
-767
31
39
-404
-656
-349
379
1143
1642
1780
1748
1872
2294
2778
2972
2854
2687
2685
2848
3018
3022
2733
2173
1604
1362
1460
1565
1393
879
158
-491
-832
-793
-579
-601
-1048
-1695
-2153
-2205
-1984
-1767
-1742
-1956
-2238
-2299
-2039
-1608
-1285
-1267
-1424
-1486
-1338
-1013
-662
-453
-468
-682
-862
-725
-312
60
153
-23
-272
-384
-216
251
735
888
828
1028
1568
1865
1422
613
251
598
1241
1617
1417
629
-383
-867
-285
908
1563
995
-430
-1738
-2099
-1280
183
1078
367
-1685
-3543
-3804
-2471
-804
-64
-630
-1972
-3014
-2862
-1505
63
691
163
-680
-922
-317
769
1766
2231
2073
1711
1807
2497
3213
3411
3172
2932
2902
2996
3120
3162
2896
2304
1790
1731
1974
1951
1388
574
-101
-514
-656
-575
-536
-907
-1666
-2287
-2330
-1983
-1755
-1855
-2121
-2365
-2444
-2211
-1719
-1332
-1365
-1665
-1808
-1571
-1088
-660
-526
-725
-1032
-1110
-825
-376
-73
-66
-298
-540
-492
-86
341
500
643
1173
1801
1746
859
-18
-33
731
1525
1721
1170
100
-852
-896
123
1332
1532
412
-1180
-2125
-1859
-585
741
852
-767
-3056
-4146
-3224
-1314
-105
-413
-1802
-3177
-3468
-2281
-365
808
412
-857
-1576
-1029
376
1774
2502
2326
1645
1373
2111
3417
4268
4203
3656
3266
3279
3613
4037
4199
3838
3149
2664
2598
2610
2322
1767
1188
688
274
-20
-271
-702
-1378
-1976
-2143
-1977
-1906
-2176
-2629
-2943
-2951
-2665
-2242
-2020
-2252
-2733
-2932
-2536
-1829
-1346
-1298
-1542
-1813
-1850
-1505
-907
-507
-621
-947
-915
-483
-60
252
785
1438
1416
480
-374
-201
720
1369
1197
492
-261
-688
-421
481
1244
1028
-192
-1448
-1776
-1086
113
1048
851
-698
-2623
-3335
-2174
-313
496
-280
-1796
-2759
-2420
-986
661
1376
587
-822
-1308
-280
1467
2677
2802
2174
1464
1432
2456
3885
4559
4039
3029
2597
3011
3697
4116
4026
3411
2601
2121
2234
2533
2354
1648
881
326
-57
-345
-543
-763
-1218
-1828
-2221
-2296
-2322
-2525
-2804
-2930
-2909
-2868
-2796
-2674
-2627
-2716
-2751
-2478
-2001
-1690
-1665
-1754
-1731
-1463
-998
-533
-341
-542
-853
-767
-154
510
737
751
1109
1648
1605
860
205
289
876
1268
1127
583
-131
-643
-521
252
981
783
-382
-1633
-2150
-1701
-501
687
710
-871
-2928
-3629
-2399
-478
520
-3
-1453
-2655
-2634
-1240
611
1447
634
-823
-1365
-457
1159
2434
2800
2218
1306
1148
2258
3841
4568
4050
3100
2643
2906
3554
4113
4184
3630
2826
2424
2609
2865
2660
2065
1442
870
292
-154
-346
-503
-908
-1458
-1848
-2058
-2354
-2757
-2976
-2919
-2802
-2775
-2771
-2756
-2861
-3051
-2978
-2487
-1917
-1704
-1936
-2257
-2302
-2037
-1526
-953
-711
-902
-1105
-904
-405
115
779
1688
2098
1336
70
-334
573
1810
2173
1458
297
-629
-780
43
1256
1637
497
-1319
-2281
-1788
-450
712
750
-674
-2734
-3744
-2723
-642
563
-70
-1793
-3056
-2841
-1239
729
1631
761
-948
-1717
-668
1344
2788
2952
2127
1132
962
2061
3738
4676
4182
2980
2355
2739
3629
4303
4316
3650
2665
2085
2398
3065
3127
2314
1190
449
225
241
237
-55
-804
-1748
-2343
-2303
-1986
-2004
-2432
-2909
-3245
-3391
-3274
-2931
-2660
-2745
-3025
-3062
-2763
-2344
-1957
-1709
-1639
-1659
-1626
-1324
-806
-448
-335
-212
20
207
417
1096
2119
2413
1528
497
467
1411
2295
2281
1503
531
-150
-67
856
1820
1628
25
-1730
-2294
-1558
-314
439
-139
-2021
-3962
-4365
-2930
-1137
-699
-1858
-3375
-3881
-2988
-1293
156
382
-690
-1837
-1660
-82
1616
2267
1864
1204
1045
1776
3196
4427
4565
3664
2827
2996
3912
4674
4804
4360
3597
2901
2789
3379
3976
3759
2736
1623
1006
882
941
916
527
-343
-1307
-1791
-1713
-1520
-1653
-2084
-2606
-3125
-3430
-3288
-2822
-2520
-2736
-3238
-3482
-3231
-2634
-2023
-1752
-1950
-2331
-2451
-2065
-1375
-734
-439
-635
-1020
-859
215
1419
1488
433
-383
24
1150
1759
1394
619
35
-68
443
1248
1587
899
-457
-1376
-1158
-141
722
545
-878
-2735
-3581
-2682
-948
-112
-1017
-2794
-3764
-3130
-1454
112
536
-371
-1624
-1883
-634
1313
2507
2342
1509
1039
1567
3002
4433
4870
4181
3213
3080
3939
4870
5045
4466
3621
3028
3023
3480
3792
3461
2490
1436
906
834
829
731
292
-585
-1541
-2148
-2152
-1805
-1800
-2253
-2819
-3308
-3522
-3374
-3059
-2794
-2811
-3067
-3207
-3066
-2745
-2386
-2082
-1918
-1967
-2097
-1993
-1503
-775
-342
-457
-712
-457
501
1416
1248
299
-266
148
1106
1586
1157
392
-113
-61
609
1314
1347
574
-463
-953
-591
139
612
343
-839
-2336
-2956
-2187
-902
-496
-1469
-2913
-3455
-2693
-1292
-214
-183
-1109
-1931
-1650
-223
1421
2185
1848
1168
984
1730
3248
4603
4828
3964
3026
3038
4053
5122
5369
4742
3705
2894
2843
3467
3966
3648
2559
1397
809
756
793
663
217
-627
-1593
-2157
-2141
-1889
-1944
-2520
-3187
-3496
-3467
-3225
-2918
-2822
-2969
-3175
-3201
-2854
-2348
-2059
-1932
-1838
-1798
-1679
-1207
-499
-19
-45
-147
322
1229
1438
664
1
242
997
1369
849
-26
-464
-378
157
837
904
84
-1005
-1602
-1307
-461
120
-114
-1202
-2652
-3362
-2573
-1098
-508
-1409
-3037
-3955
-3358
-1829
-521
-217
-1149
-2412
-2536
-1123
851
2071
1924
1077
700
1320
2777
4417
5214
4751
3840
3572
4250
5340
5977
5784
5118
4422
4019
4216
4620
4486
3774
2888
2191
1884
1645
1217
728
101
-704
-1302
-1624
-1861
-2130
-2636
-3278
-3722
-3920
-3854
-3606
-3537
-3819
-4231
-4341
-3972
-3423
-3061
-3047
-3150
-2989
-2591
-1913
-1050
-599
-624
-552
21
1145
1699
1071
368
492
1280
2024
1879
1115
497
140
350
1027
1353
849
-292
-1258
-1311
-738
-210
-258
-1179
-2524
-3453
-3179
-1940
-1211
-1788
-3043
-3866
-3456
-2187
-1085
-690
-1290
-2317
-2444
-1223
566
1707
1561
844
633
1352
2867
4404
5029
4506
3615
3576
4664
5915
6388
5921
5068
4475
4405
4804
5202
4920
3868
2760
2199
2128
2074
1679
1038
312
-542
-1257
-1523
-1576
-1827
-2424
-3143
-3620
-3856
-3979
-3919
-3748
-3792
-4122
-4376
-4234
-3815
-3467
-3316
-3163
-2889
-2715
-2473
-1821
-1051
-569
-264
126
930
1508
1047
456
765
1726
2527
2362
1382
677
584
975
1684
1980
1301
-32
-1060
-1140
-507
95
-27
-1049
-2484
-3654
-3705
-2514
-1609
-2063
-3331
-4424
-4339
-3128
-1992
-1468
-1711
-2689
-3217
-2442
-856
599
1083
628
244
697
1931
3518
4658
4724
4097
3913
4669
5861
6684
6629
5986
5378
5082
5237
5765
5898
5174
3995
3026
2683
2741
2582
2004
1105
-17
-937
-1295
-1200
-1271
-2007
-3078
-3867
-4108
-3902
-3640
-3636
-4030
-4719
-5091
-4730
-3960
-3468
-3678
-4083
-4099
-3608
-2577
-1562
-1219
-1198
-1039
-355
862
1297
886
712
1095
1693
2079
1842
1514
1479
1402
1484
1715
1717
1128
283
-296
-391
-225
-124
-549
-1504
-2556
-3235
-2890
-2050
-2089
-3103
-4053
-4286
-3574
-2618
-2216
-2330
-2821
-3240
-2780
-1395
-213
17
-310
-353
336
1582
2804
3598
3824
3522
3396
4210
5504
6291
6248
5719
5263
5226
5522
5918
6065
5508
4530
3849
3722
3675
3221
2463
1694
967
290
-227
-584
-903
-1538
-2452
-3026
-3340
-3520
-3585
-3776
-3997
-4329
-4693
-4693
-4281
-3891
-3645
-3723
-4028
-3994
-3558
-2516
-1655
-1418
-1340
-917
74
575
397
306
951
1803
2198
1848
1328
1361
1591
1983
2314
2153
1414
608
235
419
717
606
4
-978
-2064
-2759
-2552
-1913
-1902
-2943
-4234
-4725
-4121
-3101
-2658
-2968
-3700
-4164
-3730
-2430
-1215
-861
-1178
-1383
-762
535
1894
2803
3023
2729
2638
3448
4918
6046
6117
5451
4966
5242
6023
6710
6849
6178
5138
4464
4461
4829
4791
3987
2818
1825
1210
1012
935
536
-279
-1384
-2317
-2744
-2843
-2876
-3084
-3592
-4276
-4784
-4772
-4347
-4054
-4070
-4390
-4621
-4483
-4072
-3307
-2452
-2266
-2345
-2058
-1218
108
484
-32
-293
235
1142
1803
1613
1059
814
905
1477
1932
1905
1178
343
59
228
482
518
42
-948
-1949
-2587
-2237
-1451
-1459
-2505
-3779
-4269
-3621
-2580
-2079
-2384
-3294
-3851
-3411
-1988
-562
-213
-772
-1281
-945
416
2087
3126
3225
2568
2293
3268
4919
6135
6203
5413
4803
4979
5726
6612
6827
5994
4761
3969
4074
4574
4503
3683
2485
1437
836
725
796
518
-386
-1651
-2488
-2745
-2646
-2547
-2832
-3427
-4121
-4717
-4664
-4122
-3763
-3849
-4234
-4459
-4151
-3228
-2630
-2257
-1996
-1795
-1034
-633
-674
-595
26
727
1091
909
464
625
1030
1465
1731
1586
985
285
91
339
614
548
-168
-1150
-1886
-2214
-2068
-1654
-1681
-2500
-3440
-3961
-3587
-2662
-2171
-2440
-3183
-3728
-3452
-2241
-1018
-668
-1096
-1482
-1003
228
1517
2335
2513
2282
2196
2893
4171
5280
5585
5181
4790
4944
5568
6309
6684
6229
5365
4664
4550
4869
4931
4318
3314
2404
1811
1636
1438
1002
260
-653
-1321
-1712
-1862
-2163
-2628
-3013
-3452
-3838
-4036
-4044
-4044
-4087
-4307
-4426
-4266
-3987
-3396
-3011
-2829
-2648
-2236
-1300
-876
-1055
-1115
-546
343
984
763
249
370
835
1542
1957
1728
993
252
91
606
1111
1024
96
-1153
-1879
-1970
-1533
-1105
-1441
-2596
-3666
-4055
-3407
-2368
-1991
-2399
-3334
-3902
-3495
-2192
-933
-583
-1141
-1701
-1310
-41
1412
2216
2236
1847
1743
2491
3783
4848
5090
4720
4353
4574
5301
6018
6324
5972
5253
4670
4666
4938
4947
4453
3534
2643
2036
1797
1606
1195
500
-450
-1196
-1485
-1655
-1911
-2251
-2767
-3357
-3662
-3799
-3693
-3583
-3801
-4091
-4200
-3728
-3089
-2742
-2709
-2630
-2392
-1576
-633
-688
-952
-1020
-634
315
1002
720
214
125
262
909
1593
1599
840
72
-253
-28
668
797
-68
-1141
-2015
-2305
-1721
-1172
-1556
-2588
-3563
-3858
-3185
-2311
-2058
-2586
-3340
-3651
-3179
-1954
-1060
-1019
-1429
-1629
-1117
10
1147
1737
1782
1511
1627
2434
3600
4465
4525
4171
4017
4386
5072
5629
5698
5258
4700
4521
4674
4838
4724
4148
3408
2897
2666
2467
2178
1556
659
-30
-373
-641
-1056
-1562
-2214
-2756
-2957
-3099
-3243
-3432
-3674
-3970
-4013
-3798
-3403
-2999
-2899
-2840
-2752
-1956
-1120
-1005
-1093
-1092
-699
-32
494
376
263
327
540
1034
1449
1456
947
648
604
636
814
721
76
-746
-1448
-1766
-1461
-1246
-1899
-2891
-3461
-3454
-2989
-2687
-2805
-3225
-3578
-3516
-3034
-2241
-1742
-1835
-1993
-1662
-962
-23
766
1076
1147
1176
1683
2599
3462
3855
3674
3554
3809
4327
4868
5226
5113
4637
4265
4237
4504
4621
4265
3559
2925
2543
2350
2284
2065
1431
588
-79
-316
-272
-464
-1039
-1775
-2324
-2555
-2561
-2490
-2705
-3099
-3470
-3554
-3129
-2573
-2419
-2457
-2351
-2205
-1509
-940
-928
-838
-584
-274
187
434
335
421
693
913
1101
1291
1180
919
757
643
610
708
497
-94
-710
-1268
-1409
-1234
-1249
-1798
-2597
-3121
-3089
-2709
-2586
-2862
-3354
-3549
-3351
-2827
-2310
-2234
-2312
-2214
-1721
-913
-226
56
241
502
905
1694
2438
2828
2864
2808
3042
3672
4256
4401
4196
3866
3778
3963
4269
4283
3849
3245
2737
2599
2660
2578
2154
1492
781
378
355
375
210
-406
-1104
-1500
-1621
-1585
-1613
-1839
-2284
-2642
-2770
-2607
-2294
-2046
-2096
-2294
-2119
-1808
-1194
-637
-770
-991
-723
-172
351
651
406
197
428
777
1188
1458
1325
828
583
703
892
1057
834
156
-601
-1051
-1123
-894
-858
-1557
-2531
-3068
-2949
-2468
-2171
-2438
-3087
-3526
-3414
-2780
-2059
-1849
-2165
-2489
-2272
-1453
-498
79
197
94
205
886
1861
2595
2742
2533
2475
2864
3520
3962
3998
3701
3365
3291
3603
3886
3677
3112
2480
2201
2220
2206
1925
1346
656
138
37
73
-29
-529
-1212
-1519
-1558
-1498
-1517
-1737
-2117
-2329
-2281
-2149
-1870
-1626
-1551
-1592
-1378
-1091
-609
87
-8
-439
-388
109
746
1167
812
265
368
799
1368
1625
1338
612
137
421
899
1132
931
80
-826
-1111
-1020
-637
-531
-1351
-2505
-3132
-2958
-2308
-1996
-2268
-2974
-3685
-3624
-2982
-2128
-1628
-2048
-2640
-2514
-1714
-615
122
134
-92
-125
441
1475
2273
2522
2239
2016
2385
2949
3445
3740
3512
3085
2805
2810
3200
3461
3109
2408
1834
1665
1838
1960
1725
1112
387
65
147
257
75
-514
-1034
-1249
-1261
-1172
-1239
-1445
-1630
-1812
-1623
-1159
-1130
-1115
-1022
-946
-366
-65
-233
-213
-39
239
610
694
476
299
368
671
873
973
720
211
56
53
77
225
19
-633
-1301
-1751
-1707
-1326
-1274
-1806
-2614
-3155
-3010
-2450
-2056
-2156
-2765
-3270
-3128
-2397
-1658
-1382
-1561
-1900
-1754
-962
-49
537
678
404
337
971
1870
2598
2821
2507
2186
2443
3128
3719
3862
3459
2880
2671
2945
3265
3301
2905
2223
1666
1503
1591
1620
1363
702
-20
-434
-466
-338
-347
-751
-1433
-1872
-1943
-1686
-1483
-1671
-2016
-2166
-2161
-1923
-1387
-1152
-1023
-935
-866
-434
-73
-15
67
368
653
834
814
771
840
1019
1308
1390
1290
929
521
529
759
788
521
-33
-634
-944
-1027
-953
-1036
-1539
-2205
-2655
-2709
-2384
-2157
-2343
-2684
-3081
-3134
-2637
-2006
-1677
-1807
-2097
-2051
-1400
-489
130
225
85
108
543
1458
2240
2432
2202
1976
2193
2885
3498
3551
3220
2813
2636
2833
3139
3164
2776
2206
1747
1580
1660
1675
1355
847
255
-203
-208
-183
-373
-774
-1364
-1725
-1706
-1660
-1700
-1881
-2182
-2266
-2133
-1728
-1473
-1524
-1484
-1448
-1057
-413
-199
-272
-256
-176
188
784
1029
949
821
839
1034
1398
1682
1462
1133
899
678
766
987
780
188
-425
-897
-894
-626
-759
-1330
-2017
-2429
-2407
-2072
-1859
-2074
-2528
-2863
-2762
-2254
-1660
-1429
-1602
-1773
-1583
-954
-206
254
281
198
404
949
1605
2024
2094
1967
2002
2337
2752
3008
2919
2538
2298
2393
2589
2666
2377
1877
1547
1417
1420
1336
1033
662
265
-51
-193
-318
-485
-754
-1187
-1506
-1577
-1499
-1481
-1698
-2029
-2155
-1859
-1455
-1337
-1500
-1727
-1599
-1041
-518
-371
-511
-676
-550
-39
526
807
736
494
368
682
1234
1551
1477
1009
528
488
766
1033
953
382
-284
-644
-591
-290
-203
-552
-1159
-1673
-1727
-1381
-1095
-1137
-1554
-1982
-1985
-1632
-1159
-891
-964
-1116
-1031
-631
-57
370
483
487
623
1013
1484
1789
1847
1800
1856
2087
2364
2463
2324
2066
1883
1900
1995
1940
1677
1277
915
801
773
683
437
13
-340
-531
-636
-719
-913
-1235
-1476
-1634
-1661
-1572
-1662
-1850
-1946
-1923
-1675
-1394
-1420
-1577
-1550
-1362
-1005
-655
-570
-623
-592
-423
-128
271
522
521
481
497
588
858
1166
1202
1032
779
592
702
940
934
624
203
-92
-97
67
95
-159
-555
-828
-850
-661
-500
-571
-812
-996
-984
-755
-414
-217
-264
-398
-394
-124
313
632
693
613
602
790
1121
1421
1534
1452
1354
1369
1506
1668
1705
1578
1385
1232
1182
1211
1177
1017
765
514
378
324
204
8
-249
-528
-723
-867
-1012
-1130
-1259
-1384
-1514
-1661
-1727
-1708
-1580
-1403
-1435
-1592
-1667
-1615
-1344
-992
-894
-1018
-1157
-1174
-915
-486
-203
-231
-405
-492
-381
-38
343
432
250
46
-37
142
506
671
514
241
26
48
353
615
565
282
-14
-92
148
499
621
427
144
19
188
605
914
865
632
482
589
975
1353
1438
1282
1097
1069
1289
1613
1747
1600
1335
1157
1170
1311
1377
1227
937
654
487
475
486
347
81
-200
-410
-482
-495
-611
-798
-1007
-1193
-1243
-1227
-1293
-1423
-1547
-1614
-1597
-1543
-1551
-1622
-1617
-1534
-1469
-1394
-1363
-1410
-1344
-1145
-1000
-919
-906
-959
-884
-614
-371
-277
-294
-385
-386
-145
179
336
284
115
-9
127
465
685
647
427
186
185
486
783
826
621
320
205
418
758
930
829
568
385
489
818
1097
1142
978
768
742
976
1276
1418
1338
1113
963
1045
1272
1424
1358
1104
848
770
864
950
860
597
293
114
112
149
82
-120
-384
-570
-619
-581
-574
-667
-828
-981
-1046
-1002
-924
-900
-960
-1072
-1156
-1144
-1047
-964
-943
-983
-1066
-1105
-1060
-989
-920
-888
-922
-975
-1000
-983
-901
-779
-702
-724
-796
-833
-761
-570
-381
-321
-392
-492
-477
-286
-29
110
64
-64
-112
27
298
507
532
425
329
396
631
870
972
909
790
787
950
1181
1335
1315
1192
1116
1177
1350
1492
1488
1360
1210
1158
1229
1321
1323
1190
984
834
801
834
829
710
496
297
194
187
199
121
-63
-267
-389
-406
-386
-418
-542
-701
-813
-845
-813
-796
-839
-913
-986
-1012
-982
-931
-886
-871
-893
-923
-936
-903
-833
-773
-765
-814
-883
-911
-884
-834
-807
-839
-912
-977
-1005
-978
-915
-854
-824
-841
-882
-870
-762
-575
-403
-332
-339
-333
-207
50
315
465
484
458
540
765
1024
1183
1190
1116
1105
1232
1420
1540
1510
1385
1295
1315
1422
1488
1426
1274
1122
1061
1102
1134
1066
904
714
607
606
621
573
430
246
126
99
124
124
36
-100
-211
-250
-209
-157
-169
-253
-359
-415
-375
-293
-268
-334
-456
-538
-521
-451
-422
-496
-641
-754
-777
-731
-717
-800
-948
-1075
-1112
-1069
-1043
-1097
-1217
-1323
-1332
-1247
-1153
-1135
-1196
-1255
-1220
-1072
-878
-751
-734
-754
-707
-531
-273
-64
26
27
45
181
418
649
769
763
722
764
922
1116
1224
1197
1094
1028
1071
1186
1259
1219
1081
945
910
963
1016
978
839
683
603
624
679
669
562
419
330
347
420
453
400
289
208
217
295
367
358
269
177
155
227
314
322
233
103
24
50
122
124
13
-163
-299
-326
-287
-292
-408
-592
-751
-818
-801
-799
-885
-1041
-1196
-1262
-1245
-1220
-1258
-1365
-1471
-1506
-1454
-1373
-1337
-1368
-1403
-1368
-1242
-1077
-958
-905
-871
-780
-595
-369
-191
-99
-50
42
224
451
634
715
727
761
863
1019
1152
1191
1148
1092
1088
1149
1215
1218
1145
1037
962
952
976
972
906
797
706
670
678
684
645
567
491
456
469
489
476
424
370
349
370
399
400
359
306
284
295
316
301
239
163
110
93
84
39
-53
-163
-249
-296
-333
-400
-508
-637
-740
-792
-822
-868
-954
-1063
-1146
-1176
-1161
-1149
-1177
-1226
-1267
-1257
-1191
-1113
-1061
-1047
-1042
-995
-898
-771
-658
-596
-560
-513
-428
-296
-162
-70
-26
-4
43
136
246
341
387
388
391
425
494
572
614
610
584
569
589
627
662
671
645
614
598
608
639
658
652
631
613
619
645
677
691
686
679
686
706
728
738
733
722
714
708
701
684
656
619
581
538
486
428
364
301
233
165
90
9
-71
-151
-223
-291
-371
-455
-537
-604
-653
-702
-760
-827
-888
-928
-944
-955
-981
-1030
-1069
-1075
-1040
-998
-995
-1020
-1040
-1011
-931
-851
-811
-809
-807
-760
-661
-550
-475
-448
-434
-393
-308
-197
-110
-73
-71
-69
-27
51
131
171
164
144
150
205
284
344
361
346
343
388
470
559
613
623
631
666
746
846
916
938
928
934
982
1051
1096
1088
1032
988
978
993
995
942
848
757
695
670
640
572
465
348
264
221
188
132
37
-76
-162
-205
-221
-255
-332
-439
-525
-560
-562
-569
-617
-701
-781
-817
-806
-785
-794
-842
-893
-914
-888
-843
-814
-816
-833
-835
-803
-747
-693
-661
-653
-645
-621
-576
-526
-489
-472
-462
-446
-412
-371
-336
-311
-295
-275
-246
-206
-162
-124
-85
-43
5
60
116
172
234
297
366
431
493
554
619
690
759
812
855
897
943
994
1040
1070
1081
1084
1084
1087
1092
1089
1072
1035
986
937
891
849
803
738
654
559
469
397
332
258
162
50
-55
-139
-193
-244
-314
-401
-488
-550
-580
-595
-620
-667
-721
-760
-767
-748
-735
-745
-772
-799
-797
-766
-732
-719
-733
-750
-746
-715
-667
-634
-634
-644
-644
-618
-572
-531
-513
-514
-515
-493
-446
-396
-365
-358
-354
-331
-286
-229
-185
-162
-143
-114
-59
7
63
104
136
180
244
326
395
451
495
545
615
690
759
807
835
866
909
959
1000
1013
1003
989
983
989
984
951
895
835
787
758
723
668
589
501
429
385
347
288
202
107
29
-15
-44
-85
-153
-234
-301
-338
-355
-377
-423
-488
-543
-570
-578
-583
-607
-647
-679
-696
-695
-687
-694
-707
-720
-726
-718
-707
-700
-694
-692
-685
-676
-664
-645
-629
-615
-602
-590
-572
-549
-523
-495
-472
-448
-419
-386
-342
-297
-253
-203
-151
-98
-39
29
101
175
245
311
380
452
523
594
658
715
770
818
864
905
938
968
987
993
997
993
987
974
949
919
884
842
780
731
681
627
576
509
448
394
340
289
236
181
133
89
48
9
-31
-71
-113
-150
-184
-213
-245
-285
-326
-364
-395
-417
-448
-480
-514
-542
-550
-566
-580
-590
-606
-603
-598
-595
-586
-582
-568
-548
-538
-521
-502
-478
-448
-427
-407
-385
-363
-331
-302
-282
-256
-233
-207
-177
-150
-124
-98
-72
-43
-15
15
46
75
103
129
160
187
218
245
267
293
317
340
357
365
381
398
410
421
421
423
429
429
427
418
402
392
376
359
341
314
293
270
246
226
199
175
150
127
108
84
62
40
19
2
-15
-32
-47
-62
-80
-96
-111
-124
-137
-150
-163
-174
-186
-196
-202
-209
-214
-216
-220
-224
-225
-227
-223
-220
-220
-217
-215
-208
-199
-197
-192
-185
-179
-170
-163
-158
-154
-151
-141
-133
-123
-115
-108
-100
-90
-83
-73
-65
-55
-43
-32
-21
-10
3
17
32
47
63
76
90
104
116
130
140
151
157
164
174
182
188
189
187
186
183
182
179
175
168
161
152
146
138
129
118
109
102
93
87
77
67
59
49
40
32
24
17
8
3
-5
-12
-17
-24
-31
-41
-47
-54
-60
-66
-73
-77
-79
-84
-87
-91
-92
-95
-97
-101
-103
-106
-108
-108
-103
-102
-103
-103
-104
-100
-100
-99
-98
-98
-98
-97
-95
-90
-87
-85
-82
-76
-73
-69
-64
-57
-53
-47
-38
-31
-21
-11
-1
10
20
31
42
52
60
66
71
76
82
84
88
89
90
92
93
94
92
87
84
81
76
74
68
61
55
48
43
40
37
32
28
23
20
19
17
15
16
15
14
15
18
19
18
18
19
21
23
24
23
22
23
24
26
25
27
25
22
23
21
19
16
13
11
11
8
6
3
-2
-6
-11
-13
-21
-26
-33
-40
-48
-55
-62
-69
-76
-84
-88
-93
-95
-97
-101
-101
-103
-102
-100
-98
-97
-93
-89
-84
-77
-73
-66
-61
-52
-41
-37
-30
-24
-19
-14
-6
3
10
16
22
28
34
37
43
45
49
51
52
58
61
62
64
66
70
72
70
69
68
67
67
65
60
59
57
56
52
48
46
44
41
39
35
31
25
23
22
18
16
13
11
7
4
2
4
1
-2
-5
-8
-12
-14
-18
-20
-23
-22
-23
-23
-24
-27
-29
-30
-30
-30
-32
-33
-35
-36
-35
-35
-36
-36
-38
-37
-38
-37
-38
-41
-41
-42
-42
-39
-41
-39
-36
-32
-27
-27
-24
-23
-20
-17
-13
-12
-9
-6
-3
2
5
8
10
10
13
14
18
19
20
22
22
27
27
30
31
32
33
35
36
38
40
40
39
40
39
39
37
38
38
37
36
33
30
29
27
27
27
26
23
21
20
20
19
19
18
16
15
16
17
18
16
16
15
14
14
14
12
10
6
1
-2
-7
-12
-17
-25
-31
-35
-41
-43
-47
-52
-57
-62
-69
-76
-81
-84
-86
-89
-92
-93
-92
-91
-89
-90
-88
-86
-83
-78
-74
-70
-66
-59
-53
-46
-37
-31
-24
-15
-7
1
9
20
30
38
43
52
59
64
71
76
81
83
82
81
81
80
79
76
73
70
66
66
65
61
60
57
55
58
59
61
62
60
62
65
67
72
74
72
76
77
75
73
70
66
63
60
56
50
44
36
29
22
15
6
-3
-12
-23
-31
-38
-46
-54
-63
-70
-75
-80
-87
-94
-98
-104
-106
-108
-113
-114
-115
-113
-111
-110
-107
-106
-103
-99
-94
-87
-82
-75
-69
-62
-54
-46
-39
-31
-23
-15
-7
0
7
14
19
24
30
33
34
37
39
44
43
42
41
41
41
41
41
41
38
40
41
40
38
37
39
41
43
43
42
42
42
46
50
54
57
59
60
61
63
67
72
74
72
73
72
72
71
64
60
57
55
50
42
33
24
15
4
-3
-10
-17
-24
-31
-37
-43
-50
-55
-61
-69
-73
-75
-77
-79
-82
-84
-85
-83
-82
-81
-81
-84
-84
-79
-78
-74
-72
-69
-67
-65
-62
-57
-53
-49
-47
-44
-39
-35
-31
-26
-22
-19
-15
-11
-9
-7
-2
4
9
13
16
17
18
23
29
36
39
44
47
52
62
67
71
76
79
86
94
98
104
108
114
121
125
127
130
130
132
130
125
123
117
112
104
95
83
71
62
53
41
30
19
8
-2
-13
-24
-34
-42
-50
-58
-66
-71
-78
-83
-87
-89
-91
-94
-97
-103
-105
-107
-109
-110
-117
-120
-119
-119
-121
-126
-130
-129
-130
-127
-127
-130
-129
-128
-125
-122
-117
-113
-110
-105
-99
-93
-88
-81
-72
-63
-55
-47
-38
-26
-17
-8
2
9
20
31
42
55
65
76
84
95
106
117
126
131
139
145
152
159
164
166
169
174
177
176
178
178
177
178
177
175
173
173
172
170
169
165
162
158
152
145
138
128
118
107
97
85
71
56
41
26
10
-7
-22
-40
-59
-77
-97
-111
-129
-150
-168
-185
-199
-213
-229
-243
-254
-267
-279
-285
-289
-294
-299
-301
-297
-292
-288
-284
-278
-270
-259
-245
-235
-221
-209
-193
-174
-156
-133
-114
-96
-76
-56
-39
-19
0
19
36
52
70
86
104
118
133
150
162
175
186
197
211
220
228
234
243
254
262
271
274
275
279
282
284
282
275
272
268
263
258
248
235
220
207
194
175
155
136
117
97
76
54
34
15
-6
-25
-44
-63
-84
-101
-120
-136
-151
-169
-182
-197
-210
-224
-237
-249
-258
-265
-275
-283
-288
-294
-296
-299
-303
-301
-300
-297
-290
-282
-273
-261
-250
-238
-225
-211
-196
-176
-155
-137
-116
-95
-73
-48
-24
2
26
50
73
97
119
142
163
184
206
226
243
260
276
289
303
316
325
329
332
336
342
345
342
338
331
324
317
307
295
281
265
250
236
216
196
176
157
137
115
94
72
47
24
0
-25
-49
-74
-98
-123
-145
-164
-182
-201
-218
-236
-252
-265
-276
-285
-293
-301
-305
-307
-308
-305
-302
-297
-292
-283
-275
-266
-258
-249
-238
-226
-212
-198
-184
-169
-155
-139
-125
-110
-95
-81
-66
-53
-38
-21
-6
8
22
33
47
60
72
86
97
109
119
132
145
155
165
176
188
198
208
218
226
231
237
240
242
244
246
245
247
248
247
246
241
235
227
217
208
198
187
174
161
149
136
123
108
93
76
61
44
24
5
-14
-32
-52
-68
-83
-98
-114
-131
-144
-159
-172
-184
-195
-204
-215
-224
-230
-234
-237
-238
-241
-242
-245
-245
-244
-240
-236
-232
-224
-220
-213
-205
-199
-188
-177
-165
-153
-143
-130
-120
-105
-91
-76
-62
-50
-35
-20
-6
10
26
43
56
70
86
103
121
135
149
162
175
190
202
214
224
233
241
246
251
254
254
252
251
247
241
237
231
223
213
200
190
180
168
156
136
121
107
91
76
58
43
27
10
-5
-21
-38
-52
-64
-76
-87
-95
-106
-114
-123
-131
-131
-132
-136
-139
-142
-135
-128
-129
-125
-124
-119
-110
-104
-101
-96
-93
-86
-79
-78
-76
-74
-71
-64
-62
-59
-57
-55
-48
-48
-45
-43
-42
-37
-34
-33
-27
-23
-17
-11
-9
-5
0
7
12
17
21
25
30
32
35
40
40
44
42
38
43
44
46
45
36
36
34
34
34
32
30
29
29
29
27
23
20
20
18
17
14
11
8
4
2
2
0
-2
-6
-7
-11
-14
-14
-17
-18
-17
-17
-18
-19
-18
-20
-20
-18
-17
-15
-15
-17
-17
-16
-18
-17
-16
-16
-13
-13
-13
-10
-13
-14
-12
-11
-10
-12
-11
-9
-12
-9
-8
-7
-5
-7
-7
-8
-7
-5
-4
-3
-3
-3
-3
-3
-3
-3
-4
-4
-2
-2
0
2
4
6
6
8
11
13
12
14
15
15
17
19
21
21
20
21
21
22
19
18
18
18
17
19
18
18
18
15
14
13
15
13
12
10
8
6
5
3
1
0
-1
-3
-1
-5
-5
-7
-9
-8
-9
-10
-11
-14
-13
-13
-13
-14
-15
-14
-15
-13
-9
-10
-10
-11
-11
-13
-14
-14
-14
-14
-15
-18
-14
-13
-12
-13
-13
-13
-14
-15
-14
-12
-12
-12
-10
-11
-10
-9
-8
-6
-6
-1
3
5
9
10
