1
0
-3
0
0
3
4
6
8
6
4
4
5
5
6
7
5
3
2
-1
-1
4
4
5
5
4
5
6
6
4
2
2
-2
2
7
8
7
4
0
-1
1
4
2
-1
-2
-2
-1
2
3
1
1
-2
-1
-1
0
3
1
0
-4
-5
-3
-3
0
-1
-3
-3
-4
-2
-2
-1
-3
-6
-4
-3
-1
-1
-2
-4
-5
-7
-6
-3
-2
-2
0
-1
1
2
1
0
0
-1
-3
-2
-2
-4
-1
1
2
3
3
5
2
1
0
0
0
1
4
6
6
1
0
1
2
3
0
1
1
4
7
3
1
1
-1
-2
2
10
13
15
11
4
-3
-8
-11
-10
-7
-6
-2
-2
-7
-12
-17
-19
-16
-7
3
13
16
10
1
-7
-20
-35
-43
-39
-26
-6
8
5
-8
-21
-18
-11
-14
-31
-45
-18
60
140
143
33
-143
-295
-362
-261
-65
152
315
423
387
217
-18
-226
-304
-207
59
336
490
440
201
-176
-505
-604
-394
123
778
1232
1232
719
-117
-936
-1351
-1250
-775
-181
308
566
530
237
-223
-683
-925
-809
-348
240
662
706
353
-193
-665
-813
-553
-10
566
915
944
720
419
159
-45
-209
-312
-266
-43
262
457
409
169
-97
-228
-220
-184
-217
-318
-364
-270
-50
184
286
208
-10
-252
-412
-428
-295
-83
113
217
210
140
59
-2
-55
-105
-123
-73
47
172
223
154
14
-112
-158
-118
-44
27
82
129
168
177
143
73
-8
-67
-97
-94
-57
3
71
127
155
161
147
105
28
-71
-159
-196
-157
-68
33
110
147
145
104
25
-72
-160
-203
-182
-109
-10
83
136
139
88
-9
-113
-188
-189
-103
38
180
245
207
93
-37
-113
-114
-57
19
86
131
158
174
178
159
125
84
63
78
101
122
109
66
21
-32
-92
-175
-285
-369
-418
-435
-447
-514
-617
-725
-829
-888
-931
-969
-975
-962
-909
-820
-719
-600
-485
-359
-215
-65
77
188
292
415
600
829
1041
1240
1404
1544
1655
1697
1655
1540
1398
1300
1262
1262
1259
1201
1092
952
796
650
504
363
243
121
1
-131
-294
-457
-601
-705
-737
-732
-705
-638
-546
-404
-220
-67
30
56
8
-43
-83
-143
-217
-342
-485
-587
-633
-607
-557
-554
-614
-751
-953
-1190
-1472
-1784
-2080
-2324
-2456
-2449
-2330
-2133
-1919
-1750
-1611
-1487
-1338
-1112
-835
-524
-193
128
478
874
1273
1669
2015
2304
2588
2840
3064
3229
3296
3297
3258
3189
3112
2980
2788
2564
2297
2039
1773
1472
1135
725
256
-207
-625
-934
-1120
-1243
-1349
-1505
-1729
-1968
-2187
-2340
-2411
-2421
-2366
-2239
-2053
-1806
-1543
-1309
-1120
-989
-887
-764
-604
-400
-167
28
191
291
346
417
468
506
523
468
398
370
377
550
831
1166
1558
1808
1909
1854
1592
1246
895
497
216
-7
-167
-149
-108
-21
59
-9
-178
-445
-824
-1197
-1610
-2072
-2526
-2993
-3338
-3477
-3365
-3004
-2499
-1956
-1493
-1125
-844
-648
-483
-358
-276
-120
115
510
1114
1785
2492
3114
3542
3833
3947
3891
3733
3423
3043
2684
2380
2212
2151
2135
2101
1962
1697
1302
806
262
-314
-859
-1350
-1762
-2023
-2168
-2183
-2080
-1981
-1874
-1826
-1880
-1927
-2040
-2123
-2127
-2113
-1979
-1762
-1468
-1046
-598
-150
246
494
626
654
558
460
292
126
26
-65
-14
113
253
468
636
789
1033
1190
1398
1515
1494
1406
1248
1007
840
608
362
202
-34
-113
-132
-163
-141
-219
-390
-541
-785
-1009
-1278
-1664
-2110
-2595
-3062
-3358
-3485
-3417
-3144
-2771
-2292
-1781
-1275
-792
-398
-80
128
266
389
526
778
1148
1617
2186
2754
3296
3806
4182
4461
4556
4423
4136
3681
3159
2697
2276
1980
1781
1584
1431
1222
946
621
185
-294
-793
-1287
-1695
-2038
-2288
-2482
-2625
-2706
-2724
-2629
-2454
-2210
-1951
-1738
-1585
-1506
-1484
-1465
-1440
-1359
-1212
-998
-730
-421
-154
85
218
281
328
307
350
351
347
362
346
415
575
772
1080
1321
1511
1617
1602
1526
1382
1158
877
553
192
-99
-356
-489
-559
-585
-538
-525
-487
-500
-630
-836
-1221
-1683
-2161
-2638
-2965
-3173
-3227
-3098
-2845
-2450
-1918
-1355
-761
-214
203
551
766
922
1070
1196
1367
1586
1846
2208
2629
3088
3576
3983
4275
4412
4334
4113
3754
3332
2898
2455
2033
1612
1182
775
403
97
-116
-280
-397
-558
-812
-1156
-1617
-2102
-2529
-2861
-3026
-3072
-3023
-2920
-2819
-2688
-2517
-2297
-2009
-1680
-1356
-1060
-825
-667
-569
-525
-485
-435
-349
-203
-43
131
288
423
570
732
967
1241
1507
1739
1839
1817
1676
1452
1188
919
630
357
88
-159
-325
-445
-489
-474
-473
-473
-521
-626
-777
-1009
-1302
-1651
-2032
-2392
-2672
-2849
-2868
-2740
-2476
-2090
-1618
-1095
-554
-58
363
677
897
1062
1220
1398
1624
1873
2131
2398
2655
2925
3182
3420
3620
3750
3810
3771
3619
3365
2990
2554
2088
1632
1245
891
572
260
-91
-435
-769
-1066
-1285
-1477
-1638
-1807
-2019
-2229
-2432
-2601
-2681
-2718
-2693
-2625
-2560
-2447
-2316
-2145
-1906
-1649
-1336
-1003
-695
-392
-169
-7
113
171
246
321
372
441
461
478
537
617
776
985
1180
1374
1485
1517
1470
1319
1100
815
493
179
-119
-384
-606
-781
-890
-934
-890
-783
-650
-544
-542
-662
-910
-1250
-1605
-1933
-2183
-2333
-2399
-2341
-2175
-1895
-1482
-1005
-473
73
560
1009
1359
1610
1800
1895
1981
2081
2179
2335
2475
2590
2707
2778
2883
3003
3094
3181
3162
3044
2856
2555
2233
1865
1444
1036
584
146
-239
-617
-908
-1153
-1370
-1510
-1657
-1774
-1862
-1982
-2074
-2188
-2314
-2397
-2488
-2529
-2531
-2530
-2465
-2379
-2242
-2035
-1799
-1513
-1226
-963
-712
-504
-312
-142
-8
91
159
229
340
503
729
961
1197
1373
1513
1618
1683
1722
1681
1556
1365
1093
820
550
282
67
-164
-350
-495
-622
-702
-806
-962
-1139
-1377
-1586
-1764
-1914
-2023
-2135
-2224
-2241
-2161
-1945
-1621
-1235
-821
-404
25
470
922
1356
1739
2053
2293
2499
2682
2847
2974
3035
3043
3007
2968
2951
2934
2912
2841
2701
2523
2303
2063
1791
1450
1059
610
156
-273
-669
-1023
-1357
-1676
-1956
-2191
-2360
-2453
-2505
-2526
-2539
-2548
-2532
-2507
-2469
-2422
-2381
-2310
-2205
-2062
-1859
-1646
-1419
-1186
-957
-696
-424
-140
133
366
583
778
971
1191
1379
1570
1706
1800
1867
1876
1868
1809
1680
1532
1320
1110
892
625
367
34
-286
-583
-859
-1045
-1229
-1408
-1577
-1805
-1989
-2170
-2333
-2439
-2564
-2633
-2643
-2586
-2391
-2121
-1773
-1342
-899
-386
141
658
1170
1602
1977
2308
2573
2818
3028
3179
3312
3379
3421
3453
3441
3427
3380
3287
3181
3024
2836
2635
2371
2096
1757
1353
930
445
-30
-485
-949
-1349
-1747
-2109
-2381
-2624
-2759
-2835
-2891
-2872
-2862
-2815
-2736
-2694
-2623
-2581
-2554
-2471
-2397
-2276
-2115
-1961
-1732
-1482
-1205
-879
-585
-274
55
352
712
1015
1293
1561
1749
1940
2072
2106
2105
1959
1787
1613
1406
1280
1118
940
767
519
309
94
-151
-367
-693
-1028
-1372
-1738
-1995
-2234
-2407
-2509
-2614
-2600
-2518
-2340
-2033
-1735
-1371
-1004
-646
-205
221
674
1122
1500
1897
2255
2604
2957
3210
3407
3510
3528
3525
3466
3377
3261
3099
2934
2766
2589
2404
2158
1853
1509
1136
763
395
-12
-432
-898
-1365
-1772
-2147
-2424
-2648
-2836
-2942
-3008
-2986
-2891
-2791
-2650
-2542
-2421
-2248
-2066
-1827
-1641
-1515
-1431
-1406
-1313
-1175
-985
-748
-555
-346
-133
83
385
635
915
1142
1327
1536
1678
1795
1856
1770
1661
1463
1267
1139
964
861
698
499
331
104
-79
-261
-508
-705
-968
-1203
-1400
-1665
-1866
-2102
-2303
-2362
-2374
-2244
-2049
-1864
-1567
-1282
-926
-487
-94
358
767
1149
1580
1932
2292
2601
2792
2989
3080
3142
3204
3154
3115
3010
2862
2766
2618
2498
2359
2142
1945
1692
1432
1175
841
476
46
-437
-889
-1343
-1748
-2101
-2428
-2681
-2863
-2954
-2944
-2866
-2737
-2568
-2376
-2164
-1934
-1708
-1519
-1363
-1268
-1197
-1120
-1039
-921
-796
-678
-506
-339
-105
176
434
718
929
1088
1247
1327
1424
1460
1390
1305
1095
893
719
503
365
166
-57
-217
-418
-517
-602
-754
-876
-1113
-1329
-1500
-1683
-1779
-1906
-2039
-2098
-2145
-2041
-1859
-1637
-1340
-1076
-733
-343
78
564
991
1393
1764
2072
2438
2744
3007
3233
3306
3383
3404
3387
3411
3324
3212
3072
2844
2704
2502
2282
2068
1726
1412
1065
680
362
-41
-445
-830
-1295
-1638
-1990
-2312
-2526
-2789
-2953
-3051
-3141
-3066
-2984
-2857
-2630
-2480
-2218
-1958
-1726
-1403
-1173
-940
-693
-562
-344
-161
-22
222
331
510
686
788
987
1109
1195
1312
1268
1252
1178
990
864
615
373
149
-159
-396
-645
-896
-1049
-1246
-1391
-1513
-1678
-1759
-1861
-1920
-1929
-1960
-1933
-1889
-1802
-1629
-1432
-1178
-900
-599
-249
134
559
998
1440
1857
2249
2626
2948
3245
3474
3614
3718
3711
3676
3592
3431
3280
3067
2839
2633
2374
2147
1901
1614
1354
1023
705
373
-11
-368
-762
-1154
-1497
-1862
-2152
-2412
-2660
-2804
-2952
-3016
-3010
-2998
-2883
-2770
-2633
-2418
-2242
-1992
-1724
-1492
-1175
-928
-657
-337
-97
221
477
671
918
1042
1197
1349
1372
1454
1400
1295
1236
1046
921
768
524
354
85
-171
-372
-658
-867
-1107
-1401
-1625
-1907
-2136
-2302
-2485
-2582
-2648
-2684
-2596
-2467
-2245
-1941
-1636
-1261
-864
-455
15
470
922
1374
1768
2163
2539
2880
3218
3495
3719
3915
4040
4133
4172
4125
4025
3839
3599
3330
3012
2685
2328
1955
1588
1196
820
432
44
-324
-714
-1071
-1424
-1777
-2073
-2387
-2670
-2906
-3151
-3298
-3406
-3466
-3428
-3373
-3246
-3047
-2821
-2523
-2202
-1871
-1512
-1161
-791
-419
-40
343
706
1063
1374
1649
1889
2059
2177
2227
2172
2062
1876
1638
1395
1122
847
564
271
-18
-310
-596
-906
-1237
-1576
-1950
-2270
-2567
-2841
-3023
-3208
-3336
-3361
-3368
-3241
-3025
-2798
-2432
-2056
-1643
-1114
-629
-90
484
972
1528
2054
2526
3037
3429
3772
4074
4249
4408
4486
4483
4469
4352
4219
4061
3828
3616
3336
3014
2687
2277
1865
1425
918
436
-91
-621
-1091
-1572
-1981
-2322
-2645
-2862
-3028
-3163
-3199
-3227
-3226
-3148
-3095
-2979
-2817
-2695
-2489
-2279
-2076
-1765
-1483
-1159
-750
-403
24
446
803
1212
1511
1753
1973
2034
2079
2042
1897
1776
1547
1313
1091
803
561
291
-2
-262
-583
-889
-1202
-1555
-1862
-2194
-2489
-2728
-2966
-3104
-3207
-3254
-3196
-3118
-2946
-2700
-2430
-2062
-1670
-1240
-754
-270
243
755
1246
1730
2174
2589
2960
3280
3570
3795
3992
4156
4248
4321
4337
4291
4229
4082
3889
3662
3348
3013
2644
2204
1772
1304
796
332
-158
-634
-1050
-1483
-1854
-2162
-2482
-2691
-2886
-3050
-3103
-3179
-3157
-3075
-2994
-2799
-2609
-2384
-2065
-1811
-1441
-1093
-782
-389
-123
175
477
640
876
1012
1058
1186
1154
1153
1152
1033
955
821
620
457
235
-17
-265
-566
-876
-1185
-1479
-1788
-2034
-2283
-2517
-2676
-2823
-2907
-2893
-2863
-2754
-2566
-2364
-2066
-1715
-1330
-897
-429
14
485
951
1371
1801
2187
2497
2808
3060
3246
3451
3580
3667
3764
3795
3791
3809
3737
3645
3550
3348
3141
2917
2585
2274
1915
1474
1083
633
174
-227
-673
-1077
-1417
-1770
-2035
-2247
-2431
-2547
-2614
-2639
-2623
-2536
-2439
-2323
-2142
-1990
-1800
-1541
-1346
-1072
-794
-591
-298
-64
117
367
488
584
695
670
674
640
513
418
263
80
-68
-246
-415
-590
-777
-981
-1185
-1363
-1570
-1753
-1929
-2144
-2289
-2423
-2520
-2506
-2490
-2399
-2220
-2015
-1704
-1333
-954
-527
-118
272
671
1050
1397
1716
1995
2219
2436
2632
2791
2946
3059
3120
3180
3212
3219
3225
3174
3073
2957
2786
2602
2420
2174
1919
1640
1306
1001
682
348
44
-295
-616
-894
-1159
-1351
-1495
-1615
-1675
-1723
-1733
-1681
-1628
-1534
-1416
-1336
-1206
-1070
-950
-762
-617
-489
-316
-216
-95
36
70
125
125
49
1
-108
-249
-371
-530
-693
-832
-970
-1112
-1216
-1320
-1453
-1539
-1663
-1799
-1868
-1996
-2094
-2135
-2225
-2220
-2175
-2131
-1957
-1766
-1527
-1192
-866
-480
-68
323
728
1090
1426
1723
1965
2184
2334
2463
2568
2611
2667
2699
2696
2721
2697
2656
2624
2523
2415
2300
2114
1939
1738
1476
1240
972
680
443
171
-81
-288
-527
-701
-847
-993
-1070
-1153
-1206
-1211
-1218
-1159
-1097
-1016
-876
-770
-595
-410
-268
-44
117
262
460
536
633
713
660
653
570
401
292
96
-120
-282
-512
-712
-866
-1076
-1245
-1398
-1601
-1766
-1932
-2138
-2293
-2452
-2615
-2710
-2793
-2839
-2807
-2749
-2620
-2414
-2168
-1850
-1489
-1101
-678
-239
201
631
1048
1431
1769
2084
2337
2541
2721
2814
2886
2931
2894
2881
2834
2722
2654
2523
2360
2246
2049
1853
1681
1412
1184
954
653
421
156
-139
-357
-618
-849
-1009
-1207
-1333
-1415
-1509
-1511
-1499
-1455
-1331
-1207
-1028
-807
-589
-312
-50
208
481
699
909
1081
1187
1266
1275
1230
1140
996
820
610
395
156
-77
-291
-532
-725
-912
-1126
-1279
-1464
-1652
-1785
-1975
-2125
-2245
-2399
-2479
-2544
-2591
-2551
-2494
-2376
-2195
-1976
-1684
-1369
-1014
-624
-243
166
553
905
1261
1546
1786
2003
2128
2232
2309
2301
2307
2285
2210
2173
2100
1999
1942
1828
1704
1600
1430
1264
1095
866
655
435
183
-34
-251
-466
-641
-795
-934
-1029
-1099
-1155
-1163
-1147
-1118
-1038
-938
-822
-649
-482
-291
-64
126
338
546
698
856
983
1044
1107
1107
1052
996
876
721
565
360
136
-71
-319
-566
-781
-1031
-1248
-1429
-1636
-1782
-1896
-2030
-2080
-2122
-2160
-2111
-2078
-2011
-1877
-1757
-1592
-1375
-1162
-898
-602
-301
31
372
706
1030
1338
1615
1855
2060
2204
2296
2358
2346
2293
2225
2094
1947
1795
1600
1407
1212
983
774
557
320
123
-87
-287
-445
-614
-763
-865
-976
-1053
-1097
-1145
-1157
-1151
-1139
-1096
-1036
-962
-832
-700
-526
-312
-97
153
415
667
902
1128
1301
1451
1543
1582
1566
1485
1350
1171
951
691
426
136
-150
-427
-696
-951
-1179
-1402
-1604
-1782
-1956
-2097
-2225
-2333
-2411
-2457
-2476
-2441
-2372
-2263
-2096
-1892
-1631
-1314
-958
-565
-131
309
762
1210
1625
2011
2350
2627
2841
2989
3060
3072
3024
2917
2783
2611
2413
2210
1995
1768
1546
1302
1046
784
496
197
-107
-420
-737
-1045
-1345
-1619
-1857
-2056
-2202
-2295
-2333
-2314
-2234
-2119
-1949
-1746
-1517
-1258
-983
-689
-386
-69
241
558
860
1141
1396
1613
1781
1901
1968
1964
1915
1796
1622
1405
1140
844
525
186
-157
-496
-833
-1155
-1463
-1748
-2020
-2263
-2477
-2666
-2807
-2911
-2968
-2961
-2898
-2774
-2574
-2326
-2015
-1644
-1246
-797
-328
153
647
1119
1572
2008
2396
2748
3052
3288
3480
3603
3666
3670
3601
3487
3314
3091
2838
2543
2227
1902
1546
1200
851
490
154
-196
-539
-859
-1188
-1486
-1760
-2029
-2238
-2435
-2587
-2678
-2748
-2747
-2701
-2615
-2460
-2264
-2028
-1714
-1392
-1005
-595
-189
249
646
1018
1359
1626
1843
1989
2031
2038
1944
1794
1607
1348
1091
799
482
193
-118
-413
-684
-987
-1251
-1521
-1802
-2042
-2298
-2525
-2699
-2864
-2949
-2978
-2962
-2834
-2659
-2409
-2063
-1690
-1241
-750
-261
274
790
1278
1769
2196
2595
2952
3227
3474
3655
3763
3845
3838
3785
3698
3530
3343
3110
2820
2529
2179
1805
1436
1014
610
199
-238
-623
-1018
-1396
-1714
-2038
-2305
-2528
-2739
-2866
-2966
-3020
-2987
-2931
-2800
-2597
-2362
-2034
-1670
-1271
-814
-370
88
539
929
1295
1593
1808
1971
2034
2026
1960
1810
1623
1401
1126
860
571
266
-14
-315
-610
-887
-1190
-1473
-1747
-2036
-2288
-2531
-2751
-2915
-3056
-3131
-3135
-3085
-2943
-2734
-2455
-2091
-1681
-1207
-699
-172
381
912
1434
1928
2364
2773
3111
3389
3629
3787
3904
3970
3966
3936
3847
3706
3537
3303
3040
2740
2384
2014
1607
1173
737
280
-159
-582
-998
-1369
-1718
-2036
-2301
-2544
-2732
-2870
-2976
-3011
-2999
-2937
-2794
-2601
-2351
-2027
-1674
-1269
-828
-392
57
478
855
1199
1473
1685
1840
1911
1919
1866
1747
1591
1387
1148
890
602
303
-12
-341
-669
-1004
-1335
-1655
-1965
-2244
-2498
-2718
-2889
-3020
-3094
-3108
-3063
-2951
-2779
-2542
-2246
-1893
-1490
-1049
-571
-72
432
942
1429
1891
2321
2700
3034
3316
3533
3703
3811
3862
3871
3826
3734
3598
3415
3190
2926
2621
2281
1912
1519
1105
678
242
-192
-617
-1029
-1422
-1787
-2117
-2402
-2638
-2826
-2953
-3016
-3019
-2948
-2813
-2611
-2344
-2022
-1653
-1245
-817
-381
44
441
802
1110
1356
1541
1666
1732
1741
1703
1620
1500
1352
1175
979
766
530
276
1
-291
-597
-917
-1242
-1565
-1871
-2158
-2413
-2627
-2789
-2893
-2933
-2909
-2817
-2657
-2436
-2154
-1824
-1460
-1065
-650
-227
195
604
991
1347
1675
1968
2229
2459
2654
2815
2943
3036
3094
3110
3087
3020
2912
2761
2566
2331
2059
1759
1439
1108
769
426
92
-233
-543
-839
-1113
-1368
-1596
-1796
-1961
-2093
-2181
-2222
-2208
-2137
-2003
-1811
-1565
-1272
-952
-610
-267
66
376
648
872
1049
1169
1239
1260
1234
1168
1070
948
807
649
478
297
104
-100
-316
-539
-776
-1020
-1263
-1498
-1718
-1917
-2084
-2211
-2295
-2329
-2306
-2226
-2089
-1899
-1659
-1381
-1073
-743
-400
-55
285
610
918
1203
1463
1697
1900
2076
2226
2344
2437
2499
2526
2521
2477
2398
2284
2132
1946
1730
1485
1221
944
659
368
75
-213
-493
-762
-1018
-1256
-1473
-1664
-1824
-1946
-2027
-2060
-2041
-1964
-1832
-1644
-1409
-1132
-825
-502
-175
142
437
698
919
1089
1211
1283
1308
1293
1241
1161
1060
938
806
661
501
330
145
-54
-261
-476
-701
-923
-1138
-1344
-1527
-1688
-1816
-1910
-1962
-1968
-1929
-1842
-1707
-1525
-1302
-1046
-754
-439
-112
219
545
855
1142
1397
1620
1806
1954
2065
2144
2190
2205
2196
2159
2099
2015
1907
1778
1624
1445
1240
1016
774
517
250
-24
-301
-576
-845
-1105
-1351
-1580
-1787
-1968
-2116
-2226
-2293
-2310
-2274
-2181
-2034
-1836
-1595
-1314
-1005
-676
-347
-22
290
572
826
1038
1213
1348
1437
1485
1494
1468
1412
1325
1215
1077
917
740
542
333
117
-108
-334
-557
-769
-967
-1145
-1297
-1416
-1498
-1541
-1545
-1506
-1427
-1311
-1157
-975
-766
-536
-291
-35
225
482
732
970
1193
1402
1592
1760
1901
2017
2103
2157
2182
2177
2143
2078
1981
1852
1692
1502
1286
1041
774
485
179
-138
-458
-778
-1091
-1385
-1659
-1902
-2113
-2284
-2420
-2507
-2545
-2537
-2476
-2369
-2215
-2028
-1805
-1557
-1292
-1021
-750
-482
-230
10
232
432
603
752
871
963
1028
1062
1074
1064
1026
965
884
779
653
504
342
164
-16
-193
-365
-525
-665
-779
-857
-895
-891
-846
-764
-648
-502
-332
-147
49
246
443
633
814
984
1143
1289
1427
1555
1667
1767
1854
1924
1976
2009
2020
2001
1952
1872
1763
1623
1450
1251
1030
785
526
254
-24
-306
-584
-861
-1131
-1388
-1632
-1854
-2051
-2215
-2342
-2431
-2475
-2475
-2430
-2345
-2225
-2076
-1903
-1714
-1514
-1310
-1108
-908
-716
-539
-368
-214
-76
52
165
266
354
428
485
527
548
543
519
473
399
307
194
65
-70
-206
-338
-453
-548
-613
-639
-631
-584
-494
-369
-213
-34
160
366
578
783
980
1160
1323
1470
1601
1715
1823
1923
2008
2090
2165
2226
2275
2303
2307
2287
2239
2155
2041
1894
1713
1508
1276
1022
752
473
185
-108
-401
-698
-984
-1256
-1515
-1757
-1969
-2159
-2311
-2422
-2503
-2537
-2526
-2483
-2407
-2297
-2174
-2033
-1883
-1734
-1580
-1434
-1301
-1165
-1040
-929
-817
-707
-608
-508
-408
-314
-227
-148
-83
-27
10
23
20
-3
-47
-100
-156
-219
-275
-309
-326
-314
-273
-199
-89
51
216
403
597
796
997
1188
1360
1515
1650
1759
1843
1905
1952
1981
1992
1998
2003
2002
1995
1998
1997
1980
1957
1920
1863
1780
1675
1548
1389
1202
998
778
538
288
39
-210
-458
-692
-907
-1109
-1295
-1451
-1580
-1682
-1765
-1818
-1842
-1853
-1845
-1815
-1781
-1744
-1699
-1656
-1614
-1576
-1541
-1500
-1458
-1415
-1360
-1298
-1231
-1153
-1072
-984
-898
-822
-750
-687
-642
-614
-599
-598
-612
-631
-649
-663
-667
-649
-605
-534
-432
-298
-134
53
263
490
723
952
1175
1382
1565
1721
1849
1944
2014
2052
2063
2056
2032
1996
1958
1917
1877
1841
1807
1772
1738
1699
1651
1592
1514
1420
1307
1169
1013
836
642
437
221
5
-207
-411
-601
-771
-920
-1042
-1137
-1203
-1242
-1260
-1255
-1231
-1198
-1151
-1101
-1058
-1014
-982
-964
-954
-958
-971
-992
-1020
-1046
-1069
-1089
-1102
-1108
-1107
-1100
-1089
-1078
-1070
-1069
-1075
-1090
-1119
-1158
-1200
-1245
-1285
-1314
-1326
-1313
-1270
-1191
-1075
-920
-724
-496
-240
42
335
634
933
1213
1469
1698
1889
2043
2158
2236
2284
2305
2302
2284
2250
2211
2167
2123
2078
2026
1970
1901
1822
1726
1612
1476
1317
1139
944
736
520
296
71
-148
-355
-551
-727
-881
-1014
-1118
-1197
-1247
-1269
-1265
-1235
-1187
-1123
-1051
-973
-895
-820
-753
-701
-662
-634
-622
-622
-629
-643
-661
-677
-692
-706
-719
-730
-741
-757
-782
-818
-867
-931
-1005
-1087
-1175
-1258
-1333
-1389
-1420
-1421
-1386
-1316
-1209
-1065
-887
-683
-459
-216
36
287
533
763
976
1172
1343
1491
1614
1710
1787
1849
1897
1932
1956
1973
1983
1984
1979
1963
1933
1887
1827
1748
1650
1532
1392
1238
1068
886
695
498
296
97
-101
-292
-471
-634
-780
-903
-1006
-1087
-1143
-1178
-1187
-1172
-1137
-1091
-1032
-965
-901
-841
-792
-751
-721
-704
-691
-684
-679
-672
-657
-637
-610
-576
-541
-508
-486
-476
-481
-505
-547
-608
-681
-765
-854
-938
-1010
-1062
-1087
-1080
-1045
-977
-876
-748
-594
-416
-224
-26
177
377
569
747
910
1053
1175
1281
1370
1439
1489
1522
1542
1548
1546
1535
1513
1481
1442
1396
1344
1284
1217
1141
1057
962
858
746
630
508
382
256
131
10
-109
-224
-332
-435
-525
-602
-667
-718
-750
-765
-765
-746
-715
-675
-628
-579
-535
-498
-469
-449
-439
-440
-448
-462
-483
-503
-527
-549
-569
-590
-612
-637
-667
-705
-751
-803
-862
-927
-990
-1046
-1092
-1124
-1135
-1123
-1086
-1021
-926
-806
-663
-500
-319
-127
71
275
476
667
850
1016
1169
1303
1417
1510
1586
1643
1682
1708
1715
1709
1689
1654
1605
1542
1467
1376
1273
1156
1031
894
746
590
428
264
99
-64
-225
-378
-519
-648
-762
-858
-939
-999
-1039
-1061
-1062
-1042
-1005
-950
-885
-806
-724
-640
-554
-472
-396
-325
-261
-203
-152
-110
-74
-44
-21
-4
5
6
-5
-27
-67
-122
-193
-280
-381
-495
-613
-734
-849
-955
-1050
-1120
-1167
-1184
-1171
-1129
-1054
-950
-818
-662
-488
-299
-100
107
315
519
718
906
1081
1245
1395
1528
1646
1745
1823
1879
1916
1935
1932
1907
1860
1793
1705
1596
1467
1321
1161
988
802
608
407
202
-4
-210
-413
-609
-795
-970
-1131
-1276
-1398
-1499
-1575
-1622
-1641
-1631
-1590
-1522
-1431
-1318
-1188
-1049
-901
-750
-600
-451
-311
-179
-63
38
127
199
252
287
308
315
307
281
246
195
133
60
-24
-113
-207
-302
-396
-488
-573
-645
-706
-748
-769
-769
-746
-703
-639
-554
-450
-329
-195
-52
102
268
436
605
775
942
1104
1259
1400
1524
1629
1715
1784
1829
1853
1856
1832
1785
1717
1623
1509
1374
1221
1060
884
701
512
318
123
-70
-263
-451
-632
-808
-974
-1131
-1276
-1404
-1519
-1622
-1697
-1752
-1780
-1777
-1750
-1695
-1614
-1508
-1381
-1239
-1082
-917
-751
-583
-419
-262
-121
4
112
202
270
320
351
365
363
344
314
270
214
147
72
-4
-87
-167
-243
-314
-373
-416
-443
-453
-452
-434
-400
-348
-279
-195
-98
17
140
273
416
562
708
852
990
1120
1243
1356
1457
1540
1611
1664
1697
1716
1715
1690
1645
1580
1492
1381
1251
1105
945
776
595
404
206
5
-198
-400
-598
-789
-962
-1118
-1255
-1369
-1461
-1532
-1580
-1610
-1625
-1624
-1605
-1567
-1514
-1449
-1365
-1265
-1154
-1032
-906
-780
-656
-536
-421
-312
-209
-117
-38
25
75
111
127
128
112
83
43
-2
-49
-95
-139
-175
-203
-223
-234
-237
-232
-218
-196
-161
-118
-62
6
91
182
282
389
499
614
735
857
981
1105
1228
1346
1454
1550
1627
1688
1730
1748
1744
1714
1657
1578
1471
1346
1204
1043
871
690
505
317
132
-48
-221
-389
-550
-703
-844
-972
-1088
-1194
-1290
-1376
-1447
-1504
-1546
-1570
-1575
-1563
-1529
-1473
-1397
-1302
-1191
-1066
-932
-794
-653
-513
-384
-267
-162
-74
-1
51
85
103
104
91
65
34
-4
-42
-78
-110
-141
-167
-189
-206
-215
-217
-212
-201
-183
-161
-135
-102
-60
-9
52
119
193
278
371
473
578
690
806
924
1040
1149
1247
1334
1403
1453
1483
1492
1480
1446
1393
1322
1232
1126
1009
883
752
616
478
340
204
71
-62
-192
-316
-441
-561
-678
-791
-897
-995
-1081
-1155
-1214
-1254
-1274
-1274
-1251
-1207
-1142
-1063
-968
-863
-753
-639
-528
-423
-327
-237
-160
-92
-35
9
45
69
84
89
87
78
65
46
22
-6
-38
-73
-108
-147
-186
-221
-251
-277
-297
-311
-315
-310
-295
-269
-231
-181
-120
-49
29
115
205
299
393
488
574
652
719
779
829
868
895
911
923
923
916
903
883
853
817
772
717
656
586
507
426
341
251
155
57
-43
-134
-223
-307
-386
-457
-517
-567
-603
-629
-646
-651
-645
-629
-602
-566
-526
-482
-433
-381
-329
-278
-229
-186
-145
-109
-77
-48
-25
-9
-1
0
-7
-23
-44
-74
-106
-139
-172
-205
-238
-267
-294
-320
-336
-350
-359
-360
-358
-347
-330
-310
-284
-250
-210
-164
-108
-45
26
100
174
251
327
399
464
521
569
605
629
648
659
663
660
651
629
597
559
517
471
423
374
324
269
212
154
95
34
-28
-91
-154
-217
-278
-338
-394
-443
-480
-508
-522
-522
-508
-481
-439
-383
-315
-239
-159
-80
-4
68
132
182
222
246
263
270
266
253
233
207
171
135
99
62
25
-10
-42
-73
-102
-132
-161
-185
-210
-238
-263
-284
-304
-321
-334
-340
-343
-340
-333
-317
-288
-255
-211
-155
-103
-50
3
61
123
186
250
307
356
398
434
466
485
485
476
460
438
409
376
341
298
248
189
128
72
18
-34
-86
-141
-197
-254
-305
-351
-394
-434
-472
-500
-517
-521
-508
-484
-449
-404
-352
-287
-216
-139
-59
21
101
176
244
303
353
395
426
449
463
470
474
469
457
440
413
380
341
295
247
191
131
71
10
-48
-102
-153
-197
-234
-265
-289
-308
-320
-328
-328
-319
-304
-285
-259
-233
-201
-169
-137
-101
-66
-31
6
42
77
113
147
178
202
225
246
263
269
266
259
243
220
189
150
107
60
8
-46
-103
-157
-209
-260
-306
-345
-378
-408
-429
-440
-447
-443
-432
-415
-390
-357
-320
-278
-234
-185
-134
-83
-29
24
74
127
176
227
273
314
353
387
417
443
465
483
495
495
487
476
457
432
400
358
314
271
225
181
134
90
51
12
-24
-55
-80
-99
-115
-130
-144
-148
-148
-144
-141
-136
-128
-121
-112
-104
-95
-85
-80
-76
-72
-71
-68
-66
-67
-71
-71
-73
-72
-72
-76
-81
-85
-93
-97
-107
-122
-138
-155
-165
-178
-196
-209
-225
-233
-236
-239
-239
-238
-230
-214
-199
-176
-152
-128
-97
-67
-32
3
35
65
89
118
149
176
196
211
226
237
247
252
245
243
241
235
232
221
211
202
191
183
171
155
145
137
128
117
105
99
92
81
70
54
40
28
15
3
-6
-15
-20
-26
-30
-33
-39
-39
-39
-39
-41
-42
-43
-43
-41
-46
-53
-58
-69
-76
-83
-90
-97
-109
-120
-129
-141
-147
-151
-157
-159
-161
-160
-154
-153
-152
-149
-145
-134
-126
-121
-115
-110
-102
-93
-85
-74
-64
-51
-41
-32
-18
-7
7
20
35
50
64
82
96
110
123
133
141
148
154
153
151
148
143
140
135
126
119
112
110
109
109
109
107
108
110
109
107
101
96
93
89
80
66
53
40
26
13
1
-10
-23
-35
-42
-47
-50
-50
-50
-53
-53
-53
-55
-60
-68
-76
-85
-95
-104
-116
-127
-140
-151
-161
-171
-178
-180
-181
-181
-181
-175
-168
-161
-151
-145
-136
-127
-119
-112
-103
-95
-85
-75
-67
-58
-48
-37
-28
-15
0
12
26
40
55
70
83
100
113
125
137
144
154
162
166
171
176
183
188
189
189
190
188
186
184
180
176
171
167
163
158
151
140
133
126
115
105
94
83
71
60
48
37
25
13
0
-12
-23
-36
-48
-62
-74
-86
-99
-115
-127
-134
-144
-152
-160
-165
-171
-176
-179
-182
-183
-187
-194
-198
-203
-207
-210
-213
-211
-208
-205
-202
-195
-185
-175
-162
-147
-131
-113
-94
-75
-57
-37
-16
4
24
43
57
72
85
96
107
115
122
135
145
154
161
170
182
193
197
205
211
217
221
218
216
213
203
189
177
165
152
134
115
101
89
76
58
46
38
31
21
15
15
17
16
10
8
9
2
-10
-16
-19
-27
-40
-55
-63
-74
-89
-102
-108
-112
-120
-126
-125
-120
-118
-123
-122
-115
-110
-114
-117
-114
-111
-112
-122
-125
-123
-125
-132
-137
-131
-125
-126
-122
-111
-96
-83
-73
-59
-39
-20
-8
3
18
34
46
50
57
68
73
75
78
85
93
96
97
103
110
118
119
121
127
132
136
140
141
139
136
125
119
111
98
85
72
62
52
40
28
19
11
2
-5
-7
-2
0
0
-1
0
-3
-9
-17
-24
-28
-31
-40
-48
-51
-54
-59
-63
-65
-68
-70
-70
-69
-67
-67
-67
-65
-65
-69
-71
-71
-66
-61
-59
-59
-54
-47
-44
-46
-43
-37
-33
-30
-26
-20
-15
-14
-15
-11
-9
-7
-3
1
10
15
18
24
31
38
43
49
54
61
63
64
67
67
64
58
56
58
57
54
49
45
42
34
29
24
19
18
16
17
16
13
11
9
9
4
1
-2
-3
-5
-6
-8
-10
-13
-17
-23
-25
-25
-25
-23
-19
-19
-19
-14
-10
-10
-10
-10
-8
-7
-9
-10
-11
-10
-12
-13
-18
-23
-28
-29
-27
-27
-25
-22
-21
-18
-16
-16
-14
-13
-11
-12
-10
-8
-8
-8
-7
-7
-4
-1
0
1
1
4
8
11
15
18
20
23
24
29
32
33
35
33
30
27
22
19
16
14
15
14
11
9
5
0
0
1
2
2
1
1
-2
-1
-2
-6
-5
-3
-2
-2
-6
-9
-9
-9
-9
-10
-9
-8
-9
-9
-7
-2
-1
0
-2
-3
-4
-5
-2
0
-2
-4
-5
-4
-5
-6
-6
-6
-6
-6
-8
-7
-8
-8
-9
-8
-9
-8
-7
-6
-5
-5
-1
0
5
7
6
5
2
2
3
4
7
6
7
10
10
10
12
11
13
15
16
15
15
13
14
15
11
9
8
5
4
1
-3
-3
-5
-6
-6
-8
-10
-10
-9
-10
-9
-9
-9
-8
-6
-5
-7
-7
-6
-7
-6
-5
-4
-3
-1
2
0
-1
-1
1
1
