0
2
3
3
3
1
0
1
6
4
0
0
-1
3
5
3
2
2
3
4
6
10
10
12
10
7
5
1
0
2
3
4
2
0
4
6
3
-1
-5
-5
-4
-2
-4
-7
-6
-7
-3
-1
-1
4
1
-4
-6
-8
-10
-11
-13
-15
-15
-10
-6
-2
0
-1
1
2
4
8
11
10
9
7
3
0
0
2
2
1
0
1
3
5
4
7
7
8
11
13
15
12
7
4
1
0
1
2
1
-1
-4
-5
-7
-8
-10
-7
-5
-4
-2
-3
-2
-1
-2
-3
-5
-6
-9
-11
-10
-13
-18
-17
-19
-17
-19
-24
-20
-15
-13
-10
-9
-5
-4
-5
-5
-6
3
8
8
13
21
41
51
45
37
37
51
63
62
63
66
79
97
98
90
83
86
97
92
78
74
84
112
128
126
127
135
164
193
191
181
164
147
124
73
13
-41
-80
-117
-147
-165
-168
-139
-103
-66
-37
-12
20
54
82
88
89
94
105
121
122
113
113
109
95
53
-20
-108
-210
-336
-487
-659
-835
-1004
-1167
-1319
-1446
-1539
-1580
-1568
-1510
-1411
-1278
-1107
-904
-683
-458
-240
-35
158
334
481
596
678
735
782
813
836
864
891
926
967
1007
1058
1112
1161
1209
1237
1251
1253
1230
1192
1139
1067
989
898
791
685
587
500
412
328
257
207
168
125
70
11
-50
-118
-201
-297
-403
-510
-609
-692
-761
-812
-845
-862
-860
-849
-832
-818
-803
-789
-785
-780
-756
-705
-630
-531
-404
-236
-29
199
433
660
861
1012
1092
1093
1011
837
565
206
-210
-661
-1131
-1591
-2011
-2363
-2635
-2816
-2884
-2829
-2670
-2420
-2096
-1717
-1296
-864
-445
-49
306
604
847
1042
1198
1314
1400
1475
1553
1636
1732
1840
1967
2094
2213
2319
2403
2455
2456
2401
2297
2134
1918
1658
1371
1077
780
492
229
6
-175
-314
-412
-461
-474
-464
-440
-403
-362
-333
-320
-322
-339
-378
-438
-505
-580
-663
-754
-850
-942
-1033
-1123
-1210
-1284
-1350
-1405
-1442
-1447
-1422
-1375
-1305
-1207
-1080
-937
-787
-631
-476
-335
-222
-127
-48
22
85
146
224
321
449
615
811
1027
1235
1426
1583
1685
1714
1653
1495
1235
879
446
-39
-557
-1086
-1596
-2057
-2443
-2733
-2907
-2957
-2885
-2700
-2412
-2038
-1591
-1099
-595
-98
369
791
1148
1439
1657
1802
1881
1910
1908
1889
1868
1859
1864
1887
1926
1977
2027
2065
2070
2030
1942
1798
1600
1356
1077
779
477
193
-52
-249
-391
-474
-504
-488
-444
-384
-322
-273
-244
-246
-278
-335
-416
-518
-633
-755
-877
-994
-1099
-1189
-1264
-1322
-1368
-1395
-1408
-1412
-1408
-1396
-1375
-1346
-1309
-1260
-1200
-1127
-1038
-933
-814
-689
-556
-417
-276
-131
15
173
338
510
698
904
1120
1342
1554
1744
1900
2001
2035
1988
1847
1610
1275
857
373
-158
-709
-1252
-1756
-2198
-2553
-2797
-2920
-2916
-2793
-2563
-2237
-1837
-1385
-904
-420
48
479
862
1185
1445
1640
1776
1861
1904
1914
1907
1889
1869
1855
1847
1844
1841
1835
1812
1767
1688
1574
1425
1237
1018
772
512
252
10
-199
-362
-474
-528
-528
-477
-387
-273
-149
-31
67
126
141
110
36
-80
-227
-399
-585
-775
-954
-1116
-1255
-1373
-1468
-1543
-1598
-1635
-1657
-1661
-1650
-1626
-1591
-1542
-1477
-1392
-1289
-1175
-1047
-912
-769
-617
-452
-274
-89
108
316
541
789
1064
1356
1641
1906
2124
2287
2384
2399
2312
2104
1780
1347
829
259
-342
-946
-1531
-2068
-2522
-2861
-3069
-3136
-3075
-2896
-2617
-2248
-1803
-1304
-786
-281
186
600
966
1275
1523
1711
1830
1896
1927
1942
1958
1976
1998
2015
2037
2071
2111
2145
2147
2103
2004
1849
1640
1384
1090
760
404
52
-271
-542
-745
-870
-913
-875
-767
-595
-375
-135
107
323
490
589
610
554
423
222
-38
-338
-660
-991
-1308
-1589
-1817
-2000
-2133
-2211
-2241
-2233
-2191
-2118
-2021
-1916
-1813
-1705
-1591
-1475
-1362
-1241
-1112
-984
-855
-711
-542
-359
-164
56
312
594
901
1243
1617
2008
2378
2703
2977
3178
3266
3218
3029
2700
2216
1597
893
148
-615
-1377
-2083
-2679
-3137
-3448
-3589
-3557
-3380
-3087
-2693
-2206
-1657
-1095
-554
-46
416
812
1138
1402
1608
1748
1829
1872
1903
1931
1962
2000
2053
2118
2190
2272
2343
2391
2395
2339
2212
2016
1750
1412
1013
574
125
-310
-701
-1018
-1245
-1373
-1400
-1323
-1155
-914
-631
-337
-61
170
338
422
423
337
165
-72
-356
-666
-984
-1291
-1571
-1807
-1996
-2134
-2221
-2256
-2250
-2212
-2149
-2062
-1955
-1836
-1710
-1571
-1423
-1276
-1129
-968
-796
-624
-451
-268
-67
142
360
612
906
1221
1544
1893
2267
2646
2979
3248
3459
3574
3550
3375
3061
2623
2031
1298
489
-338
-1168
-1986
-2720
-3310
-3742
-4025
-4126
-4019
-3734
-3328
-2824
-2220
-1564
-920
-314
247
747
1147
1451
1676
1824
1899
1920
1909
1879
1844
1833
1849
1884
1932
2013
2117
2198
2233
2233
2195
2068
1830
1515
1152
722
218
-297
-758
-1162
-1518
-1775
-1874
-1841
-1717
-1495
-1160
-760
-366
-4
324
596
764
816
768
626
387
76
-272
-632
-994
-1334
-1625
-1861
-2038
-2159
-2216
-2217
-2184
-2115
-2013
-1894
-1766
-1632
-1468
-1278
-1093
-911
-715
-488
-240
-9
210
439
664
878
1090
1329
1599
1852
2081
2351
2673
2997
3229
3360
3444
3441
3281
2965
2520
1954
1216
331
-547
-1365
-2171
-2974
-3687
-4186
-4485
-4632
-4559
-4271
-3848
-3359
-2799
-2102
-1334
-632
-26
500
955
1317
1572
1764
1872
1857
1763
1650
1572
1529
1494
1494
1529
1596
1717
1873
2039
2173
2225
2199
2091
1901
1628
1268
832
345
-153
-603
-985
-1275
-1455
-1521
-1464
-1285
-993
-614
-205
196
569
883
1113
1233
1235
1122
888
559
171
-249
-687
-1127
-1532
-1881
-2168
-2381
-2519
-2586
-2600
-2565
-2481
-2351
-2193
-2018
-1823
-1602
-1350
-1076
-792
-492
-175
158
488
781
1037
1263
1453
1608
1740
1863
1961
2030
2102
2239
2423
2582
2669
2702
2702
2622
2422
2096
1657
1069
326
-483
-1267
-2018
-2774
-3492
-4062
-4434
-4629
-4650
-4458
-4078
-3595
-3047
-2397
-1656
-926
-278
284
780
1179
1467
1668
1805
1859
1818
1731
1653
1604
1572
1556
1573
1622
1710
1833
1980
2121
2208
2229
2168
2026
1811
1519
1156
736
292
-120
-463
-718
-870
-905
-833
-659
-393
-47
335
691
987
1210
1344
1368
1277
1084
789
397
-51
-507
-958
-1395
-1803
-2148
-2424
-2644
-2799
-2890
-2910
-2898
-2847
-2751
-2608
-2432
-2230
-1973
-1670
-1325
-967
-585
-187
205
580
910
1200
1397
1528
1606
1645
1644
1585
1533
1464
1423
1429
1501
1623
1702
1773
1825
1875
1839
1699
1453
1062
550
-68
-677
-1306
-1956
-2594
-3138
-3524
-3767
-3822
-3699
-3420
-3049
-2575
-1996
-1347
-690
-96
464
928
1311
1602
1812
1963
1991
1947
1861
1769
1670
1573
1493
1467
1455
1463
1526
1603
1714
1760
1782
1784
1697
1569
1354
1114
837
517
210
-50
-256
-396
-453
-440
-328
-188
9
239
430
609
700
725
663
496
271
-32
-403
-809
-1227
-1634
-2006
-2351
-2625
-2831
-2997
-3082
-3117
-3074
-2964
-2834
-2653
-2441
-2181
-1863
-1511
-1121
-688
-248
199
641
1069
1487
1810
2034
2170
2203
2162
2041
1853
1639
1406
1172
1004
921
969
1119
1269
1462
1690
1911
2085
2117
2033
1823
1381
784
123
-593
-1346
-2186
-2970
-3562
-4037
-4333
-4406
-4270
-3936
-3531
-2989
-2253
-1495
-748
-52
546
1083
1469
1761
2008
2074
2015
1867
1659
1483
1273
1098
986
856
786
799
912
1113
1289
1449
1602
1718
1802
1821
1777
1659
1447
1180
906
680
498
341
218
129
117
184
288
408
499
555
559
481
366
216
-1
-300
-676
-1044
-1374
-1704
-2024
-2314
-2551
-2745
-2922
-3022
-3025
-2986
-2915
-2802
-2603
-2325
-1999
-1610
-1168
-702
-226
244
719
1164
1544
1850
2023
2075
2034
1909
1717
1441
1132
861
606
402
342
454
682
911
1163
1515
1881
2123
2211
2175
1985
1517
820
91
-657
-1527
-2491
-3365
-4005
-4480
-4812
-4861
-4627
-4233
-3735
-3069
-2194
-1263
-423
352
1064
1656
2098
2399
2588
2612
2462
2236
1980
1715
1469
1245
1083
980
954
1056
1239
1459
1674
1865
2046
2174
2228
2215
2112
1918
1642
1332
1057
806
572
371
219
141
128
159
230
291
313
296
238
143
-11
-228
-505
-840
-1194
-1535
-1854
-2170
-2487
-2761
-2976
-3150
-3274
-3334
-3322
-3282
-3212
-3048
-2792
-2478
-2123
-1712
-1225
-718
-219
307
822
1272
1621
1857
2010
2048
1959
1815
1610
1358
1082
820
663
625
704
903
1150
1422
1739
2070
2371
2551
2557
2375
1952
1342
648
-112
-979
-1934
-2855
-3614
-4191
-4564
-4667
-4524
-4218
-3783
-3150
-2310
-1395
-539
242
944
1527
1961
2274
2481
2524
2367
2097
1832
1590
1346
1124
982
919
909
989
1202
1486
1725
1900
2051
2169
2192
2109
1964
1748
1425
1039
695
431
195
-30
-179
-227
-219
-167
-50
98
193
212
208
187
96
-93
-343
-628
-966
-1343
-1701
-2015
-2328
-2647
-2905
-3066
-3170
-3247
-3255
-3166
-3023
-2852
-2623
-2307
-1931
-1536
-1104
-622
-125
336
759
1175
1555
1824
1953
1978
1938
1823
1629
1416
1223
1040
880
848
1001
1248
1488
1754
2088
2414
2623
2704
2670
2428
1900
1188
436
-380
-1345
-2374
-3277
-3994
-4578
-4956
-5014
-4801
-4459
-3992
-3290
-2382
-1459
-621
187
956
1575
2001
2315
2539
2574
2403
2146
1907
1657
1366
1114
966
893
862
934
1149
1422
1655
1852
2072
2259
2323
2265
2145
1958
1642
1246
871
552
219
-120
-359
-461
-489
-490
-423
-281
-123
-4
109
215
244
159
-19
-232
-508
-862
-1275
-1711
-2140
-2546
-2890
-3164
-3369
-3512
-3558
-3487
-3321
-3084
-2796
-2427
-2002
-1531
-1029
-502
25
484
909
1324
1702
1937
2011
2006
1957
1829
1603
1383
1198
1010
824
805
1031
1351
1616
1882
2282
2695
2937
3001
2986
2787
2205
1368
528
-299
-1335
-2516
-3525
-4275
-4890
-5360
-5443
-5163
-4753
-4276
-3545
-2535
-1518
-626
215
1036
1681
2092
2383
2597
2618
2396
2071
1770
1490
1183
911
744
672
661
753
999
1338
1648
1888
2125
2347
2483
2466
2348
2159
1831
1383
917
533
165
-239
-570
-745
-795
-794
-703
-486
-228
-35
123
309
449
467
355
174
-73
-441
-875
-1314
-1752
-2207
-2662
-3048
-3332
-3536
-3661
-3674
-3580
-3399
-3139
-2788
-2332
-1827
-1301
-741
-172
375
882
1359
1802
2121
2263
2297
2257
2145
1950
1676
1412
1159
901
777
868
1147
1481
1743
2074
2526
2919
3163
3216
3094
2714
1962
1058
192
-779
-1925
-3126
-4138
-4838
-5392
-5700
-5591
-5236
-4756
-4138
-3269
-2164
-1141
-281
554
1283
1820
2164
2372
2501
2392
2062
1734
1440
1148
850
595
477
436
448
626
951
1303
1602
1847
2107
2334
2414
2375
2246
1989
1608
1146
727
396
51
-283
-494
-575
-534
-409
-203
88
339
536
738
881
920
834
615
328
-66
-543
-1011
-1520
-2057
-2563
-3004
-3339
-3609
-3808
-3851
-3788
-3652
-3409
-3071
-2626
-2126
-1613
-1033
-443
112
674
1211
1709
2138
2377
2499
2520
2421
2282
2005
1675
1383
1062
850
834
995
1315
1564
1806
2236
2631
2912
3015
2896
2624
1963
1069
248
-669
-1757
-2965
-4086
-4840
-5424
-5811
-5755
-5458
-5010
-4417
-3599
-2451
-1361
-468
399
1130
1703
2103
2340
2529
2449
2106
1788
1483
1201
888
591
473
379
338
490
800
1178
1439
1659
1962
2200
2286
2235
2135
1960
1568
1120
783
522
246
-48
-167
-133
-82
54
313
644
889
1024
1189
1297
1252
1089
831
503
16
-560
-1068
-1581
-2110
-2637
-3076
-3366
-3611
-3777
-3796
-3709
-3555
-3378
-3101
-2678
-2222
-1755
-1264
-713
-139
373
891
1419
1867
2162
2294
2386
2432
2324
2111
1865
1634
1390
1149
1122
1325
1551
1704
1883
2217
2550
2651
2586
2432
2042
1298
360
-473
-1316
-2412
-3565
-4468
-5060
-5534
-5850
-5714
-5277
-4812
-4240
-3377
-2253
-1248
-456
393
1189
1749
2093
2353
2597
2549
2242
1982
1768
1521
1180
909
834
755
684
763
1003
1302
1470
1616
1849
2011
2037
1936
1835
1707
1378
1019
756
566
391
199
190
339
461
644
916
1241
1499
1579
1652
1684
1518
1217
822
385
-148
-833
-1447
-1973
-2507
-2987
-3382
-3613
-3765
-3903
-3863
-3691
-3475
-3250
-3010
-2638
-2227
-1842
-1404
-933
-441
10
437
937
1392
1699
1873
1969
2046
2016
1865
1703
1539
1338
1146
1122
1355
1639
1792
1949
2249
2555
2653
2545
2367
1993
1220
245
-623
-1454
-2473
-3610
-4494
-5027
-5453
-5701
-5524
-5015
-4434
-3856
-3021
-1886
-865
-60
698
1413
1963
2239
2433
2659
2632
2364
2080
1882
1733
1476
1240
1197
1161
1108
1157
1363
1641
1733
1736
1865
1954
1859
1629
1411
1222
854
418
184
85
-16
-117
-28
300
613
877
1225
1608
1863
1902
1866
1802
1534
1039
482
-53
-658
-1369
-2032
-2538
-2978
-3415
-3713
-3807
-3816
-3821
-3747
-3505
-3214
-3006
-2796
-2491
-2159
-1878
-1577
-1170
-729
-340
75
590
1089
1434
1673
1908
2119
2164
2092
2049
1992
1870
1758
1838
2115
2299
2345
2459
2693
2854
2739
2479
2172
1596
683
-296
-1101
-1922
-2994
-4039
-4693
-5034
-5293
-5356
-4985
-4386
-3858
-3270
-2364
-1295
-488
73
691
1305
1689
1851
2029
2236
2179
1931
1803
1820
1804
1654
1572
1665
1698
1657
1694
1837
1920
1782
1590
1489
1327
1002
621
336
82
-255
-532
-584
-465
-333
-147
243
760
1234
1635
2033
2398
2541
2450
2255
1929
1407
714
-5
-658
-1361
-2063
-2610
-2991
-3250
-3448
-3501
-3378
-3269
-3168
-2991
-2750
-2524
-2441
-2366
-2192
-2058
-1921
-1713
-1400
-1002
-665
-220
388
946
1435
1819
2184
2524
2638
2693
2757
2710
2633
2545
2607
2764
2693
2606
2596
2527
2323
1858
1374
808
-127
-1122
-1972
-2729
-3523
-4417
-4968
-5116
-5212
-5105
-4703
-4044
-3356
-2847
-2127
-1209
-484
22
394
822
1187
1308
1475
1720
1859
1887
1903
2114
2393
2525
2656
2807
2924
2959
2905
2851
2668
2253
1748
1237
715
127
-511
-1039
-1420
-1695
-1769
-1616
-1245
-746
-165
587
1435
2213
2831
3272
3542
3593
3368
2916
2276
1439
494
-466
-1333
-2068
-2714
-3217
-3526
-3624
-3535
-3332
-3057
-2758
-2528
-2351
-2205
-2120
-2137
-2280
-2427
-2545
-2636
-2638
-2478
-2132
-1697
-1189
-548
197
941
1636
2276
2857
3274
3531
3712
3813
3903
3936
3895
3735
3476
3237
2951
2520
1919
1224
390
-593
-1616
-2473
-3184
-3956
-4655
-5093
-5166
-5030
-4766
-4233
-3545
-2886
-2312
-1692
-1004
-465
-161
38
197
274
348
510
777
1029
1266
1671
2211
2767
3281
3781
4236
4460
4452
4359
4168
3717
2927
2000
1106
168
-842
-1777
-2462
-2938
-3274
-3322
-2966
-2288
-1478
-574
505
1658
2680
3484
4062
4375
4344
3976
3397
2615
1613
504
-593
-1554
-2377
-3020
-3383
-3555
-3551
-3374
-3004
-2521
-2124
-1849
-1652
-1538
-1606
-1824
-2134
-2456
-2856
-3268
-3512
-3541
-3336
-2985
-2421
-1691
-818
118
1134
2145
3015
3750
4270
4681
4909
5110
5277
5269
4984
4454
3966
3435
2766
1869
909
-102
-1267
-2400
-3291
-3869
-4462
-5053
-5367
-5246
-4859
-4384
-3675
-2813
-2049
-1537
-1036
-468
-99
-75
-219
-286
-379
-516
-475
-130
326
732
1270
2084
3002
3757
4386
4957
5314
5295
4996
4598
3959
2927
1626
360
-803
-1969
-3020
-3761
-4144
-4310
-4188
-3601
-2597
-1431
-274
956
2204
3285
4056
4568
4811
4634
4041
3208
2311
1323
254
-754
-1593
-2249
-2731
-2936
-2868
-2647
-2384
-2083
-1735
-1459
-1319
-1315
-1410
-1658
-2071
-2526
-2945
-3312
-3643
-3827
-3762
-3467
-3014
-2423
-1635
-686
334
1331
2294
3181
3906
4466
4893
5330
5727
5927
5833
5497
5086
4539
3766
2754
1593
279
-1195
-2657
-3853
-4727
-5489
-6137
-6489
-6379
-5882
-5142
-4152
-3029
-1994
-1185
-521
93
524
598
364
-7
-385
-681
-795
-655
-342
80
699
1570
2608
3645
4567
5329
5802
5914
5730
5288
4541
3392
1964
507
-884
-2190
-3354
-4200
-4641
-4744
-4518
-3885
-2867
-1654
-427
769
1945
2971
3705
4110
4226
4079
3631
2971
2203
1425
675
-24
-589
-986
-1227
-1351
-1384
-1341
-1274
-1244
-1280
-1401
-1602
-1845
-2111
-2386
-2681
-2984
-3230
-3406
-3475
-3434
-3261
-2964
-2618
-2222
-1750
-1135
-435
253
913
1577
2277
2971
3776
4726
5690
6370
6677
6769
6631
6146
5189
3894
2270
296
-1836
-3741
-5194
-6377
-7327
-7878
-7820
-7266
-6317
-4974
-3370
-1851
-720
132
802
1221
1212
857
310
-351
-1001
-1392
-1335
-969
-426
304
1346
2569
3787
4912
5840
6378
6361
5959
5337
4473
3242
1778
342
-964
-2105
-2969
-3383
-3437
-3320
-3059
-2528
-1727
-874
-115
523
1034
1345
1486
1572
1635
1610
1478
1343
1274
1279
1328
1394
1387
1246
1006
729
393
-79
-666
-1281
-1879
-2431
-2861
-3086
-3143
-3120
-3009
-2766
-2424
-2099
-1831
-1608
-1465
-1483
-1636
-1811
-1937
-2001
-2004
-1859
-1548
-1027
-277
793
2200
3769
5252
6401
7218
7661
7667
7126
6041
4472
2441
145
-2102
-3975
-5460
-6604
-7354
-7562
-7184
-6298
-4978
-3388
-1811
-579
227
687
855
678
186
-473
-1144
-1682
-1900
-1620
-878
160
1331
2592
3843
4919
5684
6051
5958
5350
4352
3169
1980
833
-228
-1085
-1611
-1775
-1631
-1220
-631
-19
426
674
787
757
507
31
-532
-1064
-1495
-1761
-1741
-1419
-899
-270
454
1249
1977
2498
2737
2677
2293
1622
780
-126
-1020
-1840
-2486
-2886
-3024
-2920
-2601
-2146
-1666
-1215
-828
-548
-481
-622
-905
-1281
-1740
-2199
-2483
-2539
-2438
-2249
-1909
-1380
-680
183
1325
2752
4169
5244
5882
6206
6194
5722
4785
3552
2092
395
-1338
-2730
-3618
-4225
-4701
-4909
-4678
-4115
-3367
-2460
-1501
-812
-646
-836
-1106
-1384
-1756
-2123
-2274
-2117
-1660
-809
516
2073
3491
4562
5325
5732
5669
5135
4253
3079
1618
131
-1015
-1632
-1853
-1760
-1329
-624
166
901
1588
2105
2223
1846
1202
530
-124
-780
-1328
-1633
-1714
-1590
-1206
-524
253
883
1273
1475
1501
1307
932
420
-169
-810
-1355
-1668
-1715
-1573
-1353
-1091
-841
-598
-395
-240
-201
-344
-646
-1053
-1418
-1676
-1771
-1768
-1705
-1558
-1313
-971
-634
-333
-151
-96
-98
47
569
1412
2359
3133
3676
3975
3991
3713
3145
2317
1167
-235
-1622
-2687
-3335
-3689
-3842
-3779
-3456
-2895
-2144
-1272
-479
-69
-208
-766
-1440
-2019
-2436
-2646
-2565
-2108
-1240
33
1627
3324
4795
5740
6042
5766
5065
4022
2688
1179
-297
-1505
-2276
-2504
-2152
-1352
-389
489
1202
1752
2092
2135
1850
1296
592
-82
-542
-680
-530
-190
246
719
1185
1588
1855
1873
1565
941
140
-646
-1292
-1775
-2117
-2296
-2272
-2036
-1630
-1147
-692
-421
-427
-648
-890
-1037
-1150
-1297
-1438
-1472
-1362
-1114
-742
-334
-39
47
-5
-65
-134
-294
-564
-811
-834
-454
393
1575
2750
3563
3843
3620
3009
2082
860
-626
-2223
-3633
-4522
-4722
-4296
-3452
-2446
-1469
-589
231
969
1420
1304
545
-646
-1903
-2884
-3348
-3199
-2516
-1468
-137
1486
3307
5033
6281
6776
6427
5337
3815
2245
860
-314
-1267
-1861
-1944
-1518
-701
309
1221
1711
1655
1223
664
81
-507
-1002
-1255
-1176
-738
67
1129
2177
2908
3191
3051
2571
1822
891
-129
-1141
-1984
-2478
-2530
-2219
-1718
-1212
-850
-720
-805
-1015
-1318
-1742
-2288
-2781
-3023
-2875
-2378
-1614
-746
45
611
905
987
843
476
-98
-709
-1224
-1526
-1558
-1315
-757
124
1389
2841
4155
4918
4956
4225
2824
997
-947
-2719
-4230
-5304
-5717
-5268
-4126
-2668
-1254
-115
595
820
714
441
37
-600
-1391
-2075
-2371
-2130
-1346
-141
1190
2368
3279
3988
4478
4659
4433
3814
2897
1874
1042
654
734
1058
1387
1588
1638
1529
1272
862
258
-547
-1436
-2142
-2432
-2200
-1566
-735
129
956
1710
2308
2660
2654
2252
1491
580
-198
-645
-793
-798
-725
-563
-331
-138
-67
-208
-665
-1476
-2450
-3239
-3636
-3647
-3398
-2941
-2329
-1618
-857
-99
497
728
525
4
-612
-1153
-1492
-1601
-1480
-1189
-763
-211
419
1093
1778
2507
3219
3777
3973
3678
2877
1708
385
-908
-2027
-2884
-3397
-3567
-3385
-2905
-2267
-1711
-1444
-1469
-1627
-1704
-1621
-1370
-1061
-820
-698
-574
-224
421
1248
2003
2520
2744
2782
2791
2893
3039
3024
2722
2199
1706
1454
1527
1780
1981
1926
1609
1191
842
615
403
112
-289
-680
-895
-812
-461
-32
283
396
398
408
508
650
720
616
343
67
-53
15
128
136
-37
-342
-655
-870
-988
-1181
-1593
-2202
-2780
-3108
-3090
-2776
-2310
-1838
-1428
-1010
-520
-2
343
367
77
-388
-842
-1137
-1173
-996
-729
-500
-328
-164
90
536
1243
2144
2988
3485
3441
2869
1890
707
-492
-1558
-2409
-2956
-3080
-2738
-2043
-1278
-746
-657
-1012
-1584
-2030
-2117
-1859
-1457
-1109
-871
-668
-336
226
944
1574
1902
1918
1804
1786
1981
2347
2695
2796
2575
2182
1841
1673
1630
1550
1312
933
583
478
696
1103
1460
1591
1484
1248
1035
922
851
710
465
234
157
273
499
674
628
296
-232
-750
-1098
-1268
-1328
-1326
-1245
-1057
-803
-571
-519
-794
-1400
-2155
-2764
-3018
-2903
-2526
-2023
-1474
-911
-372
97
407
442
177
-276
-707
-936
-909
-679
-372
-153
-146
-312
-438
-287
285
1176
2077
2610
2505
1813
816
-228
-1220
-2110
-2776
-3057
-2915
-2439
-1750
-1021
-505
-431
-750
-1125
-1175
-767
-81
547
824
663
244
-107
-189
-13
275
575
877
1221
1687
2316
3007
3433
3270
2515
1515
694
252
164
276
447
626
857
1193
1594
1909
1993
1803
1406
989
796
983
1467
1956
2208
2207
2066
1834
1472
932
224
-582
-1321
-1792
-1872
-1641
-1319
-1078
-989
-1064
-1276
-1559
-1894
-2318
-2813
-3187
-3199
-2783
-2111
-1430
-919
-673
-674
-788
-835
-744
-594
-470
-367
-205
55
387
669
735
441
-196
-917
-1319
-1050
-23
1469
2810
3375
2920
1714
259
-1097
-2289
-3310
-4012
-4160
-3671
-2736
-1706
-911
-576
-749
-1219
-1540
-1266
-281
1052
2124
2501
2183
1541
999
736
659
633
648
816
1205
1790
2461
3008
3136
2642
1621
477
-339
-607
-416
-32
355
703
1061
1401
1574
1481
1151
751
435
346
601
1240
2121
2917
3326
3222
2711
1991
1227
495
-149
-622
-821
-738
-510
-329
-322
-505
-881
-1422
-2038
-2576
-2913
-3050
-3056
-2991
-2823
-2527
-2155
-1841
-1714
-1737
-1776
-1643
-1314
-860
-405
-7
320
546
660
629
515
284
-45
-509
-903
-901
-180
1266
2889
3974
3876
2674
860
-863
-2154
-2986
-3425
-3510
-3163
-2557
-1915
-1588
-1704
-2234
-2943
-3424
-3250
-2140
-262
1807
3258
3616
2925
1792
856
468
565
937
1490
2191
3004
3715
4108
3953
3178
1876
398
-770
-1241
-909
-57
858
1389
1404
1015
469
-83
-576
-909
-935
-534
263
1299
2330
3114
3427
3166
2400
1380
442
-141
-269
-60
294
595
756
705
409
-114
-745
-1281
-1601
-1665
-1597
-1532
-1589
-1798
-2084
-2403
-2689
-2917
-3026
-2960
-2715
-2295
-1782
-1233
-765
-463
-332
-318
-281
-161
64
286
386
289
47
-75
186
1083
2417
3677
4145
3463
1914
162
-1083
-1696
-1836
-1877
-1905
-1869
-1756
-1687
-1964
-2643
-3574
-4262
-4287
-3397
-1729
236
1829
2430
1879
553
-705
-1177
-622
609
1944
2978
3653
4063
4237
4045
3332
2194
967
153
36
603
1494
2271
2535
2100
1058
-265
-1385
-1967
-1879
-1283
-392
539
1357
1928
2160
2008
1478
752
65
-299
-252
175
780
1335
1618
1475
921
106
-672
-1179
-1257
-966
-487
-90
31
-161
-607
-1156
-1719
-2154
-2395
-2378
-2161
-1844
-1560
-1414
-1433
-1589
-1741
-1810
-1683
-1385
-926
-437
-30
208
228
78
-206
-360
-126
790
2229
3648
4313
3765
2213
316
-1096
-1691
-1606
-1309
-1095
-979
-933
-1002
-1421
-2232
-3266
-4067
-4171
-3338
-1722
80
1365
1616
807
-641
-1978
-2482
-1837
-324
1404
2768
3557
3855
3784
3414
2727
1804
846
260
380
1212
2354
3189
3337
2707
1561
271
-731
-1161
-989
-375
391
1077
1468
1487
1172
666
120
-352
-619
-563
-174
398
920
1179
1080
628
-17
-645
-1034
-1087
-791
-237
358
744
694
212
-540
-1264
-1733
-1843
-1628
-1251
-861
-616
-571
-757
-1114
-1529
-1861
-1998
-1899
-1573
-1106
-620
-292
-212
-395
-723
-1036
-1155
-915
-222
943
2327
3498
3858
3123
1511
-288
-1509
-1834
-1389
-688
-134
66
-47
-392
-1019
-1908
-2894
-3497
-3327
-2302
-784
587
1220
784
-505
-2016
-2990
-2948
-1880
-169
1583
2845
3369
3244
2721
2003
1218
517
115
226
910
2045
3246
3996
3888
2905
1480
221
-395
-261
410
1208
1782
1970
1780
1298
622
-99
-645
-820
-594
-113
382
681
649
279
-334
-1000
-1515
-1712
-1490
-894
-108
569
879
686
47
-817
-1591
-1969
-1828
-1253
-521
49
223
-61
-660
-1323
-1800
-1970
-1839
-1505
-1091
-705
-425
-300
-359
-580
-861
-1035
-989
-712
-251
341
1050
1797
2381
2504
1956
837
-423
-1266
-1363
-802
-16
556
706
489
67
-467
-1078
-1695
-2124
-2121
-1578
-676
168
509
128
-801
-1801
-2338
-2126
-1263
-116
892
1501
1678
1535
1224
852
526
361
458
870
1550
2340
2995
3258
2975
2193
1186
347
19
296
978
1698
2121
2104
1696
1035
298
-335
-716
-756
-496
-80
275
376
153
-310
-839
-1256
-1463
-1408
-1091
-577
-12
393
455
96
-573
-1276
-1680
-1575
-1005
-245
342
497
187
-421
-1067
-1530
-1703
-1608
-1336
-1001
-694
-477
-396
-459
-625
-792
-825
-621
-197
300
667
778
695
626
740
1014
1230
1147
714
134
-270
-283
56
491
745
692
386
-19
-409
-753
-1061
-1306
-1390
-1220
-795
-267
123
162
-195
-802
-1402
-1766
-1787
-1501
-1019
-470
50
466
743
864
856
778
723
794
1047
1449
1883
2202
2293
2131
1791
1418
1165
1113
1240
1427
1507
1347
913
319
-238
-570
-593
-367
-53
183
249
145
-58
-273
-460
-601
-681
-664
-504
-212
115
297
189
-219
-747
-1115
-1117
-747
-200
240
363
136
-322
-824
-1224
-1465
-1549
-1519
-1404
-1222
-984
-719
-482
-329
-291
-325
-334
-247
-79
51
22
-172
-380
-382
-47
570
1235
1684
1781
1555
1160
759
443
234
114
65
83
145
207
212
98
-164
-526
-857
-1007
-874
-508
-125
3
-295
-971
-1754
-2314
-2426
-2079
-1432
-700
-54
401
618
598
413
202
130
319
777
1401
2027
2495
2705
2635
2330
1885
1413
1010
728
563
481
430
367
264
111
-76
-280
-466
-595
-627
-544
-359
-128
77
201
233
206
168
137
97
27
-64
-123
-95
32
183
243
123
-169
-532
-831
-988
-1024
-1026
-1070
-1168
-1266
-1295
-1234
-1112
-972
-836
-689
-515
-339
-233
-237
-336
-424
-385
-187
102
352
470
458
413
464
674
997
1288
1403
1285
1006
713
529
466
443
360
192
1
-118
-126
-87
-104
-247
-498
-759
-952
-1068
-1169
-1324
-1537
-1723
-1761
-1565
-1163
-679
-288
-85
-41
-27
98
395
806
1196
1446
1522
1503
1516
1621
1771
1837
1705
1360
915
524
287
191
150
69
-76
-239
-377
-468
-531
-579
-591
-507
-287
57
438
746
887
842
671
478
360
351
423
506
537
482
338
127
-126
-408
-694
-961
-1180
-1310
-1321
-1224
-1065
-912
-824
-800
-807
-816
-833
-870
-915
-916
-828
-647
-414
-197
-41
38
37
-27
-96
-81
86
404
776
1048
1115
982
760
584
529
587
688
771
802
800
777
716
563
261
-181
-662
-1023
-1157
-1082
-933
-855
-901
-1006
-1054
-991
-850
-716
-636
-568
-411
-93
363
836
1167
1251
1108
867
678
629
706
818
885
873
800
679
509
283
15
-232
-381
-395
-312
-235
-252
-374
-526
-590
-496
-263
32
297
485
606
693
761
807
824
807
759
686
601
512
416
300
136
-81
-330
-556
-690
-689
-568
-391
-248
-216
-322
-532
-781
-993
-1105
-1083
-928
-677
-392
-150
-22
-43
-191
-402
-595
-697
-666
-502
-247
40
277
413
431
367
292
271
345
504
700
867
951
908
730
432
81
-242
-468
-576
-595
-579
-586
-647
-766
-923
-1079
-1188
-1198
-1064
-776
-364
110
562
910
1097
1119
1015
860
727
657
651
683
722
750
754
706
579
358
80
-173
-311
-293
-163
-24
31
-35
-181
-310
-349
-275
-132
11
111
174
234
326
428
484
454
346
232
181
209
266
280
209
88
-20
-60
-34
20
70
107
122
97
-2
-182
-401
-580
-665
-647
-569
-475
-374
-264
-156
-106
-171
-361
-610
-808
-872
-795
-638
-487
-402
-373
-343
-256
-103
82
239
322
329
309
323
396
503
580
574
478
336
203
103
15
-105
-268
-440
-575
-653
-695
-730
-754
-728
-594
-333
-5
302
513
622
670
706
749
783
769
683
544
414
338
318
302
241
117
-37
-156
-184
-105
14
89
80
4
-82
-127
-105
-17
102
210
295
375
457
509
493
393
217
8
-166
-252
-246
-206
-182
-187
-201
-204
-167
-68
76
218
311
339
307
231
128
24
-59
-111
-125
-100
-32
63
138
143
33
-196
-494
-765
-907
-891
-761
-602
-484
-438
-454
-500
-547
-573
-541
-433
-262
-94
11
24
-20
-45
15
166
355
497
528
448
293
119
-36
-151
-236
-316
-395
-444
-420
-302
-117
73
194
219
194
198
293
477
679
815
829
726
559
396
281
210
159
109
72
72
125
208
262
246
175
99
73
101
153
192
222
265
336
405
416
342
209
90
28
2
-56
-197
-395
-575
-673
-680
-629
-578
-543
-499
-408
-263
-90
76
200
251
236
200
182
215
300
399
455
427
328
199
80
-19
-112
-234
-382
-511
-566
-528
-438
-373
-404
-537
-711
-836
-847
-745
-579
-427
-336
-315
-324
-321
-277
-183
-51
80
180
238
258
265
279
304
317
294
237
179
153
187
273
372
430
422
363
301
288
338
431
513
542
498
400
286
194
132
92
57
30
17
33
78
138
186
207
202
185
165
154
159
182
234
303
369
405
389
324
241
151
55
-70
-246
-455
-655
-792
-838
-818
-772
-742
-732
-718
-667
-564
-419
-273
-160
-86
-27
51
168
300
393
405
339
243
185
214
306
384
375
259
71
-94
-178
-175
-142
-154
-235
-359
-463
-499
-473
-441
-456
-533
-624
-661
-597
-438
-239
-72
16
37
29
35
73
131
194
258
330
420
520
612
667
670
635
579
530
506
516
539
538
483
385
264
132
-4
-132
-225
-265
-265
-240
-193
-122
-54
-32
-64
-110
-118
-83
-34
9
73
161
242
296
340
402
466
487
460
410
351
245
74
-117
-260
-341
-414
-515
-618
-683
-718
-749
-765
-734
-661
-586
-521
-421
-263
-93
21
71
108
157
206
231
242
270
328
400
466
496
457
336
179
69
48
84
104
55
-59
-200
-332
-439
-527
-601
-650
-651
-604
-532
-460
-416
-400
-396
-381
-331
-236
-122
-27
38
96
176
280
383
457
501
528
550
590
666
771
859
882
812
670
512
377
271
176
94
30
-16
-56
-94
-116
-115
-112
-125
-148
-161
-160
-164
-161
-109
12
161
273
330
363
396
430
459
467
419
272
46
-168
-274
-256
-179
-142
-216
-398
-617
-777
-830
-800
-753
-724
-694
-640
-557
-454
-355
-297
-300
-328
-310
-208
-64
61
151
214
257
282
295
307
304
269
215
193
231
295
331
299
210
95
-9
-72
-102
-143
-226
-328
-388
-365
-285
-210
-186
-218
-265
-263
-168
-12
113
139
90
72
154
312
471
569
598
580
566
601
681
734
681
532
363
249
201
193
191
172
113
10
-108
-208
-283
-346
-403
-421
-382
-300
-205
-126
-63
-8
37
71
94
121
157
204
267
338
398
399
308
152
-12
-134
-208
-246
-270
-304
-372
-475
-586
-665
-698
-695
-645
-561
-476
-423
-409
-404
-385
-337
-265
-186
-110
-53
-11
49
146
261
340
344
286
217
173
164
183
221
254
260
240
223
227
228
179
75
-42
-132
-185
-202
-182
-134
-100
-107
-131
-123
-58
20
54
40
22
35
90
193
329
456
519
502
452
437
474
517
510
433
322
223
169
169
190
180
97
-54
-220
-338
-383
-378
-369
-376
-379
-349
-274
-172
-70
-9
1
-15
-17
26
103
184
232
243
242
264
299
304
241
100
-87
-266
-384
-421
-400
-382
-406
-458
-493
-476
-411
-348
-332
-372
-432
-461
-420
-313
-187
-86
-34
-14
13
80
177
262
296
272
216
164
145
161
189
191
152
95
67
90
146
186
174
114
36
-24
-52
-50
-42
-49
-82
-122
-136
-106
-38
33
81
90
79
83
130
223
330
410
437
422
402
400
420
440
430
382
302
213
130
58
0
-61
-146
-258
-373
-458
-499
-498
-473
-439
-401
-365
-325
-273
-203
-119
-29
60
135
194
239
276
316
359
397
410
385
322
229
126
24
-71
-161
-252
-340
-401
-416
-382
-319
-266
-259
-313
-393
-447
-437
-363
-267
-189
-148
-117
-63
26
130
202
212
162
99
74
111
188
251
256
209
146
119
136
173
191
160
89
18
-15
0
31
30
-23
-109
-180
-204
-179
-138
-119
-132
-153
-142
-84
6
84
110
92
79
120
235
382
490
519
480
420
393
406
414
374
276
147
44
-9
-37
-94
-212
-372
-513
-580
-555
-470
-384
-346
-360
-400
-422
-390
-297
-171
-37
91
207
314
407
471
485
438
354
259
190
166
173
172
131
41
-80
-201
-290
-335
-341
-321
-283
-239
-199
-172
-171
-195
-227
-239
-205
-117
4
118
196
221
201
158
108
60
20
0
17
72
150
218
241
205
130
49
-9
-30
-25
-9
5
12
11
-5
-48
-122
-206
-277
-308
-292
-249
-201
-168
-151
-134
-108
-70
-26
17
69
146
255
377
478
523
506
440
364
303
269
252
228
193
147
98
40
-44
-162
-307
-436
-499
-472
-374
-265
-198
-203
-262
-323
-328
-265
-148
-11
109
201
267
318
353
364
342
284
210
157
142
167
202
202
130
-14
-191
-336
-401
-376
-296
-218
-183
-189
-217
-233
-222
-196
-166
-134
-83
5
122
227
274
237
142
39
-19
-14
37
94
124
132
129
119
102
59
-10
-79
-107
-71
18
111
155
120
26
-80
-147
-164
-149
-143
-166
-209
-241
-235
-185
-126
-83
-70
-64
-27
62
192
309
372
375
346
328
348
388
408
377
288
175
85
44
31
9
-51
-153
-262
-333
-344
-307
-253
-219
-218
-232
-232
-200
-141
-72
-14
28
62
100
139
170
181
158
104
35
-20
-50
-46
-21
1
2
-33
-95
-154
-194
-191
-153
-103
-59
-37
-37
-45
-50
-47
-44
-41
-35
-21
11
58
107
132
122
82
36
15
30
69
109
130
121
95
70
54
43
32
11
-11
-19
-4
32
70
90
80
47
7
-27
-51
-68
-84
-102
-107
-93
-62
-24
3
16
15
9
15
40
76
119
158
182
197
196
173
129
68
9
-41
-74
-88
-98
-115
-149
-186
-221
-238
-234
-224
-202
-167
-120
-63
-8
34
61
81
102
131
168
198
208
188
144
96
55
23
-6
-32
-60
-89
-109
-121
-125
-122
-124
-123
-118
-99
-65
-29
2
22
27
20
12
9
15
34
54
69
73
65
47
26
13
9
13
26
41
57
69
71
64
50
28
3
-19
-30
-30
-16
4
20
27
19
-2
-29
-52
-60
-57
-38
-15
8
27
36
39
35
29
25
26
32
43
58
72
80
82
77
61
38
10
-21
-48
-68
-85
-99
-111
-123
-129
-136
-135
-131
-126
-122
-118
-105
-79
-40
7
52
85
106
118
125
131
134
130
116
98
80
67
60
50
28
-12
-69
-124
-162
-173
-152
-118
-87
-68
-63
-60
-52
-36
-22
-9
-5
1
16
49
88
119
130
113
81
53
38
48
72
96
105
102
89
74
63
53
40
21
3
-15
-23
-25
-28
-32
-45
-62
-76
-79
-69
-58
-47
-53
-68
-85
-94
-85
-57
-16
27
55
70
75
73
66
62
60
59
62
66
66
58
37
-2
-57
-114
-163
-187
-187
-169
-147
-129
-122
-122
-121
-110
-88
-52
-10
38
92
147
191
215
218
203
178
157
145
142
149
145
129
98
54
3
-46
-89
-124
-144
-150
-143
-126
-112
-107
-110
-121
-125
-118
-97
-64
-29
1
23
37
49
57
65
68
68
71
81
104
122
131
125
102
76
52
35
28
21
6
-16
-46
-72
-92
-104
-112
-121
-135
-145
-143
-133
-115
-99
-88
-84
-80
-68
-41
-6
29
57
79
95
116
143
174
199
208
200
180
154
134
114
88
57
17
-28
-74
-114
-143
-166
-188
-205
-219
-218
-204
-176
-137
-95
-56
-19
19
64
111
158
196
225
242
246
245
236
216
190
151
106
61
18
-23
-63
-97
-127
-152
-172
-182
-181
-176
-169
-164
-159
-148
-134
-116
-95
-77
-62
-47
-33
-22
-10
1
9
14
18
27
36
47
58
68
74
81
86
92
99
102
100
94
83
69
52
37
18
-3
-23
-38
-49
-56
-60
-62
-65
-63
-55
-42
-24
-4
15
33
47
60
71
80
86
84
79
71
64
58
50
38
23
5
-16
-34
-51
-68
-83
-98
-110
-117
-119
-116
-111
-105
-96
-84
-65
-43
-18
7
31
51
68
83
96
104
110
109
105
99
89
77
63
46
28
9
-8
-24
-36
-42
-47
-51
-56
-58
-61
-63
-62
-57
-48
-37
-27
-18
-10
-3
2
4
3
3
3
3
6
10
13
16
16
17
20
20
23
25
25
27
27
26
24
22
17
10
3
-5
-15
-23
-30
-34
-37
-41
-41
-41
-40
-38
-28
-18
-7
4
14
27
36
43
47
48
46
43
39
35
30
24
15
6
-2
-12
-20
-29
-35
-37
-39
-38
-37
-34
-31
-29
-26
-19
-13
-7
-1
4
9
14
18
20
21
24
26
27
27
27
28
26
24
20
16
14
12
12
9
9
5
0
-5
-12
-18
-20
-19
-16
-10
-5
-4
-3
-1
-5
-5
-6
-7
-9
-9
-6
-2
0
-1
-5
-8
-9
-9
-10
-12
-11
-11
-10
-10
-8
-5
-4
-2
-3
-7
-6
-6
-6
