-9
-8
-8
-6
-6
-6
-5
-3
-2
-3
-1
-3
-2
-1
-1
1
2
3
5
3
4
5
6
7
6
7
5
5
5
7
8
8
8
8
6
7
8
7
6
7
15
14
6
-2
-4
2
4
3
-1
-5
-11
-10
-7
-3
-5
-10
-13
-15
-15
-9
-7
-8
-11
-13
-8
-6
-4
-3
-2
-4
-3
2
3
4
5
5
6
5
5
8
9
12
10
11
11
8
6
5
4
5
7
6
3
-2
-3
1
0
-1
-6
-8
-5
-4
-3
-2
-5
-9
-10
-7
-1
-2
-5
-5
-7
-3
3
4
1
-6
-9
-1
4
3
1
-3
-3
-1
0
4
3
-1
-1
-1
3
5
6
2
-4
-7
-3
3
6
3
-2
-4
1
12
18
16
11
5
4
8
9
7
2
-8
-15
-14
-8
-8
-10
-17
-21
-17
-10
-5
-3
-7
-13
-16
-11
-7
-2
-1
-6
-9
-6
5
14
14
10
9
11
17
23
26
24
20
18
20
23
22
17
15
11
7
5
5
4
0
-2
-4
-5
-5
-8
-9
-8
-9
-11
-12
-13
-13
-14
-14
-5
1
-3
-17
-23
-14
-6
-4
-13
-28
-31
-24
-14
-14
-28
-42
-49
-37
-21
-4
8
-13
-36
-35
-2
40
51
34
15
10
42
103
145
130
83
69
97
158
212
243
262
212
169
203
253
291
273
218
172
122
107
131
113
29
-70
-123
-135
-137
-163
-206
-254
-335
-398
-420
-444
-451
-476
-520
-540
-553
-520
-467
-456
-430
-385
-341
-305
-281
-216
-114
-24
46
116
189
235
286
361
446
518
524
520
524
512
551
603
605
545
458
422
420
405
373
324
247
183
181
221
208
122
57
54
47
19
0
-5
-57
-178
-257
-241
-212
-240
-299
-346
-381
-321
136
993
1571
1188
102
-538
-68
912
1388
972
-4
-902
-1135
-528
333
501
-281
-1363
-1940
-1698
-890
-204
-363
-1424
-2508
-2671
-1921
-1050
-745
-1135
-1848
-2226
-1799
-771
71
203
-163
-492
-442
37
750
1329
1484
1333
1287
1538
1906
2171
2257
2191
2025
1880
1863
1887
1787
1592
1458
1400
1268
1015
796
679
533
328
181
111
-52
-358
-556
-529
-483
-577
-753
-894
-1008
-1089
-1025
-873
-873
-1068
-1244
-1249
-1121
-914
-663
-559
-735
-961
-910
-605
-339
-273
-362
-521
-663
-621
-330
-33
-3
-173
-311
-312
-203
-39
119
158
33
-85
-52
95
283
390
356
193
-33
-82
122
338
404
312
192
134
157
718
1922
2636
1889
326
-249
810
2045
2201
1487
416
-553
-795
46
1242
1290
17
-1229
-1625
-1227
-341
335
-55
-1556
-2860
-2697
-1594
-859
-857
-1408
-2218
-2631
-2068
-817
-29
-301
-901
-1089
-853
-269
506
1061
1070
759
808
1312
1741
1934
2013
1971
1782
1614
1716
1868
1691
1454
1520
1637
1357
773
441
463
452
276
17
-376
-860
-1128
-933
-576
-577
-920
-1244
-1390
-1342
-1064
-668
-538
-891
-1331
-1355
-1003
-585
-287
-194
-388
-745
-831
-419
104
304
176
-92
-332
-393
-115
383
603
343
-43
-167
32
313
451
399
111
-243
-331
-119
105
89
-76
-227
-341
-88
1119
2557
2462
554
-996
-172
1924
2773
1887
518
-539
-995
-395
1120
1889
635
-1415
-2336
-1811
-631
420
488
-1009
-3098
-3642
-2185
-595
-351
-1213
-2361
-3121
-2790
-1220
306
322
-750
-1399
-1128
-375
554
1405
1616
1071
682
1180
2049
2542
2633
2551
2305
2021
2111
2539
2649
2232
1899
2019
2120
1755
1237
1017
923
624
241
-78
-490
-1000
-1243
-1051
-883
-1153
-1613
-1861
-1878
-1770
-1499
-1202
-1295
-1809
-2139
-1911
-1428
-1083
-927
-902
-1048
-1208
-977
-395
-3
-82
-324
-345
-231
-128
74
291
302
146
91
248
373
372
407
393
300
290
376
464
362
143
121
206
247
211
33
419
1842
2999
2284
93
-950
618
2598
2717
1489
186
-706
-983
-85
1585
1800
-146
-2074
-2344
-1368
-162
548
29
-2027
-4002
-3744
-1774
-442
-730
-1885
-3058
-3602
-2717
-690
598
30
-1273
-1710
-1115
-127
1018
1888
1758
1020
906
1706
2623
3021
3053
2967
2608
2280
2561
2990
2909
2589
2517
2610
2173
1287
1034
1338
1297
742
-33
-700
-1195
-1409
-1030
-630
-1056
-1998
-2644
-2655
-2203
-1669
-1364
-1610
-2429
-3057
-2794
-1993
-1285
-939
-1108
-1608
-1974
-1678
-592
345
386
-119
-650
-770
-350
352
1013
1020
317
-244
-213
340
1001
1251
1006
432
43
182
621
1016
924
462
-14
-307
-182
138
1198
3055
3591
1681
-994
-1295
1455
3754
3279
1278
-580
-1444
-991
801
2662
2148
-716
-2956
-2829
-1073
864
1501
-80
-3125
-5078
-3878
-1042
264
-674
-2634
-4297
-4464
-2666
-28
1041
-381
-2272
-2699
-1760
-205
1319
2034
1391
170
128
1466
2829
3459
3387
2892
2237
1975
2732
3645
3676
3191
2751
2514
2084
1608
1893
2267
1769
709
-271
-725
-792
-701
-404
-498
-1385
-2334
-2597
-2166
-1596
-1340
-1484
-2159
-3071
-3247
-2430
-1509
-1202
-1458
-1867
-2148
-2077
-1360
-266
203
-260
-887
-1044
-648
-41
499
781
490
-51
-237
95
706
1095
1049
612
116
107
609
1122
1057
534
10
-252
-107
38
684
2388
3720
2978
271
-1463
155
3077
4021
2463
147
-1312
-1496
-143
2102
2798
643
-2419
-3580
-2316
-129
1304
795
-1849
-4838
-5334
-2883
-290
6
-1762
-4003
-5149
-4187
-1474
838
698
-1320
-2807
-2524
-1004
862
2237
2303
1176
328
987
2606
3849
4159
3738
3003
2513
2857
3828
4293
3948
3479
3161
2838
2317
2095
2458
2358
1446
390
-395
-736
-911
-857
-595
-1084
-2185
-2907
-2904
-2333
-1914
-1896
-2170
-2987
-3710
-3491
-2587
-1836
-1817
-2151
-2338
-2451
-2199
-1325
-357
-80
-588
-1036
-877
-391
148
565
638
291
-124
-64
376
747
874
659
259
22
199
698
916
657
280
-34
-130
2
229
639
1467
2670
3124
1767
-169
-282
1820
3729
3352
1467
-137
-656
19
1550
2744
1980
-570
-2522
-2235
-404
1239
1358
-477
-3294
-4825
-3573
-921
261
-992
-3273
-4834
-4574
-2469
44
851
-747
-2843
-3243
-1883
76
1571
1957
1135
-57
-48
1525
3283
4015
3654
2860
2243
2255
3151
4217
4454
3792
2922
2382
2077
2039
2389
2517
1778
366
-835
-1210
-989
-569
-405
-1038
-2292
-3310
-3328
-2516
-1750
-1566
-2112
-3176
-3955
-3689
-2534
-1491
-1322
-1825
-2419
-2644
-2154
-988
160
424
-223
-914
-893
-184
628
1123
1158
704
140
-26
397
1175
1564
1274
655
170
319
814
1112
1062
471
-202
-411
-81
756
1565
2235
2642
1931
404
-384
662
2655
3142
1595
-180
-889
-414
655
1592
1565
1
-1982
-2508
-1363
126
643
-362
-2436
-4215
-4191
-2313
-611
-868
-2525
-4014
-4301
-3160
-1253
133
-190
-1790
-2720
-2027
-434
1036
1819
1796
1136
658
1335
2847
3969
4120
3657
3130
2905
3209
3987
4678
4530
3694
2935
2488
2367
2475
2558
2219
1057
-306
-987
-988
-686
-633
-1090
-1965
-3022
-3414
-2818
-2125
-2033
-2587
-3370
-3884
-3880
-3142
-2131
-1850
-2344
-2820
-2692
-2041
-1335
-685
-270
-418
-792
-763
-181
437
659
585
452
452
512
703
1013
1063
936
761
646
772
909
958
770
302
-30
120
725
1294
1804
2410
2473
1477
111
163
1935
3131
2323
593
-467
-436
99
936
1639
935
-1060
-2395
-1860
-378
442
-31
-1531
-3306
-4124
-3162
-1396
-857
-1975
-3433
-4085
-3506
-1980
-455
-88
-1214
-2453
-2281
-909
534
1325
1348
928
719
1340
2610
3560
3611
3198
2962
3072
3524
4141
4486
4228
3593
3225
3206
3052
2691
2452
2259
1596
485
-345
-479
-351
-541
-1012
-1582
-2301
-2909
-2920
-2377
-2027
-2457
-3297
-3799
-3758
-3311
-2689
-2353
-2574
-3036
-3047
-2284
-1361
-939
-971
-1159
-1153
-755
-77
522
568
177
-92
117
777
1366
1522
1129
388
118
550
1190
1560
1281
649
139
-106
281
1044
1359
1397
1776
2299
2075
773
-75
946
2477
2478
1087
-260
-682
-378
299
1231
1354
-160
-1993
-2389
-1249
174
631
-315
-2313
-4025
-3838
-1927
-428
-860
-2470
-3713
-3848
-2650
-636
611
-60
-1846
-2652
-1580
188
1447
1892
1359
385
282
1635
3486
4199
3439
2482
2244
2795
3921
4789
4564
3440
2471
2554
3141
3140
2656
2144
1506
630
-182
-395
-176
-298
-858
-1482
-2019
-2355
-2444
-2343
-2244
-2479
-2995
-3413
-3595
-3454
-3024
-2699
-2745
-3056
-3147
-2639
-1866
-1305
-1115
-1233
-1331
-1148
-546
269
639
440
79
-18
422
1042
1554
1767
1249
577
483
917
1694
2005
1562
938
353
499
1383
1950
2473
3119
2869
1386
-301
-55
2229
3377
1997
-76
-1278
-1374
-693
495
1383
372
-2142
-3477
-2586
-880
130
-202
-1865
-4017
-4838
-3267
-984
-507
-1966
-3633
-4252
-3504
-1510
557
804
-933
-2533
-2198
-397
1279
2151
2110
1131
241
816
2704
4231
4240
3264
2455
2377
3101
4313
4986
4357
3148
2515
2690
3057
3112
3011
2529
1366
260
-106
145
368
23
-542
-1101
-1779
-2129
-1983
-1661
-1612
-2242
-3087
-3535
-3536
-3076
-2560
-2534
-2946
-3492
-3589
-2898
-1940
-1296
-1292
-1869
-2293
-2055
-1163
-38
487
167
-499
-905
-486
621
1565
1688
963
153
37
665
1570
2019
1692
917
428
775
1690
2958
4134
3850
1746
-514
-501
1979
3781
2868
543
-1330
-1918
-1295
229
1641
913
-1923
-4019
-3510
-1368
317
347
-1328
-3864
-5277
-3896
-931
460
-869
-3151
-4328
-3611
-1387
1008
1750
181
-1853
-2022
-295
1711
2813
2778
1783
651
819
2497
4214
4537
3516
2479
2139
2531
3605
4420
4179
3073
1976
1810
2154
2385
2605
2408
1374
-60
-895
-544
170
232
-337
-1194
-2036
-2464
-2146
-1375
-1077
-1746
-2920
-3709
-3704
-3118
-2297
-1917
-2475
-3485
-4021
-3424
-2040
-1058
-1033
-1725
-2507
-2533
-1616
-348
422
180
-578
-998
-709
248
1329
1789
1339
409
-44
488
1556
2383
2354
1575
837
756
1686
3470
4985
4759
2337
-302
-343
2128
4165
3538
1001
-1225
-2079
-1498
217
1599
778
-2098
-4403
-4057
-1916
-194
-186
-1929
-4359
-5560
-4259
-1630
-313
-1341
-3313
-4407
-3797
-1611
861
1631
135
-1789
-1888
-38
2040
3135
3032
1960
999
1375
3039
4586
4634
3544
2675
2506
2997
3800
4178
3818
2894
2096
1943
1987
2004
2101
1903
1163
64
-710
-636
-228
-70
-340
-1054
-1850
-2318
-2147
-1437
-1032
-1523
-2629
-3572
-3659
-2946
-2077
-1724
-2246
-3231
-3756
-3292
-2105
-1070
-948
-1665
-2500
-2652
-1793
-471
343
203
-572
-1198
-957
103
1279
1808
1336
368
-125
370
1524
2417
2352
1610
1026
1079
1945
3650
5253
5049
2578
-26
71
2559
4190
3239
920
-1019
-1838
-1420
109
1392
356
-2591
-4557
-3993
-2029
-662
-991
-2847
-5145
-6005
-4330
-1763
-949
-2323
-4198
-4868
-3719
-1305
824
1035
-651
-2095
-1496
557
2423
3250
2953
1974
1346
2077
3906
5189
4857
3679
2932
3052
3771
4539
4701
3932
2775
2238
2474
2658
2441
2155
1791
994
-38
-524
-227
125
-62
-601
-1205
-1786
-2111
-1884
-1311
-1112
-1678
-2628
-3331
-3417
-2882
-2106
-1756
-2262
-3230
-3784
-3385
-2266
-1254
-1127
-1901
-2795
-2889
-1945
-708
-100
-384
-1146
-1614
-1218
-155
863
1173
606
-217
-434
232
1376
2181
2165
1605
1018
1105
2556
4791
5761
4048
1013
-172
1570
3878
4238
2516
118
-1634
-1867
-326
1655
1621
-1019
-3927
-4643
-3064
-896
-45
-1474
-4387
-6377
-5503
-2628
-611
-1069
-3131
-4911
-4839
-2496
594
1941
635
-1596
-2219
-560
1977
3839
4092
2707
1199
1368
3283
5310
5733
4554
3191
2549
2902
4112
5033
4687
3349
2007
1587
1896
2210
2434
2200
1073
-351
-1115
-842
-106
157
-272
-1140
-2152
-2706
-2286
-1308
-847
-1437
-2695
-3709
-3767
-2969
-2002
-1673
-2365
-3415
-3852
-3400
-2393
-1519
-1389
-1998
-2758
-2848
-2000
-888
-292
-401
-902
-1322
-1224
-418
640
1147
807
53
-366
8
1002
2092
2581
2110
1267
954
1775
3745
5581
5458
3097
545
385
2544
4254
3798
1863
-192
-1432
-1274
305
1825
1091
-1795
-4126
-4012
-2152
-500
-481
-2271
-4772
-5966
-4572
-1949
-756
-1802
-3768
-4917
-4243
-1943
528
1268
-212
-1985
-1892
2
2151
3321
3131
1982
1038
1544
3448
5046
4998
3868
2900
2625
3061
3943
4620
4385
3231
2092
1718
1849
2095
2331
2130
1135
-222
-990
-694
22
283
-82
-957
-2048
-2599
-2151
-1189
-759
-1508
-2902
-3884
-3900
-3003
-1933
-1669
-2432
-3575
-4100
-3489
-2245
-1240
-1097
-1864
-2750
-2825
-1898
-541
267
21
-832
-1425
-1084
108
1288
1656
1019
4
-282
584
1856
2523
2344
1896
2019
3064
4365
4689
3466
1772
1350
2370
3329
3046
1641
27
-927
-724
513
1419
465
-1861
-3545
-3330
-1736
-410
-666
-2588
-4916
-5630
-3988
-1708
-997
-2252
-4107
-4916
-3972
-1752
322
682
-823
-2408
-2282
-477
1689
2914
2663
1502
696
1264
3019
4470
4522
3569
2556
2262
2889
3863
4403
3908
2647
1816
1963
2595
3027
2798
1983
978
283
355
913
1158
736
-58
-692
-957
-902
-663
-569
-892
-1557
-2190
-2469
-2472
-2395
-2391
-2599
-2880
-3011
-2953
-2816
-2755
-2682
-2463
-2254
-2157
-2068
-1909
-1702
-1491
-1187
-827
-684
-762
-672
-195
358
602
569
452
341
424
966
1882
2662
3149
3614
3862
3299
2160
1703
2520
3440
3118
1740
343
-458
-570
41
847
580
-1128
-2887
-3169
-2000
-728
-512
-1649
-3650
-5054
-4465
-2324
-704
-1140
-3001
-4402
-4096
-2147
187
1162
84
-1780
-2338
-864
1446
2939
2868
1649
552
841
2612
4459
4809
3550
1978
1423
2232
3709
4574
3895
2118
773
925
2158
3149
3047
1985
654
-84
261
1299
1966
1517
316
-635
-735
-121
533
499
-362
-1509
-2103
-1851
-1334
-1259
-1822
-2669
-3262
-3258
-2730
-2252
-2395
-3034
-3553
-3428
-2778
-2213
-2045
-2250
-2516
-2374
-1812
-1148
-761
-798
-859
-650
-198
371
665
613
489
591
1242
2139
2953
3840
4485
4288
3149
2005
2192
3315
3794
3024
1531
205
-516
-487
347
956
81
-1884
-3332
-3163
-1882
-836
-870
-2242
-4233
-5142
-3994
-1826
-764
-1648
-3243
-3971
-3172
-1165
817
1356
100
-1539
-1594
181
2285
3345
2955
1729
869
1367
3191
4732
4446
2794
1436
1405
2373
3295
3401
2398
845
52
666
1868
2307
1664
611
-156
-218
446
1329
1495
635
-257
-306
197
593
555
272
-192
-819
-1053
-832
-721
-1037
-1632
-2008
-2088
-2205
-2288
-2393
-2639
-2812
-2820
-2633
-2539
-2763
-2907
-2757
-2425
-2042
-1736
-1524
-1431
-1347
-1019
-592
-224
56
226
302
334
1022
2270
3034
3316
3773
4404
4262
2934
2198
3146
4004
3483
2053
892
276
-257
-110
690
422
-1322
-2896
-3070
-2250
-1703
-1608
-2089
-3517
-4900
-4627
-2862
-1620
-1926
-2795
-3226
-3041
-1935
-192
997
508
-821
-909
422
1789
2528
2745
2411
1787
1648
2680
3963
3950
2872
2020
1776
1864
2121
2332
2108
1093
132
267
972
1219
912
498
262
135
173
686
1196
1068
587
379
539
788
891
840
684
338
-43
-202
-303
-504
-647
-791
-1064
-1479
-1908
-2098
-2177
-2348
-2460
-2518
-2729
-3020
-3127
-2911
-2555
-2403
-2429
-2371
-2183
-1871
-1364
-842
-553
-529
-552
-325
73
476
1061
2012
3347
4602
4757
3472
1968
1866
3270
4499
4167
2520
507
-960
-1004
419
1707
937
-1785
-4178
-4359
-2592
-568
-52
-1898
-4966
-6564
-5057
-1829
68
-809
-3256
-5006
-4407
-1398
2023
3181
1302
-1445
-2114
-3
3139
5081
4708
2542
592
863
3308
5649
5648
3446
1077
256
1240
2966
3696
2427
-23
-1587
-1052
666
1817
1547
215
-1150
-1495
-474
1086
1760
1064
-98
-552
-5
913
1455
1220
398
-337
-439
2
364
133
-549
-1188
-1416
-1208
-960
-1106
-1755
-2515
-2837
-2631
-2312
-2251
-2562
-3033
-3239
-2986
-2417
-1953
-1852
-1905
-1808
-1504
-986
-438
-175
-307
-567
-304
891
2760
4542
5156
3941
1893
1026
2300
4428
5165
3773
1269
-868
-1388
35
1982
2153
-302
-3488
-4755
-3460
-1030
503
-362
-3420
-6281
-6216
-3209
-232
129
-1872
-4152
-4813
-3009
513
3233
2889
161
-1858
-1090
1672
4231
5109
4028
1947
857
2025
4386
5565
4469
2239
676
583
1641
2730
2562
885
-1007
-1550
-586
656
1055
440
-683
-1492
-1266
-87
987
1017
243
-350
-221
406
1048
1297
898
104
-347
-87
399
398
-178
-822
-1125
-1072
-816
-672
-1015
-1794
-2442
-2501
-2126
-1870
-2027
-2473
-2945
-3071
-2596
-1831
-1378
-1465
-1753
-1746
-1328
-659
-12
159
-253
-665
-382
817
2716
4681
5478
4046
1337
113
1735
4326
5138
3528
791
-1551
-2241
-667
1802
2313
-264
-3743
-5181
-3866
-1221
657
5
-3219
-6379
-6294
-2976
236
618
-1462
-3874
-4659
-2755
1092
3994
3394
249
-1839
-781
2218
4781
5479
4120
1800
688
2124
4756
5831
4390
1931
272
96
1092
2235
2164
439
-1584
-2131
-1102
153
620
264
-578
-1431
-1547
-577
673
1043
470
-142
-231
48
462
901
1062
644
-23
-262
-27
160
53
-185
-468
-843
-1168
-1213
-1135
-1286
-1630
-1903
-2072
-2256
-2410
-2399
-2275
-2157
-2007
-1803
-1666
-1626
-1456
-981
-418
-122
-181
-373
-447
-122
1071
3251
5293
5353
3056
574
455
2632
4692
4681
2601
-311
-2437
-2322
-20
2093
1439
-1791
-4837
-5359
-3323
-476
832
-927
-4701
-7093
-5758
-2089
483
169
-2138
-4352
-4507
-1824
2113
4113
2610
-387
-1596
39
3002
5231
5520
3881
1786
1389
3290
5528
5748
3824
1594
589
914
1792
2206
1409
-322
-1668
-1629
-659
41
-56
-608
-1146
-1383
-1092
-380
193
227
6
-8
169
253
249
367
574
644
515
279
-8
-250
-272
-86
-17
-298
-740
-1051
-1194
-1299
-1404
-1516
-1711
-1998
-2237
-2307
-2248
-2164
-2064
-1870
-1610
-1405
-1267
-1114
-927
-728
-436
-65
239
799
2321
4410
5107
3311
871
566
2503
4293
4252
2628
277
-1806
-2221
-533
1388
1108
-1458
-4163
-5077
-3769
-1262
250
-1107
-4472
-6580
-5453
-2541
-515
-503
-2034
-3886
-4256
-1971
1583
3327
2088
-101
-752
535
2676
4527
5122
4114
2661
2591
4136
5586
5501
4198
2828
2094
2106
2504
2461
1440
40
-610
-307
89
-91
-678
-1216
-1450
-1287
-844
-559
-753
-1122
-1074
-521
18
78
-272
-632
-671
-339
76
165
-222
-781
-1032
-810
-392
-204
-439
-931
-1315
-1354
-1163
-1058
-1231
-1574
-1865
-1998
-1994
-1906
-1781
-1651
-1512
-1344
-1184
-1103
-1097
-1013
-671
-110
479
1241
2564
4077
4404
2876
1051
1143
3119
4728
4334
2376
180
-1200
-1056
459
1764
1111
-1381
-3813
-4435
-2957
-632
325
-1543
-4957
-6676
-5074
-1973
-276
-949
-2932
-4558
-4330
-1803
1404
2650
1127
-1131
-1645
33
2512
4186
4243
3046
2025
2500
4227
5623
5519
4224
2850
2230
2529
3231
3376
2388
838
-37
268
970
1008
165
-950
-1649
-1613
-968
-277
-234
-965
-1743
-1749
-993
-228
-84
-577
-1280
-1641
-1334
-598
-122
-386
-1115
-1594
-1437
-891
-459
-435
-779
-1256
-1555
-1451
-1058
-775
-917
-1409
-1902
-2088
-1837
-1219
-569
-356
-731
-1301
-1500
-1120
-359
396
739
616
683
1681
3213
3800
2746
1262
1064
2331
3669
3741
2364
451
-681
-285
1013
1703
929
-753
-2153
-2480
-1648
-375
19
-1303
-3474
-4506
-3453
-1455
-450
-1225
-2867
-3736
-2852
-769
848
767
-597
-1694
-1454
-114
1311
2003
1816
1273
1174
1887
2937
3450
3058
2261
1881
2231
2838
2951
2305
1368
876
1161
1840
2147
1586
453
-412
-427
200
747
675
4
-779
-1100
-725
-4
386
79
-658
-1218
-1199
-700
-221
-286
-962
-1744
-2032
-1729
-1233
-970
-1124
-1634
-2163
-2185
-1541
-780
-642
-1208
-1864
-2036
-1625
-935
-408
-379
-799
-1229
-1251
-810
-146
428
607
294
-184
-250
306
1064
1466
1444
1401
1653
2078
2261
1953
1364
958
1024
1400
1626
1334
630
38
10
438
748
535
-34
-440
-336
177
613
440
-397
-1261
-1381
-724
-91
-214
-1017
-1835
-2090
-1666
-919
-474
-738
-1438
-1817
-1419
-529
194
338
-24
-430
-368
270
979
1089
520
-80
-41
615
1292
1463
1070
478
210
604
1469
2111
1985
1291
752
833
1366
1855
1915
1491
885
563
731
1103
1207
901
422
59
-115
-210
-355
-595
-870
-1046
-1101
-1165
-1333
-1537
-1674
-1786
-1947
-2085
-2085
-1997
-1966
-2038
-2117
-2115
-2003
-1759
-1400
-1019
-729
-585
-571
-579
-440
-44
503
912
990
847
787
982
1357
1704
1871
1793
1494
1122
893
895
1003
1064
1040
913
655
360
253
421
679
789
682
436
176
62
179
362
321
6
-331
-459
-413
-355
-402
-570
-753
-762
-558
-366
-428
-671
-823
-770
-605
-439
-364
-476
-744
-904
-705
-262
29
-74
-447
-790
-836
-476
143
599
516
20
-314
-47
682
1357
1580
1337
921
730
980
1488
1807
1685
1286
942
822
880
998
1010
773
353
16
-59
5
-42
-322
-758
-1157
-1326
-1215
-1006
-979
-1242
-1625
-1864
-1800
-1451
-1028
-816
-927
-1173
-1263
-1090
-768
-441
-191
-79
-108
-155
-58
208
530
783
911
877
711
562
561
664
721
678
608
551
455
292
151
151
324
542
620
486
264
159
263
485
653
627
414
175
100
216
336
260
4
-246
-355
-325
-255
-237
-329
-490
-581
-520
-429
-504
-732
-908
-885
-722
-588
-601
-785
-1046
-1197
-1089
-759
-426
-301
-428
-644
-678
-347
241
734
858
681
534
662
1022
1386
1542
1446
1247
1172
1315
1527
1569
1371
1091
936
984
1117
1113
827
324
-123
-271
-124
52
-18
-405
-925
-1294
-1311
-1009
-674
-606
-851
-1180
-1332
-1228
-965
-690
-523
-520
-630
-733
-711
-524
-249
-17
60
-6
-102
-121
-47
49
84
41
-22
-24
27
44
-18
-86
-54
83
235
311
273
156
64
113
313
521
584
495
368
314
367
470
511
418
251
154
194
258
205
49
-63
-60
-28
-87
-243
-398
-436
-341
-228
-254
-461
-718
-848
-791
-619
-470
-457
-598
-763
-791
-623
-348
-84
106
198
208
213
296
461
649
814
934
986
971
961
1011
1080
1080
1018
970
962
942
864
736
594
458
359
311
261
138
-71
-289
-422
-447
-422
-448
-574
-743
-837
-798
-695
-645
-686
-765
-821
-825
-780
-697
-609
-542
-500
-472
-457
-461
-470
-468
-443
-381
-278
-160
-94
-124
-193
-187
-36
202
387
405
279
153
168
337
553
701
733
653
542
517
632
789
831
704
502
354
312
342
362
295
152
20
-45
-89
-196
-334
-394
-345
-284
-316
-446
-604
-700
-678
-560
-446
-434
-518
-595
-593
-533
-449
-352
-244
-135
-38
38
82
94
117
201
342
476
546
546
490
422
377
390
460
550
609
580
445
272
173
224
388
532
539
369
92
-120
-113
111
336
324
42
-302
-462
-366
-151
-20
-87
-309
-515
-548
-404
-223
-163
-256
-411
-516
-509
-414
-321
-317
-398
-467
-414
-267
-147
-138
-203
-230
-144
23
171
218
171
113
140
279
464
593
606
526
430
404
473
587
654
609
464
302
201
179
184
168
104
1
-118
-225
-300
-336
-332
-310
-308
-362
-469
-573
-617
-578
-491
-414
-395
-443
-518
-544
-471
-319
-168
-86
-74
-79
-60
-5
70
143
190
201
182
162
161
174
164
103
15
-27
25
132
191
140
22
-46
21
213
427
527
443
248
119
194
442
672
689
469
184
53
163
397
534
439
170
-83
-153
-32
130
164
3
-253
-440
-465
-365
-272
-286
-399
-516
-541
-464
-360
-310
-326
-352
-321
-216
-83
2
4
-29
-8
112
298
449
495
447
383
387
481
612
691
666
548
408
312
280
279
257
185
61
-87
-229
-339
-407
-434
-440
-462
-525
-627
-737
-804
-781
-666
-524
-454
-502
-617
-684
-608
-392
-151
-32
-100
-260
-340
-235
4
218
274
165
4
-63
20
169
239
160
9
-83
-47
70
147
110
-11
-89
-11
207
427
507
428
302
279
433
694
887
889
737
580
545
634
750
788
694
514
358
297
301
280
182
36
-108
-212
-268
-298
-346
-445
-563
-636
-642
-606
-579
-589
-632
-670
-642
-527
-373
-264
-241
-256
-230
-116
64
236
338
355
333
332
380
467
551
586
541
441
331
253
210
197
200
174
70
-103
-262
-340
-326
-264
-221
-260
-406
-583
-660
-565
-369
-224
-230
-379
-551
-594
-434
-158
40
26
-159
-338
-348
-161
100
254
193
-22
-212
-234
-97
65
108
-12
-213
-347
-328
-207
-108
-107
-180
-240
-216
-96
66
186
222
215
251
364
517
642
705
715
695
686
712
758
775
741
672
602
544
490
431
361
282
199
134
82
15
-83
-183
-254
-295
-318
-346
-399
-474
-533
-531
-475
-408
-369
-361
-363
-340
-255
-116
25
103
124
132
159
222
311
383
396
341
263
205
173
156
143
117
53
-47
-149
-221
-248
-231
-190
-180
-255
-388
-486
-477
-366
-229
-152
-198
-345
-467
-432
-237
-20
70
-1
-163
-296
-282
-109
85
129
-18
-219
-337
-330
-233
-131
-136
-283
-466
-530
-452
-340
-286
-298
-345
-394
-365
-214
-20
85
95
111
184
290
418
579
718
765
761
800
875
913
913
930
954
926
862
816
752
618
467
403
392
335
223
105
-32
-190
-277
-242
-190
-242
-358
-433
-457
-453
-391
-280
-240
-319
-388
-325
-189
-86
-12
43
21
-63
-70
67
210
232
172
94
-8
-113
-120
-28
8
-94
-243
-345
-415
-454
-411
-314
-294
-389
-486
-505
-464
-377
-230
-98
-99
-201
-251
-170
-11
152
269
265
123
-20
1
167
310
319
206
23
-151
-194
-82
37
-15
-222
-423
-524
-524
-446
-347
-342
-485
-650
-665
-533
-363
-216
-110
-84
-122
-100
80
336
535
643
693
701
701
775
933
1062
1068
990
934
907
875
837
780
667
514
406
373
325
194
24
-110
-196
-234
-229
-232
-313
-451
-528
-477
-371
-305
-308
-346
-377
-348
-225
-67
12
-24
-89
-92
-19
79
153
156
75
-39
-94
-66
-29
-53
-133
-223
-305
-366
-388
-379
-381
-407
-429
-429
-435
-456
-438
-353
-246
-175
-148
-148
-152
-107
25
197
296
283
216
176
214
321
438
479
388
228
114
104
155
188
141
1
-183
-324
-359
-314
-283
-331
-443
-559
-616
-582
-471
-352
-296
-309
-324
-277
-146
34
204
305
323
313
357
475
617
716
729
669
587
554
589
637
619
526
402
299
243
225
216
162
63
-31
-79
-96
-110
-130
-140
-152
-162
-155
-142
-145
-151
-113
-42
8
15
2
-4
9
56
136
195
176
104
56
57
80
108
120
80
-21
-125
-160
-148
-150
-185
-230
-289
-363
-405
-388
-352
-344
-355
-346
-333
-332
-312
-245
-166
-119
-91
-52
-22
-10
17
90
164
185
171
154
128
93
89
128
148
89
-20
-111
-169
-200
-197
-181
-224
-344
-452
-475
-433
-382
-341
-326
-353
-380
-339
-218
-93
-24
15
53
93
154
257
362
415
420
425
458
492
508
517
521
497
462
439
423
390
338
311
302
279
236
195
161
126
112
133
157
139
85
50
52
73
96
120
115
68
20
19
64
101
97
63
13
-34
-51
-20
16
-3
-84
-175
-222
-225
-204
-183
-206
-291
-397
-446
-415
-350
-318
-335
-389
-450
-471
-411
-302
-227
-226
-262
-274
-244
-172
-85
-15
2
-21
-27
10
56
84
93
91
76
68
74
78
54
16
2
13
18
0
-37
-73
-97
-93
-58
-31
-47
-89
-108
-88
-43
3
34
33
12
7
42
97
133
143
144
137
137
156
181
199
196
181
179
186
185
180
171
170
174
174
176
162
139
132
139
153
154
134
111
93
83
88
94
93
75
45
26
21
30
39
34
12
-21
-40
-38
-24
-18
-34
-67
-107
-132
-133
-116
-111
-136
-178
-216
-231
-218
-200
-189
-202
-231
-251
-250
-223
-187
-168
-164
-172
-177
-164
-131
-90
-59
-46
-44
-42
-34
-15
12
40
59
67
68
68
70
81
100
121
132
129
113
92
83
96
119
135
127
98
70
58
69
91
106
101
77
57
50
64
83
95
94
82
72
74
82
88
80
65
55
53
55
51
33
2
-18
-19
-7
5
-6
-34
-60
-63
-41
-9
6
-9
-39
-52
-35
2
35
39
15
-9
-11
19
58
76
58
30
10
18
47
68
60
22
-16
-35
-19
7
14
-10
-57
-93
-96
-74
-48
-49
-75
-111
-134
-128
-96
-67
-62
-79
-101
-111
-98
-63
-32
-21
-27
-40
-46
-36
-11
16
34
38
29
17
12
18
35
53
63
60
44
21
4
1
18
38
47
31
-5
-35
-45
-30
-3
15
10
-19
-54
-68
-54
-23
-2
-1
-17
-39
-47
-33
-5
13
9
-2
-9
-7
4
18
28
24
12
8
19
28
30
30
32
28
24
22
26
30
34
50
62
60
41
33
46
65
84
97
93
70
49
63
102
122
115
96
76
60
64
94
114
95
52
26
22
25
31
38
18
-37
-80
-82
-67
-67
-82
-97
-126
-161
-176
-153
-131
-137
-148
-146
-150
-160
-151
-115
-92
-96
-97
-85
-78
-84
-69
-38
-19
-26
-32
-30
-37
-47
-39
-16
-7
-20
-28
-32
-40
-46
-29
-3
4
-5
-14
-17
-19
-15
8
38
44
31
23
27
33
45
72
90
82
61
60
73
80
90
105
110
88
63
67
85
92
89
83
72
47
31
47
65
61
42
27
16
5
10
35
47
26
0
-6
0
11
29
44
37
12
-2
9
28
37
40
35
17
-5
-7
8
17
7
-12
-29
-46
-60
-56
-48
-55
-77
-100
-108
-110
-106
-96
-89
-100
-113
-117
-104
-92
-83
-71
-65
-68
-71
-60
-40
-30
-25
-19
-12
-14
-16
-8
7
14
14
22
30
24
18
29
43
45
43
52
56
47
42
51
62
60
58
62
59
46
41
55
67
61
52
51
46
39
45
64
72
57
39
36
39
39
47
56
47
15
-8
-5
4
4
0
-10
-35
-63
-69
-47
-27
-28
-39
-46
-60
-62
-37
-2
14
6
-2
-2
2
13
40
59
53
36
28
29
33
39
47
43
21
-1
-8
-5
-3
-6
-14
-30
-49
-56
-49
-38
-35
-42
-52
-59
-55
-44
-28
-20
-26
-32
-31
-25
-14
-3
2
0
-8
-10
-6
1
5
7
6
3
-1
-2
0
-1
0
2
5
-2
-10
-13
-14
-15
-17
-15
-20
-28
-40
-41
-35
-30
-26
-24
-27
-32
-32
-21
-8
2
6
6
4
3
10
24
31
30
24
21
22
24
28
33
31
22
14
15
23
34
36
33
29
26
28
36
46
51
52
51
50
53
58
61
64
62
61
59
58
59
56
53
50
46
40
32
25
20
15
9
0
-13
-25
-33
-38
-43
-49
-60
-73
-82
-86
-85
-88
-92
-98
-101
-100
-95
-89
-87
-88
-86
-81
-74
-67
-60
-57
-55
-49
-36
-25
-19
-21
-23
-20
-9
4
14
16
10
3
5
15
30
39
37
29
22
25
35
44
50
46
39
34
37
45
52
56
50
42
35
34
40
43
43
40
30
25
22
21
20
18
13
9
5
4
4
5
5
3
1
2
1
4
8
10
11
11
12
16
21
23
24
24
22
19
19
22
22
20
17
13
10
4
3
5
1
-2
-10
-17
-22
-27
-28
-31
-36
-44
-50
-55
-56
-57
-59
-62
-65
-67
-66
-61
-57
-56
-54
-50
-44
-37
-31
-25
-24
-21
-14
-7
2
5
8
9
9
12
18
24
25
23
22
23
26
29
30
30
29
27
27
30
33
33
32
30
28
28
33
39
39
34
29
27
26
28
30
26
20
14
8
8
7
5
2
-2
-8
-13
-14
-15
-17
-18
-22
-24
-28
-29
-28
-29
-26
-24
-25
-24
-24
-22
-18
-14
-12
-11
-9
-6
-2
4
7
9
10
8
9
12
13
14
13
10
9
8
8
10
10
8
5
6
4
4
3
1
-1
-2
-2
-1
-4
-4
-6
-7
-6
-7
-3
-5
-7
-9
-8
-7
-7
-6
-6
-7
-7
-5
-2
2
-1
-2
-1
-1
0
2
4
4
2
0
2
3
4
4
5
5
3
4
2
3
1
2
4
4
1
0
0
1
-1
-2
-2
-3
-6
-6
-8
-7
-9
-9
-6
-6
-8
-7
-3
-2
-5
-7
-5
-7
-9
-2
4
6
1
1
3
4
8
16
23
21
18
20
23
33
39
37
29
20
21
31
36
30
25
23
20
14
14
26
32
25
14
8
9
2
-4
-3
0
-4
-6
-5
-7
-16
-18
-9
0
-6
-20
-34
-47
-51
-46
-44
-63
-93
-96
-69
-50
-52
-55
-60
-80
-102
-88
-45
-33
-60
-87
-84
-67
-51
-23
14
13
-31
-59
-35
4
26
41
51
40
22
34
76
100
91
79
81
91
91
101
108
86
51
35
44
58
65
75
70
37
14
42
100
128
137
168
192
201
382
786
931
206
-1062
-1737
-1200
-128
298
-112
-590
-470
111
490
376
143
256
642
848
654
212
-311
-808
-1057
-839
-235
417
792
691
195
-322
-419
-25
501
731
584
253
-50
-246
-383
-476
-422
-103
395
738
654
207
-302
-594
-610
-433
-146
157
318
191
-191
-605
-812
-688
-285
161
393
236
-293
-936
-1321
-1187
-618
8
360
367
163
-61
-208
-268
-240
-107
123
350
462
401
198
-21
-94
91
463
825
988
846
431
-75
-382
-304
64
458
658
579
302
2
-144
-86
67
190
234
211
131
8
-122
-213
-230
-139
66
313
437
309
-27
-374
-526
-416
-110
190
261
52
-263
-463
-449
-274
-58
80
68
-64
-212
-302
-314
-257
-163
-52
42
101
107
30
-114
-233
-235
-113
58
185
201
86
-99
-207
-145
37
203
252
181
35
-108
-166
-97
42
151
181
136
59
-4
-23
2
13
-4
-9
27
58
20
-73
-135
-113
-10
125
210
188
71
-45
-74
-17
80
165
192
112
-54
-189
-191
-78
29
57
11
-74
-164
-197
-129
2
99
94
23
-22
3
60
69
14
-37
-26
31
82
108
102
38
-62
-112
-38
99
158
95
-17
-93
-119
-119
-94
-60
-47
-65
-78
-47
2
27
30
36
59
82
84
66
44
25
27
47
63
53
20
-16
-36
-42
-44
-35
-10
30
43
-12
-97
-107
5
148
196
120
2
-80
-104
-87
-53
-28
-16
-3
-1
-21
-43
-13
73
137
119
45
-3
17
59
63
-2
-92
-126
-59
53
92
10
-114
-161
-106
-17
36
26
-14
-42
-41
-24
-13
-18
-27
-43
-71
-93
-78
-34
2
18
15
1
-17
-12
39
112
139
86
-12
-77
-64
0
57
72
44
12
-8
-25
-39
-38
-12
23
54
82
104
95
36
-33
-60
-23
49
102
95
30
-43
-61
-18
33
46
38
48
69
58
-8
-94
-147
-130
-57
21
60
54
20
-17
-46
-57
-42
-8
29
42
14
-48
-108
-117
-67
6
54
54
31
8
-16
-50
-86
-85
-33
46
94
80
20
-33
-33
22
89
111
64
-11
-57
-55
-40
-42
-53
-36
22
78
77
15
-56
-72
-27
32
51
29
2
0
5
-6
-24
-20
17
48
33
-18
-58
-59
-26
6
21
20
15
15
13
10
11
22
38
40
9
-36
-52
-16
39
65
48
7
-26
-27
-10
11
25
31
25
7
-16
-31
-27
-15
-3
4
11
16
9
-13
-50
-71
-56
-12
36
53
31
-13
-55
-75
-62
-20
31
59
47
10
-23
-29
-13
5
9
9
8
11
4
-20
-46
-53
-26
21
53
51
25
-4
-30
-46
-43
-19
21
55
60
34
0
-11
6
31
41
28
6
-7
-15
-25
-32
-28
-6
29
58
61
44
13
-19
-38
-30
1
27
26
-3
-38
-49
-39
-15
12
39
58
65
51
14
-28
-45
-26
5
20
2
-34
-61
-70
-58
-38
-17
6
36
52
38
-2
-42
-48
-22
10
23
8
-16
-27
-18
-6
-7
-10
3
33
56
46
5
-38
-52
-40
-17
1
3
3
6
7
-6
-21
-25
-6
26
50
53
31
0
-21
-18
-1
17
27
28
21
12
10
9
0
-8
4
38
71
75
47
4
-28
-24
1
24
29
18
12
16
9
-8
-24
-21
4
31
41
23
-11
-36
-41
-27
-13
-7
-6
-6
-11
-25
-46
-58
-57
-39
-16
-4
-8
-31
-47
-46
-36
-25
-15
-11
-16
-24
-29
-32
-35
-31
-18
0
10
9
-1
-14
-19
-13
3
19
27
24
13
3
-3
6
22
37
44
39
26
12
2
3
11
24
33
33
29
16
3
0
10
25
32
26
16
7
1
-2
-3
-1
8
15
19
14
2
-9
-11
-7
-1
5
8
8
-1
-11
-17
-14
-9
-3
3
4
1
-7
-13
-17
-19
-14
-5
3
6
2
-9
-19
-23
-20
-9
-1
4
2
-1
-6
-15
-21
-14
-2
6
11
9
1
-9
-13
-8
-1
4
10
15
11
3
-7
-11
-9
-1
5
15
17
8
-2
-10
-11
-6
2
11
16
9
1
-2
-3
-3
1
10
15
15
8
4
3
4
6
7
8
3
3
6
7
4
-1
-3
0
0
0
5
8
3
-5
-4
-6
-10
-11
-5
-1
-2
-4
-5
-8
-15
-14
-5
2
0
-1
-1
-3
-9
-15
-7
2
3
2
2
0
-2
-4
-1
0
-2
-1
8
9
3
-1
0
2
1
3
7
9
10
10
8
5
2
5
11
14
14
10
9
4
0
0
2
7
8
8
7
2
-4
-5
-2
-1
-4
-5
-2
-7
-10
-9
-8
-10
-11
-7
-4
-5
-12
-14
-11
-11
-10
-6
-3
-6
-8
-9
-10
-7
-7
-3
0
0
-2
-4
-3
-2
-1
1
1
0
0
2
3
3
2
1
3
4
5
6
5
6
6
6
6
4
6
9
11
8
5
2
5
6
6
6
7
9
8
7
4
5
5
7
9
10
8
6
4
4
4
6
7
5
3
2
-1
-1
-1
-2
0
-1
