-3
1
0
0
1
1
4
3
3
0
-3
0
1
1
1
2
2
4
8
7
5
4
2
-1
-3
-3
-2
0
2
4
4
3
2
-1
0
2
0
1
1
2
0
0
3
3
3
2
-1
-1
-3
-3
-2
-4
-6
-8
-5
-4
-1
0
0
-1
-4
-4
-6
-2
0
0
0
-2
-5
-5
-5
-6
-5
-4
-4
-2
-2
-3
-2
0
-1
1
3
3
3
1
0
1
1
2
3
5
4
2
4
5
6
7
7
8
8
9
8
6
6
7
8
13
12
10
7
1
-3
-2
-2
-4
-5
-2
-4
-2
-2
-2
-3
-3
-3
-3
-3
-7
-5
-6
-8
-8
-10
-10
-7
-5
-3
-4
-4
-5
-7
-8
-6
-4
-3
-3
-5
-2
2
5
5
2
-6
-13
-17
-17
-19
-18
-12
1
17
33
56
66
68
64
53
50
38
24
13
8
9
13
23
37
56
77
108
127
134
134
124
119
99
71
46
23
3
-7
-13
-21
-24
-20
-21
-40
-68
-98
-131
-183
-233
-260
-289
-311
-343
-371
-372
-379
-383
-381
-395
-390
-370
-338
-292
-259
-211
-143
-77
-17
32
83
120
151
183
226
288
342
389
439
484
520
546
562
562
541
518
496
476
463
460
467
477
482
487
484
457
410
353
283
198
108
31
-32
-96
-145
-174
-187
-206
-229
-244
-259
-279
-289
-262
-196
-107
20
194
399
598
775
934
1039
1046
947
761
484
99
-370
-867
-1368
-1860
-2307
-2654
-2876
-2985
-2980
-2846
-2596
-2278
-1929
-1562
-1201
-878
-623
-418
-250
-117
-11
96
234
406
609
855
1149
1472
1794
2100
2374
2586
2710
2727
2645
2461
2185
1829
1428
1015
615
259
-22
-209
-297
-289
-196
-30
181
404
608
765
862
882
819
687
505
279
31
-208
-428
-613
-748
-826
-845
-830
-798
-749
-693
-659
-658
-684
-739
-828
-942
-1056
-1148
-1201
-1226
-1213
-1155
-1063
-949
-799
-618
-416
-201
33
305
597
907
1253
1638
1972
2191
2337
2410
2348
2102
1704
1199
560
-233
-1061
-1783
-2438
-3067
-3588
-3883
-3960
-3897
-3696
-3294
-2745
-2234
-1792
-1332
-859
-479
-246
-95
42
160
239
373
627
955
1301
1676
2107
2587
3056
3441
3713
3862
3870
3731
3464
3081
2571
1946
1248
566
-42
-570
-1001
-1292
-1434
-1426
-1244
-895
-444
9
422
796
1117
1326
1386
1308
1093
755
349
-48
-402
-698
-949
-1138
-1230
-1224
-1136
-1011
-900
-830
-798
-813
-873
-964
-1073
-1205
-1364
-1513
-1597
-1607
-1573
-1508
-1390
-1220
-1014
-798
-571
-339
-127
49
213
411
639
888
1185
1561
1981
2333
2564
2722
2806
2702
2343
1810
1171
378
-553
-1441
-2167
-2840
-3541
-4102
-4331
-4295
-4144
-3835
-3284
-2634
-2093
-1622
-1068
-518
-179
-57
39
190
327
453
683
1055
1448
1792
2172
2684
3254
3712
4014
4216
4320
4248
3998
3636
3158
2491
1658
816
88
-538
-1089
-1508
-1731
-1761
-1614
-1268
-746
-153
401
886
1303
1615
1767
1742
1551
1194
698
151
-359
-798
-1173
-1461
-1645
-1723
-1694
-1552
-1337
-1125
-969
-880
-849
-896
-1001
-1154
-1356
-1600
-1850
-2020
-2094
-2073
-1989
-1844
-1647
-1425
-1184
-921
-611
-289
0
239
475
738
1005
1296
1636
2023
2335
2508
2630
2753
2778
2565
2155
1623
933
52
-853
-1596
-2250
-2948
-3608
-3981
-4049
-3965
-3762
-3326
-2699
-2136
-1687
-1198
-614
-149
70
200
391
597
736
901
1195
1553
1855
2144
2545
3019
3409
3642
3805
3962
4052
4016
3848
3552
3049
2333
1520
731
-9
-720
-1330
-1760
-2012
-2101
-1986
-1657
-1192
-676
-102
534
1137
1611
1946
2131
2090
1752
1175
489
-211
-874
-1426
-1799
-2003
-2073
-2060
-1951
-1756
-1517
-1293
-1146
-1078
-1089
-1148
-1250
-1373
-1499
-1646
-1816
-2017
-2198
-2326
-2360
-2297
-2155
-1905
-1561
-1123
-664
-191
268
675
1027
1383
1877
2457
2964
3247
3382
3481
3466
3219
2757
2235
1594
704
-324
-1187
-1803
-2393
-3015
-3457
-3597
-3622
-3591
-3304
-2689
-2039
-1605
-1239
-788
-403
-307
-338
-234
-19
133
253
555
1005
1420
1735
2097
2559
3012
3399
3723
4006
4162
4185
4120
3930
3532
2891
2157
1420
671
-115
-869
-1493
-1992
-2316
-2378
-2138
-1703
-1198
-634
-30
548
1035
1475
1868
2101
2056
1748
1284
706
48
-638
-1263
-1769
-2123
-2308
-2365
-2333
-2248
-2079
-1808
-1496
-1240
-1108
-1067
-1080
-1142
-1269
-1481
-1753
-2056
-2320
-2481
-2519
-2455
-2334
-2135
-1822
-1372
-838
-286
277
815
1275
1658
2117
2698
3253
3575
3710
3866
3998
3908
3523
3011
2392
1510
465
-414
-1057
-1771
-2657
-3380
-3696
-3795
-3851
-3710
-3272
-2800
-2529
-2289
-1865
-1389
-1129
-1025
-854
-587
-353
-126
260
772
1221
1559
1962
2528
3130
3617
3994
4325
4549
4613
4559
4431
4143
3601
2874
2103
1324
519
-270
-988
-1611
-2117
-2408
-2427
-2217
-1828
-1285
-633
19
608
1124
1536
1745
1710
1469
1081
593
45
-527
-1088
-1590
-1999
-2284
-2439
-2432
-2276
-2040
-1788
-1540
-1288
-1095
-998
-1024
-1144
-1338
-1578
-1816
-2062
-2304
-2523
-2649
-2699
-2669
-2495
-2133
-1628
-1113
-561
35
691
1304
1884
2532
3228
3893
4341
4637
4840
4920
4741
4249
3584
2788
1836
723
-316
-1154
-1942
-2824
-3643
-4109
-4260
-4280
-4164
-3780
-3260
-2861
-2561
-2139
-1610
-1230
-1058
-894
-615
-332
-77
249
689
1137
1550
2029
2625
3252
3766
4143
4427
4640
4745
4715
4556
4263
3777
3061
2218
1349
481
-430
-1333
-2086
-2618
-2934
-3053
-2918
-2541
-2016
-1423
-763
-35
655
1187
1529
1713
1730
1539
1164
707
204
-368
-977
-1522
-1920
-2197
-2344
-2313
-2126
-1889
-1656
-1394
-1127
-949
-889
-894
-977
-1185
-1486
-1771
-2015
-2289
-2571
-2747
-2749
-2599
-2343
-1946
-1418
-819
-167
545
1316
2057
2774
3542
4350
4997
5342
5494
5559
5446
4971
4223
3379
2401
1187
-87
-1129
-2059
-3126
-4196
-4827
-4967
-4969
-4880
-4446
-3699
-3069
-2675
-2214
-1565
-1069
-951
-902
-681
-405
-247
-79
280
707
1057
1403
1916
2526
3068
3502
3876
4215
4432
4520
4479
4236
3747
3085
2344
1527
668
-218
-1092
-1915
-2599
-2995
-3083
-2963
-2710
-2300
-1714
-992
-241
465
1093
1591
1895
1957
1823
1581
1255
786
206
-368
-879
-1328
-1693
-1875
-1870
-1805
-1728
-1554
-1251
-960
-767
-628
-501
-491
-699
-1010
-1305
-1585
-1905
-2237
-2499
-2646
-2645
-2487
-2129
-1621
-1033
-398
253
933
1609
2277
2946
3656
4343
4873
5176
5322
5412
5333
4936
4217
3283
2187
949
-300
-1421
-2456
-3550
-4582
-5283
-5601
-5705
-5643
-5271
-4659
-4081
-3604
-3010
-2260
-1632
-1307
-1129
-876
-599
-401
-211
102
486
830
1172
1665
2310
2929
3446
3913
4352
4665
4795
4805
4707
4387
3783
3015
2196
1310
339
-613
-1405
-2026
-2486
-2730
-2701
-2456
-2058
-1490
-750
48
756
1348
1848
2199
2329
2262
2067
1743
1246
620
-9
-549
-1006
-1387
-1644
-1746
-1732
-1651
-1496
-1272
-1068
-967
-932
-912
-980
-1218
-1556
-1866
-2157
-2513
-2864
-3085
-3163
-3152
-3008
-2648
-2104
-1466
-777
-39
705
1402
2047
2653
3262
3885
4435
4795
4961
5048
5027
4737
4153
3415
2543
1424
153
-977
-1908
-2880
-3936
-4775
-5213
-5419
-5520
-5339
-4792
-4142
-3615
-3059
-2302
-1528
-1023
-744
-455
-136
61
164
356
659
915
1111
1425
1941
2513
3005
3466
3961
4398
4676
4829
4887
4744
4311
3684
2984
2176
1218
206
-730
-1583
-2363
-2929
-3130
-3025
-2750
-2289
-1561
-649
237
1016
1731
2330
2646
2637
2423
2081
1567
867
115
-559
-1162
-1726
-2175
-2407
-2445
-2378
-2213
-1913
-1527
-1200
-1000
-889
-857
-952
-1201
-1558
-1980
-2449
-2898
-3209
-3337
-3330
-3194
-2864
-2311
-1614
-831
30
922
1715
2357
2941
3550
4172
4698
5039
5157
5117
4978
4697
4187
3452
2559
1513
334
-792
-1698
-2510
-3430
-4317
-4861
-5050
-5109
-5037
-4654
-4036
-3476
-3006
-2394
-1652
-1085
-832
-677
-469
-303
-235
-97
194
498
746
1099
1677
2335
2898
3393
3915
4411
4769
4995
5110
5016
4606
3950
3206
2376
1378
255
-811
-1720
-2495
-3085
-3361
-3296
-3041
-2653
-2015
-1111
-150
692
1435
2099
2546
2669
2557
2311
1884
1212
413
-319
-925
-1454
-1896
-2149
-2184
-2100
-1963
-1736
-1409
-1106
-953
-912
-909
-997
-1264
-1671
-2106
-2539
-2965
-3299
-3456
-3452
-3325
-3002
-2426
-1686
-898
-69
813
1666
2387
3025
3695
4394
4965
5273
5356
5347
5266
4975
4405
3644
2742
1625
342
-827
-1745
-2644
-3694
-4629
-5127
-5292
-5375
-5274
-4784
-4095
-3556
-3090
-2405
-1617
-1126
-963
-810
-584
-486
-500
-356
-8
314
559
954
1606
2329
2955
3542
4146
4672
5026
5255
5400
5326
4898
4219
3458
2594
1532
376
-697
-1677
-2600
-3311
-3612
-3579
-3409
-3068
-2379
-1413
-446
441
1349
2209
2769
2968
2985
2887
2525
1835
1016
250
-484
-1229
-1848
-2195
-2317
-2363
-2334
-2121
-1771
-1460
-1251
-1077
-952
-1017
-1289
-1620
-1927
-2305
-2787
-3227
-3488
-3593
-3591
-3378
-2868
-2173
-1441
-655
277
1293
2231
3088
3959
4817
5476
5840
6013
6071
5919
5433
4642
3676
2556
1234
-179
-1442
-2493
-3500
-4508
-5263
-5581
-5605
-5488
-5128
-4445
-3686
-3104
-2562
-1877
-1228
-890
-796
-693
-586
-612
-654
-494
-171
132
460
1004
1745
2504
3217
3955
4667
5196
5525
5741
5808
5557
4968
4207
3343
2287
1050
-160
-1221
-2208
-3102
-3696
-3843
-3683
-3365
-2791
-1885
-811
189
1117
2040
2803
3199
3263
3162
2893
2326
1503
640
-160
-941
-1672
-2198
-2449
-2528
-2541
-2427
-2118
-1728
-1416
-1213
-1032
-933
-1044
-1332
-1677
-2041
-2546
-3097
-3536
-3775
-3898
-3931
-3712
-3208
-2474
-1660
-723
299
1342
2359
3388
4485
5435
6083
6401
6542
6515
6140
5394
4375
3180
1762
229
-1163
-2339
-3449
-4536
-5314
-5650
-5685
-5561
-5143
-4360
-3494
-2770
-2108
-1358
-707
-405
-363
-339
-340
-476
-649
-627
-412
-187
86
603
1371
2178
2905
3651
4421
5058
5499
5804
5963
5802
5265
4520
3671
2666
1483
255
-891
-1957
-2928
-3637
-3969
-3975
-3740
-3254
-2469
-1482
-471
502
1433
2237
2768
2991
3006
2847
2437
1773
998
236
-517
-1250
-1838
-2190
-2361
-2436
-2380
-2148
-1816
-1515
-1282
-1089
-971
-995
-1149
-1383
-1707
-2148
-2640
-3095
-3466
-3740
-3872
-3810
-3545
-3078
-2421
-1604
-697
279
1352
2525
3728
4839
5755
6418
6821
6953
6794
6279
5416
4259
2862
1340
-164
-1538
-2822
-4036
-5024
-5603
-5788
-5713
-5376
-4724
-3881
-3080
-2351
-1585
-855
-393
-269
-273
-293
-387
-567
-666
-587
-428
-225
153
803
1599
2389
3154
3922
4636
5218
5642
5863
5827
5515
4965
4188
3202
2082
909
-281
-1448
-2467
-3246
-3756
-3986
-3897
-3478
-2824
-2030
-1136
-162
803
1639
2271
2658
2792
2680
2371
1890
1262
521
-250
-962
-1557
-1984
-2250
-2372
-2376
-2256
-2029
-1740
-1452
-1220
-1071
-1034
-1079
-1226
-1479
-1833
-2234
-2618
-2986
-3290
-3497
-3543
-3451
-3181
-2684
-1981
-1143
-245
773
1908
3130
4319
5368
6174
6689
6977
7021
6757
6076
5036
3717
2212
651
-838
-2193
-3486
-4625
-5429
-5787
-5799
-5558
-5027
-4271
-3449
-2687
-1909
-1139
-549
-259
-169
-151
-240
-421
-576
-584
-504
-373
-89
439
1150
1908
2696
3506
4276
4907
5390
5732
5850
5663
5178
4480
3576
2474
1239
-31
-1261
-2410
-3364
-4018
-4336
-4335
-4019
-3389
-2534
-1554
-526
514
1466
2211
2695
2911
2862
2553
2031
1377
632
-160
-931
-1577
-2031
-2292
-2387
-2347
-2166
-1883
-1539
-1191
-884
-659
-579
-629
-803
-1056
-1414
-1861
-2315
-2715
-3021
-3274
-3404
-3363
-3113
-2687
-2096
-1344
-497
444
1453
2578
3732
4782
5617
6205
6613
6784
6651
6130
5279
4162
2813
1330
-155
-1520
-2824
-4029
-4968
-5476
-5607
-5545
-5268
-4731
-3990
-3246
-2543
-1825
-1178
-763
-599
-502
-412
-404
-490
-536
-455
-278
16
489
1134
1833
2531
3262
4006
4670
5188
5556
5719
5602
5230
4677
3934
2953
1808
630
-526
-1658
-2659
-3393
-3838
-4031
-3940
-3506
-2819
-2018
-1153
-213
711
1455
1966
2279
2403
2276
1903
1392
819
174
-535
-1193
-1688
-2010
-2211
-2281
-2181
-1963
-1701
-1431
-1138
-856
-682
-655
-742
-911
-1175
-1549
-1962
-2343
-2662
-2912
-3042
-2998
-2787
-2449
-1988
-1385
-678
92
930
1874
2914
3953
4901
5665
6206
6509
6559
6318
5731
4813
3641
2285
847
-550
-1855
-3086
-4216
-5080
-5553
-5689
-5567
-5183
-4553
-3819
-3099
-2363
-1614
-1008
-662
-501
-394
-351
-407
-463
-417
-289
-105
199
699
1339
2018
2729
3448
4119
4689
5131
5409
5453
5241
4795
4127
3255
2228
1102
-86
-1291
-2409
-3297
-3890
-4192
-4197
-3866
-3218
-2367
-1411
-373
691
1635
2323
2727
2881
2782
2411
1837
1158
421
-352
-1088
-1675
-2053
-2235
-2264
-2152
-1912
-1588
-1225
-879
-602
-432
-408
-533
-773
-1093
-1477
-1921
-2378
-2759
-3005
-3124
-3124
-2985
-2664
-2162
-1515
-762
43
884
1755
2674
3614
4469
5121
5537
5787
5882
5765
5353
4643
3690
2530
1256
-4
-1171
-2295
-3389
-4301
-4868
-5114
-5156
-4984
-4551
-3958
-3375
-2802
-2158
-1532
-1108
-908
-769
-633
-566
-560
-476
-254
21
329
766
1367
2042
2686
3306
3908
4450
4865
5122
5183
5024
4656
4087
3313
2342
1267
167
-914
-1945
-2818
-3427
-3775
-3883
-3707
-3192
-2422
-1557
-662
280
1198
1934
2398
2626
2648
2414
1933
1310
659
-13
-705
-1320
-1737
-1940
-2012
-1980
-1813
-1511
-1170
-877
-653
-492
-445
-565
-814
-1128
-1489
-1931
-2366
-2703
-2908
-3013
-2997
-2796
-2453
-1981
-1405
-689
75
839
1637
2504
3391
4159
4796
5280
5614
5711
5570
5183
4535
3634
2505
1288
45
-1156
-2324
-3408
-4287
-4889
-5200
-5275
-5096
-4696
-4143
-3554
-2953
-2326
-1745
-1315
-1081
-934
-813
-709
-627
-499
-266
51
437
920
1542
2232
2900
3515
4100
4630
5024
5238
5253
5069
4673
4073
3285
2331
1268
166
-905
-1900
-2747
-3363
-3701
-3763
-3553
-3050
-2315
-1447
-542
385
1281
2021
2497
2701
2700
2494
2075
1485
820
137
-529
-1106
-1514
-1726
-1799
-1779
-1664
-1449
-1174
-921
-730
-639
-669
-822
-1068
-1364
-1725
-2121
-2506
-2815
-3029
-3132
-3084
-2886
-2544
-2099
-1542
-887
-161
632
1468
2362
3250
4069
4718
5196
5543
5695
5553
5064
4329
3376
2207
897
-376
-1546
-2710
-3803
-4628
-5063
-5235
-5222
-4953
-4419
-3783
-3199
-2602
-1972
-1433
-1119
-957
-807
-675
-589
-498
-280
53
454
936
1545
2242
2927
3574
4180
4716
5097
5295
5321
5157
4779
4197
3469
2604
1605
535
-491
-1407
-2221
-2898
-3352
-3528
-3450
-3137
-2582
-1837
-1022
-215
584
1342
1931
2267
2375
2305
2048
1617
1093
533
-48
-612
-1058
-1324
-1450
-1487
-1450
-1328
-1166
-1005
-880
-820
-864
-1030
-1288
-1614
-1989
-2384
-2734
-3007
-3206
-3308
-3258
-3028
-2658
-2191
-1635
-1015
-376
305
1105
2049
3004
3814
4452
4986
5408
5586
5453
5036
4363
3414
2256
1077
-24
-1154
-2392
-3536
-4326
-4775
-5044
-5108
-4819
-4267
-3691
-3135
-2467
-1755
-1266
-1052
-897
-685
-542
-494
-369
-60
323
707
1219
1925
2697
3360
3937
4483
4934
5192
5252
5163
4863
4319
3601
2820
1973
1019
39
-864
-1643
-2311
-2802
-3032
-3056
-2933
-2656
-2150
-1497
-871
-293
286
840
1219
1402
1478
1455
1261
925
615
358
65
-277
-508
-568
-586
-627
-661
-642
-672
-804
-950
-1081
-1264
-1597
-1972
-2277
-2532
-2770
-2974
-3014
-2937
-2808
-2627
-2335
-1888
-1433
-979
-549
-86
402
928
1640
2451
3232
3800
4276
4777
5164
5256
4967
4453
3656
2585
1389
257
-850
-2125
-3370
-4286
-4770
-5055
-5181
-4963
-4418
-3800
-3258
-2624
-1892
-1325
-1086
-951
-728
-522
-443
-318
55
559
1054
1595
2329
3147
3819
4340
4805
5183
5312
5196
4928
4495
3821
2952
2050
1139
180
-771
-1554
-2127
-2571
-2832
-2835
-2594
-2248
-1824
-1260
-646
-125
262
622
930
1043
945
792
682
515
272
75
24
17
-15
18
173
311
286
158
35
-143
-501
-975
-1429
-1845
-2313
-2786
-3103
-3248
-3299
-3276
-3072
-2703
-2288
-1905
-1493
-1007
-588
-271
-53
170
408
711
1214
1861
2531
3092
3651
4234
4686
4841
4682
4245
3461
2394
1216
99
-1104
-2439
-3676
-4556
-5047
-5325
-5321
-4954
-4344
-3708
-3053
-2295
-1549
-1076
-900
-763
-577
-422
-334
-113
341
890
1485
2209
3115
3982
4636
5141
5556
5774
5654
5262
4694
3919
2905
1815
789
-195
-1156
-1953
-2412
-2601
-2634
-2486
-2087
-1533
-979
-437
127
606
848
889
873
812
592
234
-91
-293
-415
-470
-370
-111
195
455
694
913
994
863
526
81
-485
-1148
-1826
-2446
-2944
-3362
-3610
-3680
-3542
-3268
-2871
-2388
-1926
-1475
-1102
-712
-454
-305
-275
-250
-101
214
815
1513
2267
2928
3620
4259
4682
4733
4352
3639
2557
1329
96
-1017
-2188
-3388
-4320
-4774
-4804
-4631
-4179
-3469
-2682
-2067
-1545
-994
-620
-661
-1030
-1342
-1475
-1491
-1344
-840
26
1044
2169
3461
4853
6005
6723
7037
7009
6613
5811
4740
3468
2077
679
-510
-1409
-2049
-2410
-2469
-2228
-1833
-1305
-685
-75
347
547
646
628
451
104
-249
-550
-811
-996
-1008
-807
-536
-224
111
498
835
1020
1043
905
638
204
-348
-964
-1537
-2044
-2459
-2750
-2890
-2858
-2754
-2560
-2287
-1929
-1589
-1367
-1248
-1213
-1196
-1241
-1297
-1343
-1326
-1231
-1006
-470
454
1653
2797
3697
4431
5058
5386
5218
4553
3494
2043
319
-1240
-2380
-3267
-4112
-4717
-4717
-4206
-3508
-2659
-1631
-678
-184
-122
-167
-360
-945
-1865
-2693
-3151
-3263
-2964
-2051
-596
1059
2717
4417
6118
7400
7994
7921
7290
6162
4619
3008
1492
76
-1174
-1998
-2234
-2053
-1600
-924
-125
507
845
1019
1110
949
455
-163
-667
-1037
-1334
-1387
-1114
-676
-259
156
659
1082
1199
1063
829
476
-91
-792
-1367
-1775
-2127
-2360
-2331
-2038
-1713
-1490
-1235
-960
-805
-848
-1006
-1153
-1393
-1668
-1859
-1880
-1817
-1764
-1597
-1294
-888
-555
-284
23
537
1341
2241
3020
3514
3855
4012
3926
3533
2838
1807
353
-1163
-2301
-2920
-3395
-3875
-4079
-3831
-3289
-2669
-1813
-811
-121
-59
-296
-436
-637
-1165
-1871
-2307
-2413
-2228
-1565
-264
1366
2778
3897
4925
5843
6298
6137
5464
4407
3086
1782
811
146
-360
-704
-704
-400
-10
385
760
946
757
347
10
-214
-484
-732
-720
-439
-81
301
860
1472
1797
1719
1464
1178
677
-77
-862
-1439
-1891
-2279
-2454
-2324
-2035
-1829
-1626
-1389
-1183
-1180
-1316
-1407
-1492
-1555
-1630
-1530
-1330
-1063
-723
-329
68
242
292
176
-33
-421
-846
-1071
-957
-394
448
1481
2439
3259
3791
3946
3621
2732
1379
-363
-2109
-3557
-4457
-4894
-4946
-4558
-3760
-2674
-1535
-354
722
1394
1364
771
-19
-799
-1533
-2132
-2320
-2065
-1390
-315
1247
3066
4593
5492
5776
5599
4938
3842
2480
1092
-222
-1218
-1607
-1330
-594
232
1050
1700
2094
2188
1981
1476
605
-385
-1136
-1429
-1283
-783
30
1001
1909
2615
3135
3345
3060
2228
1089
-41
-1075
-1890
-2402
-2486
-2269
-1909
-1440
-957
-617
-666
-1072
-1723
-2458
-3197
-3768
-3987
-3780
-3142
-2171
-924
352
1487
2272
2636
2517
1906
965
-190
-1348
-2368
-2896
-2644
-1519
142
1868
3315
4339
4823
4545
3507
1738
-535
-3086
-5311
-6580
-6717
-6061
-5040
-3655
-1977
-295
953
1764
2121
1846
815
-593
-1687
-2271
-2423
-2199
-1355
41
1688
3330
4866
6023
6355
5776
4594
3179
1606
67
-1164
-1865
-2049
-1689
-732
519
1568
2098
2182
1858
1116
132
-725
-1291
-1623
-1574
-874
423
1831
3024
4014
4709
4770
4099
3035
1852
505
-951
-2065
-2494
-2383
-1999
-1351
-442
380
702
494
-74
-1004
-2316
-3762
-4911
-5552
-5701
-5306
-4299
-2830
-1231
247
1453
2257
2516
2272
1686
865
-22
-779
-1194
-1286
-1104
-436
913
2678
4150
4849
4794
4123
2762
879
-1153
-3067
-4901
-6433
-6914
-6065
-4525
-3164
-2139
-1229
-598
-543
-775
-833
-858
-1261
-1856
-1844
-1005
148
1211
2246
3275
3985
4302
4555
4798
4567
3649
2477
1631
1149
811
590
483
328
76
-50
34
20
-417
-1090
-1705
-2133
-2274
-1954
-1159
-308
407
1266
2435
3553
4140
4227
4081
3639
2861
2030
1473
1051
383
-347
-684
-597
-474
-526
-572
-585
-839
-1342
-1834
-2191
-2635
-3305
-3849
-3989
-3781
-3419
-2905
-2164
-1381
-733
-178
333
709
771
583
377
194
92
75
158
299
500
1115
2213
3405
4175
4245
3776
2792
1320
-316
-1903
-3403
-4828
-5797
-5722
-4772
-3629
-2786
-2296
-2072
-2219
-2542
-2549
-2159
-1756
-1586
-1296
-419
848
2075
3042
3709
4006
3879
3701
3780
3920
3712
3106
2429
1953
1671
1529
1360
896
140
-646
-1086
-1240
-1354
-1560
-1882
-2212
-2363
-2048
-1271
-425
183
687
1395
2338
3250
3975
4404
4347
3774
2933
2220
1639
919
63
-643
-951
-876
-595
-210
44
-116
-709
-1496
-2206
-2847
-3513
-4106
-4361
-4136
-3387
-2281
-1050
-7
615
835
753
541
220
-147
-571
-859
-844
-471
94
660
1331
2193
3136
3797
4032
3702
2813
1347
-333
-1728
-2769
-3555
-4124
-4119
-3488
-2644
-2063
-1886
-2150
-2866
-3806
-4396
-4168
-3333
-2338
-1421
-470
527
1411
2106
2602
2795
2644
2431
2602
3293
4126
4620
4538
3947
3092
2242
1506
784
-61
-906
-1458
-1536
-1209
-765
-592
-941
-1629
-2167
-2183
-1738
-1071
-280
661
1717
2781
3779
4508
4611
3904
2714
1613
913
541
370
374
497
639
753
875
806
243
-893
-2193
-3183
-3669
-3695
-3436
-2986
-2510
-2005
-1447
-839
-365
-192
-250
-410
-422
-227
205
569
626
426
159
-38
-213
-116
473
1471
2343
2892
3092
2863
1958
382
-1238
-2630
-3733
-4482
-4468
-3627
-2563
-1858
-1554
-1513
-1904
-2675
-3370
-3358
-2733
-1959
-1171
-306
538
1042
1222
1364
1536
1566
1601
2014
2896
3875
4462
4553
4133
3258
2171
1185
469
-45
-412
-541
-430
-263
-184
-349
-853
-1633
-2381
-2665
-2318
-1464
-259
1095
2332
3237
3756
3976
3819
3162
2168
1266
804
740
877
1059
1132
900
366
-189
-555
-862
-1347
-1924
-2322
-2392
-2291
-2157
-2036
-2036
-2203
-2400
-2243
-1642
-874
-211
334
858
1255
1400
1272
983
487
-182
-755
-837
-192
914
2062
2825
2996
2482
1384
-6
-1388
-2524
-3403
-3895
-3827
-3146
-2246
-1696
-1728
-2232
-2967
-3714
-4063
-3648
-2474
-1014
221
1066
1512
1548
1197
755
540
647
1062
1842
2989
4138
4748
4504
3543
2227
925
-55
-481
-316
226
873
1370
1509
1137
236
-1010
-2278
-3131
-3216
-2488
-1203
275
1621
2574
2972
2847
2460
2055
1728
1532
1588
1963
2430
2624
2364
1728
825
-237
-1223
-1799
-1868
-1672
-1459
-1331
-1339
-1584
-2106
-2691
-3049
-3092
-2862
-2383
-1646
-736
110
706
1006
1023
873
649
460
443
569
654
662
854
1466
2251
2627
2420
1688
576
-700
-1816
-2400
-2585
-2803
-3095
-3096
-2720
-2384
-2454
-2795
-3230
-3711
-3898
-3350
-2009
-515
395
631
518
300
171
372
1031
1897
2649
3350
4083
4632
4650
3995
2887
1655
650
237
474
1013
1403
1376
965
266
-642
-1515
-2151
-2493
-2491
-2033
-1081
73
975
1400
1377
1084
777
723
1086
1716
2300
2671
2799
2706
2408
1878
1200
506
-91
-434
-478
-360
-350
-653
-1304
-2141
-2909
-3417
-3574
-3378
-2920
-2348
-1777
-1308
-964
-708
-526
-375
-183
114
519
1022
1504
1795
1736
1374
1132
1385
2044
2574
2633
2128
1105
-203
-1463
-2294
-2668
-2863
-3035
-2990
-2670
-2374
-2307
-2448
-2750
-3231
-3642
-3449
-2387
-903
178
501
279
-159
-483
-357
350
1428
2435
3151
3723
4220
4430
4139
3390
2422
1538
1048
1132
1666
2170
2143
1411
224
-989
-1868
-2262
-2291
-2093
-1670
-1018
-263
366
698
696
400
-3
-107
360
1224
2037
2480
2533
2280
1825
1371
1106
1004
893
662
440
324
158
-238
-916
-1760
-2530
-2973
-2945
-2491
-1995
-1770
-1811
-1994
-2046
-1878
-1557
-1147
-807
-503
-80
450
933
1195
1097
862
804
1126
1956
2806
3186
2787
1631
224
-1030
-1859
-2196
-2257
-2294
-2327
-2326
-2219
-2168
-2431
-2881
-3318
-3440
-3022
-2056
-762
257
499
56
-582
-938
-795
-170
883
2028
2852
3277
3452
3518
3352
2841
2228
1833
1803
2144
2631
3004
2914
2116
899
-324
-1172
-1515
-1478
-1214
-884
-620
-435
-311
-320
-401
-530
-591
-407
31
733
1455
1871
1823
1418
944
676
690
916
1239
1350
1124
638
87
-379
-875
-1431
-1867
-2024
-1919
-1614
-1252
-981
-978
-1310
-1639
-1699
-1480
-1141
-888
-742
-725
-807
-809
-631
-395
-188
62
557
1363
2091
2434
2210
1381
271
-789
-1372
-1415
-1258
-1147
-1173
-1239
-1315
-1454
-1683
-1953
-2229
-2398
-2289
-1859
-1232
-796
-771
-1099
-1484
-1524
-1029
-47
1149
2180
2777
2900
2692
2419
2201
2017
1884
1868
2140
2639
3122
3332
3081
2402
1468
568
-16
-186
-112
-13
-1
-68
-168
-369
-641
-852
-917
-772
-451
17
534
888
927
671
327
113
133
377
774
1184
1382
1244
812
255
-288
-793
-1205
-1430
-1437
-1315
-1155
-1009
-927
-979
-1129
-1212
-1130
-915
-672
-507
-468
-589
-835
-1126
-1412
-1616
-1631
-1412
-1012
-578
-242
-41
-4
-117
-287
-467
-622
-746
-805
-722
-532
-338
-205
-122
-34
87
206
299
311
166
-99
-401
-646
-801
-873
-816
-602
-265
145
582
963
1215
1293
1289
1327
1437
1611
1811
1974
2041
2007
1912
1808
1663
1459
1230
1023
871
759
667
548
350
82
-152
-265
-248
-152
-11
172
321
353
274
160
63
2
-1
76
192
268
309
353
374
299
89
-197
-443
-560
-560
-528
-603
-829
-1148
-1452
-1597
-1489
-1158
-773
-502
-372
-326
-373
-548
-831
-1163
-1493
-1778
-1932
-1850
-1541
-1140
-808
-621
-549
-554
-631
-741
-825
-865
-886
-887
-818
-645
-399
-100
251
631
1000
1286
1413
1342
1122
846
574
330
166
137
229
378
561
758
916
932
797
648
628
762
987
1260
1539
1724
1734
1604
1447
1318
1184
1013
811
588
344
95
-110
-251
-361
-477
-597
-648
-534
-251
80
299
353
279
141
1
-72
-46
15
26
-9
-21
-4
-5
-56
-134
-222
-312
-387
-418
-418
-431
-522
-704
-904
-1015
-973
-800
-526
-207
57
168
133
17
-187
-510
-889
-1182
-1308
-1309
-1203
-992
-732
-536
-468
-483
-533
-629
-770
-886
-911
-862
-769
-632
-455
-289
-177
-89
28
178
330
456
542
588
595
582
574
570
570
581
614
671
741
792
774
668
534
474
551
743
989
1210
1344
1362
1297
1211
1129
1029
875
687
512
387
300
193
28
-180
-390
-553
-619
-548
-357
-139
26
130
196
225
204
160
136
130
132
163
246
339
363
289
158
16
-131
-295
-484
-697
-922
-1103
-1170
-1109
-993
-888
-765
-563
-294
-68
34
6
-129
-340
-551
-648
-614
-552
-556
-611
-648
-659
-673
-691
-710
-736
-764
-730
-596
-424
-325
-320
-338
-318
-244
-133
-2
117
188
195
157
100
50
18
10
59
208
453
698
823
789
649
463
267
133
158
372
675
945
1145
1299
1387
1363
1258
1161
1108
1043
935
844
807
739
550
279
49
-80
-164
-229
-217
-115
-7
28
5
-19
-54
-134
-241
-292
-238
-118
10
123
220
272
233
111
-7
-47
-40
-92
-246
-436
-588
-705
-825
-949
-1054
-1145
-1211
-1160
-935
-630
-440
-452
-565
-617
-541
-372
-184
-49
-30
-123
-243
-316
-349
-420
-573
-758
-871
-841
-675
-441
-228
-80
0
56
128
239
351
384
286
117
10
40
184
360
503
573
553
465
366
278
152
-41
-240
-325
-236
-22
244
497
680
772
812
881
993
1089
1131
1141
1148
1139
1102
1057
998
869
635
357
145
50
45
86
131
140
80
-20
-88
-98
-98
-132
-162
-139
-80
-54
-80
-133
-188
-253
-331
-387
-394
-360
-340
-378
-455
-535
-608
-669
-706
-727
-763
-831
-868
-820
-732
-708
-764
-806
-742
-584
-406
-256
-145
-89
-103
-174
-237
-262
-276
-318
-385
-424
-416
-389
-360
-305
-225
-158
-150
-162
-92
95
314
460
529
584
639
665
672
705
745
732
660
591
553
476
309
97
-71
-176
-240
-245
-164
-27
104
225
359
491
581
642
751
922
1081
1160
1161
1107
991
799
576
382
237
151
126
148
169
123
4
-121
-199
-225
-220
-201
-172
-172
-228
-324
-415
-470
-477
-430
-338
-267
-291
-408
-557
-692
-796
-857
-833
-724
-605
-542
-525
-504
-481
-516
-615
-689
-660
-528
-346
-151
10
58
-30
-154
-186
-105
0
42
8
-62
-133
-180
-189
-175
-171
-193
-230
-241
-173
-16
146
208
160
95
97
185
325
478
588
621
601
602
673
758
752
607
377
178
86
99
159
196
175
120
101
176
337
505
587
557
493
485
539
593
604
558
460
325
221
215
275
299
241
154
100
72
32
-41
-139
-256
-379
-459
-441
-327
-202
-168
-227
-296
-322
-350
-437
-542
-621
-684
-738
-746
-685
-625
-656
-763
-832
-787
-667
-553
-468
-412
-401
-433
-433
-329
-168
-67
-33
18
131
251
302
293
235
127
14
-29
39
161
232
204
121
63
65
97
125
160
218
263
252
213
207
238
279
335
434
561
652
651
583
499
411
320
242
205
201
211
252
348
469
531
500
417
353
340
360
396
403
330
171
-1
-113
-168
-215
-291
-381
-441
-447
-400
-324
-269
-292
-401
-511
-513
-394
-264
-210
-199
-173
-142
-131
-120
-74
-44
-111
-230
-276
-244
-266
-415
-595
-677
-644
-554
-450
-362
-354
-474
-630
-646
-487
-293
-195
-152
-68
55
174
323
526
661
577
342
222
341
539
599
522
438
384
308
251
316
463
506
345
120
19
52
102
108
88
45
-28
-51
58
250
375
355
246
110
-31
-144
-173
-113
-40
-5
38
144
259
301
273
246
261
297
349
408
429
367
234
101
19
-44
-148
-291
-427
-510
-544
-557
-574
-616
-680
-736
-735
-632
-438
-237
-109
-66
-51
-13
50
113
173
220
221
151
57
6
9
5
-52
-138
-208
-245
-255
-262
-293
-372
-510
-666
-762
-737
-602
-422
-259
-119
16
135
204
238
281
341
394
437
500
575
602
557
503
516
580
633
645
628
585
492
354
228
179
186
190
169
166
202
207
124
-2
-73
-96
-162
-289
-382
-370
-307
-285
-290
-256
-168
-81
-6
108
264
381
384
298
226
230
286
329
317
258
173
64
-82
-255
-412
-515
-576
-627
-671
-679
-649
-621
-613
-625
-639
-626
-549
-397
-209
-24
147
298
384
364
280
229
229
208
126
49
54
114
142
116
78
23
-96
-258
-383
-420
-407
-393
-371
-323
-268
-221
-160
-59
49
119
141
157
203
277
354
403
421
423
409
369
339
367
448
500
483
428
370
299
205
146
163
183
148
111
169
284
299
155
-53
-217
-362
-509
-558
-439
-246
-131
-106
-68
15
63
36
20
97
233
366
480
577
620
573
459
324
199
93
-2
-100
-212
-320
-386
-430
-506
-616
-707
-738
-742
-749
-725
-639
-518
-409
-316
-206
-87
4
59
91
97
68
42
63
100
105
83
80
88
47
-52
-147
-197
-219
-235
-238
-230
-224
-220
-212
-196
-169
-117
-30
57
85
64
54
86
134
162
161
141
128
144
214
329
416
443
428
397
354
317
322
378
439
460
464
494
536
549
519
441
303
111
-83
-204
-227
-190
-143
-110
-104
-133
-187
-215
-173
-69
35
105
191
331
479
564
572
543
491
413
316
254
240
200
59
-156
-345
-454
-531
-632
-731
-770
-784
-838
-913
-918
-833
-736
-671
-585
-441
-313
-292
-352
-383
-357
-328
-314
-261
-159
-76
-66
-86
-84
-83
-138
-220
-247
-207
-169
-153
-110
-24
53
85
123
216
320
360
341
335
367
386
368
355
375
398
388
371
375
388
382
372
383
412
422
399
365
343
353
421
542
682
793
831
771
620
410
201
44
-36
-53
-32
3
13
-41
-171
-336
-457
-476
-400
-264
-98
61
151
125
8
-110
-150
-106
-15
98
225
318
308
168
-49
-262
-438
-575
-669
-709
-703
-696
-734
-803
-860
-864
-808
-718
-600
-478
-378
-318
-316
-377
-468
-533
-521
-421
-275
-123
16
112
127
52
-64
-156
-200
-204
-169
-73
81
234
327
351
344
351
391
461
552
649
719
734
690
608
533
486
452
433
437
466
495
472
376
246
133
56
31
79
211
386
544
638
672
668
623
527
404
304
259
236
190
106
9
-104
-250
-406
-513
-525
-476
-421
-374
-328
-277
-258
-292
-353
-397
-394
-339
-242
-121
-12
50
49
-7
-84
-165
-245
-331
-422
-494
-541
-571
-606
-646
-659
-627
-560
-485
-409
-341
-306
-299
-296
-272
-236
-212
-201
-175
-126
-82
-69
-77
-75
-54
-26
6
46
78
73
31
-2
15
80
167
253
341
445
549
630
669
673
652
623
606
617
655
682
666
609
535
455
364
253
146
67
33
43
87
153
221
269
299
326
359
387
398
390
367
335
282
195
78
-57
-196
-327
-431
-491
-502
-478
-448
-431
-431
-445
-464
-481
-493
-483
-442
-373
-287
-200
-124
-71
-53
-68
-92
-112
-130
-161
-216
-279
-335
-384
-430
-470
-488
-474
-434
-370
-289
-195
-114
-74
-75
-95
-115
-128
-130
-112
-61
13
79
120
127
108
64
11
-26
-28
10
64
112
158
202
241
277
310
355
408
463
508
541
553
537
500
457
423
404
389
369
338
294
241
179
121
75
49
34
25
20
17
18
27
53
98
159
224
275
294
266
185
65
-66
-185
-266
-306
-301
-267
-235
-220
-225
-253
-298
-353
-393
-396
-361
-305
-244
-175
-119
-96
-101
-103
-75
-26
23
57
84
88
40
-63
-177
-263
-318
-353
-359
-329
-274
-236
-236
-253
-260
-255
-249
-234
-185
-100
-13
46
82
112
127
103
50
3
-16
-19
-21
-20
2
36
52
44
43
73
130
189
246
306
367
400
388
358
339
335
322
300
289
298
299
264
206
152
114
73
23
-12
-20
-14
-16
-27
-20
17
61
93
123
167
216
238
223
196
172
136
70
-11
-75
-111
-142
-183
-213
-217
-213
-233
-272
-303
-312
-312
-314
-301
-251
-179
-112
-67
-30
9
40
51
46
47
59
61
33
-18
-65
-105
-148
-189
-204
-183
-144
-114
-100
-96
-97
-114
-141
-152
-132
-99
-70
-41
-10
15
17
1
-26
-47
-67
-86
-99
-97
-93
-97
-109
-119
-114
-91
-59
-22
22
70
123
175
218
254
282
296
296
284
269
260
253
236
210
176
148
125
104
89
80
79
80
86
109
149
195
233
257
272
275
261
234
200
161
118
72
30
-3
-30
-65
-113
-167
-222
-268
-307
-334
-340
-333
-319
-301
-279
-249
-215
-184
-151
-109
-56
5
60
106
132
138
117
81
38
-6
-42
-68
-80
-84
-82
-80
-84
-98
-119
-144
-165
-178
-176
-161
-139
-112
-93
-83
-81
-86
-91
-103
-111
-109
-107
-108
-105
-94
-74
-47
-18
13
54
94
127
152
168
184
199
207
215
223
231
237
231
219
207
193
173
147
121
100
84
68
51
38
33
36
45
59
81
105
128
142
151
152
143
132
114
92
73
51
26
-1
-29
-54
-81
-106
-126
-141
-153
-165
-179
-195
-208
-219
-220
-209
-187
-154
-120
-95
-73
-58
-53
-55
-68
-81
-89
-94
-97
-97
-93
-83
-77
-73
-65
-56
-45
-35
-24
-12
-4
2
1
-2
-2
1
9
20
33
48
54
48
27
0
-20
-33
-28
-8
26
65
100
120
123
113
101
93
94
106
125
143
154
148
130
107
84
65
58
59
64
66
60
49
35
19
5
-2
1
17
38
55
66
70
66
57
46
32
21
13
3
-12
-29
-48
-68
-87
-105
-119
-130
-138
-144
-150
-154
-153
-151
-146
-137
-125
-109
-96
-86
-77
-71
-65
-61
-57
-55
-54
-51
-47
-46
-43
-41
-38
-37
-33
-30
-26
-16
-6
5
18
29
41
53
61
68
76
83
88
92
95
98
100
99
93
87
80
78
77
77
79
81
84
87
87
83
78
75
71
70
69
65
59
51
39
26
16
3
-7
-16
-23
-29
-32
-37
-41
-44
-46
-45
-41
-36
-29
-23
-19
-18
-14
-11
-10
-9
-9
-15
-22
-33
-46
-59
-76
-91
-104
-113
-121
-124
-125
-122
-118
-114
-109
-100
-87
-71
-55
-36
-20
-5
7
17
25
30
35
36
36
34
30
22
14
8
3
-4
-7
-5
-4
1
6
12
21
30
41
50
58
70
81
88
92
96
101
102
101
100
99
95
87
79
72
66
62
55
48
46
41
35
33
32
29
28
22
16
11
4
-5
-17
-30
-40
-52
-59
-63
-67
-65
-66
-66
-63
-64
-65
-68
-70
-62
-53
-40
-23
-2
10
15
16
9
-4
-22
-42
-61
-72
-78
-82
-85
-88
-92
-99
-110
-116
-119
-114
-103
-87
-61
-35
-10
12
33
49
63
71
76
81
82
82
79
76
74
67
59
50
39
30
21
9
0
-1
-4
-1
6
14
20
20
22
24
29
33
37
43
52
60
64
66
66
64
61
54
49
45
42
35
30
25
21
19
20
22
23
20
16
11
2
-5
-12
-17
-22
-27
-32
-39
-48
-59
-67
-70
-76
-75
-72
-65
-53
-39
-25
-13
0
11
19
24
25
24
17
11
2
-11
-25
-41
-55
-67
-77
-84
-93
-97
-99
-96
-90
-86
-75
-62
-45
-26
-9
11
29
45
59
71
82
89
94
94
91
84
74
64
54
42
31
25
20
13
8
3
2
1
1
2
2
1
-1
-1
-3
-6
-8
-13
-18
-21
-24
-25
-24
-20
-14
-8
-2
1
8
16
22
30
37
43
48
49
48
46
46
41
37
32
24
17
9
2
-7
-17
-26
-31
-37
-43
-47
-46
-44
-39
-31
-23
-13
-2
7
16
23
28
34
35
33
32
27
21
13
3
-8
-19
-33
-44
-57
-66
-71
-74
-75
-76
-76
-72
-67
-59
-48
-37
-25
-16
-5
5
12
21
25
27
26
25
23
20
19
17
16
15
14
14
13
14
17
23
30
35
38
40
39
36
34
30
26
22
19
14
12
11
7
3
2
4
8
12
21
29
36
43
50
56
60
64
66
66
67
63
60
52
39
27
16
3
-9
-19
-29
-37
-44
-51
-55
-59
-60
-59
-55
-49
-42
-37
-34
-33
-32
-35
-36
-36
-33
-32
-29
-27
-31
-37
-45
-50
-52
-54
-55
-54
-55
-53
-52
-52
-52
-50
-43
-38
-30
-21
-13
-5
2
9
14
21
30
35
40
45
49
49
47
44
41
39
40
36
35
36
34
35
34
31
29
27
26
25
26
24
22
21
22
24
24
23
24
24
22
20
21
21
22
23
25
22
21
22
22
22
22
21
20
19
17
14
12
8
5
-1
-8
-17
-25
-33
-40
-45
-49
-51
-52
-54
-52
-52
-50
-50
-51
-48
-47
-43
-38
-32
-29
-26
-25
-26
-30
-30
-32
-30
-26
-24
-23
-21
-19
-22
-25
-25
-25
-21
-16
-10
-6
-2
-1
-1
0
0
5
11
19
28
33
37
37
38
39
38
40
43
49
55
58
59
57
53
49
47
46
44
45
45
43
40
34
30
25
19
17
15
14
14
13
12
8
3
2
-1
-3
-2
-1
-2
-5
-8
-13
-16
-18
-20
-21
-20
-20
-20
-22
-26
-30
-34
-42
-45
-44
-46
-46
-46
-46
-48
-49
-51
-52
-53
-52
-47
-42
-36
-33
-31
-28
-24
-23
-20
-15
-11
-7
-7
-6
-4
-2
2
5
8
10
13
17
21
24
26
27
29
30
33
36
38
41
43
46
47
47
46
43
42
39
36
34
32
30
30
26
25
24
21
20
21
21
19
17
13
11
11
8
7
3
3
0
-2
-6
-9
