4
8
7
-2
-1
6
4
-1
3
4
-3
-10
-12
-10
-13
-11
-5
-2
-10
-21
-16
-13
-15
-12
-4
-1
-7
-5
5
-1
-8
-7
0
8
7
11
19
23
18
9
12
13
18
23
26
32
45
40
27
23
27
34
34
25
15
25
27
19
14
5
-3
-5
-5
-2
-2
-11
-16
-17
-21
-22
-19
-23
-27
-26
-31
-39
-34
-19
-21
-28
-32
-25
-14
-11
-15
-10
2
10
4
-6
-16
-16
-10
-6
0
7
8
-5
-13
-19
-17
-9
-25
-45
-61
-82
-73
-53
-47
-63
-134
-184
-172
-119
-53
-24
-34
-47
-42
-17
31
91
133
134
126
131
219
326
367
374
338
349
390
429
488
527
569
573
485
413
431
474
500
454
381
323
246
153
135
177
178
72
-156
-251
-227
-178
-209
-275
-323
-456
-591
-701
-551
-378
-410
-608
-787
-761
-729
-712
-686
-629
-659
-802
-909
-755
-445
-339
-516
-732
-741
-516
-280
-130
82
215
257
226
333
593
749
677
423
349
469
676
800
837
800
655
467
326
349
404
321
104
-79
-184
-276
-439
-627
-789
-971
-1196
-1389
-1365
-1158
-974
-952
-1016
-989
-876
-791
-684
-503
-250
-67
17
176
470
787
941
987
1029
1157
1328
1502
1670
1746
1704
1544
1437
1456
1559
1618
1529
1394
1244
1086
931
789
699
605
388
172
-6
-131
-157
-265
-391
-565
-748
-885
-1028
-1082
-1121
-1094
-1051
-1082
-1077
-1081
-1077
-1007
-1022
-1074
-1118
-1081
-978
-878
-783
-742
-696
-709
-683
-615
-504
-419
-421
-427
-424
-273
-22
301
606
791
812
671
486
398
458
634
823
943
964
839
632
468
450
527
573
453
175
-122
-303
-330
-311
-366
-613
-1024
-1435
-1661
-1585
-1332
-1149
-1164
-1342
-1490
-1421
-1142
-786
-521
-416
-390
-281
23
478
896
1104
1137
1200
1441
1845
2254
2471
2411
2174
2007
2063
2296
2489
2427
2094
1679
1413
1371
1446
1408
1109
605
116
-174
-208
-124
-139
-355
-691
-971
-1094
-1103
-1124
-1233
-1411
-1561
-1556
-1399
-1250
-1249
-1379
-1518
-1558
-1459
-1285
-1149
-1141
-1240
-1329
-1291
-1149
-1018
-976
-1022
-1062
-1007
-847
-642
-489
-419
-353
-151
264
784
1162
1190
859
423
235
497
1080
1595
1682
1277
677
342
518
1014
1348
1135
425
-315
-568
-207
374
559
-18
-1125
-2086
-2281
-1669
-805
-396
-734
-1507
-2063
-1950
-1255
-492
-151
-291
-533
-427
133
842
1265
1253
1074
1168
1744
2575
3168
3169
2671
2132
2006
2369
2872
3066
2764
2158
1631
1418
1453
1451
1182
653
92
-252
-334
-347
-525
-925
-1377
-1631
-1569
-1339
-1224
-1415
-1856
-2262
-2343
-2040
-1579
-1285
-1331
-1613
-1852
-1835
-1565
-1236
-1063
-1123
-1319
-1445
-1360
-1121
-890
-798
-842
-934
-953
-810
-498
-52
466
950
1246
1224
867
400
168
389
950
1486
1624
1255
666
312
470
990
1385
1257
628
-61
-320
-8
521
682
137
-913
-1830
-2054
-1541
-816
-499
-807
-1438
-1840
-1684
-1101
-528
-351
-559
-751
-538
82
753
1093
1048
930
1142
1829
2715
3284
3211
2658
2158
2164
2682
3282
3467
3045
2274
1648
1523
1808
2035
1774
999
96
-471
-544
-363
-335
-688
-1321
-1902
-2135
-2019
-1822
-1835
-2096
-2385
-2449
-2225
-1901
-1736
-1836
-2080
-2184
-1934
-1418
-969
-875
-1131
-1433
-1484
-1215
-816
-501
-324
-256
-240
-123
251
847
1315
1272
721
116
-85
250
872
1356
1341
766
3
-342
2
695
1086
783
-47
-847
-1076
-567
257
579
-115
-1494
-2565
-2544
-1549
-447
-51
-562
-1513
-2145
-1960
-1041
-49
315
-26
-473
-369
362
1236
1723
1711
1517
1594
2156
2960
3472
3358
2829
2473
2692
3300
3760
3682
3106
2429
2057
2123
2386
2396
1869
943
77
-322
-251
-81
-215
-786
-1571
-2176
-2360
-2202
-2020
-2098
-2424
-2747
-2826
-2647
-2401
-2263
-2268
-2338
-2346
-2186
-1873
-1549
-1398
-1452
-1506
-1309
-808
-207
189
233
155
393
1139
1967
2120
1333
222
-295
181
1212
1880
1576
402
-824
-1117
-253
951
1347
402
-1290
-2519
-2448
-1164
259
459
-998
-3147
-4340
-3631
-1700
-137
-42
-1301
-2749
-3136
-2114
-386
811
720
-195
-788
-311
1007
2208
2605
2315
1970
2227
3187
4203
4530
4009
3269
3161
3820
4584
4733
4072
3094
2502
2616
3201
3569
3102
1875
579
-77
70
478
455
-262
-1434
-2417
-2701
-2338
-1863
-1904
-2631
-3526
-3943
-3657
-2978
-2514
-2579
-2977
-3316
-3227
-2663
-2018
-1685
-1775
-2035
-2010
-1565
-922
-291
47
-3
-87
284
1325
2452
2577
1518
243
-117
771
2109
2714
2082
515
-908
-1009
248
1682
1878
343
-1860
-3137
-2690
-943
620
453
-1666
-4337
-5492
-4174
-1611
23
-442
-2400
-4071
-4017
-2210
128
1378
791
-712
-1414
-445
1562
3152
3438
2780
2146
2347
3504
4819
5290
4677
3700
3368
3966
4788
5012
4419
3435
2775
2817
3252
3413
2812
1673
753
505
690
713
171
-809
-1768
-2281
-2189
-1807
-1782
-2427
-3387
-3950
-3744
-3122
-2720
-2810
-3238
-3609
-3596
-3144
-2479
-2015
-2036
-2333
-2438
-2141
-1546
-883
-356
-144
-296
-390
186
1418
2318
2013
847
62
397
1425
2227
2251
1489
342
-421
-129
1021
1886
1455
-145
-1769
-2332
-1592
-253
461
-417
-2622
-4552
-4645
-2956
-1137
-784
-2036
-3645
-4247
-3331
-1471
106
378
-582
-1548
-1285
298
2121
3059
2941
2432
2304
2977
4251
5345
5513
4826
4100
4088
4695
5224
5162
4576
3851
3362
3242
3326
3221
2670
1827
1086
625
285
-127
-575
-1004
-1465
-1965
-2380
-2660
-2896
-3167
-3372
-3380
-3272
-3286
-3453
-3600
-3528
-3247
-2895
-2638
-2530
-2549
-2560
-2384
-1973
-1459
-1065
-776
-535
-368
-229
186
1012
1905
2021
1173
230
166
1022
2045
2305
1559
293
-676
-549
661
1886
1911
454
-1486
-2436
-1832
-293
836
308
-1809
-4089
-4782
-3293
-1049
-159
-1340
-3560
-4902
-4205
-2070
-20
572
-584
-2160
-2460
-947
1467
3074
3064
2135
1497
2018
3622
5257
5933
5402
4385
4026
4625
5508
5874
5415
4567
3917
3650
3653
3574
3113
2384
1672
1152
732
149
-567
-1137
-1467
-1669
-1974
-2498
-3090
-3570
-3786
-3610
-3325
-3326
-3710
-4191
-4244
-3726
-3032
-2540
-2493
-2780
-2921
-2652
-1954
-1138
-686
-470
-244
-122
32
459
1249
2296
2602
1746
708
445
1112
2088
2324
1633
508
-535
-712
168
1269
1490
322
-1491
-2614
-2390
-1090
135
4
-1721
-4051
-5152
-3956
-1696
-518
-1327
-3434
-4952
-4528
-2591
-479
400
-596
-2275
-2765
-1350
1166
3015
3101
2025
1187
1634
3404
5413
6341
5756
4472
3825
4433
5731
6588
6362
5351
4320
3843
3985
4264
4141
3462
2455
1543
925
511
152
-260
-801
-1451
-2170
-2805
-3190
-3385
-3471
-3564
-3795
-4107
-4343
-4374
-4104
-3718
-3508
-3475
-3491
-3413
-3095
-2623
-2073
-1603
-1292
-928
-476
-121
160
646
1469
2377
2324
1438
774
1111
2105
2796
2459
1417
352
-318
14
1078
1835
1234
-581
-2349
-2735
-1742
-405
69
-1086
-3324
-5209
-5188
-3251
-1216
-1026
-2729
-4762
-5317
-3890
-1635
-63
-223
-1800
-3079
-2486
-186
2213
3050
2226
1111
1031
2418
4565
6123
6177
5023
3980
4200
5498
6735
6940
6052
4868
4194
4296
4837
5020
4348
3165
2130
1648
1541
1269
643
-197
-1073
-1719
-2048
-2242
-2541
-3124
-3799
-4189
-4272
-4171
-4059
-4107
-4226
-4335
-4329
-3982
-3519
-3274
-3143
-3130
-2919
-2365
-1733
-949
-267
-204
-275
133
1154
2583
2861
1894
941
912
1859
2993
3056
2162
926
-103
107
1191
2104
1785
73
-1815
-2463
-1787
-467
175
-899
-3024
-4956
-5140
-3370
-1547
-1487
-3117
-5117
-5612
-4138
-2005
-606
-884
-2489
-3664
-2927
-550
1871
2630
1722
617
720
2342
4595
6148
6166
4995
4052
4435
5890
7220
7305
6217
4977
4389
4659
5332
5471
4689
3347
2133
1618
1654
1596
1034
62
-1027
-1802
-2086
-2109
-2282
-2785
-3526
-4168
-4354
-4204
-3987
-3883
-4032
-4259
-4273
-3971
-3513
-3173
-3057
-3071
-2907
-2558
-1957
-1105
-407
-258
-397
-129
902
2359
2629
1666
720
749
1731
2800
2886
1969
845
-16
192
1336
2215
1697
-11
-1678
-2207
-1401
-202
183
-835
-2859
-4716
-4833
-3117
-1427
-1446
-3165
-5148
-5604
-4174
-2040
-712
-1069
-2711
-3951
-3220
-771
1579
2255
1318
155
279
1937
4218
5791
5788
4564
3612
4103
5791
7285
7435
6345
4978
4349
4754
5649
6093
5476
3971
2541
1943
2076
2308
1943
869
-508
-1577
-1967
-1788
-1710
-2195
-3185
-4198
-4606
-4381
-3939
-3701
-3884
-4390
-4685
-4527
-3970
-3337
-3076
-3168
-3235
-3045
-2394
-1327
-654
-578
-637
-319
795
2105
2126
1196
604
952
1993
2827
2489
1407
483
81
611
1654
2110
1105
-593
-1806
-1823
-764
216
-44
-1514
-3370
-4580
-3981
-2249
-1240
-1951
-3780
-5188
-4917
-3208
-1417
-748
-1604
-3100
-3704
-2349
150
1855
1752
574
-111
754
2779
4718
5555
4975
3859
3612
4715
6424
7325
6803
5577
4689
4644
5378
6069
5914
4854
3376
2402
2394
2716
2558
1756
504
-672
-1258
-1349
-1287
-1562
-2401
-3446
-4065
-4119
-3882
-3792
-4015
-4407
-4736
-4573
-4177
-3832
-3701
-3855
-3770
-3385
-2844
-2178
-1514
-1330
-1357
-919
-152
1242
1782
1007
265
442
1476
2481
2704
1726
757
310
623
1592
2275
1871
274
-1032
-1329
-710
251
414
-678
-2305
-3560
-3787
-2644
-1474
-1656
-2946
-4359
-4746
-3775
-2295
-1324
-1469
-2512
-3377
-2963
-1190
768
1450
765
-15
194
1696
3607
4839
4947
4221
3749
4248
5599
6859
7030
6143
5244
4963
5222
5856
6028
5390
4375
3287
2648
2735
2826
2248
1229
36
-874
-1150
-1150
-1386
-2050
-3005
-3839
-4179
-3989
-3787
-4016
-4448
-4854
-4939
-4488
-3975
-3841
-4058
-4268
-3960
-3277
-2471
-1858
-1689
-1797
-1448
-661
572
1820
1504
508
174
921
2146
2957
2476
1285
554
531
1290
2167
2417
1220
-424
-1116
-778
95
622
-99
-1663
-2882
-3325
-2635
-1515
-1339
-2444
-3887
-4482
-3801
-2565
-1681
-1684
-2518
-3266
-3132
-1917
-189
845
506
-295
-335
771
2518
3887
4297
3854
3358
3717
4891
6158
6738
6228
5310
5022
5292
5779
6102
5648
4634
3709
3162
3071
3156
2745
1817
708
-160
-544
-552
-670
-1366
-2416
-3325
-3656
-3444
-3172
-3495
-4219
-4856
-5092
-4605
-3863
-3601
-4135
-4581
-4572
-3891
-2536
-1712
-1924
-2198
-1950
-1277
411
1342
770
116
243
1012
2087
2576
1930
1121
849
1127
1635
2358
2122
639
-437
-506
-68
690
607
-795
-2100
-2836
-2710
-1721
-1102
-1806
-3244
-4237
-3924
-2730
-1838
-1767
-2537
-3309
-3256
-2311
-965
-6
-60
-688
-823
2
1491
2803
3353
3006
2500
2823
3968
5377
6102
5677
4718
4395
4845
5741
6348
5906
4799
3699
3357
3700
4023
3707
2658
1309
390
136
271
389
-203
-1490
-2702
-3261
-3006
-2432
-2367
-3031
-4183
-5002
-4854
-3880
-2913
-2919
-3700
-4551
-4511
-3289
-1788
-1286
-1634
-2180
-2037
-511
510
515
195
183
693
1550
1919
1644
1309
1017
1141
1608
2204
1873
744
-25
-274
10
566
322
-747
-1887
-2769
-2635
-1696
-1342
-2172
-3545
-4407
-4014
-2940
-2225
-2312
-3151
-3907
-3816
-2675
-1137
-450
-882
-1532
-1391
-188
1345
2343
2636
2404
2229
2824
3938
5110
5678
5310
4857
4894
5271
5805
6139
5930
5270
4505
4111
4105
4183
3948
3119
2154
1393
766
492
396
-72
-895
-1803
-2578
-2863
-2777
-2770
-2957
-3456
-4105
-4437
-4239
-3718
-3390
-3399
-3643
-3813
-3609
-2764
-1902
-1616
-1499
-1563
-858
289
545
334
306
795
1550
2029
1783
1354
1149
1282
1722
2053
2093
1163
206
48
186
492
399
-524
-1632
-2413
-2754
-2319
-1756
-2094
-3274
-4448
-4529
-3626
-2728
-2443
-3094
-3996
-4128
-3383
-2052
-819
-718
-1587
-2003
-1278
326
1872
2445
2088
1448
1665
2886
4393
5496
5360
4358
3941
4539
5515
6415
6335
5302
4382
4036
4345
4817
4765
3913
2731
1813
1522
1592
1554
1062
-35
-1021
-1670
-1859
-1718
-1832
-2397
-3201
-3883
-4034
-3590
-3280
-3442
-3865
-4186
-4016
-3362
-2610
-2317
-2513
-2412
-2023
-991
26
-84
-478
-366
369
1263
1821
1555
1022
815
1112
1855
2392
2358
1266
196
101
575
1070
1007
-19
-1452
-2410
-2534
-1778
-1139
-1617
-3066
-4478
-4645
-3548
-2444
-2189
-2901
-4115
-4529
-3604
-2073
-950
-929
-1739
-2245
-1607
-113
1327
2012
1836
1211
1190
2235
3676
4741
4765
4005
3534
3904
4786
5655
5781
5075
4216
3789
3979
4439
4546
3885
2913
2120
1699
1668
1747
1399
610
-196
-976
-1274
-1147
-1178
-1560
-2209
-2983
-3482
-3285
-2850
-2736
-3048
-3546
-3819
-3353
-2384
-2062
-2176
-2157
-2029
-1146
-407
-493
-654
-421
186
908
1167
877
601
614
1142
1655
1863
1677
822
206
314
610
907
661
-400
-1447
-1998
-1929
-1405
-1229
-1959
-3116
-3966
-3781
-2928
-2363
-2447
-3233
-3988
-3845
-2921
-1771
-1113
-1498
-2157
-2048
-1018
440
1366
1336
912
805
1538
2823
3814
4046
3580
3143
3490
4338
5046
5195
4662
4002
3793
4000
4311
4353
3764
2922
2319
2073
2117
2030
1557
793
108
-286
-411
-498
-774
-1305
-1831
-2200
-2429
-2467
-2488
-2612
-2870
-3069
-3133
-2911
-2465
-2088
-2138
-2240
-2035
-1554
-544
-228
-606
-855
-593
211
1042
1163
626
279
339
976
1684
1943
1439
483
54
332
868
1172
602
-634
-1553
-1867
-1522
-948
-1059
-2092
-3225
-3805
-3424
-2507
-2079
-2445
-3351
-3924
-3640
-2588
-1547
-1259
-1703
-2160
-1919
-907
366
1098
1098
781
740
1444
2614
3481
3622
3225
2878
3195
3982
4648
4713
4183
3578
3337
3653
4061
3926
3300
2534
1961
1976
2134
1884
1336
622
100
-47
-61
-311
-806
-1276
-1591
-1808
-1915
-1997
-2248
-2403
-2541
-2636
-2445
-2061
-1848
-2030
-2025
-1820
-1302
-543
-407
-769
-991
-613
38
682
808
328
-76
136
788
1263
1546
1141
339
57
250
601
931
599
-423
-1307
-1598
-1311
-906
-967
-1748
-2702
-3184
-2943
-2420
-2094
-2274
-2966
-3431
-3285
-2547
-1740
-1367
-1552
-1922
-1783
-959
117
823
1026
732
594
1179
2133
2984
3273
3038
2634
2692
3331
4035
4305
4041
3450
2949
2992
3304
3480
3220
2580
1823
1324
1364
1546
1420
857
108
-479
-590
-406
-475
-845
-1388
-1864
-2054
-1932
-1769
-1818
-2026
-2309
-2341
-2011
-1443
-1226
-1259
-1209
-1126
-518
-18
25
-78
-57
185
599
881
788
632
484
700
996
1181
1209
688
182
100
257
477
405
-318
-1212
-1658
-1582
-1182
-1145
-1747
-2613
-3174
-2969
-2408
-2133
-2267
-2764
-3218
-3050
-2407
-1754
-1368
-1463
-1728
-1604
-948
-57
591
789
710
719
1198
2012
2638
2841
2730
2639
2839
3264
3580
3594
3398
3154
2996
2977
2958
2788
2445
2021
1676
1434
1235
998
634
210
-116
-375
-519
-663
-962
-1228
-1502
-1665
-1695
-1732
-1788
-1839
-1934
-1983
-1789
-1568
-1205
-1028
-996
-783
-532
-43
296
338
339
482
691
994
1158
1007
949
925
1054
1246
1279
1110
779
520
469
513
435
144
-421
-1001
-1251
-1239
-1221
-1412
-1963
-2547
-2756
-2584
-2283
-2234
-2514
-2872
-2972
-2676
-2108
-1744
-1695
-1779
-1828
-1425
-732
-141
180
260
284
541
1166
1794
2174
2237
2164
2194
2502
2951
3123
3053
2808
2574
2541
2616
2639
2425
2056
1666
1357
1165
1061
891
560
172
-254
-539
-627
-642
-726
-1034
-1388
-1680
-1754
-1517
-1313
-1327
-1504
-1679
-1641
-1184
-704
-395
-254
-343
-234
21
417
862
1085
1077
970
899
994
1327
1554
1585
1353
1010
841
830
939
908
582
171
-228
-537
-714
-873
-1075
-1361
-1706
-2115
-2393
-2482
-2383
-2329
-2449
-2662
-2909
-2813
-2472
-2039
-1818
-1851
-1916
-1775
-1200
-547
-94
-19
-30
142
640
1342
1753
1818
1689
1720
2029
2498
2775
2666
2386
2183
2252
2421
2480
2287
1870
1508
1350
1341
1298
1042
607
201
-33
-100
-159
-370
-700
-1016
-1206
-1190
-1111
-1195
-1371
-1494
-1485
-1315
-1117
-1039
-1009
-858
-636
-395
-119
34
76
267
632
919
1079
1052
905
998
1355
1614
1571
1315
923
701
878
1136
1056
572
-64
-507
-515
-319
-355
-789
-1415
-1922
-2079
-1880
-1677
-1813
-2240
-2622
-2691
-2406
-2010
-1778
-1814
-1966
-1933
-1583
-1037
-545
-321
-301
-181
155
636
1114
1417
1511
1537
1662
1908
2205
2396
2379
2211
2060
2009
2026
2042
1922
1629
1261
993
868
793
651
366
1
-320
-495
-575
-658
-774
-984
-1245
-1373
-1370
-1348
-1271
-1209
-1260
-1321
-1276
-1167
-955
-579
-354
-372
-337
-266
-70
407
840
941
850
712
712
1049
1538
1750
1525
1155
834
794
1167
1432
1261
747
82
-303
-183
95
120
-316
-1054
-1608
-1716
-1410
-1083
-1216
-1744
-2281
-2435
-2067
-1511
-1220
-1372
-1732
-1837
-1494
-831
-195
-31
-225
-319
-104
465
1134
1461
1368
1155
1147
1446
1903
2210
2114
1752
1501
1495
1674
1844
1732
1337
913
680
668
715
623
307
-108
-410
-536
-546
-583
-742
-986
-1229
-1374
-1379
-1311
-1247
-1236
-1322
-1413
-1393
-1214
-945
-738
-653
-669
-633
-408
-94
166
318
350
376
509
713
899
1007
1045
1016
964
968
996
1011
1001
881
659
454
336
288
225
42
-268
-565
-706
-729
-755
-889
-1135
-1347
-1397
-1317
-1218
-1191
-1232
-1242
-1136
-944
-740
-561
-389
-192
31
250
427
595
823
1090
1320
1450
1462
1440
1515
1687
1839
1848
1679
1424
1246
1237
1306
1275
1048
658
284
120
165
216
69
-321
-775
-1013
-954
-783
-783
-1066
-1464
-1690
-1603
-1334
-1162
-1242
-1472
-1612
-1511
-1210
-909
-783
-807
-834
-742
-493
-182
40
130
158
217
344
531
691
772
810
840
857
864
853
817
802
812
781
659
464
267
160
162
153
18
-251
-541
-690
-649
-540
-552
-748
-1000
-1111
-989
-731
-555
-575
-713
-758
-572
-214
117
249
210
199
382
733
1073
1230
1180
1098
1162
1377
1589
1631
1478
1280
1213
1283
1342
1252
1008
750
618
594
548
388
135
-103
-234
-298
-389
-541
-724
-881
-984
-1052
-1100
-1124
-1145
-1191
-1251
-1287
-1232
-1071
-920
-879
-943
-998
-904
-648
-405
-353
-471
-599
-548
-285
-3
73
-63
-242
-264
-57
217
325
199
-27
-150
-67
134
243
157
-59
-250
-286
-154
18
66
-49
-245
-348
-238
13
218
229
65
-88
-17
270
564
666
532
345
348
586
885
1028
942
755
684
815
1038
1172
1118
942
806
816
930
1009
949
777
610
546
580
611
542
388
234
165
179
188
120
-14
-143
-210
-223
-244
-313
-419
-538
-631
-693
-725
-743
-786
-874
-1003
-1112
-1128
-1051
-973
-1006
-1166
-1322
-1319
-1145
-944
-893
-1030
-1203
-1206
-967
-644
-474
-550
-738
-786
-563
-189
82
90
-102
-248
-148
177
501
592
424
188
126
329
653
837
736
452
249
321
608
852
840
592
338
305
515
769
832
668
443
365
499
718
821
746
594
522
598
760
864
836
727
659
699
802
861
817
708
630
634
681
683
594
464
378
366
375
318
170
3
-97
-124
-151
-253
-429
-605
-710
-746
-788
-888
-1032
-1163
-1237
-1268
-1294
-1342
-1395
-1428
-1434
-1429
-1419
-1394
-1349
-1286
-1218
-1162
-1104
-1029
-922
-789
-654
-543
-458
-385
-290
-153
8
149
221
229
233
300
441
584
637
571
467
446
550
690
734
634
479
407
474
604
662
579
434
355
396
513
587
555
466
422
470
573
659
672
640
629
680
773
852
881
874
868
899
957
1002
1011
983
948
930
925
914
864
779
693
624
556
466
338
195
71
-35
-143
-287
-462
-629
-751
-838
-933
-1066
-1229
-1371
-1447
-1473
-1507
-1579
-1675
-1753
-1773
-1734
-1682
-1655
-1660
-1663
-1632
-1543
-1408
-1275
-1177
-1111
-1045
-927
-744
-542
-384
-297
-242
-150
12
206
355
417
424
452
552
696
799
817
781
753
782
857
917
919
867
813
800
829
869
872
838
796
778
794
830
851
847
828
821
837
868
898
909
905
907
921
945
968
976
975
961
946
931
918
898
862
801
715
623
543
469
378
254
101
-62
-194
-299
-410
-557
-738
-909
-1036
-1127
-1213
-1330
-1467
-1589
-1660
-1685
-1708
-1757
-1818
-1856
-1842
-1787
-1732
-1705
-1694
-1654
-1560
-1426
-1292
-1189
-1118
-1036
-899
-710
-517
-376
-291
-215
-98
77
257
387
435
443
487
594
722
801
801
742
705
735
813
872
854
777
707
705
775
850
864
811
756
767
845
939
985
967
932
942
1014
1097
1135
1118
1083
1076
1107
1140
1140
1105
1053
1010
983
948
901
838
775
705
615
510
404
315
241
148
15
-149
-303
-410
-486
-578
-718
-898
-1062
-1165
-1211
-1253
-1344
-1482
-1611
-1672
-1656
-1617
-1618
-1672
-1741
-1749
-1670
-1546
-1455
-1436
-1447
-1413
-1288
-1108
-955
-882
-861
-811
-680
-492
-324
-242
-223
-187
-85
71
203
257
252
257
320
428
516
536
505
489
534
619
685
693
663
653
704
799
876
900
885
887
949
1049
1134
1161
1150
1154
1204
1285
1343
1351
1319
1293
1302
1331
1341
1296
1217
1143
1096
1062
1006
909
786
670
575
486
382
253
113
-20
-134
-239
-358
-494
-627
-741
-833
-921
-1016
-1112
-1198
-1265
-1314
-1356
-1402
-1443
-1474
-1484
-1478
-1475
-1474
-1471
-1455
-1417
-1370
-1325
-1286
-1245
-1187
-1108
-1022
-948
-886
-823
-739
-639
-542
-465
-402
-337
-261
-173
-87
-23
24
70
126
197
264
316
352
385
432
488
551
604
646
685
727
780
844
904
958
1004
1048
1089
1133
1183
1227
1258
1274
1278
1283
1290
1295
1288
1262
1223
1175
1133
1095
1049
988
914
839
765
695
623
543
456
362
271
185
99
12
-80
-174
-264
-357
-450
-536
-615
-690
-769
-850
-928
-997
-1047
-1092
-1141
-1193
-1244
-1285
-1302
-1309
-1315
-1325
-1334
-1330
-1312
-1278
-1244
-1214
-1178
-1135
-1084
-1022
-956
-895
-832
-762
-691
-619
-547
-476
-399
-320
-244
-177
-116
-53
23
105
181
244
298
351
417
498
580
645
688
729
782
849
922
978
1008
1026
1056
1100
1147
1176
1183
1173
1166
1173
1183
1178
1148
1101
1057
1022
994
957
902
831
763
708
659
603
529
451
378
316
260
196
116
37
-34
-93
-149
-215
-288
-358
-420
-470
-521
-579
-640
-693
-732
-764
-798
-844
-888
-916
-924
-924
-939
-967
-993
-992
-964
-939
-937
-958
-969
-944
-889
-841
-832
-848
-851
-809
-736
-670
-647
-659
-657
-606
-516
-428
-385
-382
-372
-308
-197
-87
-23
-8
10
80
201
326
401
422
440
506
623
740
808
824
830
876
964
1049
1086
1074
1057
1073
1119
1161
1160
1118
1069
1045
1046
1042
1003
938
868
810
774
738
680
599
514
445
389
338
273
196
116
51
0
-49
-105
-172
-234
-283
-319
-352
-395
-446
-493
-524
-545
-568
-606
-646
-680
-704
-716
-737
-769
-800
-824
-834
-840
-855
-881
-902
-911
-906
-897
-895
-900
-900
-885
-862
-836
-810
-787
-759
-715
-663
-612
-566
-517
-461
-391
-314
-241
-171
-105
-33
50
140
219
292
356
421
497
575
645
697
739
780
827
877
915
935
945
952
964
978
983
976
961
942
925
914
900
876
844
809
775
745
711
672
629
582
537
491
444
396
346
293
242
189
135
83
28
-27
-79
-131
-183
-239
-292
-342
-390
-438
-486
-533
-575
-612
-645
-678
-711
-742
-766
-788
-804
-817
-834
-845
-852
-858
-860
-858
-849
-839
-832
-822
-807
-787
-761
-734
-707
-674
-639
-596
-554
-510
-459
-406
-350
-290
-228
-165
-100
-34
38
106
174
242
308
371
434
496
549
598
640
678
718
753
783
804
817
827
835
841
842
834
822
807
788
773
751
726
700
668
636
608
577
546
509
469
430
390
353
313
271
232
188
148
108
65
23
-20
-60
-102
-144
-182
-221
-263
-299
-333
-369
-405
-436
-465
-496
-524
-552
-576
-602
-621
-638
-654
-668
-683
-694
-700
-704
-707
-709
-709
-703
-691
-678
-665
-650
-627
-602
-573
-540
-507
-471
-431
-386
-336
-286
-232
-177
-126
-68
-6
56
114
173
230
285
342
396
443
489
529
566
600
630
655
672
686
698
705
709
708
703
694
683
670
654
633
611
586
561
537
511
483
455
424
391
359
326
293
258
224
188
154
124
88
53
19
-16
-48
-76
-106
-136
-165
-196
-222
-248
-270
-291
-315
-335
-356
-375
-392
-407
-421
-436
-450
-463
-478
-487
-497
-508
-518
-530
-538
-547
-552
-554
-557
-561
-563
-560
-551
-538
-520
-502
-482
-457
-428
-391
-352
-313
-273
-229
-182
-132
-81
-29
23
75
126
177
225
273
319
362
401
438
474
505
531
552
570
586
600
605
606
606
604
597
588
575
559
542
524
509
489
466
438
405
381
360
335
309
275
243
215
189
163
135
103
74
45
20
-3
-29
-54
-78
-101
-123
-143
-161
-180
-201
-220
-234
-245
-260
-272
-286
-299
-307
-318
-334
-342
-350
-351
-354
-362
-367
-375
-376
-369
-372
-372
-372
-370
-359
-354
-344
-333
-323
-307
-289
-273
-253
-233
-210
-186
-164
-140
-115
-88
-59
-33
-8
16
41
67
92
116
138
162
179
196
219
235
252
265
274
284
293
301
308
307
307
312
312
314
307
297
297
293
284
277
261
248
236
224
211
189
170
154
134
118
96
72
53
35
18
-1
-20
-34
-48
-61
-75
-84
-90
-100
-107
-113
-113
-112
-114
-114
-111
-107
-105
-102
-101
-102
-98
-97
-95
-97
-98
-101
-103
-104
-109
-113
-117
-123
-123
-127
-135
-141
-146
-145
-147
-151
-152
-153
-149
-143
-141
-134
-126
-119
-103
-91
-81
-69
-58
-44
-29
-14
2
15
29
41
54
66
80
93
106
117
125
133
139
145
151
152
154
156
156
154
153
152
148
141
133
125
118
110
101
95
85
75
67
58
50
44
37
33
26
24
22
19
14
11
12
11
11
11
8
7
7
7
2
0
1
-3
-7
-10
-17
-23
-28
-36
-44
-53
-63
-72
-82
-93
-104
-112
-123
-132
-142
-149
-156
-162
-168
-173
-176
-178
-176
-173
-169
-163
-157
-147
-138
-127
-111
-97
-84
-69
-55
-42
-27
-12
1
16
32
45
57
70
79
90
99
107
114
121
126
129
133
134
133
132
127
124
119
115
109
101
95
88
82
76
69
62
54
47
41
37
29
27
23
24
21
18
18
18
19
23
26
24
25
25
26
26
28
27
28
25
24
20
19
15
11
8
0
-5
-14
-18
-32
-27
-38
-41
-54
-63
-65
-79
-74
-85
-80
-85
-89
-92
-88
-91
-92
-90
-94
-91
-93
-86
-86
-82
-79
-76
-76
-67
-64
-57
-51
-47
-42
-36
-29
-23
-16
-14
-5
-3
4
9
16
19
19
25
30
37
39
43
43
42
43
45
46
48
48
47
47
46
46
44
44
45
44
44
41
40
42
42
43
42
40
40
38
40
41
40
39
38
38
37
36
34
32
31
29
25
23
21
16
12
11
7
5
1
-2
-4
-8
-10
-14
-16
-21
-24
-26
-28
-30
-32
-35
-36
-38
-38
-41
-45
-46
-46
-45
-45
-46
-47
-47
-49
-49
-47
-47
-49
-50
-48
-48
-45
-43
-39
-37
-37
-34
-32
-29
-26
-23
-21
-16
-13
-8
-6
-3
1
3
5
8
12
14
18
19
21
22
24
27
29
32
35
37
39
42
44
49
51
52
54
57
61
65
66
68
68
66
67
67
66
66
64
63
60
57
55
57
54
48
43
37
30
27
19
14
9
3
-2
-10
-15
-23
-30
-36
-43
-50
-54
-58
-65
-71
-75
-81
-84
-85
-90
-91
-94
-96
-99
-104
-101
-98
-97
-97
-100
-100
-97
-92
-87
-85
-85
-80
-77
-71
-67
-62
-57
-53
-47
-39
-34
-26
-21
-14
-8
-4
2
8
16
21
27
32
39
47
54
61
68
80
85
89
94
102
111
119
126
131
135
139
144
149
150
151
151
149
148
148
147
143
139
133
124
118
113
106
98
87
75
64
54
46
37
28
15
3
-7
-13
-22
-32
-41
-52
-63
-70
-76
-83
-90
-100
-107
-114
-118
-121
-125
-131
-136
-139
-141
-141
-141
-144
-148
-148
-149
-149
-149
-148
-146
-142
-140
-135
-127
-122
-118
-112
-106
-98
-92
-82
-72
-63
-54
-43
-32
-21
-9
4
15
25
35
46
53
63
73
82
92
104
110
115
122
127
130
135
139
142
145
144
146
148
148
149
145
144
143
140
138
132
126
122
116
111
105
101
93
85
80
72
65
58
51
44
39
30
24
15
7
1
-6
-12
-19
-27
-34
-41
-49
-54
-63
-70
-78
-85
-90
-100
-105
-112
-119
-122
-126
-132
-137
-139
-140
-138
-141
-143
-145
-143
-139
-136
-131
-125
-119
-111
-105
-100
-93
-86
-76
-67
-58
-48
-41
-32
-22
-15
-7
2
11
18
26
36
43
50
59
68
77
84
88
94
101
108
114
122
129
135
140
146
149
152
155
155
155
156
154
151
148
141
134
128
121
115
106
97
86
74
64
53
42
31
21
12
4
-8
-17
-26
-35
-43
-51
-59
-67
-71
-79
-86
-89
-96
-100
-106
-114
-119
-122
-127
-133
-139
-143
-146
-148
-151
-154
-158
-160
-162
-162
-161
-160
-159
-157
-155
-150
-145
-138
-131
-127
-119
-111
-101
-87
-77
-66
-56
-46
-31
-17
-3
12
24
39
56
73
88
104
120
134
146
159
174
188
199
210
217
225
238
244
245
246
244
248
249
243
239
229
223
217
206
195
183
170
156
141
127
113
96
80
64
49
34
20
6
-9
-25
-38
-52
-65
-77
-92
-103
-117
-127
-138
-150
-156
-168
-179
-189
-201
-207
-213
-219
-227
-239
-243
-248
-250
-252
-260
-262
-263
-262
-259
-250
-233
-229
-223
-216
-207
-186
-174
-165
-152
-141
-121
-104
-90
-73
-59
-42
-24
-7
10
27
44
56
70
87
103
119
128
134
147
157
170
174
172
180
180
185
186
174
175
174
168
163
146
136
133
126
124
110
94
89
83
76
66
54
46
41
34
28
20
13
9
3
-1
-4
-6
-10
-16
-20
-22
-21
-22
-25
-28
-32
-30
-31
-32
-32
-34
-30
-24
-26
-26
-27
-25
-26
-27
-26
-25
-25
-23
-23
-23
-21
-21
-21
-21
-19
-17
-18
-18
-17
-19
-18
-18
-16
-15
-14
-13
-12
-9
-7
-2
3
5
8
11
12
14
16
17
19
24
26
29
31
30
30
30
29
30
29
29
27
27
26
24
23
23
21
21
18
18
16
15
15
15
13
12
12
11
12
10
9
5
5
5
4
4
2
0
-3
-5
-8
-11
-12
-14
-15
-16
-17
-18
-18
-19
-20
-20
-19
-19
-20
-20
-21
-22
-20
-19
-19
-21
-22
-20
-20
-19
-18
-19
-20
-20
-20
-20
-20
-23
-22
-20
-18
-17
-15
-13
-13
-9
-5
-1
2
5
8
9
12
16
18
18
20
21
23
23
26
26
24
24
24
24
23
21
20
21
19
18
18
16
15
15
18
16
18
19
18
16
15
14
14
11
10
10
7
7
6
4
4
2
-2
-5
-8
-11
-13
-12
-11
-12
-12
-13
-14
-13
-13
-11
-12
