7
6
5
4
6
5
8
11
8
5
4
2
1
0
-1
1
1
0
-1
-1
1
1
2
1
1
3
5
4
3
-3
-5
-6
-9
-7
-5
-4
-4
-4
-2
-5
-5
-3
-1
1
-1
-4
-6
-8
-12
-12
-13
-11
-9
-5
-1
3
5
4
-2
-7
-11
-13
-14
-13
-11
-8
-4
-3
0
1
4
2
0
-1
-2
1
5
6
6
2
-2
-4
-1
4
7
10
9
13
14
13
13
12
13
11
10
10
8
8
7
7
6
6
7
8
9
9
11
7
7
6
3
4
3
5
6
3
-1
-5
-9
-13
-16
-14
-13
-8
-4
-6
-11
-15
-21
-24
-22
-30
-29
-23
-23
-19
-22
-29
-29
-31
-31
-28
-29
-22
-14
-7
-1
4
7
11
16
23
31
37
42
49
63
82
111
134
147
155
146
135
102
47
-13
-76
-145
-225
-284
-338
-377
-406
-452
-451
-431
-408
-371
-362
-335
-291
-251
-199
-150
-96
-31
30
95
158
232
297
358
424
478
557
612
632
654
654
681
716
710
713
705
695
702
664
614
561
508
457
402
344
281
214
137
54
-25
-93
-149
-189
-215
-233
-245
-255
-271
-293
-324
-355
-385
-409
-428
-443
-447
-440
-413
-352
-242
-79
124
347
577
780
917
971
933
794
547
206
-211
-683
-1197
-1718
-2204
-2622
-2954
-3178
-3264
-3207
-3030
-2753
-2389
-1963
-1517
-1086
-671
-282
60
340
582
796
980
1130
1261
1401
1550
1699
1852
2020
2196
2354
2479
2578
2642
2651
2598
2494
2347
2135
1866
1567
1250
914
573
264
14
-187
-339
-424
-441
-418
-377
-318
-245
-181
-150
-146
-152
-183
-254
-353
-451
-552
-665
-783
-888
-977
-1061
-1143
-1207
-1250
-1288
-1324
-1348
-1354
-1348
-1325
-1278
-1207
-1121
-1017
-892
-744
-591
-444
-299
-164
-51
42
144
259
382
542
767
1047
1360
1677
1989
2258
2430
2490
2424
2222
1852
1329
709
12
-740
-1505
-2223
-2849
-3370
-3753
-3951
-3967
-3821
-3547
-3156
-2661
-2126
-1575
-1026
-512
-49
345
692
994
1238
1430
1588
1724
1852
1972
2103
2245
2382
2529
2682
2827
2950
3009
3022
2961
2806
2566
2236
1845
1382
869
369
-98
-513
-865
-1129
-1267
-1296
-1237
-1079
-852
-581
-320
-88
132
285
353
341
262
122
-85
-327
-569
-818
-1057
-1279
-1453
-1572
-1668
-1727
-1739
-1714
-1674
-1620
-1530
-1426
-1339
-1250
-1144
-1051
-954
-864
-755
-647
-556
-443
-344
-223
-115
-9
120
260
431
626
933
1309
1715
2107
2514
2893
3122
3235
3167
2937
2472
1813
1056
202
-677
-1607
-2494
-3255
-3854
-4296
-4553
-4557
-4346
-3987
-3527
-2909
-2239
-1572
-929
-328
230
670
1049
1356
1587
1750
1848
1908
1952
1984
2017
2108
2222
2368
2510
2695
2917
3050
3126
3111
3045
2857
2525
2149
1698
1193
623
70
-408
-823
-1180
-1432
-1520
-1471
-1317
-1096
-763
-391
-47
246
472
646
668
579
401
171
-107
-451
-792
-1120
-1404
-1672
-1892
-2049
-2166
-2258
-2322
-2324
-2288
-2227
-2157
-2063
-1951
-1816
-1657
-1475
-1277
-1088
-889
-660
-431
-222
-48
117
271
381
513
645
801
958
1147
1462
1825
2221
2565
2910
3222
3400
3420
3266
2965
2417
1674
810
-64
-975
-1930
-2795
-3507
-4004
-4362
-4500
-4387
-4101
-3697
-3201
-2552
-1836
-1154
-541
40
573
990
1312
1575
1781
1876
1899
1927
1981
2032
2069
2150
2272
2408
2555
2721
2889
2981
2993
2930
2803
2577
2229
1824
1345
827
267
-257
-689
-1062
-1340
-1520
-1541
-1434
-1224
-926
-559
-179
147
427
619
740
699
538
297
-31
-379
-794
-1173
-1538
-1877
-2160
-2398
-2549
-2675
-2754
-2804
-2797
-2761
-2715
-2627
-2554
-2409
-2272
-2069
-1837
-1608
-1296
-991
-587
-219
143
467
748
1024
1200
1407
1549
1719
1818
1953
2228
2535
2890
3108
3404
3657
3784
3764
3590
3347
2808
2045
1176
357
-560
-1598
-2580
-3379
-3972
-4533
-4810
-4792
-4554
-4222
-3809
-3108
-2331
-1619
-987
-349
272
731
1045
1350
1620
1734
1783
1821
1937
2003
1992
2066
2145
2243
2315
2405
2548
2599
2581
2570
2511
2363
2077
1734
1392
923
420
-50
-450
-799
-1160
-1330
-1339
-1270
-1152
-975
-659
-347
-110
113
320
431
401
266
133
-50
-371
-727
-1083
-1394
-1717
-2042
-2268
-2464
-2636
-2787
-2856
-2847
-2862
-2858
-2814
-2710
-2572
-2403
-2124
-1789
-1437
-1035
-548
14
539
1019
1477
1856
2127
2305
2417
2495
2423
2289
2180
2070
2155
2224
2352
2492
2579
2868
3008
3074
3028
2755
2372
1657
830
105
-787
-1812
-2849
-3784
-4325
-4843
-5177
-5105
-4939
-4498
-4039
-3386
-2432
-1669
-937
-270
319
928
1298
1593
1903
1976
1989
1939
1885
1943
1835
1766
1768
1727
1764
1786
1904
2044
2033
1995
1986
1932
1776
1550
1319
1064
667
233
-57
-287
-514
-712
-771
-701
-618
-504
-255
53
254
384
464
548
549
416
273
55
-248
-628
-1007
-1334
-1669
-2033
-2359
-2616
-2846
-3006
-3118
-3126
-3117
-3124
-3021
-2850
-2572
-2268
-1889
-1383
-858
-304
264
884
1463
1928
2305
2621
2808
2847
2740
2535
2286
1845
1481
1084
817
727
657
929
1120
1460
1833
2089
2413
2435
2403
2177
1692
1098
386
-407
-1298
-2320
-3268
-3962
-4610
-4972
-5108
-4964
-4550
-4163
-3470
-2656
-1851
-1090
-462
229
850
1292
1657
1952
2069
2061
1909
1775
1679
1436
1269
1148
1117
1167
1214
1383
1555
1680
1798
1955
2121
2201
2182
2118
2030
1839
1587
1348
1124
848
571
370
272
203
79
42
47
35
-9
-74
-72
-130
-282
-448
-632
-832
-1118
-1455
-1744
-2063
-2376
-2665
-2929
-3108
-3318
-3464
-3507
-3505
-3383
-3199
-2903
-2487
-2044
-1465
-797
-158
480
1037
1594
2135
2477
2719
2817
2723
2543
2179
1801
1427
916
496
134
19
119
289
598
965
1472
1960
2411
2727
2898
2867
2465
1914
1195
407
-576
-1737
-2807
-3712
-4447
-5057
-5362
-5348
-5070
-4666
-4052
-3128
-2166
-1266
-473
325
1096
1652
2027
2294
2410
2357
2181
1995
1814
1519
1175
913
803
760
786
893
1094
1343
1555
1889
2222
2472
2597
2606
2649
2577
2383
2147
1846
1491
1081
705
455
210
-71
-250
-371
-439
-507
-558
-499
-532
-635
-715
-792
-889
-1126
-1423
-1687
-1994
-2351
-2677
-2953
-3178
-3396
-3568
-3560
-3481
-3359
-3138
-2820
-2377
-1896
-1368
-725
-82
519
1083
1616
2083
2399
2553
2582
2492
2215
1862
1433
1000
560
123
-145
-287
-167
70
447
907
1416
2063
2567
2996
3205
3208
2960
2368
1663
837
-168
-1384
-2581
-3600
-4394
-5058
-5497
-5531
-5365
-4950
-4328
-3433
-2376
-1440
-549
323
1120
1735
2182
2436
2559
2459
2207
2006
1716
1429
1090
792
671
610
678
870
1130
1451
1818
2184
2626
2964
3169
3331
3318
3263
3033
2673
2313
1814
1280
752
262
-145
-538
-865
-1007
-1096
-1146
-1119
-1058
-917
-870
-863
-846
-924
-1058
-1312
-1577
-1866
-2256
-2638
-3022
-3352
-3615
-3816
-3862
-3820
-3721
-3490
-3113
-2628
-2047
-1464
-811
-149
414
1027
1531
2008
2317
2415
2493
2356
2174
1861
1503
1201
751
388
116
-39
73
250
640
1160
1545
2173
2737
3231
3657
3610
3553
3117
2313
1570
546
-515
-1715
-3020
-3903
-4652
-5305
-5535
-5522
-5179
-4628
-4079
-3102
-2102
-1250
-381
315
1036
1532
1749
1934
2005
1884
1674
1409
1174
969
657
508
508
554
714
942
1310
1717
2067
2454
2906
3197
3352
3414
3383
3306
2945
2561
2199
1687
1160
580
170
-131
-525
-783
-870
-892
-876
-892
-810
-642
-681
-731
-793
-939
-1123
-1531
-1852
-2161
-2573
-2923
-3268
-3465
-3636
-3785
-3754
-3592
-3359
-3075
-2666
-2180
-1635
-1098
-493
139
637
1109
1510
1903
2132
2184
2211
2062
1875
1536
1229
965
580
328
105
179
389
653
1077
1460
2014
2491
2905
3197
3244
3096
2612
1962
1192
343
-736
-1912
-2988
-3872
-4513
-5078
-5287
-5214
-4937
-4463
-3815
-2860
-1903
-1043
-252
543
1244
1721
2035
2228
2319
2173
1948
1749
1521
1284
1020
887
851
841
938
1196
1514
1815
2112
2418
2775
2968
3072
3132
3020
2804
2420
2059
1714
1235
747
298
-30
-296
-540
-659
-660
-651
-662
-639
-567
-530
-621
-767
-932
-1161
-1511
-1924
-2280
-2648
-3024
-3371
-3641
-3796
-3914
-3906
-3733
-3484
-3192
-2829
-2363
-1838
-1311
-757
-146
388
810
1216
1635
2002
2175
2211
2190
2086
1869
1599
1357
1133
844
566
518
634
914
1176
1441
1942
2323
2736
3008
3077
3135
2695
2117
1482
666
-221
-1383
-2492
-3349
-4156
-4845
-5187
-5297
-5137
-4837
-4366
-3451
-2580
-1749
-871
-45
777
1333
1741
2106
2290
2215
2080
1915
1707
1481
1139
1000
896
784
857
980
1263
1527
1752
2098
2389
2608
2782
2857
2892
2729
2455
2221
1833
1473
1044
644
361
-48
-282
-403
-502
-498
-538
-508
-417
-434
-448
-442
-573
-741
-1028
-1366
-1634
-2043
-2440
-2809
-3168
-3444
-3690
-3819
-3795
-3731
-3610
-3328
-2973
-2510
-2025
-1498
-848
-305
228
754
1253
1717
1981
2190
2308
2283
2151
1941
1745
1455
1119
839
623
638
678
899
1218
1448
1932
2286
2687
2967
2939
2923
2519
1935
1276
440
-489
-1612
-2690
-3536
-4264
-4908
-5224
-5256
-5061
-4685
-4157
-3291
-2422
-1611
-770
75
849
1404
1827
2137
2330
2272
2135
2012
1740
1478
1165
983
912
777
831
977
1202
1469
1705
2033
2317
2469
2585
2668
2659
2526
2248
1985
1732
1374
1063
763
520
294
17
-68
-102
-170
-218
-296
-281
-318
-449
-522
-674
-917
-1215
-1559
-1838
-2180
-2585
-2910
-3220
-3488
-3682
-3779
-3746
-3692
-3588
-3330
-2952
-2544
-2087
-1539
-949
-366
153
713
1277
1713
2035
2241
2399
2363
2233
2032
1775
1501
1090
825
584
484
507
631
928
1149
1575
1953
2396
2699
2759
2869
2562
2181
1586
852
112
-979
-1960
-2829
-3593
-4222
-4682
-4846
-4739
-4500
-4087
-3307
-2518
-1684
-885
-113
717
1259
1698
2004
2155
2143
1978
1815
1554
1266
929
688
544
415
427
538
748
989
1280
1617
1969
2220
2376
2531
2547
2490
2299
2078
1887
1578
1277
978
739
519
274
97
-38
-151
-312
-431
-520
-606
-726
-889
-1013
-1193
-1390
-1619
-1848
-2075
-2382
-2657
-2903
-3107
-3278
-3403
-3435
-3381
-3254
-3056
-2704
-2307
-1850
-1315
-765
-113
460
1017
1580
1990
2374
2591
2715
2741
2563
2359
2037
1684
1296
933
639
431
370
407
629
832
1197
1587
1946
2288
2385
2491
2291
1916
1402
671
-100
-1120
-2070
-2947
-3723
-4364
-4806
-4955
-4907
-4623
-4189
-3436
-2652
-1861
-1016
-245
557
1097
1551
1886
2007
1976
1771
1591
1311
977
618
352
189
58
104
243
542
816
1133
1562
1934
2330
2559
2773
2916
2870
2803
2645
2466
2210
1873
1573
1298
996
725
513
318
166
-25
-154
-243
-384
-512
-677
-844
-1033
-1277
-1513
-1751
-2003
-2278
-2546
-2785
-3002
-3189
-3339
-3389
-3406
-3336
-3173
-2902
-2504
-2094
-1556
-977
-338
292
884
1490
1964
2356
2584
2743
2695
2532
2248
1845
1453
912
557
153
-90
-166
-152
99
291
756
1165
1614
1959
2143
2348
2100
1830
1292
641
-126
-1184
-2039
-2925
-3678
-4321
-4719
-4824
-4749
-4465
-3998
-3194
-2442
-1591
-742
59
867
1348
1808
2086
2182
2105
1883
1633
1295
947
561
375
216
156
256
437
821
1150
1573
2039
2463
2821
3051
3254
3328
3260
3060
2841
2556
2186
1798
1421
1128
789
507
305
138
-3
-157
-243
-314
-438
-604
-760
-952
-1187
-1453
-1750
-2024
-2365
-2668
-2925
-3169
-3363
-3558
-3639
-3649
-3581
-3414
-3155
-2810
-2411
-1903
-1353
-711
-143
435
1000
1456
1937
2191
2445
2485
2351
2216
1846
1569
1049
621
287
-43
-64
-114
187
431
797
1299
1698
2218
2345
2535
2447
2128
1713
960
276
-739
-1771
-2713
-3566
-4236
-4794
-5013
-4970
-4646
-4223
-3473
-2576
-1706
-774
20
907
1545
1960
2291
2423
2412
2164
1874
1547
1205
794
483
360
248
324
446
770
1193
1523
1982
2387
2736
2967
3052
3078
2981
2706
2372
2062
1638
1272
892
607
446
205
154
135
132
158
135
170
132
-10
-172
-372
-659
-1009
-1403
-1756
-2147
-2570
-2921
-3216
-3451
-3668
-3787
-3778
-3704
-3584
-3341
-3019
-2603
-2179
-1700
-1103
-569
10
500
1051
1519
1834
2132
2205
2297
2122
1909
1664
1261
985
576
407
314
350
576
788
1215
1595
2052
2396
2570
2673
2458
2092
1500
783
-46
-1090
-2128
-3052
-3845
-4519
-4968
-5147
-5020
-4738
-4223
-3381
-2473
-1510
-611
310
1205
1824
2312
2627
2755
2660
2394
2127
1799
1390
975
683
507
415
430
597
877
1144
1468
1805
2143
2372
2425
2451
2347
2138
1835
1467
1171
826
485
295
207
218
260
356
607
792
919
1023
1074
1053
811
520
187
-247
-780
-1345
-1806
-2273
-2748
-3152
-3425
-3612
-3776
-3845
-3766
-3632
-3509
-3284
-2966
-2560
-2161
-1759
-1216
-724
-241
258
755
1265
1558
1770
1967
2043
2034
1885
1722
1580
1299
1123
1071
1127
1293
1314
1550
1834
2050
2277
2240
2273
1989
1440
899
148
-573
-1584
-2601
-3363
-4091
-4626
-5011
-5089
-4867
-4559
-4046
-3218
-2310
-1402
-564
271
1178
1772
2239
2591
2770
2827
2601
2444
2263
1956
1666
1389
1303
1254
1217
1341
1508
1690
1829
1944
2099
2076
1900
1657
1322
971
489
56
-253
-542
-665
-664
-438
-80
272
750
1235
1687
2016
2174
2241
2103
1753
1274
694
42
-685
-1462
-2109
-2679
-3169
-3521
-3773
-3821
-3839
-3781
-3606
-3409
-3177
-2988
-2752
-2472
-2201
-1958
-1627
-1269
-872
-442
-34
500
879
1274
1620
1876
2118
2127
2242
2244
2250
2285
2346
2537
2538
2628
2666
2703
2564
2208
1901
1321
641
-210
-1004
-1762
-2730
-3567
-4224
-4620
-4933
-5091
-4874
-4431
-3909
-3312
-2460
-1540
-738
-102
567
1253
1664
1949
2131
2319
2345
2195
2213
2224
2240
2169
2169
2375
2492
2621
2735
2842
2836
2637
2416
2128
1654
987
297
-373
-1011
-1642
-2100
-2323
-2417
-2296
-1924
-1246
-472
313
1150
1995
2723
3183
3461
3540
3340
2809
2094
1334
475
-507
-1469
-2225
-2853
-3360
-3702
-3783
-3678
-3583
-3382
-3076
-2745
-2504
-2395
-2239
-2124
-2108
-2110
-2101
-1978
-1868
-1693
-1375
-991
-499
-23
579
1200
1827
2469
3028
3639
4118
4598
4930
5057
5086
4855
4526
3889
3052
2095
903
-334
-1644
-2817
-3867
-4855
-5582
-5998
-6091
-5932
-5526
-4825
-3954
-3088
-2171
-1245
-406
210
584
918
1077
1071
971
873
855
779
834
1100
1510
1983
2485
3138
3819
4374
4789
5074
5154
4909
4342
3582
2632
1435
104
-1214
-2381
-3420
-4258
-4719
-4786
-4497
-3926
-3019
-1823
-522
762
1975
3079
3918
4404
4552
4435
4021
3305
2406
1437
472
-497
-1356
-2016
-2468
-2763
-2898
-2839
-2684
-2464
-2256
-2017
-1856
-1826
-1840
-1971
-2122
-2389
-2637
-2802
-2990
-3038
-3002
-2768
-2393
-1922
-1208
-415
475
1456
2464
3545
4530
5423
6207
6660
6890
6825
6448
5768
4645
3346
1821
117
-1547
-3153
-4505
-5714
-6663
-7143
-7245
-6983
-6449
-5628
-4578
-3524
-2486
-1470
-586
60
398
564
620
503
319
139
73
116
263
683
1327
2105
2941
3800
4707
5505
6062
6415
6445
6117
5420
4383
3207
1765
177
-1374
-2818
-3941
-4829
-5297
-5305
-4994
-4288
-3309
-2047
-673
573
1715
2651
3339
3735
3786
3616
3202
2578
1900
1218
641
127
-318
-601
-756
-805
-808
-799
-798
-865
-1054
-1302
-1613
-1999
-2427
-2905
-3286
-3622
-3892
-3999
-3973
-3780
-3512
-3153
-2637
-2053
-1443
-753
-7
810
1614
2414
3405
4372
5266
5940
6414
6788
6725
6369
5677
4702
3416
1708
48
-1565
-3122
-4643
-5963
-6781
-7296
-7479
-7279
-6619
-5724
-4819
-3797
-2693
-1639
-937
-435
-11
267
388
394
538
694
840
1096
1612
2353
3066
3794
4547
5297
5830
6122
6251
6098
5559
4642
3591
2453
1155
-243
-1489
-2477
-3273
-3817
-3991
-3742
-3321
-2773
-1999
-1076
-212
408
908
1320
1484
1407
1264
1140
947
643
466
511
626
743
905
1164
1331
1299
1179
984
586
-88
-885
-1653
-2405
-3175
-3796
-4225
-4455
-4546
-4461
-4080
-3623
-3108
-2629
-2124
-1553
-1107
-718
-409
-144
126
396
856
1662
2548
3508
4363
5191
6059
6480
6712
6453
5789
4687
3027
1487
-174
-1808
-3506
-5079
-6114
-6852
-7158
-7015
-6403
-5524
-4612
-3650
-2535
-1548
-890
-502
-296
-104
-123
-109
66
342
707
1134
1884
2847
3798
4660
5415
5996
6295
6233
5946
5354
4348
3080
1694
435
-773
-1843
-2598
-3018
-3100
-2921
-2405
-1639
-878
-239
324
782
1015
884
535
97
-473
-1072
-1546
-1719
-1683
-1511
-1065
-316
563
1344
1981
2470
2697
2541
2101
1476
633
-429
-1542
-2440
-3126
-3613
-3898
-3902
-3641
-3295
-2763
-2163
-1577
-1181
-1063
-931
-908
-976
-1091
-1285
-1242
-1139
-737
213
1338
2726
3838
4881
5887
6357
6594
6160
5332
3998
2143
437
-1180
-2571
-3828
-4828
-5297
-5311
-4998
-4254
-3269
-2322
-1607
-1212
-836
-757
-1056
-1629
-2309
-2806
-3178
-3129
-2531
-1502
-221
1211
2905
4695
6205
7220
7719
7623
6958
5740
4319
2788
1009
-648
-2092
-2883
-3196
-3190
-2587
-1843
-865
67
967
1905
2296
2266
1857
1228
526
-352
-1122
-1677
-2150
-2358
-2221
-1660
-866
-215
441
988
1393
1538
1385
1112
552
-212
-983
-1534
-1852
-2049
-2126
-1948
-1574
-1230
-790
-462
-184
-143
-415
-569
-981
-1346
-1780
-2163
-2228
-2353
-2170
-1716
-1006
39
1252
2569
3892
4675
5188
5308
4911
4246
2917
1551
-75
-1760
-2944
-3782
-4030
-4098
-3918
-3291
-2513
-1641
-712
108
636
572
37
-535
-1321
-2180
-3029
-3557
-3572
-3293
-2442
-1054
696
2413
3913
5274
6330
6778
6581
5869
4708
3178
1483
95
-948
-1718
-2166
-2203
-1764
-1131
-397
417
1046
1351
1278
1115
938
585
156
-236
-451
-530
-478
-119
388
806
1052
1192
1359
1302
1002
576
53
-532
-1208
-1704
-1954
-2126
-2262
-2264
-2064
-1795
-1597
-1413
-1177
-1055
-1069
-1076
-1003
-837
-810
-746
-528
-361
-140
-47
138
251
79
-46
-134
13
397
917
1672
2337
2728
3068
3069
2821
2151
1019
-161
-1682
-3010
-3920
-4447
-4495
-4489
-4085
-3299
-2431
-1369
-313
638
1220
1134
806
393
-189
-741
-1236
-1342
-1087
-596
405
1743
3129
4282
5044
5555
5609
5122
4251
3100
1763
332
-862
-1590
-1886
-1930
-1676
-1149
-514
49
483
837
918
681
263
-26
-150
-217
-135
114
534
915
1265
1670
1944
1930
1601
1118
644
119
-404
-765
-1063
-1292
-1542
-1692
-1643
-1701
-1845
-2117
-2433
-2711
-2988
-3061
-2890
-2673
-2295
-1825
-1170
-367
247
886
1206
1312
1292
1010
830
347
-94
-282
-229
531
1447
2584
3467
3753
3725
3100
2141
748
-1062
-2886
-4592
-5788
-6144
-5887
-5061
-4020
-2959
-1753
-750
151
839
1049
915
293
-381
-799
-988
-714
-161
690
1769
2845
4000
5014
5604
5718
5227
4431
3447
2343
1406
565
-24
-358
-441
-194
141
390
484
308
11
-382
-776
-972
-1108
-1081
-884
-477
196
851
1428
1826
1921
1766
1349
879
431
-80
-516
-795
-824
-611
-341
5
223
109
-337
-1094
-1912
-2767
-3600
-4226
-4578
-4560
-4147
-3400
-2331
-1232
-239
543
1033
1217
1112
835
438
9
-463
-680
-669
-468
2
640
1702
2853
3779
4416
4379
3832
2639
1017
-563
-2166
-3545
-4593
-5113
-4850
-4135
-3170
-2118
-1371
-966
-999
-1174
-1141
-1060
-969
-907
-812
-508
-33
686
1671
2567
3187
3463
3529
3587
3547
3449
3297
3003
2609
2202
1881
1682
1386
970
563
118
-222
-458
-539
-453
-435
-365
-140
210
633
963
1226
1391
1343
1143
940
752
513
150
-247
-499
-653
-708
-626
-487
-379
-404
-469
-448
-466
-639
-994
-1504
-2100
-2705
-3166
-3354
-3377
-3292
-3031
-2562
-1895
-1188
-484
181
605
784
762
693
628
465
339
183
41
-107
-86
340
1104
2101
2970
3536
3515
2908
1833
484
-939
-2374
-3600
-4473
-4759
-4407
-3490
-2370
-1424
-921
-881
-1107
-1398
-1456
-1248
-849
-439
-38
436
981
1557
2041
2378
2425
2224
1936
1778
1868
2082
2354
2534
2533
2310
1913
1432
865
228
-385
-831
-983
-808
-314
362
989
1465
1752
1938
2057
2116
2212
2287
2303
2251
2157
2105
1925
1509
908
174
-524
-1154
-1592
-1709
-1646
-1485
-1315
-1132
-951
-1029
-1444
-2111
-2937
-3689
-4253
-4407
-4037
-3380
-2490
-1581
-696
87
554
783
688
338
-85
-438
-504
-260
81
467
651
644
722
921
1498
2108
2474
2457
1818
857
-285
-1363
-2220
-2997
-3621
-3980
-3965
-3474
-2770
-2169
-1870
-2028
-2363
-2540
-2203
-1217
101
1402
2374
2902
3096
3055
2876
2644
2285
1897
1616
1629
2075
2733
3314
3465
3018
2083
874
-299
-1258
-1918
-2247
-2245
-1831
-1047
-49
894
1443
1564
1359
1125
1142
1474
2153
2949
3640
4080
4166
3956
3386
2443
1313
221
-533
-834
-715
-277
162
343
124
-465
-1241
-2178
-3168
-4092
-4788
-5062
-4930
-4379
-3588
-2768
-2080
-1658
-1386
-1224
-1086
-940
-730
-461
-128
222
664
1073
1256
1253
889
669
506
825
1665
2489
3139
2842
1922
539
-1139
-2559
-3725
-4421
-4634
-4626
-4008
-3031
-2129
-1595
-1895
-2591
-3395
-3916
-3524
-2265
-473
1255
2405
3061
3379
3376
3313
3219
3120
3159
3236
3662
4425
5110
5407
4915
3657
2046
325
-994
-1738
-2033
-1977
-1817
-1508
-1079
-678
-501
-586
-916
-1176
-1032
-295
1048
2558
3806
4542
4585
4090
3274
2309
1485
759
343
376
752
1361
1762
1732
1180
132
-1084
-2111
-2826
-3158
-3325
-3392
-3320
-3233
-3086
-2998
-3014
-3090
-3159
-3039
-2553
-1781
-928
-265
43
71
-71
-238
-320
-284
-212
-19
465
1334
2564
3550
3915
3380
2000
282
-1373
-2522
-3083
-3280
-3296
-3164
-2936
-2574
-2343
-2494
-3014
-3800
-4326
-4124
-3027
-1203
694
1977
2366
1909
1125
566
462
943
1772
2756
3788
4714
5463
5839
5581
4671
3289
1888
983
705
958
1349
1460
1102
291
-728
-1622
-2246
-2525
-2435
-1976
-1050
179
1483
2519
2978
2819
2179
1409
902
790
999
1321
1524
1587
1444
1134
686
91
-504
-1006
-1256
-1202
-1019
-882
-1046
-1573
-2303
-3032
-3483
-3590
-3367
-2895
-2254
-1527
-783
-96
375
564
391
-11
-387
-652
-712
-639
-586
-394
-96
448
1306
2006
2381
2047
1054
-92
-1162
-1770
-1922
-1965
-1980
-2153
-2424
-2539
-2662
-2798
-3015
-3367
-3433
-2987
-1907
-305
1116
1926
1900
1140
313
-140
65
891
1820
2600
3058
3170
3169
3019
2757
2395
1878
1480
1415
1688
2192
2449
2191
1396
200
-887
-1504
-1530
-1072
-507
-2
446
795
1148
1440
1592
1622
1497
1421
1545
1796
2039
2020
1645
1046
347
-183
-449
-549
-566
-679
-848
-1001
-1192
-1410
-1767
-2247
-2703
-3017
-3004
-2672
-2206
-1763
-1459
-1261
-968
-576
-47
494
855
1060
1059
1003
903
726
463
205
111
364
914
1402
1539
990
-4
-1128
-1976
-2301
-2259
-2024
-1879
-1895
-2034
-2204
-2423
-2686
-3055
-3366
-3382
-2913
-1833
-463
756
1300
1063
359
-228
-248
416
1533
2630
3362
3540
3323
2905
2460
2040
1691
1406
1207
1190
1352
1635
1716
1368
593
-344
-1063
-1268
-963
-396
51
159
72
-28
52
325
756
1256
1744
2157
2525
2798
2848
2629
2127
1517
939
505
301
235
116
-162
-621
-1109
-1515
-1841
-2053
-2218
-2393
-2547
-2649
-2631
-2521
-2431
-2299
-2090
-1745
-1218
-573
99
643
924
1003
975
905
849
769
681
586
522
594
757
859
717
253
-394
-1028
-1458
-1599
-1567
-1528
-1607
-1732
-1773
-1694
-1555
-1496
-1597
-1818
-1993
-1882
-1415
-730
-86
269
319
183
106
308
778
1370
1856
2107
2155
2073
1981
1936
1875
1749
1533
1299
1138
1044
978
860
628
315
7
-181
-199
-140
-122
-229
-449
-666
-731
-530
-41
625
1313
1895
2274
2445
2403
2202
1929
1647
1432
1319
1269
1193
980
597
130
-325
-667
-888
-1054
-1240
-1502
-1803
-2080
-2298
-2451
-2558
-2624
-2599
-2452
-2161
-1765
-1357
-1001
-756
-584
-422
-224
-4
173
248
206
68
-111
-252
-329
-340
-312
-256
-166
-77
-16
-34
-148
-317
-459
-489
-373
-162
39
135
87
-43
-138
-107
71
348
650
899
1054
1115
1109
1061
983
916
904
994
1179
1395
1541
1516
1290
916
506
167
-38
-131
-156
-176
-215
-278
-385
-550
-798
-1100
-1391
-1586
-1613
-1448
-1125
-727
-317
60
400
678
874
991
1045
1089
1144
1218
1279
1282
1214
1099
1006
967
975
988
960
881
747
565
304
-39
-443
-829
-1109
-1249
-1254
-1210
-1171
-1191
-1231
-1238
-1194
-1101
-1033
-997
-996
-970
-884
-756
-643
-637
-738
-895
-984
-918
-682
-352
-54
128
151
60
-85
-207
-273
-286
-260
-210
-125
-11
130
279
429
577
730
890
1039
1153
1192
1145
1028
899
812
792
836
908
970
980
906
713
417
83
-190
-324
-311
-195
-58
22
16
-45
-129
-237
-386
-553
-687
-766
-785
-732
-579
-358
-145
12
126
233
368
533
693
771
720
584
466
403
347
237
96
0
-21
19
73
109
111
75
10
-72
-153
-216
-274
-380
-578
-827
-997
-973
-772
-531
-369
-296
-237
-125
9
74
-1
-195
-413
-586
-721
-825
-843
-694
-413
-142
9
41
15
-27
-84
-169
-280
-400
-480
-473
-385
-258
-106
81
286
464
596
729
893
1054
1135
1123
1091
1138
1307
1541
1714
1721
1534
1205
806
398
24
-281
-492
-618
-680
-707
-712
-710
-721
-749
-778
-802
-811
-786
-728
-644
-559
-483
-414
-337
-221
-45
181
411
584
679
713
689
601
444
254
102
35
54
120
174
166
88
-16
-98
-135
-161
-232
-361
-504
-586
-589
-604
-742
-996
-1187
-1127
-782
-334
-13
84
67
113
256
391
429
387
334
314
337
404
495
574
590
498
310
144
116
197
228
92
-157
-409
-602
-728
-801
-818
-756
-593
-367
-176
-70
-18
24
68
141
304
599
984
1337
1528
1498
1294
1020
758
528
340
228
213
252
256
158
-52
-335
-622
-837
-916
-841
-669
-507
-451
-516
-640
-750
-806
-792
-700
-531
-295
2
315
553
634
587
496
401
301
222
201
236
282
308
300
271
244
239
239
222
211
221
207
97
-112
-348
-562
-757
-929
-1028
-1002
-877
-751
-703
-696
-609
-380
-101
92
165
188
202
200
180
199
301
449
549
558
544
592
692
729
607
388
198
105
60
-2
-104
-236
-386
-547
-694
-779
-766
-688
-599
-506
-354
-93
233
502
630
635
575
498
427
390
417
500
576
581
506
385
274
182
90
10
-19
16
64
57
-12
-96
-172
-280
-445
-594
-610
-456
-225
-21
122
202
205
135
44
-20
-28
13
67
109
121
104
69
46
70
145
223
270
322
421
537
578
487
270
-30
-369
-677
-865
-900
-859
-878
-1001
-1147
-1176
-1032
-786
-553
-391
-284
-200
-118
-26
71
141
137
43
-87
-145
-51
180
426
561
567
525
528
583
599
496
274
19
-149
-197
-145
-40
68
128
97
-1
-62
3
178
332
366
317
285
332
403
415
358
287
261
279
319
358
383
380
346
313
315
362
418
430
357
190
-29
-220
-329
-376
-421
-476
-477
-362
-160
0
21
-79
-205
-274
-272
-236
-211
-244
-364
-547
-706
-742
-634
-452
-277
-141
11
220
450
598
598
475
293
103
-54
-151
-216
-312
-481
-693
-858
-880
-737
-510
-336
-279
-274
-223
-121
-39
-30
-60
-64
-8
89
161
204
255
326
367
332
257
220
242
265
213
90
-25
-61
-13
50
69
69
106
204
318
410
490
586
691
770
798
766
705
658
617
536
371
163
-3
-92
-128
-164
-197
-187
-118
-25
40
47
34
25
-17
-125
-265
-351
-369
-398
-467
-507
-463
-395
-383
-406
-381
-295
-191
-111
-82
-110
-176
-236
-255
-264
-291
-328
-364
-356
-280
-129
52
168
204
215
236
256
241
199
147
48
-110
-266
-333
-298
-244
-212
-175
-131
-120
-131
-108
-25
60
102
115
121
120
123
152
223
304
336
307
272
289
356
410
397
317
182
-3
-207
-360
-405
-369
-316
-276
-213
-89
92
263
361
386
411
502
653
800
873
843
706
484
255
96
32
-5
-69
-135
-143
-104
-101
-184
-307
-403
-463
-500
-489
-404
-304
-290
-385
-501
-557
-561
-551
-522
-435
-290
-158
-97
-107
-141
-155
-153
-170
-219
-275
-275
-183
-22
144
272
359
412
435
420
386
377
390
365
257
119
74
133
194
165
76
18
9
-13
-69
-119
-117
-75
-17
41
77
89
86
95
102
77
35
35
103
202
267
284
269
215
98
-59
-193
-257
-276
-286
-291
-268
-216
-174
-180
-213
-225
-181
-97
-19
30
73
134
199
242
241
202
148
96
50
7
-13
16
75
121
124
95
59
30
17
16
-3
-74
-172
-224
-195
-141
-121
-162
-233
-293
-315
-285
-220
-166
-142
-126
-91
-62
-76
-118
-146
-154
-160
-148
-57
131
331
440
448
424
420
415
383
344
328
327
312
275
241
216
178
113
40
-12
-45
-84
-126
-141
-122
-116
-158
-239
-295
-289
-250
-224
-199
-146
-58
26
87
142
190
189
111
-7
-92
-117
-89
-28
47
88
38
-87
-204
-247
-235
-227
-218
-157
-34
87
137
102
2
-126
-249
-328
-338
-299
-251
-204
-140
-59
9
46
76
123
186
263
357
458
521
500
410
325
293
291
270
210
136
89
69
60
36
-28
-130
-245
-341
-398
-448
-517
-584
-607
-566
-468
-331
-165
-3
119
193
236
259
265
272
308
378
456
497
494
461
409
341
257
167
90
29
-6
-11
-3
-25
-119
-277
-445
-546
-546
-469
-363
-282
-241
-228
-226
-223
-231
-256
-272
-249
-166
-27
127
254
322
329
294
251
233
253
312
388
455
498
505
465
374
238
79
-76
-204
-296
-350
-378
-397
-411
-411
-387
-358
-350
-354
-327
-241
-104
56
197
292
326
307
280
280
302
308
274
215
169
165
188
193
145
41
-85
-191
-257
-296
-340
-414
-510
-594
-618
-570
-475
-368
-276
-196
-122
-39
54
134
186
201
193
191
224
296
386
462
501
497
464
420
373
325
270
203
115
20
-60
-110
-127
-127
-131
-148
-169
-179
-173
-162
-168
-195
-236
-259
-236
-158
-40
80
167
196
174
133
106
112
156
226
302
358
376
354
298
216
111
-11
-142
-251
-316
-338
-338
-343
-378
-440
-509
-551
-540
-473
-371
-258
-155
-59
37
138
231
293
300
261
213
189
214
263
294
278
212
121
42
-14
-56
-111
-186
-267
-330
-360
-369
-362
-340
-301
-244
-180
-115
-49
29
118
201
248
235
175
106
87
148
266
381
437
425
378
345
345
350
322
249
149
62
20
17
23
17
-10
-61
-121
-182
-227
-243
-233
-200
-165
-140
-124
-107
-81
-44
-10
24
62
122
203
289
372
428
461
466
446
395
316
216
110
10
-73
-145
-211
-280
-347
-410
-466
-511
-547
-570
-574
-555
-506
-428
-332
-236
-148
-84
-43
-19
-3
15
29
31
15
-14
-37
-43
-42
-48
-79
-130
-182
-221
-236
-238
-249
-274
-307
-325
-308
-253
-165
-64
40
128
200
256
288
302
302
300
309
334
374
419
458
486
496
492
482
466
448
421
388
358
336
325
319
308
279
234
176
116
60
9
-44
-98
-143
-160
-146
-113
-79
-61
-63
-70
-73
-60
-31
7
49
93
143
194
232
245
222
172
99
15
-71
-158
-247
-335
-427
-521
-609
-692
-766
-816
-833
-811
-756
-676
-577
-465
-350
-238
-140
-69
-25
-4
7
19
33
46
56
65
75
86
96
97
76
35
-15
-63
-102
-126
-136
-135
-119
-82
-20
56
133
195
238
268
295
329
363
396
420
439
463
490
516
530
525
499
458
422
400
389
385
381
377
376
378
379
363
319
241
139
26
-86
-186
-272
-344
-397
-429
-434
-414
-380
-343
-314
-297
-284
-265
-229
-176
-115
-58
-8
34
74
114
152
178
181
159
118
69
16
-52
-137
-250
-379
-507
-612
-679
-711
-713
-691
-647
-571
-469
-351
-236
-142
-71
-26
12
42
67
85
91
96
106
130
165
198
220
228
221
206
186
161
129
91
51
16
-2
-3
14
37
63
93
128
168
205
235
257
269
277
286
303
323
342
351
346
332
311
292
276
268
263
265
275
293
314
326
325
297
246
174
86
-9
-106
-201
-287
-359
-416
-453
-474
-483
-484
-481
-473
-455
-426
-390
-344
-289
-231
-171
-109
-46
13
66
113
152
187
211
227
223
197
143
65
-31
-139
-251
-353
-426
-474
-494
-479
-439
-370
-289
-212
-142
-81
-27
20
59
91
120
146
171
198
229
255
270
269
251
228
203
178
147
107
63
20
-14
-29
-24
-6
9
19
29
42
62
87
103
108
104
92
90
98
102
98
77
45
15
-3
-2
13
37
58
78
109
148
189
224
240
233
211
180
153
122
81
23
-48
-121
-180
-216
-241
-255
-269
-285
-294
-286
-258
-216
-177
-152
-135
-115
-78
-26
27
64
79
86
97
121
150
163
143
96
39
-3
-24
-39
-67
-111
-158
-183
-172
-135
-95
-75
-77
-86
-85
-63
-34
-16
-20
-37
-46
-32
-2
33
54
53
38
24
24
33
36
20
-7
-35
-47
-41
-27
-13
-8
-6
3
28
68
106
127
128
112
98
97
106
113
107
86
64
44
32
25
11
-9
-31
-39
-24
13
55
95
124
141
153
171
190
200
191
165
122
74
32
-5
-37
-67
-93
-110
-116
-107
-90
-81
-82
-95
-116
-131
-131
-119
-99
-73
-46
-15
16
44
63
69
56
35
2
-35
-72
-111
-148
-180
-202
-211
-203
-186
-163
-138
-113
-89
-65
-41
-19
-3
9
19
27
32
37
35
33
27
21
12
3
-2
-7
-9
-7
-8
-3
4
13
25
37
48
59
73
83
94
104
114
123
129
133
134
130
119
105
88
67
44
23
7
0
-1
3
10
22
36
53
71
89
104
118
126
127
121
104
81
53
17
-19
-53
-82
-103
-119
-126
-123
-116
-106
-95
-88
-85
-81
-80
-77
-73
-69
-63
-49
-34
-13
9
26
35
36
25
6
-21
-51
-84
-111
-132
-148
-152
-143
-130
-114
-99
-85
-72
-63
-55
-47
-37
-21
-2
19
39
57
72
79
81
76
64
49
35
22
14
11
14
20
28
39
48
58
63
63
61
59
57
59
64
70
77
85
87
87
83
74
61
48
29
15
10
9
12
17
19
18
18
21
30
45
63
79
88
95
94
87
72
49
19
-16
-47
-72
-93
-112
-129
-144
-154
-156
-153
-146
-140
-135
-129
-119
-108
-88
-65
-36
1
36
66
87
96
92
78
51
17
-16
-43
-59
-67
-66
-65
-60
-58
-54
-51
-47
-44
-42
-37
-33
-24
-12
0
10
18
23
28
30
32
30
27
26
27
31
39
54
67
75
77
75
70
67
61
54
45
39
36
36
37
34
28
19
8
-1
-8
-13
-17
-20
-16
-12
-5
3
9
14
17
16
16
17
22
27
32
37
42
43
41
33
23
10
-6
-23
-39
-53
-61
-71
-77
-82
-86
-88
-91
-91
-88
-84
-76
-68
-57
-45
-32
-14
0
16
28
41
51
57
59
54
49
45
38
32
30
27
26
25
23
17
11
4
-3
-7
-10
-12
-11
-6
-3
0
3
8
10
11
8
4
-3
-7
-8
-8
-7
-8
-6
-4
0
2
5
6
6
7
10
9
8
6
3
-2
-6
-9
-11
-11
-9
-7
-6
-4
-5
-4
-4
-4
-3
-2
0
5
8
15
23
30
37
41
42
42
39
34
28
18
6
-5
-16
-23
-31
-37
-42
-44
-45
-46
-44
-44
-44
-44
-43
-40
-37
-31
-22
-12
-3
7
16
25
29
33
34
32
30
28
26
25
22
20
18
15
12
8
5
1
-2
-5
-8
-11
-11
-9
-8
-5
-2
2
6
9
11
10
8
7
5
5
5
4
5
7
8
11
12
14
13
11
12
7
3
-3
-10
-14
-20
-24
-24
-23
-22
-21
-21
-20
-19
-20
-19
-18
-18
-15
-13
-11
-8
-5
-2
2
8
12
16
18
20
21
21
17
12
8
3
3
3
3
3
4
3
2
-1
-4
-6
-7
-7
-6
-3
5
11
16
21
23
24
25
24
20
15
12
9
7
6
1
-3
-8
-13
-16
-19
-23
-25
-25
-25
-25
-23
-19
-15
-11
-9
-6
-4
0
2
4
7
9
7
6
5
3
3
1
0
0
0
3
5
7
9
10
8
6
2
-1
-1
-1
-4
-7
-5
-5
-5
-2
-1
0
0
0
3
5
4
4
6
7
9
12
14
18
21
21
21
19
14
11
7
3
-4
-11
-16
-20
-23
-25
-28
-29
-27
-28
-26
-22
-19
-15
-10
-5
-1
4
8
13
17
20
25
27
27
24
21
17
11
5
-1
-7
-12
-14
-19
-21
-25
-27
-29
-30
-32
-32
-30
-29
-27
-24
-19
-13
-9
-1
6
12
21
25
31
36
41
43
47
49
50
48
44
40
34
28
24
22
17
13
8
5
0
-7
-12
-18
-22
-26
-28
-28
-29
-28
-26
-27
-27
-24
-19
-15
-8
-3
5
12
19
26
29
32
33
32
29
26
21
15
6
1
-6
-14
-23
-33
-42
-50
-57
-63
-67
-67
-65
-64
-61
-55
-48
-39
-28
-16
-2
11
22
34
43
48
51
52
50
48
48
45
42
38
31
23
18
16
12
6
3
1
-1
-1
-1
-4
-7
-9
-10
-7
-5
-2
0
3
5
5
8
11
14
18
21
22
25
29
30
30
28
26
24
20
14
9
2
-2
-6
-13
-16
-19
-23
-26
-28
-29
-34
-33
-32
-32
-30
-26
-25
-23
-20
-19
-15
-10
-7
-3
-2
0
1
0
0
0
-4
-8
-13
-15
-18
-22
-24
-25
-28
-29
-28
-27
-25
-24
