4
3
1
1
-1
-2
-1
1
-1
0
1
1
3
5
4
5
5
5
4
5
3
3
1
1
1
1
0
1
0
-2
-2
-2
-2
-2
-2
-5
-6
-8
-7
-4
-3
-2
-3
-3
-6
-8
-9
-10
-10
-10
-10
-9
-7
-5
-5
-5
-3
1
1
3
2
2
4
3
2
3
4
5
5
4
3
4
4
4
5
7
8
8
7
2
1
1
1
0
-1
-2
-3
-3
-4
-3
-2
0
1
3
3
2
3
3
-1
-6
-13
-21
-24
-21
-21
-16
-9
3
12
15
19
18
16
3
-13
-25
-34
-42
-47
-36
-22
-6
13
34
52
60
66
73
88
94
89
84
80
78
68
45
21
-3
-27
-53
-71
-75
-67
-48
-30
-15
-1
15
31
35
23
0
-4
-1
-7
-22
-39
-31
-20
-23
-41
-46
-19
25
57
59
72
105
143
135
88
74
126
221
286
357
512
727
874
884
811
721
572
234
-242
-685
-1032
-1342
-1649
-1871
-1873
-1692
-1499
-1300
-1028
-688
-392
-233
-181
-115
-50
-77
-174
-256
-258
-191
-110
-15
156
367
569
740
872
988
1112
1187
1166
1018
776
541
316
73
-152
-248
-141
121
394
667
972
1256
1388
1302
1098
912
730
456
121
-168
-323
-387
-409
-401
-328
-246
-207
-170
-123
-70
-72
-154
-288
-408
-539
-644
-689
-698
-692
-700
-665
-523
-322
-160
-42
25
82
87
8
-118
-281
-489
-674
-812
-849
-765
-667
-551
-414
-149
479
1525
2603
3380
3626
3450
3016
2015
429
-1370
-2915
-3948
-4591
-4954
-4642
-3651
-2374
-1208
-366
450
1299
1805
1777
1296
556
-194
-903
-1374
-1466
-1288
-964
-511
163
1024
1779
2197
2226
1892
1330
610
-67
-506
-709
-712
-506
-53
685
1575
2371
2928
3138
3012
2646
2160
1632
1106
567
16
-386
-541
-408
-89
179
299
350
357
334
179
-172
-567
-959
-1320
-1618
-1812
-1778
-1536
-1312
-1179
-1094
-923
-614
-372
-299
-362
-478
-539
-539
-487
-377
-291
-253
-251
-280
-350
-497
-682
-852
-1023
-1179
-1259
-1178
-905
-612
-344
-89
159
445
666
800
876
827
749
712
678
669
552
390
294
118
-34
-133
-192
-25
266
979
2309
3630
4539
4678
4182
3430
2007
-99
-2239
-3873
-4587
-4720
-4613
-3794
-2350
-738
556
1149
1501
1733
1511
895
-76
-1060
-1777
-2321
-2396
-2015
-1469
-875
-382
184
817
1135
1114
874
532
252
-32
-208
-89
183
532
931
1357
1825
2223
2395
2362
2123
1668
1182
723
311
-36
-427
-646
-614
-463
-138
198
553
869
889
765
568
274
-81
-610
-1185
-1562
-1792
-1897
-1894
-1796
-1548
-1270
-1050
-847
-659
-503
-438
-415
-371
-346
-270
-134
35
252
342
299
220
12
-293
-621
-935
-1096
-1089
-1011
-782
-431
-139
111
318
412
456
384
247
274
419
610
848
1098
1341
1489
1399
1148
855
591
358
617
1719
3050
3910
3696
2990
2332
1046
-1117
-3547
-5183
-5496
-5090
-4529
-3394
-1654
265
1669
2145
2240
2245
1971
1211
64
-1026
-1777
-2246
-2330
-2040
-1621
-1318
-1188
-860
-297
147
368
419
523
790
984
1139
1325
1411
1449
1434
1420
1514
1608
1634
1643
1547
1336
1133
965
802
442
-183
-706
-866
-737
-480
-246
99
576
887
979
861
526
42
-673
-1411
-1797
-1901
-1814
-1573
-1291
-941
-618
-463
-383
-414
-672
-994
-1146
-1026
-696
-380
-163
29
175
173
31
-188
-488
-805
-1026
-1090
-860
-476
-109
222
397
435
339
142
-60
-245
-360
-432
-366
-44
427
969
1313
1336
1307
1185
977
660
31
-319
-170
734
2523
4056
4962
4923
4116
3001
969
-1797
-4277
-5857
-6098
-5362
-4337
-2572
-531
1195
2375
2483
2229
2007
1601
1044
141
-776
-1229
-1398
-1303
-1218
-1443
-1797
-2186
-2179
-1643
-1047
-414
236
943
1810
2328
2424
2206
1678
1132
576
140
111
357
756
1093
1197
1220
1090
827
408
-327
-1088
-1590
-1536
-773
77
818
1476
1884
2129
1763
752
-417
-1600
-2493
-2898
-2930
-2426
-1567
-711
49
359
294
98
-227
-579
-1025
-1363
-1283
-799
-154
326
558
570
485
321
112
-135
-371
-434
-250
99
389
564
567
464
135
-359
-703
-873
-773
-578
-344
159
752
1220
1531
1577
1457
1286
781
408
90
-345
-597
-935
-787
42
1756
3827
5141
5023
3886
2627
787
-1822
-4856
-6802
-6951
-5764
-4113
-2412
-411
1333
2427
2434
1720
1159
924
688
288
-156
-354
-361
-511
-877
-1531
-2404
-3240
-3467
-2824
-1581
-201
1155
2388
3377
3845
3495
2633
1456
308
-462
-725
-363
450
1396
2135
2526
2406
1811
1016
152
-557
-1177
-1502
-1205
-408
563
1205
1479
1549
1338
742
-191
-1261
-2046
-2370
-2366
-2056
-1587
-979
-250
259
373
131
-312
-668
-895
-1034
-1049
-886
-497
-68
221
240
57
-80
-213
-374
-511
-655
-590
-342
-28
268
290
128
-94
-313
-494
-703
-854
-791
-581
-212
235
640
1032
1291
1367
1267
919
496
205
-78
-423
-724
-1004
-882
-333
736
2822
4721
5590
5113
3786
2529
544
-2436
-5154
-6402
-5854
-4255
-2755
-1070
739
2120
2761
2200
1292
862
770
755
399
-66
-258
-575
-1011
-1612
-2496
-3287
-3726
-3288
-1920
-363
1145
2526
3493
3945
3595
2538
1283
52
-817
-1138
-914
-185
735
1507
1863
1665
1010
140
-542
-967
-1334
-1245
-599
351
1306
1687
1789
1696
1134
435
-457
-1319
-1802
-2069
-2052
-1770
-1490
-1044
-616
-398
-235
-274
-327
-396
-482
-444
-413
-333
-175
57
279
290
164
167
266
326
284
104
-19
-152
-286
-363
-469
-614
-741
-762
-691
-511
-386
-350
-307
-211
37
369
680
1006
1294
1468
1396
1086
683
221
-257
-757
-1173
-1198
-637
691
2674
4043
4401
3961
2989
1747
-465
-3078
-4804
-5311
-4610
-3168
-1661
32
1492
2242
2281
1500
762
604
615
566
305
41
-62
-503
-1202
-2104
-3143
-3793
-3761
-2811
-1236
356
1843
3120
3783
3766
3040
1929
873
-77
-551
-423
147
970
1605
1867
1707
958
-16
-910
-1523
-1730
-1728
-1304
-346
756
1602
1889
1660
1319
818
148
-561
-1199
-1514
-1600
-1550
-1399
-1260
-1170
-1141
-1100
-1000
-901
-683
-319
27
247
233
145
77
-39
-207
-455
-618
-579
-325
44
280
403
411
361
306
165
-45
-224
-340
-324
-227
-182
-229
-353
-486
-587
-465
-264
230
906
1550
2115
2176
1986
1507
631
-346
-1314
-1726
-1247
-157
1804
3608
4497
4497
3299
1700
-490
-3045
-4712
-5332
-4772
-3194
-1544
82
1218
1437
1229
449
-218
-179
226
880
1282
1281
1156
417
-856
-2340
-3847
-4602
-4519
-3482
-1484
638
2494
3736
4087
3812
2812
1393
209
-556
-628
-155
641
1650
2343
2369
1684
548
-572
-1376
-1706
-1495
-850
43
1007
1754
2058
1753
1009
164
-521
-872
-951
-781
-554
-509
-711
-1121
-1544
-1919
-2183
-2118
-1665
-880
-74
542
967
991
633
27
-625
-997
-1128
-984
-503
-1
421
648
566
303
-262
-866
-1123
-1093
-747
-294
118
565
807
812
577
-49
-693
-1111
-1164
-750
-212
526
1353
1932
2249
1988
1305
619
-49
-243
-152
414
1990
3416
3908
3323
2099
845
-1067
-3166
-4210
-4259
-3415
-2183
-997
266
984
1082
673
-172
-494
-6
845
1604
1774
1620
1130
-97
-1632
-3129
-4205
-4521
-4080
-2697
-814
892
2316
3006
2823
2191
1311
754
582
682
1203
1741
2139
2292
1780
825
-285
-1336
-1827
-1838
-1322
-417
356
954
1198
959
579
189
-75
-120
-24
385
866
1037
742
50
-824
-1750
-2539
-2882
-2783
-2279
-1361
-316
516
844
805
579
151
-360
-655
-581
-361
-147
50
214
326
175
-178
-431
-572
-463
-207
47
313
410
374
174
-210
-453
-437
-396
-294
-273
-206
2
196
496
646
809
1224
1585
1619
1314
1083
1103
989
1497
2462
2808
2238
987
82
-991
-2614
-3595
-3600
-3146
-2426
-1804
-1153
-676
-727
-722
-857
-780
195
1609
2856
3126
2430
1534
193
-1465
-2840
-3614
-3540
-2989
-2063
-713
423
1084
1229
791
327
162
471
1307
2242
3185
3890
4054
3832
2939
1530
163
-897
-1319
-1313
-1005
-385
68
191
58
-232
-413
-466
-370
-7
450
949
1279
1173
681
-126
-940
-1631
-2078
-2114
-1968
-1792
-1582
-1336
-1104
-1012
-943
-737
-504
-279
-55
228
453
352
88
-119
-236
-318
-422
-342
-140
5
173
213
125
-48
-300
-429
-527
-517
-288
-15
195
316
310
296
219
-75
-130
27
299
704
952
1154
1279
1266
1316
1348
1734
2594
2763
1953
865
107
-618
-1875
-2695
-2338
-1627
-1165
-968
-894
-913
-1292
-1634
-1760
-1548
-319
1511
2820
3033
2430
1695
629
-971
-2219
-2617
-2329
-1736
-1089
-298
219
161
-117
-439
-624
-372
371
1478
2480
3068
3361
3306
2918
2209
1330
644
270
147
53
-105
-261
-587
-1113
-1508
-1536
-1104
-441
147
611
869
963
885
412
-282
-811
-991
-977
-1066
-1173
-1248
-1473
-1918
-2360
-2462
-2235
-1754
-1087
-445
16
273
434
466
246
-14
-41
118
226
221
142
-12
-217
-448
-482
-427
-290
-44
156
289
306
272
201
134
162
326
530
762
902
913
752
565
532
550
744
1199
1699
2106
3022
3890
3776
2454
677
-413
-1502
-2708
-2992
-2343
-1630
-1286
-1226
-1115
-1255
-1711
-1885
-1803
-1226
137
1717
2528
2163
1297
598
-290
-1185
-1469
-1154
-629
-556
-707
-701
-805
-1038
-1309
-1412
-1073
-320
607
1338
1670
1713
1692
1755
1901
2152
2347
2364
2183
1738
1145
500
-218
-944
-1538
-1767
-1556
-1198
-790
-429
-207
-30
79
226
376
459
520
409
66
-210
-416
-733
-1233
-1715
-1808
-1703
-1605
-1499
-1352
-1202
-1053
-834
-474
-69
272
546
662
679
533
356
196
-8
-128
-144
-4
151
136
25
-78
-190
-248
-205
-29
230
473
701
696
657
670
613
663
537
522
676
595
894
1358
1684
2368
2832
2713
1994
737
-1
-639
-1718
-2177
-2035
-1716
-1659
-1971
-1859
-1762
-2018
-1998
-1684
-957
-16
720
1237
980
392
253
112
-9
55
298
613
336
-234
-461
-616
-800
-997
-997
-595
-182
112
269
313
657
1179
1621
2168
2599
2744
2558
1934
1395
1113
833
693
492
24
-466
-973
-1448
-1786
-1981
-1761
-1144
-397
256
569
559
322
-41
-315
-494
-527
-398
-383
-530
-791
-1123
-1361
-1485
-1479
-1339
-1130
-837
-526
-272
-96
25
210
391
402
307
249
224
203
172
235
415
380
149
-26
-234
-409
-445
-300
38
265
438
561
412
261
176
233
502
699
932
1155
1348
1587
1623
1896
2414
2411
1827
954
325
-183
-1159
-1819
-1809
-1803
-1891
-2068
-2147
-2089
-2201
-2132
-1748
-1173
-306
460
724
459
70
36
28
13
360
786
1029
926
533
312
159
-81
-314
-608
-689
-495
-352
-318
-229
172
697
1030
1399
1823
2072
2104
2025
2055
2022
1811
1631
1328
790
180
-346
-754
-1244
-1677
-1776
-1668
-1440
-1221
-1049
-726
-349
-88
-44
-152
-150
-149
-269
-452
-603
-621
-805
-1166
-1381
-1426
-1280
-1054
-869
-638
-366
-96
96
139
87
67
191
354
524
770
882
727
404
67
-144
-267
-294
-257
-197
-52
156
350
369
258
223
312
460
673
861
946
1178
1400
1578
2157
2757
2799
2156
1119
359
-261
-924
-1165
-1200
-1438
-1824
-2211
-2403
-2606
-2799
-2590
-2257
-1823
-1101
-393
16
-169
-534
-496
-405
-257
261
787
930
698
551
813
1068
1172
1234
997
481
-56
-332
-299
-192
96
597
1058
1439
1623
1511
1225
910
841
1094
1509
1926
1976
1600
1079
600
338
143
-71
-283
-627
-892
-977
-1036
-1096
-1204
-1257
-1208
-1135
-912
-630
-533
-612
-730
-728
-628
-576
-592
-751
-1074
-1303
-1280
-1012
-663
-446
-363
-377
-423
-388
-260
-69
98
172
212
295
390
432
306
33
-229
-435
-476
-349
-166
-37
-50
-52
33
148
266
395
484
584
917
1625
2744
3644
3567
2684
1582
835
496
371
586
636
-120
-1253
-2068
-2357
-2417
-2532
-2438
-2218
-2120
-1771
-1236
-929
-956
-1098
-868
-439
-37
577
944
673
175
65
644
1416
1909
2153
1922
1199
500
188
293
438
411
415
402
398
452
495
584
637
728
881
946
973
868
654
525
530
742
935
850
579
204
-123
-379
-663
-824
-938
-1187
-1475
-1722
-1784
-1779
-1839
-1607
-1154
-766
-562
-557
-527
-625
-801
-733
-589
-548
-599
-626
-523
-399
-299
-157
-139
-318
-483
-472
-216
96
298
447
441
239
96
156
311
388
286
142
103
100
239
376
436
510
520
777
1419
2433
3225
3062
2261
1590
1395
1375
1412
1476
1160
107
-1021
-1504
-1521
-1535
-1762
-1915
-2146
-2398
-2276
-1883
-1738
-2031
-2205
-1979
-1573
-1102
-376
134
-15
-337
-165
605
1296
1648
1788
1609
1175
939
1181
1591
1631
1243
933
829
831
833
685
473
212
23
83
285
482
505
284
101
131
316
499
445
311
257
246
278
252
151
-49
-388
-654
-754
-858
-1081
-1433
-1699
-1742
-1620
-1390
-1127
-921
-844
-804
-631
-333
-144
-178
-294
-274
-104
27
-23
-211
-426
-517
-449
-189
142
280
153
-134
-295
-248
59
460
795
836
661
501
316
234
251
315
258
459
1298
2342
2395
1416
604
388
611
908
1486
1866
1193
16
-582
-566
-644
-957
-1193
-1339
-1753
-1911
-1507
-1292
-1637
-2211
-2476
-2454
-2289
-1704
-1011
-975
-1345
-1223
-426
472
1011
1382
1610
1410
1226
1575
2193
2410
2057
1613
1412
1342
1391
1638
1767
1690
1445
1192
1071
831
488
140
-159
-234
-101
21
27
-198
-463
-468
-306
-45
118
90
-78
-313
-359
-190
-145
-374
-692
-948
-1124
-1340
-1435
-1380
-1431
-1500
-1388
-1123
-966
-1020
-1039
-909
-740
-503
-325
-258
-288
-427
-469
-406
-310
-165
-92
-203
-260
-357
-335
-145
11
180
199
247
444
622
680
849
1367
2257
2834
2512
1816
1242
1155
1312
1416
1411
928
-57
-838
-923
-643
-436
-532
-692
-1023
-1476
-1499
-1157
-991
-1252
-1549
-1616
-1639
-1624
-1262
-912
-1052
-1277
-1035
-362
111
339
660
893
853
880
1248
1637
1705
1598
1709
1892
1954
1910
1778
1651
1481
1367
1311
1188
993
743
466
294
254
175
19
-225
-448
-667
-897
-975
-955
-901
-912
-922
-754
-513
-421
-463
-464
-349
-210
-301
-494
-555
-538
-565
-690
-788
-867
-984
-1082
-1014
-925
-1032
-1229
-1383
-1288
-1030
-793
-572
-488
-531
-519
-398
-194
89
312
455
521
456
392
209
18
0
152
626
1449
2437
2800
2210
1337
1031
1354
1802
2105
2063
1501
553
26
54
93
-191
-712
-1150
-1600
-1857
-1642
-1256
-1267
-1642
-1935
-1953
-1815
-1583
-1146
-918
-1055
-1138
-762
-163
197
393
582
673
552
590
966
1322
1366
1329
1481
1698
1784
1723
1646
1433
1154
1062
1182
1295
1195
942
709
548
429
411
332
50
-348
-626
-599
-497
-517
-597
-750
-1027
-1326
-1469
-1340
-1147
-1083
-975
-886
-842
-716
-418
22
272
231
66
-57
-83
45
218
250
-3
-470
-826
-946
-763
-537
-435
-543
-857
-1092
-1137
-850
-447
-226
-261
-361
-373
-216
42
173
436
964
1896
2621
2413
1667
1067
1022
1248
1437
1450
1161
421
-195
-243
-125
-180
-595
-964
-1238
-1512
-1413
-1004
-891
-1355
-2003
-2349
-2278
-2098
-1705
-1329
-1407
-1628
-1510
-800
16
530
825
1010
1081
1209
1635
2169
2432
2249
2038
2077
2321
2421
2203
1878
1535
1429
1503
1573
1486
1136
692
501
599
750
708
262
-212
-476
-448
-205
-131
-367
-882
-1434
-1693
-1555
-1276
-1128
-1271
-1511
-1558
-1492
-1323
-1085
-862
-780
-882
-970
-973
-932
-827
-586
-302
-86
-48
-124
-185
-264
-168
32
167
132
-161
-452
-617
-663
-534
-367
-385
-496
-673
-759
-554
-59
924
1979
2341
1919
1290
1186
1552
1826
1890
1805
1357
709
330
381
528
292
-171
-553
-926
-1333
-1492
-1345
-1297
-1623
-2060
-2194
-2169
-2079
-1770
-1416
-1251
-1261
-1165
-825
-460
-125
333
772
1053
1196
1356
1608
1711
1785
2085
2413
2557
2426
2236
2304
2374
2291
2150
1900
1567
1097
648
503
422
219
17
-215
-365
-425
-536
-563
-615
-767
-909
-1064
-1134
-1185
-1293
-1402
-1501
-1493
-1346
-1248
-1196
-1104
-1040
-1026
-999
-866
-815
-889
-889
-771
-490
-272
-311
-549
-851
-903
-644
-232
124
101
-166
-222
-134
61
294
307
285
155
-1
-6
-44
101
598
1505
2284
2011
992
414
691
1279
1662
1772
1595
879
235
311
732
965
583
-33
-462
-896
-1085
-733
-429
-805
-1607
-2196
-2299
-2229
-2051
-1800
-1870
-2205
-2341
-1928
-1222
-656
-315
-74
153
383
739
1295
1801
2003
2168
2359
2328
2215
2204
2379
2613
2540
2174
1771
1480
1393
1343
1185
985
696
424
279
165
93
17
-182
-546
-870
-960
-984
-1079
-1187
-1265
-1301
-1320
-1252
-1066
-1033
-1260
-1524
-1559
-1287
-1033
-955
-914
-983
-1077
-923
-558
-202
-167
-453
-693
-684
-426
-89
100
17
-251
-482
-508
-353
-126
-16
-60
-83
-75
52
391
871
1578
2091
1953
1503
1210
1280
1611
1719
1562
1328
826
393
343
415
430
178
-311
-706
-986
-1074
-863
-746
-1052
-1604
-2041
-2149
-2101
-1992
-1869
-1910
-2100
-2170
-1849
-1290
-885
-668
-502
-373
-134
280
783
1331
1637
1772
2076
2386
2528
2634
2766
2914
2954
2742
2523
2359
2076
1790
1600
1463
1298
1003
668
475
310
63
-144
-313
-559
-895
-1147
-1204
-1151
-1169
-1296
-1361
-1334
-1327
-1305
-1248
-1224
-1256
-1334
-1272
-1029
-855
-912
-1115
-1250
-1190
-1039
-955
-910
-926
-982
-960
-772
-448
-216
-192
-322
-397
-309
-183
-27
117
198
121
12
160
680
1412
1701
1377
857
662
950
1386
1644
1633
1359
868
650
832
1062
1065
718
335
88
-172
-353
-307
-358
-778
-1407
-1825
-1861
-1792
-1750
-1781
-1941
-2173
-2217
-1915
-1438
-1061
-840
-667
-499
-224
90
489
930
1262
1674
2038
2149
2076
2045
2219
2570
2871
2868
2575
2113
1792
1673
1684
1747
1600
1202
678
314
221
230
111
-262
-705
-1077
-1336
-1375
-1192
-1099
-1305
-1529
-1529
-1355
-1187
-1137
-1152
-1158
-1142
-1063
-826
-585
-605
-818
-937
-772
-551
-527
-631
-794
-915
-892
-660
-353
-272
-504
-851
-969
-716
-279
66
175
30
-204
-116
359
1026
1564
1522
1052
654
639
996
1380
1437
1192
771
303
182
387
561
487
200
18
0
3
25
67
-31
-376
-778
-960
-957
-990
-1075
-1173
-1294
-1450
-1545
-1402
-1153
-1029
-939
-778
-545
-238
44
325
594
736
912
1273
1676
1932
1954
1858
1879
1999
2164
2333
2274
1934
1480
1162
1150
1288
1301
1075
655
199
-110
-202
-170
-202
-379
-701
-1050
-1179
-1108
-1006
-988
-1114
-1266
-1343
-1383
-1300
-1111
-1001
-944
-871
-786
-699
-695
-705
-628
-584
-635
-681
-698
-712
-701
-615
-456
-384
-470
-604
-629
-505
-275
-2
160
112
10
64
361
867
1197
1147
916
738
782
987
1152
1187
1083
791
565
526
512
434
245
100
74
31
-144
-318
-519
-830
-1099
-1205
-1192
-1272
-1446
-1575
-1555
-1425
-1245
-985
-750
-658
-593
-328
62
452
681
693
690
734
898
1269
1619
1724
1656
1487
1404
1539
1733
1883
1880
1654
1355
1142
1033
1017
999
866
624
358
159
30
-69
-219
-408
-597
-807
-968
-1015
-1021
-997
-947
-932
-916
-917
-975
-963
-845
-732
-652
-597
-594
-605
-643
-649
-506
-369
-384
-455
-554
-648
-600
-446
-262
-156
-275
-457
-487
-407
-216
124
437
648
795
820
753
659
611
710
845
780
562
344
150
77
153
201
65
-259
-584
-678
-575
-476
-430
-502
-783
-1127
-1290
-1212
-1039
-989
-1112
-1279
-1425
-1459
-1211
-777
-441
-336
-381
-373
-191
104
492
922
1185
1275
1414
1671
1960
2178
2307
2398
2410
2299
2201
2208
2217
2141
1969
1715
1391
999
623
406
320
199
6
-217
-458
-695
-876
-929
-872
-862
-972
-1103
-1164
-1125
-1044
-992
-971
-982
-1012
-982
-894
-805
-738
-688
-597
-429
-268
-201
-252
-373
-455
-436
-374
-356
-407
-511
-626
-691
-694
-619
-463
-310
-124
166
440
584
582
506
480
478
468
544
627
578
423
236
88
-27
-136
-164
-158
-276
-514
-748
-911
-1035
-1137
-1180
-1190
-1263
-1374
-1383
-1261
-1130
-1003
-823
-622
-456
-339
-173
102
369
577
809
1036
1187
1298
1469
1737
1970
2051
2085
2166
2253
2329
2377
2377
2269
2010
1750
1651
1659
1617
1453
1164
775
343
-6
-176
-237
-375
-672
-1047
-1363
-1522
-1511
-1424
-1363
-1420
-1598
-1750
-1738
-1576
-1356
-1162
-1034
-938
-844
-743
-600
-418
-265
-160
-59
44
107
68
-67
-217
-322
-391
-422
-435
-503
-602
-605
-450
-177
65
127
22
-129
-192
-90
119
287
345
288
188
152
190
217
177
96
48
75
121
127
83
-64
-332
-577
-660
-619
-582
-618
-675
-710
-728
-663
-453
-204
-73
-54
2
150
307
426
558
702
791
872
1046
1271
1404
1413
1406
1454
1502
1522
1572
1656
1685
1623
1524
1417
1252
1016
799
673
580
442
259
42
-227
-542
-814
-959
-1007
-1050
-1137
-1260
-1392
-1506
-1549
-1486
-1360
-1253
-1195
-1151
-1076
-951
-785
-609
-462
-364
-289
-198
-78
55
155
211
233
242
246
229
187
124
42
-39
-85
-83
-39
21
71
89
42
-69
-193
-258
-240
-169
-90
-32
-6
-8
-2
36
87
98
57
6
0
61
139
154
58
-129
-338
-496
-570
-571
-549
-560
-595
-583
-483
-343
-229
-152
-80
16
150
322
509
654
744
821
923
1033
1106
1125
1131
1157
1194
1235
1257
1213
1094
949
846
802
769
691
567
422
292
206
163
112
-4
-176
-350
-461
-500
-510
-538
-623
-759
-893
-972
-996
-1001
-1016
-1037
-1039
-997
-912
-802
-713
-661
-609
-517
-399
-277
-161
-48
70
178
261
304
285
211
125
72
51
33
-1
-31
-44
-36
-11
16
17
-24
-87
-146
-182
-190
-173
-133
-84
-39
-6
15
28
43
65
90
104
98
82
75
72
63
34
-29
-120
-220
-289
-307
-292
-267
-247
-214
-151
-63
26
91
111
94
67
72
138
259
409
558
682
764
806
835
883
960
1047
1124
1161
1148
1094
1016
941
865
768
631
476
332
217
136
65
-24
-144
-289
-420
-503
-553
-609
-699
-815
-919
-987
-1014
-1014
-1011
-1024
-1035
-1014
-956
-890
-851
-835
-813
-766
-690
-601
-520
-466
-417
-343
-231
-108
-18
22
33
58
118
206
291
335
334
323
346
414
493
538
528
471
405
367
372
402
412
375
302
233
189
183
205
223
207
149
87
54
55
71
74
47
-17
-103
-177
-218
-235
-245
-261
-280
-300
-316
-313
-294
-274
-266
-255
-220
-157
-76
21
137
259
374
473
559
622
671
716
769
822
855
855
827
788
750
716
674
601
497
380
280
220
181
126
34
-97
-241
-364
-447
-499
-557
-649
-758
-859
-919
-926
-907
-877
-866
-880
-898
-914
-900
-834
-736
-634
-577
-569
-569
-536
-449
-332
-234
-186
-183
-185
-148
-66
36
127
184
211
228
260
311
376
431
472
506
531
549
555
553
558
564
566
564
546
513
470
424
401
395
394
389
356
294
216
153
129
126
114
72
8
-55
-101
-122
-132
-151
-190
-246
-291
-312
-313
-304
-306
-316
-323
-320
-291
-250
-209
-171
-138
-99
-54
-2
54
111
155
179
191
197
205
224
236
235
216
181
142
109
83
66
46
16
-19
-51
-76
-96
-108
-114
-115
-117
-127
-139
-149
-153
-143
-130
-124
-140
-174
-205
-224
-215
-190
-181
-194
-228
-260
-262
-228
-174
-134
-126
-139
-146
-123
-67
-3
45
70
79
87
111
152
195
229
245
240
236
228
227
236
242
246
231
195
157
131
133
152
159
140
97
51
29
34
54
61
39
-7
-52
-77
-74
-61
-57
-77
-110
-141
-152
-145
-133
-125
-124
-125
-122
-116
-106
-94
-77
-55
-34
-19
-13
-15
-10
5
29
49
54
48
37
41
60
80
89
82
68
62
69
87
96
93
81
69
68
73
78
78
69
57
47
44
44
45
37
29
17
5
-5
-16
-24
-30
-42
-61
-83
-109
-131
-139
-145
-156
-169
-188
-201
-199
-192
-182
-174
-167
-154
-138
-119
-98
-78
-59
-40
-19
2
15
23
27
35
50
68
84
91
96
96
98
106
111
119
125
127
129
127
128
131
127
122
116
111
111
107
94
77
58
46
45
44
41
30
11
-5
-15
-19
-17
-16
-17
-23
-32
-45
-51
-50
-41
-32
-28
-37
-51
-66
-71
-63
-48
-39
-46
-60
-73
-78
-71
-54
-36
-28
-30
-33
-29
-17
-1
13
29
32
31
33
40
54
57
52
49
44
37
32
31
26
12
-4
-17
-23
-28
-37
-42
-42
-47
-60
-74
-75
-70
-64
-56
-49
-45
-46
-48
-46
-38
-34
-31
-24
-13
-11
-11
-11
-7
-3
-2
4
14
24
32
40
40
38
37
45
57
69
79
80
78
73
72
78
79
81
79
72
62
53
49
47
43
36
26
14
8
5
5
1
-6
-13
-19
-21
-19
-17
-17
-22
-28
-37
-44
-47
-47
-46
-47
-51
-58
-64
-68
-67
-66
-65
-63
-60
-55
-46
-40
-32
-25
-23
-16
-10
-1
12
22
29
32
33
32
34
40
45
51
53
47
36
24
21
24
25
24
16
5
-6
-13
-18
-19
-17
-16
-15
-17
-17
-19
-18
-14
-10
-6
-2
1
2
2
-2
-2
-1
0
1
-2
-2
0
-1
-2
-1
0
2
3
6
10
14
12
7
7
8
10
14
17
20
18
18
13
8
10
8
9
8
4
5
4
6
3
2
-1
-4
-4
-7
-10
-7
-11
-9
-11
-11
-9
-8
-4
-4
-4
-4
-4
-4
-6
-11
-17
-19
-18
-16
-16
-21
-26
-29
-29
-24
-23
-17
-12
-11
-6
-4
0
7
14
20
25
31
33
35
34
35
35
34
33
31
31
29
25
21
16
11
6
2
1
-1
0
0
-5
-10
-13
-13
-11
-10
-12
-15
-17
-17
-17
-17
-14
-13
-15
-17
-16
-18
-19
-17
-16
-15
-15
-14
-15
-16
-16
-14
-11
-9
-8
-4
-2
-2
-3
-2
3
10
16
20
20
16
15
15
16
14
17
18
18
16
14
12
12
12
12
10
11
11
10
7
4
3
4
6
6
4
1
-2
-1
-1
-1
-1
-4
-8
-12
-12
-11
-13
-13
-16
-20
-19
-19
-13
-8
-5
