6
5
11
4
-1
5
4
3
2
1
7
0
-5
5
8
3
-2
-4
-4
-1
1
-1
0
2
-5
-10
-2
2
-7
-10
-6
-1
-6
-8
-4
-5
-8
-5
-1
-3
-7
-7
-9
-8
-2
-3
-5
-7
-11
-8
-1
1
5
2
-1
-5
-6
4
8
4
0
-5
-2
3
7
8
2
0
2
5
6
5
2
2
-1
-3
8
15
4
5
9
3
6
12
12
5
2
3
9
12
8
7
1
-4
1
2
5
4
1
2
-3
-5
0
-11
-9
-7
-16
-6
-1
-6
-2
2
-5
-2
5
0
-2
-4
-5
-2
-4
-1
2
-1
-6
-7
-4
-2
-4
-6
-6
-9
-10
-6
-7
-5
-9
-8
-3
-7
-5
-3
-4
-6
-6
-3
-1
6
6
2
2
0
3
0
1
4
1
2
11
19
21
19
12
7
4
7
13
19
28
33
25
19
27
31
30
36
36
36
41
53
48
31
22
22
17
21
37
35
22
14
8
-11
-19
-6
-2
-8
-19
-42
-80
-110
-119
-115
-103
-80
-58
-55
-41
-9
-3
-28
-43
-66
-92
-78
-46
-38
-76
-104
-117
-111
-50
59
141
154
156
138
89
60
58
35
0
47
210
471
814
1185
1354
1284
994
485
-34
-407
-577
-650
-716
-800
-903
-1027
-1124
-1183
-1271
-1364
-1364
-1226
-957
-609
-321
-259
-433
-696
-892
-882
-609
-157
299
645
849
923
915
865
783
672
567
522
559
657
747
758
677
540
441
436
520
657
750
725
604
452
340
326
402
516
613
659
654
604
516
411
293
189
120
70
11
-80
-211
-392
-602
-790
-927
-1005
-1015
-969
-899
-835
-785
-767
-784
-787
-725
-579
-392
-233
-152
-150
-167
-161
-112
-69
-84
-163
-244
-244
-131
58
177
120
-36
-23
470
1518
2749
3478
3195
1943
309
-961
-1452
-1290
-980
-959
-1286
-1697
-1877
-1794
-1682
-1768
-2073
-2300
-2042
-1197
-103
618
542
-221
-1143
-1627
-1398
-634
242
894
1285
1566
1841
1996
1843
1363
759
385
476
984
1566
1807
1541
919
310
52
233
700
1155
1368
1335
1180
1020
889
766
665
646
773
1029
1263
1290
1045
599
118
-232
-390
-377
-307
-308
-461
-763
-1098
-1350
-1469
-1496
-1513
-1570
-1616
-1579
-1434
-1241
-1093
-1002
-929
-819
-637
-415
-233
-155
-187
-276
-338
-324
-266
-254
-352
-518
-640
-633
-511
-390
-387
-494
-574
-491
-238
68
259
251
108
26
171
529
882
972
742
530
884
2067
3724
4960
4871
3276
869
-1234
-2239
-2146
-1596
-1366
-1725
-2325
-2627
-2376
-1850
-1543
-1678
-1936
-1685
-594
959
2090
2076
932
-586
-1527
-1418
-505
545
1202
1394
1402
1460
1516
1305
688
-117
-638
-508
204
1031
1424
1187
624
273
502
1218
1986
2368
2203
1676
1118
749
574
470
377
370
534
825
1056
974
501
-172
-703
-830
-577
-233
-137
-432
-984
-1510
-1770
-1721
-1537
-1434
-1483
-1598
-1629
-1518
-1349
-1254
-1289
-1359
-1302
-1032
-630
-321
-304
-563
-890
-1072
-1043
-893
-752
-718
-783
-841
-794
-638
-444
-268
-126
29
236
473
667
734
650
493
383
437
681
1033
1290
1235
875
639
1274
3143
5556
7011
6323
3633
334
-1996
-2644
-2071
-1383
-1419
-2121
-2746
-2656
-1888
-1081
-877
-1348
-1870
-1500
162
2357
3622
2996
842
-1465
-2633
-2283
-1040
87
517
455
466
768
974
570
-463
-1542
-1922
-1264
90
1334
1772
1333
584
254
655
1519
2276
2489
2144
1578
1134
890
643
217
-262
-475
-229
279
573
286
-522
-1364
-1714
-1449
-869
-431
-400
-688
-1005
-1101
-959
-779
-780
-1006
-1311
-1499
-1456
-1244
-1030
-945
-959
-910
-660
-234
147
266
94
-207
-414
-439
-359
-301
-323
-405
-501
-544
-489
-316
-53
257
598
944
1181
1173
896
514
287
353
658
1026
1238
1132
654
46
-259
-43
432
680
766
1507
3572
6266
7710
6452
2831
-1249
-3866
-4352
-3411
-2362
-2161
-2812
-3571
-3643
-2850
-1770
-1209
-1485
-1946
-1393
622
3029
3992
2603
-269
-2794
-3638
-2739
-1065
218
599
434
420
784
1044
649
-348
-1286
-1396
-399
1247
2615
2935
2194
1102
472
627
1318
2035
2331
2052
1364
607
8
-412
-656
-610
-151
625
1371
1643
1181
122
-1024
-1670
-1569
-946
-256
128
98
-237
-662
-955
-1036
-1062
-1174
-1318
-1296
-981
-536
-295
-455
-898
-1243
-1172
-713
-118
289
327
72
-263
-455
-496
-608
-907
-1259
-1397
-1138
-630
-147
142
164
36
-68
-60
95
263
365
465
541
645
821
984
1096
1062
824
458
-32
-404
-266
277
878
1361
2297
4464
6983
7859
5940
1958
-1934
-4225
-4744
-3977
-3037
-2868
-3462
-4094
-3757
-2360
-915
-317
-831
-1590
-1063
1152
3861
5074
3654
531
-2392
-3686
-3018
-1346
40
520
380
460
996
1344
901
-321
-1519
-1666
-430
1612
3204
3345
2136
489
-539
-386
655
1807
2281
1807
860
43
-382
-489
-445
-256
159
847
1732
2388
2243
1175
-238
-1200
-1412
-1151
-812
-693
-987
-1643
-2323
-2593
-2338
-1848
-1367
-963
-665
-492
-474
-512
-485
-392
-212
39
324
570
582
276
-234
-743
-1065
-1183
-1103
-811
-458
-202
-127
-213
-415
-667
-743
-499
-73
303
533
682
715
580
495
646
980
1319
1522
1592
1331
625
-116
-528
-482
-15
505
770
636
807
2741
5982
8054
6919
2803
-1738
-4729
-5835
-5131
-3631
-2727
-2897
-3433
-2801
-927
502
599
-353
-1274
-819
1294
4203
5880
4427
622
-3006
-4712
-4318
-2880
-1347
-174
252
388
910
1351
868
-651
-2088
-2064
-577
1537
3426
4123
3231
1354
-210
-393
529
1600
2253
2190
1467
437
-543
-1209
-1679
-1893
-1273
369
2423
3805
3694
2294
393
-1175
-1790
-1586
-1084
-726
-764
-1051
-1426
-1813
-2024
-2065
-1992
-1768
-1351
-634
223
782
792
263
-463
-967
-1080
-837
-495
-337
-448
-796
-1200
-1478
-1528
-1298
-901
-492
-177
-8
101
162
124
-22
-219
-236
68
562
1010
1149
950
629
402
498
837
1136
1204
932
536
245
83
52
-34
-179
-199
-154
-62
328
1677
4386
7233
8247
6531
2893
-799
-3252
-4098
-3515
-2505
-2166
-2620
-3061
-2612
-1509
-739
-754
-1365
-1812
-1056
1161
3767
4814
3181
-64
-2912
-4123
-3603
-2130
-631
256
465
658
1184
1476
959
-205
-1145
-1116
-212
1116
2258
2462
1551
122
-877
-857
-204
454
785
565
-60
-722
-1071
-893
-433
86
806
1665
2449
2831
2489
1587
351
-925
-1712
-1951
-1853
-1710
-1843
-2062
-2223
-2336
-2218
-1912
-1483
-944
-415
252
995
1389
1246
631
-32
-312
-219
162
528
444
-147
-959
-1480
-1441
-1158
-880
-635
-424
-166
120
435
715
690
482
503
850
1379
1714
1670
1456
1069
705
640
675
724
650
415
327
216
10
-236
-695
-904
-620
-118
536
1465
3471
6373
8055
7038
3663
-277
-3130
-4692
-4914
-4099
-3477
-3662
-4104
-3647
-2037
-680
-529
-1243
-2073
-1972
-347
2310
4390
4005
1221
-1922
-3763
-3927
-2997
-1675
-342
604
1225
1923
2379
1883
299
-1471
-2151
-1370
345
2151
3105
2686
1248
-169
-647
-175
631
1252
1412
1083
494
-48
-377
-554
-511
125
1492
3085
4051
3782
2346
329
-1486
-2432
-2370
-1730
-1147
-1056
-1465
-2091
-2573
-2642
-2241
-1571
-896
-252
487
1266
1706
1433
546
-421
-952
-827
-199
481
657
35
-1074
-2007
-2304
-1997
-1401
-793
-344
-139
-126
-156
-152
-143
-80
187
746
1400
1782
1736
1400
1006
710
512
383
347
313
209
103
102
194
117
-218
-477
-393
-75
464
1761
4337
7352
8784
7357
3670
-559
-3877
-5493
-5220
-3835
-2840
-2963
-3452
-3194
-2127
-1107
-732
-997
-1521
-1437
141
2874
4868
4312
1419
-1910
-4033
-4464
-3434
-1517
390
1532
1981
2237
2155
1108
-824
-2501
-2814
-1677
243
2117
3078
2543
898
-565
-846
-111
855
1524
1705
1258
226
-873
-1454
-1412
-911
32
1413
2783
3391
2946
1814
488
-704
-1542
-1850
-1674
-1405
-1398
-1652
-1984
-2247
-2309
-2041
-1393
-574
148
782
1423
1940
1991
1366
345
-532
-883
-637
-109
200
-71
-877
-1717
-2075
-1810
-1165
-491
14
300
379
338
258
200
198
320
700
1290
1783
1825
1356
764
424
400
532
570
360
-109
-628
-799
-538
-223
-183
-354
-486
-348
438
2503
5692
8236
8159
5141
795
-2888
-5015
-5523
-4786
-3736
-3223
-3181
-2814
-1718
-630
-423
-1054
-1854
-1997
-821
1628
4166
4934
3086
-254
-3147
-4442
-4099
-2659
-840
637
1442
1872
2167
1932
718
-1042
-2183
-1909
-402
1549
3075
3432
2363
542
-804
-951
-221
577
956
877
466
-55
-444
-627
-688
-580
-6
1170
2516
3323
3193
2245
887
-480
-1515
-1951
-1816
-1444
-1218
-1274
-1453
-1568
-1610
-1640
-1631
-1445
-909
52
1304
2411
2738
1969
499
-811
-1295
-938
-231
261
183
-450
-1247
-1744
-1798
-1629
-1455
-1205
-697
49
820
1350
1413
931
158
-331
-122
613
1351
1672
1556
1192
753
369
-19
-539
-1137
-1553
-1526
-1083
-489
-41
-52
-444
-404
1127
4150
7001
7697
5661
1988
-1669
-4072
-4731
-4079
-3258
-3086
-3234
-2756
-1408
2
564
41
-1077
-1807
-1148
1058
3578
4579
3306
650
-1884
-3322
-3456
-2568
-1246
-92
762
1629
2519
2812
1925
122
-1537
-2055
-1153
678
2455
3192
2525
971
-439
-957
-606
42
440
439
247
139
190
263
169
-83
-184
202
1076
1992
2344
1892
896
-177
-971
-1384
-1470
-1434
-1537
-1844
-2140
-2189
-2052
-1979
-2021
-1944
-1547
-841
57
998
1674
1713
1099
321
-70
26
294
393
162
-437
-1264
-1922
-2029
-1608
-1050
-647
-336
40
429
692
785
716
520
349
490
1034
1635
1897
1761
1451
1180
939
668
349
-86
-582
-934
-974
-690
-308
-151
-348
-605
-95
1916
4988
7511
7918
5834
2258
-1345
-3805
-4602
-4167
-3497
-3197
-3066
-2519
-1491
-591
-384
-1011
-2071
-2651
-1864
327
2762
3833
2883
580
-1877
-3537
-3987
-3308
-1974
-575
645
1774
2658
2745
1653
-244
-1958
-2613
-1948
-284
1628
2871
2863
1787
454
-383
-531
-234
198
574
796
862
898
988
1052
972
830
883
1211
1585
1717
1485
906
25
-989
-1748
-1929
-1594
-1099
-747
-616
-680
-920
-1194
-1291
-1151
-882
-559
-97
536
1068
1175
801
186
-338
-542
-314
216
576
330
-473
-1357
-1886
-1989
-1811
-1451
-987
-510
-44
432
836
939
653
271
180
501
1019
1402
1482
1266
886
503
129
-330
-904
-1474
-1786
-1625
-1025
-357
-78
-120
365
2232
5118
7448
7688
5548
2042
-1450
-3824
-4607
-4245
-3734
-3671
-3730
-3141
-1806
-466
70
-508
-1751
-2596
-2004
177
2750
4007
3234
1113
-1140
-2627
-3035
-2482
-1386
-233
890
2193
3446
3856
2802
590
-1678
-2972
-2804
-1234
1069
3027
3757
3194
2054
1075
497
250
243
394
610
806
951
985
753
260
-198
-262
151
782
1315
1572
1455
925
87
-799
-1474
-1877
-2091
-2161
-2097
-1979
-1954
-2068
-2173
-2097
-1809
-1368
-775
-30
718
1198
1261
984
532
28
-418
-676
-762
-873
-1171
-1581
-1853
-1849
-1615
-1252
-841
-469
-172
107
443
792
983
946
832
872
1115
1388
1519
1509
1441
1294
951
367
-329
-952
-1358
-1361
-825
51
737
1006
1458
2942
5328
7266
7360
5387
2212
-1036
-3445
-4479
-4255
-3576
-3223
-3150
-2707
-1649
-548
-182
-816
-1988
-2771
-2300
-437
1895
3300
3037
1476
-448
-1981
-2764
-2739
-2087
-1107
59
1441
2826
3551
2969
1132
-1136
-2805
-3189
-2153
-147
1936
3214
3351
2682
1795
1055
546
213
7
-111
-129
23
313
515
401
23
-299
-269
138
740
1320
1641
1474
765
-245
-1146
-1685
-1882
-1891
-1833
-1801
-1863
-2026
-2146
-2069
-1784
-1366
-858
-220
513
1158
1519
1522
1217
739
255
-72
-229
-391
-703
-1091
-1317
-1264
-1069
-956
-1028
-1208
-1305
-1098
-487
401
1253
1776
1888
1740
1526
1375
1293
1194
1054
923
815
606
155
-483
-1047
-1350
-1307
-755
581
2702
4933
6282
6129
4571
2157
-508
-2864
-4449
-5088
-4935
-4226
-3066
-1541
-13
916
755
-479
-2125
-3185
-2925
-1394
586
2054
2511
2024
957
-300
-1408
-2128
-2323
-1882
-704
1073
2890
4001
3952
2801
979
-893
-2127
-2237
-1273
228
1672
2733
3266
3145
2381
1240
105
-778
-1284
-1303
-824
-102
488
781
863
795
531
118
-221
-312
-240
-161
-107
-46
-56
-244
-576
-916
-1242
-1631
-2061
-2404
-2597
-2674
-2580
-2192
-1521
-805
-275
59
283
408
403
363
456
675
854
865
707
388
-110
-699
-1132
-1233
-1077
-856
-685
-574
-529
-513
-367
34
584
1041
1342
1652
2069
2423
2504
2301
1886
1297
622
62
-275
-507
-614
-90
1568
3979
5858
6059
4501
1934
-828
-3161
-4599
-5038
-4850
-4479
-3843
-2518
-572
1203
1919
1276
-291
-1964
-2884
-2536
-1147
406
1263
1191
577
-114
-679
-1113
-1430
-1569
-1360
-613
663
2113
3107
3147
2195
700
-656
-1340
-1233
-551
355
1235
1970
2468
2649
2423
1725
624
-621
-1573
-1847
-1356
-352
731
1480
1662
1329
782
313
-14
-310
-629
-863
-864
-614
-206
205
423
280
-234
-924
-1562
-2035
-2339
-2482
-2489
-2393
-2160
-1668
-884
-34
548
728
647
506
431
478
678
938
1053
931
677
433
160
-274
-827
-1290
-1506
-1465
-1195
-735
-217
125
202
183
286
556
920
1346
1801
2122
2116
1769
1223
608
89
29
798
2256
3656
4210
3688
2375
658
-1161
-2789
-3992
-4732
-5031
-4729
-3593
-1747
167
1406
1583
821
-396
-1438
-1803
-1442
-785
-329
-217
-222
-97
184
456
534
317
-99
-394
-232
423
1243
1806
1908
1624
1162
759
587
665
868
1073
1291
1593
1925
2120
2022
1588
863
-21
-810
-1210
-1099
-605
25
575
904
929
676
287
-114
-512
-942
-1340
-1537
-1410
-989
-437
23
199
1
-479
-1010
-1392
-1589
-1706
-1850
-2022
-2129
-2062
-1786
-1389
-1028
-799
-666
-499
-196
210
575
747
674
450
259
257
462
750
900
728
190
-546
-1157
-1383
-1186
-728
-228
196
509
703
791
810
806
831
934
1132
1362
1483
1416
1267
1266
1538
1967
2301
2332
2002
1389
666
7
-536
-1047
-1576
-1987
-2007
-1471
-515
492
1156
1234
762
20
-640
-1004
-1101
-1089
-1104
-1179
-1257
-1253
-1107
-844
-569
-398
-365
-409
-435
-380
-238
-36
201
454
734
1032
1298
1473
1532
1516
1486
1457
1391
1225
908
458
-34
-432
-622
-593
-444
-300
-242
-267
-306
-287
-197
-95
-86
-221
-453
-677
-795
-757
-587
-373
-214
-171
-223
-280
-276
-226
-225
-374
-691
-1079
-1385
-1493
-1416
-1262
-1135
-1060
-962
-758
-437
-88
166
260
233
204
298
548
869
1121
1186
1036
735
387
71
-184
-372
-471
-438
-248
87
490
832
999
953
737
473
289
271
449
775
1161
1504
1728
1814
1775
1622
1365
1018
607
191
-164
-411
-553
-649
-730
-762
-681
-437
-79
261
429
336
0
-478
-982
-1423
-1757
-1950
-1957
-1777
-1467
-1143
-907
-807
-814
-852
-836
-733
-576
-425
-312
-210
-59
178
476
781
1034
1202
1303
1382
1460
1502
1439
1236
937
643
442
365
377
403
380
308
257
315
493
684
731
535
117
-376
-734
-820
-648
-356
-112
-3
-10
-69
-128
-179
-243
-348
-498
-676
-847
-985
-1091
-1167
-1199
-1182
-1105
-980
-846
-757
-747
-795
-810
-680
-356
110
563
850
889
711
430
164
-20
-118
-154
-125
-30
132
314
443
473
415
335
305
342
409
436
395
337
364
553
886
1246
1466
1447
1211
894
653
556
548
502
329
60
-177
-261
-174
-9
92
69
-27
-84
-43
22
-46
-374
-922
-1491
-1832
-1808
-1458
-977
-590
-412
-426
-520
-600
-635
-640
-636
-598
-498
-323
-105
117
314
499
704
946
1191
1346
1338
1172
920
692
552
499
476
420
332
262
267
359
481
553
529
423
279
110
-90
-338
-608
-814
-863
-711
-425
-148
-13
-60
-234
-433
-562
-599
-579
-550
-548
-583
-631
-685
-756
-840
-914
-947
-905
-804
-677
-562
-464
-350
-179
55
311
523
647
683
652
586
489
354
197
63
6
65
218
382
480
473
403
355
382
473
567
613
602
595
671
861
1106
1299
1350
1246
1042
800
550
272
-60
-430
-742
-879
-773
-472
-124
104
99
-139
-510
-877
-1140
-1280
-1342
-1382
-1430
-1454
-1383
-1168
-813
-401
-55
126
116
-21
-178
-266
-250
-146
16
212
423
619
762
820
802
757
749
808
887
894
776
553
325
206
248
427
661
872
1016
1080
1051
900
625
267
-79
-320
-423
-419
-387
-385
-411
-425
-392
-332
-300
-357
-497
-669
-802
-852
-822
-733
-623
-497
-372
-278
-250
-310
-443
-598
-713
-774
-796
-802
-799
-755
-633
-423
-172
43
154
154
86
25
14
43
69
60
30
36
125
284
440
515
480
414
445
660
1043
1444
1695
1698
1492
1222
1025
924
821
572
126
-411
-847
-997
-818
-437
-71
95
17
-213
-455
-619
-694
-744
-824
-931
-1012
-993
-860
-647
-424
-239
-84
71
250
440
580
604
502
323
161
99
150
278
419
546
655
764
868
927
891
740
508
274
110
53
77
135
195
251
333
449
574
650
607
421
125
-205
-481
-647
-685
-620
-510
-416
-395
-477
-656
-886
-1101
-1245
-1292
-1262
-1189
-1107
-1033
-946
-818
-629
-400
-183
-29
34
18
-35
-86
-114
-118
-114
-110
-110
-111
-121
-147
-191
-237
-261
-246
-179
-58
106
291
466
593
650
633
584
585
715
1010
1444
1923
2338
2596
2646
2464
2039
1394
582
-270
-983
-1393
-1414
-1099
-623
-209
-19
-92
-342
-631
-852
-971
-1013
-1026
-1032
-1012
-926
-751
-517
-282
-122
-74
-121
-198
-236
-200
-113
-27
4
-36
-111
-168
-166
-93
21
160
318
502
715
920
1060
1084
969
743
471
234
90
62
147
321
530
698
759
671
456
184
-66
-225
-274
-244
-178
-111
-52
-1
27
7
-84
-256
-488
-735
-944
-1074
-1121
-1094
-1000
-845
-643
-438
-294
-267
-369
-555
-720
-771
-659
-418
-139
84
199
209
161
94
24
-59
-165
-288
-384
-414
-367
-279
-207
-177
-146
-6
344
933
1652
2286
2639
2618
2274
1734
1115
476
-162
-768
-1227
-1384
-1140
-553
138
630
714
367
-230
-823
-1215
-1347
-1296
-1165
-1013
-845
-649
-439
-265
-159
-110
-63
55
265
509
677
683
534
308
116
19
5
18
17
18
93
304
643
1011
1280
1362
1262
1046
809
609
464
365
299
290
363
517
700
844
879
780
566
281
-17
-288
-502
-641
-698
-675
-594
-501
-445
-461
-560
-738
-973
-1223
-1413
-1467
-1331
-1004
-560
-121
175
234
60
-262
-612
-888
-1039
-1079
-1053
-1011
-964
-899
-812
-710
-631
-595
-572
-518
-390
-193
21
175
237
271
422
827
1510
2295
2908
3112
2819
2118
1206
290
-500
-1136
-1601
-1826
-1697
-1173
-379
417
920
951
532
-110
-668
-918
-838
-561
-233
59
305
511
654
701
619
419
203
109
206
432
619
620
404
47
-322
-584
-672
-589
-394
-130
218
651
1111
1488
1677
1650
1441
1110
770
517
388
363
403
497
632
744
755
612
326
-55
-452
-763
-906
-871
-716
-512
-317
-178
-155
-300
-601
-1008
-1440
-1799
-1985
-1928
-1646
-1239
-820
-478
-279
-264
-411
-629
-810
-885
-826
-648
-411
-218
-144
-180
-253
-330
-446
-611
-763
-816
-728
-519
-242
21
181
293
609
1381
2550
3681
4280
4085
3164
1794
348
-843
-1660
-2219
-2611
-2681
-2188
-1174
-57
669
732
185
-651
-1324
-1440
-952
-192
448
824
1034
1154
1118
841
346
-224
-663
-715
-229
674
1557
1947
1661
876
-61
-838
-1271
-1307
-1021
-535
87
845
1658
2295
2474
2083
1288
432
-139
-223
167
822
1463
1875
1997
1855
1483
913
216
-467
-967
-1168
-1047
-706
-330
-115
-169
-466
-882
-1287
-1596
-1782
-1840
-1755
-1531
-1196
-834
-560
-464
-560
-761
-909
-881
-666
-384
-189
-184
-373
-690
-1045
-1354
-1564
-1659
-1651
-1553
-1356
-1053
-681
-292
40
252
389
663
1412
2764
4378
5573
5735
4703
2802
602
-1328
-2658
-3382
-3679
-3656
-3202
-2179
-765
531
1142
804
-233
-1348
-1863
-1433
-278
981
1778
1912
1568
1044
520
30
-431
-785
-841
-436
390
1311
1832
1597
648
-585
-1543
-1851
-1493
-707
194
1012
1691
2220
2535
2512
2056
1282
516
150
404
1159
2048
2681
2842
2539
1926
1208
561
78
-223
-341
-273
-46
216
318
113
-401
-1066
-1662
-2008
-2029
-1789
-1445
-1148
-958
-868
-863
-963
-1163
-1390
-1530
-1509
-1340
-1088
-838
-681
-695
-906
-1248
-1607
-1887
-2034
-2043
-1929
-1712
-1403
-1019
-628
-362
-282
-236
160
1250
2932
4610
5505
5116
3531
1328
-755
-2199
-2908
-3095
-3009
-2687
-2018
-1013
54
722
602
-252
-1278
-1725
-1133
287
1797
2636
2494
1610
534
-248
-538
-417
-51
487
1216
2082
2810
2968
2241
710
-1097
-2427
-2697
-1828
-250
1357
2434
2798
2578
2034
1374
689
48
-427
-543
-160
670
1636
2328
2454
2008
1268
595
269
379
787
1221
1419
1264
808
186
-471
-1064
-1502
-1712
-1667
-1421
-1102
-875
-901
-1214
-1666
-2006
-2056
-1824
-1452
-1093
-848
-762
-853
-1056
-1284
-1477
-1612
-1665
-1613
-1482
-1358
-1321
-1373
-1456
-1493
-1422
-1260
-1046
-694
132
1735
3815
5464
5757
4444
2059
-487
-2352
-3064
-2764
-2104
-1663
-1493
-1262
-842
-479
-466
-879
-1510
-1947
-1610
-174
1895
3491
3705
2540
744
-862
-1725
-1609
-625
765
2032
2909
3330
3166
2262
722
-976
-2229
-2603
-1932
-393
1454
2864
3337
2903
1995
1101
556
454
684
1044
1379
1630
1721
1570
1178
684
275
59
53
242
562
849
914
662
155
-453
-968
-1213
-1114
-767
-412
-271
-425
-803
-1268
-1653
-1799
-1645
-1272
-856
-546
-405
-446
-647
-926
-1184
-1377
-1508
-1542
-1444
-1299
-1263
-1432
-1756
-2139
-2457
-2479
-2032
-1259
-526
132
1164
2805
4473
5184
4484
2690
438
-1562
-2619
-2459
-1665
-1214
-1410
-1711
-1609
-1244
-988
-925
-1010
-1255
-1417
-912
479
2030
2653
2006
676
-550
-1220
-1138
-302
936
1990
2524
2657
2534
2023
975
-396
-1544
-2006
-1629
-582
714
1741
2100
1782
1149
687
696
1143
1740
2169
2282
2110
1734
1256
849
697
836
1125
1401
1593
1636
1404
843
113
-533
-964
-1148
-1031
-586
-7
347
263
-181
-792
-1426
-1906
-1986
-1572
-901
-367
-171
-284
-617
-1040
-1346
-1373
-1184
-1007
-1001
-1156
-1417
-1750
-2099
-2366
-2489
-2445
-2224
-1882
-1510
-972
122
1902
3741
4595
3942
2160
91
-1469
-1996
-1471
-601
-354
-987
-1818
-2094
-1801
-1439
-1336
-1461
-1634
-1554
-843
500
1756
1985
957
-614
-1748
-1906
-1073
427
2046
3167
3473
3111
2415
1582
677
-153
-656
-636
-102
714
1473
1852
1682
1033
214
-337
-287
377
1308
2033
2280
2073
1596
1069
726
739
1123
1670
2099
2228
2028
1565
946
321
-176
-501
-670
-693
-583
-429
-398
-607
-1005
-1413
-1658
-1654
-1413
-1020
-605
-309
-248
-414
-639
-737
-656
-500
-400
-405
-528
-780
-1129
-1503
-1862
-2205
-2476
-2548
-2381
-2024
-1363
-141
1585
3093
3461
2367
325
-1747
-3029
-3089
-2112
-928
-399
-632
-982
-881
-444
-175
-379
-948
-1516
-1605
-899
369
1373
1316
149
-1361
-2271
-2118
-1075
328
1574
2381
2705
2620
2216
1573
815
168
-72
333
1295
2330
2859
2670
2013
1291
764
564
752
1216
1600
1600
1272
938
784
742
756
917
1246
1561
1699
1715
1712
1598
1213
635
147
-94
-202
-336
-515
-739
-1084
-1548
-1935
-2041
-1914
-1744
-1625
-1495
-1339
-1271
-1341
-1429
-1385
-1178
-843
-403
49
309
185
-282
-864
-1382
-1783
-2017
-1994
-1765
-1543
-1396
-1048
-193
989
1870
1915
1088
-228
-1478
-2103
-1803
-871
-74
58
-291
-530
-353
41
280
166
-249
-683
-713
-122
775
1280
920
-99
-1114
-1552
-1292
-585
216
864
1291
1554
1697
1652
1293
622
-94
-434
-129
684
1563
2097
2146
1820
1377
1074
1054
1264
1501
1602
1562
1451
1282
1022
688
386
229
281
514
816
1052
1157
1152
1056
823
433
-2
-299
-355
-212
1
126
1
-438
-1046
-1541
-1752
-1747
-1657
-1519
-1361
-1312
-1475
-1749
-1908
-1868
-1741
-1621
-1474
-1290
-1169
-1150
-1091
-891
-671
-624
-755
-896
-934
-844
-556
-18
606
938
758
244
-207
-373
-278
-31
248
420
416
358
483
808
1030
852
332
-160
-320
-119
292
704
886
689
205
-225
-336
-207
-75
-2
146
422
675
733
578
279
-98
-428
-509
-260
125
356
371
343
427
568
628
570
451
352
359
568
986
1452
1731
1719
1509
1243
959
635
319
157
251
550
867
1005
861
473
9
-293
-272
22
364
549
555
488
420
325
153
-85
-346
-601
-817
-943
-951
-923
-996
-1228
-1553
-1862
-2091
-2200
-2150
-1956
-1746
-1644
-1625
-1514
-1183
-730
-364
-217
-276
-430
-544
-501
-282
-34
35
-131
-354
-428
-342
-226
-174
-170
-172
-169
-150
-103
-59
-86
-159
-138
86
427
672
683
528
396
408
564
778
924
893
649
312
91
106
288
463
565
632
702
758
799
872
987
1072
1080
1083
1179
1327
1411
1389
1351
1397
1515
1622
1642
1541
1301
971
679
515
422
258
-23
-273
-323
-180
1
78
17
-139
-321
-452
-477
-455
-518
-706
-905
-976
-922
-870
-909
-1045
-1254
-1501
-1689
-1720
-1611
-1505
-1512
-1594
-1622
-1515
-1270
-950
-674
-583
-720
-934
-996
-825
-565
-417
-443
-537
-535
-327
76
492
654
405
-103
-521
-589
-357
-98
-63
-322
-750
-1091
-1098
-720
-185
190
295
286
368
593
854
1024
1033
898
722
654
749
895
940
880
868
1018
1283
1496
1523
1347
1064
835
798
959
1184
1326
1358
1373
1467
1627
1770
1830
1791
1669
1497
1298
1082
848
605
395
256
173
83
-69
-272
-468
-610
-681
-677
-625
-573
-576
-658
-795
-942
-1071
-1157
-1213
-1277
-1375
-1489
-1575
-1629
-1694
-1812
-1964
-2048
-1953
-1625
-1147
-709
-502
-577
-803
-997
-1062
-1021
-942
-877
-823
-724
-511
-187
121
233
99
-157
-348
-399
-348
-270
-236
-305
-475
-655
-746
-762
-801
-864
-794
-470
29
490
749
752
538
243
86
241
661
1108
1399
1552
1664
1757
1804
1826
1867
1912
1901
1835
1780
1729
1622
1452
1332
1357
1478
1571
1583
1573
1593
1642
1700
1743
1725
1572
1281
970
760
660
580
452
292
144
7
-161
-391
-691
-1063
-1461
-1779
-1909
-1841
-1710
-1659
-1727
-1824
-1862
-1847
-1844
-1922
-2070
-2186
-2127
-1782
-1247
-793
-668
-905
-1277
-1507
-1480
-1287
-1110
-1075
-1180
-1288
-1238
-998
-689
-501
-520
-630
-641
-462
-183
26
62
-55
-217
-310
-285
-198
-178
-290
-416
-351
-26
390
661
682
521
331
249
354
620
893
1045
1109
1233
1492
1792
1962
1952
1837
1736
1749
1928
2224
2476
2505
2270
1926
1654
1522
1479
1461
1429
1344
1199
1051
972
973
980
927
828
735
637
494
298
100
-65
-203
-324
-430
-567
-794
-1102
-1380
-1509
-1511
-1525
-1649
-1855
-2048
-2164
-2188
-2148
-2088
-2045
-1974
-1752
-1343
-905
-676
-750
-996
-1193
-1219
-1101
-933
-803
-748
-723
-627
-418
-194
-129
-291
-563
-761
-794
-727
-676
-694
-780
-880
-909
-806
-603
-430
-367
-343
-208
68
362
539
574
533
490
516
655
864
1020
1029
964
963
1081
1248
1370
1435
1473
1493
1502
1533
1597
1655
1669
1668
1715
1814
1877
1830
1704
1599
1575
1622
1675
1653
1486
1162
766
442
283
251
250
219
148
48
-86
-249
-426
-612
-801
-965
-1059
-1087
-1107
-1178
-1308
-1435
-1495
-1482
-1448
-1461
-1543
-1618
-1554
-1290
-915
-627
-588
-799
-1091
-1227
-1109
-832
-605
-583
-729
-868
-852
-677
-469
-381
-449
-583
-635
-535
-371
-312
-461
-757
-1022
-1117
-1040
-907
-846
-882
-935
-885
-684
-404
-175
-89
-110
-108
29
297
589
785
859
865
895
1016
1212
1416
1547
1589
1609
1689
1820
1931
1935
1809
1603
1409
1318
1365
1516
1686
1809
1858
1835
1736
1562
1346
1144
1010
947
913
845
701
480
227
13
-129
-212
-286
-393
-544
-721
-907
-1087
-1246
-1366
-1435
-1457
-1435
-1386
-1335
-1285
-1208
-1055
-830
-623
-538
-620
-816
-1006
-1080
-1007
-857
-757
-794
-922
-1013
-969
-816
-662
-608
-667
-777
-844
-814
-713
-631
-655
-774
-901
-949
-897
-791
-688
-613
-553
-497
-453
-449
-500
-590
-658
-632
-482
-248
-17
151
279
411
578
773
971
1153
1317
1478
1652
1828
1954
1971
1877
1741
1655
1679
1800
1958
2068
2077
1978
1820
1673
1575
1520
1492
1474
1446
1378
1253
1067
843
609
392
203
39
-118
-278
-436
-573
-688
-809
-960
-1136
-1299
-1411
-1463
-1476
-1485
-1513
-1532
-1484
-1316
-1053
-793
-638
-623
-684
-721
-679
-583
-520
-569
-729
-912
-1004
-962
-853
-789
-840
-983
-1126
-1188
-1163
-1111
-1106
-1159
-1212
-1186
-1055
-880
-754
-729
-769
-781
-698
-532
-351
-215
-141
-77
34
197
365
464
466
428
439
552
756
968
1121
1185
1198
1223
1301
1430
1574
1690
1779
1867
1969
2068
2111
2066
1951
1828
1762
1771
1815
1822
1738
1557
1333
1128
978
885
817
753
667
542
370
154
-91
-347
-594
-807
-962
-1059
-1105
-1124
-1146
-1207
-1333
-1495
-1629
-1657
-1532
-1285
-1006
-814
-789
-912
-1093
-1224
-1252
-1199
-1119
-1047
-974
-853
-668
-469
-347
-372
-545
-788
-990
-1086
-1098
-1096
-1145
-1248
-1350
-1389
-1356
-1284
-1221
-1169
-1076
-884
-601
-305
-103
-60
-147
-255
-270
-145
81
317
503
643
781
943
1104
1210
1235
1203
1195
1288
1490
1728
1891
1918
1834
1728
1694
1755
1873
1989
2062
2099
2122
2136
2120
2039
1898
1730
1591
1504
1446
1365
1211
973
681
377
93
-157
-362
-516
-614
-671
-723
-811
-961
-1157
-1348
-1486
-1545
-1529
-1463
-1360
-1232
-1091
-979
-955
-1042
-1220
-1415
-1539
-1558
-1493
-1417
-1394
-1425
-1464
-1449
-1363
-1248
-1158
-1118
-1111
-1078
-985
-854
-758
-764
-890
-1069
-1203
-1228
-1137
-987
-839
-723
-633
-550
-468
-398
-344
-288
-194
-39
168
388
562
682
766
851
961
1077
1182
1271
1361
1482
1639
1796
1897
1909
1870
1861
1951
2140
2339
2445
2393
2207
1982
1825
1776
1795
1810
1777
1693
1606
1540
1485
1393
1215
945
633
349
142
11
-81
-203
-389
-636
-913
-1157
-1331
-1423
-1457
-1474
-1501
-1547
-1596
-1620
-1598
-1531
-1447
-1375
-1337
-1332
-1333
-1330
-1325
-1332
-1362
-1408
-1440
-1421
-1348
-1250
-1176
-1168
-1227
-1312
-1377
-1386
-1347
-1285
-1218
-1147
-1054
-932
-797
-676
-593
-542
-483
-385
-255
-127
-41
-8
-3
32
123
265
424
564
682
796
940
1099
1238
1322
1343
1336
1344
1401
1503
1619
1718
1796
1868
1945
2021
2069
2075
2039
1990
1959
1952
1938
1881
1765
1607
1442
1304
1193
1087
958
802
628
457
302
145
-26
-213
-414
-601
-749
-847
-897
-922
-946
-998
-1093
-1225
-1358
-1443
-1440
-1339
-1176
-1011
-908
-898
-975
-1094
-1209
-1291
-1330
-1327
-1289
-1226
-1151
-1079
-1031
-1032
-1087
-1175
-1263
-1303
-1286
-1232
-1169
-1140
-1154
-1191
-1220
-1208
-1140
-1019
-862
-681
-496
-322
-178
-75
-9
36
81
141
222
315
412
506
599
694
789
876
950
1020
1102
1211
1347
1493
1625
1719
1765
1767
1742
1716
1700
1705
1736
1783
1837
1876
1879
1835
1746
1629
1503
1379
1261
1147
1026
894
747
584
407
222
43
-112
-232
-316
-370
-416
-485
-597
-750
-927
-1094
-1211
-1253
-1216
-1119
-1004
-915
-883
-911
-983
-1066
-1124
-1142
-1127
-1087
-1050
-1029
-1026
-1030
-1035
-1037
-1037
-1041
-1056
-1081
-1110
-1132
-1134
-1115
-1083
-1045
-1016
-996
-980
-957
-915
-854
-781
-711
-655
-607
-557
-495
-416
-322
-219
-107
17
158
320
494
650
771
845
882
918
972
1058
1169
1284
1378
1446
1497
1540
1586
1641
1696
1744
1773
1782
1767
1734
1687
1629
1570
1518
1475
1433
1384
1315
1216
1082
917
733
553
383
229
85
-56
-203
-353
-494
-606
-692
-754
-812
-879
-950
-1008
-1018
-972
-885
-799
-748
-747
-794
-858
-917
-959
-989
-1022
-1051
-1061
-1037
-989
-946
-943
-1002
-1112
-1228
-1298
-1290
-1219
-1118
-1041
-1011
-1023
-1047
-1040
-981
-874
-742
-620
-519
-450
-405
-372
-342
-311
-280
-247
-202
-135
-43
76
210
339
449
535
606
681
772
888
1021
1155
1279
1376
1445
1486
1505
1514
1522
1532
1547
1557
1553
1531
1490
1439
1379
1307
1217
1104
978
858
764
708
679
649
591
493
364
227
99
-4
-92
-174
-256
-338
-415
-487
-556
-618
-673
-706
-705
-675
-628
-590
-586
-614
-669
-733
-791
-832
-850
-849
-819
-768
-709
-668
-669
-722
-816
-922
-1010
-1058
-1071
-1067
-1072
-1098
-1141
-1177
-1179
-1138
-1059
-963
-871
-800
-747
-696
-628
-532
-418
-301
-194
-112
-43
22
97
186
276
353
410
444
465
489
522
578
657
761
890
1032
1172
1295
1380
1429
1461
1495
1553
1627
1689
1708
1665
1566
1442
1331
1255
1212
1174
1109
992
829
640
454
300
184
97
32
-36
-108
-188
-269
-343
-406
-450
-475
-484
-488
-494
-506
-532
-568
-611
-658
-706
-759
-814
-870
-921
-952
-958
-936
-897
-857
-838
-840
-864
-884
-884
-871
-834
-786
-739
-703
-692
-696
-703
-704
-686
-663
-643
-623
-610
-589
-563
-535
-498
-453
-402
-340
-270
-188
-89
20
130
232
320
393
457
506
554
609
664
727
792
849
907
952
980
995
984
968
959
950
954
958
956
961
956
943
925
894
873
851
820
779
710
629
539
440
347
252
166
89
17
-43
-91
-122
-148
-172
-204
-251
-303
-360
-415
-460
-502
-534
-562
-587
-601
-600
-587
-571
-566
-575
-596
-622
-645
-660
-671
-677
-689
-706
-728
-751
-767
-774
-767
-741
-701
-649
-595
-542
-494
-452
-405
-354
-296
-227
-162
-102
-51
-6
37
72
103
123
135
142
152
171
203
245
301
360
426
493
553
605
648
684
721
759
799
841
875
897
901
880
838
777
708
640
576
523
479
442
406
371
328
284
248
218
196
179
159
138
115
90
62
31
-2
-41
-86
-135
-187
-236
-290
-343
-394
-442
-483
-521
-555
-575
-590
-602
-609
-612
-599
-579
-552
-519
-491
-463
-441
-431
-437
-459
-490
-515
-532
-536
-531
-521
-501
-481
-466
-454
-447
-432
-398
-353
-292
-221
-149
-76
-3
69
143
216
284
340
376
390
398
399
398
403
411
424
436
442
451
461
478
502
523
549
576
599
625
644
658
672
687
708
726
725
709
669
612
544
467
391
320
260
209
160
111
66
23
-16
-43
-62
-72
-74
-78
-88
-106
-140
-181
-228
-273
-313
-354
-390
-432
-477
-525
-586
-644
-694
-722
-719
-704
-680
-650
-622
-583
-553
-528
-493
-454
-400
-341
-286
-240
-212
-198
-197
-205
-204
-190
-158
-117
-79
-48
-29
-22
-19
-13
7
45
103
171
233
283
310
313
310
303
310
340
371
402
412
397
371
332
300
278
262
265
271
270
258
231
198
173
160
167
184
201
213
211
197
180
164
156
155
148
138
118
93
63
29
-2
-30
-53
-72
-85
-94
-104
-115
-128
-141
-147
-142
-126
-107
-93
-89
-107
-131
-157
-178
-183
-179
-173
-173
-188
-221
-256
-290
-304
-306
-300
-283
-266
-246
-231
-219
-206
-192
-172
-143
-109
-72
-38
-10
8
10
4
-4
-4
9
34
62
92
115
128
130
124
119
114
120
135
157
180
197
208
211
212
217
228
243
253
256
249
229
201
169
140
116
96
82
68
49
26
5
-19
-35
-46
-52
-61
-74
-92
-109
-118
-115
-101
-79
-57
-46
-50
-70
-99
-134
-163
-182
-193
-195
-194
-194
-195
-193
-188
-169
-144
-112
-75
-43
-17
-3
3
5
8
15
31
55
79
100
109
109
96
77
62
51
48
48
52
54
59
66
75
87
102
118
134
150
159
161
158
147
133
119
107
99
93
87
75
56
35
11
-9
-23
-29
-30
-30
-30
-35
-42
-46
-44
-36
-27
-19
-14
-18
-28
-47
-70
-93
-111
-129
-142
-153
-165
-182
-201
-225
-245
-257
-261
-251
-239
-219
-200
-187
-176
-164
-152
-133
-110
-83
-54
-27
-8
6
17
25
33
47
61
79
95
106
114
121
128
137
150
172
195
220
243
257
267
270
271
275
279
285
290
285
272
246
211
178
148
125
107
93
80
66
50
35
17
6
-4
-6
-3
1
3
2
-7
-21
-39
-57
-75
-89
-100
-108
-121
-135
-157
-181
-204
-220
-222
-218
-211
-207
-211
-213
-215
-214
-206
-193
-179
-169
-165
-167
-171
-172
-170
-167
-160
-153
-146
-138
-134
-130
-128
-124
-116
-104
-92
-75
-61
-46
-31
-13
6
29
56
84
111
135
158
180
194
207
218
227
233
235
235
236
236
236
236
233
232
231
231
234
236
236
238
232
224
213
201
194
189
181
169
149
126
103
78
52
27
1
-24
-48
-68
-86
-99
-109
-118
-126
-135
-141
-147
-155
-160
-164
-170
-173
-175
-179
-182
-189
-194
-201
-210
-219
-226
-233
-239
-245
-250
-251
-248
-241
-233
-223
-206
-190
-170
-150
-133
-116
-100
-81
-61
-44
-23
-5
15
30
45
59
71
81
88
100
111
122
134
142
149
157
165
175
187
196
207
215
225
233
234
238
238
236
234
225
214
203
191
178
161
145
131
114
100
87
74
65
57
46
38
28
20
13
2
-5
-12
-23
-33
-45
-57
-69
-80
-94
-107
-119
-128
-137
-144
-153
-159
-164
-166
-164
-162
-158
-154
-149
-142
-136
-128
-120
-113
-104
-100
-97
-93
-95
-93
-92
-93
-94
-96
-96
-94
-94
-91
-86
-79
-69
-57
-44
-34
-22
-12
2
16
29
42
55
67
78
89
95
102
108
110
112
117
121
122
121
121
121
120
119
117
115
113
110
111
110
107
108
105
102
97
94
91
86
79
74
67
57
48
40
28
19
10
0
-5
-12
-20
-24
-27
-29
-34
-36
-39
-42
-45
-48
-51
-54
-57
-64
-69
-74
-79
-84
-92
-94
-101
-103
-106
-107
-107
-108
-107
-105
-101
-96
-91
-83
-75
-68
-60
-55
-50
-46
-42
-37
-36
-33
-30
-28
-27
-26
-23
-22
-16
-10
-4
4
11
17
23
31
38
46
54
59
63
68
73
76
77
77
76
76
76
75
74
72
72
70
67
66
65
64
65
65
62
61
59
58
55
54
53
50
49
46
45
41
35
30
26
19
13
6
0
-6
-12
-17
-20
-23
-26
-30
-32
-32
-33
-36
-36
-36
-36
-36
-35
-37
-41
-46
-50
-51
-55
-57
-61
-63
-65
-68
-70
-73
-75
-75
-75
-72
-70
-66
-63
-60
-57
-54
-49
-46
-41
-38
-33
-27
-21
-15
-11
-5
-2
3
5
9
13
15
19
24
28
29
32
36
42
47
50
55
61
66
73
76
78
80
81
84
86
85
86
85
85
85
82
78
72
69
65
63
62
57
53
48
44
38
35
32
29
26
22
20
16
11
4
0
-7
-11
-15
-22
-27
-33
-39
-45
-50
-52
-55
-58
-61
-64
-69
-72
-71
-73
-74
-77
-82
-86
-90
-92
-94
-98
-102
-106
-111
-115
-118
-121
-119
-117
-114
-112
-107
-100
-90
-81
-75
-65
-55
-46
-36
-26
-18
-8
1
10
17
27
36
42
48
53
59
67
72
80
87
95
102
109
115
120
127
135
143
149
153
157
162
165
163
164
164
163
164
161
155
149
141
132
121
112
102
91
81
72
61
48
35
23
13
5
-4
-16
-24
-33
-44
-52
-64
-71
-81
-92
-99
-110
-120
-130
-142
-151
-163
-172
-180
-189
-197
-201
-206
-210
-209
-210
-209
-206
-202
-196
-191
-184
-175
-168
-160
-152
-143
-134
-126
-115
-105
-92
-78
-63
-48
-34
-18
-1
17
34
52
68
84
100
114
129
141
152
161
169
176
183
191
197
201
206
209
214
217
218
221
221
221
218
216
210
204
200
194
188
179
170
160
153
143
134
124
111
97
82
66
50
36
19
1
-17
-37
-56
-74
-91
-109
-127
-143
-159
-172
-185
-196
-207
-213
-218
-222
-224
-225
-226
-225
-225
-223
-221
-219
-217
-215
-214
-212
-208
-206
-202
-197
-190
-182
-172
-160
-147
-135
-122
-109
-94
-76
-60
-42
-25
-9
6
22
39
54
70
89
105
119
132
146
162
174
187
199
207
215
224
230
236
238
239
241
242
243
241
237
233
229
225
219
210
204
194
184
172
160
148
135
123
111
97
83
67
51
36
20
5
-8
-22
-38
-52
-66
-80
-93
-107
-118
-130
-142
-152
-161
-170
-178
-188
-196
-200
-207
-213
-219
-224
-227
-227
-226
-224
-225
-223
-220
-215
-210
-203
-195
-187
-178
-168
-157
-144
-132
-120
-108
-95
-81
-65
-50
-35
-19
-5
9
26
42
56
72
85
96
107
120
131
144
154
164
173
180
188
195
200
206
209
211
213
213
212
210
208
205
201
194
190
183
172
165
154
145
136
124
111
100
82
68
55
42
31
19
5
-6
-18
-30
-40
-48
-58
-67
-73
-81
-85
-88
-95
-100
-105
-108
-105
-107
-111
-114
-115
-112
-113
-116
-117
-118
-114
-110
-111
-111
-112
-107
-100
-99
-94
-92
-88
-78
-73
-70
-67
-62
-52
-45
-39
-32
-27
-19
-12
-7
-1
4
10
15
20
25
28
32
35
37
43
45
48
45
41
43
45
46
46
40
40
42
41
44
37
33
34
33
33
33
32
29
29
27
26
25
22
19
18
17
16
14
10
6
5
2
0
-1
-3
-6
-8
-13
-15
-17
-20
-21
-22
-23
-24
-26
-27
-26
-27
-28
-29
-29
-31
-31
-31
-30
-28
-29
-27
-27
-26
-27
-26
-24
-22
-20
-20
-19
-18
-18
-15
-13
-11
-11
-7
-6
-3
-1
0
2
1
3
4
8
10
14
14
16
16
17
20
21
22
23
24
27
25
26
27
28
30
30
29
29
28
28
26
25
25
22
20
20
21
19
15
14
11
8
7
4
3
3
2
-1
-1
-5
-7
-10
-10
-9
-11
-10
-11
-13
-14
-17
-16
-17
-17
-17
-16
-16
-14
-13
-12
-14
-16
-17
-17
-16
-17
-13
-13
-12
-11
-12
-13
-14
-14
-12
-10
-10
-7
-8
-8
-8
-9
-7
-7
-6
-6
-3
-3
-2
-1
-2
0
0
2
2
5
5
5
6
7
9
7
8
8
8
9
11
11
13
13
12
13
13
14
13
14
17
16
13
13
