-1
-1
-2
-2
-2
0
1
2
1
4
5
4
5
4
2
2
1
-3
-5
0
1
3
4
4
6
6
5
2
-1
-4
-6
-7
-7
-8
-7
-5
-2
1
5
7
8
7
4
3
4
3
2
0
0
-3
-6
-5
-6
-4
-3
-1
2
2
2
1
-3
-5
-6
-6
-6
-6
-4
-1
2
3
6
4
2
1
1
2
1
0
0
0
0
0
0
1
2
4
3
1
1
1
1
0
-2
-2
0
1
-1
-2
1
2
5
5
3
2
0
-3
-6
-11
-11
-13
-14
-14
-12
-6
0
2
2
6
9
12
10
8
6
0
-5
-5
-1
3
7
11
13
16
17
19
20
18
17
13
10
10
7
6
3
1
-1
1
2
2
2
-3
-9
-15
-21
-21
-37
-64
-66
-68
-62
-60
-72
-64
-53
-45
-40
-46
-48
-47
-54
-59
-66
-65
-47
-29
-12
6
30
56
88
127
160
203
225
223
234
242
272
296
269
242
219
217
232
209
177
150
126
110
78
52
48
53
52
34
19
25
32
15
-38
-98
-149
-215
-291
-376
-395
-343
-297
-255
-222
-168
-101
-78
-80
-91
-150
-183
-57
411
1185
2113
2779
2964
2792
2214
1222
-255
-2022
-3687
-4996
-5742
-5743
-4889
-3364
-1612
-59
1104
1937
2459
2524
1997
929
-350
-1459
-2169
-2405
-2230
-1744
-1077
-368
325
961
1469
1721
1619
1201
689
343
283
432
641
875
1182
1571
1956
2191
2186
1911
1414
845
385
140
76
82
92
107
164
273
400
469
413
265
163
216
387
539
563
425
150
-237
-704
-1199
-1662
-2061
-2340
-2403
-2180
-1686
-1028
-328
299
789
1152
1381
1405
1189
784
282
-232
-696
-1075
-1380
-1597
-1690
-1616
-1364
-983
-582
-233
71
321
455
462
422
365
265
127
27
29
113
226
322
411
564
915
1655
2751
3737
4010
3464
2534
1410
-193
-2340
-4414
-5762
-6333
-6248
-5275
-3231
-647
1522
2784
3325
3498
3318
2580
1237
-424
-1892
-2754
-2907
-2536
-1886
-1121
-391
142
463
719
978
1087
901
560
399
649
1239
1830
2113
2103
2080
2191
2221
1883
1232
565
74
-225
-326
-176
124
306
222
39
39
269
482
462
286
242
465
787
901
641
69
-662
-1389
-1963
-2299
-2427
-2440
-2326
-1977
-1347
-555
160
616
756
680
568
481
337
9
-450
-877
-1169
-1322
-1418
-1512
-1604
-1586
-1338
-877
-286
315
766
907
786
595
425
141
-313
-707
-876
-812
-566
-133
370
754
975
1222
1657
2485
3868
5170
5506
4619
3298
2071
286
-2320
-4929
-6431
-6803
-6512
-5304
-2869
202
2579
3679
3789
3451
2882
1910
492
-1266
-2682
-3158
-2752
-1925
-1199
-614
-231
-171
-372
-563
-471
-228
-44
111
539
1327
2222
2805
2726
2091
1311
830
712
600
283
-17
34
427
779
904
933
909
689
205
-157
-7
465
772
730
643
787
955
792
224
-597
-1405
-1978
-2297
-2426
-2388
-2157
-1714
-1163
-608
-91
277
434
385
218
66
38
67
-46
-309
-645
-848
-885
-959
-1154
-1412
-1528
-1364
-930
-366
255
775
1044
1080
899
544
137
-256
-696
-962
-922
-536
29
451
812
1060
1149
1149
1213
1342
1916
3400
4928
5204
3929
2446
1327
-642
-3745
-6407
-7245
-6967
-6298
-4623
-1484
2072
4212
4538
3819
2775
1739
713
-511
-1958
-2958
-2895
-1861
-749
-294
-261
-477
-1032
-1756
-2050
-1484
-397
630
1483
2418
3453
4283
4453
3614
2023
580
-63
-61
46
161
510
1015
1387
1376
1088
578
-181
-992
-1621
-1568
-668
668
1794
2267
2307
2109
1614
552
-938
-2353
-3399
-3792
-3614
-2969
-2184
-1573
-1044
-634
-365
-348
-426
-416
-361
-252
-28
362
639
517
-13
-655
-1159
-1578
-1925
-2119
-1986
-1481
-737
186
1077
1562
1536
1205
880
539
147
-210
-415
-377
-261
22
403
778
945
884
932
924
882
747
812
1067
1603
3275
5353
6202
4904
2945
1582
-375
-3519
-6552
-7593
-7208
-6451
-4729
-1578
2013
4046
4215
3295
2080
1066
276
-397
-1443
-2359
-2323
-1415
-581
-661
-1270
-2001
-2807
-3459
-3246
-1800
106
1714
2910
3968
4803
4998
4404
3007
1148
-384
-783
-123
600
754
604
641
595
-10
-906
-1529
-1656
-1564
-1154
65
2030
3858
4515
3939
2799
1591
253
-1349
-2800
-3676
-3796
-3283
-2417
-1483
-896
-772
-1001
-1347
-1546
-1425
-925
-297
354
998
1546
1733
1241
191
-1125
-2302
-3023
-3197
-2826
-2054
-858
540
1750
2485
2518
1999
1004
-152
-1061
-1516
-1438
-1189
-815
-286
364
1002
1272
1227
885
531
443
435
462
515
785
1207
2261
4781
7415
7572
4870
2098
544
-1973
-6061
-9023
-8991
-7697
-6547
-4081
309
4387
5676
4505
2663
1147
321
24
-284
-1125
-1897
-1500
-328
184
-627
-1962
-3149
-4228
-4669
-3526
-844
1885
3514
4377
5055
5370
4890
3589
1659
-463
-1642
-1155
249
1149
990
448
6
-304
-726
-1296
-1452
-1073
-300
672
2024
3758
4802
4291
2438
609
-443
-1184
-2088
-2993
-3270
-2980
-2302
-1531
-1224
-1581
-2375
-2829
-2770
-2257
-1232
108
1408
2154
2475
2575
2197
1010
-808
-2425
-3235
-3196
-2619
-1727
-750
122
791
1218
1424
1169
442
-499
-1139
-1083
-490
347
905
1001
837
661
661
623
360
-11
-128
94
519
975
1263
1481
1490
1964
3718
5703
6208
4437
1970
29
-2359
-5349
-7600
-7856
-6942
-5782
-3586
-44
3331
4600
3718
1895
342
-376
-282
104
-29
-341
-306
-50
-187
-1204
-2556
-3892
-4901
-4858
-3157
-122
2748
4491
5116
5024
4441
3485
2275
786
-623
-1150
-245
1362
2600
2841
1926
392
-1208
-2252
-2575
-2351
-1482
-82
1575
3193
4588
5262
4534
2398
-97
-1751
-2395
-2446
-2364
-2154
-1918
-1844
-1742
-1893
-2307
-2787
-3031
-2575
-1576
-116
1533
2694
2938
2320
1248
54
-1153
-2327
-3133
-3296
-2822
-1983
-1128
-408
-13
78
55
120
269
297
390
695
947
999
960
686
28
-834
-1439
-1440
-1037
-352
514
1277
1681
1816
1744
1386
1173
1026
1483
3269
5415
6293
4839
2515
548
-1998
-5292
-7700
-7711
-6450
-4964
-2624
760
3739
4483
3266
1423
28
-485
-58
792
1097
914
611
281
-475
-1939
-3364
-4258
-4576
-3933
-1871
1099
3574
4560
4194
3197
2000
953
289
-72
-128
486
1825
3230
3797
2989
1024
-1423
-3340
-4108
-3516
-1937
-101
1648
2828
3530
3769
3262
1907
-111
-1785
-2368
-1785
-811
-143
-77
-804
-1903
-2943
-3485
-3501
-3121
-2402
-1354
60
1384
2295
2447
1799
716
-453
-1227
-1508
-1435
-1255
-1126
-1060
-1075
-1012
-957
-1000
-881
-469
327
1133
1643
1850
1595
1080
423
-131
-564
-913
-879
-647
-115
447
879
1218
1034
750
400
588
1401
2897
5263
6665
6208
3782
1287
-856
-3701
-6322
-7466
-6605
-5335
-3793
-1315
1421
2852
2119
410
-1020
-1298
-353
1142
2315
2441
1893
1099
-94
-1782
-3498
-4305
-4283
-3710
-2259
287
3005
4278
3733
2333
1095
287
-122
-1
700
1677
2727
3661
4194
3752
2109
-95
-1878
-2600
-2397
-1620
-635
280
871
1137
1395
1657
1551
1040
457
173
261
359
380
69
-742
-1873
-2693
-2809
-2851
-3069
-3058
-2403
-1386
-646
-174
277
605
633
497
436
407
132
-573
-1321
-1652
-1611
-1474
-1341
-1251
-1286
-1153
-624
46
617
842
884
989
997
1005
907
591
100
-395
-616
-305
214
546
579
685
914
1227
1954
2991
4858
6306
6208
4414
1990
-33
-2377
-4690
-5950
-5404
-4205
-3113
-1677
56
1047
481
-944
-2073
-2032
-898
815
2321
2754
2278
1298
-92
-1602
-2904
-3402
-3318
-2978
-2016
-183
1849
2716
2292
1392
761
448
376
758
1444
1921
2067
2334
2718
2628
1760
576
-189
-301
-89
521
1078
714
-247
-1054
-1069
-510
105
818
1429
1631
1523
1293
848
-54
-1220
-2181
-2588
-2395
-2088
-1986
-2115
-2512
-2855
-2578
-1695
-603
252
802
1221
1252
899
444
-98
-824
-1410
-1462
-1079
-705
-737
-1137
-1612
-1952
-1824
-1146
-240
687
1313
1629
1748
1591
1341
905
329
-48
-63
213
632
886
964
829
626
1120
1983
3466
4822
5058
4327
2588
786
-1266
-3163
-4075
-4137
-3707
-2933
-1538
-182
336
-174
-1182
-2158
-2533
-1667
-34
1449
2154
2032
1417
171
-1173
-2015
-2376
-2364
-2205
-1560
-337
779
1156
931
534
226
80
279
998
1700
1978
1926
1883
1912
1858
1720
1475
1228
1064
1041
1018
808
392
-59
-463
-798
-763
-401
18
348
576
746
734
576
456
344
53
-444
-895
-1345
-1926
-2476
-2864
-2888
-2585
-2095
-1381
-585
135
669
833
608
209
-110
-292
-302
-204
-141
-270
-645
-1184
-1735
-2062
-2037
-1636
-919
-39
672
1074
1132
1010
782
506
586
999
1359
1408
1171
778
243
-275
-450
-242
498
1715
3722
5561
5478
3810
1543
-331
-2145
-3548
-3417
-2425
-1807
-1914
-1574
-790
-711
-1637
-2715
-3013
-2427
-1009
759
2170
2363
1383
43
-1188
-1767
-1574
-967
-623
-770
-666
-2
639
615
213
99
233
473
924
1580
2020
1811
1393
1504
2132
2772
2884
2479
1927
1370
958
657
310
-97
-518
-735
-570
-92
294
216
-101
-276
-40
424
778
934
793
461
-11
-508
-1067
-1674
-2217
-2733
-2894
-2631
-2063
-1525
-1297
-1116
-810
-417
-184
-194
-308
-460
-448
-297
-205
-213
-556
-1113
-1659
-1966
-1737
-1271
-756
-342
-68
183
292
346
284
219
383
706
1199
1587
1617
1380
820
204
-108
259
1368
2316
3002
3884
4542
4091
2401
740
-386
-1451
-2168
-1963
-1105
-823
-1383
-1807
-1855
-1963
-2211
-2131
-1536
-821
-198
486
1022
869
94
-686
-1027
-996
-664
-102
290
167
-256
-297
65
362
542
786
1063
1053
844
862
1038
1152
1239
1477
1900
2134
2000
1607
1065
543
150
7
80
109
-6
-214
-396
-453
-426
-342
-244
-92
166
382
483
479
306
-13
-411
-851
-1321
-1792
-2110
-2231
-2249
-2109
-1815
-1460
-1188
-1091
-1001
-827
-651
-514
-324
11
308
365
247
23
-344
-754
-868
-512
-15
210
63
-199
-420
-616
-600
-345
117
651
1032
1395
1533
1321
978
449
133
243
889
1983
2716
3379
4035
3798
2591
1117
312
-185
-944
-1186
-962
-1233
-2015
-2503
-2356
-2198
-2279
-2047
-1602
-1331
-1010
-506
-102
-140
-446
-573
-540
-442
-48
462
482
-42
-507
-344
186
564
936
1285
1303
1003
665
683
849
847
948
1224
1469
1525
1419
1207
784
474
643
895
804
542
448
335
-68
-323
-149
95
88
-60
-54
-73
-260
-280
-84
39
-72
-265
-483
-957
-1614
-2052
-2041
-1739
-1364
-1032
-815
-697
-694
-842
-963
-850
-646
-511
-421
-287
-156
-213
-379
-479
-494
-289
54
183
122
-57
-411
-849
-958
-610
-254
10
258
477
529
334
367
518
621
1148
1887
2834
3850
4273
3918
2659
1215
303
-123
-42
107
-143
-900
-1902
-2493
-2556
-2380
-2200
-2175
-2085
-1762
-1281
-718
-460
-774
-1318
-1566
-1164
-280
553
1048
1011
489
64
206
856
1595
1940
1726
1202
786
794
1104
1398
1553
1431
1044
703
594
578
423
222
219
448
798
1059
1086
859
479
252
340
611
792
671
316
-217
-786
-1018
-843
-541
-437
-631
-981
-1444
-1886
-2071
-1996
-1808
-1642
-1526
-1339
-1065
-786
-521
-373
-347
-322
-242
-132
-153
-257
-372
-606
-846
-964
-907
-739
-593
-386
-195
-53
76
83
24
-42
-47
38
213
511
757
884
935
1073
1386
1777
2482
3328
3712
3401
2537
1600
798
336
473
585
141
-585
-1128
-1378
-1623
-1803
-1852
-2170
-2582
-2540
-1965
-1291
-1141
-1433
-1774
-1971
-1698
-896
91
706
596
219
179
549
1174
1728
1930
1676
1075
706
905
1322
1575
1502
1309
1190
1060
1003
906
605
342
269
408
593
548
261
-235
-575
-344
212
701
863
636
241
-148
-252
-12
191
165
-121
-507
-778
-1018
-1205
-1429
-1744
-1952
-2013
-1883
-1611
-1317
-1074
-964
-852
-585
-228
71
210
221
197
105
-50
-248
-558
-865
-1048
-979
-669
-348
-40
227
342
346
311
291
307
309
379
535
651
1023
1551
1948
2414
2731
2608
1872
1020
766
651
501
553
502
-8
-805
-1145
-932
-890
-1122
-1284
-1471
-1724
-1836
-1644
-1379
-1629
-2207
-2514
-2440
-2059
-1534
-973
-531
-392
-164
550
1406
1969
2064
1832
1483
1079
1035
1509
2014
2119
1836
1514
1388
1412
1430
1326
1123
1017
1084
1167
1179
944
374
-238
-482
-197
163
119
-232
-596
-786
-691
-271
328
504
-26
-642
-800
-578
-347
-223
-229
-661
-1384
-1814
-1749
-1497
-1413
-1428
-1388
-1349
-1264
-1132
-1010
-910
-852
-675
-296
148
433
356
39
-315
-606
-725
-646
-457
-353
-237
33
322
411
335
244
117
6
160
824
1719
2631
3334
3266
2328
1195
763
928
1025
942
673
-43
-1010
-1407
-983
-521
-686
-1180
-1574
-1845
-1802
-1328
-831
-911
-1595
-2157
-2160
-1781
-1309
-1002
-984
-1199
-1302
-792
227
1111
1568
1712
1696
1583
1583
1936
2312
2336
2229
2234
2240
2030
1623
1280
1085
1081
1310
1558
1613
1368
968
702
577
471
303
11
-395
-807
-987
-910
-858
-885
-932
-1051
-1178
-1219
-1127
-1025
-942
-763
-650
-754
-925
-1048
-1104
-1082
-982
-893
-1006
-1277
-1462
-1460
-1332
-1151
-1005
-998
-1069
-1058
-858
-590
-358
-84
59
-59
-195
-127
104
286
267
228
209
222
451
690
1000
1397
1735
2296
2814
2972
2757
2261
1924
1650
1348
1236
908
233
-305
-532
-571
-761
-1117
-1408
-1881
-2242
-1994
-1479
-1139
-1302
-1748
-2039
-2239
-2151
-1697
-1291
-1138
-1200
-1079
-537
126
751
1170
1205
1040
966
1201
1682
2059
2224
2248
2109
2000
2092
2187
1988
1486
1184
1224
1167
1018
885
706
517
489
804
1041
727
85
-510
-804
-741
-486
-232
-372
-1023
-1649
-1845
-1666
-1382
-1173
-1044
-1136
-1389
-1393
-1076
-740
-607
-683
-767
-793
-826
-732
-546
-436
-443
-600
-711
-748
-922
-1035
-985
-868
-698
-608
-478
-318
-336
-223
80
279
387
352
396
634
817
1169
1561
1874
2348
2476
2133
1730
1576
1828
1892
1684
1535
989
184
-233
-169
11
-313
-880
-1231
-1712
-2036
-1896
-1656
-1722
-2315
-2818
-2766
-2441
-1897
-1339
-1105
-1204
-1446
-1330
-687
96
794
1221
1260
1114
1059
1318
1776
2082
2155
2092
1964
1863
1809
1856
2062
2215
2057
1639
1236
1023
947
971
1054
962
660
401
322
285
96
-202
-435
-550
-536
-481
-520
-718
-1109
-1519
-1652
-1461
-1266
-1329
-1590
-1820
-1848
-1595
-1047
-536
-385
-574
-861
-952
-814
-518
-234
-194
-392
-588
-630
-532
-524
-722
-884
-1082
-1161
-997
-734
-321
-106
-117
-197
-366
-352
10
579
1317
1929
2250
2640
2756
2577
2424
2296
2206
1696
1128
1035
948
698
579
582
318
-393
-998
-1093
-1184
-1357
-1329
-1322
-1603
-2204
-2689
-2809
-2814
-2708
-2482
-2305
-2177
-1988
-1586
-944
-289
350
874
1045
977
1013
1412
2001
2415
2593
2599
2393
2202
2245
2376
2428
2220
1906
1627
1359
1248
1209
1138
1054
949
900
852
667
403
134
-132
-314
-414
-451
-581
-916
-1189
-1301
-1350
-1345
-1322
-1303
-1405
-1579
-1606
-1552
-1512
-1465
-1375
-1258
-1113
-872
-531
-293
-290
-407
-619
-772
-810
-710
-481
-424
-547
-790
-1016
-1044
-969
-850
-652
-565
-627
-635
-575
-258
173
647
1278
1720
2252
2739
2707
2493
2386
2500
2478
2074
1780
1456
746
326
476
698
484
-227
-749
-1138
-1550
-1461
-1120
-1052
-1517
-2290
-2617
-2489
-2269
-1983
-1879
-2037
-2315
-2427
-1923
-1070
-380
93
359
509
686
1083
1774
2359
2582
2658
2695
2641
2489
2389
2453
2521
2544
2435
2076
1621
1253
1101
1078
974
673
145
-377
-568
-456
-276
-206
-322
-523
-721
-890
-881
-797
-890
-1219
-1586
-1670
-1565
-1494
-1421
-1366
-1404
-1437
-1323
-1122
-970
-949
-951
-892
-816
-650
-455
-321
-206
-173
-214
-294
-434
-646
-828
-853
-639
-391
-324
-338
-510
-708
-796
-558
-73
313
712
1209
1878
2266
2192
2036
2133
2431
2550
2502
2341
1959
1288
908
1072
1236
973
345
-219
-748
-1178
-1208
-1029
-1246
-1973
-2752
-3084
-2956
-2653
-2269
-2127
-2343
-2651
-2627
-2142
-1451
-857
-449
-208
-111
181
761
1435
1900
2105
2228
2303
2392
2693
3076
3011
2550
2228
2225
2175
1966
1829
1635
1203
925
1144
1295
881
190
-273
-482
-650
-621
-395
-470
-980
-1409
-1278
-801
-620
-790
-1003
-1274
-1601
-1627
-1160
-667
-698
-1021
-1152
-1135
-1091
-897
-563
-404
-605
-828
-765
-557
-413
-326
-221
-247
-419
-540
-545
-565
-739
-773
-619
-547
-632
-810
-784
-605
-347
145
703
1274
1694
1691
1561
1668
1990
2204
2034
1761
1554
1117
811
1048
1389
1304
718
158
-188
-627
-835
-662
-677
-1226
-2060
-2549
-2584
-2570
-2517
-2403
-2482
-2793
-2974
-2610
-1782
-1063
-624
-295
-129
4
356
1054
1861
2321
2483
2577
2638
2891
3361
3576
3277
2744
2498
2502
2383
2168
1824
1226
732
821
1234
1254
683
54
-299
-494
-453
-159
-119
-773
-1714
-2056
-1677
-1328
-1313
-1374
-1584
-2006
-2173
-1669
-909
-654
-903
-1157
-1271
-1230
-891
-338
-56
-323
-750
-817
-535
-308
-197
-108
-238
-491
-591
-568
-526
-531
-447
-249
-336
-631
-828
-926
-705
-100
772
1650
1761
1088
569
715
1345
1850
1935
1745
1129
443
539
1229
1620
1290
538
-118
-542
-533
-7
348
-120
-1230
-2180
-2460
-2308
-2041
-1886
-2051
-2433
-2749
-2611
-1988
-1412
-1098
-957
-896
-671
-253
393
1192
1744
2095
2455
2762
3004
3080
3053
3136
3216
3267
3274
3069
2733
2370
2095
2052
1994
1654
1058
405
14
-90
-166
-300
-558
-986
-1461
-1771
-1722
-1460
-1358
-1498
-1741
-1990
-2137
-2116
-1907
-1628
-1500
-1529
-1555
-1476
-1292
-1050
-753
-456
-321
-359
-400
-351
-257
-196
-129
-5
55
-41
-253
-481
-571
-486
-355
-268
-330
-555
-736
-704
-429
22
559
1190
1581
1350
931
938
1349
1696
1721
1599
1303
739
464
835
1308
1267
765
290
-37
-308
-247
67
-45
-811
-1662
-1950
-1788
-1670
-1663
-1778
-2138
-2562
-2656
-2198
-1562
-1270
-1227
-1179
-1047
-729
-207
504
1104
1363
1653
2108
2433
2519
2519
2710
2972
3040
3045
2957
2664
2346
2244
2372
2376
1991
1423
933
642
519
413
220
-125
-598
-1049
-1303
-1349
-1401
-1585
-1785
-1906
-1928
-1856
-1745
-1665
-1683
-1705
-1608
-1418
-1213
-1096
-1093
-1071
-929
-692
-486
-409
-407
-393
-324
-177
12
159
145
-38
-203
-176
-77
-95
-186
-258
-336
-452
-447
-183
231
722
1146
1181
830
578
785
1183
1361
1348
1226
874
516
585
1005
1224
935
415
-44
-397
-495
-299
-164
-508
-1302
-1964
-2087
-1871
-1658
-1640
-1851
-2219
-2544
-2472
-1949
-1367
-1081
-1103
-1157
-1002
-604
27
700
1144
1339
1486
1786
2119
2320
2546
2877
3140
3230
3199
3148
3004
2783
2705
2722
2566
2135
1609
1259
1067
884
694
428
5
-535
-959
-1032
-952
-1027
-1286
-1617
-1893
-2067
-2072
-1903
-1808
-1900
-2016
-1976
-1745
-1481
-1297
-1193
-1192
-1207
-1121
-919
-675
-566
-581
-570
-498
-341
-163
-60
-59
-143
-187
-158
-178
-210
-223
-249
-223
-24
498
1167
1445
1150
650
444
634
902
1093
1167
898
385
168
499
964
1056
804
448
42
-246
-182
63
16
-531
-1230
-1608
-1591
-1424
-1377
-1560
-1914
-2271
-2312
-1882
-1287
-939
-940
-1053
-966
-606
-35
603
1036
1236
1371
1526
1762
2001
2133
2224
2322
2467
2602
2563
2389
2215
2082
2039
2056
2079
2021
1779
1439
1153
917
653
361
115
-125
-447
-765
-960
-1050
-1180
-1360
-1461
-1524
-1676
-1853
-1935
-1890
-1808
-1733
-1574
-1400
-1347
-1341
-1297
-1192
-1072
-1015
-962
-887
-834
-709
-507
-301
-138
-131
-227
-288
-294
-234
-195
-239
-218
-78
187
648
1139
1345
1118
696
519
634
812
990
1089
930
574
385
550
799
817
593
310
97
14
145
269
24
-555
-1160
-1485
-1430
-1250
-1181
-1350
-1761
-2070
-1982
-1559
-1011
-685
-743
-913
-919
-615
-22
550
926
1095
1113
1260
1604
1916
2103
2157
2161
2228
2306
2345
2281
2014
1662
1427
1372
1406
1371
1185
878
542
269
123
78
-21
-234
-493
-716
-833
-891
-950
-984
-1045
-1136
-1174
-1185
-1179
-1160
-1170
-1153
-1113
-1064
-946
-845
-834
-846
-863
-860
-815
-731
-576
-441
-401
-354
-291
-298
-360
-409
-401
-369
-328
-189
36
275
566
839
931
793
591
524
553
577
615
643
571
429
389
519
613
527
332
129
0
-7
116
252
130
-309
-810
-1159
-1279
-1223
-1138
-1127
-1293
-1591
-1746
-1623
-1332
-1047
-900
-856
-816
-698
-391
87
555
912
1159
1350
1531
1674
1772
1874
1970
2036
2095
2158
2189
2120
1929
1698
1499
1295
1104
968
824
628
389
131
-102
-320
-504
-591
-649
-733
-834
-966
-1077
-1092
-1019
-906
-821
-776
-736
-697
-647
-552
-459
-438
-453
-426
-332
-231
-199
-276
-433
-584
-638
-587
-527
-550
-650
-780
-882
-865
-723
-533
-349
-140
171
536
768
805
704
517
343
274
373
580
664
571
428
304
216
125
16
-81
-213
-343
-363
-308
-274
-367
-593
-809
-927
-942
-914
-924
-976
-1035
-1047
-939
-716
-512
-478
-593
-658
-530
-206
228
647
930
1020
1008
1058
1209
1400
1579
1712
1822
1904
1962
2019
2032
1957
1797
1590
1424
1314
1201
1027
784
491
166
-149
-398
-574
-733
-914
-1077
-1181
-1231
-1251
-1234
-1184
-1140
-1126
-1119
-1069
-986
-898
-795
-656
-483
-314
-199
-142
-115
-85
-55
-43
-62
-118
-195
-242
-219
-182
-239
-410
-586
-677
-661
-554
-399
-270
-206
-141
-7
161
273
317
355
404
451
514
598
638
592
522
512
561
600
601
548
393
154
-66
-177
-209
-241
-299
-384
-504
-645
-754
-803
-833
-874
-875
-786
-638
-505
-409
-326
-264
-229
-174
-58
91
222
348
515
697
826
896
947
997
1029
1058
1109
1171
1198
1188
1181
1192
1186
1127
1001
817
595
379
223
134
64
-43
-195
-370
-547
-710
-844
-938
-984
-989
-971
-938
-901
-873
-854
-816
-735
-616
-482
-355
-247
-163
-97
-48
-12
-2
-20
-47
-50
-24
-3
-28
-123
-264
-410
-511
-531
-483
-404
-325
-245
-144
-28
90
196
276
322
358
416
494
555
576
563
537
519
527
558
583
567
504
416
320
217
102
-29
-164
-279
-353
-402
-458
-557
-697
-835
-903
-859
-735
-613
-558
-564
-584
-573
-496
-349
-172
-13
126
258
383
485
556
606
655
713
778
842
891
914
915
905
904
915
913
862
768
655
531
403
300
237
180
80
-57
-198
-326
-431
-484
-473
-449
-481
-570
-670
-747
-782
-766
-701
-631
-596
-584
-549
-482
-406
-346
-301
-264
-232
-193
-140
-91
-70
-84
-107
-115
-117
-127
-144
-153
-145
-107
-41
35
90
111
114
129
180
258
354
450
520
547
549
542
537
532
537
554
554
516
436
326
210
106
33
-13
-66
-152
-266
-380
-466
-524
-563
-588
-607
-629
-643
-632
-603
-584
-582
-571
-520
-440
-339
-223
-108
-28
19
71
149
248
353
458
547
597
617
644
681
712
720
713
691
649
597
546
492
424
354
293
250
205
147
78
10
-50
-90
-105
-113
-139
-185
-238
-281
-304
-310
-309
-314
-323
-324
-309
-286
-268
-262
-272
-285
-282
-267
-258
-270
-296
-318
-324
-310
-286
-267
-265
-275
-277
-267
-249
-223
-186
-137
-85
-42
-18
-3
24
80
165
246
283
272
251
252
297
364
403
398
358
312
296
297
282
229
135
38
-20
-26
-9
-14
-66
-151
-214
-227
-187
-133
-104
-110
-135
-142
-112
-55
4
40
50
45
49
67
92
109
109
97
90
98
124
152
162
147
123
107
106
120
134
133
117
94
69
49
33
18
2
-5
-9
-18
-38
-71
-102
-123
-125
-111
-89
-73
-71
-76
-83
-87
-77
-59
-25
11
29
25
-3
-36
-59
-63
-58
-56
-67
-89
-119
-150
-181
-212
-233
-236
-220
-193
-178
-171
-163
-149
-119
-84
-46
-9
27
61
92
121
137
148
161
171
185
197
199
200
190
185
188
186
176
147
114
93
82
79
76
65
43
11
-22
-44
-48
-45
-40
-34
-32
-31
-31
-32
-34
-35
-37
-39
-40
-46
-53
-61
-61
-59
-59
-63
-81
-99
-108
-108
-94
-78
-66
-68
-78
-80
-67
-39
-8
13
20
25
32
48
67
83
92
94
96
99
106
113
111
101
82
66
60
57
61
62
59
50
38
25
18
14
10
5
-8
-23
-33
-36
-34
-37
-45
-58
-71
-81
-86
-90
-95
-100
-109
-112
-107
-98
-83
-76
-72
-72
-70
-64
-56
-46
-34
-19
-1
18
29
32
33
32
37
44
51
58
60
58
52
51
53
57
63
67
70
75
79
83
86
87
85
77
67
61
55
57
59
59
50
33
9
-21
-49
-66
-73
-77
-76
-76
-76
-74
-72
-74
-83
-96
-104
-104
-98
-85
-69
-50
-32
-21
-8
-2
4
8
8
12
20
35
50
61
68
68
63
57
49
37
30
29
33
32
26
13
3
-4
-5
-3
0
1
-2
-4
-1
5
11
8
1
-8
-16
-21
-15
-8
-2
1
-1
-6
-15
-21
-20
-16
-18
-24
-28
-23
-12
1
12
10
4
-1
0
3
7
9
12
15
15
13
8
4
2
-1
-2
-5
-8
-6
1
7
12
17
16
14
11
6
2
4
12
16
16
7
-1
-2
4
11
6
-8
-24
-34
-32
-27
-26
-31
-36
-40
-37
-28
-21
-15
-14
-20
-27
-29
-26
-17
-5
9
13
10
13
24
31
31
31
35
34
31
32
38
43
50
58
59
47
28
18
22
26
29
29
24
12
-1
-8
-6
2
0
-2
-16
-33
-43
-38
-21
-8
-7
-18
-31
-43
-50
-47
-45
-47
-49
-47
-43
-39
-35
-31
-32
-30
-24
-14
-3
2
3
4
1
0
5
20
34
39
39
33
30
26
25
27
28
25
27
28
30
32
34
36
40
38
30
20
17
18
19
20
21
21
15
8
-2
-12
-24
-32
-36
-39
-42
-43
-45
-41
-39
-37
-34
-32
-33
-36
-35
-28
-23
-18
-12
-10
-9
-5
0
