-4
-5
-5
-3
-4
-2
-2
0
1
1
3
1
0
2
4
4
3
4
6
6
6
5
5
7
7
7
7
6
6
5
4
3
3
6
5
4
4
5
3
2
1
0
0
2
3
1
0
0
2
2
0
-1
0
0
0
0
0
0
0
-1
-1
-2
-3
-2
-2
-3
0
-2
-3
-5
-5
-4
-5
-4
-5
-4
-6
0
16
22
19
2
-19
-20
-6
7
4
-9
-28
-39
-23
6
16
7
-19
-40
-34
-7
16
18
0
-34
-44
-25
3
18
16
-7
-24
-15
12
35
35
21
1
-2
14
28
33
31
14
9
22
32
34
28
15
8
12
22
26
19
7
-1
3
13
16
12
-9
-28
-32
-16
-7
-31
-54
-69
-74
-63
-63
-69
-83
-97
-114
-153
-145
-115
-90
-35
7
5
-41
-70
-46
38
131
117
30
-39
-70
-35
65
135
101
15
-73
-112
-56
33
71
27
-117
-264
-308
-258
-163
-109
-133
-197
-269
-284
-210
-113
-16
60
79
49
38
85
176
285
391
492
506
455
414
382
478
613
634
582
452
308
284
361
427
460
404
247
96
-4
-54
-42
-24
-82
-182
-311
-452
-438
-316
-256
-269
-363
-460
-460
-358
-240
-214
-234
-281
-308
-189
-108
-94
-79
-141
-171
-120
-19
72
57
-105
-217
-209
-168
-62
-84
-221
-364
-586
230
1996
2647
1445
-525
-1196
266
2037
2457
1640
75
-1371
-1506
-110
1543
1641
18
-1867
-2811
-2284
-390
1161
692
-1491
-3507
-3467
-1893
-649
-319
-868
-2140
-2890
-2240
-718
250
-75
-706
-680
-308
123
634
886
839
876
1346
2108
2416
1999
1517
1410
1752
2497
3043
2787
1744
795
937
1777
2222
2000
1341
615
125
23
467
875
526
-326
-922
-957
-617
-415
-553
-816
-1243
-1575
-1388
-1021
-987
-1205
-1444
-1506
-1418
-1168
-900
-851
-1042
-1319
-1236
-752
-439
-499
-614
-764
-802
-558
-193
91
12
-282
-417
-223
72
229
299
259
94
-43
105
425
554
420
334
295
289
369
442
566
488
245
52
77
-14
361
1855
2880
2257
436
-466
497
2080
2612
2017
922
-358
-971
-226
1357
1847
617
-1136
-2217
-2216
-979
538
688
-959
-3053
-3574
-2437
-1284
-898
-1205
-2144
-3092
-2977
-1650
-407
-454
-1100
-1195
-825
-394
90
583
791
776
1002
1690
2244
2173
1872
1804
2005
2394
2847
2942
2318
1452
1263
1803
2151
1845
1347
1049
756
385
272
328
171
-279
-680
-833
-862
-940
-1089
-1130
-1273
-1550
-1541
-1318
-1332
-1492
-1551
-1466
-1296
-1235
-1142
-1011
-1024
-1159
-1159
-804
-456
-414
-459
-488
-539
-426
-103
213
371
187
-54
-11
123
270
423
533
403
86
-62
198
455
457
347
133
38
24
208
356
179
-317
-190
1505
2954
2598
697
-798
23
2126
3295
2844
1214
-591
-1308
-426
1569
2608
1468
-838
-2647
-2632
-853
1123
1417
-538
-3289
-4283
-2856
-974
-301
-1002
-2454
-3584
-3332
-1832
-355
-259
-1215
-1716
-1304
-467
240
598
700
627
814
1664
2533
2681
2235
1876
2050
2699
3418
3601
2893
1793
1412
2002
2665
2559
1832
1177
697
188
70
376
284
-325
-1115
-1608
-1591
-1442
-1551
-1693
-1823
-2223
-2435
-2249
-2065
-2009
-1855
-1796
-1830
-1805
-1685
-1376
-1018
-874
-907
-808
-596
-560
-437
-23
197
177
161
151
248
387
471
702
843
620
372
423
676
831
789
639
519
382
462
622
621
411
242
156
61
55
-58
1025
2755
3218
1889
-244
-691
1187
3148
3313
1920
58
-1041
-930
426
2050
1866
-230
-2497
-3395
-2244
1
1220
262
-2491
-4718
-4289
-2153
-625
-684
-1927
-3492
-4065
-2999
-845
409
-331
-1620
-1820
-919
200
932
1198
1015
678
1113
2346
3268
3090
2240
1769
2113
3005
3780
3615
2410
1259
1223
2123
2699
2238
1421
763
126
-258
-186
109
-97
-872
-1490
-1781
-1848
-1903
-1877
-1575
-1490
-1959
-2355
-2336
-2105
-1714
-1331
-1060
-1161
-1531
-1555
-1133
-568
-183
-175
-289
-471
-540
-86
496
647
349
63
62
286
534
691
823
654
236
136
392
581
496
282
257
183
119
288
406
304
26
-188
-46
60
-46
-112
-333
1388
3903
4006
1411
-1550
-1002
2448
4556
3580
1329
-694
-1725
-1338
946
3287
2259
-1391
-4301
-4392
-1871
1148
1952
-284
-4344
-6693
-4923
-1522
138
-660
-2849
-4884
-5016
-2746
387
1188
-687
-2271
-1960
-403
960
1588
1750
1317
916
1850
3472
4098
3306
2234
2264
3153
4060
4543
3756
2077
1236
1910
3161
3429
2407
1210
394
-327
-405
251
523
-332
-1777
-2396
-2133
-1799
-1595
-1668
-1990
-2535
-3198
-2890
-1851
-1516
-1776
-2078
-2216
-2041
-1594
-1034
-601
-713
-1066
-1098
-597
98
317
356
205
-250
-251
315
767
804
611
330
307
413
420
584
605
272
-5
-15
304
448
317
147
-14
-92
-146
-220
-53
-128
-355
1692
4015
3761
745
-2069
-722
3111
4849
3482
1169
-682
-1513
-1009
1557
3693
2220
-1467
-4169
-3955
-1174
1741
2321
-218
-4561
-6538
-4282
-961
416
-636
-2964
-4905
-4990
-2496
833
1280
-894
-2463
-1958
-236
1040
1635
1851
1243
738
1837
3637
4272
3253
1944
1956
2978
4110
4744
3775
1826
889
1846
3614
3676
2060
817
-58
-572
-394
74
254
-770
-2314
-2637
-1971
-1594
-1901
-2350
-2412
-2619
-2867
-2444
-2084
-2249
-2409
-2330
-1977
-1651
-1700
-1625
-1196
-1019
-886
-420
-161
-392
-587
-223
421
644
471
273
174
247
423
980
1485
1195
389
-22
234
616
899
1068
825
289
-98
-30
512
670
394
223
-293
202
2866
4664
3333
-284
-1996
670
4121
4520
2584
372
-1141
-1572
-147
2932
3669
245
-3753
-4963
-2942
428
2117
1008
-2631
-6441
-6353
-2806
-39
-44
-2219
-4608
-5455
-4308
-1246
1261
405
-1901
-2734
-1673
111
1194
1784
1949
1033
767
2277
3925
4375
3350
2365
2614
3318
4268
4934
3885
2250
1770
2780
3874
3146
1943
1468
836
15
-357
-274
-289
-1210
-2087
-1797
-1561
-2155
-2798
-2882
-2638
-2371
-2151
-1999
-2576
-3556
-3424
-2175
-1027
-1015
-1846
-2338
-2173
-1594
-374
694
417
-796
-1628
-1024
401
1317
1293
463
-603
-914
-125
1205
1850
1208
237
-415
-453
225
1108
1450
946
-77
-563
-69
542
663
452
135
-142
1159
3601
4238
1976
-1081
-980
2402
4900
4022
1535
-422
-1214
-663
1623
3988
2977
-1137
-4696
-4662
-1343
2172
2769
-133
-4722
-7270
-5160
-962
1070
-237
-3444
-6053
-6008
-3043
824
1827
-819
-3521
-3408
-1080
1067
1930
1861
971
-34
728
3126
4815
4368
2663
1871
2581
3811
4866
4921
3463
2097
2339
3279
3506
2512
1631
1623
1156
91
-566
-690
-841
-1329
-1485
-1309
-2095
-3298
-3547
-2882
-1892
-1571
-2173
-3026
-4049
-4323
-2833
-935
-531
-1744
-3133
-3308
-2167
-442
912
806
-673
-2101
-1934
-134
1558
1908
1089
-215
-1109
-544
1102
2375
2100
612
-595
-619
283
1278
1823
1248
67
-729
-383
714
1274
779
-86
-530
452
3096
4494
2996
-217
-1600
771
4137
4883
2958
351
-1386
-1313
584
3358
3937
787
-3321
-4800
-2879
754
2779
1305
-2662
-6335
-6321
-2927
85
280
-1943
-4850
-6172
-4685
-1264
1306
424
-2323
-3610
-2486
-262
1359
1898
1601
572
170
1629
3717
4559
3661
2421
2379
3342
4299
4723
3967
2725
2572
3226
3681
3081
2026
1641
1350
685
181
-82
-483
-1206
-1753
-1441
-1312
-2259
-3213
-3310
-2843
-2270
-2024
-2225
-2965
-4067
-4128
-2693
-1154
-976
-2000
-3028
-3022
-1888
-338
691
256
-1054
-1804
-1194
328
1502
1596
738
-485
-916
126
1629
2295
1653
381
-372
-336
487
1573
1817
934
-272
-652
220
1051
1156
665
120
-149
639
3056
4500
3183
-22
-1505
807
4080
4810
2873
250
-1457
-1364
573
3343
3763
544
-3467
-4927
-2811
885
2663
981
-3141
-6749
-6366
-2801
169
194
-2423
-5457
-6459
-4588
-994
1325
94
-2665
-3813
-2472
-57
1518
1945
1498
394
244
1939
3917
4599
3686
2526
2602
3517
4452
4871
4044
2759
2408
3185
4069
3586
2314
1574
982
504
428
342
11
-946
-1922
-1798
-1386
-1847
-2663
-2988
-2844
-2599
-2363
-2193
-2634
-3477
-3626
-2729
-1597
-1273
-1877
-2437
-2351
-1876
-864
167
46
-947
-1554
-1077
165
1071
1058
354
-571
-906
-95
1359
2057
1293
-25
-756
-593
320
1281
1539
655
-686
-1000
-99
1043
1295
744
13
-353
-207
1213
3653
4417
2710
-82
-925
1320
3999
4558
2859
252
-1222
-720
1228
3306
2838
-196
-3072
-3750
-1774
1102
2062
203
-3390
-6034
-5146
-1997
185
-248
-2835
-5270
-5583
-3537
-287
1339
-206
-2643
-3441
-2066
324
1923
2207
1411
62
119
2028
3979
4592
3624
2355
2068
2597
3802
4828
4237
2779
1757
2022
2876
2956
2556
1839
596
-371
-560
-144
80
-620
-1432
-1895
-2298
-2677
-2578
-2035
-1853
-2309
-2883
-3243
-3351
-3007
-2200
-1457
-1606
-2442
-2961
-2512
-1500
-728
-368
-614
-1325
-1687
-1050
264
1126
852
38
-505
-430
293
1268
1826
1375
481
-57
179
892
1344
1357
888
259
-109
253
821
1039
877
759
818
1589
3130
3475
2132
58
-108
2117
3943
3373
1310
-467
-970
-272
1219
2617
1653
-1368
-3835
-3761
-1319
1249
1360
-1040
-4409
-6235
-4648
-1575
28
-831
-3342
-5449
-5203
-2775
247
1229
-656
-2759
-2920
-1190
1007
2227
2251
1432
441
910
2879
4482
4581
3491
2485
2675
3547
4344
4509
3523
2593
2692
3151
3079
2333
1517
1369
1114
395
-131
-682
-1215
-1448
-1333
-1051
-1550
-2841
-3584
-3429
-2657
-1753
-1567
-2404
-3809
-4706
-3779
-1696
-461
-895
-2442
-3636
-3240
-1458
371
955
-189
-1776
-2188
-1169
567
1773
1503
84
-1240
-1230
376
1974
2140
1074
-237
-623
-2
1096
1959
1653
602
-244
-285
524
1285
1371
988
487
1291
3163
3795
2464
300
-31
1899
3589
3540
2204
317
-960
-776
926
2891
2477
-361
-3184
-3990
-2187
743
1889
101
-3569
-6197
-5233
-2272
-167
-273
-2543
-5100
-5712
-3761
-373
1282
-197
-2477
-3352
-2053
407
2077
2310
1379
199
586
2474
4149
4570
3533
2352
2366
3346
4532
4815
3581
2462
2396
2745
3044
2690
2112
1515
496
-254
-167
66
-209
-1065
-1756
-1855
-2009
-2263
-2324
-2318
-2456
-2610
-2697
-2760
-2897
-3072
-2783
-2280
-2113
-2096
-2075
-2071
-1829
-1382
-914
-681
-907
-1044
-749
-327
-29
147
222
86
-100
37
487
757
648
494
455
479
478
642
942
931
734
571
558
634
725
806
874
867
1418
3083
4013
3055
835
-132
1498
3687
4215
2943
951
-561
-745
449
2425
2943
845
-2238
-3973
-3130
-350
1664
925
-2311
-5593
-5954
-3584
-1082
-393
-1839
-4282
-5739
-4868
-1985
481
238
-1760
-3116
-2652
-852
955
1875
1701
647
305
1638
3458
4391
3823
2683
2368
3055
4279
5100
4271
2661
1880
2330
3273
3449
2808
1800
510
-437
-337
400
671
-270
-1596
-2249
-2271
-1937
-1571
-1554
-2173
-2997
-3160
-2647
-2190
-2239
-2543
-2685
-2627
-2404
-1870
-1302
-1162
-1442
-1553
-1270
-921
-582
-282
-171
-279
-430
-245
113
262
213
232
296
315
372
456
615
508
287
393
624
680
639
619
537
530
403
482
789
1488
3331
4317
3114
710
-544
1226
3970
4584
3148
1042
-709
-1069
104
2320
3313
1209
-2268
-4359
-3670
-721
1771
1349
-1938
-5749
-6702
-4127
-1068
-52
-1482
-4302
-6099
-5228
-2074
888
788
-1569
-3217
-2916
-934
1345
2447
2098
655
-48
1582
4077
5247
4467
2823
2177
3011
4595
5786
5058
2963
1618
1852
3025
3704
3165
2026
439
-951
-942
47
579
-252
-1751
-2576
-2540
-2220
-1820
-1581
-1998
-2901
-3322
-2857
-2194
-2151
-2475
-2553
-2411
-2183
-1836
-1393
-1169
-1283
-1329
-1063
-806
-670
-539
-398
-376
-390
-119
151
5
-357
-335
59
344
259
101
90
-17
-68
179
592
589
225
-21
275
592
642
708
1523
3210
3959
3059
1206
424
1699
3610
4250
3409
1733
235
-226
665
2444
2950
1154
-1565
-3081
-2395
-355
942
305
-2125
-4759
-5326
-3623
-1576
-998
-2300
-4314
-5216
-4224
-1886
-99
-411
-1918
-2780
-2080
-301
1276
1770
1225
314
512
2259
4197
4821
3878
2611
2327
3376
4968
5767
4764
2711
1379
1709
2948
3671
3237
1754
-142
-1415
-1169
-20
500
-387
-1970
-3025
-3092
-2507
-1789
-1500
-2063
-3055
-3574
-3165
-2411
-1973
-2040
-2386
-2599
-2434
-1872
-1219
-925
-958
-950
-804
-560
-367
-218
-210
-332
-279
140
524
393
-76
-350
-124
279
514
539
298
-151
-361
-95
505
757
386
-76
-360
-105
704
2157
3797
3975
2337
350
179
2233
4426
4681
3108
933
-305
104
1734
3372
3111
600
-2335
-3423
-1851
950
2173
371
-3352
-6058
-5570
-2749
-440
-486
-2811
-5552
-6383
-4501
-1155
776
-296
-2773
-4018
-2925
-313
1932
2462
1249
-417
-428
1752
4396
5389
4294
2465
1785
2906
4935
6285
5580
3482
1734
1492
2581
3696
3769
2489
358
-1251
-1293
-273
415
-212
-1656
-2773
-3048
-2676
-2096
-1781
-2137
-2924
-3463
-3258
-2555
-2115
-2099
-2266
-2339
-2192
-1866
-1417
-1010
-855
-800
-598
-354
-153
-73
-140
-150
-92
88
327
308
43
-114
-67
83
147
108
235
87
-145
-302
-187
-8
43
-80
-237
-147
342
2131
3702
3503
1509
-347
246
2575
4333
4333
2762
537
-662
55
2419
4193
3174
41
-2680
-3078
-886
1932
2659
282
-3768
-6051
-4910
-1980
-11
-474
-2981
-5553
-6100
-3997
-821
522
-791
-2906
-3744
-2618
-355
1575
2211
1189
-169
68
2081
4212
4726
3616
2412
2397
3577
5144
5653
4593
2950
2082
2553
3500
3822
3159
1538
-284
-1077
-472
563
462
-971
-2505
-3214
-3068
-2400
-1781
-1852
-2813
-3881
-3931
-3080
-2265
-2075
-2387
-2751
-2828
-2356
-1379
-660
-762
-1255
-1347
-674
234
735
650
122
-373
-269
440
1136
1195
534
-95
-284
-17
533
855
700
48
-564
-547
-165
90
92
-204
-595
-711
238
2379
3657
2598
253
-787
611
2827
3830
3372
1875
63
-680
471
2766
3804
2124
-881
-2752
-2288
202
2484
2190
-915
-4531
-5583
-3481
-683
421
-873
-3706
-5805
-5270
-2334
451
488
-1758
-3640
-3534
-1668
647
1999
1714
239
-548
783
3169
4551
4180
2888
2081
2545
4046
5585
5589
3996
2410
2072
2912
3840
4022
3129
1175
-721
-1158
-196
730
279
-1239
-2585
-3291
-3246
-2604
-2078
-2298
-3300
-4090
-3920
-3203
-2690
-2621
-2822
-2952
-2733
-2085
-1291
-1053
-1292
-1320
-832
-117
428
635
546
196
-13
499
1371
1800
1370
494
48
318
920
1453
1411
638
-267
-636
-330
178
338
-34
-704
-1277
-721
1521
3449
2969
344
-1772
-1025
1616
3562
3769
2135
-437
-1977
-1033
2098
4336
3126
-299
-3030
-3187
-645
2503
3467
920
-3577
-6049
-4450
-963
1219
535
-2372
-5203
-5756
-3338
136
1357
-415
-2923
-3947
-2735
-232
1853
2288
869
-607
-72
2249
4292
4610
3432
2196
2074
3366
5237
5818
4485
2576
1873
2595
3689
4223
3716
1999
-143
-1077
-176
1134
931
-711
-2382
-3094
-2869
-2221
-1688
-1975
-3268
-4527
-4532
-3476
-2509
-2479
-3178
-3816
-3775
-2881
-1589
-854
-1235
-1991
-2088
-1182
172
1060
973
127
-635
-369
954
2141
2246
1403
440
38
397
1359
2064
1772
605
-504
-687
-118
446
501
1
-342
687
2382
2958
1405
-878
-1300
394
2247
2912
2087
171
-1601
-1919
69
2694
3057
753
-2163
-3420
-2020
828
2841
2144
-1308
-4589
-4918
-2570
199
1170
-297
-2904
-4587
-3703
-855
1121
668
-1200
-2568
-2373
-854
973
1935
1279
31
184
1954
3631
3793
2754
1859
2007
3208
4800
5418
4236
2192
1251
2098
3614
4371
3698
1909
-94
-1106
-312
1276
1655
321
-1670
-2888
-2877
-2215
-1457
-1363
-2391
-3801
-4426
-3955
-3046
-2640
-2932
-3559
-4039
-3727
-2566
-1483
-1419
-2137
-2571
-2008
-800
312
777
429
-376
-758
-21
1336
2272
2169
1299
509
472
1208
2193
2521
1801
698
49
231
784
982
781
974
1908
2750
2283
576
-695
-356
1008
2040
2012
853
-920
-2284
-1955
4
1651
1248
-1009
-3237
-3613
-1827
700
1838
366
-2454
-4163
-3579
-1608
106
380
-878
-2606
-3128
-1629
498
1205
237
-969
-1219
-386
841
1757
1672
606
0
1104
3231
4374
3487
1564
514
1285
3427
5300
5233
3073
621
25
1609
3821
4703
3473
827
-1437
-1701
83
2011
2153
363
-1893
-3067
-2654
-1209
-62
-418
-2300
-4163
-4467
-3275
-1991
-1713
-2541
-3766
-4506
-4177
-2769
-1369
-1138
-2076
-3090
-3113
-1988
-549
371
332
-485
-1141
-929
192
1454
2081
1832
1118
562
718
1603
2505
2559
1805
1054
713
781
1246
2650
4506
4776
2553
-285
-1143
419
2373
3045
2392
475
-2020
-3344
-2160
442
1591
-32
-2824
-4626
-4387
-2152
520
1237
-1090
-4404
-5465
-3562
-935
379
-74
-1747
-3270
-3009
-631
1816
2100
552
-698
-604
528
2019
3049
2729
1242
519
1833
3888
4516
3357
1743
947
1384
2932
4519
4353
2217
35
-201
1325
2955
3587
2892
894
-1274
-1769
-164
1763
1881
289
-1425
-2285
-2141
-1147
-68
-88
-1606
-3318
-3649
-2788
-1941
-1781
-2243
-3084
-3842
-3761
-2703
-1739
-1769
-2476
-2960
-2816
-2227
-1418
-760
-753
-1218
-1378
-838
16
580
748
823
856
809
1139
1727
1995
1720
1348
1417
1744
1840
2544
4237
5338
4399
1868
152
678
2190
3069
2962
1641
-488
-2319
-2458
-656
920
290
-2027
-4279
-4959
-3529
-1165
140
-1081
-3904
-5550
-4745
-2653
-872
-388
-1407
-3023
-3504
-1672
1081
2161
1127
-256
-480
602
2253
3585
3661
2254
1004
1729
3942
5404
4710
2673
1070
953
2382
4302
4842
3108
398
-986
-136
1855
3318
3155
1285
-1160
-2316
-1242
909
2028
1281
-562
-2140
-2546
-1686
-281
416
-414
-2120
-3281
-3208
-2350
-1629
-1556
-2104
-2892
-3347
-3031
-2341
-1984
-2179
-2489
-2488
-2210
-1892
-1603
-1453
-1554
-1656
-1399
-752
-94
213
247
277
318
501
924
1426
1689
1615
1418
1315
1408
2393
4491
6116
5403
2631
407
699
2610
4147
4329
2847
148
-2228
-2396
-219
1802
1250
-1537
-4442
-5474
-3909
-1054
578
-849
-4259
-6493
-5769
-3192
-841
-280
-1825
-4144
-4853
-2605
764
2211
1065
-729
-1349
-329
1707
3713
4214
2695
951
1306
3644
5650
5466
3465
1463
855
2129
4375
5467
4027
1057
-1025
-624
1521
3453
3730
1941
-865
-2550
-1824
541
2317
1926
-84
-2102
-2897
-2020
-267
758
93
-1795
-3305
-3375
-2428
-1493
-1282
-1954
-2933
-3399
-2999
-2126
-1722
-2071
-2576
-2661
-2276
-1678
-1237
-1180
-1545
-1946
-1703
-827
-20
184
-26
-232
-171
147
692
1159
1188
932
854
1120
1842
3326
5051
5517
3753
1261
499
1913
3713
4398
3637
1729
-613
-1890
-902
1274
2122
517
-2366
-4524
-4450
-2257
214
437
-2176
-5260
-6151
-4680
-2358
-666
-628
-2369
-4487
-4539
-1959
837
1494
345
-936
-1275
-459
1333
3199
3565
2229
1124
1845
3683
4806
4320
2888
1655
1481
2667
4281
4627
3106
924
-180
469
2119
3509
3484
1665
-733
-1731
-622
1283
2155
1468
-44
-1482
-2130
-1596
-321
399
-269
-1728
-2774
-2880
-2413
-1925
-1665
-1856
-2484
-3004
-2993
-2546
-2153
-2162
-2330
-2366
-2277
-2017
-1671
-1482
-1463
-1456
-1204
-729
-433
-396
-294
-82
117
247
294
334
327
402
1214
3040
4867
5186
3346
824
-6
1404
3541
4649
3816
1587
-755
-1823
-754
1342
2306
1145
-1486
-3766
-3970
-2012
510
1065
-1199
-4140
-5202
-4072
-2155
-843
-622
-1512
-2942
-3351
-1979
-144
494
-66
-588
-288
464
1215
1733
1674
1272
1486
2707
4026
4124
2806
1273
749
1672
3470
4629
3892
1676
-203
-281
1206
2892
3678
3030
1129
-776
-1146
244
1976
2398
1347
-107
-1072
-1218
-676
10
139
-559
-1554
-2049
-1957
-1795
-1920
-2310
-2680
-2771
-2508
-2126
-2108
-2636
-3201
-3184
-2519
-1728
-1376
-1588
-2089
-2417
-2138
-1216
-185
289
-4
-566
-747
-340
422
1071
1148
605
230
1321
3938
5978
5247
2184
-361
-195
2020
4117
4505
2789
-117
-2289
-2137
65
2135
2028
-390
-3520
-4903
-3133
313
2020
108
-3589
-5619
-4726
-2267
-131
423
-932
-3044
-3699
-1891
688
1618
602
-858
-1429
-682
1128
2897
3044
1343
-171
482
2789
4524
4229
2376
471
-147
1089
3259
4369
3311
881
-987
-901
907
3094
3991
2630
-25
-1756
-1125
1227
3143
3104
1397
-618
-1543
-900
576
1571
1102
-567
-2082
-2376
-1575
-690
-624
-1472
-2622
-3208
-2810
-1955
-1677
-2340
-3179
-3310
-2717
-1980
-1595
-1724
-2233
-2673
-2387
-1233
-23
355
-176
-938
-1131
-499
617
1478
1343
511
489
2233
4660
5419
3524
709
-526
618
2976
4464
3661
858
-2028
-2810
-1144
1144
2014
719
-2057
-4476
-4578
-1940
1164
1555
-1257
-4492
-5330
-3499
-801
797
355
-1611
-3145
-2491
-152
1665
1646
451
-583
-726
214
1848
2966
2512
1071
420
1411
3031
3741
2943
1259
29
377
2099
3555
3261
1472
-248
-696
198
1753
2973
2864
1215
-795
-1484
-315
1646
2855
2552
1055
-567
-1166
-389
905
1448
794
-423
-1333
-1616
-1457
-1163
-1067
-1369
-1913
-2303
-2335
-2283
-2502
-2906
-3095
-2846
-2338
-2003
-2087
-2477
-2773
-2578
-1863
-1006
-470
-473
-764
-838
-407
336
888
956
712
511
762
1805
3394
4454
3797
1588
-413
-501
1328
3443
3942
2208
-570
-2284
-1691
394
1963
1679
-233
-2391
-3218
-2056
109
1248
266
-1880
-3296
-2997
-1452
104
552
-340
-1569
-1729
-604
571
640
-153
-714
-423
425
1187
1344
778
-1
-105
804
1989
2354
1534
188
-654
-318
1035
2411
2674
1587
67
-634
-13
1400
2583
2759
1861
574
-137
201
1225
2111
2312
1840
1093
560
522
842
1086
991
694
380
-6
-553
-1124
-1489
-1591
-1542
-1473
-1582
-2065
-2841
-3488
-3582
-3130
-2567
-2330
-2515
-2892
-3117
-2985
-2520
-1938
-1510
-1290
-1089
-750
-346
-52
93
197
380
740
1255
1709
1803
1525
1263
1396
1883
2356
2464
2032
1174
386
283
999
1917
2178
1476
269
-618
-612
170
983
1097
486
-229
-515
-360
-86
30
-135
-514
-763
-582
-183
-115
-556
-1033
-987
-382
332
619
204
-618
-1084
-686
185
609
179
-616
-1084
-997
-536
-45
73
-359
-979
-1115
-541
269
727
669
331
80
233
834
1512
1789
1592
1290
1192
1321
1588
1889
2065
1983
1735
1531
1412
1277
1109
969
844
642
347
4
-350
-698
-990
-1215
-1449
-1742
-2048
-2295
-2473
-2616
-2703
-2680
-2575
-2438
-2286
-2113
-1931
-1765
-1588
-1341
-1041
-776
-568
-327
-8
290
468
585
766
997
1129
1087
985
986
1102
1228
1281
1253
1158
1002
845
786
853
957
986
892
695
457
268
207
280
382
388
248
22
-177
-246
-152
42
196
173
-38
-296
-402
-250
62
288
226
-82
-409
-582
-593
-509
-387
-342
-498
-838
-1163
-1261
-1116
-900
-806
-876
-964
-904
-693
-448
-234
-41
128
262
416
648
882
981
963
1017
1271
1637
1895
1895
1698
1523
1542
1718
1849
1786
1549
1243
951
728
596
502
320
0
-381
-720
-994
-1214
-1331
-1322
-1310
-1462
-1765
-1988
-1936
-1640
-1292
-1087
-1134
-1389
-1611
-1534
-1133
-646
-336
-291
-411
-550
-570
-400
-94
185
288
215
92
36
80
195
371
563
675
656
544
442
452
596
756
757
546
294
203
294
440
528
517
387
183
51
119
326
494
510
396
217
46
6
181
451
563
373
-15
-352
-466
-358
-171
-112
-295
-642
-952
-1087
-1040
-861
-623
-452
-465
-621
-721
-600
-296
39
258
303
215
130
212
483
799
999
1028
956
907
992
1218
1438
1470
1305
1126
1101
1203
1260
1127
808
425
148
79
138
133
-62
-424
-813
-1088
-1161
-1065
-949
-938
-1037
-1166
-1245
-1230
-1135
-1020
-962
-968
-961
-890
-771
-652
-603
-680
-831
-905
-760
-438
-144
-53
-193
-422
-503
-275
199
634
749
513
181
59
281
714
1064
1086
777
383
200
346
663
889
857
601
317
214
351
591
716
647
485
367
323
321
348
369
292
101
-94
-184
-193
-221
-309
-429
-553
-658
-720
-758
-809
-825
-744
-618
-574
-632
-652
-534
-331
-149
-56
-74
-166
-202
-49
271
538
559
375
234
337
656
991
1146
1059
821
633
668
894
1090
1067
819
480
188
70
171
358
385
141
-234
-505
-560
-451
-319
-300
-418
-547
-563
-493
-452
-467
-479
-476
-470
-415
-301
-264
-442
-738
-897
-806
-576
-375
-291
-375
-606
-794
-707
-344
27
152
25
-170
-266
-192
20
271
443
469
378
261
200
231
320
404
420
359
297
322
465
629
687
603
479
451
533
629
640
561
432
268
103
5
21
60
-25
-245
-447
-492
-440
-416
-443
-486
-540
-611
-616
-493
-344
-347
-505
-618
-533
-306
-108
-58
-157
-329
-433
-348
-87
200
341
285
136
66
182
451
703
773
651
499
483
598
706
670
498
303
217
293
435
473
316
53
-139
-155
-16
170
276
214
13
-154
-143
36
234
309
205
-37
-284
-378
-270
-90
-13
-107
-324
-561
-698
-646
-438
-251
-250
-420
-624
-741
-717
-555
-331
-186
-203
-294
-307
-219
-126
-104
-127
-123
-62
40
127
144
101
88
173
327
461
513
467
355
276
328
480
559
444
227
75
46
79
118
115
3
-201
-353
-318
-171
-116
-236
-421
-505
-435
-290
-200
-260
-417
-495
-376
-150
-12
-44
-152
-221
-198
-74
124
305
368
309
243
278
431
627
740
684
490
326
358
555
715
680
476
238
84
73
193
324
319
141
-79
-193
-154
-17
114
136
25
-105
-105
27
137
120
33
-23
-35
-37
-43
-71
-162
-290
-358
-317
-241
-233
-313
-425
-519
-553
-502
-409
-364
-411
-491
-529
-507
-451
-379
-328
-332
-376
-390
-320
-195
-89
-30
-9
8
60
170
305
400
427
423
434
452
460
462
469
475
454
402
329
257
208
194
187
150
83
16
-42
-107
-175
-224
-261
-311
-359
-362
-324
-313
-386
-500
-559
-500
-336
-170
-107
-174
-283
-300
-161
83
310
393
324
207
178
290
458
566
551
457
373
344
346
332
292
258
244
234
210
168
125
90
60
39
39
70
117
151
144
107
83
89
112
130
143
167
190
181
126
31
-59
-83
-18
82
106
1
-184
-337
-381
-315
-206
-161
-251
-449
-651
-752
-721
-593
-458
-419
-521
-700
-810
-746
-539
-310
-174
-156
-196
-219
-172
-42
137
304
396
393
335
300
335
415
486
499
459
396
332
282
262
263
262
226
145
39
-56
-114
-134
-142
-162
-220
-318
-424
-481
-448
-345
-239
-197
-237
-310
-326
-232
-35
179
311
312
220
139
170
331
540
663
620
452
288
230
281
368
415
374
253
99
-8
-12
68
144
140
74
16
21
71
117
140
157
181
206
220
217
198
177
170
201
263
297
249
135
52
72
163
223
171
24
-135
-244
-283
-269
-257
-324
-509
-756
-929
-944
-848
-770
-797
-906
-1023
-1081
-1037
-890
-690
-526
-462
-465
-443
-339
-176
-8
134
252
340
390
417
450
507
564
595
598
594
591
569
514
449
398
364
324
264
189
110
31
-40
-80
-85
-74
-87
-140
-207
-237
-189
-72
58
138
131
65
22
72
221
391
488
470
373
275
243
297
389
453
435
326
183
80
49
67
76
39
-47
-159
-250
-291
-281
-254
-244
-262
-282
-282
-261
-221
-171
-103
-26
36
71
87
108
154
226
293
326
319
276
218
176
166
175
169
112
-8
-154
-271
-325
-333
-351
-428
-554
-676
-749
-760
-740
-716
-708
-716
-715
-683
-610
-509
-411
-321
-231
-128
-14
97
194
269
336
405
490
579
638
642
607
578
587
616
615
557
465
387
352
339
300
208
71
-59
-117
-90
-28
-14
-100
-261
-388
-385
-234
-31
79
28
-126
-233
-181
17
236
335
267
106
-13
2
121
232
232
118
-28
-115
-122
-92
-88
-135
-210
-269
-286
-274
-257
-267
-289
-284
-233
-151
-92
-88
-114
-103
-11
137
271
325
291
233
233
332
491
618
638
551
427
348
366
452
525
507
386
208
49
-42
-60
-54
-75
-156
-293
-442
-562
-630
-642
-613
-574
-556
-580
-640
-697
-701
-626
-491
-351
-262
-236
-251
-257
-213
-106
33
147
199
194
166
150
161
199
242
264
257
224
179
138
106
97
107
118
108
66
16
-10
4
48
91
108
87
49
27
42
94
154
197
208
183
139
98
81
102
145
181
180
125
34
-53
-95
-69
-8
35
18
-60
-156
-209
-186
-102
-12
29
6
-50
-82
-51
32
130
190
198
172
143
148
194
261
314
320
282
235
209
218
241
246
229
190
153
125
93
56
12
-23
-42
-53
-75
-120
-181
-247
-304
-339
-354
-341
-325
-329
-354
-404
-450
-463
-437
-369
-302
-265
-270
-310
-341
-329
-267
-184
-121
-102
-124
-155
-162
-133
-77
-24
3
7
1
2
18
49
91
135
173
201
218
231
246
273
313
358
389
395
376
338
306
301
323
351
344
282
191
107
72
93
134
142
79
-35
-133
-163
-117
-44
-5
-35
-121
-197
-209
-147
-50
20
31
-3
-45
-50
-3
73
135
165
167
155
143
138
140
150
166
184
196
190
153
95
40
16
18
33
36
8
-55
-134
-200
-231
-223
-199
-185
-194
-239
-302
-345
-352
-317
-259
-212
-202
-238
-287
-304
-269
-194
-123
-101
-135
-196
-233
-208
-139
-69
-50
-98
-166
-205
-179
-102
-25
0
-39
-93
-109
-57
35
112
138
118
92
100
151
229
291
309
295
271
271
306
346
371
364
329
297
283
286
286
265
229
189
147
116
92
66
31
-16
-67
-108
-135
-154
-166
-179
-199
-214
-227
-233
-225
-204
-173
-142
-125
-113
-104
-86
-53
-7
41
74
83
79
76
90
117
145
158
150
129
106
90
86
85
74
52
25
3
-10
-24
-39
-57
-75
-88
-93
-94
-100
-113
-124
-123
-101
-71
-55
-65
-93
-111
-96
-52
-4
16
-8
-59
-96
-97
-60
-19
-10
-46
-105
-150
-150
-120
-89
-95
-135
-180
-195
-168
-123
-97
-108
-144
-164
-133
-57
27
76
79
57
55
104
192
275
316
308
276
260
282
327
361
358
314
260
226
227
240
232
189
119
57
22
19
21
3
-45
-110
-165
-190
-181
-162
-155
-170
-203
-230
-236
-214
-173
-131
-100
-84
-80
-78
-62
-26
23
69
97
100
90
84
95
123
149
159
144
108
75
63
71
81
72
44
6
-23
-37
-40
-43
-53
-67
-77
-73
-65
-64
-77
-93
-97
-82
-48
-16
-9
-32
-65
-83
-69
-34
-4
-7
-41
-87
-114
-111
-89
-75
-87
-123
-157
-171
-160
-140
-133
-142
-160
-168
-154
-127
-98
-80
-72
-62
-42
-9
32
66
87
104
127
158
193
219
229
232
238
248
263
272
269
251
226
202
187
181
173
151
118
83
53
29
15
2
-13
-35
-58
-74
-86
-94
-101
-100
-97
-91
-84
-82
-78
-75
-68
-51
-28
-6
6
10
9
9
18
31
44
50
48
37
24
14
3
-7
-17
-24
-26
-27
-36
-60
-89
-109
-111
-94
-74
-65
-76
-106
-127
-123
-92
-54
-33
-37
-58
-74
-67
-41
-8
10
4
-14
-27
-24
-10
4
5
-7
-23
-32
-30
-24
-20
-24
-32
-41
-42
-35
-25
-19
-18
-15
-11
-2
12
27
38
48
56
64
75
87
98
104
107
109
115
125
133
131
123
113
104
102
101
100
97
82
60
36
23
19
19
15
-1
-20
-41
-55
-60
-61
-59
-60
-66
-73
-78
-79
-76
-69
-60
-56
-52
-50
-49
-44
-40
-31
-21
-15
-12
-11
-10
-8
-5
0
4
7
9
10
5
3
0
1
3
5
5
4
4
4
5
5
6
5
5
8
10
15
19
17
10
3
1
5
9
13
7
-3
-14
-23
-20
-15
-13
-16
-26
-36
-39
-38
-33
-30
-35
-41
-43
-39
-31
-25
-22
-22
-23
-19
-10
-1
8
13
13
14
16
23
31
37
44
44
41
37
35
41
49
56
57
47
38
29
28
35
40
40
30
16
6
2
8
11
9
1
-10
-18
-20
-13
-5
-3
-4
-12
-19
-17
-10
0
7
6
0
-6
-8
-2
4
8
6
-2
-6
-6
0
6
7
-2
-10
-13
-10
-3
0
-4
-13
-20
-19
-13
-5
-2
-8
-16
-19
-16
-9
-2
2
-2
-9
-15
-14
-8
-2
-1
-3
-7
-8
-10
-10
-7
-5
-4
-6
-7
-8
-11
-13
-14
-13
-12
-15
-18
-24
-29
-27
-20
-10
-9
-12
-16
-18
-14
-1
12
19
18
21
26
32
34
33
36
45
55
69
67
56
40
28
40
53
71
82
67
40
27
32
49
68
70
49
28
24
36
38
34
36
32
27
23
19
14
13
18
9
-10
-22
-23
-27
-30
-30
-49
-79
-106
-107
-77
-52
-61
-95
-118
-112
-87
-62
-59
-86
-114
-95
-57
-40
-12
-5
-34
87
552
979
610
-527
-1401
-1143
-177
403
206
-270
-389
-106
263
390
146
-176
-137
377
778
539
-136
-855
-1394
-1567
-1029
-4
557
318
-149
-216
77
439
716
583
113
-112
366
1120
1211
487
-464
-896
-549
339
1278
1548
980
129
-310
-215
-1
158
216
91
-166
-218
122
279
-205
-896
-985
-395
168
303
70
-370
-853
-1039
-655
-44
262
174
15
-45
-91
-74
39
26
-233
-418
-168
309
544
443
213
-32
-232
-195
139
465
452
134
-208
-381
-351
-187
-28
7
-25
30
180
267
174
-44
-221
-237
-75
182
375
361
172
-49
-168
-127
55
273
348
236
69
-42
-95
-134
-128
-74
-17
48
125
157
32
-190
-320
-269
-123
2
99
142
60
-113
-228
-189
-70
34
100
126
81
-5
-50
-54
-73
-88
-20
100
155
122
55
-30
-135
-201
-151
-19
90
105
27
-110
-221
-217
-115
-19
16
20
20
-7
-68
-122
-131
-81
2
89
140
128
76
38
42
77
137
212
257
222
120
38
15
29
57
95
119
89
24
-11
15
86
137
127
79
42
36
30
1
-41
-75
-80
-46
-2
13
-19
-82
-147
-176
-139
-61
-3
22
51
68
22
-80
-148
-122
-38
55
128
154
123
53
-19
-54
-29
38
75
44
-17
-84
-158
-216
-211
-172
-175
-210
-211
-171
-159
-190
-209
-215
-250
-287
-252
-146
-63
-50
-60
-50
-21
5
10
-22
-60
-48
53
197
285
243
117
35
109
298
446
450
336
210
147
137
125
94
75
102
154
174
130
35
-56
-77
-20
41
61
66
99
135
112
43
-1
3
37
92
149
150
80
15
18
39
15
-38
-57
-36
-6
13
-5
-95
-226
-282
-215
-112
-77
-112
-152
-186
-228
-273
-284
-229
-140
-60
-11
4
-25
-113
-212
-226
-124
11
79
77
43
-6
-60
-75
-31
28
71
114
160
156
54
-87
-153
-114
-39
10
37
52
38
-9
-48
-60
-55
-48
-24
20
51
56
40
22
4
8
42
94
133
143
140
129
90
23
-27
-12
43
83
89
78
75
87
91
70
24
-10
16
88
127
84
-2
-56
-53
-18
13
18
-1
-7
18
41
18
-48
-95
-76
-15
32
39
10
-27
-58
-84
-93
-79
-45
-7
11
5
-11
-32
-53
-71
-71
-39
8
35
18
-38
-95
-111
-75
-14
43
75
73
28
-42
-86
-67
0
56
67
43
9
-15
-23
-12
10
35
48
55
58
47
24
-1
-11
-7
9
31
46
39
4
-33
-40
-15
16
26
10
-11
-17
2
23
18
-14
-31
-17
13
26
9
-22
-42
-35
-9
16
24
20
16
11
-5
-27
-35
-15
24
52
49
25
-3
-18
-23
-23
-28
-33
-28
-16
-8
-14
-26
-24
-7
10
18
20
23
27
22
3
-17
-30
-33
-24
-9
7
18
19
14
10
10
22
40
52
47
22
-8
-23
-20
-8
-6
-12
-16
-8
9
19
16
10
17
31
31
10
-17
-28
-21
-5
1
-2
-6
-6
0
7
7
9
15
28
37
30
7
-18
-31
-28
-9
12
23
24
16
2
-19
-38
-39
-20
3
14
5
-11
-24
-34
-40
-42
-36
-29
-23
-17
-10
0
0
-19
-37
-38
-16
18
35
28
12
0
-8
-13
-18
-14
7
34
51
43
18
-10
-23
-10
18
44
51
38
17
2
-2
2
3
5
16
33
41
28
0
-19
-12
12
32
37
28
16
7
0
-6
-12
-10
3
16
19
16
7
-4
-13
-15
-10
-1
4
0
-9
-17
-21
-25
-28
-27
-22
-12
-2
-1
-4
-11
-17
-21
-18
-11
-5
-8
-15
-21
-21
-19
-20
-21
-16
-3
10
7
-5
-19
-22
-16
-10
-6
-10
-18
-19
-19
-20
-18
-15
-8
-3
-1
-3
-5
-8
-8
-4
1
4
6
5
5
5
6
12
18
22
19
13
9
14
24
34
35
32
29
28
26
25
27
30
38
41
36
22
11
7
13
25
34
34
23
7
-5
-8
-1
6
10
7
0
-7
-10
-13
-18
-21
-19
-8
-1
-2
-14
-29
-36
-33
-27
-20
-13
-10
-10
-13
-25
-36
-36
-28
-16
-7
-7
-9
-11
-17
-21
-24
-23
-12
1
8
7
-3
-12
-16
-16
-10
3
14
21
20
10
-3
-14
-16
-8
10
23
30
23
5
-10
-17
-12
