-9
-8
-7
-5
-4
-3
-2
-1
-1
-1
-1
-2
-2
-2
-3
-6
-6
-3
0
2
3
4
5
6
3
4
2
0
-3
-5
-4
-2
-2
-3
-1
2
5
8
8
8
10
9
9
7
5
5
3
2
2
1
2
0
3
3
4
6
6
7
5
5
3
0
-4
-6
-6
-5
-5
-2
-2
1
2
-1
-1
-5
-4
-6
-8
-9
-8
-6
-6
-7
-7
-5
-7
-6
-6
-4
-3
-4
-3
-4
0
1
-1
-2
-1
-2
-1
0
-1
0
0
0
0
-1
1
1
4
4
7
9
10
12
13
12
12
10
7
5
4
4
2
2
5
7
7
10
9
7
4
-1
-4
-6
-8
-7
-6
-4
-6
-4
-2
0
1
-2
-1
0
0
0
-1
-2
-2
-4
-4
-3
-1
1
3
4
8
8
2
0
-4
-12
-22
-23
-22
-23
-27
-33
-28
-22
-23
-21
-18
-16
-21
-33
-37
-44
-56
-64
-73
-75
-68
-71
-67
-58
-50
-35
-33
-32
-27
-15
1
20
40
59
79
94
109
121
122
127
136
142
155
164
175
188
184
182
193
196
185
158
142
144
134
103
78
72
79
64
34
16
12
0
-28
-47
-42
-27
-12
-6
1
4
-9
-29
-58
-95
-134
-158
-155
-152
-164
-158
-104
-30
9
33
126
286
429
506
617
832
1030
1067
951
798
576
137
-490
-1099
-1564
-1933
-2238
-2355
-2187
-1832
-1449
-1092
-723
-387
-197
-182
-273
-405
-571
-750
-853
-794
-595
-321
-14
310
619
855
1009
1070
1027
908
767
624
493
417
463
622
816
1078
1479
1921
2185
2148
1907
1567
1085
433
-203
-605
-743
-708
-534
-171
314
730
925
929
821
635
335
-65
-474
-824
-1115
-1330
-1415
-1384
-1282
-1145
-952
-681
-335
31
374
588
629
557
436
256
-52
-511
-988
-1254
-1283
-1187
-1113
-1022
-803
-459
-160
11
111
224
285
137
-126
-313
-317
-284
-203
272
1432
2834
3768
3952
3683
3144
1976
61
-2080
-3732
-4696
-5103
-4973
-4095
-2648
-1124
118
998
1592
1794
1525
865
21
-846
-1533
-1875
-1708
-1137
-473
101
569
1041
1448
1607
1412
939
355
-118
-359
-356
-194
37
410
939
1508
1912
2064
2053
1954
1746
1463
1265
1312
1548
1711
1608
1291
944
631
252
-268
-806
-1124
-1107
-860
-565
-344
-212
-184
-292
-564
-956
-1352
-1675
-1876
-1934
-1802
-1414
-843
-246
243
514
597
508
283
-26
-401
-748
-988
-1119
-1170
-1232
-1346
-1437
-1460
-1381
-1236
-1071
-786
-423
54
541
920
1211
1333
1388
1281
1038
813
611
421
259
36
-46
42
141
471
900
1778
2846
3408
3496
3204
2661
1598
-205
-2011
-3149
-3877
-4037
-3718
-2783
-1382
-235
782
1436
1585
1356
685
-201
-1020
-1804
-2269
-2437
-2298
-1729
-1147
-589
-101
286
632
816
842
777
583
474
516
601
694
744
891
1115
1265
1321
1310
1246
1242
1239
1230
1271
1367
1595
1733
1498
1017
478
-21
-442
-904
-1164
-1097
-833
-390
47
325
426
260
-21
-346
-820
-1221
-1464
-1512
-1379
-1227
-1011
-736
-553
-447
-450
-565
-670
-752
-727
-559
-421
-326
-285
-310
-324
-452
-675
-783
-731
-517
-260
-16
283
563
667
635
504
239
28
-234
-398
-388
-269
0
336
638
903
1126
1191
1446
1632
2217
3319
4143
4227
3339
2290
1226
-554
-2997
-5018
-6053
-5968
-5210
-3874
-1949
-237
1187
2160
2517
2319
1563
540
-440
-1388
-1979
-2242
-2225
-1706
-1069
-521
-275
-261
-80
187
347
451
407
507
924
1389
1795
1849
1704
1713
1782
1809
1659
1376
1304
1486
1745
1857
1845
1833
1721
1334
571
-232
-782
-1083
-1100
-897
-557
-65
346
623
588
42
-659
-1306
-1796
-2099
-2276
-2161
-1742
-1240
-725
-376
-245
-302
-521
-783
-1116
-1378
-1394
-1163
-834
-570
-381
-251
-325
-544
-800
-1056
-1100
-908
-430
112
438
645
763
680
408
43
-309
-502
-592
-414
12
492
1025
1571
1884
1826
1531
1118
857
671
1125
2542
3908
4329
3720
2909
2018
121
-2662
-4924
-5902
-5663
-4668
-3067
-976
811
2129
2936
2968
2261
1090
-96
-1075
-1893
-2272
-2189
-1895
-1276
-553
-124
-267
-704
-779
-449
-65
308
719
1200
1778
2249
2409
2028
1293
740
483
373
217
97
395
1082
1774
2033
1780
1478
1269
664
-332
-1204
-1519
-1250
-908
-464
49
320
398
245
-259
-1062
-1936
-2431
-2303
-1988
-1505
-765
-73
487
641
324
-147
-770
-1274
-1497
-1615
-1413
-986
-496
23
299
345
245
-49
-330
-524
-604
-463
-163
382
914
1179
1202
932
562
181
-169
-406
-487
-347
162
625
851
1105
1262
1401
1232
790
445
114
-199
-68
385
1476
3192
4379
4869
4241
2987
1420
-1072
-3776
-5786
-6748
-6323
-4904
-2927
-702
822
1862
2361
1971
1046
-237
-1393
-2141
-2554
-2395
-1922
-1438
-800
-386
-331
-660
-1103
-1114
-711
-36
855
1685
2457
3101
3261
2896
1964
925
258
-115
-222
-15
477
1197
1807
2077
2098
1807
1263
704
169
-148
-80
213
762
1230
1436
1411
1024
350
-475
-1420
-2263
-2742
-2706
-2123
-1408
-685
-100
244
262
-152
-735
-1318
-1711
-1710
-1532
-1236
-770
-329
78
205
4
-177
-383
-519
-437
-393
-210
52
229
351
97
-322
-678
-1003
-1148
-1081
-824
-375
49
508
1000
1242
1490
1590
1562
1365
967
737
511
151
-159
-289
108
1637
3454
4502
3999
2693
1755
296
-2274
-5069
-6628
-6431
-5072
-3199
-964
912
2142
2873
2834
1976
600
-600
-1288
-1639
-1638
-1302
-981
-653
-333
-167
-549
-1364
-1650
-1033
171
1397
2339
3085
3614
3648
3122
1988
536
-589
-992
-696
-140
336
1001
1975
2600
2481
1775
1107
676
248
-112
-181
104
497
779
792
437
-284
-1192
-2062
-2719
-3098
-3138
-2702
-1807
-784
87
546
576
348
-139
-728
-1262
-1632
-1622
-1262
-869
-563
-435
-443
-491
-755
-1062
-1111
-968
-575
-95
297
731
930
934
794
336
-259
-756
-884
-695
-432
24
668
1151
1333
1365
1348
1202
894
598
471
409
302
213
119
190
382
919
2376
3871
4340
3687
2591
1610
-71
-2616
-4684
-5531
-5211
-4031
-2442
-599
802
1512
1924
1617
653
-271
-882
-1120
-1197
-1029
-590
-382
-252
-186
-535
-1230
-1800
-1691
-909
113
1170
2130
2732
2937
2598
1842
834
-275
-884
-838
-314
412
1048
1681
2144
2120
1708
1071
525
249
17
11
306
658
976
952
572
1
-860
-1663
-2207
-2519
-2378
-1932
-1318
-489
184
561
691
320
-215
-712
-1134
-1261
-1279
-1108
-778
-598
-581
-672
-824
-960
-1023
-976
-731
-224
371
911
1259
1288
1131
845
416
-150
-588
-835
-930
-847
-752
-439
-62
254
474
577
725
987
1314
1285
1048
743
447
219
-320
-631
-295
256
1729
3520
4401
4194
2905
1643
-11
-2662
-4953
-5924
-5620
-4225
-2524
-684
928
1590
1928
1608
628
-195
-645
-614
-503
-299
210
273
18
-170
-657
-1404
-2183
-2157
-1192
-7
1231
2263
2817
2982
2612
1847
952
-53
-488
-81
839
1817
2271
2283
2118
1570
609
-507
-1254
-1152
-516
367
1302
2039
2400
2105
1159
-140
-1484
-2506
-2987
-2878
-2285
-1469
-693
-95
222
118
-322
-1004
-1500
-1479
-1166
-753
-361
-111
-28
-360
-1100
-1819
-2399
-2589
-2269
-1592
-580
442
1237
1755
1771
1425
841
71
-543
-999
-1291
-1400
-1316
-907
-558
-358
-125
205
738
1339
1849
2231
2450
2339
1850
1101
224
-377
-525
-284
1012
2810
3946
4058
3329
2461
786
-1863
-3822
-4491
-4347
-3449
-2066
-377
876
1191
1233
768
-157
-787
-893
-529
-87
366
970
1001
451
-213
-1134
-2117
-2742
-2426
-1293
-14
1269
2333
2732
2510
1812
837
-116
-797
-756
-63
913
1837
2313
2316
1813
796
-298
-1153
-1411
-987
-278
628
1498
2064
2119
1351
141
-1085
-2161
-2755
-2818
-2397
-1696
-924
-297
-40
-180
-567
-918
-1103
-1022
-680
-195
290
558
445
4
-728
-1451
-1904
-2083
-1834
-1216
-380
505
1071
1307
1251
926
681
408
172
55
-4
193
311
97
-227
-590
-618
-322
-33
627
1293
1833
2153
1814
1352
664
34
123
259
921
2525
3755
3982
2944
1538
162
-2173
-4210
-4825
-4548
-3621
-2407
-865
507
655
347
-148
-980
-1428
-1238
-363
425
773
1229
1079
52
-1050
-2107
-2929
-3259
-2663
-1015
696
2151
3233
3290
2452
1227
53
-676
-954
-606
413
1752
2858
3148
2716
1898
968
274
-166
-172
392
1223
1872
1936
1638
1187
360
-573
-1133
-1253
-1086
-837
-602
-449
-496
-766
-1110
-1408
-1515
-1337
-1003
-525
22
425
535
130
-641
-1377
-2016
-2306
-2108
-1750
-1321
-867
-368
15
-137
-487
-692
-822
-695
-293
244
786
930
710
352
-105
-446
-736
-738
-433
20
601
1130
1529
1594
1340
1073
745
685
1054
1522
2770
4014
4191
3393
1844
376
-1452
-3576
-4467
-4190
-3270
-1808
-461
585
648
-212
-938
-1760
-2195
-1590
-359
910
1509
1687
1465
197
-1286
-2309
-2987
-3233
-2771
-1166
787
2150
2972
3126
2553
1540
564
147
147
371
1016
1803
2433
2452
2039
1599
786
130
91
551
1382
2060
2242
1903
1064
158
-685
-1497
-1756
-1502
-931
-198
348
630
303
-714
-1747
-2264
-2363
-2148
-1562
-876
-338
-58
-174
-514
-897
-1175
-1300
-1524
-1572
-1305
-997
-874
-1115
-1353
-1301
-1245
-1115
-916
-717
-200
343
776
1001
916
830
477
119
53
-72
-33
210
539
883
942
969
1079
925
709
590
818
1623
2295
3078
4034
4263
3576
2105
542
-966
-2637
-3553
-3350
-2614
-1737
-932
-202
-61
-790
-1455
-1786
-1966
-1543
-490
721
1303
1247
992
103
-1149
-1948
-2269
-2268
-1910
-995
256
1120
1499
1560
1244
783
510
613
1093
1670
2129
2384
2357
2012
1369
647
184
144
450
866
1249
1449
1247
667
34
-399
-603
-589
-386
-59
203
281
87
-424
-939
-1226
-1228
-987
-750
-631
-755
-1099
-1464
-1742
-1784
-1671
-1458
-997
-514
-244
-135
-213
-489
-995
-1432
-1367
-1118
-865
-609
-557
-587
-719
-742
-428
-54
420
824
953
1063
982
613
77
-494
-605
-203
318
922
1457
1697
1650
1295
1157
1425
1657
2302
3505
4418
4454
3400
1814
62
-1958
-3322
-3569
-3127
-2274
-1420
-663
-376
-912
-1598
-2116
-2361
-1935
-867
377
1053
1015
537
-468
-1500
-1958
-1959
-1682
-1289
-678
16
359
501
486
267
93
253
886
1579
1928
2118
2273
2144
1761
1489
1478
1488
1349
1283
1295
1137
739
197
-240
-463
-378
21
435
720
865
799
524
130
-251
-542
-736
-699
-440
-252
-349
-731
-1197
-1563
-1759
-1695
-1399
-1085
-942
-865
-775
-756
-823
-900
-875
-827
-737
-568
-546
-755
-1179
-1548
-1655
-1549
-1076
-481
18
293
280
254
42
-252
-349
-247
59
490
890
1059
1050
890
744
665
932
1737
2485
3278
3971
4013
3259
1956
867
-144
-1193
-1660
-1446
-1139
-1206
-1412
-1504
-1694
-2052
-2115
-1761
-1149
-269
438
548
178
-161
-307
-674
-880
-446
97
238
53
-39
-70
-233
-220
45
341
677
1053
1242
1168
1018
1058
1223
1317
1568
1851
1897
1732
1377
1066
833
688
658
402
5
-201
-335
-538
-800
-877
-588
-216
112
287
78
-405
-932
-1291
-1399
-1263
-984
-844
-926
-1054
-1120
-1191
-1280
-1268
-1104
-861
-634
-510
-500
-633
-787
-807
-684
-486
-492
-630
-769
-948
-996
-830
-404
51
322
528
587
407
191
133
172
312
476
622
759
869
992
924
988
1455
1962
2609
3438
3953
3616
2644
1770
939
-49
-666
-675
-700
-1073
-1532
-1889
-2299
-2846
-2936
-2583
-2186
-1462
-485
127
-126
-644
-774
-966
-1099
-626
129
384
220
262
310
132
171
528
646
453
389
483
479
399
623
1041
1357
1636
1761
1693
1356
970
942
1047
1186
1356
1320
976
398
-58
-238
-348
-365
-254
-170
-154
-236
-378
-529
-797
-996
-984
-912
-867
-936
-1112
-1363
-1544
-1373
-964
-601
-370
-305
-381
-457
-398
-265
-197
-155
-133
-222
-406
-666
-925
-1169
-1361
-1302
-1005
-566
-232
-36
206
300
396
610
698
673
559
539
563
474
541
694
966
1439
1697
2005
2630
2990
2703
2063
1733
1360
423
-142
-19
-50
-645
-1344
-1559
-1819
-2406
-2608
-2429
-2351
-2366
-2144
-1841
-1913
-1921
-1478
-1161
-1033
-513
203
406
134
159
484
579
738
1189
1493
1363
1014
861
861
846
1000
1216
1319
1408
1469
1513
1536
1651
1979
2180
2093
1886
1501
920
339
55
75
41
-64
-72
-72
-127
-196
-246
-265
-303
-353
-380
-493
-836
-1265
-1584
-1793
-1856
-1784
-1637
-1557
-1650
-1651
-1424
-1031
-557
-204
1
33
-114
-179
-72
-47
-176
-338
-585
-939
-1328
-1516
-1488
-1476
-1269
-898
-645
-419
-202
94
422
599
770
875
841
897
868
775
913
1170
1665
2372
2972
3145
2520
1801
1499
1067
674
681
778
348
-549
-940
-906
-1239
-1601
-1585
-1505
-1627
-1814
-1795
-1978
-2417
-2363
-1910
-1488
-971
-294
158
33
3
620
1181
1390
1605
1711
1449
1032
989
1322
1550
1675
1778
1660
1423
1223
1081
980
1012
1349
1829
1951
1480
745
105
-417
-682
-530
-318
-555
-1073
-1292
-1175
-917
-572
-301
-216
-240
-194
-139
-273
-535
-840
-1127
-1347
-1499
-1560
-1753
-2234
-2544
-2328
-1788
-1267
-813
-392
-362
-551
-392
83
586
878
841
548
74
-231
-211
-203
-250
-337
-464
-559
-560
-403
-148
8
204
521
747
861
848
815
973
1422
1819
2106
2581
3050
2984
2347
1831
1591
1178
865
1046
1050
405
-475
-922
-994
-1210
-1350
-1370
-1707
-2190
-2348
-2329
-2536
-2875
-2816
-2600
-2603
-2356
-1723
-1256
-1151
-863
-81
709
1289
1882
2179
1974
1576
1393
1546
1794
2018
2136
1987
1758
1651
1626
1691
1656
1544
1386
1059
801
741
646
364
-37
-299
-521
-883
-1107
-1228
-1358
-1315
-1034
-633
-377
-338
-316
-342
-351
-230
-144
-187
-431
-735
-943
-1104
-1230
-1260
-1295
-1390
-1507
-1465
-1219
-954
-677
-386
-134
-30
44
133
211
290
455
632
613
400
17
-309
-595
-597
-271
86
249
202
134
21
28
179
494
607
767
1113
1403
1877
2307
2403
1996
1507
1260
1103
848
839
816
346
-176
-483
-489
-713
-1154
-1345
-1459
-1749
-1962
-2110
-2319
-2641
-2838
-2694
-2578
-2430
-2145
-2000
-1988
-1630
-864
-16
656
1236
1663
1696
1688
1955
2389
2730
2913
2958
2841
2633
2492
2498
2567
2575
2526
2377
2054
1623
1218
863
539
234
-58
-423
-915
-1322
-1586
-1673
-1551
-1362
-1273
-1366
-1513
-1483
-1271
-1030
-786
-621
-567
-671
-804
-793
-812
-989
-1180
-1192
-1156
-1228
-1225
-1080
-1008
-1025
-1018
-944
-896
-912
-782
-503
-114
316
544
586
546
365
167
80
127
286
263
133
117
122
175
290
489
902
1330
1736
2347
2722
2593
2120
1724
1635
1437
1223
1289
1138
524
-55
-304
-405
-875
-1364
-1368
-1373
-1562
-1710
-1837
-2157
-2628
-2809
-2650
-2653
-2602
-2308
-2184
-2165
-1825
-1029
-293
113
585
1023
1078
1130
1575
2272
2784
2947
3061
3155
3140
3079
2941
2802
2706
2527
2302
2094
1874
1573
1176
905
767
464
-85
-722
-1235
-1488
-1556
-1515
-1514
-1677
-1888
-2057
-2031
-1782
-1566
-1525
-1576
-1520
-1234
-899
-593
-319
-313
-545
-841
-1026
-1011
-962
-949
-899
-844
-789
-776
-862
-899
-867
-759
-544
-279
-77
18
51
75
255
559
747
737
630
569
605
583
604
659
603
783
1170
1731
2370
2513
2244
2055
2060
2166
2005
1737
1637
1153
532
287
215
-63
-806
-1402
-1500
-1688
-1994
-2156
-2357
-2659
-2957
-2950
-2719
-2611
-2489
-2481
-2689
-2669
-2180
-1490
-889
-354
198
514
616
969
1517
1966
2261
2473
2696
2862
2987
3133
3164
3096
3071
2990
2791
2496
2187
1875
1460
1137
997
769
290
-230
-546
-788
-1065
-1266
-1397
-1609
-1863
-1949
-1803
-1672
-1656
-1660
-1627
-1526
-1377
-1142
-821
-563
-413
-353
-460
-587
-592
-456
-350
-355
-354
-423
-628
-845
-836
-717
-665
-697
-706
-734
-752
-551
-303
-49
5
-113
-180
-134
47
298
466
561
833
1115
1663
2171
2154
1786
1389
1492
1785
1801
1802
1923
1646
1132
885
958
770
-72
-664
-766
-977
-1415
-1828
-2174
-2652
-3217
-3451
-3384
-3286
-3042
-2856
-2766
-2490
-1894
-1243
-897
-607
-159
109
241
689
1440
2090
2333
2507
2806
2995
3118
3178
3259
3506
3637
3459
3074
2745
2693
2582
2329
2168
1841
1212
529
188
238
68
-443
-931
-1345
-1699
-1975
-2110
-2145
-2314
-2471
-2412
-2272
-2076
-1947
-1947
-1910
-1778
-1478
-1102
-825
-581
-399
-334
-279
-270
-229
-204
-415
-630
-656
-560
-418
-425
-463
-513
-749
-925
-947
-896
-740
-624
-541
-388
-327
-275
-171
-25
391
974
1672
2245
2215
1886
1841
2105
2375
2417
2387
2310
1802
1294
1380
1642
1423
695
182
121
-75
-454
-775
-1219
-1884
-2545
-2887
-2903
-2889
-2952
-3190
-3534
-3526
-3045
-2418
-1841
-1259
-777
-650
-613
-95
812
1531
1921
2210
2446
2584
2751
3071
3424
3630
3652
3501
3303
3238
3116
2726
2321
2128
1979
1549
965
587
274
-133
-433
-575
-781
-1240
-1710
-1830
-1817
-1981
-2318
-2649
-2758
-2650
-2419
-2141
-1941
-1850
-1824
-1753
-1511
-1178
-876
-662
-527
-383
-212
-63
25
97
148
71
-130
-262
-192
-85
-87
-132
-235
-366
-437
-475
-466
-480
-500
-431
-351
-71
470
1015
1497
1664
1530
1525
1677
1841
1898
1905
2056
2020
1725
1662
1747
1580
1071
586
449
233
-224
-529
-795
-1288
-1892
-2325
-2478
-2586
-2724
-2867
-3100
-3235
-3147
-2917
-2590
-2236
-1847
-1510
-1258
-772
-60
578
1027
1370
1816
2173
2377
2693
3053
3605
4038
3733
3417
3540
3523
3180
2788
2696
2444
1704
1385
1431
1126
540
-115
-358
-398
-900
-1330
-1454
-1676
-1907
-2050
-2079
-2162
-2341
-2378
-2451
-2455
-2168
-1949
-1781
-1428
-1084
-976
-999
-828
-534
-330
-138
-46
19
125
158
272
404
433
358
207
86
-73
-198
-152
-176
-349
-502
-683
-747
-709
-525
-110
439
1046
1129
744
605
902
1255
1404
1437
1584
1476
1023
1014
1425
1577
1067
483
367
299
-44
-308
-485
-848
-1348
-1810
-1999
-2077
-2216
-2490
-2799
-2927
-2780
-2532
-2253
-1860
-1565
-1521
-1585
-1268
-506
243
676
999
1466
1997
2458
2809
3091
3319
3470
3449
3373
3445
3528
3371
3097
3009
2951
2545
1981
1607
1423
1167
741
352
-27
-549
-1071
-1336
-1455
-1689
-2037
-2288
-2397
-2357
-2221
-2121
-2049
-1992
-1950
-1921
-1765
-1501
-1314
-1229
-1111
-946
-778
-619
-486
-327
-223
-225
-236
-97
63
151
156
58
-78
-268
-304
-238
-257
-350
-541
-672
-493
-174
172
539
619
479
264
354
755
984
1040
1107
1177
1171
1116
1162
1327
1185
889
845
928
792
377
-4
-355
-782
-1134
-1327
-1590
-1911
-2239
-2533
-2633
-2497
-2195
-1966
-1862
-1714
-1530
-1318
-916
-419
66
423
653
1110
1738
2203
2392
2483
2818
3133
3319
3758
3867
3364
2866
2775
3057
3066
2646
2116
1464
1082
1079
1042
847
126
-786
-1149
-1104
-919
-1002
-1624
-2412
-2939
-2934
-2588
-2268
-2053
-2284
-2794
-2806
-2296
-1657
-1172
-1041
-1207
-1450
-1411
-1003
-470
-17
79
-201
-413
-307
-12
285
393
284
132
72
98
167
267
262
-19
-335
-192
268
649
887
961
883
643
527
740
982
1005
958
908
854
819
863
965
824
620
599
575
395
173
29
-205
-604
-911
-1030
-1225
-1486
-1756
-2041
-2235
-2251
-2122
-1999
-1914
-1832
-1781
-1710
-1398
-912
-454
-76
258
683
1250
1855
2205
2303
2488
2804
3054
3209
3310
3266
2960
2686
2815
3051
2865
2180
1501
1241
1143
1045
906
477
-219
-905
-1258
-1224
-1153
-1346
-1843
-2328
-2454
-2323
-2114
-1882
-1757
-1896
-2153
-2162
-1854
-1440
-1131
-1045
-1107
-1113
-936
-618
-337
-152
-130
-195
-174
-26
144
208
172
91
123
228
274
179
14
-69
75
387
653
888
990
887
642
654
945
1016
794
669
764
741
633
643
715
495
153
112
287
316
48
-262
-553
-876
-1143
-1232
-1330
-1557
-1799
-1966
-2016
-2002
-1851
-1731
-1736
-1673
-1499
-1298
-1103
-859
-488
-104
168
550
934
1143
1316
1541
1904
2257
2552
2828
2915
2886
2914
2974
3020
2953
2774
2541
2240
1996
1855
1698
1346
794
326
-17
-338
-571
-763
-1050
-1438
-1778
-1868
-1808
-1780
-1822
-1948
-2048
-2001
-1845
-1609
-1340
-1173
-1108
-1136
-1096
-880
-660
-578
-624
-646
-583
-486
-408
-310
-237
-260
-386
-403
-236
-150
-202
-271
-87
185
335
576
802
792
619
535
688
835
734
693
690
568
450
396
515
524
331
281
302
235
130
-54
-306
-640
-980
-1107
-1187
-1286
-1395
-1645
-1882
-1947
-1782
-1502
-1348
-1296
-1292
-1302
-1124
-724
-160
343
641
910
1136
1435
1829
2072
2244
2406
2575
2751
2788
2821
2828
2615
2442
2407
2375
2179
1718
1375
1247
1053
788
470
118
-280
-654
-752
-713
-873
-1237
-1640
-1863
-1872
-1778
-1601
-1489
-1536
-1623
-1641
-1506
-1271
-1059
-889
-833
-845
-732
-543
-397
-301
-253
-200
-231
-340
-347
-352
-444
-517
-527
-455
-425
-418
-223
34
238
430
513
422
223
170
411
636
694
742
713
508
251
208
405
437
240
150
150
50
-149
-321
-418
-611
-903
-1055
-1071
-1101
-1223
-1389
-1414
-1277
-1134
-1055
-971
-871
-791
-739
-608
-284
112
467
853
1199
1396
1460
1502
1729
2094
2424
2644
2634
2497
2430
2437
2496
2467
2272
1996
1668
1423
1281
1029
609
117
-270
-455
-559
-664
-872
-1255
-1640
-1858
-1865
-1772
-1746
-1793
-1878
-1923
-1812
-1562
-1260
-1034
-950
-901
-781
-580
-365
-204
-66
32
36
25
69
111
46
-105
-158
-109
-113
-201
-284
-276
-154
84
423
712
761
544
276
206
373
584
662
641
567
424
287
228
241
191
5
-133
-138
-110
-183
-437
-741
-972
-1154
-1249
-1260
-1258
-1347
-1562
-1689
-1582
-1327
-1048
-861
-787
-782
-764
-611
-289
182
696
1048
1159
1171
1297
1581
1895
2218
2531
2704
2692
2603
2617
2675
2568
2322
2086
1928
1783
1550
1244
879
434
3
-301
-449
-575
-873
-1301
-1694
-1939
-1989
-1920
-1851
-1892
-2040
-2143
-2117
-1950
-1663
-1378
-1193
-1090
-927
-637
-369
-202
-69
87
253
395
543
673
694
633
563
540
533
435
255
79
54
211
378
509
568
486
282
83
86
223
295
356
431
457
387
251
178
108
-26
-95
-104
-122
-221
-462
-774
-1105
-1384
-1541
-1642
-1707
-1748
-1811
-1853
-1820
-1673
-1468
-1288
-1070
-805
-565
-353
-166
58
345
716
1203
1595
1735
1715
1664
1728
1945
2299
2703
2860
2718
2487
2276
2117
1984
1909
1906
1818
1621
1366
1013
586
144
-187
-344
-461
-622
-890
-1266
-1633
-1907
-2011
-1972
-1930
-1934
-1992
-2049
-2016
-1886
-1670
-1437
-1234
-1003
-730
-419
-151
-17
24
67
177
349
547
724
774
665
538
502
522
530
548
624
689
727
762
745
630
442
278
186
134
116
93
27
-71
-183
-283
-373
-461
-509
-526
-537
-547
-602
-713
-861
-1022
-1170
-1313
-1406
-1412
-1401
-1401
-1375
-1304
-1227
-1191
-1123
-963
-780
-606
-396
-97
241
518
757
1015
1274
1511
1727
1957
2191
2367
2482
2577
2663
2693
2573
2352
2153
1990
1843
1704
1579
1394
1056
659
340
108
-86
-270
-443
-638
-880
-1090
-1220
-1308
-1400
-1501
-1574
-1609
-1609
-1561
-1495
-1452
-1437
-1407
-1304
-1123
-925
-769
-663
-601
-573
-514
-379
-218
-110
-52
-9
9
-6
2
65
164
270
387
509
583
577
524
471
425
352
254
170
133
145
165
164
122
16
-133
-256
-299
-277
-262
-303
-394
-507
-621
-735
-839
-906
-939
-951
-923
-821
-661
-506
-401
-342
-304
-271
-203
-65
128
334
513
673
842
1033
1235
1393
1453
1436
1419
1476
1597
1744
1865
1895
1817
1692
1599
1555
1497
1387
1245
1092
932
741
511
256
-25
-316
-556
-720
-830
-957
-1130
-1302
-1439
-1546
-1608
-1614
-1586
-1562
-1562
-1546
-1495
-1424
-1341
-1241
-1124
-1003
-878
-733
-584
-464
-383
-322
-261
-200
-141
-82
-40
-23
-20
-9
29
104
213
346
471
553
584
576
548
516
487
467
450
438
450
482
510
515
472
375
247
133
77
65
49
4
-62
-129
-189
-235
-251
-274
-337
-422
-461
-404
-296
-209
-172
-183
-222
-256
-237
-144
-31
49
115
219
370
525
632
694
732
759
808
891
999
1092
1131
1132
1126
1117
1085
1012
929
858
801
734
624
470
285
87
-77
-190
-277
-380
-526
-700
-864
-989
-1077
-1154
-1249
-1356
-1440
-1475
-1467
-1429
-1371
-1314
-1267
-1219
-1137
-1014
-880
-759
-629
-480
-322
-175
-55
43
118
174
235
311
398
474
526
564
595
628
651
650
625
586
551
532
515
500
476
444
408
380
367
358
332
291
253
228
208
190
159
100
13
-83
-162
-214
-244
-264
-283
-308
-335
-353
-347
-329
-317
-315
-319
-310
-277
-213
-121
-27
35
55
64
96
152
223
302
385
454
503
548
612
678
723
744
756
761
753
739
731
716
672
592
500
400
274
135
9
-100
-215
-337
-444
-534
-622
-722
-811
-880
-937
-985
-1011
-1003
-970
-922
-861
-802
-753
-716
-680
-627
-548
-447
-344
-256
-179
-105
-26
54
137
222
288
326
342
360
386
409
421
433
440
430
399
366
338
300
244
178
121
77
43
26
28
33
27
13
-3
-29
-74
-135
-196
-249
-284
-292
-276
-247
-220
-214
-222
-232
-242
-247
-234
-199
-145
-82
-16
57
127
186
232
271
310
346
388
446
526
613
694
760
807
834
851
869
887
898
902
898
883
852
800
726
632
520
400
282
172
55
-74
-217
-362
-506
-651
-791
-917
-1024
-1112
-1173
-1207
-1219
-1229
-1237
-1234
-1208
-1151
-1071
-969
-864
-756
-655
-554
-451
-355
-269
-196
-134
-79
-18
50
116
166
196
213
224
238
262
291
315
330
335
338
348
367
382
386
376
357
331
314
308
305
292
266
232
198
162
132
111
93
75
56
36
23
17
12
10
15
26
37
48
65
93
121
146
167
199
233
262
295
330
359
377
386
397
410
421
428
427
422
419
408
392
375
359
341
311
269
222
178
134
84
26
-34
-101
-183
-278
-363
-436
-508
-581
-644
-699
-748
-797
-828
-831
-836
-844
-846
-830
-794
-755
-713
-660
-605
-549
-491
-440
-378
-305
-236
-172
-109
-45
18
75
128
178
223
253
274
290
298
304
301
296
296
297
296
299
304
305
299
292
291
295
301
304
302
305
300
289
273
252
233
206
179
154
131
111
94
79
70
64
60
56
52
50
52
57
70
84
98
111
120
129
137
145
150
147
138
124
111
99
88
76
61
46
30
13
-7
-30
-53
-81
-106
-136
-165
-192
-217
-241
-263
-285
-303
-321
-340
-351
-359
-361
-355
-347
-335
-319
-298
-271
-246
-221
-194
-168
-143
-122
-103
-80
-60
-43
-25
-10
5
18
26
30
33
37
45
56
71
90
108
123
139
151
163
174
180
188
199
209
214
216
211
200
184
165
143
124
105
89
74
60
42
23
7
-3
-9
-12
-11
-12
-9
-8
-9
-11
-16
-18
-22
-23
-24
-24
-20
-14
-8
-4
-2
-3
0
7
14
27
41
53
66
79
90
95
98
101
100
99
94
88
88
88
87
83
70
54
35
14
-4
-21
-32
-37
-42
-48
-59
-64
-70
-77
-86
-96
-105
-110
-107
-95
-79
-61
-49
-52
-55
-62
-69
-72
-76
-78
-77
-73
-66
-62
-64
-65
-72
-77
-79
-83
-85
-84
-78
-65
-49
-36
-24
-20
-15
-15
-14
-6
5
19
31
38
46
51
51
49
48
49
46
41
35
31
32
32
31
28
23
20
14
9
8
9
13
18
21
24
29
36
45
54
60
64
67
72
73
78
86
91
92
89
90
93
94
95
93
88
79
69
62
60
60
58
48
31
18
16
19
17
12
2
-11
-26
-33
-31
-29
-37
-47
-59
-70
-74
-70
-67
-71
-81
-95
-111
-124
-124
-118
-119
-129
-141
-151
-160
-168
-166
-160
-153
-150
-152
-148
-139
-125
-113
-106
-95
-80
-69
-64
-56
-36
-5
12
13
19
35
52
62
67
76
92
103
100
98
104
125
141
139
135
137
147
154
147
140
141
136
123
107
100
103
101
87
67
53
45
33
19
10
6
5
-7
-22
-32
-34
-33
-28
-21
-13
-8
-8
-6
-6
-10
-17
-26
-30
-33
-31
-28
-24
-22
-23
-24
-29
-40
-47
-51
-50
-48
-53
-52
-47
-43
-45
-46
-47
-48
-45
-38
-33
-26
-24
-27
-31
-35
-32
-28
-25
-20
-14
-10
-12
-17
-17
-11
-12
-14
-17
-19
-14
-6
4
12
19
23
24
22
16
14
13
20
29
43
58
64
63
54
47
42
39
44
53
66
71
69
65
64
63
57
46
37
39
36
33
35
34
30
14
-2
-21
-35
-42
-44
-39
-40
-43
-52
-62
-69
-72
-68
-63
-54
-52
-52
-48
-46
-39
-38
-32
-25
-19
-12
-7
6
16
22
22
16
14
9
11
17
27
37
39
32
19
10
3
4
6
8
14
18
16
8
3
2
2
6
8
10
12
10
9
10
11
10
8
6
8
7
0
-2
3
6
0
0
2
-4
-13
-24
-27
-27
-24
-23
-25
-26
-28
-32
-35
-32
-24
-21
-21
-22
-19
-17
-18
-13
-6
-1
3
7
9
6
6
11
14
20
29
36
36
30
24
17
8
7
11
14
11
7
6
1
-8
-13
-13
-12
-9
-5
-2
2
5
5
4
6
9
11
13
13
19
22
23
24
28
31
28
23
22
22
17
12
7
0
-5
-9
-15
-18
-15
-16
-19
-21
-20
-21
-21
-20
-19
-15
-12
-9
-8
-8
-6
0
4
6
7
7
11
14
11
13
13
10
3
1
0
-3
-7
-10
-11
-17
-25
-30
-30
-35
-41
-46
-47
-48
-49
-50
-51
-46
-40
-35
-35
-32
-30
-27
-24
-20
-15
-6
5
12
18
21
25
32
32
33
36
39
47
52
53
56
59
56
49
44
45
46
45
43
47
52
51
48
47
50
50
46
44
43
43
38
33
30
28
22
16
9
4
-3
-14
-25
-31
-36
-44
-53
-59
-64
-69
-77
-79
-76
-75
-76
-77
-71
-67
-63
-58
-48
-37
-32
-30
-22
-17
-15
-8
1
9
12
12
14
18
20
21
24
28
29
25
20
16
15
14
10
5
2
-1
-7
-12
-13
-13
-14
-16
-17
-20
-22
-23
-23
-20
-15
-13
-11
-9
-7
-7
-3
-1
4
8
7
7
11
19
24
27
34
38
38
42
47
47
51
51
46
49
46
44
42
38
37
39
40
44
45
45
49
46
39
38
32
27
25
16
10
9
-1
-11
-20
-33
-41
-48
-59
-63
-70
-76
-74
-75
-77
-79
-84
-84
-81
-81
-76
-66
-61
-55
-48
-38
-30
-24
-18
-9
0
6
12
21
25
24
27
32
35
36
37
38
39
36
32
32
32
28
25
22
23
23
19
16
13
11
5
3
2
2
3
2
1
1
0
-2
-4
-6
-8
-7
-6
-3
0
0
0
-1
-1
0
0
-2
-1
0
1
3
4
6
9
11
10
11
10
7
9
8
8
12
13
17
21
24
24
18
15
14
12
10
12
12
11
11
8
2
0
-1
-3
-7
-11
-16
-18
-23
-24
-25
-25
-27
-31
-35
-37
-38
-38
-35
-32
-30
-31
-30
-26
-24
-20
-19
-21
-16
-11
-6
0
5
10
12
11
13
13
15
18
20
20
21
21
23
27
29
27
22
17
15
16
18
18
15
11
6
2
-2
-3
-1
0
-1
-2
-3
-5
-5
-7
-5
-7
-9
-10
-10
-11
-13
-14
-14
-14
-12
-10
-10
-7
-3
-2
1
0
0
3
7
8
9
11
12
12
13
13
13
16
16
19
19
20
18
21
20
22
23
21
17
10
5
2
1
3
3
2
-2
-7
-10
-13
-14
