0
2
-1
-1
-3
-3
-2
-5
-2
-2
-3
-7
-8
-6
-9
-13
-13
-12
-12
-9
-7
-10
-10
-12
-14
-13
-12
-8
-6
-5
-5
-7
-8
-9
-9
-9
-10
-11
-7
-5
-4
-3
-1
-3
-2
0
2
8
7
8
8
11
15
14
17
19
18
15
15
13
12
14
12
11
11
9
11
8
4
3
0
1
2
3
0
-1
0
-2
-2
-4
-7
-12
-13
-11
-11
-10
-12
-14
-15
-21
-22
-16
-15
-18
-15
-10
-12
-10
-4
-3
-7
-9
-5
-4
-4
-2
0
0
0
2
5
7
4
9
12
12
16
19
20
20
25
32
30
31
26
24
26
20
16
16
11
9
6
1
0
-2
4
6
6
7
4
3
6
8
14
16
8
-1
-14
-23
-34
-38
-42
-47
-46
-48
-43
-39
-37
-18
18
65
116
186
252
291
304
267
198
94
-43
-174
-284
-375
-482
-554
-602
-646
-658
-688
-685
-624
-553
-450
-356
-265
-175
-116
-81
-58
-22
37
118
219
315
420
507
556
586
580
565
534
452
364
278
207
158
115
95
110
144
211
299
381
456
512
575
645
685
714
715
694
669
564
442
336
242
180
136
101
61
11
-57
-144
-231
-322
-396
-453
-528
-583
-634
-695
-752
-821
-857
-842
-818
-766
-725
-676
-586
-482
-359
-246
-159
-111
-116
-151
-197
-248
-281
-287
-299
-331
-386
-463
-524
-560
-562
-533
-482
-400
-293
-141
98
457
973
1567
2191
2636
2832
2630
1924
992
31
-744
-1262
-1418
-1397
-1385
-1491
-1762
-2131
-2479
-2616
-2412
-1843
-1013
-119
608
964
883
494
41
-215
-109
382
1109
1819
2273
2336
2005
1394
711
181
-49
54
390
768
999
935
591
123
-251
-359
-145
330
885
1320
1500
1412
1169
892
710
724
924
1215
1461
1530
1324
851
207
-451
-940
-1169
-1146
-970
-787
-715
-800
-997
-1215
-1366
-1400
-1325
-1192
-1059
-973
-970
-1039
-1135
-1195
-1162
-1012
-766
-509
-327
-274
-349
-494
-628
-703
-712
-684
-659
-655
-664
-670
-676
-683
-672
-628
-519
-312
-32
262
496
612
600
492
362
302
418
791
1443
2304
3207
3872
4031
3528
2450
1093
-173
-1046
-1419
-1370
-1166
-1065
-1211
-1600
-2099
-2539
-2694
-2394
-1615
-508
640
1501
1808
1509
795
33
-402
-325
230
1036
1764
2131
2017
1458
602
-303
-1008
-1342
-1244
-809
-233
265
504
437
184
-50
-91
134
575
1076
1446
1552
1384
1054
701
458
399
516
745
940
989
832
466
-38
-557
-936
-1099
-1040
-847
-666
-603
-695
-899
-1101
-1188
-1144
-1017
-898
-875
-953
-1083
-1191
-1207
-1109
-895
-587
-236
81
284
305
126
-179
-478
-654
-651
-541
-432
-400
-453
-517
-506
-402
-262
-159
-116
-96
-8
173
405
585
627
555
439
381
431
628
1027
1682
2629
3678
4455
4508
3585
1903
-20
-1543
-2265
-2232
-1836
-1549
-1605
-1966
-2426
-2841
-3129
-3139
-2738
-1799
-369
1202
2360
2603
1846
546
-557
-907
-407
594
1525
1964
1821
1277
551
-210
-897
-1389
-1522
-1205
-526
237
734
795
563
434
731
1468
2333
2875
2793
2116
1185
436
108
148
335
487
534
504
431
281
10
-385
-784
-984
-874
-541
-247
-240
-591
-1118
-1517
-1582
-1312
-940
-744
-848
-1164
-1468
-1569
-1426
-1156
-887
-682
-523
-335
-113
80
158
96
-58
-204
-285
-338
-440
-640
-905
-1108
-1112
-884
-506
-130
90
119
12
-114
-127
9
256
517
697
747
681
576
504
489
498
502
567
860
1558
2692
3990
4891
4887
3785
1922
-18
-1393
-1937
-1818
-1481
-1361
-1559
-1937
-2319
-2628
-2857
-2866
-2408
-1343
226
1849
2866
2766
1611
34
-1126
-1320
-595
546
1468
1785
1482
830
94
-606
-1207
-1600
-1637
-1221
-461
328
777
705
303
29
287
1081
2044
2654
2508
1649
462
-522
-966
-882
-550
-234
-28
55
89
80
-29
-242
-488
-561
-299
229
736
906
598
-82
-796
-1236
-1307
-1147
-1005
-1049
-1242
-1401
-1388
-1198
-953
-786
-693
-562
-273
185
668
945
888
544
101
-233
-367
-363
-329
-357
-455
-558
-615
-620
-583
-507
-381
-206
-2
177
305
373
406
453
504
534
544
561
602
652
648
605
707
1212
2333
3881
5213
5503
4252
1791
-939
-2909
-3608
-3208
-2442
-2055
-2232
-2671
-2940
-2936
-2853
-2759
-2466
-1600
9
2012
3585
3872
2658
606
-1093
-1558
-734
707
1865
2180
1668
759
-140
-911
-1577
-2070
-2163
-1661
-632
539
1289
1294
701
73
-20
608
1704
2761
3318
3150
2361
1279
251
-472
-795
-703
-291
228
601
655
373
-125
-651
-985
-983
-629
-53
520
853
770
219
-658
-1540
-2096
-2167
-1852
-1436
-1188
-1196
-1334
-1365
-1130
-676
-191
168
384
546
731
864
784
384
-284
-962
-1359
-1349
-1074
-822
-808
-1036
-1327
-1466
-1334
-975
-533
-104
291
659
951
1072
980
742
503
383
418
540
629
620
514
355
218
228
626
1651
3295
5054
6065
5574
3481
531
-2101
-3477
-3430
-2525
-1666
-1386
-1589
-1872
-1976
-2002
-2102
-2141
-1690
-393
1611
3574
4460
3683
1601
-659
-1933
-1779
-640
596
1206
1002
298
-487
-1161
-1743
-2232
-2441
-2108
-1152
175
1359
1918
1706
1049
518
556
1213
2167
2927
3080
2481
1303
-22
-1075
-1632
-1678
-1353
-868
-395
-38
134
121
-84
-422
-680
-637
-197
505
1099
1207
678
-314
-1373
-2078
-2263
-2086
-1852
-1792
-1900
-1970
-1798
-1343
-731
-164
229
495
730
971
1133
1055
667
78
-462
-730
-679
-500
-476
-739
-1191
-1575
-1629
-1271
-629
64
593
879
973
967
932
934
1010
1155
1302
1347
1235
1003
734
480
250
69
93
616
1909
3882
5819
6645
5568
2756
-675
-3291
-4162
-3379
-1879
-804
-714
-1320
-1985
-2372
-2593
-2815
-2863
-2281
-752
1475
3494
4160
2914
333
-2188
-3362
-2813
-1176
486
1347
1215
468
-388
-1123
-1760
-2282
-2456
-2000
-871
596
1800
2180
1624
604
-107
41
1037
2364
3302
3326
2368
858
-559
-1419
-1656
-1463
-1055
-565
-39
487
899
1009
690
83
-400
-322
418
1476
2233
2186
1249
-204
-1556
-2327
-2433
-2165
-1904
-1826
-1845
-1753
-1427
-936
-460
-125
123
475
1040
1680
2047
1828
989
-160
-1107
-1474
-1258
-815
-613
-865
-1425
-1943
-2106
-1831
-1260
-634
-110
300
633
875
970
907
805
813
979
1197
1265
1030
501
-115
-571
-677
-321
543
1960
3752
5346
5966
5032
2622
-397
-2822
-3788
-3226
-1889
-829
-620
-1138
-1841
-2324
-2561
-2662
-2565
-1974
-628
1341
3235
4071
3261
1133
-1232
-2637
-2526
-1219
426
1567
1806
1301
460
-421
-1214
-1845
-2128
-1810
-821
593
1909
2550
2237
1256
266
-91
427
1512
2537
2901
2355
1123
-269
-1347
-1896
-1944
-1614
-1019
-278
452
952
999
523
-279
-942
-998
-302
817
1724
1852
1004
-512
-2076
-3121
-3417
-3137
-2631
-2166
-1802
-1461
-1078
-691
-402
-224
-35
355
1021
1784
2264
2121
1299
91
-986
-1511
-1402
-939
-550
-521
-849
-1288
-1538
-1421
-957
-326
293
806
1193
1469
1622
1658
1609
1508
1389
1264
1114
898
584
200
-140
-240
132
1126
2710
4471
5684
5649
4115
1518
-1224
-3172
-3812
-3264
-2191
-1332
-1056
-1280
-1746
-2279
-2788
-3113
-2963
-2087
-475
1483
3024
3369
2250
164
-1879
-2959
-2732
-1486
115
1396
1956
1763
1006
-83
-1249
-2174
-2483
-1925
-592
1069
2394
2816
2212
1006
-82
-451
68
1118
2077
2393
1859
714
-566
-1548
-1986
-1842
-1210
-252
793
1628
1969
1663
805
-218
-873
-779
45
1134
1836
1687
639
-931
-2428
-3352
-3526
-3107
-2383
-1610
-919
-376
-61
-12
-160
-317
-197
386
1356
2337
2826
2489
1368
-115
-1395
-2045
-2004
-1561
-1128
-976
-1129
-1420
-1622
-1582
-1278
-800
-238
385
1047
1676
2112
2195
1883
1283
634
214
168
412
694
793
752
841
1368
2426
3687
4518
4316
2918
744
-1433
-2944
-3512
-3298
-2735
-2191
-1799
-1498
-1266
-1222
-1476
-1897
-2124
-1740
-586
1057
2527
3097
2458
929
-731
-1796
-1944
-1316
-328
581
1139
1290
1056
459
-448
-1476
-2217
-2237
-1353
226
1891
2957
3041
2265
1173
412
347
871
1538
1896
1746
1179
432
-303
-935
-1429
-1703
-1618
-1065
-145
791
1295
1113
372
-484
-925
-676
123
989
1385
1043
76
-1136
-2184
-2822
-3019
-2862
-2453
-1847
-1114
-404
86
206
-4
-303
-360
32
798
1599
2009
1776
944
-164
-1136
-1682
-1765
-1556
-1282
-1077
-958
-871
-775
-681
-606
-526
-341
73
740
1520
2144
2371
2139
1602
1037
668
568
660
856
1166
1707
2566
3587
4337
4302
3218
1302
-854
-2583
-3455
-3454
-2929
-2299
-1813
-1481
-1241
-1108
-1167
-1421
-1697
-1686
-1116
11
1349
2327
2470
1693
366
-902
-1601
-1556
-946
-124
595
1041
1186
1046
624
-77
-943
-1690
-1948
-1469
-327
1068
2187
2632
2333
1566
777
317
267
433
572
566
438
257
45
-237
-615
-1025
-1282
-1159
-579
261
969
1201
877
240
-315
-477
-200
253
509
315
-291
-1047
-1672
-2029
-2161
-2173
-2113
-1926
-1500
-818
-41
562
790
645
351
186
317
682
1048
1155
901
393
-172
-635
-956
-1194
-1410
-1577
-1582
-1322
-827
-288
72
150
34
-36
154
669
1350
1919
2150
2000
1604
1157
821
712
916
1496
2461
3629
4595
4844
3995
2083
-397
-2724
-4245
-4664
-4135
-3100
-2027
-1204
-749
-683
-984
-1549
-2128
-2396
-2060
-1038
425
1793
2503
2262
1222
-136
-1241
-1696
-1414
-605
372
1199
1680
1732
1354
596
-392
-1365
-2022
-2092
-1474
-321
1006
2085
2606
2502
1942
1204
552
109
-119
-171
-66
193
560
914
1085
945
503
-76
-522
-641
-425
-39
287
416
366
250
168
127
13
-308
-855
-1492
-1986
-2157
-1997
-1639
-1264
-1000
-873
-799
-677
-489
-277
-88
92
316
596
881
1056
1002
670
156
-358
-708
-835
-814
-775
-814
-957
-1142
-1273
-1285
-1150
-884
-515
-59
434
899
1272
1498
1570
1518
1403
1297
1264
1357
1635
2145
2852
3595
4102
4081
3366
2001
229
-1592
-3077
-3963
-4171
-3758
-2897
-1836
-860
-250
-155
-507
-1083
-1572
-1696
-1341
-605
256
938
1246
1142
706
107
-453
-782
-770
-407
199
850
1335
1477
1216
637
-72
-688
-1031
-1025
-675
-60
667
1333
1770
1873
1617
1057
331
-375
-888
-1099
-991
-607
-37
586
1099
1367
1321
974
428
-148
-577
-731
-584
-218
238
641
859
797
419
-221
-994
-1719
-2234
-2413
-2229
-1775
-1197
-650
-245
-21
42
10
-44
-63
-12
114
302
509
684
768
721
547
275
-42
-353
-616
-813
-936
-987
-983
-925
-836
-736
-626
-508
-374
-207
0
249
528
806
1033
1185
1269
1319
1411
1605
1930
2358
2761
2981
2864
2339
1464
344
-842
-1881
-2580
-2848
-2682
-2143
-1391
-626
-53
212
159
-143
-569
-979
-1255
-1336
-1234
-1002
-707
-427
-224
-128
-126
-172
-203
-165
-37
179
446
705
906
1013
1027
977
893
823
799
828
901
969
992
945
804
566
252
-87
-391
-617
-734
-730
-606
-390
-118
166
422
615
721
730
643
501
338
198
114
100
141
187
171
50
-198
-563
-1008
-1443
-1765
-1914
-1837
-1545
-1094
-575
-114
205
335
278
77
-183
-404
-503
-440
-233
57
332
509
526
358
44
-344
-723
-1001
-1132
-1094
-927
-686
-421
-193
-28
70
126
176
254
375
527
684
795
829
784
673
557
497
529
672
893
1135
1329
1396
1302
1051
693
319
12
-161
-172
-38
184
420
593
643
542
306
-18
-377
-709
-966
-1122
-1196
-1202
-1167
-1118
-1053
-981
-891
-760
-585
-367
-133
91
291
456
574
648
695
725
747
763
768
769
749
688
577
410
197
-45
-295
-519
-695
-802
-832
-772
-618
-376
-74
244
529
725
790
714
523
273
20
-177
-285
-300
-256
-204
-191
-258
-408
-610
-802
-926
-935
-811
-586
-321
-77
86
137
88
-16
-121
-174
-150
-52
86
212
276
256
149
-10
-170
-285
-325
-286
-193
-89
-6
37
38
22
12
36
98
199
320
430
519
558
537
454
321
164
5
-133
-229
-264
-234
-135
31
251
494
729
933
1067
1120
1084
951
776
573
363
176
23
-79
-141
-182
-223
-278
-364
-482
-618
-761
-892
-978
-1033
-1048
-1003
-906
-752
-574
-393
-217
-63
56
130
165
169
149
122
97
92
122
174
237
293
331
340
309
244
157
63
-26
-95
-122
-101
-34
67
189
311
415
484
517
519
484
416
326
221
113
10
-82
-158
-210
-243
-250
-226
-174
-100
-29
22
39
8
-68
-164
-254
-314
-326
-287
-207
-113
-36
-1
-22
-100
-213
-335
-431
-473
-455
-385
-284
-176
-87
-33
-6
0
-7
-5
15
46
91
144
187
206
185
126
38
-65
-159
-226
-254
-248
-216
-165
-101
-26
62
168
306
474
658
830
971
1045
1032
918
715
487
260
68
-57
-115
-115
-95
-83
-104
-163
-252
-359
-450
-508
-520
-483
-427
-356
-289
-232
-178
-133
-86
-36
13
50
63
54
26
-14
-50
-62
-42
5
67
130
177
196
183
143
91
34
-8
-34
-40
-24
3
37
70
101
128
145
152
151
137
103
48
-22
-89
-147
-185
-187
-150
-86
-22
34
60
49
4
-62
-130
-179
-204
-196
-159
-115
-75
-56
-63
-89
-130
-176
-208
-219
-201
-162
-114
-54
-1
33
48
51
55
64
80
106
143
178
201
208
186
144
82
9
-56
-95
-103
-88
-58
-28
-8
-2
1
10
41
100
188
291
398
478
517
494
410
291
152
23
-76
-129
-137
-110
-73
-51
-51
-80
-132
-189
-236
-261
-261
-254
-237
-219
-204
-183
-169
-150
-120
-85
-47
-14
1
-2
-16
-35
-45
-38
-11
28
69
98
111
107
86
63
44
36
43
58
74
88
93
86
71
54
44
48
66
87
103
102
77
38
-6
-41
-54
-46
-19
18
53
72
71
52
25
-7
-36
-54
-60
-61
-62
-66
-77
-95
-115
-135
-152
-165
-173
-170
-162
-146
-124
-94
-65
-38
-10
17
39
55
63
66
65
59
51
45
35
22
4
-12
-22
-27
-28
-28
-24
-26
-28
-25
-11
17
69
140
225
309
375
408
403
349
247
122
-6
-116
-190
-215
-191
-135
-69
-11
22
28
2
-46
-99
-147
-187
-212
-214
-196
-162
-125
-87
-53
-31
-14
-9
-11
-21
-33
-38
-29
-6
30
73
114
141
151
146
127
96
63
37
20
22
39
65
89
102
100
80
52
27
15
13
15
15
7
-11
-33
-55
-72
-73
-67
-52
-27
-2
12
18
11
-11
-39
-64
-81
-94
-100
-103
-104
-103
-103
-99
-93
-87
-86
-89
-97
-106
-113
-111
-98
-73
-39
2
45
79
100
106
96
74
51
32
24
20
27
32
35
35
29
23
20
24
40
68
112
167
224
276
309
321
307
266
200
119
36
-46
-113
-157
-174
-172
-153
-129
-106
-91
-91
-100
-116
-130
-143
-150
-148
-136
-112
-80
-47
-24
-10
-4
-7
-14
-18
-20
-19
-16
-11
3
20
35
47
56
60
63
60
53
48
43
39
40
51
68
90
110
127
134
129
117
95
73
47
19
-11
-36
-57
-72
-77
-72
-62
-49
-37
-26
-20
-25
-39
-67
-94
-117
-132
-127
-101
-69
-36
-12
-2
-6
-21
-42
-63
-82
-99
-99
-91
-74
-51
-31
-13
-1
6
12
16
21
23
20
18
19
17
18
21
26
30
38
55
92
145
219
317
407
472
497
468
402
286
134
-20
-157
-266
-337
-356
-340
-302
-265
-244
-237
-244
-263
-279
-287
-274
-239
-191
-133
-77
-26
12
42
61
71
86
102
118
136
145
153
139
99
46
-8
-55
-85
-84
-49
15
89
171
236
273
282
261
237
212
195
210
257
344
453
534
583
578
517
414
251
74
-86
-206
-287
-311
-283
-237
-191
-181
-213
-287
-397
-524
-640
-739
-760
-705
-593
-433
-267
-110
6
52
34
-40
-150
-262
-352
-400
-403
-370
-297
-212
-143
-106
-112
-157
-218
-275
-301
-286
-222
-108
21
151
268
395
526
684
882
1121
1373
1599
1746
1754
1596
1271
810
282
-226
-642
-922
-1028
-989
-844
-661
-509
-421
-415
-484
-582
-662
-676
-603
-459
-266
-59
115
227
261
230
159
79
32
32
79
159
242
292
282
200
63
-95
-240
-324
-323
-227
-50
173
395
570
658
647
555
423
299
229
240
329
466
598
686
695
608
443
228
23
-127
-194
-169
-71
54
153
178
107
-60
-296
-551
-784
-947
-1020
-1000
-908
-777
-632
-507
-427
-387
-373
-371
-356
-322
-267
-196
-131
-97
-101
-148
-230
-322
-406
-454
-455
-408
-321
-230
-157
-120
-113
-118
-95
5
216
547
979
1440
1845
2079
2076
1809
1297
647
-19
-567
-928
-1057
-989
-794
-559
-385
-341
-425
-593
-771
-874
-822
-588
-217
197
548
767
801
660
400
119
-86
-153
-57
162
425
633
691
546
224
-202
-617
-907
-979
-805
-428
61
550
928
1120
1113
932
668
422
280
300
470
734
1013
1180
1174
977
627
211
-193
-486
-612
-562
-382
-145
65
166
127
-44
-300
-555
-740
-817
-784
-685
-558
-468
-464
-544
-692
-853
-956
-967
-871
-692
-491
-320
-237
-275
-414
-629
-837
-969
-995
-900
-714
-484
-261
-114
-75
-127
-231
-296
-232
33
517
1177
1900
2518
2887
2862
2431
1639
601
-448
-1313
-1841
-2011
-1841
-1486
-1100
-807
-693
-737
-835
-856
-701
-327
239
885
1438
1725
1665
1292
676
10
-507
-731
-606
-200
349
859
1159
1152
825
275
-321
-778
-942
-740
-222
475
1165
1661
1855
1724
1355
901
519
338
412
709
1119
1491
1697
1665
1380
921
417
2
-240
-296
-222
-98
-18
-48
-202
-442
-705
-922
-1051
-1076
-1017
-935
-896
-949
-1098
-1298
-1484
-1589
-1560
-1398
-1151
-879
-662
-539
-526
-611
-750
-902
-1030
-1118
-1168
-1182
-1173
-1155
-1123
-1075
-996
-886
-762
-636
-497
-310
-11
463
1140
1979
2869
3617
4006
3884
3204
2084
746
-539
-1511
-2022
-2073
-1804
-1412
-1086
-946
-1016
-1196
-1291
-1139
-656
118
1024
1824
2275
2244
1763
1016
258
-269
-399
-125
402
941
1265
1226
811
150
-540
-1026
-1161
-924
-405
221
747
1042
1061
864
586
363
315
483
808
1179
1479
1630
1611
1464
1262
1092
992
952
921
843
661
364
-17
-411
-732
-923
-970
-898
-780
-690
-692
-801
-977
-1158
-1286
-1325
-1271
-1155
-1028
-935
-897
-908
-948
-980
-984
-956
-914
-894
-931
-1041
-1207
-1391
-1533
-1576
-1488
-1268
-955
-617
-327
-154
-115
-176
-255
-227
31
606
1464
2476
3432
4070
4175
3640
2537
1118
-307
-1454
-2122
-2267
-2025
-1624
-1285
-1145
-1213
-1397
-1517
-1358
-821
38
1035
1903
2385
2321
1730
832
-63
-670
-825
-538
22
582
884
793
325
-343
-966
-1307
-1233
-771
-78
628
1143
1344
1245
962
663
498
545
788
1128
1424
1572
1550
1408
1246
1158
1211
1403
1645
1817
1820
1608
1206
687
174
-225
-448
-499
-447
-379
-380
-498
-728
-1008
-1253
-1396
-1416
-1338
-1216
-1112
-1070
-1110
-1207
-1316
-1390
-1401
-1348
-1258
-1177
-1160
-1241
-1404
-1608
-1777
-1845
-1767
-1542
-1222
-897
-660
-576
-655
-828
-965
-925
-567
169
1201
2354
3364
3961
3963
3338
2228
934
-229
-1041
-1394
-1373
-1178
-1027
-1065
-1290
-1573
-1743
-1625
-1114
-264
738
1630
2165
2196
1731
950
141
-419
-566
-301
217
750
1059
1005
616
48
-482
-787
-773
-466
4
468
785
887
797
624
489
494
659
930
1201
1353
1325
1142
910
749
749
935
1246
1576
1817
1895
1803
1574
1263
939
655
432
259
89
-116
-382
-701
-1012
-1247
-1340
-1281
-1133
-994
-953
-1054
-1271
-1527
-1731
-1825
-1790
-1658
-1485
-1322
-1216
-1189
-1251
-1398
-1597
-1784
-1892
-1858
-1675
-1384
-1060
-788
-631
-598
-653
-716
-692
-476
25
819
1814
2809
3535
3734
3275
2242
923
-323
-1200
-1585
-1543
-1274
-1018
-918
-998
-1187
-1365
-1384
-1108
-523
291
1146
1815
2060
1828
1216
456
-155
-419
-298
81
533
859
939
762
433
69
-194
-263
-118
183
543
843
991
953
795
646
587
648
793
938
1012
957
799
617
506
527
687
940
1218
1419
1496
1466
1328
1129
912
711
570
481
398
261
34
-269
-604
-892
-1078
-1119
-1052
-970
-921
-948
-1038
-1156
-1292
-1400
-1451
-1464
-1428
-1378
-1326
-1266
-1235
-1234
-1268
-1343
-1407
-1433
-1394
-1274
-1126
-970
-821
-703
-620
-569
-513
-375
-80
413
1065
1778
2354
2605
2414
1814
1032
257
-326
-615
-621
-477
-329
-254
-290
-405
-529
-572
-451
-140
298
730
1035
1099
889
494
70
-223
-303
-167
98
356
491
467
304
72
-133
-220
-159
27
263
475
592
590
494
344
217
154
168
248
354
437
461
429
395
390
439
547
682
817
915
941
915
836
726
625
541
479
428
357
254
104
-85
-284
-448
-551
-592
-579
-549
-521
-516
-538
-563
-589
-597
-590
-595
-622
-685
-778
-872
-969
-1059
-1120
-1149
-1129
-1065
-978
-861
-742
-634
-545
-483
-430
-370
-271
-99
145
435
718
928
978
846
575
239
-63
-264
-326
-285
-191
-96
-39
-26
-58
-94
-87
-1
158
344
505
582
534
372
160
-9
-88
-69
27
156
268
320
301
235
140
51
12
36
119
232
336
414
447
437
417
396
376
353
317
267
197
117
54
25
36
87
178
300
430
540
620
658
657
627
585
546
513
481
441
386
309
201
62
-88
-239
-368
-464
-518
-544
-556
-558
-556
-545
-521
-490
-467
-465
-498
-568
-669
-783
-874
-928
-932
-892
-823
-734
-639
-559
-500
-460
-431
-403
-361
-303
-236
-159
-83
-11
53
103
140
157
158
139
113
96
102
146
226
332
448
553
629
666
660
629
582
526
459
387
316
246
182
114
47
-21
-83
-131
-154
-149
-125
-98
-80
-72
-74
-72
-57
-19
44
124
208
274
305
283
208
101
-10
-101
-151
-150
-105
-41
22
67
100
122
146
192
275
386
513
628
704
735
717
657
574
487
412
356
310
261
198
116
29
-57
-137
-196
-229
-239
-238
-237
-254
-288
-342
-421
-510
-596
-668
-717
-758
-788
-805
-813
-802
-776
-740
-681
-603
-496
-371
-248
-131
-37
25
50
47
20
-19
-53
-77
-95
-104
-114
-113
-98
-75
-39
9
66
135
201
259
305
332
339
324
300
275
246
223
201
172
138
100
58
15
-23
-46
-50
-26
17
73
135
200
264
324
381
429
466
487
495
484
452
398
325
238
147
67
8
-26
-39
-39
-29
-19
2
33
74
125
184
244
296
337
357
354
329
288
236
176
103
23
-58
-127
-188
-239
-278
-305
-325
-336
-342
-344
-350
-367
-395
-433
-475
-511
-547
-573
-590
-595
-574
-543
-494
-432
-364
-280
-191
-100
-14
57
105
132
140
134
117
95
64
32
3
-20
-36
-48
-58
-64
-65
-61
-43
-14
17
47
78
105
126
147
163
170
173
168
159
147
129
105
72
37
8
-15
-25
-18
-2
26
64
104
149
192
234
278
320
356
377
384
382
364
337
299
252
204
159
119
89
68
48
34
21
10
9
18
38
61
82
97
102
103
95
75
48
13
-28
-71
-111
-150
-185
-216
-241
-258
-268
-272
-274
-272
-273
-280
-284
-292
-300
-308
-317
-320
-317
-309
-294
-267
-233
-190
-142
-104
-70
-40
-10
21
50
73
88
92
92
92
89
76
57
25
-9
-42
-71
-90
-103
-114
-125
-128
-119
-95
-59
-17
24
67
105
140
169
191
201
205
204
202
197
185
169
146
126
112
104
102
104
111
125
148
174
205
236
266
293
317
332
341
342
333
310
285
253
215
175
131
87
46
7
-28
-58
-84
-104
-116
-123
-128
-130
-131
-134
-139
-146
-150
-156
-162
-174
-189
-204
-221
-237
-257
-281
-303
-317
-324
-322
-317
-310
-297
-286
-269
-248
-222
-188
-152
-124
-102
-84
-71
-58
-45
-32
-16
0
17
37
61
82
94
93
85
75
62
52
42
24
3
-20
-39
-52
-56
-56
-54
-51
-40
-15
19
60
100
133
161
187
213
234
249
256
254
251
245
234
215
196
180
170
165
163
163
165
169
176
188
207
222
234
243
253
258
258
247
223
192
157
116
77
37
-3
-44
-82
-118
-151
-180
-205
-228
-248
-262
-271
-269
-264
-259
-256
-252
-250
-248
-249
-254
-262
-273
-283
-288
-289
-285
-277
-261
-238
-212
-178
-137
-92
-52
-22
-3
8
12
12
14
12
3
-8
-15
-14
-8
-2
1
3
9
21
39
61
81
91
94
89
84
81
78
69
56
41
30
22
18
17
15
16
24
40
62
88
116
142
171
200
228
250
262
270
272
272
267
257
247
231
210
190
169
147
128
114
106
102
102
105
109
112
115
115
114
114
107
95
83
64
39
7
-30
-72
-115
-154
-189
-223
-251
-276
-298
-316
-331
-341
-345
-346
-343
-340
-336
-330
-323
-314
-306
-293
-275
-254
-227
-195
-159
-125
-100
-84
-73
-66
-59
-51
-44
-37
-31
-25
-12
3
13
18
18
17
14
18
28
38
47
53
60
73
93
114
133
147
159
171
184
194
198
196
190
188
185
185
185
182
181
181
181
184
188
194
204
214
222
227
233
237
237
236
231
222
211
194
177
162
144
126
106
82
58
38
20
4
-13
-30
-49
-64
-78
-91
-102
-114
-128
-143
-159
-181
-205
-224
-246
-266
-282
-298
-313
-327
-339
-348
-353
-353
-349
-340
-325
-304
-281
-259
-232
-204
-175
-145
-120
-99
-85
-77
-70
-64
-58
-55
-49
-44
-37
-22
-7
2
8
12
18
26
34
41
45
48
53
62
74
86
94
103
113
126
141
160
179
195
213
230
242
253
259
259
261
265
270
277
283
281
278
274
269
263
255
248
243
236
233
231
228
220
205
191
182
173
163
148
128
107
81
56
26
-5
-38
-72
-103
-130
-157
-184
-210
-235
-258
-277
-290
-300
-306
-312
-316
-318
-317
-318
-319
-320
-320
-320
-319
-318
-318
-314
-308
-300
-291
-279
-262
-240
-217
-196
-178
-161
-147
-135
-121
-106
-94
-80
-69
-55
-38
-22
-8
3
11
19
28
39
50
62
70
79
87
95
105
114
121
135
151
169
186
204
219
232
240
247
255
268
281
297
314
327
335
340
341
341
339
337
338
338
337
332
325
317
302
283
268
252
237
225
211
197
177
156
132
106
77
48
20
-10
-43
-77
-112
-149
-189
-231
-270
-303
-334
-361
-387
-410
-426
-440
-449
-453
-452
-447
-440
-431
-422
-414
-402
-388
-372
-355
-339
-321
-301
-280
-256
-232
-213
-198
-183
-170
-157
-142
-126
-111
-95
-78
-63
-42
-24
-8
6
18
31
45
62
79
96
113
129
145
161
177
195
213
230
246
262
276
289
300
310
319
327
336
342
348
352
351
347
345
341
340
339
337
334
329
322
314
302
290
277
264
251
238
223
203
183
161
139
118
95
71
47
20
-7
-35
-59
-85
-109
-132
-155
-178
-204
-229
-254
-281
-305
-328
-349
-367
-388
-402
-416
-425
-431
-435
-435
-436
-433
-426
-415
-400
-384
-366
-345
-324
-300
-274
-247
-225
-207
-191
-174
-157
-142
-127
-110
-93
-77
-62
-47
-32
-18
-1
19
39
61
82
101
118
133
147
163
179
195
213
232
248
263
273
281
289
299
307
313
321
329
333
338
339
340
341
340
340
338
330
320
310
300
289
276
264
251
238
222
204
185
166
147
128
108
87
66
41
16
-4
-31
-57
-80
-103
-126
-148
-170
-193
-216
-236
-252
-263
-272
-281
-289
-296
-301
-307
-314
-319
-323
-321
-316
-313
-312
-311
-309
-299
-284
-273
-259
-249
-239
-228
-216
-202
-188
-172
-161
-143
-124
-105
-85
-69
-57
-46
-35
-23
-8
6
17
27
35
45
52
64
77
90
106
118
131
142
155
166
178
192
207
219
233
243
250
259
267
271
277
279
282
281
281
279
271
263
254
243
234
222
211
199
186
173
155
137
119
100
88
74
59
43
27
10
-5
-21
-38
-53
-67
-83
-98
-113
-129
-144
-154
-166
-175
-181
-189
-196
-201
-204
-205
-208
-211
-211
-209
-206
-203
-198
-192
-189
-182
-173
-163
-153
-149
-145
-145
-145
-139
-132
-125
-122
-119
-117
-112
-107
-103
-96
-90
-83
-72
-61
-49
-40
-29
-17
-6
8
20
33
45
53
63
71
81
95
108
119
132
142
152
161
170
179
189
196
202
210
215
219
222
224
226
224
222
220
217
213
209
207
203
195
185
176
164
151
139
125
110
97
81
66
50
32
15
-3
-19
-36
-52
-68
-83
-100
-113
-127
-139
-151
-164
-174
-183
-190
-195
-197
-198
-202
-205
-209
-212
-211
-214
-214
-207
-201
-193
-186
-181
-177
-172
-167
-162
-155
-148
-139
-131
-122
-112
-106
-97
-88
-80
-71
-62
-51
-42
-35
-26
-19
-10
2
14
25
37
52
65
78
91
103
115
128
140
151
161
172
181
189
200
211
220
228
235
237
239
241
242
242
240
236
232
225
218
210
200
188
174
161
146
133
116
102
87
67
47
26
8
-9
-25
-43
-60
-79
-98
-116
-133
-146
-158
-174
-186
-199
-209
-215
-222
-228
-233
-237
-237
-236
-232
-229
-224
-219
-211
-204
-195
-184
-174
-164
-155
-144
-133
-121
-109
-98
-87
-77
-65
-53
-42
-30
-19
-8
3
14
27
39
49
59
65
74
83
91
98
104
112
120
127
136
143
146
151
155
157
162
162
162
167
168
168
169
166
164
160
154
148
141
133
126
118
112
102
93
84
75
66
56
47
36
26
15
4
-3
-11
-24
-34
-43
-52
-61
-70
-80
-89
-93
-98
-101
-105
-110
-117
-123
-127
-131
-133
-135
-135
-137
-139
-138
-138
-138
-136
-139
-140
-137
-135
-130
-128
-127
-122
-117
-111
-102
-94
-84
-76
-68
-57
-48
-36
-24
-15
-8
-1
6
15
23
34
46
55
66
76
84
91
100
108
116
123
129
135
141
147
150
152
153
154
155
156
157
157
156
153
149
144
138
132
125
117
109
99
92
84
74
64
51
38
25
10
-3
-17
-31
-44
-55
-67
-77
-85
-96
-105
-111
-116
-122
-126
-131
-136
-138
-135
-132
-132
-136
-137
-140
-136
-127
-120
-114
-110
-104
-99
-96
-88
-85
-79
-71
-65
-58
-53
-43
-35
-28
-24
-21
-17
-14
-10
-2
4
8
13
19
22
26
31
37
41
44
46
50
55
59
64
65
71
73
75
82
86
89
89
91
93
95
99
99
99
100
100
102
102
101
100
96
94
93
91
87
82
78
72
66
60
53
47
38
33
25
18
11
3
-6
-14
-23
-33
-42
-53
-62
-71
-82
-92
-101
-108
-117
-125
-128
-130
-132
-135
-135
-137
-137
-136
-134
-131
-126
-119
-114
-107
-103
-98
-90
-82
-76
-68
-62
-55
-45
-35
-26
-17
-9
-3
3
10
19
26
31
35
41
47
53
58
63
68
70
71
74
76
81
84
86
87
82
82
80
78
82
83
84
85
84
81
79
78
77
75
73
70
65
63
62
60
58
57
52
48
44
39
37
33
29
26
22
16
9
5
-1
-7
-12
-17
-25
-31
-36
-41
-48
-54
-60
-64
-70
-75
-79
-80
-81
-83
-86
-85
-87
-90
-91
-93
-94
-95
-98
-95
-92
-89
-85
-83
-82
-78
-74
-68
-62
-55
-52
-50
-44
-38
-31
-24
-18
-13
-9
-2
4
10
15
18
24
31
36
42
47
51
56
62
65
70
74
79
82
85
86
86
86
84
86
86
87
86
85
82
78
75
74
72
70
68
63
61
58
55
50
43
39
35
31
27
21
14
10
6
1
-3
-9
-14
-20
-25
-32
-37
-43
-47
-51
-52
-55
-58
-62
-65
-71
-73
-75
-76
-76
-78
-78
-77
-76
-74
-74
-73
-72
-69
-64
-61
-60
-58
-55
-50
-44
-39
-33
-31
-28
-23
-20
-15
-11
-9
-6
-3
0
5
9
12
15
18
21
25
28
30
33
33
35
34
37
39
41
43
43
42
44
44
46
48
49
50
52
52
51
49
49
48
46
45
43
40
38
37
34
32
30
27
25
22
20
19
17
18
16
14
13
8
4
4
3
1
-1
-5
-8
-10
-14
-15
-16
-19
-23
-27
-32
-34
-36
-38
-37
-39
-41
-44
-46
-47
-49
-48
-48
-49
-49
-49
-45
-42
-41
-41
-41
-40
-38
-36
-33
-29
-27
-24
-20
-18
-15
-13
-12
-8
-7
-5
-2
-1
0
1
1
3
7
11
14
17
17
18
21
24
24
25
27
31
33
33
32
30
30
31
33
33
34
35
34
33
33
33
34
34
34
33
33
33
31
29
28
27
24
22
22
21
19
17
14
10
8
4
3
2
1
0
-2
-4
-5
-8
-12
-14
-15
-18
-19
-20
-22
-23
-27
-27
-27
-29
-28
-30
-32
-33
-33
-33
-34
