-5
-7
-7
-5
-6
-5
-6
-8
-9
-11
-10
-7
-4
-1
4
1
0
2
3
3
5
7
6
6
3
12
17
9
0
-6
-7
-9
-10
-10
-9
-7
-5
2
10
13
12
11
9
4
2
1
3
2
-1
-4
-4
-1
1
4
3
5
6
8
10
12
9
7
3
0
-2
-3
-2
-5
-6
-3
-1
3
6
7
8
8
7
7
4
-2
-9
-12
-16
-17
-13
-11
-7
-6
-3
0
1
1
4
4
0
-2
-4
-5
-6
-6
-7
-6
-3
1
3
3
6
5
3
3
1
-2
-5
-5
-4
-5
-5
0
0
2
3
2
4
6
5
5
1
0
1
0
2
2
1
0
-1
0
0
1
1
0
-2
-4
-3
-5
-9
-12
-13
-15
-12
-6
-5
-2
-2
-4
1
11
29
50
72
89
109
124
117
103
80
56
38
17
-1
-17
-30
-43
-52
-52
-50
-43
-42
-49
-59
-76
-95
-114
-135
-140
-138
-135
-128
-128
-123
-111
-100
-92
-96
-103
-108
-113
-115
-111
-105
-79
-39
16
77
144
206
245
273
279
280
269
232
187
137
99
77
72
86
110
135
161
175
176
170
146
111
52
-38
-138
-234
-302
-334
-330
-289
-220
-138
-60
9
50
67
81
99
124
137
121
84
11
-97
-176
-151
36
433
1043
1799
2524
2972
3014
2585
1685
419
-1074
-2585
-3915
-4889
-5285
-4989
-4083
-2802
-1418
-128
915
1601
1902
1827
1388
632
-287
-1112
-1621
-1742
-1525
-1090
-566
-42
447
893
1235
1350
1168
793
428
241
307
586
980
1369
1647
1859
2055
2161
2074
1724
1209
713
347
160
124
152
142
96
114
253
463
636
720
735
705
659
621
545
338
-45
-522
-966
-1343
-1650
-1862
-1953
-1945
-1855
-1631
-1240
-760
-318
20
255
404
456
410
263
16
-295
-588
-808
-958
-1061
-1132
-1180
-1219
-1218
-1108
-877
-621
-439
-269
18
371
592
609
581
643
803
1236
2281
3807
4989
5136
4500
3583
2248
113
-2485
-4709
-6333
-7488
-7787
-6572
-4071
-1434
569
2042
3220
3937
3979
3400
2264
655
-1013
-2138
-2468
-2218
-1696
-1110
-647
-390
-167
214
605
639
238
-213
-276
138
831
1568
2193
2655
3009
3327
3507
3273
2515
1399
260
-604
-1031
-1022
-806
-644
-512
-168
496
1230
1682
1743
1577
1420
1350
1264
1009
497
-298
-1308
-2288
-2964
-3304
-3522
-3702
-3587
-2915
-1773
-534
521
1304
1751
1817
1589
1222
733
-2
-940
-1768
-2223
-2364
-2404
-2424
-2366
-2193
-1890
-1423
-804
-178
275
534
757
1043
1265
1221
932
599
327
129
80
199
279
198
211
556
1178
2180
3745
5297
5704
4821
3695
2653
761
-2194
-4854
-6253
-6927
-7214
-6183
-3396
-160
2095
3425
4423
4914
4488
3354
1868
65
-1821
-3101
-3392
-3082
-2646
-2108
-1482
-1090
-1046
-961
-528
-66
30
17
454
1386
2363
3056
3393
3316
2855
2331
1982
1645
1022
155
-609
-1073
-1253
-1215
-1095
-1057
-1140
-1115
-678
176
1148
1910
2348
2572
2694
2664
2293
1464
237
-1243
-2727
-3846
-4365
-4399
-4191
-3700
-2713
-1325
46
1139
1955
2417
2338
1808
1192
612
-160
-1142
-1923
-2216
-2214
-2176
-2047
-1723
-1316
-898
-291
561
1296
1592
1573
1480
1265
802
220
-288
-768
-1241
-1474
-1244
-683
-193
74
340
822
1341
1678
2376
4181
6363
7056
5788
4169
3011
861
-2995
-6607
-8231
-8744
-9173
-8245
-4791
-386
2700
4302
5263
5440
4506
3104
1707
-83
-2153
-3323
-3038
-2210
-1705
-1333
-892
-956
-1780
-2484
-2220
-1401
-877
-466
615
2339
3919
4916
5289
4790
3456
2123
1465
1073
407
-148
-97
134
47
-77
10
-212
-1104
-1924
-1747
-664
640
1835
2950
3822
4140
3770
2720
1058
-1032
-3157
-4834
-5717
-5717
-5039
-3992
-2732
-1312
96
1154
1627
1620
1349
974
621
364
114
-352
-1015
-1575
-1911
-2170
-2455
-2626
-2500
-2037
-1186
44
1361
2307
2610
2392
1911
1206
208
-936
-1866
-2338
-2317
-1702
-511
799
1715
2204
2391
2171
1574
923
342
15
1088
4051
6776
6845
5103
3969
2786
-814
-5722
-8573
-9114
-9571
-9510
-6328
-679
3769
5550
6080
6056
4915
3184
1893
462
-1805
-3514
-3147
-1713
-1161
-1491
-1724
-2245
-3763
-5183
-4794
-2860
-1000
507
2660
5456
7579
8286
7850
6196
3211
158
-1365
-1565
-1890
-2381
-1803
-411
314
124
-13
-111
-1137
-2514
-2426
-596
1520
2996
4172
5123
5137
3933
1862
-789
-3756
-6263
-7420
-7107
-5787
-3831
-1523
583
1967
2660
2846
2323
905
-775
-1618
-1426
-985
-801
-711
-552
-590
-956
-1313
-1546
-1806
-1940
-1525
-363
1137
2339
2884
2706
2023
1091
93
-763
-1397
-1789
-1845
-1292
-29
1409
2332
2510
2252
1855
1113
-19
-1048
-1586
-1681
-1115
1389
5840
9272
9163
6833
4988
2894
-1745
-7440
-10681
-11262
-11218
-10042
-5663
540
4784
6039
5981
5328
3718
1896
818
-288
-2122
-3235
-2373
-992
-1155
-2576
-3831
-4944
-6370
-6890
-5038
-1555
1667
4311
7144
9628
10306
9003
6605
3369
-479
-3349
-3826
-2804
-2071
-1614
-419
928
1019
51
-743
-1225
-1914
-2034
-371
2549
5035
6375
6917
6544
4774
1926
-1232
-4283
-6837
-7997
-7170
-5057
-2759
-716
988
1979
1898
1122
234
-745
-1834
-2389
-1695
-204
818
907
500
-130
-1069
-2099
-2655
-2635
-2265
-1416
103
1968
3362
3639
2783
1213
-536
-2070
-3060
-3227
-2715
-1946
-945
518
2088
2906
2661
1864
1061
365
-259
-752
-897
-521
243
1547
4272
8031
9983
8108
4431
1928
-446
-5060
-10124
-12101
-11258
-10034
-7852
-2829
3110
6270
6434
5762
4798
3093
1615
1211
601
-992
-1849
-978
-344
-1774
-4118
-5559
-6435
-7269
-6581
-3261
1156
4631
7246
9666
10839
9628
6909
3891
406
-3260
-5148
-4227
-2371
-1510
-956
321
1274
662
-581
-869
-467
-167
727
2930
5414
6590
6285
5145
3077
41
-3055
-5393
-6911
-7533
-6701
-4491
-2191
-697
286
1084
1301
667
-86
-266
-196
-223
60
974
1700
1175
-318
-1759
-2745
-3485
-3901
-3514
-2455
-1201
162
1560
2628
2703
1716
313
-1073
-2030
-2326
-2001
-1100
-98
773
1518
1974
2165
1633
454
-464
-813
-584
-240
-47
301
638
1093
1487
1778
3442
6441
8267
6912
3910
2342
887
-3266
-8169
-10051
-8937
-7843
-6696
-2831
2493
5670
6070
5461
4598
2981
1584
1378
904
-691
-1914
-1738
-1608
-3052
-4848
-5478
-5630
-5908
-5102
-1980
2327
5582
7340
8261
8215
6733
4243
1678
-846
-3297
-4445
-3435
-1464
-349
-256
-187
-195
-957
-1782
-1448
-139
1073
2149
3844
5687
6234
5035
2794
210
-2427
-4679
-5949
-6171
-5608
-4390
-2757
-1137
159
1076
1377
853
164
233
905
1178
872
752
818
210
-1161
-2355
-2916
-3368
-3784
-3300
-1618
402
1852
2668
3131
3087
2375
1310
261
-637
-1303
-1479
-1059
-555
-442
-475
-295
-77
-199
-344
103
826
1160
1236
1508
1752
1396
746
463
396
890
3122
6425
7699
5447
2357
616
-1815
-6408
-10177
-10206
-8336
-7127
-4911
145
5300
7025
5877
4321
2812
1125
309
520
141
-1181
-1794
-1320
-1600
-3339
-4917
-5375
-5538
-5444
-3548
476
4481
6543
7049
7085
6485
4727
2370
315
-1313
-2406
-2164
-501
1047
1078
34
-896
-1594
-2275
-2191
-732
1243
2626
3705
5100
5980
5046
2519
-195
-2244
-3619
-4257
-4019
-3240
-2478
-1868
-1281
-785
-566
-648
-897
-1056
-651
487
1613
1778
1003
99
-639
-1596
-2688
-3293
-3240
-2901
-2284
-1015
598
1598
1594
1177
957
857
687
590
586
344
-271
-831
-1019
-1221
-1813
-2373
-2124
-1137
-22
1076
2198
2951
2812
2192
1721
1235
497
-97
-97
364
1722
4549
7345
7398
4502
1380
-866
-3776
-7253
-8717
-7414
-5664
-4291
-1495
2643
5161
4564
2666
1136
15
-294
847
2332
2357
1282
522
-225
-2108
-4523
-5926
-6281
-6200
-5014
-1809
2319
5100
5814
5433
4718
3522
1978
818
243
-102
-40
942
2215
2173
373
-1909
-3522
-4331
-4102
-2333
459
2757
3915
4667
5192
4543
2332
-311
-2071
-2834
-2921
-2348
-1413
-885
-1286
-2130
-2675
-2866
-2820
-2483
-1737
-584
815
2272
3082
2577
1239
10
-810
-1565
-2160
-2005
-1383
-1055
-970
-659
-211
-252
-708
-725
-69
824
1551
1904
1802
1113
28
-958
-1650
-2027
-2025
-1492
-355
948
1959
2552
2567
2070
1285
528
37
-131
296
1112
1886
3186
5397
7181
6474
3457
460
-1898
-4583
-7081
-7677
-6336
-4878
-3656
-1478
1275
2822
2559
1561
759
367
843
2224
3229
2724
1105
-647
-2452
-4495
-5990
-6205
-5607
-4794
-3340
-787
1882
3253
3308
2899
2418
1991
2079
2784
3312
3182
2941
2883
2313
707
-1407
-3254
-4501
-4717
-3337
-708
1794
3193
3713
3873
3626
2802
1689
691
-48
-395
-213
213
248
-465
-1704
-2952
-3641
-3443
-2602
-1655
-897
-222
481
1048
1289
1125
706
305
94
37
-39
-278
-753
-1488
-2260
-2694
-2608
-2122
-1495
-682
428
1568
2220
2062
1355
512
-374
-1152
-1454
-1151
-657
-347
116
904
1370
1103
526
153
-171
-716
-890
-244
708
1337
1933
3584
5857
6747
5391
2887
548
-1929
-4629
-6114
-5847
-4991
-4378
-3255
-1200
455
821
425
-149
-644
-398
1217
3331
4296
3756
2415
534
-1801
-3771
-4494
-4304
-4089
-3627
-2177
-117
1276
1496
1313
1312
1407
1809
2979
4547
5291
4795
3911
3207
2368
1020
-683
-2316
-3431
-3480
-2476
-1167
-202
349
689
934
1317
2019
2629
2593
1988
1463
1341
1156
453
-695
-1924
-3009
-3795
-4004
-3658
-3241
-3065
-2863
-2204
-1080
112
1012
1491
1630
1589
1312
684
-200
-1099
-1893
-2590
-2933
-2653
-2003
-1506
-1212
-617
371
1164
1408
1396
1422
1235
710
288
154
-59
-553
-841
-537
-60
183
291
527
736
698
811
1455
2313
2844
3421
4761
6159
6019
4042
1507
-796
-3089
-4902
-5311
-4610
-4002
-3617
-2658
-1310
-473
-294
-267
-189
71
1027
2606
3726
3504
2165
379
-1473
-2935
-3427
-2978
-2375
-2177
-2058
-1522
-830
-496
-387
-2
738
1533
2536
3883
4710
4266
3017
1970
1331
615
38
-230
-688
-1444
-1922
-1666
-1215
-1017
-533
420
1407
2153
2752
3133
2768
1762
931
502
118
-479
-1115
-1557
-2142
-2944
-3478
-3507
-3115
-2684
-2167
-1193
-149
548
785
746
749
601
415
373
177
-141
-623
-1161
-1573
-2004
-2164
-2044
-1738
-1031
-275
336
719
786
853
807
716
821
759
563
255
-35
94
129
-6
-34
-43
197
488
1121
2170
2832
3618
4833
5674
5161
3087
969
-775
-2565
-3601
-3560
-3151
-3396
-3888
-3313
-2282
-1838
-1734
-1386
-650
155
1200
2477
2999
2365
1086
-172
-970
-1246
-989
-631
-772
-1327
-1824
-1843
-1490
-1091
-565
195
1041
1665
2124
2655
2896
2527
1993
2076
2618
2655
2028
1238
441
-530
-1350
-1389
-933
-633
-378
222
969
1283
1206
1174
1161
1005
832
797
717
306
-383
-1130
-1865
-2572
-3172
-3502
-3394
-2868
-2124
-1429
-933
-597
-366
-167
65
293
427
377
151
-152
-418
-598
-840
-1293
-1787
-1979
-1764
-1321
-820
-330
79
321
439
554
681
768
716
552
506
650
796
749
546
448
624
1105
1738
2242
2830
3849
4905
5006
3690
1757
71
-1131
-1650
-1459
-1209
-1855
-3277
-4226
-4058
-3265
-2455
-1684
-803
80
828
1454
1864
1758
941
-209
-805
-349
631
1147
716
-360
-1492
-2149
-1996
-1206
-315
250
419
406
569
1081
1616
1644
1293
1317
1918
2478
2446
1882
1084
240
-306
-215
232
337
-208
-961
-1205
-751
28
697
1023
1061
901
583
233
-101
-432
-729
-980
-1123
-1273
-1672
-2307
-2918
-3018
-2449
-1581
-739
-128
140
66
-175
-166
37
7
-215
-342
-190
-64
-405
-1043
-1638
-1878
-1641
-1077
-231
474
610
381
149
234
518
783
1122
1340
1344
1170
815
620
708
1051
1647
2528
3786
4717
4559
3382
1614
-50
-984
-879
-200
-70
-747
-1657
-2405
-2863
-2999
-2815
-2592
-2480
-2023
-1076
-140
344
341
44
-421
-744
-515
75
472
348
-137
-504
-495
-207
98
233
193
-84
-495
-597
-142
522
915
1108
1412
1715
1729
1539
1364
1206
1120
1277
1576
1594
1195
665
157
-287
-452
-196
174
249
166
259
418
383
228
227
386
458
276
-163
-784
-1438
-1946
-2168
-2074
-1866
-1803
-1898
-1844
-1438
-867
-346
97
401
406
161
-2
30
-73
-506
-960
-1106
-1044
-1007
-979
-933
-931
-921
-786
-514
-180
172
456
609
843
1253
1484
1321
1154
1295
1478
1757
2580
3577
3774
3046
2120
1281
420
-74
-113
-544
-1677
-2552
-2469
-1997
-1715
-1460
-1347
-1741
-2241
-2107
-1453
-985
-877
-858
-886
-877
-533
121
590
511
111
-118
85
612
1141
1447
1433
1090
611
309
271
304
354
555
854
1153
1456
1662
1593
1377
1351
1498
1578
1571
1442
1002
356
-16
84
264
232
120
17
-242
-622
-747
-510
-247
-107
102
326
204
-283
-704
-902
-1118
-1437
-1656
-1729
-1880
-2139
-2232
-2076
-1860
-1642
-1240
-638
-201
-105
-63
100
172
17
-106
-46
-97
-409
-647
-585
-511
-773
-1181
-1333
-1213
-1012
-741
-323
167
536
838
1327
2018
2775
3573
4315
4531
3694
2185
1136
1094
1576
1756
1227
-3
-1572
-2575
-2401
-1605
-1261
-1690
-2299
-2577
-2404
-1688
-652
-74
-507
-1488
-2010
-1629
-707
216
742
693
307
144
577
1322
1764
1648
1210
859
857
1146
1369
1212
774
435
370
461
545
519
426
494
911
1434
1561
1121
429
-61
-90
259
631
666
306
-196
-501
-468
-261
-149
-290
-620
-961
-1119
-1029
-854
-790
-789
-687
-538
-560
-781
-1001
-1117
-1138
-1043
-864
-815
-1039
-1332
-1406
-1213
-890
-556
-316
-221
-209
-149
27
207
184
-73
-283
-181
131
346
345
160
-156
-478
-599
-473
-263
-10
444
1217
2280
3376
4005
3731
2693
1659
1321
1729
2296
2235
1232
-238
-1297
-1465
-999
-586
-823
-1763
-2861
-3438
-3198
-2392
-1598
-1353
-1774
-2366
-2415
-1703
-715
-98
-94
-494
-818
-588
313
1446
2125
2039
1518
1138
1166
1439
1686
1748
1557
1283
1259
1491
1481
988
552
682
1107
1349
1326
1012
314
-330
-234
402
645
204
-337
-608
-709
-532
74
633
520
-83
-526
-642
-705
-795
-875
-1100
-1466
-1607
-1298
-852
-663
-709
-782
-832
-872
-782
-508
-242
-184
-318
-513
-701
-873
-1012
-1084
-1005
-687
-259
-14
-56
-259
-433
-397
-24
544
908
867
590
291
68
66
386
873
1395
1908
2170
1819
1032
574
876
1612
2165
2028
999
-484
-1388
-1133
-327
59
-273
-1009
-1750
-2108
-1786
-1044
-716
-1377
-2681
-3695
-3695
-2677
-1264
-246
-92
-601
-1005
-571
668
1900
2361
2010
1371
1008
1236
1974
2687
2784
2274
1708
1481
1477
1492
1548
1659
1717
1672
1561
1324
913
521
396
458
396
84
-342
-738
-1015
-1076
-940
-827
-925
-1133
-1179
-957
-587
-267
-155
-323
-719
-1112
-1250
-1113
-926
-918
-1090
-1301
-1445
-1463
-1357
-1203
-1073
-939
-742
-543
-449
-452
-427
-296
-156
-175
-384
-629
-751
-739
-613
-343
-22
151
163
183
260
362
615
1155
1796
2311
2776
3139
3057
2413
1615
1128
996
1087
1137
740
-151
-954
-1111
-724
-293
-142
-439
-1155
-1819
-1908
-1450
-937
-760
-1032
-1722
-2476
-2684
-2187
-1485
-1134
-1239
-1509
-1558
-1069
-43
1044
1654
1688
1446
1320
1550
2110
2649
2729
2309
1804
1613
1771
2054
2187
1985
1522
1141
1064
1138
1119
970
775
566
360
174
-26
-310
-656
-946
-1121
-1230
-1381
-1624
-1863
-1964
-1893
-1722
-1510
-1255
-974
-700
-427
-165
1
-7
-154
-343
-524
-692
-836
-938
-1019
-1128
-1273
-1406
-1466
-1423
-1240
-864
-386
34
311
457
513
503
467
409
304
215
185
152
90
138
432
942
1620
2405
2938
2840
2247
1721
1575
1689
1914
2024
1607
591
-424
-849
-797
-741
-870
-1211
-1819
-2406
-2425
-1847
-1338
-1443
-1997
-2591
-2957
-2847
-2182
-1361
-932
-943
-961
-695
-220
300
714
847
677
474
624
1204
1903
2393
2584
2532
2333
2143
2126
2226
2224
2062
1887
1763
1571
1294
1068
934
817
704
615
446
159
-76
-122
-103
-205
-427
-718
-1062
-1368
-1512
-1533
-1572
-1655
-1731
-1812
-1900
-1872
-1604
-1136
-647
-283
-113
-114
-177
-163
-9
147
95
-208
-576
-823
-932
-965
-1004
-1142
-1418
-1653
-1625
-1349
-952
-518
-89
220
391
575
806
943
992
1180
1601
2149
2632
2826
2475
1647
972
991
1529
1969
1868
1228
356
-266
-235
227
416
-85
-1027
-1814
-2105
-1941
-1618
-1615
-2224
-3153
-3709
-3434
-2545
-1723
-1466
-1820
-2377
-2496
-1743
-289
1104
1713
1525
1121
1053
1489
2232
2879
2987
2447
1745
1496
1809
2352
2795
2954
2678
2024
1453
1327
1478
1599
1612
1529
1217
698
327
272
249
32
-281
-577
-893
-1157
-1128
-884
-846
-1154
-1546
-1770
-1806
-1698
-1473
-1322
-1459
-1719
-1751
-1495
-1204
-1092
-1066
-996
-870
-618
-256
0
-79
-429
-656
-610
-534
-570
-678
-819
-1012
-1179
-1061
-824
-866
-1105
-1183
-915
-483
-52
547
1242
1901
2686
3466
3831
3433
2588
2093
2098
2226
2114
1538
731
114
-7
363
616
252
-632
-1569
-1915
-1597
-1102
-898
-1315
-2231
-3101
-3364
-2793
-1968
-1698
-2124
-2836
-3172
-2665
-1386
114
1010
925
359
77
555
1695
2863
3484
3337
2732
2292
2345
2772
3135
3040
2560
2031
1691
1593
1622
1609
1384
963
584
369
266
220
219
166
-80
-457
-798
-1034
-1133
-1101
-1065
-1182
-1453
-1682
-1735
-1639
-1473
-1369
-1425
-1575
-1628
-1471
-1162
-879
-753
-802
-946
-974
-797
-539
-356
-357
-486
-594
-626
-538
-431
-445
-526
-550
-405
-198
-196
-392
-642
-838
-810
-525
-77
351
673
1140
1688
1962
1966
1926
2060
2301
2520
2731
2626
2054
1489
1342
1477
1396
847
33
-877
-1571
-1605
-1143
-829
-1176
-2085
-2940
-3309
-3085
-2463
-2006
-2108
-2641
-3088
-2894
-2013
-903
-106
106
-52
-133
185
994
1967
2589
2639
2353
2167
2267
2577
2958
3178
3023
2568
2141
1974
2005
2053
1997
1729
1214
654
337
307
346
252
-14
-416
-838
-1059
-941
-643
-510
-729
-1201
-1674
-1915
-1813
-1480
-1239
-1342
-1678
-1886
-1714
-1238
-753
-524
-633
-919
-1069
-875
-433
-75
-81
-403
-714
-717
-405
-85
-82
-454
-899
-1027
-762
-376
-209
-371
-729
-979
-843
-347
245
768
1247
1566
1526
1343
1419
1741
1988
2050
1964
1556
871
505
838
1433
1675
1454
916
162
-473
-506
-94
-1
-641
-1719
-2694
-3223
-3152
-2618
-2183
-2364
-3051
-3594
-3412
-2486
-1307
-427
-118
-276
-435
-60
952
2065
2636
2579
2252
2034
2213
2864
3587
3747
3249
2628
2333
2340
2471
2523
2227
1575
997
862
994
1029
860
533
63
-407
-628
-616
-641
-824
-1068
-1323
-1596
-1774
-1753
-1661
-1657
-1700
-1691
-1651
-1614
-1517
-1368
-1276
-1271
-1245
-1121
-933
-741
-562
-449
-455
-498
-411
-177
0
-45
-265
-538
-729
-686
-402
-148
-221
-579
-960
-1187
-1164
-824
-240
381
928
1368
1536
1356
1091
1127
1505
1927
2088
1826
1208
644
602
1040
1411
1245
582
-193
-655
-525
48
478
191
-812
-1960
-2609
-2496
-1870
-1357
-1518
-2355
-3245
-3429
-2655
-1389
-451
-335
-822
-1205
-874
264
1722
2688
2721
2225
2035
2499
3241
3766
3860
3512
2965
2674
2776
2872
2616
2180
1834
1551
1265
1047
836
435
-98
-474
-602
-660
-776
-913
-1074
-1312
-1561
-1720
-1855
-2087
-2344
-2426
-2285
-2081
-1916
-1782
-1709
-1719
-1689
-1485
-1195
-1011
-949
-896
-829
-746
-588
-332
-105
-22
-22
-29
-73
-176
-241
-181
-19
164
280
216
-71
-420
-539
-223
457
1203
1620
1473
959
568
674
1196
1716
1806
1320
568
129
348
1015
1554
1493
814
-52
-508
-271
363
743
374
-688
-1863
-2460
-2227
-1545
-1108
-1365
-2197
-3011
-3142
-2420
-1349
-655
-651
-1079
-1404
-1166
-272
864
1624
1793
1658
1620
1840
2294
2815
3103
3023
2789
2712
2831
2989
3070
2995
2658
2101
1576
1238
998
748
497
230
-112
-480
-747
-932
-1145
-1373
-1521
-1597
-1690
-1792
-1856
-1896
-1926
-1907
-1830
-1771
-1772
-1774
-1740
-1691
-1618
-1465
-1214
-931
-680
-487
-379
-350
-315
-178
12
119
75
-61
-205
-277
-181
75
292
258
19
-163
-39
455
1198
1838
1950
1486
892
706
1040
1579
1877
1612
827
18
-224
200
789
922
391
-508
-1219
-1277
-682
33
185
-451
-1453
-2149
-2168
-1647
-1084
-1002
-1554
-2341
-2717
-2379
-1593
-903
-685
-943
-1329
-1339
-721
278
1159
1641
1765
1752
1842
2145
2556
2834
2877
2807
2762
2744
2714
2648
2526
2350
2202
2115
1991
1723
1359
1018
766
595
448
224
-182
-712
-1155
-1377
-1418
-1395
-1398
-1493
-1698
-1905
-1965
-1869
-1741
-1665
-1645
-1675
-1747
-1773
-1649
-1411
-1188
-1050
-969
-921
-888
-813
-633
-421
-308
-298
-294
-256
-226
-175
-67
17
-15
-111
-105
79
437
963
1501
1738
1516
1055
748
779
1063
1393
1481
1167
627
284
384
745
992
869
365
-300
-765
-806
-577
-487
-816
-1466
-2102
-2407
-2284
-1913
-1630
-1662
-1935
-2125
-1966
-1482
-935
-571
-438
-409
-292
53
571
1044
1303
1399
1506
1722
1989
2207
2328
2379
2452
2628
2853
2935
2758
2423
2159
2093
2166
2190
1978
1507
949
566
465
497
405
59
-449
-906
-1133
-1116
-1022
-1060
-1305
-1629
-1856
-1915
-1867
-1806
-1789
-1810
-1818
-1777
-1700
-1646
-1614
-1550
-1423
-1266
-1139
-1068
-1031
-971
-835
-645
-480
-414
-432
-452
-413
-337
-292
-303
-306
-170
201
783
1383
1735
1705
1404
1111
1053
1247
1525
1641
1459
1081
749
649
745
841
762
485
139
-110
-198
-215
-337
-662
-1109
-1470
-1603
-1545
-1466
-1533
-1760
-2003
-2056
-1816
-1384
-994
-799
-756
-678
-427
1
488
874
1093
1236
1444
1749
2027
2155
2130
2054
2061
2195
2347
2332
2046
1602
1234
1106
1200
1348
1347
1094
679
302
125
145
227
197
-33
-416
-800
-1019
-1034
-947
-894
-973
-1171
-1387
-1503
-1474
-1364
-1257
-1188
-1134
-1060
-970
-909
-920
-1010
-1121
-1159
-1081
-932
-785
-688
-642
-621
-604
-582
-566
-556
-532
-464
-334
-129
153
511
918
1281
1490
1480
1289
1056
927
972
1136
1278
1278
1143
978
886
878
872
778
558
286
75
-49
-172
-424
-845
-1349
-1759
-1935
-1896
-1800
-1811
-1969
-2152
-2181
-1965
-1570
-1156
-843
-623
-404
-115
225
526
711
812
938
1176
1506
1820
1988
1986
1911
1897
1996
2141
2194
2059
1771
1448
1225
1134
1098
1004
786
476
165
-68
-209
-310
-430
-588
-746
-841
-834
-737
-603
-491
-430
-416
-425
-431
-423
-405
-382
-358
-343
-343
-375
-441
-530
-625
-708
-766
-795
-807
-812
-821
-827
-825
-815
-800
-789
-793
-793
-755
-637
-417
-124
189
461
642
735
770
780
755
673
532
368
262
282
427
609
687
568
286
-16
-174
-120
72
223
187
-64
-413
-711
-878
-946
-1006
-1117
-1251
-1326
-1281
-1153
-1028
-978
-990
-964
-805
-504
-150
151
350
493
669
932
1248
1519
1683
1749
1791
1870
1991
2082
2064
1914
1686
1482
1360
1291
1200
1017
747
465
253
128
44
-73
-248
-446
-596
-649
-628
-600
-623
-705
-805
-871
-867
-805
-710
-603
-491
-372
-266
-194
-164
-167
-185
-217
-278
-383
-516
-645
-744
-813
-891
-1007
-1149
-1257
-1261
-1162
-1020
-918
-883
-846
-709
-416
-13
368
614
704
718
768
885
1005
1028
894
665
468
416
522
679
735
615
355
80
-89
-114
-55
-14
-55
-156
-253
-310
-340
-401
-529
-694
-816
-820
-710
-565
-483
-498
-551
-543
-413
-197
6
105
99
76
153
382
708
1005
1155
1143
1045
988
1049
1216
1402
1506
1484
1364
1211
1075
959
839
678
467
228
1
-197
-363
-494
-593
-653
-668
-655
-638
-638
-661
-696
-716
-712
-689
-646
-581
-494
-388
-282
-193
-141
-123
-124
-136
-162
-208
-273
-338
-380
-391
-389
-416
-495
-619
-735
-780
-728
-608
-483
-403
-365
-328
-254
-128
20
161
290
420
561
687
761
762
716
681
703
772
824
798
682
527
400
331
287
201
43
-160
-330
-417
-424
-411
-431
-490
-546
-560
-532
-491
-473
-474
-459
-395
-303
-225
-202
-224
-237
-196
-100
20
119
185
248
340
469
604
700
737
730
723
745
790
816
788
699
583
479
415
395
383
342
250
119
-15
-106
-139
-137
-141
-195
-300
-412
-476
-467
-405
-342
-308
-305
-302
-265
-188
-100
-33
-5
-6
-18
-36
-71
-143
-246
-356
-444
-495
-517
-534
-559
-597
-631
-637
-603
-522
-400
-262
-134
-37
35
98
175
278
393
491
544
545
512
473
450
451
462
464
441
396
345
296
252
204
135
55
-19
-78
-132
-200
-291
-398
-488
-535
-536
-521
-525
-563
-608
-618
-564
-447
-309
-196
-128
-94
-57
6
95
197
291
363
411
440
462
483
502
525
549
563
561
543
522
502
482
457
421
380
340
300
246
174
94
31
11
32
61
50
-12
-94
-144
-139
-95
-63
-77
-133
-191
-204
-169
-119
-104
-137
-194
-243
-263
-262
-263
-283
-326
-371
-406
-430
-446
-465
-475
-479
-480
-483
-488
-479
-436
-362
-274
-201
-156
-118
-56
41
156
258
318
339
349
364
390
418
423
411
379
347
325
295
252
194
130
84
59
55
53
34
0
-42
-78
-92
-86
-72
-64
-72
-100
-134
-160
-174
-167
-146
-119
-94
-79
-78
-78
-62
-21
43
118
174
203
208
201
206
228
253
276
273
247
207
162
128
106
96
92
86
71
48
23
4
-8
-12
-10
-12
-23
-43
-68
-88
-94
-84
-65
-48
-42
-49
-60
-69
-74
-78
-91
-117
-152
-188
-215
-226
-231
-231
-241
-244
-245
-237
-217
-203
-185
-155
-117
-74
-33
-4
16
32
45
64
84
99
107
109
104
108
117
133
152
158
158
157
155
153
140
121
103
84
73
72
70
65
50
31
13
0
-8
-15
-24
-35
-39
-34
-21
-4
11
18
19
18
19
17
8
-4
-17
-29
-31
-30
-26
-24
-26
-29
-35
-44
-53
-64
-70
-69
-61
-47
-34
-24
-16
-13
-6
7
20
29
32
27
17
15
21
30
44
52
51
44
33
28
29
31
32
29
18
4
-4
-4
-1
-3
-11
-19
-29
-34
-37
-43
-49
-54
-60
-60
-60
-59
-57
-60
-63
-61
-60
-50
-39
-30
-20
-12
0
12
21
31
37
43
44
43
44
48
51
52
50
50
49
48
43
39
32
26
23
18
13
9
9
14
17
17
16
17
15
12
8
6
5
8
9
9
5
-2
-11
-18
-24
-28
-28
-33
-36
-39
-40
-39
-40
-44
-44
-42
-40
-38
-35
-30
-24
-17
-13
-6
-3
1
7
12
16
19
22
25
27
26
25
21
21
20
15
15
12
14
15
16
19
20
19
19
16
15
12
7
0
-5
-6
-6
-9
-12
-15
-19
-22
-21
-22
-24
-26
-27
-23
-20
-14
-8
-5
-5
-5
-4
-3
-1
1
7
10
11
8
7
9
12
13
14
14
14
14
14
15
15
15
13
12
8
7
8
6
6
10
13
18
19
21
20
15
11
9
5
0
-5
-11
-15
-17
-19
-18
-20
-22
-24
-26
-23
-21
-21
-22
-23
-20
-17
-17
-18
-17
-18
-18
-12
-7
-2
1
2
1
-1
1
9
12
13
10
5
4
5
10
17
20
23
22
20
18
14
12
9
6
6
4
-2
-6
-8
-3
5
11
10
4
0
-2
1
6
7
1
-11
-18
-19
-16
-10
-4
1
-1
-2
-1
4
11
12
9
7
2
-1
-3
-2
-2
-2
-2
-1
0
2
3
8
13
15
15
13
9
6
