-3
-5
-5
-6
-7
-9
-11
-14
-16
-15
-17
-15
-14
-12
-14
-16
-14
-14
-14
-13
-11
-12
-12
-9
-9
-8
-6
-5
-4
-4
-3
-2
-3
-3
-2
0
2
3
4
7
7
7
8
8
9
10
14
14
14
15
13
15
16
19
18
20
19
17
14
11
9
4
3
0
-4
-6
-11
-14
-14
-13
-10
-10
-10
-8
-8
-9
-10
-11
-11
-10
-9
-5
-3
3
6
7
7
8
9
8
7
11
11
13
14
15
15
13
12
13
15
14
13
12
12
10
7
6
1
-3
-3
-3
-3
-3
-3
-5
-8
-9
-11
-15
-16
-14
-17
-19
-19
-19
-18
-18
-16
-16
-18
-17
-15
-14
-14
-12
-13
-11
-9
-6
-4
-4
-3
-4
-6
-3
-2
0
2
1
-2
-3
-3
-3
-1
0
2
5
7
12
13
15
15
14
17
17
19
22
25
29
30
30
26
21
20
18
14
8
6
2
0
-2
-8
-12
-14
-18
-20
-23
-24
-26
-27
-27
-29
-29
-28
-26
-21
-17
-12
-8
-4
-1
3
11
15
17
20
20
21
23
23
26
26
28
28
27
27
26
25
23
22
20
16
11
9
9
9
9
6
1
-1
-2
-5
-9
-11
-16
-20
-23
-25
-26
-26
-26
-28
-27
-27
-26
-23
-22
-23
-23
-25
-24
-23
-21
-19
-17
-15
-11
-11
-9
-6
-5
-4
-2
-5
-4
-4
-1
0
0
0
1
2
4
5
5
6
5
2
3
6
9
12
15
21
25
29
33
37
41
43
46
46
47
48
49
47
42
35
28
20
12
4
-7
-17
-26
-31
-34
-34
-35
-36
-38
-39
-38
-38
-41
-44
-49
-49
-45
-41
-33
-27
-18
-15
-2
19
38
47
66
86
79
75
63
60
75
78
82
93
100
132
154
153
149
130
122
113
85
63
39
24
17
12
9
10
9
5
-9
-34
-67
-104
-152
-209
-245
-276
-289
-296
-312
-290
-258
-232
-208
-206
-204
-190
-183
-170
-163
-158
-136
-108
-73
-35
1
27
41
42
36
30
27
30
34
46
60
79
93
104
110
111
104
80
47
19
-2
-10
-2
22
62
126
219
343
489
649
809
953
1067
1140
1160
1117
1006
828
592
318
35
-236
-469
-643
-757
-812
-816
-783
-728
-676
-649
-662
-720
-817
-939
-1057
-1144
-1174
-1131
-1006
-804
-537
-220
112
430
696
884
984
995
927
806
658
515
403
336
326
372
456
555
648
710
723
682
590
462
315
172
52
-30
-67
-67
-38
4
42
59
46
-2
-80
-179
-291
-402
-495
-569
-609
-618
-600
-563
-520
-482
-461
-462
-477
-498
-520
-529
-518
-477
-410
-324
-225
-129
-48
4
20
5
-27
-68
-105
-121
-111
-75
-25
31
86
134
166
169
155
139
125
110
97
95
104
119
137
165
227
329
474
674
946
1264
1570
1804
1926
1916
1759
1435
975
441
-117
-661
-1128
-1435
-1537
-1466
-1287
-1048
-784
-553
-407
-362
-412
-566
-830
-1171
-1505
-1716
-1743
-1573
-1219
-712
-115
490
1032
1460
1724
1773
1582
1205
751
321
-9
-190
-209
-83
139
398
660
891
1037
1052
926
694
402
103
-148
-294
-314
-231
-84
88
246
348
347
230
28
-228
-498
-736
-903
-963
-913
-775
-578
-369
-199
-106
-113
-205
-352
-532
-703
-830
-881
-829
-676
-433
-147
115
306
403
402
312
149
-47
-237
-394
-489
-506
-441
-303
-139
22
166
270
332
355
339
295
215
117
42
18
59
179
365
618
945
1346
1845
2394
2871
3135
3059
2625
1891
940
-78
-1042
-1893
-2563
-2989
-3086
-2824
-2314
-1695
-1095
-614
-280
-93
-43
-111
-344
-758
-1253
-1676
-1842
-1652
-1149
-418
400
1153
1746
2103
2196
2013
1520
774
-74
-824
-1278
-1354
-1067
-502
177
811
1314
1653
1839
1857
1678
1339
903
477
175
59
140
340
543
662
647
520
322
44
-332
-797
-1267
-1606
-1719
-1572
-1197
-705
-263
5
73
10
-127
-345
-634
-952
-1212
-1326
-1245
-935
-439
104
534
783
874
843
696
429
87
-272
-604
-841
-908
-784
-535
-285
-122
-69
-83
-78
-23
44
67
38
12
-8
-36
3
172
462
843
1428
2372
3502
4336
4522
4072
3148
1818
196
-1383
-2644
-3584
-4269
-4543
-4180
-3298
-2305
-1472
-795
-217
216
462
550
446
9
-772
-1605
-2065
-1895
-1155
-92
1048
2058
2789
3162
3161
2763
1933
702
-706
-1901
-2523
-2437
-1736
-667
492
1495
2215
2648
2804
2659
2181
1439
621
-28
-310
-160
325
916
1373
1559
1469
1150
646
-21
-809
-1616
-2277
-2619
-2560
-2126
-1474
-798
-242
103
223
146
-107
-527
-1094
-1709
-2215
-2443
-2323
-1871
-1191
-436
235
704
938
966
818
508
90
-327
-628
-727
-593
-268
129
460
633
619
450
201
-40
-231
-385
-451
-386
-239
-86
85
359
769
1352
2296
3613
4787
5208
4769
3808
2508
779
-1159
-2763
-3868
-4642
-4971
-4488
-3217
-1847
-955
-439
-33
299
523
658
683
373
-479
-1586
-2312
-2219
-1353
-152
971
1879
2496
2778
2763
2428
1672
409
-1192
-2572
-3217
-2959
-1931
-512
910
2050
2768
3155
3291
3111
2548
1646
634
-167
-582
-513
-22
581
967
1000
814
586
281
-158
-668
-1183
-1626
-1879
-1773
-1256
-556
15
333
400
270
9
-351
-771
-1280
-1865
-2303
-2395
-2085
-1467
-765
-121
332
456
316
57
-254
-574
-923
-1220
-1272
-1035
-548
101
696
1113
1271
1092
704
294
-85
-438
-744
-897
-780
-502
-220
162
685
1377
2504
4021
5351
5845
5286
4134
2682
688
-1522
-3288
-4554
-5453
-5831
-5191
-3448
-1599
-456
180
570
793
894
900
924
675
-250
-1483
-2265
-2084
-992
352
1420
2100
2369
2328
2111
1684
922
-294
-1773
-2936
-3284
-2674
-1285
436
1961
2940
3379
3525
3519
3243
2559
1537
447
-436
-902
-816
-249
458
854
804
612
505
380
60
-451
-990
-1457
-1794
-1776
-1268
-488
180
497
517
372
78
-359
-871
-1409
-1925
-2307
-2379
-2030
-1392
-732
-241
11
8
-237
-625
-997
-1249
-1390
-1417
-1227
-734
-18
720
1300
1634
1647
1275
604
-138
-741
-1167
-1508
-1766
-1803
-1492
-815
186
1640
3615
5569
6642
6435
5297
3720
1716
-684
-2895
-4433
-5351
-5710
-5185
-3523
-1368
190
833
944
870
746
667
728
717
177
-855
-1728
-1848
-1127
18
1075
1740
1925
1771
1556
1365
988
183
-971
-2013
-2462
-2112
-1024
496
1936
2856
3228
3379
3529
3520
3107
2290
1287
331
-359
-616
-455
-170
-113
-339
-594
-621
-470
-387
-519
-886
-1415
-1866
-1908
-1456
-818
-359
-117
36
128
148
141
112
-97
-619
-1225
-1519
-1386
-1090
-956
-1057
-1313
-1710
-2148
-2405
-2347
-2091
-1847
-1590
-1101
-327
589
1446
2072
2352
2202
1734
1171
659
263
-119
-655
-1325
-1933
-2112
-1565
-139
2226
4899
6714
7065
6189
4630
2552
-118
-2801
-4799
-6112
-6629
-5917
-3844
-1104
906
1615
1596
1327
1112
1144
1250
1188
544
-744
-1844
-2063
-1321
-3
1079
1510
1416
1043
839
912
828
274
-787
-1934
-2458
-2098
-979
479
1659
2255
2359
2300
2429
2644
2560
2043
1250
585
375
590
1081
1535
1563
1081
303
-393
-787
-1090
-1543
-2167
-2822
-3188
-3008
-2305
-1309
-377
282
694
861
836
739
564
209
-318
-772
-804
-436
-75
14
-219
-757
-1546
-2441
-3090
-3259
-3074
-2701
-2139
-1271
-88
1074
1916
2386
2453
2162
1580
884
405
73
-378
-895
-1359
-1568
-1334
-368
1726
4296
5917
6019
4979
3342
1174
-1560
-3973
-5340
-6042
-6223
-5336
-3083
-284
1459
1696
1323
884
525
501
955
1569
1458
271
-1035
-1502
-1030
-74
756
1181
1215
991
973
1359
1613
1171
2
-1285
-1952
-1804
-948
394
1618
2136
1902
1447
1354
1475
1324
890
521
498
824
1455
2494
3609
3973
3256
1930
700
-241
-1274
-2409
-3306
-3888
-4139
-3893
-2938
-1413
-63
554
561
302
28
-221
-453
-603
-721
-786
-586
-31
640
956
602
-339
-1589
-2819
-3631
-3725
-3118
-2172
-1285
-526
237
935
1337
1391
1169
714
134
-398
-615
-418
-150
17
226
762
2170
4294
6004
6413
5273
3075
528
-2163
-4408
-5436
-5522
-5091
-4112
-2462
-284
1337
1486
585
-718
-1856
-2097
-1307
77
1196
1254
568
-137
-589
-541
-71
395
638
684
1037
2080
3183
3545
2935
1623
201
-914
-1373
-862
238
1191
1598
1560
1453
1301
887
272
-404
-907
-932
-306
1010
2642
3968
4634
4453
3475
2002
352
-1143
-2395
-3460
-4053
-3855
-2933
-1730
-739
-49
335
191
-423
-1030
-1163
-894
-707
-697
-580
-352
-281
-488
-797
-1081
-1537
-2198
-2693
-2715
-2294
-1670
-1004
-311
309
688
897
1033
953
607
66
-567
-1154
-1713
-2052
-1724
-638
1332
4145
6743
7917
7136
4760
1766
-1411
-4419
-6233
-6493
-5630
-3910
-1510
1282
3409
3548
1955
-135
-1818
-2464
-1989
-807
352
455
-579
-1753
-2349
-2203
-1678
-1266
-872
-254
768
2368
4104
5176
5026
3607
1725
366
-80
395
1394
2243
2482
1991
1105
277
-520
-1414
-2209
-2516
-2007
-709
1113
3123
4691
5111
4188
2466
768
-518
-1400
-1875
-1943
-1723
-1407
-1015
-446
86
200
-197
-914
-1604
-1953
-1815
-1247
-628
-398
-629
-1117
-1633
-2025
-2212
-2155
-1938
-1752
-1603
-1352
-995
-690
-631
-775
-884
-722
-124
814
1820
2526
2532
1742
408
-1009
-1922
-1898
-549
2005
4537
5797
5475
3833
1285
-1846
-4807
-6416
-6470
-5455
-3438
-523
2600
4635
4607
3035
1047
-656
-1452
-1018
263
1329
1059
-485
-2297
-3694
-4390
-4253
-3394
-2133
-809
606
2267
3717
4158
3327
1719
152
-725
-540
821
2901
4722
5457
4988
3669
1788
-366
-2240
-3256
-3209
-2248
-537
1668
3700
4772
4561
3310
1486
-505
-2182
-2979
-2727
-1842
-899
-65
730
1155
752
-276
-1168
-1430
-1288
-1022
-401
586
1336
1280
463
-601
-1657
-2781
-3716
-3971
-3428
-2501
-1764
-1349
-1115
-1111
-1411
-1817
-1878
-1361
-572
203
941
1517
1702
1296
440
-216
-61
1369
4050
6706
7799
6762
4000
356
-3574
-7068
-8923
-8816
-7477
-5260
-2070
1691
4598
5162
3606
1413
-241
-647
434
2489
4279
4336
2282
-823
-3624
-5247
-5524
-4830
-3556
-1911
0
2012
3592
4067
3174
1234
-941
-2366
-2329
-669
2072
4743
6248
6167
4825
2878
794
-1122
-2465
-2847
-2187
-793
866
2365
3277
3164
1931
149
-1284
-1818
-1569
-938
-208
416
656
380
-219
-778
-1059
-1038
-757
-217
503
1155
1433
1121
231
-965
-2068
-2702
-2654
-1970
-929
56
559
308
-607
-1752
-2660
-3135
-3178
-2763
-1900
-860
-36
431
561
334
-303
-1184
-1704
-1040
1276
4678
7560
8414
6980
3964
179
-3515
-6048
-6710
-5924
-4731
-3413
-1606
327
1240
523
-1174
-2616
-2916
-1607
1350
4969
7404
7251
4516
486
-3221
-5424
-5698
-4457
-2565
-591
1326
2989
3910
3664
2292
273
-1753
-3013
-2754
-821
1979
4363
5418
5037
3673
1920
352
-543
-540
211
1272
2183
2653
2534
1784
480
-1107
-2508
-3224
-3014
-2059
-872
57
472
288
-421
-1302
-1774
-1427
-356
951
2024
2619
2571
1699
102
-1673
-2974
-3515
-3407
-2786
-1658
-238
891
1260
869
64
-790
-1478
-1786
-1562
-947
-288
109
34
-545
-1386
-2116
-2358
-1770
-49
2858
6114
8117
7765
5272
1660
-2116
-5315
-7092
-6878
-5167
-3072
-1156
576
1750
1563
-170
-2431
-3853
-3755
-2126
626
3458
4933
4237
1848
-903
-2825
-3351
-2456
-619
1329
2734
3428
3463
2804
1418
-368
-1833
-2371
-1886
-610
1081
2611
3292
2769
1411
81
-584
-457
357
1659
3008
3786
3647
2786
1640
511
-370
-701
-384
280
821
948
517
-588
-2196
-3666
-4302
-3856
-2533
-699
1204
2559
2855
2108
798
-600
-1827
-2622
-2701
-2086
-1179
-428
-34
-33
-439
-1099
-1627
-1720
-1408
-885
-317
172
443
407
136
-260
-760
-1318
-1617
-1079
678
3271
5498
6176
5025
2640
-159
-2642
-4138
-4271
-3398
-2414
-1842
-1465
-1035
-818
-1150
-1746
-1915
-1277
19
1587
2888
3145
1749
-1043
-3955
-5446
-4737
-2238
866
3378
4598
4376
2986
1091
-467
-1134
-878
26
1338
2837
4092
4505
3730
1979
-148
-1964
-2852
-2406
-703
1549
3367
4054
3510
2095
404
-900
-1352
-905
107
1246
2104
2279
1516
-36
-1815
-3223
-3918
-3714
-2535
-686
1065
1951
1794
960
-119
-1131
-1728
-1573
-765
74
366
86
-468
-1193
-2114
-2923
-3022
-2199
-912
200
822
896
374
-648
-1682
-2105
-1732
-883
127
1355
2955
4563
5345
4724
2906
572
-1675
-3326
-3888
-3229
-1934
-890
-535
-804
-1537
-2554
-3407
-3492
-2491
-562
1818
3964
5031
4364
1993
-1253
-4125
-5483
-4729
-2111
1267
3931
4827
3772
1361
-1437
-3571
-4189
-3002
-530
2185
4249
5282
5255
4256
2559
729
-604
-1072
-612
637
2275
3579
3841
2868
1160
-421
-1165
-844
223
1353
1851
1417
274
-1074
-2197
-2809
-2725
-1950
-822
152
680
740
316
-638
-1884
-2809
-2881
-2113
-892
451
1616
2141
1641
277
-1260
-2310
-2623
-2251
-1384
-348
419
597
216
-441
-1080
-1528
-1720
-1606
-1037
205
2023
3739
4426
3664
1847
-254
-1974
-2824
-2592
-1593
-615
-286
-608
-1273
-2149
-3206
-4093
-4224
-3220
-1194
1343
3609
4682
3889
1334
-1936
-4422
-5006
-3528
-752
2172
4275
5026
4341
2602
580
-929
-1489
-1085
37
1508
2807
3399
3049
1945
567
-567
-1038
-595
709
2428
3825
4275
3631
2249
734
-338
-613
-77
900
1720
1910
1328
130
-1339
-2606
-3186
-2856
-1799
-430
764
1348
1054
-6
-1304
-2229
-2439
-1942
-1009
-96
335
78
-710
-1695
-2588
-3177
-3296
-2895
-2069
-978
178
1072
1304
734
-295
-1201
-1614
-1444
-620
929
2921
4608
5263
4650
2976
604
-1944
-3837
-4333
-3453
-1991
-759
-54
86
-444
-1564
-2721
-3245
-2889
-1801
-196
1554
2744
2672
1250
-872
-2757
-3613
-3018
-1136
1202
2907
3337
2578
1164
-296
-1256
-1302
-411
994
2367
3359
3783
3475
2429
1010
-168
-614
-165
1049
2619
3861
4123
3248
1651
-9
-1118
-1230
-272
1258
2526
2928
2405
1226
-291
-1756
-2698
-2844
-2320
-1476
-579
178
559
366
-302
-1074
-1566
-1584
-1150
-437
248
593
453
-74
-771
-1459
-2033
-2437
-2643
-2689
-2625
-2451
-2169
-1836
-1518
-1223
-935
-676
-376
256
1492
3141
4525
5018
4467
3052
1088
-919
-2328
-2794
-2609
-2295
-2025
-1722
-1517
-1701
-2268
-2819
-2963
-2519
-1409
236
1831
2555
2010
525
-1131
-2169
-2046
-743
1109
2586
3139
2827
2008
993
54
-532
-618
-288
276
974
1714
2239
2275
1808
1148
664
537
798
1406
2199
2862
3097
2819
2163
1362
666
303
356
649
897
901
593
-31
-848
-1555
-1823
-1590
-1095
-620
-304
-210
-412
-881
-1357
-1538
-1349
-950
-501
-58
287
382
172
-210
-554
-719
-709
-623
-606
-772
-1183
-1815
-2541
-3111
-3285
-3028
-2493
-1765
-730
678
2178
3261
3593
3181
2224
1025
9
-417
-192
297
523
233
-471
-1352
-2246
-3026
-3495
-3455
-2902
-2046
-1106
-252
299
312
-210
-888
-1223
-939
-93
1035
2064
2647
2628
2096
1287
453
-157
-362
-180
199
642
1132
1595
1819
1667
1322
1084
1086
1271
1589
2000
2349
2411
2100
1563
1049
732
669
862
1260
1692
1877
1590
854
-97
-966
-1512
-1599
-1254
-712
-283
-136
-276
-645
-1171
-1715
-2085
-2155
-1893
-1312
-500
298
720
584
25
-650
-1190
-1462
-1401
-1094
-790
-713
-865
-1058
-1201
-1353
-1535
-1609
-1423
-973
-365
292
847
1086
917
520
240
259
465
682
844
953
948
740
361
-73
-504
-944
-1335
-1553
-1575
-1577
-1723
-1923
-1915
-1550
-932
-273
255
540
559
445
431
643
980
1224
1200
917
525
205
38
-23
-71
-114
-71
129
485
949
1455
1913
2240
2431
2568
2708
2796
2714
2420
2017
1617
1246
886
567
343
210
110
29
-20
-89
-285
-597
-834
-828
-618
-392
-273
-267
-384
-637
-930
-1124
-1201
-1293
-1472
-1616
-1560
-1323
-1072
-931
-913
-997
-1149
-1266
-1216
-983
-674
-389
-148
78
265
346
255
14
-248
-386
-367
-256
-128
11
161
310
470
631
684
488
57
-385
-618
-622
-563
-641
-961
-1464
-1915
-2049
-1774
-1259
-817
-695
-914
-1251
-1389
-1154
-635
-78
350
687
1064
1541
2045
2411
2480
2199
1665
1119
817
825
995
1135
1215
1340
1556
1775
1891
1890
1823
1752
1787
2043
2464
2768
2660
2083
1248
424
-189
-483
-489
-389
-398
-596
-891
-1168
-1363
-1440
-1382
-1249
-1143
-1086
-1016
-905
-849
-944
-1151
-1371
-1567
-1746
-1848
-1795
-1627
-1498
-1494
-1555
-1567
-1468
-1229
-804
-209
416
878
1068
989
714
375
127
75
207
428
652
783
703
380
-70
-471
-765
-1005
-1226
-1387
-1460
-1460
-1384
-1204
-966
-821
-854
-965
-965
-775
-483
-229
-101
-128
-249
-277
-18
516
1073
1411
1548
1682
1935
2277
2613
2844
2837
2540
2124
1878
1932
2120
2181
2004
1662
1317
1121
1153
1361
1567
1614
1490
1274
1017
705
315
-140
-617
-1032
-1269
-1269
-1119
-1018
-1134
-1480
-1937
-2331
-2523
-2466
-2216
-1901
-1618
-1391
-1174
-938
-728
-633
-709
-938
-1218
-1395
-1321
-938
-396
31
153
20
-159
-249
-239
-139
53
295
492
618
745
909
987
797
334
-216
-644
-888
-997
-1022
-1012
-1020
-1070
-1116
-1090
-1000
-933
-970
-1106
-1210
-1142
-868
-518
-276
-197
-168
-49
213
603
1055
1471
1731
1803
1822
1936
2139
2287
2296
2242
2238
2312
2420
2507
2511
2365
2069
1760
1616
1674
1785
1736
1404
817
148
-357
-504
-287
103
416
487
280
-130
-603
-1011
-1336
-1642
-1949
-2164
-2185
-2023
-1801
-1650
-1637
-1785
-2035
-2234
-2211
-1930
-1527
-1147
-819
-506
-196
52
161
85
-162
-464
-636
-539
-201
198
470
520
372
129
-100
-277
-456
-684
-877
-871
-584
-111
331
507
281
-325
-1074
-1652
-1874
-1788
-1569
-1343
-1135
-925
-702
-496
-355
-303
-320
-293
-87
361
957
1516
1909
2122
2236
2339
2447
2532
2548
2470
2337
2226
2197
2234
2274
2276
2259
2271
2328
2385
2353
2132
1683
1085
515
135
-18
-32
-40
-123
-278
-436
-528
-579
-696
-971
-1388
-1841
-2198
-2337
-2213
-1915
-1657
-1617
-1789
-2042
-2267
-2398
-2373
-2143
-1754
-1325
-907
-471
-25
335
519
549
499
418
321
237
189
140
46
-82
-193
-269
-333
-395
-461
-534
-588
-576
-506
-494
-651
-950
-1266
-1486
-1576
-1528
-1367
-1201
-1144
-1166
-1111
-905
-641
-448
-351
-281
-197
-58
197
578
975
1278
1507
1756
2045
2298
2462
2551
2581
2566
2568
2654
2790
2853
2787
2683
2640
2630
2551
2332
1977
1512
1029
700
642
785
921
890
669
309
-138
-599
-1014
-1393
-1768
-2068
-2138
-1916
-1533
-1200
-1062
-1160
-1437
-1747
-1893
-1791
-1578
-1475
-1587
-1822
-1994
-1985
-1778
-1435
-1087
-854
-748
-621
-299
235
806
1192
1282
1096
758
434
248
176
67
-198
-588
-964
-1228
-1367
-1429
-1500
-1677
-1956
-2206
-2292
-2188
-1963
-1673
-1345
-1013
-701
-385
-56
218
356
380
391
451
559
713
927
1172
1373
1524
1686
1878
2029
2085
2082
2087
2128
2213
2365
2591
2813
2933
2937
2875
2777
2615
2374
2096
1821
1544
1265
1016
813
604
351
82
-148
-329
-515
-734
-986
-1275
-1593
-1904
-2144
-2292
-2367
-2360
-2234
-1994
-1716
-1485
-1347
-1319
-1385
-1441
-1342
-1029
-598
-205
55
151
84
-90
-256
-334
-351
-370
-386
-320
-132
118
334
428
343
103
-181
-394
-500
-559
-649
-792
-984
-1237
-1522
-1770
-1922
-1984
-2004
-1987
-1902
-1767
-1654
-1614
-1599
-1505
-1255
-849
-334
231
787
1270
1634
1864
1977
2010
2012
2024
2040
2054
2098
2236
2466
2718
2917
3036
3053
2922
2652
2333
2069
1869
1691
1522
1398
1322
1261
1188
1091
946
734
480
232
-10
-297
-624
-925
-1160
-1343
-1491
-1581
-1634
-1740
-1944
-2161
-2260
-2214
-2097
-1948
-1741
-1474
-1169
-834
-457
-83
175
249
205
186
253
361
462
536
561
481
275
-7
-293
-578
-878
-1145
-1282
-1245
-1107
-973
-897
-889
-956
-1101
-1282
-1449
-1569
-1643
-1669
-1643
-1598
-1579
-1594
-1597
-1540
-1417
-1245
-1028
-767
-448
-65
385
885
1360
1704
1868
1918
1963
2067
2208
2355
2492
2593
2609
2541
2469
2454
2449
2373
2233
2103
2010
1908
1772
1619
1448
1228
972
772
692
675
613
448
196
-113
-443
-721
-882
-935
-945
-964
-999
-1053
-1138
-1273
-1449
-1647
-1831
-1947
-1932
-1744
-1409
-1001
-614
-341
-220
-206
-206
-145
-16
156
346
531
667
725
708
622
452
181
-153
-484
-761
-994
-1222
-1461
-1701
-1926
-2124
-2276
-2354
-2342
-2237
-2052
-1818
-1576
-1367
-1217
-1115
-1017
-864
-625
-332
-55
146
269
343
402
470
570
718
909
1125
1372
1672
2004
2276
2415
2435
2418
2443
2544
2717
2915
3018
2914
2587
2131
1683
1321
1078
965
950
946
872
707
478
205
-95
-383
-601
-737
-823
-897
-972
-1046
-1140
-1252
-1361
-1442
-1495
-1526
-1522
-1445
-1279
-1037
-756
-485
-274
-171
-187
-281
-355
-329
-171
84
359
576
667
612
465
313
210
144
74
-23
-137
-254
-371
-491
-624
-806
-1063
-1386
-1712
-1970
-2133
-2218
-2252
-2256
-2247
-2228
-2178
-2053
-1836
-1544
-1218
-900
-596
-306
-28
264
589
918
1188
1350
1407
1404
1407
1456
1569
1745
1941
2117
2264
2380
2468
2508
2482
2403
2304
2223
2170
2132
2067
1936
1731
1468
1193
944
723
516
298
61
-189
-435
-658
-838
-973
-1068
-1145
-1226
-1315
-1395
-1451
-1462
-1413
-1313
-1191
-1084
-1007
-925
-810
-656
-496
-369
-289
-239
-178
-63
121
322
468
513
467
380
289
193
67
-107
-326
-534
-688
-777
-849
-961
-1126
-1302
-1421
-1456
-1437
-1429
-1493
-1620
-1752
-1813
-1781
-1688
-1585
-1511
-1441
-1308
-1059
-697
-286
80
344
518
657
812
999
1200
1388
1539
1666
1787
1923
2076
2227
2338
2395
2397
2364
2318
2262
2188
2079
1924
1732
1525
1343
1208
1123
1069
1019
929
772
539
255
-32
-279
-461
-583
-675
-775
-918
-1099
-1305
-1507
-1670
-1769
-1787
-1717
-1575
-1382
-1164
-928
-681
-438
-236
-111
-79
-110
-139
-111
0
158
296
369
366
317
250
169
77
-32
-146
-238
-306
-372
-485
-683
-948
-1222
-1449
-1603
-1707
-1795
-1880
-1942
-1945
-1868
-1745
-1630
-1561
-1525
-1456
-1286
-990
-600
-190
165
431
627
803
983
1177
1387
1599
1804
1977
2094
2140
2126
2085
2060
2074
2121
2162
2147
2067
1948
1842
1775
1726
1657
1536
1363
1152
925
698
471
231
-24
-257
-422
-494
-492
-474
-504
-613
-797
-1013
-1211
-1360
-1449
-1484
-1469
-1415
-1336
-1252
-1177
-1115
-1034
-895
-679
-398
-97
181
405
563
652
672
636
561
480
420
396
383
322
164
-93
-401
-685
-890
-1009
-1066
-1100
-1145
-1205
-1266
-1317
-1365
-1438
-1547
-1666
-1754
-1761
-1661
-1470
-1235
-1010
-834
-712
-623
-538
-432
-297
-121
98
363
663
977
1277
1532
1731
1881
1991
2069
2119
2142
2135
2106
2065
2016
1957
1869
1728
1532
1307
1108
978
934
947
957
901
750
530
295
86
-90
-259
-441
-633
-802
-914
-954
-939
-914
-915
-957
-1024
-1081
-1099
-1064
-973
-830
-641
-430
-228
-71
17
33
6
-16
10
95
223
360
479
570
622
622
557
410
209
-2
-175
-282
-343
-408
-529
-724
-975
-1225
-1432
-1581
-1685
-1758
-1806
-1821
-1791
-1729
-1664
-1613
-1567
-1482
-1316
-1059
-748
-451
-213
-38
112
280
472
668
829
937
1012
1096
1212
1356
1490
1582
1635
1679
1752
1869
2001
2095
2105
2011
1831
1609
1374
1150
943
752
576
408
245
84
-63
-175
-244
-273
-284
-311
-369
-457
-551
-633
-701
-760
-812
-851
-857
-826
-766
-693
-618
-527
-390
-191
40
251
383
423
410
401
435
509
579
604
570
496
422
360
294
195
47
-133
-310
-454
-569
-683
-826
-997
-1169
-1296
-1354
-1356
-1344
-1359
-1420
-1508
-1589
-1632
-1629
-1593
-1524
-1423
-1271
-1058
-794
-503
-227
-6
155
277
392
535
711
907
1096
1262
1401
1519
1611
1665
1665
1613
1531
1459
1423
1423
1431
1409
1331
1199
1042
887
750
619
480
335
201
99
28
-30
-109
-233
-396
-561
-685
-740
-738
-716
-720
-760
-811
-839
-811
-723
-604
-490
-391
-300
-188
-45
110
250
363
453
540
643
752
839
867
819
714
589
479
391
300
184
42
-111
-251
-365
-475
-618
-809
-1032
-1240
-1376
-1412
-1363
-1278
-1208
-1176
-1186
-1225
-1268
-1296
-1290
-1241
-1130
-953
-724
-481
-269
-118
-26
37
118
253
450
679
900
1073
1189
1265
1323
1388
1459
1519
1554
1551
1511
1444
1360
1262
1151
1036
920
809
698
571
420
247
68
-95
-222
-314
-387
-461
-543
-632
-715
-779
-835
-893
-959
-1013
-1027
-965
-826
-645
-477
-363
-317
-311
-298
-243
-131
24
192
349
482
592
684
759
810
829
810
751
667
573
488
425
375
319
228
92
-89
-295
-498
-680
-834
-961
-1068
-1155
-1224
-1276
-1313
-1334
-1330
-1293
-1204
-1060
-880
-695
-537
-419
-331
-246
-148
-39
70
159
230
300
392
521
688
869
1044
1193
1305
1375
1402
1388
1348
1309
1303
1339
1394
1418
1365
1224
1018
787
575
393
234
72
-104
-277
-428
-544
-640
-732
-832
-942
-1036
-1091
-1098
-1070
-1032
-996
-961
-910
-835
-758
-709
-700
-717
-708
-622
-432
-166
107
325
460
532
584
631
674
687
650
579
512
481
488
487
444
342
201
71
-16
-56
-85
-145
-247
-373
-485
-560
-604
-637
-688
-774
-874
-966
-1018
-1025
-1001
-948
-867
-745
-566
-335
-73
172
358
476
550
624
731
870
1030
1176
1279
1325
1319
1269
1190
1087
969
863
799
789
821
868
891
869
794
681
551
417
282
149
16
-112
-244
-382
-533
-704
-885
-1060
-1204
-1299
-1345
-1357
-1353
-1341
-1322
-1283
-1212
-1096
-939
-751
-555
-371
-212
-94
-6
62
130
214
316
427
531
606
639
627
576
502
432
384
371
393
433
463
448
366
220
25
-177
-344
-451
-494
-498
-489
-493
-516
-554
-595
-626
-644
-641
-613
-555
-463
-343
-214
-96
0
78
147
231
340
467
599
724
834
939
1051
1173
1291
1388
1442
1443
1400
1321
1219
1103
974
832
679
516
359
213
79
-36
-142
-249
-366
-496
-627
-742
-817
-849
-846
-837
-843
-882
-959
-1052
-1149
-1227
-1269
-1272
-1224
-1123
-980
-816
-661
-545
-474
-433
-390
-304
-164
27
233
419
551
615
613
566
503
449
416
405
401
389
366
334
302
271
235
180
93
-22
-148
-258
-330
-366
-375
-378
-375
-359
-318
-247
-158
-74
-13
26
56
101
166
239
300
333
355
387
444
519
590
641
662
673
693
735
796
851
880
884
874
874
884
885
844
743
589
420
265
142
34
-90
-255
-463
-670
-825
-902
-906
-884
-885
-926
-997
-1059
-1083
-1055
-998
-933
-872
-818
-747
-663
-583
-527
-513
-528
-534
-497
-399
-259
-111
13
102
170
237
313
385
441
465
455
430
410
400
396
383
350
295
227
156
87
21
-38
-86
-113
-114
-98
-85
-94
-133
-188
-229
-234
-189
-110
-15
70
130
170
197
231
278
342
420
499
572
641
695
746
785
801
789
744
683
628
590
575
569
539
479
378
258
155
85
57
47
25
-28
-115
-221
-337
-450
-549
-632
-686
-720
-739
-757
-799
-862
-941
-1012
-1035
-1007
-924
-815
-711
-603
-493
-375
-266
-193
-168
-171
-175
-141
-61
55
178
274
319
316
286
244
208
186
181
201
240
280
309
307
268
200
117
49
13
14
43
66
62
20
-51
-128
-177
-182
-149
-96
-46
-8
16
39
64
91
114
136
164
210
284
382
481
557
600
604
597
601
609
617
602
564
527
493
474
462
433
381
295
191
92
12
-44
-92
-149
-222
-305
-381
-447
-489
-515
-533
-548
-568
-589
-605
-621
-631
-643
-650
-635
-595
-528
-448
-378
-328
-308
-309
-318
-322
-300
-245
-162
-61
34
104
144
156
153
146
152
170
198
224
237
237
224
203
182
158
140
129
117
105
94
83
72
60
49
37
23
8
0
3
23
57
94
121
132
117
84
51
35
41
79
138
200
258
298
315
313
298
287
294
315
351
387
409
419
400
357
296
224
164
114
75
42
9
-25
-68
-117
-167
-215
-258
-299
-333
-362
-383
-395
-407
-419
-422
-425
-415
-402
-386
-364
-341
-319
-301
-293
-287
-276
-258
-223
-185
-149
-118
-97
-78
-64
-41
-8
28
64
91
109
118
122
132
143
156
168
171
166
151
135
123
114
110
108
104
102
92
77
55
36
26
28
40
58
73
79
77
67
59
58
66
81
101
120
137
152
166
179
189
197
199
199
197
195
194
190
187
190
191
188
177
151
116
73
27
-18
-54
-79
-102
-121
-141
-160
-183
-212
-238
-264
-281
-285
-289
-288
-282
-274
-261
-253
-249
-246
-239
-224
-200
-174
-145
-123
-105
-88
-73
-50
-28
-7
11
19
24
25
29
37
43
51
61
71
79
89
100
108
114
115
107
97
86
77
72
67
60
54
44
32
20
10
3
-2
-5
-8
-8
-1
10
26
44
60
75
84
89
93
96
101
108
115
121
128
129
131
132
133
134
131
127
121
112
102
88
77
69
62
51
36
17
-9
-35
-61
-87
-105
-118
-129
-138
-150
-161
-170
-181
-190
-193
-192
-182
-168
-153
-141
-133
-132
-133
-134
-134
-126
-109
-85
-61
-39
-18
-5
5
10
11
13
19
24
28
29
26
22
21
22
25
31
32
33
35
34
35
37
38
37
34
30
28
26
27
31
37
45
49
50
47
43
36
32
32
35
42
53
66
75
82
85
91
100
108
120
129
138
142
139
131
112
91
74
57
45
34
27
21
11
1
-14
-27
-37
-46
-54
-62
-68
-78
-91
-102
-112
-119
-125
-135
-144
-152
-157
-152
-146
-137
-128
-119
-111
-103
-96
-90
-82
-72
-62
-50
-40
-31
-21
-14
-7
1
8
14
19
25
31
38
43
46
48
50
51
49
50
48
45
45
46
46
44
43
43
44
46
49
52
54
54
54
56
56
54
52
49
44
43
44
46
50
51
50
46
44
40
38
41
46
48
50
49
46
43
42
41
38
34
27
15
2
-11
-23
-31
-41
-49
-59
-69
-75
-80
-81
-79
-81
-84
-92
-100
-109
-112
-111
-106
-97
-90
-87
-91
-96
-101
-103
-99
-92
-82
-68
-53
-41
-31
-25
-21
-13
-7
2
13
26
39
49
57
61
61
58
57
54
54
55
55
56
58
60
63
65
65
63
61
57
51
49
50
54
61
69
77
79
77
71
65
57
53
55
56
60
63
63
61
53
44
36
27
21
17
17
16
16
14
11
7
-1
-8
-19
-28
-34
-41
-49
-54
-54
-56
-57
-61
-67
-75
-86
-100
-112
-117
-118
-117
-114
-106
-101
-98
-98
-100
-104
-105
-102
-97
-88
-80
-70
-58
-50
-44
-40
-37
-32
-26
-19
-9
3
12
18
25
27
33
36
39
45
52
59
65
67
70
73
77
80
84
88
91
96
98
98
97
97
98
99
104
107
109
108
107
102
100
98
97
97
93
88
83
75
70
64
54
45
34
20
9
-5
-14
-24
-32
-40
-48
-54
-64
-70
-80
-85
-87
-90
-91
-94
-98
-104
-111
-118
-126
-126
-124
-117
-112
-111
-112
-115
-115
-115
-113
-109
-104
-97
-94
-89
-85
-81
-74
-69
-63
-52
-39
-25
-12
-4
-1
-3
-1
2
11
24
37
49
58
64
68
73
78
86
97
108
110
106
97
96
98
100
109
123
136
146
144
131
112
93
85
85
93
106
115
116
101
76
47
22
11
15
25
37
45
46
32
8
-18
-39
-49
-47
-36
-25
-23
-28
-46
-72
-97
-119
-126
-122
-108
-91
-81
-76
-77
-84
-94
-101
-105
-99
-90
-75
-59
-50
-46
-54
-67
-80
-89
-89
-77
-60
-42
-29
-24
-22
-29
-36
-39
-35
-23
-11
6
19
23
24
18
12
11
15
23
31
40
47
50
50
47
45
44
48
55
61
70
78
79
75
67
59
51
51
52
57
62
66
68
65
61
56
51
50
52
57
61
60
56
49
34
19
8
0
1
5
11
12
7
-2
-15
-25
-31
-34
-31
-27
-25
-26
-30
-39
-52
-63
-69
-71
-67
-62
-57
-55
-56
-60
-65
-70
-72
-68
-61
-54
-46
-38
-35
-37
-39
-42
-43
-38
-32
-27
-21
-19
-15
-16
-16
-13
-8
-3
2
6
13
21
23
25
24
23
24
26
32
34
36
35
32
31
30
30
33
36
41
45
43
43
42
42
42
39
38
37
36
37
37
38
38
33
29
27
26
24
24
24
22
21
18
16
13
9
5
-1
-9
-15
-17
-18
-18
-17
-17
-18
-20
-24
-27
-29
-27
-27
-26
-27
-29
-28
-28
-25
-26
-27
-28
-29
-27
-27
-24
-22
-24
-24
-25
-25
-25
-25
-22
-22
-23
-22
-21
-19
-16
-12
-11
-10
-10
-11
-12
-13
-13
-8
-3
1
5
8
11
11
9
8
8
9
13
16
19
22
23
23
19
18
18
20
24
25
26
27
28
28
27
27
28
28
29
30
32
32
30
28
25
22
20
19
19
18
16
13
10
5
1
0
-3
-5
-6
-7
-8
-10
-12
-12
-14
-14
-15
-16
-18
-18
-16
-17
-17
-16
-17
-18
-21
-21
-22
-22
-22
-22
-20
-19
-20
-22
-23
-26
-27
-26
-25
-23
-21
-16
-16
-15
-15
-13
-12
-12
-12
-8
-6
-3
0
1
1
0
3
4
4
8
11
12
13
13
14
13
13
13
15
16
17
18
17
18
19
19
18
18
20
21
22
23
20
24
24
22
23
22
21
20
20
21
20
20
18
16
13
10
9
8
6
5
1
1
-1
-3
-6
-9
-13
-17
-16
-18
-15
-14
-15
-18
-20
-20
-22
-23
-22
-25
-26
-27
-24
-24
-23
-21
-21
-22
-22
-21
-18
-17
-14
-15
