0
-1
-3
1
2
2
2
1
3
6
8
5
1
0
0
6
10
11
7
5
7
6
4
3
-1
2
3
3
9
5
3
5
2
3
-1
-1
-1
2
6
4
1
-5
-7
-5
-2
1
2
2
-1
3
-2
-4
-2
-7
-6
-6
-5
-1
-2
-5
-8
-10
-8
-4
0
-4
-7
-6
-8
-7
-6
-7
-9
-7
-5
-1
3
0
-4
-4
-4
-1
3
4
1
0
3
4
4
2
2
0
-1
1
2
3
4
3
6
5
5
7
6
9
11
11
10
5
4
3
5
3
0
-3
-4
-2
-4
-2
-1
2
7
8
12
16
11
12
12
6
4
0
-1
-2
-11
-12
-14
-12
-9
-5
-3
-6
2
2
2
0
-5
-6
-1
7
14
21
22
21
25
23
21
17
9
4
-4
-13
-24
-41
-53
-65
-69
-65
-61
-55
-49
-46
-40
-34
-27
-18
-15
-9
-2
6
18
16
7
1
7
27
55
70
76
73
85
109
118
137
152
176
234
259
265
254
224
213
186
155
158
172
212
249
242
230
217
227
268
278
263
238
201
168
94
-17
-133
-214
-263
-281
-264
-288
-349
-436
-540
-568
-550
-522
-492
-502
-494
-451
-439
-457
-548
-632
-574
-385
-127
78
142
15
-187
-308
-210
144
742
1392
1893
1977
1596
753
-379
-1342
-1893
-1995
-1879
-1565
-1305
-1195
-1269
-1554
-1951
-2248
-2145
-1460
-291
948
1752
1812
1224
381
-267
-459
-191
357
983
1513
1806
1751
1304
602
-50
-350
-162
389
987
1333
1304
988
602
375
433
795
1372
1919
2165
1928
1234
369
-304
-544
-344
75
460
688
752
663
419
51
-327
-502
-326
134
581
663
222
-571
-1332
-1748
-1749
-1504
-1237
-1079
-995
-927
-883
-895
-981
-1033
-903
-570
-155
128
115
-160
-506
-727
-742
-619
-485
-420
-426
-463
-503
-558
-630
-659
-552
-283
44
253
221
8
-194
-207
7
320
573
694
715
693
672
759
1115
1879
2903
3704
3725
2734
1077
-525
-1482
-1709
-1593
-1552
-1643
-1640
-1407
-1145
-1233
-1770
-2337
-2251
-1143
626
2161
2648
1952
636
-495
-952
-775
-305
169
588
977
1212
1063
401
-554
-1298
-1372
-721
257
982
1111
751
289
111
325
782
1277
1670
1901
1915
1609
961
133
-556
-803
-539
8
479
621
425
77
-193
-277
-188
13
248
457
545
417
46
-492
-1015
-1343
-1414
-1301
-1155
-1092
-1121
-1179
-1178
-1070
-865
-594
-305
-40
145
190
76
-151
-390
-534
-554
-499
-467
-525
-664
-797
-823
-693
-434
-152
62
141
99
-9
-104
-116
-33
128
313
479
586
600
501
291
87
168
815
2108
3652
4671
4488
2996
831
-1032
-1936
-1922
-1555
-1393
-1532
-1673
-1583
-1429
-1609
-2234
-2826
-2604
-1170
1042
2942
3543
2645
932
-562
-1186
-935
-260
377
800
1030
1052
730
-20
-995
-1695
-1668
-855
319
1211
1401
971
383
138
400
985
1554
1907
2054
2106
2087
1852
1289
475
-305
-720
-671
-365
-128
-190
-504
-789
-816
-578
-258
-79
-105
-204
-229
-126
-19
-96
-446
-1012
-1608
-2064
-2291
-2286
-2116
-1826
-1449
-1007
-557
-189
18
71
57
78
184
314
321
93
-357
-861
-1195
-1226
-980
-602
-231
56
245
353
391
366
337
376
518
728
900
958
875
690
512
432
506
692
879
942
911
1025
1585
2680
3888
4482
3884
2150
16
-1613
-2278
-2200
-1972
-1990
-2154
-2124
-1817
-1551
-1721
-2256
-2534
-1855
-93
2038
3434
3365
1986
174
-1117
-1466
-1068
-427
72
343
441
347
-65
-816
-1640
-2048
-1686
-629
606
1379
1388
839
277
144
493
1040
1463
1641
1648
1547
1287
774
76
-517
-720
-480
-81
79
-166
-632
-951
-885
-507
-85
161
221
220
257
291
204
-50
-398
-701
-884
-988
-1115
-1308
-1490
-1508
-1251
-733
-101
437
733
776
680
590
568
563
467
195
-228
-675
-1017
-1158
-1102
-904
-620
-301
16
260
352
270
69
-117
-155
7
292
543
629
527
343
215
216
325
436
461
386
348
601
1367
2638
3957
4609
4055
2309
43
-1867
-2861
-2980
-2712
-2543
-2568
-2536
-2252
-1870
-1753
-2018
-2249
-1779
-278
1805
3465
3821
2729
875
-761
-1513
-1345
-709
-98
246
362
333
95
-447
-1183
-1689
-1522
-597
688
1710
2046
1726
1134
733
757
1111
1505
1700
1650
1462
1217
859
342
-228
-609
-598
-243
193
414
286
-104
-490
-610
-394
-4
274
280
95
-89
-166
-229
-452
-888
-1393
-1732
-1774
-1589
-1378
-1299
-1321
-1241
-889
-297
297
656
748
729
747
763
620
201
-413
-983
-1278
-1226
-957
-675
-501
-414
-319
-179
-45
5
-16
-1
139
385
589
593
377
67
-130
-98
120
383
584
702
750
702
506
309
475
1361
2865
4248
4597
3460
1246
-1059
-2553
-2973
-2755
-2519
-2479
-2337
-1778
-968
-496
-785
-1527
-1846
-979
1024
3199
4339
3824
2025
-9
-1325
-1602
-1189
-664
-349
-202
-74
-21
-268
-895
-1613
-1888
-1353
-117
1254
2110
2164
1626
1012
732
851
1162
1437
1575
1540
1270
699
-141
-1017
-1562
-1535
-1006
-323
122
188
38
-74
-10
175
323
361
341
348
376
290
-63
-678
-1358
-1827
-1924
-1718
-1434
-1276
-1259
-1245
-1056
-639
-119
327
607
748
829
867
773
452
-71
-624
-979
-1046
-918
-781
-768
-830
-813
-606
-249
97
285
287
208
176
226
294
270
149
41
90
352
696
920
898
686
457
349
415
689
1246
2157
3326
4299
4461
3432
1398
-880
-2556
-3213
-3004
-2472
-2056
-1800
-1536
-1180
-917
-994
-1318
-1427
-784
715
2507
3654
3473
2003
1
-1590
-2219
-1955
-1284
-695
-379
-269
-259
-372
-696
-1153
-1431
-1168
-239
1064
2172
2612
2297
1569
918
657
764
1006
1158
1133
946
596
52
-660
-1365
-1766
-1619
-943
-14
761
1095
971
588
217
20
13
130
272
362
327
98
-348
-966
-1612
-2101
-2290
-2140
-1748
-1293
-954
-793
-740
-644
-392
8
454
807
983
970
793
459
-26
-591
-1067
-1272
-1133
-776
-434
-298
-370
-495
-499
-325
-52
202
387
525
641
701
653
524
422
477
710
992
1145
1100
916
710
549
415
369
621
1404
2728
4131
4840
4271
2455
118
-1769
-2638
-2594
-2203
-1992
-2012
-1976
-1656
-1205
-1054
-1434
-2029
-2116
-1140
751
2643
3464
2700
774
-1248
-2434
-2504
-1858
-1137
-695
-488
-328
-184
-256
-691
-1287
-1540
-1013
280
1783
2759
2778
1990
989
366
350
737
1126
1201
888
314
-342
-941
-1363
-1520
-1311
-691
230
1199
1874
2008
1589
882
286
93
314
680
829
548
-110
-905
-1562
-1953
-2090
-2042
-1858
-1550
-1150
-750
-460
-320
-251
-99
246
738
1174
1319
1056
476
-176
-656
-857
-856
-810
-827
-921
-1021
-1046
-976
-822
-603
-318
34
390
635
669
494
247
144
302
671
1026
1122
903
538
292
316
507
627
581
560
931
1885
3136
4002
3878
2664
884
-694
-1594
-1867
-1918
-2065
-2240
-2131
-1588
-891
-570
-934
-1714
-2184
-1683
-174
1642
2782
2642
1386
-231
-1435
-1877
-1723
-1360
-1009
-646
-199
239
365
-27
-776
-1387
-1320
-414
958
2139
2599
2265
1500
787
427
416
567
694
699
563
266
-212
-824
-1379
-1594
-1265
-432
595
1385
1635
1335
757
265
84
202
441
601
564
303
-167
-796
-1485
-2053
-2295
-2130
-1658
-1120
-749
-594
-527
-373
-41
395
796
1063
1179
1173
1042
768
344
-155
-593
-863
-931
-880
-837
-849
-897
-881
-713
-416
-75
172
260
249
211
253
369
487
599
641
654
661
596
527
429
306
253
202
287
705
1443
2508
3457
3683
2990
1379
-548
-2022
-2812
-2852
-2523
-2272
-2000
-1727
-1410
-1055
-1075
-1373
-1611
-1459
-414
1187
2593
3222
2511
885
-787
-1944
-2071
-1443
-669
52
410
499
517
248
-199
-680
-1004
-660
347
1644
2765
3044
2421
1352
321
-88
183
740
1244
1316
891
224
-519
-1116
-1403
-1369
-937
-168
684
1356
1534
1111
337
-421
-786
-594
-71
413
526
117
-629
-1412
-1986
-2216
-2161
-1940
-1620
-1260
-865
-481
-219
-121
-138
-131
51
402
772
949
805
377
-154
-581
-803
-844
-805
-785
-789
-759
-673
-530
-366
-205
-8
240
507
755
896
879
753
586
497
565
729
919
1054
1051
920
664
367
302
680
1592
2815
3739
3854
2953
1252
-588
-2005
-2732
-2788
-2534
-2170
-1722
-1258
-854
-772
-1177
-1810
-2223
-1896
-636
1084
2521
2964
2153
575
-1036
-2017
-2070
-1466
-612
150
607
793
693
283
-335
-995
-1343
-1045
-79
1274
2446
2886
2466
1434
330
-313
-326
141
706
999
912
504
-62
-609
-1036
-1219
-1055
-526
274
1061
1504
1404
789
-27
-651
-817
-490
87
566
653
238
-545
-1412
-2065
-2314
-2156
-1715
-1176
-693
-343
-156
-122
-177
-229
-151
133
565
980
1163
969
441
-230
-802
-1082
-1049
-815
-542
-377
-371
-476
-610
-669
-597
-400
-103
230
533
750
854
850
801
791
892
1096
1283
1296
1044
617
301
422
1120
2204
3158
3448
2819
1435
-206
-1583
-2408
-2678
-2589
-2303
-1861
-1296
-731
-415
-574
-1149
-1776
-1944
-1293
57
1561
2539
2535
1619
254
-982
-1660
-1673
-1160
-360
466
1113
1410
1230
603
-301
-1166
-1624
-1445
-615
609
1765
2431
2381
1690
712
-129
-509
-365
117
657
1010
1043
755
206
-474
-1103
-1473
-1404
-852
5
826
1246
1073
395
-464
-1097
-1220
-814
-125
470
659
337
-374
-1205
-1893
-2275
-2286
-1947
-1322
-549
169
606
626
296
-135
-370
-233
215
730
1044
1005
642
121
-377
-723
-875
-855
-716
-522
-337
-205
-132
-97
-55
26
160
338
546
770
998
1211
1387
1493
1493
1354
1100
843
754
998
1612
2398
2991
3020
2321
1027
-501
-1848
-2738
-3100
-3011
-2594
-1967
-1266
-676
-400
-544
-1011
-1507
-1675
-1302
-460
508
1194
1325
901
147
-622
-1151
-1320
-1132
-682
-90
507
960
1156
1035
636
87
-429
-722
-680
-301
310
951
1419
1583
1416
1011
518
76
-229
-363
-318
-105
237
626
931
1012
805
372
-107
-420
-436
-183
175
436
480
342
156
44
19
-19
-182
-506
-898
-1200
-1295
-1188
-982
-810
-726
-701
-644
-502
-287
-56
131
272
390
496
564
534
371
104
-179
-373
-432
-381
-299
-267
-324
-468
-651
-822
-932
-938
-810
-550
-215
102
325
442
522
653
873
1126
1296
1303
1191
1114
1231
1568
1981
2225
2105
1575
747
-181
-1029
-1689
-2106
-2240
-2073
-1642
-1080
-575
-292
-275
-432
-609
-678
-612
-475
-356
-303
-303
-310
-283
-223
-145
-68
4
81
178
307
472
667
865
1025
1097
1055
919
756
640
623
699
821
910
922
830
645
388
80
-239
-519
-700
-729
-596
-350
-84
105
162
110
22
-22
13
86
138
132
76
32
42
101
149
97
-104
-435
-822
-1166
-1403
-1500
-1462
-1316
-1086
-808
-518
-262
-84
-7
-18
-71
-100
-67
24
122
177
167
124
90
92
107
75
-47
-255
-489
-678
-762
-733
-615
-448
-261
-79
79
194
276
350
457
615
809
997
1130
1194
1221
1265
1358
1472
1532
1462
1233
866
427
-21
-425
-751
-951
-975
-794
-442
-36
275
387
287
54
-199
-395
-534
-659
-797
-927
-989
-940
-801
-627
-498
-443
-423
-375
-243
-26
225
448
600
683
730
772
830
893
933
934
889
806
698
560
386
176
-62
-303
-513
-653
-707
-678
-590
-477
-364
-262
-160
-51
64
169
226
219
148
38
-69
-143
-165
-148
-120
-115
-168
-303
-513
-758
-971
-1088
-1066
-902
-638
-328
-44
155
242
212
102
-35
-140
-179
-146
-55
57
168
260
305
284
185
22
-154
-286
-342
-318
-247
-165
-83
4
104
220
326
394
427
453
510
609
714
771
746
642
515
423
386
396
425
450
471
491
496
461
369
232
98
23
20
66
113
127
105
63
2
-95
-259
-491
-747
-956
-1058
-1055
-1000
-957
-954
-968
-943
-844
-677
-492
-324
-190
-63
89
263
435
555
607
603
579
573
590
610
604
551
450
325
201
99
26
-18
-47
-66
-88
-105
-97
-37
85
251
412
507
508
418
281
153
68
29
20
21
21
7
-38
-130
-272
-440
-590
-674
-672
-590
-462
-318
-195
-110
-86
-124
-207
-301
-355
-337
-244
-120
-24
-12
-101
-253
-405
-516
-572
-576
-537
-446
-304
-136
27
150
222
261
303
364
435
488
502
481
452
445
462
478
454
363
212
50
-60
-71
26
206
413
583
672
667
585
459
333
243
214
240
292
322
291
181
4
-198
-371
-483
-521
-504
-470
-458
-490
-559
-629
-653
-605
-486
-323
-158
-20
74
129
157
170
169
164
168
186
218
249
252
211
119
0
-111
-177
-185
-153
-108
-80
-81
-100
-108
-91
-40
32
111
182
240
280
294
271
208
113
15
-53
-75
-62
-43
-42
-73
-132
-196
-232
-226
-177
-94
-10
49
63
20
-68
-165
-231
-232
-165
-58
45
101
88
14
-96
-215
-314
-373
-370
-307
-209
-101
-25
0
-17
-42
-38
10
85
152
183
175
156
162
206
263
283
228
102
-47
-143
-130
8
242
505
723
846
849
746
565
347
135
-36
-150
-204
-207
-179
-146
-133
-155
-219
-304
-393
-465
-505
-518
-528
-552
-586
-609
-586
-495
-343
-154
25
168
257
293
294
273
247
233
237
264
304
333
334
306
252
196
154
130
118
107
94
83
77
82
101
128
162
203
247
294
339
368
369
326
244
137
36
-37
-77
-89
-101
-133
-193
-271
-340
-376
-366
-313
-233
-154
-100
-92
-136
-212
-289
-333
-324
-265
-193
-148
-163
-243
-363
-491
-590
-639
-642
-602
-529
-437
-331
-226
-139
-72
-23
19
61
97
122
140
162
208
287
380
442
434
358
256
210
285
493
783
1061
1236
1263
1145
917
621
285
-62
-385
-633
-750
-709
-528
-286
-79
26
2
-118
-269
-395
-455
-456
-415
-353
-283
-206
-122
-33
57
142
211
261
296
316
323
307
265
205
141
99
92
112
139
137
95
24
-43
-72
-55
-6
36
46
24
-3
-4
34
96
150
182
194
212
251
293
297
226
72
-115
-262
-308
-248
-136
-54
-67
-184
-358
-527
-633
-651
-591
-480
-349
-221
-117
-46
-21
-35
-73
-115
-142
-153
-163
-189
-245
-317
-379
-402
-382
-337
-288
-265
-270
-285
-299
-294
-267
-228
-182
-124
-45
62
193
326
441
524
586
661
802
1038
1355
1679
1905
1948
1769
1401
912
385
-119
-562
-920
-1149
-1211
-1096
-847
-561
-340
-248
-285
-388
-475
-491
-439
-351
-264
-189
-116
-37
46
113
138
123
95
82
110
158
195
183
112
1
-117
-203
-243
-243
-213
-166
-104
-26
65
154
222
245
218
153
81
47
83
196
370
548
678
718
656
512
327
145
6
-80
-112
-94
-41
30
93
117
77
-42
-229
-453
-671
-839
-914
-879
-738
-513
-250
-15
133
152
50
-130
-315
-436
-452
-362
-213
-66
33
53
2
-99
-219
-336
-433
-498
-531
-533
-505
-455
-391
-311
-223
-123
-8
136
349
673
1128
1678
2213
2584
2657
2378
1786
1004
179
-559
-1124
-1472
-1572
-1430
-1110
-742
-486
-453
-657
-983
-1234
-1232
-910
-369
210
641
825
768
548
275
21
-168
-266
-248
-103
146
434
651
700
542
214
-172
-473
-583
-472
-193
148
457
673
783
799
727
575
356
114
-69
-109
29
306
613
826
868
740
505
241
4
-185
-324
-400
-388
-263
-47
178
307
261
45
-257
-529
-680
-674
-557
-418
-326
-302
-331
-390
-479
-587
-691
-753
-740
-637
-473
-314
-236
-269
-382
-504
-557
-512
-387
-229
-91
-19
-35
-136
-290
-426
-488
-451
-332
-188
-70
17
160
513
1148
1937
2607
2892
2655
1937
943
-42
-775
-1183
-1344
-1305
-1050
-611
-159
80
-23
-439
-997
-1402
-1351
-745
192
1034
1442
1336
831
155
-445
-778
-772
-489
-40
477
944
1200
1105
637
-77
-791
-1243
-1250
-799
-54
719
1261
1427
1234
830
412
106
-37
-13
167
457
768
1009
1096
968
614
134
-278
-469
-407
-175
87
257
242
40
-247
-481
-591
-599
-555
-494
-443
-432
-471
-532
-588
-644
-696
-694
-580
-355
-101
84
126
11
-224
-491
-690
-761
-722
-648
-593
-568
-551
-525
-516
-536
-548
-514
-430
-307
-137
85
275
325
223
71
-29
-7
276
967
1986
2936
3369
3100
2206
920
-420
-1401
-1771
-1658
-1376
-1070
-721
-403
-317
-550
-953
-1281
-1318
-874
124
1392
2337
2460
1727
504
-706
-1476
-1565
-1023
-170
606
1064
1120
772
94
-724
-1416
-1714
-1459
-672
390
1307
1724
1547
936
208
-289
-310
143
799
1329
1540
1402
1000
477
41
-140
-45
221
545
832
958
809
388
-146
-590
-801
-713
-357
102
413
381
21
-499
-977
-1236
-1196
-896
-498
-200
-109
-234
-517
-857
-1112
-1164
-988
-637
-217
132
254
82
-299
-698
-953
-1001
-840
-532
-214
-46
-115
-352
-616
-794
-811
-636
-286
107
379
531
769
1302
2045
2653
2815
2423
1541
394
-623
-1144
-1187
-1112
-1174
-1264
-1200
-1048
-992
-1057
-1149
-1182
-1005
-396
652
1681
2096
1701
781
-199
-837
-890
-379
355
923
1183
1179
940
491
-47
-509
-807
-846
-489
211
875
1112
894
473
77
-126
69
694
1391
1696
1534
1172
807
466
250
333
662
960
1090
1134
1096
778
125
-579
-993
-1027
-783
-360
89
275
21
-520
-995
-1196
-1147
-935
-636
-361
-242
-334
-577
-880
-1179
-1395
-1440
-1269
-948
-638
-491
-576
-832
-1124
-1306
-1278
-1025
-633
-286
-119
-146
-296
-474
-576
-510
-276
17
272
476
593
592
604
919
1599
2297
2627
2463
1863
924
-72
-688
-793
-740
-832
-881
-628
-260
-160
-384
-717
-998
-1027
-462
721
1893
2272
1718
714
-238
-839
-895
-452
115
428
506
542
517
280
-113
-461
-652
-603
-182
538
1115
1140
677
92
-351
-499
-201
466
1072
1209
944
614
356
147
72
250
567
808
959
1104
1112
755
93
-515
-805
-794
-590
-288
-74
-141
-461
-786
-917
-871
-736
-539
-311
-121
-36
-69
-221
-476
-747
-895
-847
-649
-421
-289
-351
-614
-941
-1140
-1120
-940
-723
-550
-453
-453
-530
-590
-553
-451
-375
-314
-154
136
411
567
745
1127
1639
2043
2212
2123
1683
885
60
-382
-443
-473
-611
-664
-539
-430
-479
-622
-817
-1056
-1123
-702
134
876
1096
801
230
-347
-655
-548
-203
68
217
401
615
658
448
89
-337
-723
-787
-338
347
740
663
365
76
-168
-286
-128
225
493
593
715
938
1084
1045
958
990
1110
1253
1430
1595
1575
1254
748
264
-70
-226
-228
-155
-124
-208
-377
-553
-677
-719
-680
-595
-502
-399
-278
-182
-195
-357
-621
-887
-1047
-1031
-849
-612
-471
-514
-704
-904
-986
-947
-867
-809
-769
-732
-712
-706
-692
-703
-788
-910
-927
-763
-485
-214
-19
102
187
305
497
712
833
783
597
394
280
274
308
296
231
187
244
408
580
640
528
311
152
176
381
627
748
675
468
263
157
127
72
-71
-235
-284
-132
177
482
609
472
166
-94
-144
1
203
341
365
291
175
84
39
3
-41
-30
104
342
594
773
852
842
783
737
734
732
659
497
299
132
19
-52
-108
-167
-235
-300
-342
-357
-376
-432
-525
-619
-651
-601
-525
-494
-540
-648
-772
-863
-874
-812
-728
-673
-650
-622
-578
-546
-555
-597
-642
-657
-623
-543
-454
-404
-408
-430
-411
-324
-193
-72
-7
3
-7
18
110
267
446
591
661
655
615
576
542
505
461
420
406
424
474
536
571
551
480
402
359
362
395
429
446
437
402
337
232
79
-112
-300
-427
-446
-369
-255
-178
-180
-259
-373
-460
-481
-430
-337
-240
-154
-88
-41
-13
2
15
46
104
190
291
395
494
578
641
685
705
679
600
481
364
292
279
320
387
442
455
413
332
230
115
-4
-110
-186
-217
-208
-180
-164
-196
-288
-413
-520
-556
-508
-404
-299
-252
-290
-389
-507
-600
-657
-682
-694
-706
-713
-711
-696
-674
-652
-622
-574
-498
-392
-264
-121
24
155
262
335
375
391
396
403
394
347
256
138
38
6
54
150
239
270
236
161
84
24
-26
-75
-122
-147
-125
-56
25
62
19
-97
-222
-291
-272
-185
-88
-25
-11
-16
-9
22
57
71
62
52
65
104
149
176
178
173
206
302
446
601
724
797
839
871
901
925
922
879
806
720
647
585
536
494
461
438
422
403
371
317
249
173
96
7
-102
-229
-358
-469
-545
-592
-621
-646
-664
-663
-626
-560
-498
-471
-506
-604
-754
-924
-1080
-1200
-1269
-1282
-1243
-1175
-1103
-1044
-997
-937
-825
-634
-370
-78
173
323
360
321
263
236
245
260
248
206
160
153
196
259
305
305
270
243
259
325
399
427
392
309
214
146
117
126
152
185
216
225
195
129
40
-35
-48
8
111
218
279
286
264
250
282
363
453
512
517
466
390
323
287
286
317
365
428
489
531
546
524
482
448
435
444
448
427
369
293
233
206
210
224
215
167
80
-39
-166
-290
-396
-474
-528
-559
-577
-590
-601
-604
-602
-606
-623
-650
-672
-663
-618
-566
-549
-599
-711
-844
-939
-963
-923
-859
-810
-770
-718
-617
-459
-271
-98
28
120
203
278
330
322
253
158
99
129
239
359
416
378
282
197
167
201
256
287
275
246
244
270
298
287
217
117
45
48
123
218
263
226
118
-10
-100
-125
-87
-10
86
194
285
332
308
220
112
45
61
163
300
400
423
372
288
224
202
225
286
371
472
578
661
688
641
537
417
328
286
276
272
257
234
220
216
209
172
87
-32
-153
-241
-284
-301
-307
-317
-328
-342
-357
-387
-443
-516
-577
-600
-587
-560
-556
-600
-689
-797
-888
-945
-961
-933
-854
-725
-559
-391
-255
-182
-164
-167
-152
-103
-33
25
46
30
-5
-36
-43
-35
-30
-42
-77
-119
-150
-160
-145
-110
-59
-1
58
120
185
248
304
347
372
378
369
354
343
332
313
276
218
147
84
49
55
103
178
259
335
387
414
423
426
433
457
499
553
604
635
639
614
568
505
437
376
333
316
325
364
420
476
513
524
508
463
398
326
255
194
144
104
68
24
-35
-121
-223
-331
-424
-493
-538
-568
-601
-653
-724
-803
-873
-920
-933
-917
-877
-831
-809
-814
-837
-855
-837
-773
-672
-556
-458
-398
-372
-360
-344
-317
-284
-253
-218
-161
-71
43
153
218
216
154
67
3
-18
-3
16
15
-16
-58
-93
-102
-77
-26
45
130
226
328
416
477
501
500
485
475
488
518
556
581
574
538
478
416
361
310
263
223
202
216
256
310
357
385
402
421
448
480
503
508
504
493
479
453
398
314
208
113
61
67
113
160
172
135
58
-37
-124
-191
-228
-242
-235
-214
-198
-203
-245
-322
-410
-498
-570
-625
-670
-703
-727
-749
-759
-770
-782
-778
-762
-729
-685
-635
-575
-514
-455
-396
-341
-296
-265
-255
-259
-273
-276
-255
-208
-140
-63
7
70
121
158
187
205
213
209
196
179
163
150
140
132
125
115
112
121
142
180
231
293
355
410
458
494
527
558
580
603
621
631
633
618
591
554
506
452
391
329
273
226
194
176
182
200
229
261
288
309
319
314
294
261
221
175
128
81
38
-8
-50
-84
-110
-125
-128
-134
-150
-177
-219
-259
-297
-331
-354
-373
-391
-409
-434
-459
-488
-516
-528
-536
-526
-500
-470
-437
-417
-413
-412
-409
-388
-340
-271
-184
-100
-39
-15
-34
-86
-152
-209
-241
-243
-220
-176
-125
-79
-45
-21
0
23
49
81
107
120
116
98
73
52
42
45
56
70
81
95
114
140
165
182
187
180
169
167
182
220
275
332
381
412
427
429
414
393
370
347
334
332
334
330
310
278
240
202
169
144
121
100
75
49
35
30
34
38
40
35
27
23
24
22
13
-14
-54
-102
-152
-195
-220
-225
-212
-190
-169
-157
-158
-180
-213
-254
-296
-335
-368
-390
-399
-393
-364
-319
-274
-236
-212
-191
-166
-138
-98
-55
-16
5
5
-10
-34
-57
-78
-86
-85
-82
-72
-62
-57
-53
-57
-64
-71
-77
-75
-67
-55
-44
-36
-34
-38
-49
-62
-70
-68
-52
-27
-1
22
40
52
62
77
101
131
164
197
225
248
266
287
306
324
338
349
364
375
381
388
394
399
402
399
398
398
398
401
397
383
358
324
285
244
197
153
110
67
28
-8
-35
-57
-77
-97
-119
-149
-185
-226
-270
-310
-341
-359
-366
-368
-370
-372
-381
-397
-413
-432
-439
-438
-431
-430
-432
-436
-459
-474
-476
-452
-393
-320
-232
-141
-63
-8
17
16
0
-23
-39
-45
-40
-22
-3
17
25
28
19
-1
-23
-40
-55
-65
-66
-63
-52
-37
-21
1
27
51
71
86
99
109
120
123
128
135
139
145
146
146
161
180
206
231
245
260
271
274
276
271
273
290
304
324
332
324
320
305
288
270
242
227
213
198
180
154
127
101
74
48
21
0
-21
-44
-72
-105
-136
-171
-197
-215
-224
-228
-225
-221
-224
-231
-248
-269
-290
-312
-325
-330
-329
-318
-303
-289
-278
-277
-281
-287
-291
-291
-282
-261
-230
-194
-158
-127
-105
-89
-78
-64
-50
-28
3
41
79
108
130
141
144
147
152
166
188
211
232
245
246
235
213
191
174
167
171
187
205
217
218
209
194
176
160
150
149
155
162
167
170
166
157
149
139
135
137
135
133
127
116
103
88
75
67
61
57
53
48
37
24
5
-12
-29
-42
-54
-62
-71
-77
-88
-103
-118
-137
-157
-176
-194
-203
-209
-214
-219
-230
-242
-253
-268
-279
-290
-293
-285
-272
-258
-247
-244
-244
-248
-255
-260
-259
-243
-215
-180
-144
-118
-99
-94
-96
-100
-100
-91
-67
-33
4
40
64
79
85
83
86
98
122
155
194
225
247
256
245
229
213
210
225
248
277
303
317
322
310
288
268
251
241
241
250
259
263
253
230
208
186
169
161
153
149
144
135
120
100
77
58
44
37
32
27
19
6
-9
-30
-48
-67
-79
-89
-97
-102
-107
-120
-134
-152
-168
-176
-184
-187
-185
-182
-175
-177
-182
-188
-194
-191
-184
-179
-170
-164
-157
-149
-142
-142
-142
-140
-131
-122
-115
-105
-99
-90
-80
-78
-77
-72
-68
-58
-51
-44
-36
-29
-20
-12
-5
-1
5
8
12
15
24
35
44
56
64
69
75
79
85
91
95
101
109
117
130
138
144
149
152
157
161
164
167
169
174
176
174
174
168
163
160
154
149
143
136
129
120
109
99
91
83
72
61
50
38
25
14
2
-9
-22
-33
-45
-57
-70
-84
-99
-114
-126
-133
-141
-147
-157
-170
-181
-191
-199
-205
-211
-214
-212
-208
-204
-203
-202
-201
-202
-201
-201
-200
-191
-186
-179
-173
-170
-164
-154
-145
-134
-128
-122
-111
-100
-88
-79
-73
-65
-54
-43
-30
-18
-6
5
17
27
37
51
61
74
85
97
112
124
139
152
164
182
194
208
221
233
253
271
282
296
304
318
334
340
348
353
356
366
367
366
364
359
360
356
339
326
310
292
275
250
223
196
167
139
108
73
41
8
-27
-63
-99
-136
-168
-201
-237
-263
-288
-309
-330
-356
-375
-392
-410
-421
-439
-451
-459
-463
-464
-456
-442
-439
-432
-426
-416
-392
-376
-360
-344
-325
-301
-279
-261
-242
-223
-200
-177
-158
-140
-123
-109
-91
-76
-62
-47
-32
-16
-1
13
27
42
53
67
82
97
112
128
136
146
158
169
183
191
200
212
222
232
236
236
242
248
255
257
252
255
257
256
255
247
241
244
241
240
232
219
216
209
203
195
181
172
168
159
149
134
121
108
94
83
67
51
39
21
5
-14
-34
-54
-73
-92
-111
-134
-155
-169
-188
-206
-225
-248
-260
-271
-281
-289
-305
-310
-313
-316
-317
-327
-332
-328
-325
-316
-313
-314
-301
-288
-274
-261
-254
-236
-216
-197
-174
-158
-138
-116
-93
-68
-45
-24
-1
24
45
68
91
113
132
151
166
188
207
222
239
251
265
280
290
299
307
317
330
334
334
337
340
347
353
350
348
342
343
343
335
327
318
311
309
301
293
280
266
250
232
218
201
186
170
152
136
121
104
87
70
52
32
12
-7
-24
-43
-63
-80
-100
-120
-140
-162
-184
-208
-232
-255
-280
-304
-329
-351
-374
-394
-413
-430
-446
-459
-470
-478
-484
-485
-485
-477
-471
-463
-451
-435
-418
-397
-374
-349
-323
-293
-265
-236
-205
-175
-143
-109
-72
-37
-2
31
66
99
129
160
191
218
245
272
297
318
338
355
369
382
393
404
409
413
415
414
413
406
392
385
378
367
355
334
317
304
285
267
245
224
206
188
170
151
130
114
98
83
67
49
32
16
2
-11
-24
-38
-50
-62
-74
-83
-91
-100
-106
-111
-117
-122
-128
-135
-140
-141
-140
-143
-148
-151
-156
-157
-156
-161
-163
-168
-171
-170
-173
-178
-179
-183
-178
-174
-173
-173
-174
-170
-165
-165
-159
-154
-145
-131
-124
-116
-107
-100
-88
-78
-67
-56
-48
-35
-23
-16
-8
1
11
21
30
40
50
58
68
80
89
99
107
117
128
138
146
153
160
168
175
181
186
190
196
198
196
193
192
192
192
185
179
173
167
162
152
141
128
115
107
98
88
78
66
53
41
28
16
6
-6
-18
-29
-40
-50
-63
-75
-87
-95
-105
-113
-118
-126
-131
-136
-140
-145
-151
-153
-155
-156
-155
-158
-159
-157
-156
-152
-153
-151
-147
-145
-142
-141
-140
-138
-138
-135
-135
-127
-119
-118
-116
-115
-111
-104
-99
-95
-89
-81
-72
-66
-58
-51
-43
-33
-24
-14
-3
6
16
23
32
41
48
54
57
64
72
80
89
89
93
99
103
111
111
107
112
113
116
117
110
113
115
115
115
104
97
96
92
91
83
70
67
58
55
49
40
34
28
22
16
9
3
1
-1
-7
-10
-11
-16
-19
-20
-23
-20
-18
-21
-24
-26
-19
-17
-21
-22
-23
-20
-20
-20
-22
-22
-24
-23
-21
-19
-19
-18
-17
-17
-17
-17
-16
-14
-11
-8
-6
-5
-4
-4
-4
-6
-4
-1
0
3
5
7
5
6
5
3
2
4
6
8
10
8
6
7
7
10
12
14
16
15
15
13
11
14
16
13
14
15
16
15
14
13
13
11
10
9
9
8
7
7
6
8
6
6
5
3
4
3
3
4
1
-2
-5
-7
-6
-5
-4
-5
-6
-10
-11
-11
-12
-9
-8
-10
-11
-12
-15
-14
-14
-13
-14
-13
-13
-12
-9
-11
-11
-11
-9
-11
-9
-8
-7
-7
-7
-8
-8
-7
-6
-5
-2
0
1
1
0
1
1
1
4
6
7
8
9
9
7
8
9
8
8
10
12
15
15
16
14
9
8
10
10
12
11
8
6
4
5
5
5
4
4
1
2
3
2
0
-3
-6
-6
-6
-6
-4
-5
-7
-9
-9
-8
-6
-6
-6
-8
-8
-8
-7
-8
-9
-9
-9
-6
-5
-5
-6
-6
-8
-7
-4
-3
-2
2
2
1
2
0
1
1
2
3
3
1
