2
0
3
4
5
6
5
4
1
0
-3
-4
-3
0
2
-3
-4
-1
0
3
1
0
-2
-3
-2
-4
-6
-4
-4
-2
1
2
3
4
4
2
0
-2
0
0
-1
-1
1
1
3
5
3
-1
-2
-1
1
1
2
4
6
8
10
8
5
0
0
2
3
4
4
3
2
1
4
9
-2
-21
-28
-21
-9
-7
-8
-4
6
9
8
6
1
-6
-6
0
0
3
12
11
4
-7
-15
0
22
15
-8
-9
12
14
-10
-28
-47
-26
-12
-15
-5
-2
-8
11
28
2
1
20
26
-14
-77
-81
-91
-75
-9
78
114
167
255
167
57
79
82
14
-54
6
206
189
-44
-456
-265
344
245
-401
-549
196
323
27
-65
-204
-462
-630
-189
86
-74
-53
357
358
-261
-340
-138
-18
145
394
467
106
26
247
257
-96
-251
22
106
210
304
206
193
170
10
-164
-58
72
-8
-70
99
402
187
-194
-102
57
-169
-317
46
-84
-301
31
33
-360
-546
-166
-42
-253
-190
4
157
-63
-184
-54
-30
-69
-301
-227
396
611
-147
-627
-62
117
-344
-389
-70
93
302
632
316
-348
-477
-106
224
29
10
394
479
460
306
-183
-863
-626
85
220
573
896
962
500
8
-271
-670
-594
-172
250
242
302
442
2
-317
-61
23
-182
-9
453
788
609
85
-444
-575
-476
-449
-311
-479
-296
52
90
13
-152
-153
-334
-91
175
90
63
157
293
-147
-409
-355
-324
-108
135
202
-19
129
315
90
25
216
264
-11
13
182
151
66
-130
-118
-59
-42
-16
-142
-233
-128
134
36
-130
75
141
-98
-101
84
-267
-558
-17
411
45
-21
242
108
-213
-206
-65
71
156
270
402
128
135
234
64
-165
-59
0
-210
84
394
282
55
-23
60
-111
-34
241
239
97
-187
-212
-238
-115
111
-54
-179
-175
-21
33
-230
-327
-403
-213
95
244
318
22
-152
-125
-145
-151
-183
52
246
215
222
248
-132
-420
-133
-39
69
161
224
115
247
198
-248
-171
-77
83
-44
-313
-69
38
96
37
22
34
-137
114
-35
-180
-189
-182
145
203
222
375
246
-217
-441
-337
-150
109
295
462
391
-96
29
217
-369
-656
-197
397
261
91
289
185
-188
-434
-43
-210
-307
301
518
636
460
6
-480
-505
-373
-444
-26
-129
-84
221
393
308
-177
47
-200
-95
41
-238
159
155
215
161
-44
-90
-386
-211
-246
-184
143
160
436
523
111
-367
-249
19
-161
-54
226
-38
-280
-204
141
320
-13
61
191
-94
-301
-76
310
24
-308
23
563
320
-255
62
58
-380
-347
-176
-17
-63
274
508
183
-55
-19
20
-210
-156
-69
59
346
88
-171
-165
-209
-390
-295
176
319
109
17
293
357
-315
-595
89
4
-202
496
577
39
-32
8
-242
-362
-285
-24
498
417
0
254
78
-506
-363
-372
-477
-155
134
439
958
686
-276
-313
-229
-774
-926
-264
236
259
599
995
756
-194
-704
-545
-744
-867
-12
997
776
530
781
459
-349
-958
-1027
-848
-403
287
768
1058
849
257
-178
-668
-850
-653
-330
205
493
622
739
543
61
-632
-666
-408
-389
-209
295
699
386
-34
158
325
-315
-703
-200
-23
-294
-21
600
573
128
97
-36
-399
-621
-449
35
164
253
529
596
262
-352
-452
-424
-798
-492
276
863
868
416
132
-293
-705
-1014
-662
118
550
977
963
557
-73
-813
-1005
-750
-253
291
451
593
657
139
-280
-583
-742
-623
-223
463
419
391
922
766
154
-530
-908
-932
-575
216
724
1034
746
222
-110
-670
-988
-810
-194
293
651
722
444
199
-284
-490
-572
-616
-357
154
738
901
814
508
-99
-705
-902
-431
-126
-31
573
867
493
-115
-546
-680
-648
-388
-51
210
226
348
631
475
-107
-533
-408
-262
-237
-10
179
167
249
322
68
-99
-251
-448
-226
-20
-44
233
502
401
209
-69
-415
-529
-307
18
297
124
62
259
169
173
-78
-390
-257
37
36
76
167
24
117
271
77
-194
-293
-364
-38
289
131
96
-12
-138
-1
-4
-48
70
4
-73
233
183
-123
181
282
-344
-525
-136
108
226
280
336
69
-384
-350
-106
-149
-147
205
417
312
205
-93
-391
-335
-91
-17
51
97
21
141
117
-2
-85
-27
33
-254
-261
140
256
77
12
-43
-253
-199
84
189
18
-41
133
96
-44
-68
14
21
-73
5
186
132
-39
7
78
-84
-229
-248
-62
129
52
93
318
270
-165
-322
-100
-52
-119
74
321
188
-41
-5
-89
-275
-84
155
157
104
-44
-140
-144
-157
-7
221
237
130
98
-28
-238
-432
-333
121
373
257
230
227
-155
-443
-357
-194
4
155
246
359
353
28
-316
-330
-395
-377
-60
361
601
490
221
-96
-502
-774
-328
222
342
339
259
128
-216
-315
-43
-16
-69
83
275
244
79
-79
-133
-233
-289
-43
175
300
224
97
-45
-300
-356
-159
133
225
169
137
42
-55
-147
-144
-141
-72
138
184
207
94
-74
-38
38
148
68
-149
-132
5
-54
-43
158
128
99
73
-61
-264
-331
-20
66
-77
24
129
-3
-139
-205
-209
30
97
111
364
225
-159
-286
-238
-129
25
185
145
10
-87
-94
41
-9
-160
-123
-63
-76
59
249
358
286
-7
-92
-176
-242
-89
191
419
304
155
-29
-113
-147
-218
-90
-67
-160
-204
-6
194
221
259
155
-108
-190
25
-61
-43
386
471
369
112
-168
-233
-172
-189
-386
-370
28
544
544
167
-87
-304
-321
-162
-52
52
119
233
248
75
-165
-180
-150
-477
-609
-392
-100
320
544
280
-161
-406
-549
-537
-257
37
314
393
288
24
-307
-351
-260
-184
-97
47
124
128
90
-124
-352
-390
-135
151
70
-3
196
292
112
-110
-183
-51
206
327
385
325
201
231
313
412
370
217
81
214
382
211
421
595
588
577
63
-164
73
544
520
-72
-334
-67
567
525
334
337
100
-97
-356
-216
32
131
127
-179
-458
-426
-186
-233
-493
-390
-123
-372
-615
-513
-403
-161
-220
-586
-655
-519
-441
-600
-706
-683
-519
-197
-26
217
206
75
66
-194
-521
-829
-611
-159
-136
-180
-197
-160
-142
-332
-435
-455
-452
-135
-30
-161
68
461
620
280
-208
-370
-199
-104
-90
328
760
1016
1238
873
764
665
-140
-231
204
712
941
1188
1484
1247
1097
709
250
16
147
805
1345
1481
1376
1024
502
15
-372
-438
-279
-82
277
847
931
244
-362
-736
-904
-813
-669
-397
-233
-452
-845
-1003
-1165
-1335
-1034
-739
-827
-1012
-1142
-1101
-891
-782
-796
-905
-972
-831
-781
-811
-660
-432
-179
-5
-42
-163
-169
-29
33
39
127
300
429
345
210
151
88
97
193
392
532
506
507
426
283
403
517
358
187
130
308
348
238
229
212
259
278
211
80
108
382
532
411
375
321
281
403
357
306
379
353
364
419
464
551
534
449
424
465
543
591
684
684
502
396
240
19
-11
218
305
239
208
157
-66
-402
-474
-421
-526
-593
-466
-510
-739
-866
-733
-553
-534
-808
-1095
-1114
-1034
-940
-838
-643
-538
-573
-838
-1112
-985
-724
-508
-419
-400
-347
-391
-358
-226
22
313
376
335
279
321
342
255
266
320
381
423
419
395
339
243
145
99
122
250
429
537
445
190
-102
-364
-436
-363
-306
-235
-16
120
76
99
234
250
-83
-280
-157
275
640
482
489
523
605
664
266
245
456
903
1022
712
689
677
986
685
219
249
597
982
653
568
710
695
642
399
35
-138
265
481
274
-44
-353
-201
-190
-504
-707
-744
-562
-460
-762
-1138
-1045
-716
-683
-1032
-1179
-953
-820
-847
-906
-829
-776
-974
-1041
-1024
-972
-579
-270
-141
195
411
312
-13
-369
-259
-50
-29
35
192
329
273
158
-66
-325
-357
-391
-407
-163
130
269
293
104
-417
-943
-1132
-951
-501
-65
291
444
170
-152
-300
-271
-80
131
462
683
676
581
673
1043
1097
886
876
1161
1541
1321
1221
1708
1780
1340
780
1012
1262
1054
1251
1185
1139
1146
975
609
370
728
640
271
-53
113
677
257
-610
-812
-397
-441
-936
-1029
-688
-530
-1015
-1383
-1301
-1136
-1375
-1683
-1379
-966
-753
-963
-1207
-1052
-1167
-1512
-1692
-1425
-806
-285
9
249
525
527
81
-643
-995
-622
-150
43
219
450
430
-24
-568
-687
-614
-802
-892
-560
39
520
487
42
-647
-1519
-2135
-2037
-1241
-161
670
803
343
-204
-576
-631
-345
231
941
1284
1282
1246
1177
1065
933
1027
1281
1625
2176
2490
2315
2081
1874
1480
1174
1369
1812
1921
1762
1646
1496
1103
722
644
635
607
623
602
450
296
-83
-364
-637
-991
-638
-580
-683
-760
-1109
-1394
-1683
-1549
-1389
-1286
-1185
-1264
-1429
-1677
-1780
-1547
-1187
-1066
-1103
-1243
-1443
-1415
-1200
-950
-351
496
1123
1240
700
-16
-609
-912
-716
-177
415
756
751
408
-165
-724
-1151
-1431
-1242
-611
103
734
805
15
-1270
-2539
-3253
-3014
-1860
-300
673
577
-217
-1108
-1649
-1456
-569
391
1173
1519
1424
1241
1073
1135
1343
1600
1896
2290
2645
2902
2965
2589
2125
1880
1940
2179
2491
2564
2381
1969
1365
1049
911
1054
1238
922
670
532
152
-160
-334
-464
-447
-493
-544
-570
-651
-1040
-1653
-1853
-1825
-1664
-1606
-1730
-1535
-1460
-1807
-1946
-1575
-1347
-1432
-1440
-1406
-1316
-1361
-1450
-1137
-583
121
866
1301
1159
562
-276
-950
-673
140
715
904
626
140
-349
-848
-1149
-1045
-995
-1023
-715
-214
271
221
-763
-2373
-3556
-3645
-2724
-1164
216
572
-353
-1803
-2651
-2331
-1076
405
1368
1546
1204
770
624
868
1523
2175
2517
2751
3102
3417
3329
3022
2790
2637
2561
2742
3158
3446
3217
2572
1937
1521
1349
1390
1414
1274
1031
652
208
-244
-416
-273
-403
-955
-997
-606
-673
-1307
-1872
-1831
-1867
-1972
-2060
-1817
-1527
-1993
-2330
-2378
-2075
-1563
-1429
-1671
-1850
-1769
-1847
-1661
-1033
-223
632
1178
1257
855
169
-514
-604
-46
627
1185
1078
417
-155
-553
-715
-694
-587
-659
-978
-1042
-659
-143
-188
-1234
-2696
-3789
-3823
-2579
-921
159
30
-1211
-2757
-3417
-2467
-597
1083
1803
1381
383
-296
-96
898
2142
3031
3356
3318
3248
3267
3305
3283
3216
3305
3524
3764
3894
3682
3168
2421
1807
1685
1860
1915
1597
1098
593
168
-56
-98
-268
-526
-735
-880
-919
-1036
-1133
-1408
-1829
-2213
-2276
-1804
-1459
-1506
-1906
-2413
-2797
-2738
-2018
-1270
-1021
-1245
-1709
-2146
-2172
-1434
-133
1186
2111
2140
1076
-315
-909
-524
374
1254
1608
1135
80
-670
-834
-683
-614
-702
-950
-1387
-1387
-903
-563
-892
-2169
-3900
-4818
-4233
-2614
-1015
-339
-984
-2602
-3935
-3845
-2157
-13
1182
1176
436
-432
-682
86
1577
2988
3676
3675
3447
3410
3510
3760
4139
4482
4680
4638
4461
4180
3739
3276
3048
3062
3187
3103
2585
1714
735
20
-159
138
421
296
-312
-1176
-1743
-1877
-1767
-1599
-1790
-2170
-2321
-2253
-2164
-2138
-2065
-2219
-2634
-2970
-2698
-1912
-1461
-1416
-1562
-1725
-1613
-854
553
1940
2370
1451
92
-653
-332
740
1845
2259
1503
34
-1090
-1077
-336
174
-60
-864
-1667
-2066
-1740
-1053
-1022
-2243
-4183
-5517
-5273
-3682
-2048
-1463
-2165
-3655
-4798
-4565
-2771
-578
585
304
-833
-1628
-1287
218
2122
3420
3731
3470
3200
3282
3873
4631
5068
5129
5095
5183
5298
5222
4865
4216
3728
3787
4130
4258
3897
2982
1697
632
218
392
685
581
-135
-1238
-2015
-2122
-1884
-1716
-1799
-2069
-2553
-3037
-2994
-2452
-2087
-2284
-2700
-2956
-2807
-2385
-1887
-1512
-1426
-1298
-976
-103
1213
2213
1886
491
-519
-295
780
1720
2210
1830
345
-1121
-1325
-329
526
492
-477
-1894
-2698
-2355
-1338
-848
-1658
-3725
-5882
-6581
-5281
-3179
-2043
-2414
-3902
-5477
-5740
-4008
-1405
85
-106
-1172
-2009
-1947
-521
1697
3280
3586
3039
2686
3051
4010
5101
5781
5854
5451
5098
5125
5480
5644
5421
5150
4919
4661
4293
3786
3030
2205
1690
1581
1687
1552
904
-257
-1362
-1773
-1460
-1013
-982
-1394
-2288
-3303
-3714
-3207
-2294
-1854
-1961
-2500
-3141
-3402
-3017
-2262
-1645
-1127
-807
-504
250
1382
1968
1242
107
-326
181
1122
2016
2291
1294
-288
-1229
-885
-3
422
49
-992
-2100
-2534
-1998
-1319
-1477
-2834
-4911
-6373
-6156
-4484
-2847
-2517
-3661
-5482
-6613
-5816
-3333
-991
-290
-1165
-2571
-3286
-2499
-258
2298
3620
3380
2565
2177
2588
3761
5251
6310
6561
6139
5635
5403
5411
5566
5744
5934
5961
5706
5059
4088
3043
2309
2173
2325
2343
1817
705
-472
-1139
-1086
-732
-525
-875
-1876
-3095
-3581
-3003
-2168
-1828
-2226
-2993
-3762
-3995
-3306
-2184
-1361
-1163
-1409
-1478
-579
826
1431
924
116
68
545
1165
1749
1567
363
-760
-589
424
1024
570
-501
-1679
-2426
-1893
-599
55
-965
-3504
-5970
-6699
-5460
-3511
-2329
-2870
-4723
-6612
-6959
-5087
-2523
-1255
-1662
-2865
-3760
-3462
-1725
652
2202
2102
1314
1127
1935
3412
4870
5707
5662
5067
4661
5091
6015
6658
6755
6430
5966
5481
5054
4670
4224
3728
3411
3301
2995
2346
1407
352
-354
-380
29
226
-237
-1310
-2467
-3174
-3089
-2402
-1861
-2033
-2823
-3712
-4038
-3517
-2622
-1715
-1218
-1279
-1429
-848
305
924
541
-177
-216
239
891
1550
1676
939
-163
-543
-218
267
291
-62
-529
-1013
-1212
-1244
-1372
-2143
-3425
-4442
-4444
-3600
-3087
-3407
-4422
-5494
-5992
-5300
-3627
-2283
-2269
-3382
-4313
-4203
-2963
-1031
608
1132
647
177
591
1987
3634
4682
4805
4325
3982
4243
5181
6302
6777
6310
5463
4912
4863
5248
5586
5402
4616
3508
2591
2076
1944
2019
1835
1205
366
-347
-939
-1286
-1347
-1310
-1298
-1585
-2135
-2779
-3274
-3404
-3188
-2546
-1773
-1223
-1174
-1406
-1157
-797
-501
-321
160
507
469
260
103
221
234
430
712
578
-25
-735
-948
-674
-182
-180
-758
-1816
-3195
-4025
-3943
-3109
-2531
-2822
-3807
-4852
-5366
-4982
-3710
-2573
-2363
-3115
-4091
-4241
-3341
-1766
-392
257
122
-286
-265
621
2116
3286
3763
3751
3555
3491
3844
4665
5432
5749
5555
5226
4965
4800
4857
4808
4436
3845
3309
2816
2273
1827
1427
975
433
81
-177
-640
-1197
-1645
-1867
-1970
-1859
-1802
-2017
-2510
-2820
-2853
-2454
-1611
-821
-491
-537
-318
-165
-153
-17
710
1379
1439
1188
790
479
410
917
1403
1215
394
-582
-995
-783
-170
90
-478
-1709
-3230
-4295
-4371
-3411
-2593
-2840
-3908
-5083
-5507
-4955
-3671
-2595
-2551
-3354
-4086
-3947
-2928
-1443
-267
-6
-393
-588
3
1188
2465
3323
3515
3310
3172
3524
4192
4784
5118
5091
4813
4554
4569
4660
4679
4427
3846
3233
2745
2447
2187
1873
1359
703
13
-512
-700
-897
-1261
-1735
-2255
-2638
-2707
-2488
-2153
-2069
-2393
-2885
-2783
-2181
-1440
-755
-313
181
158
-95
-144
439
1091
1556
1774
1388
960
769
1205
1824
1838
1217
379
-145
-199
215
370
-120
-1093
-2477
-3491
-3663
-3112
-2603
-2751
-3556
-4478
-4869
-4580
-3603
-2781
-2779
-3278
-3695
-3470
-2502
-1260
-538
-360
-459
-343
339
1357
2387
2947
3037
2972
3087
3522
4185
4811
4922
4625
4302
4082
3982
4007
4071
3763
3202
2607
2113
1798
1520
1298
832
156
-385
-636
-872
-1226
-1539
-2059
-2481
-2762
-2767
-2482
-2427
-2632
-2924
-2678
-2082
-1219
-657
-124
325
-40
-497
-394
545
1363
1713
1551
1211
907
811
1517
2107
1952
1248
646
511
678
895
703
84
-1099
-2349
-2788
-2615
-2310
-2480
-3203
-4082
-4569
-4526
-4021
-3296
-3226
-3704
-4089
-4021
-3208
-2193
-1500
-1083
-911
-706
-96
915
1839
2384
2560
2753
3258
3771
4343
4841
5036
4868
4742
4965
5112
5091
4853
4469
3869
3231
2749
2427
1984
1330
734
8
-423
-544
-781
-1269
-1874
-2405
-2905
-3173
-3324
-3275
-3377
-3531
-3579
-3700
-3392
-2865
-2102
-1632
-1092
-425
-338
-388
-241
429
983
1394
1544
1532
1475
1431
1971
2356
2247
1704
1183
1184
1474
1659
1298
592
-486
-1582
-2134
-1977
-1540
-1768
-2628
-3718
-4348
-4200
-3544
-2870
-2918
-3695
-4422
-4443
-3683
-2435
-1527
-1383
-1514
-1517
-958
212
1471
2325
2481
2408
2685
3294
4015
4705
5232
5271
4997
4947
5093
5144
5116
5136
4878
4203
3483
2888
2481
2057
1516
991
296
-430
-1027
-1462
-1722
-1963
-2464
-3176
-3653
-3777
-3829
-3810
-3752
-3845
-3904
-3699
-3036
-2379
-1702
-1296
-1335
-1443
-1316
-319
801
1301
1178
818
493
715
1663
2435
2558
1960
1267
1047
1366
1784
1629
986
-84
-1159
-1715
-1712
-1355
-1401
-2162
-3257
-3789
-3786
-3348
-2727
-2743
-3308
-3937
-4020
-3468
-2592
-1912
-1584
-1371
-1177
-613
280
1239
1926
2224
2425
2725
3345
4021
4646
5193
5159
4807
4810
5153
5543
5774
5537
4903
4115
3413
3220
3289
3039
2227
1096
-55
-719
-759
-805
-1099
-1789
-2807
-3695
-3959
-3775
-3525
-3695
-4105
-4595
-4593
-4072
-3351
-2537
-2254
-1734
-1712
-1747
-1501
-820
47
550
934
905
842
854
1397
2059
2189
1914
1575
1638
1688
1867
1668
987
300
-548
-984
-1091
-1056
-1396
-2186
-3079
-3568
-3389
-2955
-2605
-2787
-3473
-3988
-4015
-3396
-2506
-1995
-2068
-2426
-2350
-1501
-276
887
1554
1683
1729
2027
2747
3688
4493
5009
5177
5028
4956
5100
5421
5730
5748
5289
4610
4076
3790
3733
3616
3085
1999
838
1
-178
-170
-494
-1142
-2248
-3300
-3767
-3581
-3157
-3205
-3828
-4466
-4825
-4481
-3571
-2718
-2509
-2493
-2302
-2183
-1699
-1046
-154
353
355
172
397
971
1460
2147
2120
1586
1113
1165
1748
2338
2302
1358
409
-444
-884
-708
-640
-830
-1629
-2824
-3590
-3418
-2816
-2462
-2596
-3391
-4258
-4511
-3958
-2907
-2144
-2067
-2533
-2715
-1995
-1077
-1
692
802
854
1213
2034
2947
3653
4001
4465
4628
4553
4941
5395
5505
5532
5691
5419
4951
4502
3953
3604
3236
2801
2263
1496
679
285
-169
-779
-1220
-1846
-2639
-3019
-3106
-3318
-3632
-3893
-4119
-4312
-3908
-3298
-2919
-2752
-2363
-2054
-1800
-1406
-782
56
205
55
390
1040
1584
2227
2415
1797
1301
1250
1737
2515
2756
1971
820
-163
-840
-786
-517
-637
-1246
-2462
-3640
-3810
-3270
-2885
-2752
-3217
-4256
-4679
-4451
-3689
-2770
-2518
-2789
-3120
-2926
-2164
-959
82
613
875
871
1102
1953
3078
3788
4170
4287
4113
4387
4846
5380
5787
5608
5127
4713
4556
4464
4410
4046
3313
2471
1780
1365
1211
965
97
-876
-1700
-2234
-2350
-2293
-2586
-3225
-3986
-4412
-4236
-4042
-3584
-3084
-2834
-2697
-2271
-2016
-1750
-1315
-729
54
380
357
537
1074
1584
2253
2616
2117
1639
1656
2138
2833
3112
2383
1234
192
-600
-468
-65
-174
-945
-2259
-3389
-3567
-3185
-2843
-2784
-3437
-4470
-4885
-4439
-3658
-3119
-3046
-3299
-3424
-2948
-2028
-890
-125
-5
-22
338
1152
2237
3201
3566
3540
3363
3490
4279
5235
5695
5453
4939
4352
4021
4281
4599
4484
3706
2531
1605
1340
1348
1331
1096
33
-1214
-1985
-2235
-1934
-1734
-2169
-3033
-3963
-4229
-4000
-3503
-2883
-2743
-2894
-2824
-2097
-1799
-1497
-1218
-806
-59
380
655
875
1223
1347
1890
2423
2165
2001
2014
2177
2525
2669
2174
1460
822
166
91
57
-369
-1006
-1874
-2586
-2711
-2536
-2506
-2813
-3446
-4062
-4141
-3758
-3247
-3067
-3111
-3345
-3382
-2736
-1771
-771
-295
-192
-136
325
1197
2167
2937
3176
3123
3166
3659
4316
4816
4884
4570
4328
4150
4132
4235
3927
3272
2493
1877
1506
1400
1198
672
-7
-934
-1666
-1825
-1797
-1971
-2421
-3163
-3834
-3967
-3813
-3555
-3117
-2944
-2867
-2720
-2158
-1692
-1628
-1293
-885
-99
498
644
810
1187
1591
1993
2525
2353
1938
1892
2241
2804
3176
2922
1964
1102
422
209
457
334
-254
-1101
-2076
-2572
-2371
-2098
-2180
-2707
-3416
-3823
-3716
-3380
-2942
-2690
-2924
-3167
-2861
-2040
-1151
-628
-523
-491
-187
521
1578
2556
2850
2733
2758
3098
3828
4629
4839
4500
4165
3865
3700
3826
3791
3470
2751
1828
1246
943
783
612
338
-476
-1542
-2135
-2342
-2322
-2420
-2775
-3335
-3945
-4120
-3874
-3385
-2895
-2595
-2575
-2372
-2118
-2015
-1368
-639
3
340
128
-87
502
1487
2213
2681
2326
1499
1382
2202
3142
3761
3301
1856
788
365
636
1284
1155
128
-1136
-2136
-2237
-1506
-1004
-1289
-2305
-3417
-3761
-3242
-2445
-2001
-2293
-3051
-3415
-2938
-1775
-600
-99
-317
-611
-401
480
1709
2510
2597
2451
2508
2976
3888
4507
4486
4194
3803
3796
4050
4056
3803
3244
2435
1741
1389
1126
821
349
-386
-1185
-1864
-2204
-2366
-2468
-2910
-3511
-3940
-4154
-4125
-3994
-3849
-3581
-3162
-2733
-2158
-2237
-2231
-1889
-1177
-237
288
212
-20
433
1116
1965
2488
2126
1527
1450
2015
2922
3572
3119
1963
1084
516
641
1180
1192
474
-674
-1640
-1827
-1305
-855
-1068
-1830
-2802
-3275
-2933
-2180
-1698
-1942
-2344
-2510
-2092
-1055
-314
-5
-31
-149
187
1078
1996
2563
2751
2603
2711
3181
3812
4308
4447
4279
3948
3886
3985
3959
3707
3095
2331
1675
1134
884
626
198
-471
-1302
-1986
-2405
-2564
-2695
-3189
-3867
-4403
-4597
-4595
-4380
-3970
-3804
-3684
-3349
-2957
-2975
-2721
-2243
-1410
-647
-538
-490
-159
342
967
1739
1931
1498
1295
1778
2569
3266
3331
2599
1728
1067
874
1306
1502
1030
93
-947
-1385
-1168
-781
-657
-1233
-2135
-2730
-2757
-2156
-1524
-1529
-1931
-2266
-2188
-1536
-580
149
216
71
145
709
1710
2563
2897
2852
2784
2957
3669
4448
4724
4648
4310
4024
3996
4235
4295
3983
3339
2468
1841
1392
1052
678
289
-402
-1335
-1826
-2132
-2474
-2961
-3481
-4034
-4387
-4653
-4831
-4511
-4252
-4225
-3979
-3498
-3752
-3716
-3197
-2562
-1878
-1613
-1727
-1425
-564
28
790
1198
772
364
810
1801
2630
2933
2304
1424
968
917
1418
1883
1471
390
-617
-1078
-856
-300
-33
-555
-1553
-2299
-2317
-1724
-1077
-934
-1511
-1964
-1875
-1312
-308
296
315
135
311
837
1589
2360
2685
2934
3094
3134
3504
4131
4462
4589
4791
4696
4282
4043
3957
3930
3711
3143
2490
1759
1249
916
751
328
-539
-1420
-1985
-2152
-2536
-2763
-3203
-3878
-4360
-4689
-4371
-3862
-3516
-3464
-3701
-4286
-4265
-3497
-2360
-1682
-2046
-2612
-2533
-1577
-287
677
583
-266
-829
-249
1141
2306
2486
1548
495
-55
164
1078
1558
1065
-110
-1191
-1479
-849
-196
-111
-725
-1833
-2463
-2247
-1453
-708
-759
-1420
-1971
-1853
-1001
84
844
813
310
223
866
1892
2803
3156
2975
2816
3020
3752
4685
5136
4942
4563
4376
4395
4620
4805
4552
3850
3103
2546
2338
2304
1936
1278
462
-447
-1048
-1256
-1405
-1853
-2527
-3275
-3834
-4022
-4086
-3954
-3759
-3807
-3783
-3676
-4020
-4106
-3673
-2936
-2305
-2285
-2720
-2780
-2109
-1179
-180
211
-392
-1088
-898
167
1472
2128
1629
599
-205
-376
337
1183
1149
255
-993
-1697
-1342
-569
-107
-451
-1376
-2184
-2294
-1684
-910
-669
-1255
-1954
-1883
-1065
-142
502
513
78
36
636
1612
2432
2618
2505
2690
3174
3752
4263
4553
4525
4452
4653
4831
4754
4627
4313
3936
3684
3341
2915
2527
2064
1546
1115
481
-193
-675
-1060
-1342
-1808
-2365
-2964
-3536
-3667
-3253
-2851
-2837
-2895
-3468
-4058
-3723
-2892
-2117
-1974
-2700
-3471
-2908
-1731
-772
-190
-828
-1830
-1794
-851
441
1370
1081
-107
-909
-962
-428
444
631
-98
-1198
-2022
-1919
-1124
-440
-586
-1399
-2233
-2433
-1920
-1202
-727
-945
-1538
-1970
-1632
-555
356
692
472
104
296
1148
2230
2911
2835
2413
2289
2877
3986
4728
4776
4379
3987
4117
4636
4964
4925
4355
3587
3270
3199
3158
2964
2416
1634
871
198
-91
-226
-561
-1134
-1881
-2538
-2943
-2997
-3010
-2781
-2613
-2731
-2728
-3180
-3528
-3237
-2619
-2047
-1983
-2407
-2821
-2280
-1337
-612
-439
-1110
-1805
-1543
-406
646
1140
670
-357
-879
-853
-433
122
-58
-835
-1626
-2047
-1779
-1191
-874
-1234
-1958
-2551
-2519
-1840
-1159
-885
-1367
-2123
-2185
-1322
-162
533
528
-54
-335
310
1524
2536
2640
2019
1732
2287
3358
4400
4718
4125
3484
3559
4142
4880
5012
4443
3757
3299
3288
3449
3461
2943
2085
1499
1104
887
721
173
-468
-1100
-1645
-1926
-2088
-2398
-2630
-2382
-2296
-2230
-2342
-2990
-3205
-2842
-2184
-1938
-2195
-2786
-2953
-2037
-1047
-479
-741
-1758
-2198
-1406
-59
893
920
-34
-1063
-1224
-758
-99
7
-608
-1540
-2146
-1910
-1313
-841
-1014
-1790
-2455
-2584
-2001
-1289
-1020
-1243
-1910
-2137
-1556
-567
279
387
80
-133
189
1150
2082
2495
2329
2004
2230
2932
3665
4066
3915
3574
3491
3786
4192
4275
3902
3486
3205
3138
3231
3021
2579
1974
1550
1306
1128
878
368
-140
-651
-987
-1188
-1443
-1895
-2262
-2189
-1980
-1791
-1703
-2200
-2718
-2655
-2168
-1601
-1596
-2203
-2734
-2300
-1366
-714
-639
-1316
-2083
-1869
-728
341
701
20
-994
-1321
-1012
-448
-125
-518
-1353
-2034
-2021
-1497
-1041
-1022
-1565
-2229
-2516
-2161
-1513
-1112
-1204
-1660
-1976
-1698
-865
-38
357
230
24
254
940
1743
2194
2179
2017
2223
2804
3408
3818
3846
3529
3349
3603
4030
4252
4017
3560
3200
3044
3075
3159
2971
2316
1572
1228
1157
1044
729
56
-666
-1107
-1258
-1304
-1522
-2173
-2762
-2582
-2077
-1530
-1409
-2323
-3141
-3038
-2169
-1337
-1348
-2174
-2875
-2353
-1275
-403
-241
-1157
-2118
-1918
-731
472
866
125
-913
-1374
-1082
-334
131
-161
-1150
-2060
-2124
-1476
-835
-789
-1339
-2110
-2404
-1855
-1180
-901
-968
-1506
-1929
-1466
-548
208
426
176
66
345
1052
1786
2110
2036
1783
2037
2867
3517
3772
3580
3162
3188
3631
4097
4266
3860
3207
2838
2880
3195
3171
2661
2002
1420
1166
1136
1009
626
-91
-772
-1010
-1134
-1273
-1750
-2161
-2147
-2000
-1703
-1625
-2205
-2798
-2681
-2198
-1511
-1381
-2148
-2734
-2395
-1585
-877
-679
-1369
-2161
-1923
-882
117
461
-263
-1271
-1532
-1179
-573
-195
-610
-1474
-2042
-1924
-1328
-899
-1056
-1690
-2225
-2230
-1670
-951
-858
-1314
-1641
-1578
-1051
-208
274
209
27
162
770
1494
1999
2068
1991
2010
2307
2907
3491
3802
3649
3306
3227
3428
3708
3899
3860
3526
3127
2966
2983
2984
2733
2242
1633
1211
936
764
764
415
-293
-805
-1170
-1425
-1553
-1809
-2187
-2292
-1953
-1641
-1626
-2230
-2805
-2724
-2051
-1554
-1735
-2307
-2858
-2357
-1306
-651
-718
-1619
-2420
-2043
-846
147
415
-255
-1183
-1524
-1132
-371
-29
-502
-1421
-2130
-2075
-1393
-841
-894
-1551
-2245
-2373
-1752
-915
-713
-1045
-1524
-1772
-1267
-242
457
527
250
90
480
1337
2075
2374
2307
2062
2194
2850
3517
3843
3690
3354
3187
3369
3774
3933
3791
3325
2865
2735
2820
2883
2599
2090
1562
1205
1067
1023
866
293
-347
-690
-943
-1113
-1422
-1821
-1910
-1734
-1597
-1429
-1738
-2378
-2399
-2037
-1487
-1473
-2062
-2603
-2518
-1653
-925
-828
-1362
-2149
-2262
-1339
-270
131
-358
-1300
-1775
-1446
-848
-476
-673
-1510
-2224
-2256
-1731
-1193
-1214
-1754
-2375
-2522
-2059
-1282
-859
-1125
-1598
-1818
-1432
-585
160
368
130
24
346
1125
1958
2277
2225
2068
2191
2842
3535
3892
3774
3367
3198
3430
3867
4114
3917
3489
3053
2854
3001
3066
2797
2253
1601
1186
1062
990
844
544
-121
-694
-956
-1055
-1061
-1358
-1801
-2040
-1849
-1527
-1353
-1485
-2027
-2246
-1926
-1468
-1369
-1670
-2153
-2100
-1321
-739
-597
-1032
-1743
-1804
-1110
-250
184
-206
-1017
-1466
-1294
-813
-487
-691
-1379
-2057
-2248
-1865
-1383
-1350
-1789
-2321
-2511
-2163
-1569
-1155
-1338
-1892
-2067
-1659
-851
-141
45
-142
-209
132
874
1611
1910
1858
1763
2009
2612
3238
3595
3458
3127
2991
3166
3619
3948
3801
3339
2918
2782
3017
3184
2951
2432
1775
1394
1340
1275
1139
704
95
-276
-580
-729
-805
-1226
-1548
-1500
-1367
-1221
-1222
-1623
-2062
-1926
-1499
-1212
-1308
-1852
-2230
-1834
-1048
-623
-725
-1342
-1799
-1394
-508
120
56
-617
-1314
-1445
-999
-580
-624
-1131
-1822
-2159
-1971
-1544
-1370
-1721
-2259
-2575
-2401
-1843
-1429
-1422
-1660
-1887
-1801
-1271
-602
-178
-99
-152
14
500
1155
1640
1820
1761
1659
1943
2564
3123
3377
3206
2900
2841
3027
3372
3546
3345
2933
2611
2551
2661
2691
2399
1975
1543
1232
1032
848
682
272
-225
-591
-786
-890
-1031
-1198
-1435
-1748
-1538
-1064
-1005
-1270
-1850
-1922
-1420
-845
-712
-1244
-1751
-1728
-939
-66
83
-559
-1286
-1379
-547
559
872
329
-630
-1170
-963
-363
113
-154
-1087
-1864
-2006
-1542
-989
-1098
-1762
-2457
-2519
-2023
-1487
-1258
-1551
-2032
-2255
-1826
-954
-322
-321
-561
-615
-319
417
1225
1620
1435
1082
1162
1859
2725
3154
2945
2496
2303
2553
3104
3438
3211
2687
2266
2243
2544
2661
2386
1889
1398
1078
1011
1045
895
413
-122
-457
-553
-577
-704
-983
-1403
-1593
-1377
-1014
-944
-1156
-1599
-1736
-1315
-866
-721
-1058
-1421
-1437
-865
-183
-31
-369
-943
-1110
-530
279
631
370
-323
-869
-855
-426
-79
-232
-809
-1441
-1716
-1483
-1088
-1096
-1469
-1938
-2198
-1970
-1574
-1329
-1418
-1713
-1848
-1680
-1077
-454
-226
-243
-308
-151
370
976
1392
1484
1352
1405
1804
2396
2725
2716
2603
2487
2599
2900
3130
2924
2531
2235
2156
2296
2300
2049
1494
1101
947
891
794
383
-107
-504
-695
-646
-655
-1004
-1410
-1645
-1675
-1618
-1327
-1082
-1302
-1459
-1615
-1603
-1282
-904
-749
-896
-1050
-1048
-614
-167
18
-113
-499
-623
-223
436
722
533
69
-437
-570
-278
-23
-113
-591
-1144
-1392
-1323
-1036
-962
-1273
-1665
-1870
-1798
-1470
-1182
-1254
-1488
-1573
-1285
-758
-301
-139
-158
-87
170
662
1170
1388
1366
1443
1604
1934
2336
2470
2404
2347
2456
2663
2904
2810
2443
2168
2175
2419
2404
2017
1481
1123
1023
1156
1067
520
-173
-615
-638
-535
-600
-1086
-1706
-2013
-1957
-1715
-1609
-1903
-1887
-1700
-1689
-1581
-1748
-1733
-1454
-949
-691
-890
-1124
-1239
-613
169
381
-32
-660
-799
-99
887
1228
874
29
-614
-537
118
599
319
-560
-1440
-1551
-1010
-384
-304
-882
-1615
-1872
-1554
-926
-441
-627
-917
-1025
-814
-226
297
485
316
290
432
768
1301
1670
1820
1762
1654
1746
2072
2403
2677
2743
2495
2203
2011
2057
2222
2255
2122
1645
1088
919
973
1017
866
434
-166
-613
-653
-571
-595
-900
-1383
-1810
-2035
-1924
-1744
-1709
-1750
-1676
-1710
-1705
-1519
-1416
-1200
-1043
-935
-924
-965
-836
-542
-75
116
58
-116
-332
-157
374
755
778
429
-156
-424
-275
38
71
-398
-1047
-1454
-1328
-907
-621
-811
-1373
-1729
-1628
-1204
-736
-665
-940
-1088
-914
-454
53
265
213
227
445
932
1477
1708
1753
1781
1884
2156
2485
2667
2684
2694
2683
2635
2609
2598
2518
2424
2304
2033
1700
1427
1252
1126
927
550
133
-220
-436
-604
-805
-1055
-1477
-1784
-1885
-1934
-2032
-2131
-2261
-2406
-2352
-2007
-1772
-1802
-1696
-1755
-1616
-1156
-879
-847
-942
-954
-755
-176
170
90
-112
-254
-82
404
799
633
305
-32
-169
57
153
-40
-441
-842
-954
-763
-634
-719
-946
-1195
-1224
-976
-664
-633
-794
-862
-774
-417
-28
156
241
285
501
905
1306
1546
1571
1608
1756
1972
2266
2463
2462
2435
2413
2481
2591
2574
2473
2276
2095
1957
1822
1633
1317
992
750
565
392
196
-134
-536
-882
-1133
-1260
-1371
-1510
-1790
-2090
-2196
-2167
-1959
-1837
-1869
-1949
-1974
-1653
-1337
-1175
-1137
-1276
-1147
-804
-510
-343
-410
-505
-427
-131
97
154
123
-26
-61
5
-7
-111
-253
-490
-700
-766
-873
-919
-950
-1056
-1161
-1147
-1099
-1032
-925
-925
-824
-668
-446
-232
-151
-67
81
361
757
1100
1274
1375
1486
1706
2041
2315
2441
2447
2466
2547
2666
2796
2761
2593
2486
2387
2279
2177
1975
1728
1463
1177
887
566
330
160
-53
-370
-766
-1152
-1419
-1457
-1507
-1689
-1929
-2193
-2302
-2219
-2098
-2085
-2069
-2030
-1919
-1695
-1516
-1349
-1236
-1066
-860
-691
-510
-393
-282
-159
8
139
172
205
188
180
283
401
350
178
-49
-313
-389
-333
-373
-567
-838
-1082
-1155
-1014
-843
-845
-934
-1012
-1045
-812
-501
-346
-310
-334
-276
9
479
789
850
794
828
1145
1626
2027
2086
1926
1880
2043
2404
2668
2621
2369
2138
2075
2155
2212
2052
1738
1429
1154
990
890
713
466
187
-121
-425
-639
-827
-1019
-1164
-1359
-1570
-1689
-1775
-1845
-1821
-1796
-1752
-1611
-1497
-1393
-1298
-1174
-994
-821
-672
-610
-577
-515
-373
-182
-62
-20
-59
-138
-124
-14
72
92
-64
-341
-522
-582
-552
-535
-686
-994
-1202
-1199
-1073
-901
-881
-1010
-1104
-1060
-850
-585
-454
-452
-438
-349
-131
188
469
596
697
841
1048
1392
1682
1882
1991
1991
2091
2264
2396
2479
2435
2316
2221
2162
2173
2108
1909
1689
1451
1263
1085
873
624
303
38
-137
-333
-561
-805
-1033
-1186
-1308
-1409
-1517
-1637
-1701
-1715
-1675
-1680
-1719
-1590
-1395
-1267
-1130
-1092
-1096
-903
-568
-318
-258
-310
-385
-264
65
215
183
67
-135
-89
127
160
31
-169
-331
-376
-337
-363
-581
-785
-857
-894
-833
-825
-923
-951
-933
-821
-712
-665
-589
-538
-412
-217
-133
5
166
299
571
795
931
1101
1246
1431
1636
1799
1884
1891
1948
1993
2011
2073
2045
1942
1865
1705
1591
1525
1393
1249
1015
753
529
361
239
40
-198
-407
-654
-823
-919
-1090
-1221
-1277
-1329
-1380
-1450
-1489
-1499
-1399
-1154
-1019
-1050
-1120
-1076
-874
-540
-272
-281
-468
-534
-351
-5
271
193
-66
-269
-252
18
225
121
-208
-489
-593
-499
-330
-350
-585
-809
-935
-894
-723
-603
-597
-704
-812
-786
-628
-416
-251
-189
-198
-217
-80
193
426
587
668
694
785
990
1250
1432
1466
1452
1454
1533
1676
1741
1726
1645
1505
1431
1418
1387
1295
1093
902
746
575
423
264
130
2
-199
-390
-560
-694
-747
-787
-825
-933
-1133
-1212
-1139
-1008
-917
-970
-1067
-1087
-999
-796
-582
-470
-493
-538
-453
-265
-60
58
76
57
8
27
108
161
190
145
59
-17
-100
-121
-119
-110
-146
-320
-457
-529
-562
-481
-462
-545
-642
-742
-720
-596
-506
-490
-520
-509
-446
-325
-150
-55
-8
76
167
303
458
574
684
792
882
985
1075
1140
1192
1240
1307
1319
1283
1243
1179
1127
1101
1032
910
769
615
503
438
351
198
27
-104
-219
-272
-317
-430
-576
-677
-715
-683
-652
-718
-802
-824
-773
-684
-578
-531
-516
-476
-440
-378
-287
-219
-157
-80
-83
-130
-153
-140
-57
13
-23
-142
-255
-319
-292
-220
-199
-269
-423
-570
-584
-500
-422
-387
-462
-568
-588
-531
-392
-272
-266
-303
-294
-213
-73
75
167
191
231
326
451
592
681
721
771
837
924
999
1013
986
964
970
998
990
907
789
694
644
610
558
430
269
153
77
29
-27
-129
-233
-302
-352
-392
-438
-486
-512
-504
-476
-485
-522
-553
-534
-465
-388
-349
-372
-392
-357
-279
-196
-149
-167
-177
-138
-67
-15
-21
-64
-92
-59
-4
8
-51
-136
-185
-168
-118
-118
-196
-292
-332
-309
-249
-236
-303
-371
-374
-317
-229
-191
-239
-280
-244
-146
-40
16
-1
-13
57
174
287
348
339
343
422
528
604
628
604
595
638
694
722
703
653
616
598
576
541
492
429
375
317
238
164
115
69
23
-35
-126
-205
-243
-273
-295
-319
-377
-426
-440
-448
-455
-458
-472
-464
-422
-388
-373
-369
-374
-347
-273
-194
-150
-152
-191
-206
-164
-87
-21
-5
-50
-122
-152
-119
-50
6
-8
-87
-163
-183
-133
-54
-20
-51
-116
-159
-137
-73
-23
-12
-27
-45
-36
-3
29
55
84
112
136
141
136
153
209
279
328
326
288
277
325
405
464
464
412
370
378
427
472
468
417
357
311
284
279
282
269
221
135
39
-15
-10
14
0
-81
-203
-295
-295
-232
-194
-244
-357
-440
-433
-364
-315
-330
-393
-434
-403
-338
-299
-317
-364
-361
-294
-228
-213
-253
-300
-276
-194
-110
-85
-132
-181
-169
-94
-14
14
-15
-53
-46
6
68
97
82
70
89
132
162
151
124
121
156
207
226
200
154
132
165
225
254
232
180
153
181
234
272
267
227
202
212
239
258
242
214
202
201
199
181
146
116
103
98
77
38
-4
-29
-38
-54
-90
-129
-150
-150
-149
-166
-209
-251
-257
-227
-194
-198
-241
-274
-270
-229
-174
-163
-206
-248
-246
-188
-116
-97
-134
-181
-188
-132
-55
-25
-51
-92
-100
-61
0
36
32
10
0
18
51
74
77
81
97
112
118
110
90
85
108
146
164
136
87
61
70
114
159
160
105
40
33
84
132
144
116
60
27
43
88
111
86
44
17
11
28
47
42
16
-11
-23
-27
-24
-18
-27
-53
-61
-49
-32
-32
-39
-44
-48
-46
-29
-21
-43
-66
-66
-60
-56
-53
-52
-75
-104
-115
-106
-92
-82
-79
-95
-131
-145
-120
-80
-63
-78
-105
-122
-107
-58
-14
-13
-42
-53
-24
23
57
58
39
31
59
111
143
131
107
108
139
172
173
139
91
74
100
131
126
72
11
-11
20
60
66
22
-41
-67
-39
11
38
20
-24
-50
-31
17
58
66
39
6
3
30
71
90
69
29
-1
2
31
56
48
5
-40
-58
-44
-16
-7
-36
-78
-105
-100
-70
-52
-68
-103
-128
-124
-95
-66
-67
-93
-113
-110
-82
-48
-33
-49
-62
-53
-30
-2
15
8
-2
11
32
51
62
56
45
58
80
86
86
65
38
48
74
79
73
40
-6
-9
19
33
32
-5
-73
-84
-48
-11
13
-12
-74
-100
-72
-19
25
31
-10
-43
-28
18
65
82
61
35
36
68
97
103
96
76
71
94
109
102
88
63
47
56
58
47
32
6
-21
-28
-29
-36
-46
-76
-120
-137
-135
-123
-113
-136
-176
-197
-192
-161
-122
-121
-152
-173
-161
-111
-47
-19
-32
-50
-36
14
76
112
107
81
77
104
144
170
166
138
118
115
122
120
102
76
56
48
38
20
0
-15
-21
-23
-30
-50
-74
-81
-66
-43
-32
-37
-50
-52
-34
2
33
45
43
32
33
58
94
119
116
93
69
72
102
131
133
94
41
15
29
63
75
35
-31
-81
-88
-60
-39
-61
-120
-171
-182
-156
-124
-121
-157
-198
-212
-187
-143
-115
-122
-141
-145
-124
-81
-44
-29
-23
-20
-1
29
57
77
87
92
97
101
108
115
123
130
131
119
100
87
84
90
93
82
56
30
16
19
29
29
12
-16
-39
-37
-18
1
4
-13
-35
-41
-24
4
24
22
8
1
12
37
62
75
72
60
51
57
75
91
93
77
53
35
31
39
42
28
-2
-35
-54
-57
-53
-56
-80
-112
-136
-142
-131
-124
-132
-153
-168
-164
-146
-125
-117
-122
-124
-110
-82
-52
-36
-32
-29
-12
16
44
61
65
68
76
90
103
112
112
115
117
113
106
94
91
96
98
88
66
40
26
32
41
35
12
-15
-28
-20
-4
-1
-20
-45
-53
-41
-20
-9
-17
-31
-38
-29
-11
5
10
7
5
10
17
26
31
32
29
25
23
22
22
20
13
5
-4
-11
-16
-22
-28
-33
-38
-46
-52
-60
-61
-60
-62
-68
-77
-84
-78
-66
-53
-49
-58
-61
-53
-31
-13
-7
-9
-7
8
29
44
48
46
53
65
75
77
71
68
75
87
90
77
56
44
47
52
49
30
9
-3
-4
-4
-10
-25
-41
-48
-46
-41
-41
-46
-46
-38
-32
-30
-33
-30
-18
-4
5
4
3
9
24
36
39
34
31
33
40
46
42
31
22
25
31
29
19
8
-1
-6
-10
-13
-20
-28
-36
-45
-51
-56
-62
-66
-69
-71
-77
-80
-78
-75
-71
-69
-66
-62
-55
-48
-43
-31
-18
-4
8
17
24
35
50
64
68
69
64
63
69
81
89
82
67
53
50
54
56
53
41
28
24
30
35
33
30
24
16
16
16
19
19
15
14
9
10
15
16
12
4
-5
-9
-8
-5
-4
-8
-17
-22
-22
-15
-13
-20
-26
-31
-29
-27
-29
-37
-46
-49
-48
-47
-51
-61
-74
-82
-81
-76
-74
-79
-87
-89
-85
-78
-72
-73
-73
-69
-55
-39
-30
-25
-18
-8
10
26
37
39
44
56
71
87
93
92
89
88
95
99
101
99
92
90
88
87
84
75
66
55
48
44
41
37
29
20
15
14
15
12
8
1
-4
-2
4
9
9
6
-1
-6
-3
0
3
-3
-12
-17
-16
-14
-11
-14
-23
-32
-34
-29
-27
-30
-40
-49
-54
-51
-47
-47
-53
-60
-61
-62
-62
-62
-64
-66
-66
-63
-61
-60
-58
-57
-55
-50
-45
-44
-38
-32
-23
-16
-8
0
5
9
15
25
33
38
43
45
49
53
59
65
66
64
58
54
57
58
60
58
49
48
46
46
46
40
39
34
32
35
34
34
30
27
28
23
21
17
13
10
5
2
-2
-4
-4
-7
-9
-15
-19
-22
-23
-24
-26
-31
-35
-38
-37
-36
-36
-41
-49
-53
-55
-53
-50
-51
-56
-59
-61
-57
-52
-52
-55
-58
-58
-55
-49
-45
-45
-44
-41
-32
-22
-14
-13
-10
-5
1
11
20
26
28
32
36
45
55
58
56
55
56
59
67
70
70
65
57
52
51
51
49
42
34
30
28
28
30
29
20
12
11
14
17
18
17
13
9
8
11
17
19
18
12
8
9
13
16
14
8
0
-4
-8
-8
-10
-13
-18
-25
-29
-33
-35
-38
-43
-49
-57
-64
-64
-63
-61
-59
-64
-70
-74
-72
-69
-64
-60
-60
-63
-60
-51
-41
-33
-31
-30
-28
-21
-11
-2
7
11
16
21
28
40
51
55
54
51
51
53
59
66
66
62
56
52
53
54
52
46
38
34
33
35
36
34
30
24
20
21
22
23
22
19
16
14
14
14
16
12
11
11
8
7
7
4
1
-3
-7
-12
-16
-18
-21
-23
-26
-30
-36
-41
-43
-43
-43
-43
-46
-47
-50
-54
-53
-51
-48
-45
-45
-41
-39
-37
-37
-37
-33
-29
-23
-19
-14
-12
-9
-3
0
3
8
9
12
18
24
27
31
31
27
26
30
32
33
34
33
31
29
28
25
24
22
18
17
18
18
17
17
14
13
13
14
16
16
17
15
17
18
20
18
16
14
14
15
15
13
11
11
10
7
5
2
-3
-5
-9
-9
-10
-12
-15
-18
-21
-27
-27
-25
-25
-26
-27
-29
-31
-31
-30
-27
-26
-26
-26
-25
-24
-20
-19
-20
-21
-18
-13
-10
-6
-4
-4
-2
-1
0
1
4
7
9
11
11
