1
1
0
0
-1
2
4
1
4
5
4
4
1
0
2
3
5
4
2
3
5
7
11
12
11
8
5
6
5
3
1
1
-1
-2
-3
-2
0
-3
-5
-4
-4
-2
-4
-5
-5
-6
-5
-3
-2
-4
-5
-4
-6
-6
-4
-4
-3
-4
-3
-2
-2
-2
-1
-2
-5
-5
-6
-4
-2
0
1
3
3
3
4
3
2
2
1
1
0
-1
-2
-1
1
1
5
5
2
2
1
3
5
5
3
2
2
2
2
-1
-1
2
4
8
10
11
12
13
13
12
12
9
5
2
-5
-8
-5
-3
-5
-7
-7
-3
4
10
17
21
27
29
32
30
28
19
5
-9
-20
-31
-37
-50
-101
-113
-110
-112
-99
-121
-123
-98
-83
-59
-33
0
26
36
36
32
20
-18
-59
-97
-126
-173
-195
-169
-127
-73
-20
51
130
218
295
365
463
501
501
481
437
420
365
271
188
124
97
101
128
181
236
299
385
443
473
475
427
371
270
155
46
-87
-252
-428
-548
-629
-654
-628
-584
-496
-416
-323
-195
-92
-65
-101
-148
-195
-297
-434
-495
-521
-573
-644
-641
-464
-266
-167
-109
-43
59
186
304
451
687
1029
1353
1494
1494
1430
1136
395
-657
-1591
-2272
-2898
-3419
-3502
-3007
-2225
-1417
-485
569
1441
1880
1937
1808
1515
1010
383
-228
-705
-979
-1038
-913
-687
-394
-71
191
349
440
531
619
653
689
808
1049
1360
1602
1755
1857
1864
1760
1497
1225
1084
877
569
211
-53
-173
-420
-689
-784
-731
-563
-426
-136
389
819
1061
1077
978
824
420
-135
-719
-1258
-1679
-2045
-2239
-2196
-1958
-1584
-1222
-855
-442
-29
320
490
510
476
355
126
-194
-531
-795
-1056
-1331
-1496
-1474
-1274
-1002
-743
-427
-60
255
473
559
573
561
438
263
129
36
22
0
-6
129
278
447
614
682
737
705
701
858
986
1205
1648
2242
2797
2944
2794
2452
1621
316
-1196
-2532
-3527
-4322
-4596
-4036
-2847
-1382
-17
1194
2205
2698
2665
2218
1468
566
-434
-1293
-1798
-1973
-1857
-1621
-1371
-1078
-776
-452
-183
-53
42
167
400
752
1153
1610
1993
2168
2154
1990
1737
1342
803
313
-72
-364
-532
-527
-361
-227
-196
-151
-71
-20
-31
-2
150
325
464
574
653
631
420
39
-448
-977
-1480
-1897
-2143
-2177
-1998
-1649
-1205
-745
-332
11
237
334
308
172
18
-124
-231
-286
-333
-367
-445
-556
-604
-588
-505
-397
-254
-37
214
447
633
727
700
584
431
341
301
285
319
396
528
694
874
973
931
745
505
308
125
50
60
259
738
1405
2285
3030
3470
3469
2823
1685
80
-1693
-3380
-4866
-5751
-5818
-5001
-3463
-1620
258
1869
2878
3236
2959
2212
1186
-33
-1140
-1944
-2366
-2373
-2142
-1784
-1424
-1154
-932
-772
-628
-414
-97
339
860
1452
2086
2629
2911
2852
2511
1959
1284
568
-70
-505
-733
-714
-481
-119
296
593
768
806
692
580
504
473
484
471
511
549
451
262
-46
-442
-860
-1301
-1602
-1708
-1668
-1488
-1251
-998
-750
-546
-386
-313
-310
-304
-282
-247
-209
-155
-101
-113
-198
-349
-511
-636
-731
-763
-696
-564
-360
-117
60
171
192
141
84
-28
-165
-181
-51
209
541
798
1058
1279
1332
1258
1042
719
375
-19
-399
-545
-530
-282
171
730
1607
2644
3632
4343
4427
3847
2659
870
-1095
-3008
-4704
-5728
-6008
-5309
-3743
-1792
315
2106
3164
3459
3087
2298
1312
122
-977
-1738
-2142
-2202
-2044
-1788
-1630
-1641
-1796
-1890
-1765
-1397
-727
127
1035
1924
2722
3265
3412
3038
2222
1206
126
-788
-1344
-1522
-1384
-1049
-624
-36
538
890
1047
985
907
851
807
907
1038
1109
1063
853
554
120
-448
-1012
-1512
-1805
-1840
-1629
-1222
-790
-391
-68
117
130
-14
-221
-404
-465
-371
-133
168
419
558
550
393
88
-288
-679
-972
-1073
-970
-633
-202
169
390
380
182
-111
-424
-630
-635
-483
-183
234
718
1192
1471
1413
1110
633
78
-427
-883
-1119
-1155
-1102
-809
-415
67
577
875
1323
1829
2578
3516
4041
4171
3536
2404
862
-1138
-3076
-4831
-5956
-6284
-5694
-4006
-1732
559
2383
3417
3762
3446
2598
1527
273
-844
-1614
-2005
-2020
-1867
-1630
-1477
-1565
-1750
-1770
-1473
-853
-42
918
1918
2767
3347
3504
3201
2445
1347
166
-830
-1444
-1638
-1511
-1146
-619
-72
401
735
956
1013
926
898
1024
1306
1516
1573
1526
1248
779
82
-703
-1378
-1951
-2280
-2344
-2085
-1500
-848
-264
156
425
529
367
40
-307
-521
-580
-540
-389
-238
-98
-45
-145
-289
-506
-691
-836
-953
-870
-641
-342
-142
-153
-258
-429
-615
-757
-814
-707
-413
61
673
1272
1694
1909
1831
1430
815
105
-531
-1068
-1416
-1325
-952
-433
127
684
1185
1272
1174
1121
1251
1502
2016
3211
4471
5110
4601
3379
1795
-557
-3252
-5717
-7118
-7348
-6665
-4675
-1729
1341
3570
4450
4378
3563
2189
716
-656
-1566
-1926
-1837
-1351
-940
-780
-987
-1603
-2391
-3059
-3136
-2442
-1242
166
1588
2883
3819
4047
3502
2384
956
-515
-1634
-2126
-1964
-1367
-707
-18
551
867
966
827
505
202
122
598
1589
2373
2839
2801
2289
1409
-86
-1511
-2591
-3352
-3564
-3214
-2054
-547
571
1222
1443
1324
839
94
-556
-937
-1014
-816
-393
34
249
188
-152
-640
-1120
-1449
-1479
-1277
-922
-403
119
488
497
148
-297
-704
-1006
-1096
-838
-242
545
1268
1808
2032
1862
1460
930
325
-170
-408
-440
-380
-355
-141
193
311
307
135
148
321
596
1288
2115
3563
5233
6259
6183
4576
2601
256
-2711
-5522
-7620
-8093
-7456
-6030
-3292
39
2803
4022
3808
3061
1965
629
-463
-1068
-1134
-909
-633
-468
-722
-1494
-2661
-3979
-5016
-5242
-4295
-2375
-85
2057
3787
4898
5085
4249
2704
957
-658
-1877
-2334
-1902
-886
93
662
903
840
587
287
23
17
315
1092
2335
3448
4061
3968
3160
1764
-35
-1636
-2645
-3133
-3168
-2662
-1569
-227
819
1320
1379
1103
629
157
-168
-269
-265
-200
-98
-93
-229
-535
-920
-1271
-1515
-1432
-1075
-662
-348
-189
-44
-18
-236
-560
-855
-1013
-1032
-973
-715
-313
-17
146
188
295
443
469
511
598
757
817
677
458
67
-355
-786
-1155
-1219
-1117
-720
-74
757
1918
2890
3541
4241
5024
5525
4933
3356
1644
-326
-2729
-4938
-6177
-6208
-5776
-4927
-2966
-411
1658
2657
2917
2864
2265
1301
645
466
373
127
-161
-549
-1277
-2284
-3199
-3928
-4461
-4342
-3180
-1242
760
2371
3566
4147
3886
2950
1814
789
-170
-946
-1194
-802
-176
187
204
1
-293
-564
-647
-416
43
605
1289
1959
2506
2857
2758
2178
1164
54
-753
-1411
-1879
-2113
-2129
-1859
-1496
-957
-316
79
281
425
625
798
742
583
325
-50
-354
-557
-681
-821
-980
-1007
-961
-899
-807
-732
-621
-434
-190
156
466
615
655
508
252
-72
-465
-681
-750
-703
-410
71
581
894
964
1019
1019
682
255
-113
-511
-721
-908
-894
-550
-262
235
571
788
1487
2049
2802
3954
5010
5646
4707
2768
847
-1528
-3981
-6073
-7099
-6753
-5901
-4187
-1453
1199
2712
2772
2298
1771
1011
472
529
908
971
606
123
-716
-1983
-3302
-4432
-5153
-5097
-3837
-1579
719
2379
3321
3568
3136
2295
1424
831
539
352
469
1037
1613
1678
992
-74
-952
-1527
-1624
-1034
-82
884
1666
2261
2894
3164
2792
2020
978
67
-515
-779
-770
-901
-1169
-1369
-1481
-1372
-1145
-899
-602
-280
164
612
820
785
406
-142
-575
-897
-1033
-1132
-1134
-1002
-964
-844
-746
-763
-833
-987
-883
-567
-205
144
226
165
-34
-401
-714
-932
-972
-859
-568
-40
530
1010
1198
1054
748
440
245
-1
-268
-421
-469
-485
-399
-85
213
448
619
1114
2111
2904
3742
4786
5539
5448
3835
1746
-131
-2326
-4311
-5565
-5586
-4674
-3711
-2192
-238
1183
1606
1184
812
684
645
1033
1694
2145
2003
1256
136
-1392
-2992
-4105
-4632
-4590
-3815
-2232
-312
1144
1833
2020
1790
1234
754
674
1023
1421
1618
1680
1554
1110
253
-780
-1594
-1921
-1747
-1247
-519
115
492
669
732
899
1114
1321
1444
1407
1348
1196
758
5
-822
-1465
-1862
-1937
-1606
-1014
-488
-131
99
287
315
99
-105
-222
-39
394
822
1175
1136
798
231
-487
-1050
-1564
-1894
-1976
-1700
-1009
-264
395
692
657
444
122
-124
-385
-570
-648
-602
-338
137
666
984
1055
984
988
921
681
420
45
-378
-770
-1023
-893
-514
65
962
1834
2905
4186
4892
4635
3167
1445
-86
-1876
-3190
-3726
-3552
-3338
-3294
-2456
-1259
-663
-707
-739
-352
15
387
1272
2210
2310
1493
302
-860
-1988
-2793
-2959
-2794
-2487
-1944
-1131
-338
91
322
461
509
692
1204
1937
2459
2492
2112
1571
990
381
-82
-317
-329
-259
-202
21
315
384
247
151
326
729
1158
1618
2001
2044
1726
1150
507
-58
-575
-986
-1248
-1340
-1221
-1093
-1022
-923
-838
-708
-633
-472
-13
394
570
520
375
295
93
-138
-172
-214
-505
-981
-1437
-1713
-1945
-2126
-1875
-1285
-570
112
618
906
717
231
-235
-603
-790
-733
-353
228
732
1049
1128
842
431
52
-160
-148
-224
-257
-281
-172
367
980
1676
2612
3529
4038
3705
2785
1726
228
-1433
-2421
-2546
-2282
-2245
-2030
-1373
-1063
-1297
-1492
-1164
-566
-56
811
2028
2719
2427
1519
467
-774
-1977
-2453
-2188
-1705
-1267
-744
-285
-275
-535
-627
-511
-291
218
1097
1995
2502
2522
2253
1750
1054
501
265
266
224
-65
-389
-688
-1038
-1314
-1349
-944
-304
248
754
1149
1290
1143
833
659
620
551
451
223
-189
-756
-1409
-1982
-2345
-2342
-1937
-1353
-760
-158
347
617
680
684
741
769
815
944
1014
867
384
-306
-1029
-1673
-2019
-1999
-1761
-1471
-1172
-795
-397
-72
331
772
946
796
569
549
490
252
139
205
282
179
227
515
558
273
-95
-242
-315
-213
441
1332
2026
2608
3269
3475
2704
1522
653
-198
-1268
-1818
-1525
-1219
-1600
-1953
-1613
-1305
-1473
-1495
-886
-268
-154
154
952
1455
1079
339
-151
-607
-1087
-1182
-887
-795
-1112
-1351
-1271
-1045
-704
-138
420
651
665
753
948
990
888
880
1019
1179
1206
1182
1111
750
95
-484
-646
-531
-433
-290
-46
126
170
265
483
569
447
390
519
679
773
845
796
431
-174
-717
-1113
-1461
-1718
-1796
-1681
-1427
-978
-347
238
588
671
606
476
408
496
648
769
693
389
-77
-602
-1051
-1418
-1667
-1754
-1697
-1567
-1359
-1033
-605
-178
164
489
760
950
1007
953
853
615
261
-186
-532
-664
-541
-164
115
260
446
840
1267
1552
2181
3024
3292
2629
1592
854
73
-832
-1214
-1118
-1257
-1881
-2169
-1690
-1268
-1219
-1020
-472
-19
80
412
1106
1416
1044
437
52
-213
-495
-492
-255
-266
-651
-1041
-1112
-965
-734
-389
-25
213
389
652
994
1235
1227
1057
847
692
624
641
749
718
375
-126
-500
-615
-690
-762
-683
-551
-449
-334
-62
255
310
199
127
140
201
257
379
346
8
-410
-771
-999
-1185
-1340
-1384
-1447
-1408
-1127
-645
-59
378
605
672
640
729
889
989
968
691
307
-43
-221
-181
-211
-361
-615
-944
-1159
-1203
-1013
-764
-620
-480
-219
292
865
1337
1568
1427
1055
596
381
334
169
57
138
537
988
1568
2614
3290
2910
1731
582
-128
-817
-1154
-853
-622
-1062
-1940
-2243
-1965
-1892
-1895
-1685
-1323
-1097
-891
-120
832
1199
900
379
97
-54
-126
-25
16
-149
-519
-835
-749
-429
-236
-298
-472
-501
-385
-105
442
986
1228
1233
1363
1708
1912
1886
1636
1100
436
-13
-56
-13
-167
-398
-614
-809
-894
-670
-283
-149
-258
-293
-52
314
608
796
763
434
7
-223
-213
-191
-338
-649
-1057
-1382
-1469
-1345
-1105
-836
-625
-504
-352
-65
232
399
460
504
559
592
582
465
295
93
-143
-286
-292
-184
-159
-326
-515
-657
-727
-778
-815
-672
-436
-93
368
791
1058
1028
932
903
824
871
1131
1344
1467
1670
2001
2046
1475
725
77
-486
-790
-842
-871
-1277
-1996
-2357
-2333
-2088
-1592
-1029
-671
-827
-1136
-918
-410
18
301
367
192
-190
-189
402
861
836
491
141
5
101
539
981
942
621
369
346
519
707
794
723
591
626
801
1003
1181
1165
956
781
728
714
588
361
98
-264
-573
-684
-690
-714
-812
-821
-651
-472
-341
-225
-188
-256
-374
-358
-232
-272
-462
-666
-875
-1098
-1296
-1346
-1310
-1285
-1176
-1006
-844
-679
-537
-314
-46
175
375
460
469
447
395
373
236
4
-158
-223
-201
-157
-106
-79
-143
-202
-127
-51
-44
-10
75
188
299
490
822
1132
1443
1828
2124
2534
3189
3705
3508
2370
1049
128
-354
-284
-101
-347
-1142
-2044
-2283
-2016
-1678
-1385
-1414
-1793
-2254
-2187
-1300
-385
-6
-55
-366
-732
-878
-450
255
421
74
-230
-280
-81
343
867
1024
609
177
160
376
593
741
755
649
590
760
1011
1009
737
296
-126
-226
52
448
604
450
242
98
94
266
362
166
-312
-787
-946
-857
-597
-336
-336
-518
-662
-518
-133
171
320
243
-85
-435
-607
-537
-396
-390
-483
-678
-954
-1074
-947
-661
-388
-264
-181
-60
79
318
548
639
608
451
383
403
315
175
-52
-258
-339
-343
-213
-71
-43
-121
-273
-315
-116
155
468
967
1439
1778
2086
2479
2830
2544
1790
1193
893
908
842
380
-465
-1602
-2341
-2437
-2279
-2102
-2180
-2452
-2723
-2792
-2197
-1191
-470
-296
-617
-972
-1026
-689
69
676
727
439
152
228
644
1144
1478
1324
858
571
642
1008
1405
1583
1533
1330
1174
1208
1302
1375
1311
1039
742
544
442
326
105
-151
-363
-522
-639
-709
-701
-577
-433
-332
-225
-195
-303
-537
-762
-836
-798
-689
-587
-560
-679
-832
-900
-849
-646
-419
-262
-294
-470
-586
-601
-552
-476
-445
-509
-658
-760
-619
-269
45
108
-58
-232
-256
-99
191
446
468
237
10
-43
22
192
336
319
95
-99
-13
135
247
500
922
1215
1355
1729
2301
2490
2163
1823
1664
1452
1156
916
540
-149
-774
-894
-773
-853
-1080
-1301
-1638
-2119
-2271
-1839
-1361
-1382
-1675
-1780
-1636
-1324
-723
29
376
190
-60
-1
291
670
1071
1231
1053
869
916
1120
1342
1540
1574
1226
758
529
591
836
1021
984
690
331
183
172
162
104
-41
-165
-259
-370
-520
-704
-811
-912
-1011
-1002
-972
-985
-1064
-1106
-995
-827
-582
-311
-159
-105
-161
-187
-101
-38
-20
-111
-250
-316
-368
-367
-385
-475
-524
-486
-290
-87
-63
-89
-42
63
154
278
511
620
514
358
231
179
116
175
272
124
79
186
345
442
319
526
909
1233
1702
1876
1766
1338
844
917
992
836
624
212
-140
-461
-527
-207
-250
-693
-1221
-1755
-2061
-2094
-1810
-1476
-1599
-1954
-2078
-1976
-1698
-1265
-817
-558
-652
-756
-500
-61
476
1003
1329
1420
1297
1289
1511
1793
2037
2038
1812
1572
1401
1305
1157
966
826
648
490
442
430
388
290
201
78
-167
-366
-348
-201
-103
-108
-155
-260
-493
-716
-761
-727
-736
-848
-988
-1124
-1227
-1148
-967
-772
-597
-460
-376
-424
-399
-171
77
259
295
237
100
-174
-371
-434
-377
-181
1
22
-168
-537
-792
-814
-640
-295
-44
56
-7
-115
-159
-49
134
261
308
194
381
814
1354
1888
2026
1920
1562
1189
1137
1090
943
709
202
-330
-785
-879
-578
-563
-881
-1334
-1704
-1755
-1542
-1121
-761
-911
-1273
-1441
-1389
-1110
-845
-631
-625
-829
-784
-340
229
712
1035
1184
1232
1238
1422
1773
2120
2354
2354
2194
2089
2058
1996
1893
1734
1494
1113
688
375
121
-82
-169
-260
-459
-704
-869
-910
-890
-825
-720
-658
-699
-790
-903
-990
-1021
-1001
-948
-889
-866
-878
-891
-964
-1080
-1149
-1118
-1048
-1020
-956
-821
-756
-830
-929
-947
-849
-634
-333
-61
22
-26
15
177
349
519
637
637
552
418
395
409
368
432
446
330
227
126
252
677
1150
1742
2143
2202
2102
1744
1598
1677
1527
1298
861
357
91
-146
-128
-134
-610
-1170
-1725
-2041
-1950
-1780
-1534
-1498
-1892
-2204
-2229
-1951
-1488
-1200
-1027
-1024
-1140
-937
-353
325
822
982
974
917
921
1202
1664
2011
2015
1763
1547
1557
1760
1971
2030
1853
1478
1114
945
924
934
814
550
194
-241
-528
-536
-460
-458
-544
-733
-976
-1265
-1402
-1276
-1158
-1145
-1147
-1129
-1102
-1062
-987
-859
-794
-758
-587
-372
-257
-248
-326
-408
-397
-311
-176
-167
-330
-527
-686
-767
-717
-545
-352
-270
-357
-397
-230
5
191
398
597
766
849
950
1121
1065
863
886
1204
1722
2187
2199
1844
1274
939
1057
1051
802
443
-41
-409
-614
-588
-273
-325
-757
-1266
-1742
-1828
-1600
-1321
-1180
-1550
-2165
-2478
-2441
-1982
-1428
-1152
-1209
-1528
-1682
-1325
-658
11
436
545
562
690
1119
1806
2434
2734
2677
2497
2468
2668
3000
3137
2908
2466
1956
1648
1535
1389
1120
640
50
-406
-663
-646
-475
-447
-509
-628
-786
-816
-758
-701
-747
-992
-1219
-1316
-1299
-1144
-994
-1040
-1249
-1436
-1411
-1203
-983
-825
-788
-875
-941
-803
-492
-222
-166
-334
-577
-701
-625
-392
-208
-274
-459
-594
-584
-420
-310
-266
-242
-296
-243
-90
62
315
488
602
884
1289
2094
2742
2606
2164
1828
2008
2362
2186
1840
1372
646
133
-135
-31
55
-508
-1235
-1878
-2233
-1972
-1468
-1185
-1475
-2310
-2853
-2753
-2216
-1398
-855
-879
-1310
-1617
-1236
-331
413
673
485
168
134
519
1287
2036
2360
2140
1787
1781
2120
2537
2760
2749
2533
2223
2043
2137
2208
2063
1702
1169
630
197
-13
-53
-199
-572
-996
-1392
-1637
-1695
-1676
-1659
-1797
-2024
-2117
-1988
-1757
-1535
-1407
-1314
-1214
-1098
-869
-568
-348
-347
-454
-567
-596
-535
-450
-340
-358
-514
-650
-748
-770
-660
-544
-383
-280
-263
-151
-104
0
167
233
288
269
244
400
510
624
986
1554
2376
2683
2243
1717
1494
1786
2102
2044
1788
1218
478
108
135
487
549
-34
-795
-1523
-1786
-1416
-894
-736
-1269
-2223
-2853
-2907
-2491
-1826
-1523
-1803
-2349
-2549
-1991
-989
-163
165
14
-325
-300
311
1344
2244
2528
2265
1961
2049
2413
2807
2967
2782
2336
1867
1719
1934
2078
1987
1726
1261
814
540
490
519
272
-140
-471
-779
-982
-1054
-1123
-1284
-1615
-1912
-1986
-1984
-1980
-1947
-1919
-1859
-1723
-1469
-1122
-887
-796
-763
-655
-457
-255
-91
17
57
79
131
196
233
84
-92
-174
-207
-274
-420
-510
-521
-490
-487
-418
-396
-422
-377
-222
62
439
930
1601
2248
2315
2011
1592
1510
1840
1958
1822
1411
837
472
385
456
646
399
-226
-912
-1456
-1448
-1106
-812
-907
-1545
-2377
-2775
-2683
-2281
-1907
-1853
-2090
-2403
-2342
-1680
-739
-87
75
-89
-208
47
746
1566
2021
2030
1870
1903
2181
2509
2751
2745
2488
2265
2222
2363
2548
2526
2354
2033
1633
1407
1291
1107
763
235
-230
-546
-766
-807
-880
-1153
-1513
-1766
-1762
-1619
-1592
-1695
-1878
-2089
-2145
-1986
-1658
-1356
-1244
-1282
-1282
-1142
-864
-523
-293
-306
-459
-509
-325
-40
150
220
189
26
-198
-227
-133
-30
-99
-320
-512
-624
-621
-438
-266
-169
59
410
1092
1583
1581
1301
1067
1199
1446
1473
1393
1210
886
690
593
769
888
649
198
-422
-917
-1001
-777
-554
-686
-1301
-1898
-2222
-2203
-1856
-1527
-1463
-1740
-2054
-1920
-1270
-564
-113
19
-25
31
343
964
1579
1866
1832
1818
1979
2216
2463
2664
2803
2807
2694
2547
2419
2275
2169
2073
1876
1572
1211
881
571
267
12
-182
-438
-793
-1146
-1404
-1549
-1646
-1755
-1875
-2016
-2151
-2198
-2155
-2091
-1995
-1891
-1777
-1641
-1530
-1424
-1294
-1137
-895
-632
-497
-431
-459
-452
-366
-275
-154
-107
-125
-156
-154
-75
41
84
93
31
-6
-6
22
176
279
457
764
1206
1769
2005
1791
1396
1127
1249
1491
1510
1398
1066
640
361
312
580
733
488
2
-503
-778
-707
-481
-383
-707
-1390
-1985
-2215
-2097
-1853
-1704
-1828
-2122
-2295
-2103
-1539
-975
-650
-497
-405
-170
295
844
1329
1558
1608
1762
2056
2382
2598
2666
2672
2673
2681
2706
2667
2467
2158
1900
1770
1671
1497
1202
857
497
175
-23
-171
-377
-678
-1029
-1375
-1658
-1870
-1974
-2027
-2130
-2261
-2406
-2499
-2471
-2279
-1976
-1717
-1634
-1652
-1615
-1428
-1074
-649
-311
-208
-256
-263
-130
66
203
240
195
120
76
121
196
209
140
27
-52
-38
70
218
328
464
858
1498
1950
1852
1369
1077
1202
1417
1474
1397
1206
885
533
414
597
722
512
30
-510
-858
-888
-698
-610
-938
-1597
-2170
-2403
-2301
-2022
-1797
-1795
-2016
-2167
-1927
-1386
-893
-587
-364
-137
42
203
515
964
1309
1428
1495
1655
1871
2041
2182
2312
2367
2361
2401
2472
2423
2260
2145
2142
2120
1967
1695
1373
1059
810
650
455
146
-191
-466
-688
-944
-1228
-1459
-1614
-1727
-1798
-1868
-2023
-2255
-2413
-2324
-2040
-1809
-1773
-1858
-1893
-1764
-1471
-1101
-818
-762
-830
-765
-499
-143
53
68
-34
-163
-166
-66
90
180
128
-15
-105
-35
320
773
1155
1432
1433
1244
973
920
1141
1298
1155
858
564
368
309
368
584
609
370
21
-263
-377
-342
-247
-268
-543
-1002
-1326
-1473
-1466
-1383
-1298
-1275
-1392
-1498
-1393
-1088
-779
-545
-383
-201
11
252
587
969
1277
1406
1419
1526
1809
2112
2291
2310
2249
2184
2166
2215
2231
2098
1837
1586
1422
1314
1179
990
736
444
199
31
-114
-302
-517
-700
-840
-961
-1068
-1180
-1324
-1434
-1493
-1550
-1669
-1845
-1965
-1989
-1952
-1873
-1833
-1815
-1733
-1608
-1472
-1405
-1361
-1239
-1098
-892
-609
-361
-224
-256
-329
-306
-233
-57
118
190
184
184
396
814
1323
1806
2016
1853
1479
1190
1164
1207
1179
1080
881
614
326
199
275
341
276
82
-170
-375
-464
-407
-307
-377
-652
-981
-1203
-1240
-1141
-1022
-994
-1070
-1140
-1029
-731
-402
-174
-108
-102
-30
158
471
803
1016
1084
1115
1234
1397
1472
1454
1441
1473
1518
1556
1561
1500
1370
1241
1199
1192
1104
921
711
531
379
259
206
193
142
26
-114
-263
-426
-567
-645
-700
-830
-1040
-1233
-1355
-1438
-1485
-1494
-1493
-1522
-1576
-1577
-1494
-1355
-1186
-1035
-958
-950
-962
-911
-768
-589
-458
-424
-465
-504
-508
-463
-320
-53
278
581
842
1074
1197
1152
1051
1047
1115
1119
1036
941
841
694
525
416
336
183
-46
-263
-401
-457
-453
-455
-569
-821
-1079
-1186
-1123
-997
-920
-922
-964
-966
-839
-547
-181
93
202
263
407
641
867
1046
1195
1282
1288
1278
1339
1451
1502
1476
1426
1350
1239
1145
1105
1061
948
802
680
569
455
368
290
155
-42
-199
-230
-180
-139
-156
-239
-349
-413
-367
-249
-167
-164
-226
-321
-392
-419
-435
-501
-623
-724
-761
-760
-765
-836
-981
-1168
-1299
-1288
-1182
-1090
-1078
-1112
-1119
-1087
-1006
-890
-787
-729
-696
-573
-292
88
473
763
921
954
906
866
854
830
773
680
566
457
373
337
296
191
16
-203
-398
-531
-583
-579
-610
-715
-873
-1007
-1033
-965
-849
-740
-663
-576
-435
-208
69
300
441
513
595
774
1027
1272
1416
1415
1344
1294
1321
1420
1503
1535
1518
1477
1455
1434
1392
1292
1107
892
686
521
391
262
128
-25
-199
-343
-441
-501
-556
-645
-729
-776
-759
-656
-537
-451
-446
-521
-574
-569
-511
-437
-404
-389
-391
-414
-422
-443
-499
-600
-745
-863
-963
-1050
-1085
-1083
-1044
-1006
-998
-991
-1014
-1039
-1023
-958
-817
-640
-441
-210
6
203
380
549
715
850
953
1013
1006
942
849
769
735
743
778
792
735
600
412
223
68
-36
-110
-198
-311
-432
-523
-578
-618
-651
-690
-728
-745
-714
-600
-426
-219
-4
180
308
368
381
395
445
553
716
907
1087
1217
1297
1341
1349
1320
1236
1112
979
861
780
720
651
537
373
200
48
-77
-183
-284
-372
-444
-479
-468
-429
-389
-372
-372
-368
-353
-322
-291
-278
-288
-320
-353
-372
-381
-393
-429
-485
-546
-597
-623
-644
-683
-746
-818
-860
-855
-827
-805
-820
-854
-857
-795
-663
-522
-416
-358
-316
-240
-113
42
183
288
375
487
644
809
923
936
869
777
720
719
743
741
681
582
480
412
372
329
254
141
7
-114
-207
-272
-326
-378
-431
-474
-502
-526
-546
-550
-532
-476
-382
-266
-152
-64
2
64
142
243
357
463
544
593
625
655
692
733
749
728
672
598
530
475
421
357
283
210
156
124
92
33
-50
-132
-176
-165
-122
-87
-97
-151
-212
-233
-205
-145
-87
-66
-80
-102
-108
-78
-31
-3
-21
-103
-220
-337
-424
-473
-509
-559
-632
-722
-795
-837
-838
-817
-786
-749
-702
-632
-532
-418
-301
-192
-89
18
137
262
381
479
550
608
664
718
755
745
684
591
504
451
428
411
364
276
168
88
61
74
86
52
-37
-154
-242
-274
-255
-231
-244
-307
-397
-471
-498
-473
-419
-364
-324
-300
-279
-257
-228
-190
-134
-62
23
104
163
201
229
272
337
408
459
468
440
398
371
372
387
388
360
307
246
203
188
198
218
236
245
248
257
274
294
320
340
348
356
365
373
377
365
330
269
194
104
4
-107
-228
-349
-465
-565
-645
-712
-771
-819
-851
-867
-858
-826
-773
-702
-623
-539
-461
-387
-314
-244
-172
-100
-29
30
72
95
108
119
132
147
159
162
150
134
122
119
121
118
100
81
69
74
100
129
146
141
117
90
71
58
47
29
5
-27
-53
-71
-80
-82
-88
-97
-102
-92
-67
-36
-13
-3
3
15
48
93
130
149
143
132
128
139
163
181
182
164
141
128
134
154
178
193
200
211
227
254
280
297
312
323
342
371
392
402
398
380
365
353
350
341
308
256
186
111
44
-18
-82
-162
-260
-363
-453
-524
-576
-625
-681
-728
-764
-771
-751
-726
-697
-673
-650
-610
-549
-470
-387
-323
-273
-228
-174
-102
-27
36
77
101
123
156
198
237
259
257
240
229
238
258
273
273
256
241
240
259
280
289
284
267
260
260
262
258
236
202
163
131
108
91
61
22
-20
-56
-78
-88
-95
-111
-132
-155
-170
-174
-174
-175
-183
-189
-196
-197
-189
-178
-169
-157
-144
-122
-92
-58
-19
24
67
118
170
227
283
331
380
426
458
486
497
507
518
511
494
458
409
362
311
255
192
120
48
-22
-88
-150
-201
-249
-299
-340
-378
-398
-409
-422
-426
-426
-419
-393
-372
-354
-335
-317
-285
-250
-218
-188
-167
-150
-131
-106
-75
-41
-12
1
7
11
22
44
63
75
77
68
65
69
81
99
105
102
93
85
89
102
112
113
104
91
83
83
83
76
60
43
26
12
6
0
-12
-30
-47
-61
-68
-73
-81
-95
-110
-123
-127
-121
-116
-113
-115
-116
-112
-102
-86
-71
-51
-37
-19
-1
20
45
70
99
130
160
190
218
246
269
289
303
317
329
336
340
335
320
302
278
258
235
208
181
145
109
70
34
0
-33
-69
-105
-139
-173
-204
-228
-247
-261
-272
-282
-284
-282
-273
-262
-253
-238
-221
-204
-187
-171
-154
-141
-128
-120
-115
-112
-114
-118
-126
-130
-132
-138
-142
-148
-153
-151
-148
-142
-136
-125
-111
-93
-72
-50
-21
5
31
58
79
105
130
147
162
174
183
188
192
188
184
181
171
164
152
139
129
117
107
96
80
68
56
46
36
23
10
-1
-11
-19
-23
-26
-31
-38
-40
-37
-30
-24
-16
-4
5
16
30
42
55
66
76
84
92
96
98
97
90
87
85
76
66
53
42
30
18
5
-10
-21
-34
-46
-59
-69
-78
-86
-92
-98
-99
-102
-103
-103
-102
-99
-98
-96
-91
-85
-80
-75
-70
-65
-57
-51
-46
-41
-35
-29
-26
-21
-17
-14
-9
-7
-7
-8
-12
-14
-10
-6
-4
1
3
4
7
8
10
16
25
30
40
45
51
60
67
74
85
93
97
100
99
94
97
97
95
94
86
74
61
46
29
20
13
-3
-16
-31
-47
-56
-67
-76
-78
-77
-77
-76
-77
-79
-75
-66
-58
-42
-27
-20
-13
-8
-4
6
17
28
39
42
40
38
37
36
39
39
38
35
29
19
13
6
1
-1
-1
-4
-7
-9
-14
-14
-14
-11
-5
1
5
9
11
14
20
23
29
32
36
36
35
32
29
25
20
16
11
6
1
-7
-14
-22
-27
-29
-30
-34
-34
-37
-41
-42
-42
-42
-43
-41
-38
-36
-37
-37
-36
-34
-28
-26
-23
-22
-20
-18
-17
-17
-16
-14
-15
-14
-10
-7
-4
1
2
6
11
14
17
19
20
20
22
24
26
26
25
23
22
22
23
23
25
25
27
29
33
36
39
39
43
45
45
47
49
51
51
47
40
35
29
23
20
15
6
-1
-9
-15
-18
-21
-24
-24
-25
-23
-19
-14
-12
-8
-7
-8
-4
-1
1
8
11
10
8
4
0
-2
-5
-10
-12
-15
-24
-31
-38
-44
-46
-50
-52
-54
-52
-52
-52
-52
-55
-53
-49
-45
-41
-40
-43
-43
-40
-37
-32
-27
-25
-24
-24
-29
-27
-23
-17
-8
-1
-2
-3
-7
-6
-2
5
14
19
21
20
22
24
30
35
40
40
40
39
39
42
43
43
43
40
39
36
37
40
41
40
34
31
28
28
27
29
31
31
28
23
16
15
12
13
