2
3
3
1
-3
-4
-2
-1
-1
-2
-1
1
0
-2
-1
-2
0
0
-2
-2
-2
-2
1
0
-1
-4
-4
-4
-4
-4
-6
-6
-6
-6
-7
-6
-6
-5
-3
1
0
0
2
2
3
3
4
4
2
3
3
4
3
2
3
4
4
2
0
2
4
3
0
-1
-2
-1
-2
-2
-2
2
3
0
-1
-2
-1
1
4
2
0
-3
-2
0
3
2
1
2
1
2
1
1
2
2
4
5
5
4
3
4
6
7
5
1
2
2
2
2
0
2
0
-1
-2
-6
-7
-7
-5
-4
-5
-6
-7
-7
-7
-8
-6
-6
-8
-10
-9
-7
-7
-3
2
1
-1
-4
-7
-9
-9
-7
-3
1
3
3
1
2
6
13
18
15
8
0
-1
6
20
29
27
19
6
1
8
25
40
40
19
-18
-41
-34
-2
43
78
80
53
14
-33
-72
-83
-58
0
73
127
119
52
-39
-112
-147
-116
-40
55
141
186
141
2
-164
-261
-212
-8
233
307
131
-206
-497
-473
-96
402
681
560
67
-498
-795
-727
-421
-99
126
263
388
459
326
-83
-636
-1000
-856
-179
688
1214
1064
322
-550
-1058
-974
-405
321
892
1155
1095
780
291
-275
-714
-797
-427
276
930
1153
807
99
-509
-664
-377
44
259
152
-107
-268
-243
-127
-89
-225
-434
-552
-484
-264
-29
106
94
-53
-248
-390
-423
-332
-171
-5
116
191
246
292
298
211
64
-63
-106
-42
69
178
281
390
484
481
315
28
-235
-338
-257
-89
35
66
62
77
93
40
-121
-332
-477
-478
-348
-155
23
149
198
146
3
-194
-353
-386
-278
-54
200
395
484
419
219
-28
-212
-242
-122
63
246
387
487
555
542
421
206
-21
-146
-110
73
329
573
753
838
819
702
522
330
172
80
46
33
14
-34
-95
-169
-280
-435
-654
-913
-1146
-1303
-1334
-1251
-1142
-1093
-1196
-1448
-1734
-1931
-1915
-1676
-1319
-943
-623
-357
-127
61
190
245
252
264
359
587
933
1328
1659
1834
1837
1718
1563
1433
1347
1297
1280
1295
1320
1315
1214
996
695
387
136
-36
-152
-223
-245
-200
-97
5
36
-36
-185
-340
-441
-461
-423
-353
-282
-203
-119
-46
-3
7
27
142
413
811
1240
1526
1550
1310
889
427
34
-261
-453
-551
-565
-488
-376
-332
-466
-840
-1407
-2032
-2550
-2860
-2973
-3006
-3089
-3295
-3574
-3780
-3765
-3476
-2971
-2402
-1906
-1532
-1242
-932
-528
-26
539
1107
1646
2162
2663
3163
3654
4093
4424
4605
4603
4452
4231
4024
3893
3821
3735
3538
3170
2630
1963
1235
490
-220
-841
-1325
-1626
-1753
-1776
-1795
-1888
-2074
-2300
-2482
-2560
-2528
-2434
-2326
-2220
-2094
-1919
-1665
-1328
-944
-564
-244
-12
148
268
391
521
631
691
685
640
602
601
618
598
477
241
-42
-258
-288
-48
433
1036
1576
1879
1874
1589
1123
601
124
-253
-493
-588
-531
-337
-86
112
132
-100
-559
-1139
-1698
-2139
-2462
-2739
-3043
-3375
-3644
-3717
-3511
-3051
-2468
-1929
-1534
-1278
-1080
-839
-515
-124
279
665
1076
1592
2255
3028
3776
4327
4567
4494
4209
3871
3594
3410
3292
3179
3040
2889
2745
2591
2362
1963
1340
506
-419
-1259
-1858
-2141
-2144
-1982
-1780
-1619
-1522
-1486
-1513
-1620
-1822
-2092
-2360
-2510
-2438
-2110
-1574
-955
-390
18
234
300
272
193
90
-30
-151
-245
-280
-244
-134
15
160
253
261
176
36
-91
-106
64
426
915
1393
1747
1902
1828
1559
1151
671
182
-260
-599
-784
-813
-717
-574
-469
-470
-613
-911
-1349
-1919
-2598
-3325
-3994
-4468
-4624
-4400
-3823
-3015
-2136
-1332
-686
-221
87
286
421
530
667
895
1300
1933
2776
3730
4639
5345
5743
5809
5587
5162
4611
3993
3368
2796
2347
2064
1938
1918
1885
1716
1323
702
-89
-949
-1775
-2482
-3012
-3325
-3404
-3260
-2949
-2554
-2172
-1889
-1752
-1765
-1897
-2094
-2284
-2387
-2337
-2076
-1609
-981
-297
309
739
928
895
710
444
160
-107
-335
-507
-595
-584
-452
-195
163
599
1059
1479
1781
1896
1798
1510
1101
654
261
-44
-234
-328
-349
-297
-199
-93
-41
-113
-351
-736
-1207
-1676
-2086
-2430
-2738
-3034
-3295
-3460
-3453
-3219
-2774
-2182
-1535
-917
-379
67
430
739
1006
1244
1468
1710
2012
2404
2895
3453
4034
4565
4964
5165
5119
4836
4372
3810
3237
2715
2272
1902
1569
1248
919
575
219
-148
-527
-930
-1375
-1861
-2361
-2827
-3202
-3431
-3490
-3386
-3158
-2863
-2552
-2271
-2041
-1871
-1747
-1647
-1549
-1429
-1267
-1053
-778
-452
-84
302
667
960
1126
1134
980
711
391
96
-109
-170
-72
186
566
1013
1450
1791
1978
1983
1821
1501
1070
565
35
-468
-898
-1192
-1327
-1308
-1177
-1004
-833
-715
-686
-768
-987
-1367
-1899
-2523
-3139
-3622
-3864
-3807
-3455
-2874
-2144
-1342
-531
243
927
1477
1856
2052
2096
2062
2051
2135
2346
2661
3039
3433
3808
4156
4457
4674
4751
4626
4266
3685
2948
2154
1395
725
168
-278
-628
-894
-1093
-1232
-1326
-1408
-1505
-1634
-1810
-2037
-2311
-2596
-2848
-3015
-3059
-2962
-2734
-2409
-2020
-1597
-1168
-758
-400
-122
60
143
150
121
87
68
57
62
86
138
224
326
408
441
427
381
353
393
501
664
833
957
1020
1023
990
930
828
654
381
14
-388
-743
-986
-1093
-1088
-1014
-926
-852
-811
-814
-895
-1097
-1443
-1916
-2444
-2921
-3237
-3323
-3175
-2837
-2360
-1792
-1154
-471
214
839
1335
1665
1857
1973
2085
2226
2391
2569
2746
2939
3181
3494
3856
4191
4413
4458
4310
4006
3594
3107
2562
1965
1344
751
231
-188
-516
-777
-1003
-1203
-1359
-1455
-1497
-1515
-1563
-1677
-1870
-2121
-2386
-2623
-2803
-2915
-2953
-2907
-2753
-2493
-2143
-1747
-1351
-1000
-719
-508
-357
-268
-243
-279
-374
-491
-593
-632
-581
-439
-224
44
358
719
1118
1522
1887
2146
2272
2262
2129
1885
1538
1105
624
147
-258
-535
-677
-701
-656
-575
-483
-404
-362
-402
-575
-922
-1428
-2036
-2650
-3176
-3540
-3704
-3652
-3393
-2930
-2265
-1445
-543
331
1077
1626
1963
2131
2205
2244
2289
2352
2446
2590
2816
3144
3559
3993
4350
4555
4584
4456
4209
3871
3434
2876
2200
1454
719
59
-490
-934
-1296
-1592
-1819
-1958
-2004
-1987
-1966
-1991
-2091
-2250
-2436
-2619
-2776
-2907
-3010
-3063
-3038
-2919
-2705
-2414
-2072
-1696
-1294
-880
-470
-99
193
381
459
450
376
272
165
68
7
8
91
269
552
904
1298
1679
1997
2230
2344
2318
2129
1775
1283
705
109
-433
-871
-1180
-1348
-1383
-1297
-1115
-880
-639
-470
-446
-613
-958
-1435
-1973
-2490
-2921
-3220
-3349
-3274
-2973
-2449
-1737
-907
-38
795
1532
2146
2630
2983
3197
3282
3261
3178
3092
3053
3097
3214
3372
3539
3689
3808
3875
3874
3773
3542
3162
2635
2003
1305
580
-129
-795
-1399
-1924
-2348
-2641
-2803
-2856
-2832
-2770
-2711
-2675
-2670
-2699
-2764
-2865
-2987
-3103
-3187
-3205
-3135
-2963
-2694
-2347
-1943
-1502
-1040
-582
-151
223
521
730
855
917
923
888
828
760
715
727
827
1027
1307
1629
1953
2238
2454
2568
2553
2392
2065
1596
1035
449
-96
-555
-902
-1134
-1253
-1271
-1204
-1084
-965
-908
-949
-1102
-1354
-1657
-1966
-2243
-2459
-2594
-2603
-2456
-2143
-1677
-1105
-481
141
729
1279
1781
2218
2568
2817
2973
3061
3108
3136
3152
3147
3109
3038
2943
2837
2731
2618
2473
2281
2032
1739
1414
1061
676
250
-222
-723
-1219
-1667
-2043
-2343
-2568
-2727
-2820
-2849
-2820
-2745
-2653
-2577
-2527
-2506
-2503
-2490
-2443
-2356
-2230
-2072
-1878
-1641
-1358
-1035
-689
-348
-31
251
491
698
870
1007
1116
1204
1290
1392
1521
1689
1884
2088
2280
2430
2525
2536
2450
2267
1982
1617
1197
751
299
-132
-521
-856
-1122
-1316
-1460
-1570
-1679
-1810
-1971
-2161
-2377
-2608
-2835
-3032
-3170
-3219
-3145
-2931
-2582
-2113
-1554
-935
-291
351
968
1537
2034
2447
2771
3022
3209
3355
3471
3561
3632
3676
3691
3677
3624
3538
3405
3211
2945
2611
2224
1794
1340
874
402
-67
-523
-956
-1351
-1697
-1992
-2236
-2430
-2576
-2681
-2744
-2766
-2756
-2725
-2679
-2630
-2572
-2502
-2419
-2319
-2200
-2064
-1900
-1699
-1464
-1194
-896
-580
-271
16
263
458
600
697
764
823
900
1004
1152
1345
1568
1800
2015
2190
2298
2312
2226
2030
1735
1361
926
462
-5
-435
-810
-1116
-1345
-1510
-1623
-1710
-1792
-1885
-1991
-2117
-2259
-2392
-2497
-2560
-2562
-2490
-2333
-2087
-1758
-1357
-889
-376
170
734
1297
1841
2348
2802
3191
3504
3733
3879
3938
3919
3836
3705
3539
3347
3151
2956
2762
2563
2347
2103
1826
1501
1126
703
244
-239
-729
-1198
-1633
-2017
-2341
-2597
-2782
-2904
-2970
-2987
-2967
-2920
-2852
-2772
-2685
-2588
-2484
-2369
-2245
-2114
-1974
-1823
-1659
-1478
-1277
-1053
-807
-538
-253
39
326
606
867
1100
1308
1485
1643
1791
1928
2070
2203
2326
2425
2481
2477
2384
2205
1939
1593
1186
737
276
-169
-591
-965
-1293
-1573
-1813
-2035
-2241
-2440
-2639
-2829
-3000
-3127
-3196
-3196
-3104
-2918
-2636
-2261
-1811
-1302
-760
-205
358
902
1425
1921
2385
2818
3212
3569
3878
4130
4312
4417
4443
4390
4256
4052
3792
3483
3132
2754
2362
1965
1567
1169
771
368
-39
-449
-855
-1255
-1641
-1999
-2324
-2611
-2852
-3046
-3191
-3285
-3335
-3339
-3306
-3240
-3138
-3006
-2842
-2644
-2417
-2167
-1893
-1609
-1319
-1036
-773
-539
-340
-173
-33
93
223
377
569
810
1093
1412
1753
2088
2396
2644
2809
2876
2836
2689
2442
2112
1723
1293
846
398
-32
-426
-781
-1087
-1349
-1570
-1761
-1941
-2116
-2288
-2460
-2624
-2771
-2882
-2942
-2942
-2859
-2687
-2423
-2071
-1643
-1153
-618
-55
524
1102
1659
2183
2657
3069
3410
3681
3882
4011
4077
4084
4047
3968
3854
3705
3525
3311
3057
2762
2432
2064
1666
1244
808
366
-75
-502
-910
-1303
-1671
-2012
-2318
-2586
-2812
-2994
-3131
-3221
-3266
-3277
-3251
-3198
-3124
-3031
-2924
-2796
-2649
-2485
-2297
-2091
-1863
-1614
-1346
-1063
-776
-491
-216
42
284
517
743
973
1213
1471
1754
2054
2364
2663
2929
3138
3262
3278
3176
2953
2623
2197
1704
1172
624
96
-395
-831
-1198
-1507
-1760
-1974
-2165
-2337
-2499
-2657
-2804
-2931
-3025
-3077
-3064
-2973
-2802
-2544
-2204
-1785
-1298
-750
-157
462
1091
1705
2285
2813
3271
3653
3949
4157
4272
4295
4246
4128
3952
3729
3470
3188
2880
2558
2223
1873
1511
1134
745
345
-69
-487
-901
-1299
-1672
-2010
-2299
-2531
-2709
-2834
-2912
-2950
-2946
-2908
-2840
-2744
-2630
-2505
-2374
-2239
-2098
-1958
-1820
-1677
-1526
-1363
-1186
-998
-799
-592
-380
-163
57
275
498
731
973
1228
1487
1752
2009
2245
2450
2605
2696
2705
2627
2462
2214
1891
1510
1082
631
167
-292
-726
-1122
-1470
-1773
-2031
-2245
-2417
-2548
-2641
-2702
-2732
-2735
-2703
-2624
-2495
-2303
-2051
-1734
-1349
-900
-394
154
731
1321
1906
2462
2968
3410
3773
4046
4221
4298
4287
4196
4036
3820
3560
3266
2943
2602
2246
1873
1491
1094
685
267
-162
-591
-1014
-1418
-1789
-2125
-2412
-2649
-2829
-2950
-3016
-3031
-2996
-2925
-2821
-2688
-2538
-2372
-2198
-2019
-1840
-1662
-1492
-1330
-1174
-1025
-878
-732
-580
-424
-253
-69
128
338
562
797
1041
1287
1528
1757
1955
2130
2262
2349
2384
2362
2279
2137
1933
1674
1357
999
609
193
-229
-650
-1053
-1432
-1780
-2085
-2344
-2548
-2699
-2791
-2822
-2801
-2727
-2605
-2438
-2229
-1986
-1709
-1402
-1069
-705
-307
127
594
1090
1606
2124
2628
3096
3506
3837
4074
4205
4231
4158
3994
3757
3469
3142
2798
2445
2092
1744
1398
1051
698
336
-36
-419
-806
-1188
-1559
-1903
-2212
-2472
-2680
-2827
-2912
-2936
-2906
-2829
-2711
-2565
-2399
-2219
-2031
-1840
-1651
-1469
-1296
-1131
-977
-834
-700
-574
-453
-337
-219
-95
45
210
402
622
866
1120
1383
1627
1842
2007
2109
2144
2107
2004
1847
1641
1402
1135
854
567
271
-26
-333
-648
-965
-1290
-1607
-1911
-2187
-2420
-2598
-2710
-2750
-2721
-2618
-2450
-2226
-1958
-1655
-1322
-969
-601
-215
179
589
1013
1447
1884
2314
2726
3110
3441
3710
3900
4001
4018
3945
3789
3568
3288
2959
2604
2232
1852
1468
1087
714
351
-1
-339
-667
-980
-1278
-1561
-1825
-2067
-2279
-2456
-2595
-2687
-2733
-2730
-2678
-2583
-2452
-2289
-2109
-1913
-1710
-1508
-1315
-1136
-972
-831
-710
-606
-515
-433
-348
-253
-140
-1
163
359
571
801
1027
1249
1455
1624
1755
1827
1834
1772
1645
1455
1206
910
590
255
-77
-395
-687
-942
-1169
-1366
-1538
-1690
-1822
-1935
-2025
-2090
-2117
-2107
-2050
-1933
-1751
-1504
-1198
-841
-447
-22
422
868
1298
1705
2078
2414
2716
2989
3221
3416
3569
3673
3728
3722
3653
3516
3307
3029
2688
2293
1856
1395
925
460
9
-414
-800
-1147
-1453
-1715
-1939
-2135
-2303
-2443
-2556
-2643
-2702
-2735
-2738
-2709
-2645
-2541
-2398
-2224
-2022
-1790
-1543
-1287
-1031
-785
-555
-354
-178
-30
92
199
293
382
470
575
690
820
967
1112
1265
1405
1521
1607
1647
1635
1563
1431
1244
1001
716
400
61
-283
-626
-943
-1235
-1492
-1707
-1880
-2008
-2087
-2124
-2116
-2070
-1989
-1873
-1722
-1535
-1312
-1052
-754
-424
-57
345
768
1212
1658
2096
2508
2882
3204
3454
3625
3710
3705
3622
3466
3252
2994
2706
2400
2088
1777
1468
1154
833
500
154
-208
-588
-980
-1376
-1762
-2124
-2444
-2710
-2910
-3038
-3087
-3068
-2979
-2832
-2638
-2409
-2155
-1890
-1626
-1370
-1127
-893
-680
-479
-290
-113
53
208
356
497
630
757
884
998
1110
1214
1304
1384
1433
1469
1468
1434
1365
1250
1103
914
691
450
184
-98
-380
-670
-948
-1214
-1462
-1688
-1894
-2074
-2228
-2350
-2436
-2481
-2479
-2422
-2308
-2134
-1899
-1610
-1272
-886
-465
-24
433
891
1343
1780
2186
2568
2912
3215
3478
3683
3827
3906
3914
3856
3727
3528
3271
2957
2601
2214
1807
1393
977
575
188
-184
-534
-864
-1173
-1466
-1740
-1998
-2239
-2458
-2650
-2807
-2926
-3006
-3039
-3018
-2942
-2807
-2623
-2388
-2114
-1806
-1471
-1124
-776
-439
-120
174
437
665
858
1019
1147
1252
1334
1401
1458
1503
1542
1558
1565
1548
1508
1444
1337
1199
1014
793
537
241
-79
-418
-774
-1129
-1481
-1813
-2116
-2385
-2610
-2790
-2923
-3001
-3029
-2998
-2908
-2765
-2569
-2325
-2025
-1677
-1281
-837
-364
144
680
1230
1788
2334
2861
3349
3788
4164
4461
4670
4784
4802
4731
4575
4334
4018
3641
3215
2748
2255
1748
1243
751
275
-171
-587
-974
-1326
-1649
-1948
-2227
-2485
-2721
-2930
-3111
-3252
-3358
-3416
-3418
-3366
-3252
-3075
-2840
-2553
-2222
-1855
-1467
-1073
-676
-300
56
387
684
948
1189
1400
1591
1750
1884
1998
2077
2135
2147
2125
2059
1942
1790
1584
1339
1058
743
410
61
-302
-662
-1022
-1370
-1710
-2036
-2337
-2627
-2896
-3132
-3334
-3493
-3602
-3650
-3632
-3547
-3385
-3143
-2817
-2408
-1925
-1377
-779
-139
524
1193
1859
2498
3095
3637
4111
4516
4842
5083
5241
5315
5305
5220
5057
4823
4523
4166
3757
3302
2814
2298
1758
1203
641
80
-466
-995
-1492
-1952
-2367
-2731
-3041
-3290
-3480
-3611
-3694
-3728
-3717
-3668
-3580
-3454
-3291
-3093
-2856
-2585
-2278
-1936
-1564
-1170
-759
-343
65
464
842
1195
1509
1784
2018
2209
2348
2448
2491
2492
2443
2333
2180
1975
1727
1436
1107
754
375
-24
-427
-836
-1242
-1634
-2010
-2361
-2690
-2991
-3258
-3492
-3687
-3833
-3919
-3952
-3917
-3807
-3613
-3328
-2960
-2506
-1970
-1364
-696
18
760
1511
2253
2971
3639
4241
4768
5207
5546
5781
5912
5937
5860
5688
5431
5099
4707
4265
3782
3276
2756
2230
1701
1176
660
152
-340
-818
-1283
-1730
-2157
-2563
-2943
-3288
-3592
-3848
-4053
-4197
-4269
-4272
-4204
-4064
-3857
-3593
-3279
-2926
-2546
-2152
-1749
-1350
-959
-581
-211
149
498
840
1164
1490
1797
2081
2338
2540
2696
2776
2784
2715
2557
2317
2003
1629
1207
748
270
-206
-675
-1118
-1531
-1905
-2244
-2555
-2828
-3069
-3277
-3455
-3594
-3690
-3740
-3731
-3656
-3507
-3269
-2950
-2544
-2053
-1488
-851
-162
562
1307
2047
2767
3449
4073
4626
5097
5469
5739
5903
5959
5912
5763
5522
5204
4817
4372
3887
3372
2840
2299
1757
1224
698
186
-307
-785
-1237
-1669
-2079
-2457
-2809
-3125
-3402
-3641
-3830
-3968
-4057
-4091
-4070
-3996
-3869
-3690
-3467
-3204
-2904
-2575
-2217
-1842
-1447
-1039
-624
-207
207
615
1011
1387
1733
2043
2300
2508
2644
2715
2715
2638
2499
2292
2032
1725
1377
999
603
190
-228
-648
-1066
-1476
-1877
-2262
-2623
-2953
-3249
-3495
-3686
-3812
-3862
-3831
-3713
-3509
-3216
-2840
-2382
-1857
-1275
-644
17
698
1382
2053
2701
3309
3865
4358
4772
5105
5349
5504
5567
5539
5428
5234
4964
4628
4236
3794
3314
2810
2290
1759
1226
698
190
-299
-761
-1193
-1600
-1976
-2316
-2629
-2903
-3144
-3350
-3513
-3638
-3713
-3744
-3728
-3658
-3541
-3380
-3181
-2946
-2679
-2386
-2064
-1724
-1365
-991
-610
-217
173
563
930
1274
1583
1844
2055
2196
2272
2271
2200
2063
1862
1615
1331
1017
692
364
37
-279
-588
-887
-1178
-1471
-1762
-2048
-2329
-2597
-2843
-3061
-3234
-3348
-3390
-3348
-3213
-2986
-2660
-2249
-1759
-1195
-587
59
725
1382
2030
2635
3190
3688
4111
4453
4715
4888
4981
5000
4944
4822
4641
4404
4118
3786
3413
3014
2587
2142
1690
1229
773
325
-115
-536
-940
-1327
-1686
-2016
-2315
-2578
-2810
-3000
-3146
-3253
-3315
-3335
-3311
-3239
-3127
-2978
-2787
-2570
-2318
-2042
-1747
-1436
-1114
-784
-450
-110
223
545
851
1126
1370
1577
1729
1831
1870
1844
1757
1602
1401
1155
867
558
231
-106
-435
-755
-1058
-1346
-1619
-1869
-2101
-2306
-2490
-2648
-2778
-2876
-2927
-2928
-2871
-2748
-2565
-2315
-1995
-1606
-1151
-641
-86
504
1109
1718
2310
2867
3378
3823
4188
4467
4648
4740
4744
4662
4508
4293
4022
3718
3387
3034
2669
2297
1926
1563
1202
843
489
133
-213
-553
-888
-1205
-1509
-1795
-2051
-2282
-2481
-2639
-2763
-2844
-2886
-2895
-2862
-2788
-2679
-2533
-2353
-2141
-1895
-1620
-1318
-990
-644
-285
87
448
798
1117
1383
1602
1738
1806
1799
1706
1548
1321
1045
737
405
69
-256
-574
-867
-1137
-1386
-1613
-1825
-2023
-2213
-2396
-2573
-2734
-2876
-2995
-3071
-3098
-3064
-2951
-2763
-2488
-2130
-1706
-1208
-652
-57
571
1197
1816
2412
2959
3452
3875
4216
4471
4646
4734
4741
4669
4524
4322
4064
3761
3425
3061
2679
2290
1893
1499
1108
730
376
36
-280
-573
-843
-1086
-1304
-1503
-1677
-1832
-1966
-2078
-2170
-2248
-2304
-2338
-2353
-2339
-2301
-2238
-2137
-2009
-1838
-1623
-1374
-1077
-749
-394
-15
358
725
1060
1342
1571
1721
1792
1784
1687
1523
1293
1011
694
348
-9
-361
-707
-1039
-1349
-1639
-1914
-2173
-2412
-2637
-2836
-3021
-3178
-3295
-3382
-3414
-3394
-3312
-3159
-2944
-2653
-2286
-1857
-1359
-812
-228
388
1014
1643
2254
2830
3364
3840
4241
4562
4806
4955
5015
4991
4877
4692
4444
4139
3792
3404
2994
2566
2124
1690
1263
845
452
76
-272
-591
-881
-1134
-1357
-1550
-1716
-1855
-1965
-2048
-2101
-2138
-2152
-2145
-2127
-2089
-2037
-1961
-1865
-1745
-1588
-1394
-1159
-890
-585
-255
84
427
760
1062
1324
1519
1647
1692
1657
1547
1363
1121
834
511
168
-182
-532
-871
-1195
-1501
-1791
-2061
-2317
-2558
-2784
-3001
-3196
-3363
-3499
-3591
-3636
-3618
-3528
-3365
-3116
-2785
-2378
-1897
-1352
-763
-133
516
1165
1798
2393
2937
3418
3829
4159
4411
4583
4679
4707
4665
4568
4421
4231
4007
3750
3463
3153
2814
2456
2077
1682
1276
863
450
49
-335
-693
-1017
-1309
-1558
-1767
-1932
-2052
-2139
-2189
-2209
-2207
-2182
-2138
-2076
-1991
-1891
-1768
-1616
-1439
-1217
-970
-681
-366
-41
297
613
913
1167
1361
1494
1542
1514
1409
1233
999
720
411
91
-232
-543
-831
-1096
-1336
-1567
-1780
-1985
-2186
-2383
-2585
-2777
-2958
-3124
-3253
-3341
-3370
-3325
-3203
-2992
-2698
-2318
-1864
-1349
-783
-184
427
1028
1602
2129
2598
3000
3330
3583
3764
3873
3918
3905
3842
3740
3606
3445
3263
3062
2848
2618
2379
2131
1874
1607
1332
1050
759
465
168
-125
-413
-686
-941
-1175
-1382
-1559
-1701
-1807
-1875
-1908
-1900
-1856
-1780
-1672
-1538
-1372
-1185
-977
-753
-517
-275
-39
196
406
595
760
879
960
988
966
902
793
645
466
261
50
-167
-387
-601
-802
-996
-1186
-1377
-1564
-1756
-1954
-2155
-2353
-2542
-2710
-2846
-2938
-2976
-2947
-2848
-2674
-2420
-2101
-1709
-1268
-791
-289
211
707
1173
1602
1989
2320
2597
2815
2978
3088
3147
3164
3142
3087
3000
2886
2753
2598
2426
2241
2041
1835
1618
1396
1174
946
720
499
278
63
-143
-344
-528
-702
-863
-1001
-1124
-1228
-1311
-1371
-1407
-1418
-1406
-1365
-1297
-1194
-1056
-881
-682
-456
-213
33
278
496
687
832
915
944
901
798
642
443
221
-14
-248
-461
-651
-816
-945
-1053
-1138
-1213
-1291
-1378
-1482
-1607
-1750
-1905
-2066
-2219
-2348
-2437
-2474
-2445
-2343
-2161
-1901
-1570
-1177
-737
-264
224
715
1186
1621
2012
2343
2607
2797
2914
2966
2955
2886
2770
2619
2445
2250
2052
1852
1659
1475
1296
1130
970
812
657
499
338
170
-2
-177
-356
-533
-698
-849
-985
-1103
-1201
-1280
-1342
-1382
-1396
-1389
-1354
-1288
-1191
-1053
-881
-667
-423
-156
132
416
698
947
1158
1309
1388
1401
1334
1198
1000
749
470
178
-112
-380
-617
-816
-972
-1090
-1173
-1239
-1288
-1336
-1393
-1462
-1551
-1650
-1758
-1868
-1965
-2041
-2076
-2059
-1992
-1859
-1661
-1398
-1068
-691
-271
178
633
1087
1515
1899
2231
2495
2686
2800
2841
2814
2728
2592
2418
2214
1997
1771
1547
1325
1115
915
720
538
362
190
25
-139
-295
-444
-586
-716
-834
-937
-1027
-1108
-1174
-1228
-1270
-1295
-1314
-1315
-1298
-1259
-1190
-1091
-957
-783
-575
-335
-69
208
490
755
989
1183
1320
1397
1405
1342
1213
1028
798
538
260
-17
-280
-518
-719
-884
-1000
-1083
-1138
-1172
-1195
-1213
-1239
-1269
-1306
-1351
-1395
-1433
-1458
-1461
-1441
-1382
-1277
-1123
-921
-672
-379
-51
304
669
1031
1376
1688
1954
2165
2309
2387
2400
2350
2245
2097
1918
1716
1504
1290
1086
895
724
568
429
307
197
94
-1
-93
-180
-260
-342
-424
-503
-582
-658
-733
-807
-878
-947
-1008
-1061
-1101
-1128
-1131
-1100
-1035
-932
-794
-623
-421
-210
9
219
409
561
663
714
707
641
524
363
165
-57
-289
-517
-726
-908
-1053
-1156
-1220
-1243
-1231
-1194
-1135
-1060
-979
-895
-811
-729
-650
-576
-499
-416
-320
-210
-82
68
241
437
649
874
1110
1343
1569
1776
1950
2081
2164
2198
2179
2104
1981
1814
1607
1374
1122
860
602
355
129
-72
-244
-384
-491
-566
-611
-627
-622
-599
-566
-526
-480
-442
-408
-380
-365
-363
-371
-391
-421
-453
-488
-512
-526
-517
-484
-422
-336
-232
-114
4
116
209
272
290
266
195
74
-90
-291
-517
-756
-995
-1224
-1426
-1598
-1733
-1823
-1865
-1866
-1824
-1749
-1640
-1504
-1350
-1174
-986
-789
-581
-369
-149
76
304
541
779
1024
1274
1527
1777
2020
2250
2459
2637
2775
2864
2901
2876
2791
2645
2443
2192
1901
1578
1231
875
519
177
-148
-450
-721
-953
-1146
-1301
-1418
-1496
-1538
-1545
-1516
-1462
-1381
-1280
-1164
-1040
-911
-778
-642
-511
-385
-261
-140
-20
101
229
363
502
643
781
906
1010
1090
1135
1135
1083
977
817
604
341
36
-300
-652
-1005
-1347
-1665
-1950
-2197
-2395
-2543
-2644
-2696
-2702
-2666
-2593
-2482
-2338
-2162
-1949
-1707
-1440
-1144
-828
-489
-131
244
634
1025
1422
1814
2193
2557
2890
3186
3438
3634
3767
3831
3816
3723
3557
3322
3022
2664
2265
1833
1386
930
480
52
-352
-714
-1034
-1307
-1530
-1707
-1833
-1916
-1962
-1971
-1947
-1900
-1828
-1742
-1640
-1524
-1396
-1255
-1106
-944
-768
-577
-366
-137
115
381
656
936
1203
1446
1650
1801
1890
1907
1847
1712
1501
1226
892
517
123
-284
-693
-1084
-1450
-1786
-2084
-2342
-2558
-2736
-2874
-2973
-3034
-3056
-3041
-2974
-2863
-2703
-2499
-2245
-1946
-1607
-1231
-824
-391
57
516
977
1431
1876
2299
2692
3048
3358
3621
3823
3962
4027
4019
3934
3770
3529
3223
2858
2440
1990
1515
1032
557
103
-316
-695
-1023
-1295
-1509
-1668
-1777
-1838
-1857
-1845
-1807
-1753
-1686
-1613
-1534
-1449
-1359
-1252
-1124
-970
-786
-569
-316
-32
274
597
916
1221
1493
1714
1875
1961
1969
1897
1747
1526
1243
910
545
158
-235
-618
-985
-1324
-1633
-1912
-2159
-2373
-2561
-2720
-2851
-2956
-3030
-3073
-3078
-3036
-2946
-2804
-2608
-2357
-2053
-1700
-1296
-856
-386
106
607
1110
1602
2074
2514
2905
3246
3523
3730
3865
3924
3907
3815
3657
3434
3155
2830
2463
2072
1662
1246
831
431
52
-301
-619
-899
-1142
-1343
-1506
-1628
-1711
-1760
-1777
-1765
-1735
-1683
-1615
-1530
-1429
-1312
-1172
-1007
-813
-586
-331
-44
268
596
930
1253
1550
1806
2008
2139
2192
2163
2052
1865
1603
1282
917
522
113
-298
-691
-1065
-1408
-1719
-1995
-2235
-2444
-2622
-2769
-2885
-2976
-3035
-3066
-3065
-3025
-2942
-2813
-2638
-2409
-2131
-1803
-1430
-1018
-570
-97
392
890
1380
1848
2287
2685
3028
3310
3527
3672
3741
3738
3660
3515
3309
3046
2736
2391
2021
1635
1243
855
476
116
-219
-528
-808
-1054
-1266
-1443
-1589
-1705
-1789
-1842
-1866
-1861
-1827
-1767
-1681
-1562
-1412
-1230
-1019
-778
-508
-214
99
422
751
1074
1378
1648
1871
2039
2142
2174
2135
2025
1849
1618
1340
1023
680
325
-31
-376
-709
-1020
-1301
-1558
-1791
-1992
-2165
-2307
-2421
-2507
-2560
-2584
-2573
-2522
-2440
-2320
-2163
-1965
-1732
-1469
-1177
-861
-523
-169
190
551
902
1236
1545
1826
2069
2269
2423
2525
2569
2562
2508
2403
2258
2076
1871
1651
1416
1181
943
705
482
267
64
-127
-308
-479
-644
-799
-948
-1081
-1196
-1300
-1384
-1442
-1469
-1461
-1418
-1332
-1208
-1046
-847
-620
-367
-100
170
439
693
927
1130
1297
1426
1506
1549
1547
1507
1431
1322
1188
1029
851
660
461
260
57
-148
-348
-545
-735
-913
-1080
-1232
-1373
-1492
-1590
-1670
-1724
-1757
-1761
-1734
-1678
-1593
-1477
-1334
-1161
-967
-756
-526
-289
-43
199
428
645
840
1010
1147
1249
1317
1347
1343
1309
1242
1153
1045
933
813
694
583
476
378
295
222
156
97
40
-23
-92
-167
-251
-338
-425
-513
-595
-667
-720
-750
-752
-722
-655
-553
-424
-270
-101
75
255
431
596
747
871
966
1027
1057
1053
1018
955
865
753
627
492
348
206
66
-68
-195
-315
-425
-526
-612
-692
-759
-810
-848
-873
-884
-884
-874
-856
-823
-776
-721
-650
-567
-477
-379
-274
-164
-50
74
202
329
456
577
687
778
847
886
896
872
814
722
597
449
283
111
-62
-228
-380
-509
-614
-694
-743
-762
-757
-731
-694
-648
-598
-548
-502
-464
-432
-402
-371
-334
-289
-229
-156
-64
46
172
310
456
601
738
869
982
1075
1141
1178
1186
1166
1119
1050
959
854
734
604
467
319
170
20
-127
-272
-411
-542
-662
-769
-860
-935
-989
-1020
-1029
-1014
-979
-924
-851
-767
-669
-560
-440
-312
-181
-43
100
245
393
542
687
827
957
1073
1172
1247
1296
1316
1303
1255
1169
1049
896
713
508
284
52
-186
-416
-635
-840
-1022
-1180
-1313
-1419
-1497
-1547
-1573
-1577
-1561
-1526
-1473
-1402
-1315
-1212
-1091
-958
-809
-644
-470
-278
-76
132
342
549
748
935
1103
1246
1361
1447
1498
1514
1500
1452
1375
1273
1151
1011
859
702
541
384
228
81
-54
-178
-292
-392
-481
-557
-615
-659
-689
-703
-707
-694
-662
-620
-564
-493
-407
-306
-193
-71
61
201
344
488
630
766
894
1007
1102
1172
1214
1227
1208
1156
1072
957
817
651
463
262
53
-158
-369
-572
-762
-938
-1093
-1227
-1336
-1417
-1478
-1521
-1545
-1558
-1557
-1547
-1524
-1490
-1446
-1388
-1318
-1234
-1128
-1001
-850
-676
-481
-272
-48
179
405
624
825
1003
1151
1264
1338
1374
1374
1342
1286
1212
1123
1029
930
832
737
650
570
500
435
374
316
258
200
141
79
18
-37
-87
-138
-181
-215
-239
-248
-241
-223
-192
-148
-90
-25
50
133
217
302
384
456
519
566
600
615
614
597
562
510
440
359
264
154
38
-87
-214
-341
-463
-580
-687
-782
-865
-934
-991
-1039
-1077
-1107
-1128
-1140
-1146
-1141
-1127
-1104
-1072
-1031
-978
-909
-821
-716
-596
-465
-324
-174
-22
126
267
396
513
608
683
737
765
771
756
726
683
630
576
524
476
439
411
393
388
387
390
391
388
386
382
370
353
330
300
269
241
219
200
190
191
203
232
271
316
367
419
469
509
543
562
569
561
534
490
429
353
270
177
79
-19
-118
-210
-294
-369
-438
-499
-557
-608
-654
-698
-738
-770
-797
-825
-850
-869
-878
-875
-863
-833
-798
-754
-697
-630
-552
-471
-389
-301
-217
-133
-51
20
81
130
167
195
212
219
214
199
176
154
129
101
77
56
38
25
19
23
33
45
61
79
97
115
132
146
159
172
185
197
212
229
252
281
317
363
415
477
545
616
688
753
810
856
891
911
912
895
857
798
725
640
545
440
329
216
111
12
-81
-165
-244
-315
-382
-447
-510
-572
-633
-692
-752
-810
-866
-916
-959
-989
-1002
-999
-978
-939
-880
-806
-720
-617
-512
-403
-291
-182
-78
18
103
176
230
267
290
297
290
272
244
204
157
110
64
23
-12
-40
-57
-66
-65
-57
-41
-22
-3
15
25
31
32
27
16
2
-11
-22
-27
-24
-11
14
56
112
185
270
361
455
551
644
729
797
847
880
891
881
852
805
744
672
594
515
438
362
290
224
162
101
39
-22
-84
-149
-217
-287
-365
-444
-525
-601
-671
-737
-798
-846
-879
-897
-901
-890
-866
-832
-783
-724
-654
-577
-494
-407
-317
-227
-139
-54
23
93
151
198
233
256
265
263
252
235
214
190
170
153
143
137
136
141
147
153
157
157
149
133
108
74
34
-6
-47
-84
-116
-137
-145
-138
-114
-75
-18
53
135
223
313
399
476
540
590
623
639
636
618
577
528
481
426
369
308
249
200
157
123
91
58
24
-12
-53
-102
-155
-209
-272
-336
-403
-466
-521
-573
-616
-648
-664
-660
-652
-631
-598
-556
-498
-439
-380
-318
-256
-196
-136
-81
-30
15
53
85
111
131
150
167
182
197
213
226
241
251
255
262
268
271
269
258
246
228
200
168
128
82
37
-6
-47
-83
-106
-123
-136
-138
-127
-103
-74
-37
5
50
93
132
163
190
211
223
231
233
233
227
216
202
181
167
156
143
132
122
110
93
72
41
1
-39
-82
-126
-169
-209
-246
-282
-317
-349
-380
-404
-425
-443
-455
-461
-455
-441
-411
-374
-330
-283
-237
-188
-136
-80
-24
32
86
132
168
199
225
247
266
284
301
310
319
330
337
344
344
344
339
334
329
315
301
283
261
232
192
144
92
31
-29
-90
-146
-193
-235
-267
-292
-300
-294
-276
-249
-212
-167
-120
-70
-27
7
38
62
77
84
87
88
91
91
92
93
96
102
105
101
96
87
74
55
30
2
-29
-64
-102
-143
-183
-225
-267
-309
-350
-380
-401
-414
-417
-410
-396
-376
-352
-324
-294
-262
-226
-184
-142
-96
-46
8
59
107
154
198
241
285
331
381
436
489
531
554
563
565
563
553
534
512
485
459
431
398
357
303
238
161
73
-14
-95
-162
-212
-242
-261
-279
-299
-325
-350
-365
-368
-344
-295
-234
-172
-129
-113
-120
-150
-182
-203
-200
-171
-120
-56
1
35
48
53
61
78
104
136
172
198
191
149
78
-11
-102
-186
-251
-299
-339
-375
-421
-467
-514
-555
-576
-572
-531
-469
-408
-353
-312
-277
-247
-231
-214
-191
-150
-85
-6
73
151
232
308
381
451
519
601
691
784
865
921
961
984
978
954
911
866
830
789
731
656
558
451
336
221
110
10
-65
-124
-176
-223
-280
-345
-407
-463
-510
-548
-569
-568
-556
-542
-534
-536
-542
-539
-528
-506
-477
-434
-371
-301
-230
-167
-114
-66
-20
28
71
105
132
147
147
126
88
32
-30
-93
-153
-208
-256
-292
-321
-343
-352
-356
-356
-348
-337
-325
-315
-303
-288
-275
-255
-231
-201
-166
-121
-66
-5
67
140
212
291
371
446
510
560
606
651
687
714
727
733
738
735
730
708
676
646
609
565
513
449
391
333
275
210
141
76
13
-49
-110
-168
-217
-257
-289
-317
-342
-355
-376
-398
-415
-431
-432
-425
-417
-400
-382
-358
-331
-309
-284
-261
-239
-212
-179
-143
-112
-96
-86
-86
-95
-112
-132
-146
-151
-150
-141
-138
-144
-156
-179
-202
-220
-226
-212
-191
-160
-133
-118
-113
-116
-121
-114
-96
-65
-22
19
58
89
112
122
132
156
192
246
300
351
398
421
420
396
357
338
334
346
370
386
388
375
340
293
245
203
184
186
199
208
199
174
129
67
2
-55
-97
-125
-136
-137
-139
-149
-167
-190
-212
-225
-223
-214
-200
-187
-173
-163
-162
-161
-161
-160
-153
-142
-135
-130
-129
-130
-133
-140
-145
-146
-142
-135
-121
-109
-95
-85
-79
-72
-70
-72
-76
-81
-88
-97
-105
-111
-117
-115
-106
-90
-68
-47
-26
-7
10
25
37
46
56
70
89
111
136
153
171
190
198
202
199
197
199
196
188
175
164
156
151
149
151
155
152
150
142
132
119
101
81
61
43
26
12
-1
-10
-21
-27
-35
-46
-56
-66
-74
-81
-86
-88
-90
-88
-81
-69
-59
-55
-52
-52
-54
-59
-67
-76
-83
-88
-89
-91
-91
-89
-88
-88
-91
-96
-98
-100
-102
-105
-108
-107
-105
-105
-99
-96
-91
-84
-77
-68
-58
-48
-34
-21
-6
7
19
34
45
52
60
67
76
83
88
95
101
105
108
112
112
109
111
112
109
104
99
97
93
88
83
73
65
59
51
44
36
30
25
22
20
18
14
12
8
7
5
2
-1
-5
-5
-3
-4
-5
-5
-8
-11
-16
-19
-24
-27
-29
-30
-29
-32
-37
-41
-44
-49
-53
-57
-57
-58
-62
-64
-65
-67
-69
-74
-79
-83
-84
-83
-82
-78
-75
-70
-66
-61
-52
-47
-42
-35
-27
-16
-5
6
18
26
33
37
40
45
47
51
52
49
47
46
45
46
43
45
45
42
39
35
31
30
28
30
29
27
27
27
29
27
24
23
25
26
28
32
33
36
40
40
38
36
37
39
38
41
41
42
42
38
33
24
18
11
5
-1
-6
-15
-21
-29
-34
-42
-47
-48
-51
-53
-55
-55
-60
-64
-64
-66
-64
-63
-60
-57
-57
-57
-59
-60
-55
-49
-42
-37
-32
-28
-22
-17
-13
-7
0
5
7
10
15
21
25
26
30
30
29
27
21
19
20
16
13
12
9
7
8
7
7
9
8
8
8
9
10
14
18
20
23
26
29
32
34
33
33
37
44
50
52
54
53
55
58
57
58
61
60
56
52
48
43
34
26
17
9
2
-7
-13
-19
-27
-35
-45
-52
-59
-61
-65
-71
-74
-76
-76
-78
-77
-75
-75
-72
-70
-66
-62
-59
-55
-52
-48
-40
-34
-25
-19
-14
-10
-4
0
3
8
14
15
15
15
16
17
18
15
14
14
12
11
11
10
9
7
5
3
-1
-2
-1
0
3
5
7
9
13
19
23
29
33
35
40
45
48
51
52
52
54
54
53
52
51
51
49
49
45
41
39
35
30
25
21
17
12
5
-3
-7
-11
-16
-20
-22
-27
-31
-36
-38
-43
-48
-53
-59
-61
-62
-59
-59
-57
-54
-49
-43
-39
-34
-31
-27
-23
-22
-21
-17
-12
-10
-8
-8
-6
-4
-6
-5
-5
-6
-5
-4
-1
1
3
5
4
4
4
4
2
3
3
3
4
1
-1
-1
-1
1
3
4
8
11
11
13
14
19
24
30
34
37
39
40
42
42
43
44
45
43
41
39
36
34
