-9
-10
-10
-14
-18
-18
-22
-26
-28
-27
-27
-30
-33
-35
-35
-36
-36
-35
-37
-38
-40
-38
-34
-36
-35
-34
-32
-31
-27
-21
-16
-13
-10
-4
2
7
10
15
17
14
15
17
18
20
19
20
22
21
23
29
29
26
23
22
21
17
16
17
12
6
4
3
-3
-7
-9
-8
-9
-9
-7
-3
-1
-2
0
3
7
7
11
17
19
18
20
25
27
27
29
31
29
24
24
26
25
23
22
25
22
15
14
13
9
2
1
2
-1
-5
-4
-5
-6
-11
-12
-13
-16
-19
-21
-21
-24
-29
-30
-28
-31
-36
-37
-36
-37
-38
-35
-33
-35
-36
-35
-33
-33
-34
-31
-29
-29
-30
-27
-24
-22
-21
-19
-14
-14
-13
-8
-2
1
3
6
10
9
10
14
16
18
19
24
28
28
29
32
35
34
33
35
36
37
37
37
37
35
37
41
50
57
58
52
46
37
31
28
27
24
19
14
12
11
10
9
3
-6
-14
-18
-18
-20
-23
-28
-35
-44
-47
-49
-53
-59
-65
-66
-64
-61
-53
-48
-50
-52
-53
-45
-35
-28
-21
-14
-7
-2
4
12
14
10
10
16
22
25
29
33
35
33
32
36
38
34
31
30
30
27
26
29
29
24
22
22
22
18
18
20
20
17
12
10
8
5
3
1
-2
-5
-8
-11
-14
-19
-19
-22
-27
-33
-34
-32
-32
-35
-36
-36
-37
-39
-37
-34
-31
-33
-32
-26
-22
-21
-20
-16
-15
-16
-15
-12
-8
-6
-2
3
4
6
12
20
27
34
40
51
58
57
52
52
45
40
40
40
40
38
36
35
34
32
29
24
19
14
7
5
1
-6
-14
-20
-27
-35
-39
-43
-46
-49
-49
-45
-41
-39
-38
-38
-38
-34
-31
-26
-20
-16
-10
-3
1
5
8
15
17
13
17
22
30
39
41
45
44
41
46
48
44
38
34
40
48
50
55
56
56
50
41
38
32
26
23
18
10
-1
-10
-15
-25
-38
-51
-58
-63
-71
-71
-71
-77
-92
-114
-126
-130
-130
-127
-130
-139
-143
-145
-139
-137
-139
-139
-143
-144
-141
-133
-112
-90
-77
-65
-55
-42
-24
-6
4
5
8
16
41
67
93
122
141
154
167
192
239
294
358
433
489
517
508
467
422
381
349
329
307
281
266
266
275
263
214
135
49
-26
-76
-101
-127
-178
-251
-331
-394
-443
-489
-536
-591
-632
-630
-589
-520
-465
-443
-437
-438
-418
-374
-316
-243
-169
-96
-11
75
145
186
196
189
187
209
248
293
329
352
376
396
410
406
380
341
296
270
269
286
306
309
286
252
223
204
192
174
145
120
104
105
107
91
53
-4
-64
-109
-139
-164
-186
-209
-232
-243
-251
-271
-302
-357
-398
-410
-414
-408
-425
-452
-461
-465
-451
-445
-465
-477
-480
-464
-414
-364
-310
-268
-248
-231
-210
-178
-128
-84
-51
-25
4
46
98
156
208
273
358
475
649
832
1007
1112
1081
973
833
725
682
661
653
656
667
719
766
765
691
529
337
174
79
60
62
33
-61
-207
-360
-502
-627
-777
-928
-1038
-1086
-1029
-911
-781
-685
-682
-735
-793
-813
-744
-624
-488
-347
-197
-26
143
265
295
232
108
0
-28
37
173
321
422
486
513
515
490
414
306
193
126
161
286
439
536
550
498
410
334
275
224
175
126
114
137
167
154
68
-62
-201
-295
-331
-351
-360
-391
-413
-363
-317
-318
-373
-481
-546
-562
-522
-459
-445
-420
-396
-365
-346
-291
-182
-346
-638
-736
-543
-107
25
-69
-83
-155
-78
20
68
163
38
-56
20
160
243
170
305
441
452
484
726
1268
1124
714
1116
1951
2511
1759
389
-201
-231
271
759
791
637
261
305
610
416
-241
-1096
-1380
-1101
-756
-419
-360
-479
-742
-1024
-932
-749
-794
-1250
-1909
-2013
-1283
-152
525
303
-370
-837
-746
-353
-74
-32
-217
-234
239
947
1357
1065
408
40
61
177
201
217
293
391
543
784
1007
918
519
193
42
11
89
271
585
805
899
1016
1049
888
519
196
41
-94
-162
-109
111
276
146
-90
-289
-375
-445
-618
-748
-787
-685
-489
-368
-373
-472
-502
-482
-578
-793
-1031
-1113
-1041
-877
-662
-557
-574
-652
-714
-762
-834
-768
-495
-192
-110
-223
-230
-35
224
347
269
82
-111
-150
-25
165
426
862
1567
2405
3262
4028
4327
3843
2561
968
-460
-1555
-2055
-1966
-1633
-1375
-1110
-493
112
39
-634
-1267
-1420
-1229
-776
87
1007
1394
1191
830
468
-276
-1347
-2065
-2069
-1561
-819
146
1047
1174
448
-415
-820
-910
-1038
-927
-267
704
1576
2119
2275
1872
962
118
-289
-412
-495
-454
-58
482
810
882
738
358
-191
-594
-559
-258
55
351
625
800
809
774
720
437
-34
-416
-509
-422
-406
-527
-816
-1185
-1393
-1297
-1003
-858
-885
-774
-399
51
272
208
-17
-285
-411
-310
-139
-159
-424
-675
-744
-724
-715
-763
-862
-974
-967
-653
-182
158
279
257
284
339
414
569
647
683
763
918
1079
914
503
28
-378
-298
371
1461
2688
4054
5770
6845
5950
3234
72
-2355
-4066
-5149
-5118
-4242
-3223
-2185
-972
130
330
-319
-942
-1200
-1016
-194
1282
2827
3401
2730
1323
-347
-1999
-3514
-4543
-4630
-3708
-1976
47
1584
1990
1212
67
-646
-852
-635
152
1533
2948
3726
3910
3667
2666
819
-1202
-2418
-2589
-2199
-1381
-141
1032
1617
1564
1314
1140
849
490
375
581
973
1299
1422
1321
925
287
-442
-1109
-1513
-1522
-1258
-975
-796
-734
-801
-1047
-1375
-1428
-1124
-721
-373
-70
299
592
506
128
-337
-773
-1142
-1408
-1366
-1055
-755
-595
-563
-556
-577
-694
-823
-857
-734
-497
-305
-214
-112
60
192
210
185
326
679
984
1160
1312
1432
1410
1057
564
310
141
-50
36
573
1496
2531
3847
5648
6693
5670
2936
-142
-2487
-4235
-5529
-5654
-4782
-3622
-2340
-920
637
1531
1148
247
-364
-195
689
1622
2359
2599
1980
606
-1168
-2741
-3972
-5096
-5633
-4719
-2273
466
2152
2593
2328
1771
944
274
369
1002
1742
2388
3030
3612
3192
1448
-782
-2669
-3718
-3996
-3529
-2207
-587
736
1709
2460
3005
3232
3104
2752
2292
1617
818
105
-620
-1211
-1625
-2117
-2497
-2602
-2315
-1599
-965
-503
-45
205
326
356
387
582
586
274
-137
-578
-915
-1250
-1643
-1762
-1562
-1161
-649
-244
37
164
49
-150
-282
-298
-217
-167
-185
-174
-117
-179
-493
-870
-1027
-931
-647
-188
415
1081
1510
1622
1771
1933
1823
1498
1112
769
455
88
-186
-94
323
1217
3358
6095
7354
6274
3403
267
-2208
-4569
-6224
-6316
-5503
-4265
-2667
-458
1981
2818
1753
248
-637
-524
-64
530
1690
2444
1876
419
-1203
-2664
-4439
-6507
-7235
-5467
-2222
797
2817
3716
3564
2557
1182
323
144
79
309
1324
2844
3868
3402
1591
-629
-2629
-4075
-4609
-3950
-2426
-694
1000
2604
3889
4376
3911
2907
1993
1511
1212
1379
2041
2201
1794
700
-1085
-2574
-4140
-5395
-5045
-3923
-2307
-199
1371
2586
3102
2447
1724
969
24
-509
-783
-590
-121
-312
-935
-1735
-2673
-3311
-3752
-3569
-2215
-498
1038
2289
2833
2685
1845
394
-911
-1754
-2338
-2448
-1925
-1040
-161
196
-25
-283
-439
-589
-546
-104
765
1693
2284
2529
2611
2491
1705
408
-751
-1474
-1210
-98
1682
4833
7877
8590
6812
3234
-261
-3005
-6018
-7862
-7473
-5961
-3843
-1571
1081
3561
3683
1934
231
-708
-686
-436
256
1899
2960
2637
1395
-516
-2728
-5367
-7755
-7922
-5564
-2236
843
3267
4727
4817
3616
1919
585
-426
-1207
-909
731
2689
3756
3276
1646
-429
-2621
-4390
-5146
-4623
-3043
-1001
1246
3480
5177
5774
5076
3704
2266
1004
150
-269
23
869
1273
866
-418
-2320
-3942
-5080
-5404
-4417
-2752
-788
1250
2758
3701
3774
2755
1220
-443
-1730
-2165
-1984
-1473
-993
-900
-1154
-1715
-2426
-2888
-2912
-2325
-1039
517
1971
3068
3291
2582
1296
-246
-1495
-2273
-2713
-2490
-1623
-613
275
739
695
456
124
-79
147
575
1126
1795
2326
2702
2746
2315
1453
72
-1187
-1659
-1252
7
1899
4712
7756
8826
7324
4186
649
-2568
-5883
-8245
-8218
-6702
-4633
-2193
620
3352
4241
2985
1177
-174
-732
-791
-319
1065
2280
2250
1116
-693
-2761
-5230
-7698
-8422
-6782
-3822
-549
2389
4502
5283
4543
3011
1501
1
-1368
-1738
-711
1020
2273
2326
1442
46
-1760
-3552
-4609
-4504
-3431
-1703
659
3321
5575
6667
6272
5036
3453
1720
446
-365
-715
-376
24
208
11
-993
-2173
-3133
-3831
-3630
-2549
-912
937
2242
3007
3400
3010
1885
328
-1158
-1977
-2231
-2085
-1588
-1162
-980
-1086
-1553
-1957
-2015
-1808
-1322
-582
420
1576
2297
2166
1417
363
-802
-1877
-2682
-2980
-2699
-2035
-1048
75
894
1247
1195
932
670
527
746
1258
1672
1843
1872
1867
1544
636
-431
-1150
-1220
-579
974
3935
7222
8723
7750
5019
1875
-1252
-4785
-7572
-8349
-7510
-5561
-2777
648
3814
4896
3779
1904
201
-916
-1479
-1258
-53
1174
1671
1439
344
-1690
-4606
-7480
-8589
-7449
-4877
-1661
1591
4216
5518
5292
4108
2499
481
-1601
-2697
-2175
-570
947
1596
1472
841
-401
-2106
-3558
-4071
-3525
-2166
-58
2618
5166
6802
7069
6140
4576
2617
750
-456
-1190
-1382
-1096
-944
-860
-1024
-1650
-2027
-2167
-2196
-1540
-361
990
2251
2900
3120
3082
2354
1044
-396
-1529
-2066
-2260
-2282
-2088
-1828
-1581
-1533
-1699
-1565
-1077
-597
-97
416
930
1380
1261
551
-244
-1160
-2187
-2899
-3085
-2714
-1913
-1007
-62
868
1377
1357
1136
869
652
605
660
770
855
851
785
479
-160
-881
-1083
-387
943
3180
6331
8769
9000
6779
3282
-53
-3538
-7052
-8917
-8669
-6961
-4457
-1450
2069
4659
4859
3435
1698
428
-263
-584
-98
971
1582
1437
560
-1073
-3367
-6008
-7860
-7776
-5859
-2931
303
3209
5098
5650
5055
3750
2092
177
-1529
-2059
-1182
262
1265
1376
814
-99
-1402
-2925
-3887
-3786
-2798
-1123
1149
3789
6029
6967
6577
5343
3685
1782
-112
-1206
-1408
-1249
-857
-756
-1046
-1404
-2083
-2571
-2528
-2410
-1766
-494
893
2358
3340
3533
3227
2179
662
-664
-1718
-2371
-2728
-2925
-2713
-2324
-2105
-2048
-2161
-2064
-1469
-703
106
946
1528
1704
1300
314
-731
-1652
-2601
-3193
-3078
-2297
-1114
-115
580
1109
1223
1016
708
471
534
722
1036
1501
1793
1815
1384
553
-259
-762
-481
580
2434
5296
7895
8761
7472
4434
1071
-2189
-5574
-7768
-7945
-6621
-4397
-1782
1198
3887
4826
3932
2355
1018
114
-466
-355
516
1277
1296
546
-833
-2773
-5201
-7277
-7709
-6330
-3936
-1039
1878
4087
5029
4618
3449
2053
323
-1457
-2358
-1972
-784
316
723
488
-168
-1218
-2518
-3577
-3872
-3193
-1632
457
2768
4964
6332
6424
5444
3818
2137
704
-442
-1005
-1079
-988
-874
-1115
-1631
-2044
-2302
-2204
-1763
-1045
206
1699
2842
3388
3328
2910
2151
913
-455
-1425
-1863
-2075
-2289
-2324
-2115
-1932
-2001
-2091
-1769
-1016
-172
528
1131
1585
1575
1048
138
-940
-1777
-2308
-2551
-2331
-1813
-1080
-211
296
429
415
288
281
317
376
798
1231
1443
1577
1252
763
318
-445
-743
-335
651
3200
6441
8402
8380
6091
2755
-414
-3879
-6818
-7996
-7615
-6023
-3769
-925
2354
4389
4385
3147
1575
535
6
-290
126
892
1200
996
94
-1620
-3827
-6159
-7613
-7189
-5200
-2488
442
2959
4424
4684
3993
2799
1390
-228
-1576
-1676
-563
674
1283
1126
451
-530
-1934
-3298
-3832
-3409
-2191
-381
1841
4198
5896
6408
5805
4468
3003
1532
247
-424
-635
-409
-70
-297
-905
-1745
-2615
-2885
-2671
-2007
-743
615
1841
2740
3015
2883
2232
1004
-311
-1409
-1947
-1916
-1884
-1913
-1943
-2084
-2220
-2408
-2514
-2144
-1423
-583
311
1069
1542
1466
713
-340
-1329
-2058
-2396
-2388
-2055
-1426
-694
-92
231
315
308
348
448
540
733
1154
1689
2015
1830
1209
467
35
58
676
2870
6261
8493
8344
6125
3156
447
-2916
-6430
-7984
-7577
-6083
-3876
-963
2587
4941
4669
2903
1177
203
-303
-650
-135
1071
1841
1815
911
-902
-3448
-6330
-8101
-7533
-5298
-2496
434
2876
4194
4149
3008
1587
212
-1247
-2085
-1456
320
2060
2664
1987
689
-865
-2672
-4261
-4868
-4223
-2607
-472
1894
4223
5816
6046
5160
3768
2312
1109
311
67
409
949
1163
699
-485
-2037
-3362
-4009
-3817
-2763
-1050
854
2473
3430
3592
3081
1989
536
-820
-1618
-1648
-1222
-826
-661
-794
-1219
-1955
-2800
-3183
-2842
-1958
-787
460
1531
2069
1791
713
-679
-1844
-2599
-2794
-2421
-1646
-627
212
595
528
122
-323
-584
-498
-27
776
1681
2256
2522
2349
1583
643
-467
-1209
-958
234
3224
6947
8710
8142
5620
2371
-540
-4020
-6808
-7293
-6557
-4969
-2678
132
3241
4319
2813
805
-706
-1204
-964
-446
1005
2577
2929
2298
884
-1280
-4027
-6910
-8213
-6822
-3846
-683
2049
3800
4158
3155
1392
-153
-1262
-2136
-2064
-444
2004
3800
3927
2636
635
-1685
-3851
-5119
-4857
-3346
-1361
864
3121
4883
5545
4833
3406
2007
961
491
487
936
1615
1877
1535
436
-1272
-2820
-3952
-4380
-3735
-2296
-374
1389
2441
2968
2869
2120
993
-280
-1056
-1220
-1103
-661
-335
-463
-910
-1766
-2649
-3078
-3087
-2447
-1247
-7
1121
1878
1941
1322
158
-1119
-1993
-2353
-2273
-1860
-1236
-450
206
396
251
-85
-414
-478
-341
277
1304
2051
2465
2380
1816
1155
236
-320
-67
1132
4009
7022
8110
6970
3837
535
-2224
-5135
-6649
-6240
-4975
-3155
-1299
1020
3437
3738
2003
-103
-1406
-1278
-556
386
1831
2769
2478
1156
-775
-2751
-4890
-6879
-7111
-5018
-1741
1370
3269
3645
2779
967
-831
-1668
-1822
-1491
-421
1341
3362
4396
3570
1434
-1162
-3439
-4806
-4900
-3561
-1473
481
2025
3214
3994
3905
2887
1655
920
824
1079
1667
2481
3058
2958
1791
-90
-2080
-3893
-4821
-4579
-3361
-1438
266
1350
1932
2002
1914
1563
854
285
-58
-50
291
420
191
-541
-1734
-2821
-3546
-3708
-3170
-2198
-926
408
1456
2049
1912
1093
-18
-1037
-1578
-1675
-1521
-1217
-928
-614
-435
-567
-752
-927
-943
-478
325
1270
2158
2531
2350
1956
1301
599
315
385
1661
4711
7517
8230
6249
2301
-1243
-4031
-6353
-6738
-5517
-3867
-2159
-689
1384
3277
2855
811
-1168
-1896
-926
553
2054
3386
3264
1632
-581
-2739
-4346
-5706
-6692
-5925
-3218
91
2751
3739
2872
1018
-902
-1892
-1496
-471
652
1913
3088
3779
3474
1938
-334
-2523
-3934
-4105
-2991
-1214
336
1225
1483
1587
1915
2143
2169
2322
2597
3014
3495
3521
2923
1745
73
-1371
-2169
-2539
-2423
-2067
-1800
-1400
-962
-582
-237
-221
-259
162
963
1807
2171
1820
1040
-34
-1263
-2219
-2622
-2550
-2351
-2250
-1928
-1168
-428
-156
-341
-575
-494
-344
-312
-184
-89
-326
-887
-1423
-1542
-1331
-1236
-1277
-1062
-637
-164
269
399
604
998
1258
1619
1723
1571
1636
1460
1345
1688
2830
5324
7162
6513
3977
735
-1670
-3385
-4799
-4594
-3332
-2427
-1860
-1057
598
1866
1158
-364
-1009
-518
602
1774
2874
3597
2816
409
-1947
-3313
-4090
-4741
-5028
-3764
-1115
1087
2075
1829
580
-919
-2029
-1863
-332
1319
2330
2736
2872
2760
1889
379
-1133
-2121
-2357
-2039
-1213
-214
173
-236
-889
-962
-213
996
2292
3370
4288
4725
4224
3007
1050
-930
-2015
-2486
-2136
-1327
-927
-771
-1178
-1771
-1662
-1374
-1074
-752
-339
801
1986
2417
2175
1189
-96
-1266
-2122
-2138
-1583
-1240
-1311
-1556
-1471
-901
-368
-210
-153
62
394
673
664
237
-488
-1324
-1936
-1820
-1099
-386
30
6
-172
-109
-7
214
476
553
849
1202
1437
1506
1171
1132
1603
2856
5364
7293
6951
4157
77
-2761
-4171
-4795
-4088
-2978
-2307
-2049
-1819
-650
460
73
-845
-1067
-217
1359
2688
3468
3469
1903
-613
-2427
-3059
-3028
-3265
-3625
-2694
-798
588
988
441
-480
-1239
-1509
-522
1414
2753
2771
1973
1328
1193
942
332
-110
-112
131
358
481
380
-182
-1251
-2098
-1683
-248
1547
3029
3395
3145
2338
1043
301
-247
-421
61
310
691
768
8
-746
-1775
-2550
-2369
-1943
-1175
-522
-394
-65
98
-67
-205
-527
-617
-279
4
251
281
-234
-999
-1748
-2206
-2025
-1496
-1007
-513
-17
385
652
576
57
-556
-1022
-1219
-1038
-726
-389
-83
-26
-150
-193
154
670
1158
1688
1708
1294
547
-446
-402
599
2370
5213
7271
7435
5500
1892
-978
-2601
-3471
-3224
-2736
-2397
-2281
-2551
-2136
-1242
-939
-951
-810
-141
1029
1852
2206
2386
1745
356
-764
-1328
-1363
-1615
-2578
-2919
-2196
-1163
-187
130
-85
-334
-642
-398
646
1635
1947
1563
1111
1196
1468
1349
871
392
42
-237
-305
32
511
509
2
-290
133
915
1279
1088
656
82
-480
-782
-520
280
894
994
887
733
520
53
-666
-1127
-1085
-827
-670
-753
-997
-1304
-1705
-1948
-1610
-801
-48
351
531
719
759
416
-163
-699
-1075
-1288
-1325
-1086
-728
-590
-635
-612
-386
-89
-26
-110
-169
-231
-152
83
288
295
7
-228
-24
439
912
1193
1096
758
360
150
625
1988
3827
5079
4667
2756
550
-723
-636
227
857
295
-1565
-3608
-4599
-4079
-2729
-1474
-564
-160
-205
-242
122
892
1237
606
-236
-423
19
291
-159
-851
-1187
-1095
-690
-238
-226
-924
-1822
-1951
-811
954
2175
2408
1930
1289
974
1023
1284
1558
1547
1206
825
759
978
925
299
-462
-694
-221
538
1158
1447
1184
458
-170
-217
298
691
464
-10
-403
-576
-450
-207
111
170
-350
-981
-1384
-1545
-1516
-1463
-1250
-896
-721
-721
-746
-742
-757
-852
-907
-797
-656
-714
-910
-981
-843
-654
-607
-711
-857
-982
-1014
-871
-573
-327
-274
-281
-212
31
345
539
638
588
548
663
745
867
974
1055
1425
2321
4043
5653
5425
3305
674
-813
-687
-36
363
-8
-1490
-3042
-3341
-2082
-352
247
-290
-1040
-1644
-1755
-1001
409
1499
1199
-149
-1060
-957
-552
-546
-820
-703
-52
596
884
576
-512
-1760
-2004
-700
1249
2069
1219
-63
-542
-20
1031
2073
2750
2581
1451
281
32
597
1116
913
270
-106
-68
199
481
539
336
-36
-225
99
543
611
351
103
179
343
208
-93
-425
-812
-1237
-1612
-1711
-1621
-1636
-1664
-1544
-1296
-1066
-1040
-1051
-876
-596
-313
-139
-117
-237
-525
-757
-775
-796
-1037
-1468
-1735
-1524
-947
-382
-170
-230
-303
-267
70
604
997
1094
760
337
269
399
671
1021
1303
1588
1911
2888
4479
4947
3564
1466
260
716
1722
2082
1435
-545
-2908
-3917
-2939
-983
-130
-819
-1687
-2179
-2166
-1322
165
1383
1088
-572
-1774
-1390
-237
273
-152
-766
-967
-806
-491
-131
-282
-1056
-1385
-569
793
1372
660
-114
45
838
1706
2249
2225
1497
365
-120
655
1921
2374
1614
347
-585
-738
-138
916
1851
1894
1089
312
87
246
249
23
26
182
161
21
-72
-57
-166
-454
-530
-436
-690
-1368
-1887
-1656
-989
-739
-1114
-1706
-2174
-2293
-1933
-1198
-541
-499
-936
-1206
-1051
-679
-371
-242
-281
-522
-838
-904
-664
-432
-502
-791
-965
-842
-577
-357
-207
-176
-167
139
744
1299
1631
2106
3368
4821
4915
3491
1874
1341
1902
2345
1953
724
-1190
-2653
-2460
-992
265
50
-1244
-2168
-2352
-1903
-630
812
1188
-50
-1881
-2285
-982
323
567
-45
-698
-774
-434
119
428
-224
-1244
-1271
-57
1276
1381
510
70
391
931
1395
1581
1296
507
-150
398
1839
2627
2087
854
-4
-23
539
1462
2261
2047
801
-386
-534
208
775
641
214
-174
-452
-441
-60
387
375
-152
-609
-719
-828
-1149
-1502
-1654
-1617
-1592
-1531
-1364
-1300
-1388
-1465
-1447
-1386
-1474
-1707
-1783
-1572
-1201
-828
-674
-868
-1258
-1587
-1544
-1033
-491
-268
-219
-152
74
361
404
224
-7
-111
117
453
747
1453
2666
3618
3378
1942
747
1000
2195
3155
2991
1496
-354
-1205
-434
1251
2063
1184
-424
-1734
-2293
-1913
-832
251
178
-1415
-2909
-2617
-865
676
728
-335
-1157
-1033
-34
1226
1611
670
-646
-988
-63
935
879
220
-77
173
692
1170
1346
995
191
-239
348
1342
1739
1285
519
102
197
744
1501
1758
1099
79
-308
339
1280
1606
1266
626
6
-374
-416
-161
15
-230
-576
-642
-560
-626
-855
-925
-821
-948
-1347
-1641
-1617
-1444
-1362
-1306
-1246
-1381
-1723
-1980
-1823
-1346
-981
-860
-954
-1169
-1257
-1060
-542
-48
-124
-648
-1164
-1389
-1111
-620
-292
-122
-110
-38
219
646
1687
3021
3362
2374
1096
1073
2484
3533
3059
1356
-791
-1980
-1363
399
1745
1273
-413
-1462
-1388
-643
322
913
651
-572
-1798
-1574
-170
765
319
-955
-1711
-1301
-206
800
868
-232
-1459
-1539
-223
1283
1617
1021
544
689
1330
1893
2002
1561
700
250
686
1372
1544
968
202
-109
-46
309
899
1239
1057
482
61
297
764
914
731
418
323
441
508
515
422
239
103
-26
-221
-617
-1169
-1418
-1156
-745
-727
-1298
-2024
-2376
-2160
-1536
-1060
-1208
-1857
-2356
-2095
-1271
-663
-745
-1356
-1901
-1877
-1225
-338
105
-262
-1090
-1624
-1407
-755
-271
-193
-450
-791
-694
460
2436
3650
2818
811
-253
597
2262
2998
2163
341
-1223
-1275
233
1793
1797
273
-1228
-1593
-991
44
999
1157
111
-1361
-1699
-485
860
868
-360
-1515
-1526
-395
1098
1869
1179
-348
-1094
-205
1408
2104
1487
570
279
768
1668
2361
2289
1392
411
252
814
1247
1076
536
131
81
338
794
1109
963
485
151
298
725
937
755
370
47
-121
-208
-239
-218
-238
-345
-482
-610
-763
-968
-1079
-968
-787
-783
-1046
-1495
-1948
-2141
-1873
-1331
-1055
-1347
-1879
-2114
-1946
-1607
-1258
-985
-929
-1104
-1195
-909
-496
-442
-710
-919
-903
-735
-513
-319
-319
-254
731
2510
3453
2548
944
601
1709
2626
2304
1049
-470
-1361
-790
863
1888
999
-867
-1804
-1496
-710
183
842
505
-1036
-2390
-1834
95
1194
545
-816
-1497
-1050
56
1056
1007
-410
-1807
-1401
614
2221
2062
871
122
289
1065
2072
2675
2222
1054
405
876
1704
1894
1450
900
441
227
611
1475
1984
1559
677
239
390
627
702
686
588
356
140
172
314
219
-131
-490
-710
-837
-909
-773
-437
-287
-582
-1148
-1561
-1556
-1341
-1230
-1285
-1544
-1937
-2141
-1933
-1468
-1308
-1807
-2446
-2581
-2183
-1478
-750
-313
-301
-699
-1109
-1065
-700
-391
-382
-509
61
1611
2888
2609
1112
108
690
1898
2280
1533
29
-1334
-1405
-92
1262
1028
-654
-1842
-1609
-726
200
910
808
-502
-2115
-2160
-422
1027
757
-593
-1647
-1571
-441
1046
1718
606
-1380
-2031
-666
1159
1663
850
72
80
824
2151
3397
3471
2142
639
382
1209
1884
1945
1717
1312
736
473
1051
1972
2085
1261
535
590
1112
1563
1790
1754
1275
562
277
607
964
817
321
-97
-384
-691
-853
-718
-631
-989
-1650
-2054
-1965
-1719
-1615
-1671
-1939
-2406
-2740
-2566
-2072
-1921
-2330
-2757
-2683
-2153
-1518
-1022
-827
-1071
-1543
-1709
-1339
-816
-662
-822
-568
527
1706
1815
822
-48
197
1216
1964
1764
596
-809
-1195
-26
1490
1573
141
-1122
-1126
-346
521
1192
1205
87
-1472
-1834
-604
702
705
-329
-1277
-1361
-431
1093
2043
1308
-492
-1328
-237
1529
2242
1722
980
649
849
1613
2512
2596
1534
347
219
995
1648
1679
1214
409
-405
-506
409
1465
1551
752
109
220
785
1343
1698
1642
1063
372
230
703
1191
1225
886
435
38
-162
-78
77
-85
-598
-1088
-1280
-1236
-1121
-1039
-1070
-1279
-1624
-1947
-2130
-2172
-2146
-2126
-2153
-2207
-2274
-2306
-2173
-1859
-1615
-1651
-1800
-1777
-1532
-980
161
1510
1834
640
-753
-707
659
1876
1944
852
-860
-2016
-1341
731
1907
798
-1196
-1931
-1210
-129
752
1138
356
-1434
-2495
-1559
268
987
216
-966
-1625
-1328
45
1701
2062
638
-874
-561
1277
2760
2813
1901
952
653
1406
2857
3679
2874
1176
270
778
1815
2400
2264
1507
449
-167
261
1273
1728
1209
394
7
119
499
936
1094
666
-100
-516
-282
226
521
471
155
-315
-698
-714
-395
-111
-164
-511
-864
-988
-853
-648
-573
-646
-806
-1087
-1527
-1939
-2039
-1782
-1437
-1341
-1651
-2200
-2541
-2295
-1580
-982
-1008
-1610
-2091
-1528
249
2011
2136
521
-1118
-1139
371
1997
2326
871
-1412
-2504
-1268
964
1769
513
-1253
-2020
-1602
-427
850
1133
-171
-1949
-2389
-1250
39
378
-118
-951
-1606
-1369
-46
1184
928
-411
-1012
-66
1359
1979
1667
980
452
629
1699
2791
2656
1398
531
954
1918
2343
2159
1799
1398
1086
1257
1904
2318
2007
1384
1041
973
931
955
1082
1013
564
82
14
300
543
538
370
163
-30
-149
-132
-47
-81
-313
-581
-682
-695
-835
-1039
-1045
-881
-880
-1171
-1524
-1771
-1951
-2017
-1802
-1447
-1410
-1876
-2452
-2651
-2431
-2072
-1720
-1295
-751
-260
-31
-132
-443
-687
-558
-12
480
298
-590
-1416
-1401
-647
91
284
-26
-572
-1016
-923
-193
563
624
46
-477
-559
-375
-144
83
181
88
99
503
965
845
175
-270
50
878
1594
1795
1405
701
337
824
1822
2380
2034
1304
966
1187
1603
1833
1712
1292
904
916
1296
1569
1396
993
783
837
903
825
654
439
223
127
220
335
266
83
9
57
64
-12
-64
-103
-247
-444
-510
-434
-409
-513
-625
-672
-747
-885
-970
-942
-925
-1043
-1242
-1357
-1304
-1147
-1026
-1065
-1277
-1559
-1726
-1666
-1458
-1264
-1148
-1024
-833
-657
-616
-709
-826
-872
-813
-678
-569
-584
-654
-608
-414
-234
-173
-138
-32
106
211
330
496
606
555
381
230
159
119
82
76
95
90
63
89
177
230
214
229
361
538
664
768
897
986
985
990
1097
1264
1396
1500
1587
1563
1391
1239
1274
1403
1400
1230
1047
947
898
890
944
948
754
421
181
149
250
377
442
342
47
-242
-283
-126
-28
-115
-318
-547
-727
-746
-586
-452
-537
-774
-960
-996
-904
-746
-628
-658
-830
-1002
-1033
-906
-742
-725
-935
-1222
-1343
-1213
-952
-700
-516
-423
-451
-547
-596
-581
-603
-695
-745
-666
-512
-375
-282
-254
-319
-423
-427
-300
-170
-112
-41
74
110
-21
-225
-392
-535
-658
-673
-564
-472
-495
-533
-461
-317
-185
-46
121
268
394
594
864
1033
1021
980
1075
1254
1385
1442
1465
1448
1433
1519
1711
1865
1862
1740
1601
1496
1471
1534
1576
1469
1243
1075
1054
1104
1110
1021
828
586
418
397
411
296
58
-169
-314
-410
-499
-611
-790
-1007
-1121
-1063
-974
-1019
-1180
-1337
-1430
-1447
-1392
-1336
-1399
-1587
-1752
-1779
-1721
-1690
-1698
-1676
-1519
-1209
-830
-530
-425
-503
-667
-776
-734
-598
-532
-587
-616
-483
-259
-91
-7
38
52
45
90
210
308
304
248
206
160
93
52
76
89
22
-54
-27
81
156
177
219
291
316
279
275
360
490
612
722
800
821
878
1099
1417
1575
1438
1192
1096
1206
1390
1520
1507
1317
1059
967
1104
1254
1178
900
619
462
442
547
705
762
655
514
490
522
456
289
142
79
55
15
-74
-225
-417
-587
-699
-807
-963
-1130
-1225
-1239
-1266
-1386
-1545
-1630
-1609
-1548
-1529
-1573
-1666
-1739
-1657
-1349
-929
-619
-529
-590
-686
-746
-722
-628
-566
-613
-703
-705
-597
-471
-394
-367
-371
-398
-394
-312
-163
-1
104
112
27
-108
-219
-253
-203
-113
-52
-40
-37
9
107
241
397
537
620
670
757
897
1004
1031
1026
1047
1089
1152
1271
1425
1523
1539
1558
1624
1672
1646
1594
1554
1505
1424
1338
1258
1157
1039
949
865
722
543
449
492
577
586
490
330
159
23
-38
-45
-79
-196
-341
-445
-541
-700
-889
-993
-976
-947
-1019
-1203
-1433
-1604
-1623
-1501
-1403
-1485
-1690
-1824
-1786
-1624
-1406
-1183
-1026
-973
-974
-952
-911
-880
-828
-748
-725
-820
-917
-868
-696
-529
-427
-382
-407
-467
-432
-222
33
140
76
-48
-157
-212
-152
-16
41
-56
-166
-134
-3
111
217
351
480
589
747
965
1120
1148
1155
1225
1309
1368
1468
1625
1728
1699
1618
1590
1615
1661
1732
1783
1716
1521
1333
1252
1240
1212
1144
1028
833
595
448
463
559
597
543
440
313
168
48
1
-3
-44
-155
-291
-423
-547
-666
-780
-906
-1071
-1245
-1368
-1429
-1453
-1475
-1484
-1485
-1511
-1563
-1607
-1623
-1625
-1605
-1506
-1303
-1069
-922
-920
-1029
-1144
-1146
-1008
-828
-760
-838
-914
-858
-680
-497
-401
-410
-503
-593
-565
-405
-229
-143
-145
-205
-298
-377
-362
-260
-173
-165
-175
-112
24
185
332
446
505
549
685
941
1223
1421
1524
1577
1600
1620
1711
1901
2084
2118
2000
1852
1753
1709
1708
1724
1700
1590
1435
1314
1224
1106
968
855
761
645
514
428
398
371
318
260
208
155
96
28
-78
-243
-408
-479
-444
-404
-461
-639
-892
-1143
-1307
-1344
-1300
-1291
-1376
-1519
-1638
-1682
-1633
-1546
-1511
-1545
-1545
-1369
-1039
-749
-681
-841
-1062
-1165
-1080
-907
-812
-876
-1006
-1019
-852
-619
-491
-511
-594
-626
-523
-301
-78
-2
-129
-346
-492
-491
-401
-323
-325
-410
-501
-502
-360
-127
62
136
146
188
312
515
750
963
1114
1209
1305
1451
1635
1816
1970
2069
2079
2013
1957
1976
2042
2070
2021
1912
1761
1589
1439
1342
1274
1184
1050
909
805
746
720
680
584
437
306
263
278
257
143
-30
-181
-275
-329
-392
-516
-706
-898
-1011
-1039
-1056
-1127
-1252
-1393
-1497
-1520
-1484
-1458
-1508
-1615
-1682
-1611
-1380
-1080
-856
-812
-948
-1138
-1246
-1229
-1167
-1139
-1155
-1170
-1142
-1054
-930
-841
-828
-868
-877
-809
-671
-495
-316
-201
-199
-262
-316
-343
-382
-442
-477
-450
-356
-202
-27
106
173
226
320
428
498
553
670
871
1091
1284
1444
1565
1654
1747
1860
1937
1927
1884
1899
1958
1980
1926
1845
1779
1711
1658
1636
1587
1428
1189
993
901
860
815
766
693
553
389
310
323
324
232
85
-60
-199
-319
-389
-423
-501
-635
-753
-826
-920
-1073
-1222
-1311
-1361
-1393
-1392
-1371
-1393
-1464
-1486
-1370
-1157
-951
-822
-819
-958
-1166
-1299
-1275
-1167
-1095
-1092
-1104
-1094
-1074
-1043
-1007
-988
-1015
-1040
-996
-881
-763
-704
-694
-703
-713
-698
-644
-575
-529
-495
-427
-317
-207
-123
-18
148
347
516
625
693
761
869
1023
1173
1268
1324
1389
1491
1600
1674
1701
1699
1698
1720
1769
1797
1761
1671
1584
1556
1584
1620
1602
1489
1313
1152
1080
1094
1116
1079
973
842
742
699
683
632
495
299
114
-22
-119
-226
-361
-517
-667
-792
-898
-998
-1106
-1200
-1246
-1248
-1263
-1329
-1439
-1539
-1580
-1528
-1380
-1196
-1060
-1022
-1069
-1131
-1163
-1170
-1180
-1206
-1240
-1248
-1208
-1130
-1065
-1062
-1103
-1129
-1100
-1038
-984
-948
-916
-879
-834
-784
-739
-719
-735
-759
-742
-655
-515
-358
-205
-74
46
189
369
553
698
799
909
1070
1270
1464
1607
1679
1697
1720
1800
1911
1982
1984
1940
1902
1890
1890
1866
1779
1636
1503
1445
1443
1409
1281
1088
916
825
809
803
736
599
475
445
480
466
325
100
-96
-184
-179
-176
-263
-455
-653
-745
-737
-737
-842
-1038
-1225
-1308
-1273
-1204
-1204
-1296
-1396
-1377
-1212
-1013
-913
-971
-1117
-1241
-1275
-1227
-1167
-1142
-1145
-1128
-1066
-993
-953
-964
-1004
-1025
-1003
-931
-829
-742
-708
-739
-791
-812
-783
-724
-681
-678
-678
-611
-445
-231
-66
0
14
61
180
345
495
600
694
825
1000
1181
1314
1397
1470
1567
1679
1768
1807
1811
1823
1865
1910
1911
1861
1795
1740
1686
1609
1502
1386
1291
1229
1194
1144
1054
931
820
749
691
609
495
367
226
83
-47
-159
-278
-433
-598
-728
-812
-879
-929
-973
-1049
-1169
-1276
-1308
-1291
-1288
-1305
-1295
-1226
-1137
-1062
-1012
-1026
-1114
-1212
-1266
-1271
-1279
-1301
-1287
-1231
-1174
-1134
-1108
-1077
-1049
-1021
-960
-882
-822
-782
-737
-676
-622
-604
-590
-554
-501
-430
-342
-232
-113
4
119
225
297
347
416
524
648
754
831
910
1016
1142
1272
1362
1399
1419
1454
1521
1576
1573
1542
1509
1493
1500
1492
1450
1371
1270
1200
1150
1101
1046
984
926
861
790
723
657
573
471
358
247
144
58
-9
-73
-159
-266
-378
-477
-560
-640
-709
-767
-822
-888
-963
-1036
-1100
-1149
-1178
-1182
-1159
-1108
-1031
-949
-891
-878
-906
-953
-991
-1020
-1040
-1052
-1046
-1021
-982
-938
-894
-855
-820
-798
-786
-777
-753
-683
-577
-480
-441
-465
-508
-510
-448
-344
-235
-144
-59
38
152
252
309
340
390
492
644
807
933
1015
1070
1130
1211
1294
1345
1358
1351
1358
1399
1454
1481
1455
1377
1288
1228
1194
1171
1123
1050
974
911
867
822
754
669
587
528
494
457
382
267
143
38
-30
-85
-151
-246
-366
-501
-643
-764
-852
-901
-921
-957
-1024
-1109
-1185
-1210
-1202
-1184
-1170
-1173
-1146
-1062
-948
-844
-813
-868
-950
-1021
-1027
-977
-910
-842
-798
-776
-764
-763
-752
-718
-671
-627
-607
-604
-588
-543
-485
-449
-464
-505
-530
-496
-393
-252
-109
4
82
144
206
284
377
475
564
649
762
905
1069
1215
1293
1324
1336
1374
1459
1554
1632
1680
1688
1684
1659
1616
1570
1520
1476
1436
1393
1336
1263
1185
1117
1068
1022
960
872
773
691
630
569
467
302
103
-78
-190
-246
-305
-424
-608
-802
-937
-988
-994
-1031
-1139
-1288
-1408
-1456
-1444
-1422
-1435
-1468
-1477
-1419
-1311
-1211
-1162
-1169
-1196
-1211
-1202
-1186
-1175
-1162
-1133
-1078
-1008
-944
-901
-879
-857
-816
-742
-648
-552
-492
-471
-466
-440
-380
-302
-238
-209
-188
-143
-46
89
219
298
323
334
383
491
640
788
914
1011
1104
1204
1303
1377
1407
1404
1392
1402
1452
1519
1568
1567
1514
1442
1389
1372
1376
1370
1337
1283
1221
1166
1107
1040
977
932
915
909
875
797
671
525
388
264
149
28
-94
-204
-298
-381
-472
-586
-723
-855
-963
-1028
-1058
-1074
-1108
-1171
-1262
-1356
-1410
-1416
-1373
-1315
-1295
-1315
-1361
-1400
-1406
-1398
-1400
-1414
-1419
-1379
-1293
-1191
-1117
-1097
-1110
-1112
-1075
-990
-886
-794
-720
-660
-599
-525
-450
-378
-320
-261
-184
-69
59
179
268
322
377
455
570
698
821
928
1020
1113
1205
1294
1371
1429
1485
1543
1598
1644
1665
1665
1647
1616
1579
1541
1497
1449
1395
1342
1292
1238
1183
1128
1062
994
925
863
816
768
708
626
521
409
302
197
85
-37
-160
-280
-389
-490
-582
-672
-760
-851
-944
-1029
-1093
-1135
-1166
-1200
-1247
-1291
-1314
-1312
-1288
-1274
-1278
-1291
-1305
-1310
-1310
-1318
-1330
-1338
-1326
-1287
-1237
-1184
-1139
-1106
-1078
-1059
-1046
-1021
-987
-927
-847
-764
-694
-644
-609
-574
-529
-477
-414
-336
-237
-123
-5
110
210
297
381
476
590
724
860
987
1101
1204
1302
1399
1487
1560
1616
1664
1712
1759
1797
1813
1808
1790
1774
1760
1750
1730
1697
1651
1596
1544
1493
1432
1365
1282
1185
1077
963
838
705
566
429
295
158
21
-124
-269
-408
-532
-642
-743
-840
-934
-1027
-1114
-1203
-1291
-1368
-1428
-1467
-1486
-1492
-1494
-1501
-1512
-1527
-1544
-1565
-1584
-1598
-1600
-1589
-1562
-1524
-1483
-1439
-1393
-1344
-1291
-1232
-1168
-1101
-1023
-936
-847
-757
-671
-590
-510
-432
-349
-263
-180
-94
-5
87
183
277
368
459
553
649
748
848
944
1033
1118
1196
1267
1331
1387
1436
1480
1516
1544
1563
1577
1584
1586
1587
1583
1568
1547
1517
1480
1440
1397
1347
1290
1230
1165
1092
1015
934
847
757
660
561
461
360
253
142
33
-82
-196
-307
-411
-508
-602
-690
-770
-846
-921
-992
-1057
-1121
-1179
-1228
-1264
-1293
-1322
-1346
-1375
-1399
-1418
-1438
-1450
-1452
-1447
-1426
-1402
-1379
-1357
-1338
-1311
-1282
-1251
-1211
-1163
-1106
-1042
-978
-907
-833
-757
-677
-599
-515
-426
-333
-233
-134
-40
60
163
267
368
469
568
668
766
859
953
1040
1121
1196
1255
1309
1361
1405
1444
1471
1493
1519
1536
1545
1541
1520
1499
1476
1449
1416
1367
1313
1258
1192
1118
1034
941
848
756
666
571
469
364
254
148
40
-68
-174
-277
-372
-462
-547
-625
-705
-772
-835
-889
-929
-968
-999
-1018
-1032
-1038
-1047
-1064
-1075
-1083
-1081
-1073
-1073
-1073
-1069
-1059
-1038
-1023
-1010
-992
-975
-941
-906
-872
-835
-798
-753
-703
-655
-607
-557
-503
-445
-388
-333
-274
-214
-154
-93
-31
33
102
174
245
315
379
441
502
564
631
696
756
806
843
883
938
991
1038
1062
1068
1080
1094
1118
1142
1141
1126
1094
1058
1034
1008
988
956
897
827
756
700
663
613
537
440
341
262
204
153
88
0
-97
-183
-245
-287
-331
-392
-472
-550
-613
-648
-661
-685
-722
-771
-813
-829
-832
-835
-843
-864
-883
-887
-877
-859
-842
-835
-832
-828
-810
-773
-731
-689
-667
-654
-634
-596
-542
-480
-431
-390
-356
-323
-278
-226
-171
-117
-67
-20
28
73
122
170
215
257
301
348
399
448
489
527
556
579
612
647
686
728
753
761
753
747
760
779
802
809
791
765
737
712
694
673
647
618
581
546
503
454
405
353
303
257
216
176
129
73
12
-46
-96
-132
-161
-196
-238
-286
-336
-381
-417
-444
-463
-481
-503
-525
-551
-575
-596
-615
-620
-620
-615
-611
-620
-628
-635
-634
-616
-597
-582
-569
-557
-542
-526
-508
-485
-462
-436
-400
-367
-332
-299
-273
-245
-212
-176
-133
-85
-41
-1
35
69
107
146
185
224
261
300
339
371
405
437
465
492
513
535
557
577
597
609
621
631
634
635
630
621
614
605
593
578
557
536
512
486
456
422
384
349
314
280
244
206
166
124
83
37
-4
-46
-87
-127
-167
-202
-236
-269
-299
-329
-358
-380
-403
-424
-443
-462
-472
-481
-493
-499
-505
-507
-506
-504
-500
-497
-491
-481
-474
-464
-453
-441
-424
-405
-391
-372
-353
-333
-312
-294
-274
-252
-229
-204
-177
-150
-124
-96
-68
-38
-11
18
46
75
103
129
160
189
216
240
265
291
315
339
357
375
397
412
429
440
450
463
474
486
492
491
491
489
487
481
468
458
444
427
413
391
366
343
315
288
258
225
193
160
126
92
54
19
-17
-49
-81
-112
-142
-172
-200
-227
-250
-272
-293
-312
-328
-342
-351
-357
-366
-371
-377
-379
-378
-377
-374
-370
-364
-355
-348
-342
-333
-326
-314
-306
-298
-282
-266
-248
-229
-217
-207
-197
-184
-165
-145
-124
-102
-83
-66
-51
-36
-21
-6
12
32
51
75
98
117
133
147
158
173
191
210
231
247
262
276
286
294
301
310
317
324
330
336
337
333
328
326
323
319
313
306
297
286
275
260
247
230
209
188
170
152
131
111
87
61
39
19
0
-21
-45
-72
-95
-115
-128
-143
-161
-179
-195
-212
-225
-235
-243
-250
-260
-270
-277
-283
-282
-283
-281
-283
-288
-286
-282
-278
-272
-264
-259
-254
-244
-229
-215
-201
-192
-183
-168
-157
-141
-125
-111
-94
-81
-72
-60
-44
-25
-10
3
13
25
38
53
67
83
94
103
109
117
131
140
150
153
155
162
166
174
178
174
175
174
176
177
174
170
166
162
161
158
151
148
143
137
131
122
118
114
106
101
89
82
79
73
65
51
41
33
26
18
10
2
-6
-15
-22
-30
-38
-47
-57
-64
-72
-77
-80
-86
-91
-95
-98
-99
-102
-107
-109
-110
-111
-110
-111
-109
-107
-103
-102
-99
-95
-93
-90
-85
-79
-73
-69
-65
-64
-62
-57
-51
-42
-37
-33
-28
-21
-18
-13
-10
-7
-3
3
11
19
24
27
28
31
35
40
45
49
54
59
62
63
62
63
67
69
71
70
70
72
72
71
70
69
68
67
65
66
63
60
56
52
55
55
50
48
40
35
34
32
29
25
20
17
13
8
5
2
-2
-5
-7
-9
-11
-16
-17
-18
-21
-20
-23
-27
-30
-30
-31
-32
-34
-37
-39
-41
-43
-45
-46
-45
-44
-45
-46
-48
-48
-46
-44
-42
-44
-46
-46
-44
-42
-40
-40
-41
-41
-42
-41
-39
-38
-38
-34
-36
-34
-31
-27
-24
-23
-19
-16
-13
-9
-7
-3
-1
1
6
11
17
21
22
24
26
30
35
41
46
49
51
54
58
60
64
68
69
69
67
67
70
72
69
67
62
59
57
56
54
53
50
45
39
34
30
31
29
26
19
16
11
5
3
1
-2
-8
-12
-17
-20
-23
-25
-25
-30
-36
-40
-44
-44
-44
-44
-44
-45
-48
-47
-47
-46
-45
-44
-45
-45
-44
-41
-42
-38
-34
-33
-32
-32
-33
-32
-29
-23
-19
-19
-19
-20
-19
-17
-14
-7
-5
-2
-2
-1
2
4
6
7
11
14
13
13
14
15
16
19
22
22
24
23
24
28
29
30
29
29
29
29
30
30
29
30
30
29
27
26
24
22
20
18
18
17
15
17
16
16
13
10
10
11
10
7
6
5
3
3
3
0
-2
-3
-3
-2
-5
-7
-11
-14
-14
-15
-16
-16
-20
-21
-20
-22
-23
-23
-25
-25
-25
-25
-24
-26
-26
-27
-27
-25
-23
-23
-21
-19
-20
-19
-17
-17
-17
-16
-13
-11
-10
-7
-6
-5
-7
-6
-3
2
3
6
8
8
11
10
12
16
16
18
17
20
20
21
23
24
25
24
22
22
23
24
24
23
21
21
22
22
20
19
19
19
18
19
19
17
17
18
18
17
15
14
15
13
11
11
8
5
4
2
0
0
-1
-3
-4
-7
-11
-13
-15
-16
-18
-19
-20
-22
-23
-24
-25
-26
-29
-29
-30
-32
-31
-32
-31
-32
-33
-33
-33
-34
-33
-33
-31
-29
-26
-25
-24
-23
-23
-20
-17
-15
-16
-16
-15
-12
-9
-6
-4
-4
-4
-2
0
4
7
9
11
14
18
19
22
26
27
30
32
34
35
38
40
40
44
44
44
43
41
42
44
43
43
42
40
38
35
34
32
29
26
24
20
18
15
11
8
4
1
-1
-4
-7
-9
-14
-14
-14
-15
-16
-19
-20
-21
-22
-22
-23
-24
-25
-25
-24
-23
-25
-28
-30
-30
-30
-31
-34
-33
-33
-34
-35
-34
-34
-34
-32
-34
-34
-33
-30
-27
-25
-25
-25
-23
-19
-16
-15
-14
-11
-8
-3
1
4
5
5
7
14
19
22
21
21
20
23
27
29
30
31
31
31
32
32
31
31
29
29
