7
8
4
0
-4
-8
-12
-12
-10
-2
3
2
3
3
-1
0
0
0
-2
-3
-3
-3
-3
-3
-3
-4
-3
-2
-2
-1
-1
-2
-1
2
3
0
-2
1
0
0
-4
-4
-4
-5
-5
-4
-1
2
7
9
6
3
-2
-6
-4
-5
-4
-3
-3
-1
-1
2
4
5
5
5
5
4
4
6
5
2
0
-1
-1
0
3
4
3
7
10
13
11
12
11
10
6
4
5
6
5
0
-4
-6
-6
-6
-8
-9
-8
-5
-3
0
0
-1
1
-1
-4
-6
-10
-12
-13
-14
-10
-7
-7
-7
-7
-10
-8
-7
-6
-6
-9
-9
-7
-5
-5
-9
-7
-7
-6
-2
0
4
8
8
7
6
0
-3
-5
0
5
9
14
15
14
13
10
8
9
8
9
9
7
6
6
3
4
6
7
8
9
11
12
11
11
9
6
4
3
6
11
14
13
7
3
1
-1
2
1
2
3
0
-4
-10
-16
-18
-24
-33
-29
-21
-13
-3
7
13
23
29
31
39
39
32
26
11
-5
-29
-58
-89
-123
-165
-232
-284
-327
-367
-396
-469
-510
-507
-512
-484
-485
-482
-424
-364
-290
-221
-163
-83
-7
64
134
213
289
346
402
444
510
592
634
678
709
749
827
858
874
887
887
937
948
912
882
821
792
761
673
591
497
413
353
267
185
111
32
-36
-105
-177
-233
-286
-344
-397
-461
-529
-586
-653
-723
-783
-843
-884
-904
-903
-862
-789
-685
-531
-342
-136
88
312
524
704
819
865
831
698
462
148
-235
-667
-1129
-1593
-2014
-2383
-2688
-2888
-2973
-2958
-2842
-2636
-2346
-1990
-1603
-1193
-754
-329
61
425
752
1030
1250
1417
1545
1644
1703
1744
1799
1859
1920
1996
2097
2216
2327
2419
2504
2560
2552
2487
2375
2205
1970
1671
1336
984
609
228
-121
-432
-698
-909
-1053
-1119
-1127
-1091
-1009
-899
-779
-663
-564
-485
-443
-439
-469
-527
-614
-720
-835
-949
-1051
-1145
-1216
-1255
-1272
-1261
-1228
-1173
-1096
-1003
-893
-770
-645
-516
-384
-260
-155
-64
18
83
126
151
189
248
315
399
538
732
956
1185
1425
1680
1894
2011
2036
1982
1816
1497
1046
524
-54
-712
-1402
-2031
-2573
-3037
-3400
-3602
-3627
-3527
-3329
-2996
-2545
-2040
-1520
-973
-411
114
570
971
1327
1602
1781
1899
1974
1995
1972
1933
1900
1874
1853
1855
1898
1954
2014
2080
2139
2171
2162
2105
2004
1842
1611
1334
1026
688
333
-11
-327
-601
-828
-996
-1088
-1118
-1099
-1036
-937
-812
-686
-581
-500
-441
-422
-450
-521
-621
-743
-891
-1054
-1208
-1344
-1467
-1572
-1643
-1672
-1668
-1644
-1599
-1520
-1410
-1277
-1122
-944
-759
-578
-400
-212
-25
129
237
323
401
459
503
566
648
730
828
1004
1256
1515
1748
1990
2223
2376
2418
2378
2239
1928
1433
859
273
-383
-1112
-1803
-2386
-2894
-3319
-3564
-3594
-3505
-3361
-3090
-2650
-2132
-1613
-1058
-459
105
586
1030
1459
1797
1985
2069
2116
2110
2028
1915
1810
1708
1599
1521
1515
1568
1630
1681
1733
1794
1849
1852
1797
1698
1537
1296
1006
718
428
87
-287
-616
-853
-1032
-1171
-1229
-1206
-1149
-1072
-942
-770
-624
-529
-459
-408
-413
-477
-572
-688
-833
-1018
-1219
-1408
-1572
-1705
-1802
-1870
-1918
-1932
-1894
-1800
-1673
-1532
-1371
-1173
-939
-682
-419
-157
100
344
570
756
892
985
1041
1064
1071
1077
1072
1075
1168
1370
1605
1793
1988
2245
2475
2579
2580
2507
2268
1803
1222
651
21
-774
-1624
-2351
-2950
-3488
-3892
-4054
-4036
-3953
-3761
-3337
-2756
-2173
-1603
-976
-341
204
689
1188
1642
1937
2087
2200
2287
2285
2196
2076
1949
1789
1613
1496
1479
1507
1531
1559
1629
1738
1830
1863
1849
1789
1636
1395
1122
868
613
303
-26
-298
-511
-699
-838
-903
-919
-941
-969
-937
-853
-790
-775
-795
-843
-923
-1040
-1171
-1305
-1468
-1669
-1871
-2037
-2158
-2254
-2340
-2404
-2432
-2427
-2366
-2229
-2035
-1813
-1566
-1272
-918
-523
-101
323
714
1033
1287
1507
1696
1818
1844
1813
1764
1702
1650
1671
1794
1955
2074
2183
2374
2596
2731
2741
2666
2472
2070
1493
879
257
-501
-1388
-2236
-2946
-3547
-4045
-4338
-4403
-4351
-4222
-3909
-3359
-2708
-2067
-1406
-708
-50
530
1087
1631
2051
2281
2398
2479
2504
2436
2300
2139
1947
1727
1546
1455
1436
1415
1373
1361
1407
1477
1507
1494
1436
1315
1119
893
687
472
205
-91
-343
-522
-656
-753
-803
-813
-823
-833
-816
-771
-745
-779
-850
-925
-1021
-1148
-1291
-1432
-1581
-1752
-1919
-2060
-2167
-2267
-2346
-2381
-2355
-2291
-2188
-2014
-1764
-1453
-1113
-731
-309
125
556
977
1378
1700
1927
2074
2165
2187
2110
1992
1836
1655
1477
1389
1417
1486
1556
1641
1834
2025
2148
2203
2190
2042
1664
1160
614
31
-718
-1587
-2361
-3049
-3655
-4152
-4404
-4454
-4418
-4250
-3871
-3229
-2557
-1883
-1149
-415
260
859
1455
1964
2288
2413
2456
2475
2367
2171
1932
1664
1359
1074
902
825
791
740
764
863
1009
1178
1341
1460
1489
1474
1416
1346
1223
1033
811
544
289
89
-48
-170
-303
-399
-468
-491
-510
-507
-496
-547
-648
-767
-870
-1011
-1185
-1387
-1586
-1780
-1998
-2175
-2289
-2359
-2411
-2448
-2414
-2316
-2154
-1967
-1714
-1374
-1019
-638
-241
205
645
1040
1378
1659
1874
1947
1948
1895
1781
1627
1416
1202
984
883
946
1106
1263
1376
1615
1901
2121
2240
2297
2228
1866
1307
725
161
-589
-1541
-2430
-3176
-3835
-4410
-4723
-4764
-4700
-4554
-4179
-3506
-2761
-2036
-1251
-424
320
930
1512
2052
2413
2538
2547
2529
2409
2174
1900
1637
1370
1099
898
818
832
881
957
1099
1320
1589
1834
2014
2145
2222
2211
2109
1954
1755
1469
1088
696
371
86
-199
-453
-638
-771
-893
-982
-996
-986
-1009
-1061
-1097
-1121
-1186
-1304
-1440
-1583
-1763
-1987
-2198
-2360
-2492
-2614
-2689
-2665
-2557
-2404
-2199
-1901
-1528
-1132
-728
-286
192
651
1056
1422
1740
1963
2054
2046
1976
1817
1558
1255
975
724
524
464
569
766
973
1252
1654
2060
2330
2468
2527
2389
1963
1364
735
3
-968
-2031
-2943
-3689
-4377
-4921
-5130
-5074
-4919
-4616
-3993
-3128
-2276
-1471
-610
273
1017
1608
2148
2596
2804
2772
2672
2548
2321
1983
1629
1316
1012
760
649
688
801
951
1169
1482
1860
2239
2571
2820
2981
3043
2988
2817
2556
2205
1730
1167
608
102
-383
-849
-1229
-1491
-1671
-1789
-1800
-1698
-1564
-1455
-1359
-1252
-1190
-1224
-1331
-1475
-1671
-1956
-2273
-2543
-2765
-2962
-3124
-3177
-3121
-3000
-2795
-2477
-2036
-1560
-1075
-550
10
576
1071
1529
1900
2146
2244
2220
2170
2005
1736
1369
1028
760
530
454
530
774
1027
1318
1758
2270
2730
2978
3135
3138
2870
2349
1682
980
30
-1116
-2243
-3188
-3993
-4741
-5187
-5319
-5239
-5035
-4585
-3794
-2915
-2059
-1209
-278
592
1267
1853
2352
2699
2755
2653
2513
2292
1965
1553
1207
899
623
420
370
490
647
861
1145
1554
1991
2359
2676
2933
3122
3124
2998
2805
2515
2065
1452
866
309
-255
-834
-1330
-1662
-1944
-2148
-2222
-2122
-1974
-1859
-1701
-1511
-1334
-1263
-1245
-1258
-1364
-1565
-1846
-2100
-2337
-2571
-2767
-2894
-2893
-2823
-2656
-2363
-1955
-1454
-962
-420
162
742
1284
1724
2157
2470
2636
2656
2548
2421
2131
1774
1350
942
619
286
166
179
385
653
930
1414
1911
2419
2722
2904
2978
2721
2247
1562
864
-60
-1222
-2337
-3330
-4129
-4912
-5409
-5555
-5525
-5335
-4948
-4162
-3266
-2428
-1584
-675
233
920
1517
2046
2415
2503
2390
2292
2128
1844
1453
1102
851
628
500
526
718
950
1194
1546
2033
2560
2979
3319
3603
3771
3767
3618
3409
3057
2491
1807
1139
529
-98
-710
-1216
-1607
-1915
-2131
-2168
-2078
-1968
-1870
-1736
-1538
-1394
-1332
-1339
-1405
-1554
-1796
-2033
-2267
-2506
-2757
-2957
-3037
-3027
-2925
-2738
-2418
-1993
-1520
-1003
-455
121
645
1104
1516
1864
2083
2141
2089
1985
1820
1528
1169
814
536
295
162
235
481
777
1062
1501
2068
2572
2874
3040
3115
2895
2367
1710
1028
147
-1022
-2162
-3092
-3863
-4598
-5091
-5201
-5128
-4960
-4583
-3836
-2951
-2162
-1379
-515
343
1011
1565
2089
2459
2561
2470
2380
2245
1974
1609
1270
1007
754
588
599
765
966
1179
1496
1947
2423
2816
3140
3401
3553
3527
3380
3178
2851
2325
1660
1028
432
-207
-852
-1388
-1780
-2128
-2386
-2468
-2402
-2303
-2206
-2017
-1789
-1621
-1554
-1535
-1548
-1660
-1849
-2067
-2278
-2494
-2706
-2840
-2885
-2834
-2726
-2543
-2262
-1870
-1394
-900
-384
143
670
1145
1577
1961
2229
2334
2292
2192
2067
1828
1516
1182
898
659
542
638
892
1161
1396
1794
2267
2696
2949
3065
3084
2773
2179
1530
843
-45
-1208
-2344
-3258
-4051
-4807
-5278
-5386
-5354
-5194
-4804
-4020
-3126
-2334
-1500
-608
219
876
1447
1975
2295
2329
2251
2190
2012
1701
1357
1063
815
519
390
489
668
846
1056
1449
1941
2366
2715
3068
3373
3489
3468
3369
3234
2930
2403
1840
1263
678
69
-522
-1002
-1410
-1752
-1966
-2015
-1981
-1902
-1785
-1647
-1483
-1385
-1312
-1277
-1359
-1520
-1728
-1951
-2202
-2473
-2721
-2867
-2968
-3023
-2951
-2785
-2497
-2125
-1670
-1146
-615
-95
440
968
1426
1818
2068
2211
2238
2163
2093
1918
1668
1333
1018
780
633
640
765
999
1150
1433
1861
2329
2690
2794
2847
2684
2235
1636
1015
292
-768
-1944
-2959
-3692
-4402
-5016
-5263
-5297
-5164
-4925
-4320
-3421
-2597
-1820
-977
-93
641
1230
1757
2182
2339
2240
2177
2040
1778
1435
1097
891
616
415
431
602
793
968
1283
1746
2253
2652
3028
3377
3588
3679
3608
3479
3227
2768
2197
1576
972
352
-272
-847
-1299
-1625
-1860
-1972
-2015
-1953
-1820
-1683
-1517
-1391
-1294
-1276
-1356
-1494
-1658
-1874
-2160
-2432
-2691
-2854
-2983
-3050
-2975
-2824
-2568
-2220
-1793
-1307
-795
-298
214
724
1180
1602
1885
2026
2106
2042
1964
1802
1523
1223
878
623
452
452
580
863
1098
1338
1829
2310
2787
2974
3022
3013
2629
2042
1384
716
-242
-1442
-2559
-3379
-4033
-4775
-5138
-5178
-5076
-4856
-4448
-3565
-2664
-1914
-1127
-249
560
1110
1597
2028
2283
2186
1990
1873
1604
1248
849
597
398
134
65
226
532
788
1094
1583
2131
2589
2928
3297
3600
3699
3597
3400
3195
2804
2219
1578
983
428
-182
-738
-1143
-1418
-1633
-1783
-1775
-1653
-1498
-1382
-1271
-1141
-1060
-1044
-1136
-1292
-1501
-1767
-2071
-2391
-2655
-2852
-2985
-3077
-3056
-2894
-2640
-2277
-1856
-1356
-806
-293
254
775
1237
1679
1983
2165
2226
2162
2084
1896
1594
1247
913
610
375
284
350
625
835
1093
1535
2000
2477
2669
2765
2778
2461
1920
1264
602
-300
-1428
-2541
-3387
-4083
-4809
-5205
-5312
-5183
-4948
-4529
-3665
-2773
-1976
-1175
-287
564
1167
1645
2063
2310
2225
2063
1928
1688
1341
915
664
473
280
267
429
710
986
1318
1807
2366
2824
3194
3500
3703
3773
3658
3463
3159
2716
2146
1533
940
347
-205
-735
-1133
-1427
-1628
-1703
-1709
-1603
-1454
-1295
-1169
-1086
-1039
-1067
-1158
-1358
-1578
-1845
-2175
-2477
-2745
-2905
-3013
-3107
-3080
-2916
-2644
-2289
-1866
-1353
-783
-266
247
794
1296
1698
1957
2074
2162
2083
1915
1711
1368
1057
682
394
226
144
248
490
782
1080
1559
2048
2556
2835
2919
3003
2687
2157
1460
689
-187
-1370
-2560
-3506
-4258
-4953
-5368
-5499
-5358
-5049
-4640
-3798
-2850
-1963
-1063
-226
618
1308
1817
2227
2429
2363
2182
1964
1646
1288
874
558
354
157
178
374
678
1035
1423
1958
2510
2991
3365
3670
3861
3864
3738
3464
3093
2592
1990
1365
737
152
-378
-822
-1188
-1424
-1516
-1528
-1460
-1348
-1193
-1005
-896
-831
-792
-843
-970
-1227
-1513
-1777
-2107
-2428
-2710
-2907
-3017
-3103
-3057
-2864
-2616
-2303
-1935
-1456
-917
-431
39
540
977
1337
1603
1740
1853
1728
1519
1311
1003
737
343
55
-114
-173
-43
257
673
1033
1560
2106
2724
3110
3240
3363
3086
2567
1823
1048
179
-1070
-2334
-3365
-4119
-4853
-5378
-5524
-5377
-5046
-4627
-3751
-2721
-1792
-911
-58
838
1505
1959
2330
2500
2397
2135
1889
1596
1214
778
476
324
179
225
484
895
1322
1724
2267
2876
3362
3691
3900
4019
3941
3640
3230
2775
2199
1495
778
136
-392
-875
-1263
-1500
-1621
-1620
-1543
-1388
-1186
-993
-817
-723
-695
-740
-854
-1068
-1386
-1737
-2087
-2427
-2764
-3039
-3211
-3273
-3281
-3190
-2979
-2650
-2258
-1826
-1325
-774
-231
241
714
1153
1531
1766
1839
1863
1756
1589
1319
1024
760
451
216
59
146
382
740
1116
1532
2102
2633
3137
3373
3461
3364
2890
2227
1390
513
-559
-1839
-3032
-3971
-4687
-5252
-5503
-5491
-5190
-4747
-4059
-3043
-2052
-1078
-213
597
1317
1820
2210
2431
2370
2080
1744
1403
1046
633
266
101
-27
-15
205
626
1166
1599
2079
2642
3171
3542
3710
3781
3706
3391
2914
2420
1892
1260
579
-26
-440
-807
-1074
-1182
-1182
-1084
-973
-763
-521
-363
-262
-212
-236
-391
-655
-937
-1282
-1710
-2152
-2498
-2775
-3044
-3258
-3325
-3243
-3125
-2938
-2635
-2239
-1815
-1388
-891
-363
132
576
987
1356
1618
1763
1789
1713
1565
1332
1066
752
473
294
180
263
489
895
1311
1716
2233
2746
3171
3352
3357
3141
2598
1819
958
54
-1062
-2288
-3403
-4266
-4920
-5406
-5486
-5304
-4933
-4429
-3647
-2583
-1573
-678
134
893
1485
1845
2097
2240
2131
1775
1385
1077
790
467
174
98
108
231
510
985
1574
2038
2444
2853
3232
3424
3392
3217
2922
2445
1838
1249
728
223
-257
-603
-745
-763
-687
-490
-169
137
381
593
779
816
663
450
159
-248
-811
-1335
-1781
-2227
-2659
-2973
-3105
-3201
-3244
-3145
-2876
-2575
-2338
-2039
-1692
-1321
-1025
-694
-354
-68
184
384
687
893
1049
1097
1099
1106
992
928
811
770
706
702
926
1253
1691
1964
2331
2695
2944
3018
2867
2710
2158
1349
412
-424
-1284
-2410
-3401
-4163
-4652
-5077
-5218
-4896
-4416
-3895
-3328
-2410
-1454
-701
-85
486
1012
1210
1311
1411
1452
1296
1027
931
901
873
844
981
1227
1458
1735
2111
2559
2846
2989
3058
3083
2930
2552
2093
1596
1040
388
-173
-524
-736
-871
-862
-564
-114
336
778
1286
1761
2001
2026
1923
1694
1212
540
-147
-809
-1496
-2205
-2738
-3053
-3232
-3314
-3238
-2974
-2693
-2421
-2137
-1797
-1545
-1449
-1404
-1370
-1356
-1433
-1447
-1373
-1247
-1096
-880
-498
-110
274
627
1014
1361
1597
1816
2011
2195
2260
2373
2540
2698
2735
2690
2693
2591
2341
1929
1498
946
175
-657
-1395
-2019
-2714
-3370
-3803
-3983
-4041
-3984
-3669
-3199
-2728
-2332
-1844
-1289
-847
-553
-330
-101
42
130
280
507
727
904
1166
1537
1944
2306
2663
3011
3249
3340
3342
3310
3136
2745
2195
1620
1036
369
-302
-846
-1230
-1527
-1695
-1582
-1195
-670
-114
549
1305
1998
2506
2826
3011
2956
2612
2035
1354
605
-248
-1102
-1846
-2388
-2766
-2994
-3012
-2833
-2491
-2104
-1691
-1306
-1010
-840
-832
-932
-1185
-1535
-1945
-2340
-2647
-2850
-2851
-2690
-2347
-1848
-1197
-406
394
1191
1889
2490
2966
3286
3473
3473
3392
3265
3087
2846
2531
2273
1982
1624
1215
808
391
-191
-823
-1393
-1871
-2360
-2873
-3228
-3440
-3541
-3543
-3365
-3025
-2719
-2442
-2145
-1798
-1501
-1314
-1133
-981
-857
-716
-442
-23
394
841
1375
2023
2646
3183
3701
4137
4380
4361
4202
3961
3510
2796
1923
1053
206
-670
-1450
-2015
-2358
-2545
-2531
-2175
-1559
-821
-57
771
1622
2346
2909
3284
3444
3299
2889
2318
1619
815
-43
-830
-1506
-2044
-2378
-2479
-2379
-2186
-1896
-1527
-1144
-860
-742
-736
-849
-1089
-1454
-1894
-2329
-2757
-3123
-3361
-3398
-3197
-2828
-2287
-1586
-729
211
1123
1982
2694
3236
3579
3755
3806
3725
3624
3474
3268
2970
2647
2373
2003
1532
944
344
-349
-1185
-1981
-2663
-3201
-3784
-4252
-4482
-4452
-4235
-3890
-3295
-2656
-2068
-1626
-1192
-809
-631
-621
-739
-829
-947
-942
-722
-286
277
927
1767
2723
3697
4554
5271
5748
5859
5621
5110
4392
3380
2094
726
-581
-1743
-2749
-3461
-3783
-3788
-3510
-2939
-2006
-871
274
1323
2266
3049
3524
3708
3622
3305
2737
1983
1217
507
-122
-650
-1042
-1277
-1397
-1390
-1249
-1076
-941
-893
-880
-938
-1141
-1429
-1745
-2066
-2456
-2835
-3060
-3135
-3158
-3178
-3036
-2707
-2287
-1825
-1297
-651
-36
562
1176
1782
2314
2647
2988
3306
3686
4085
4419
4646
4528
4269
3809
3205
2319
1151
-139
-1589
-2968
-4184
-5000
-5570
-5925
-5988
-5666
-4907
-3951
-2785
-1628
-622
36
352
462
307
-104
-755
-1401
-1911
-2152
-2015
-1434
-442
763
2108
3487
4842
5984
6777
7148
7017
6397
5355
4069
2644
1156
-320
-1630
-2635
-3286
-3569
-3498
-3101
-2517
-1852
-1158
-435
255
781
1112
1292
1400
1445
1437
1430
1458
1499
1511
1517
1553
1578
1483
1202
782
263
-339
-1007
-1663
-2225
-2695
-3053
-3245
-3195
-2937
-2575
-2207
-1856
-1562
-1373
-1322
-1395
-1528
-1739
-1951
-2134
-2158
-1987
-1607
-1051
-392
417
1289
2274
3255
4274
5261
6026
6475
6456
6127
5399
4335
2963
1393
-258
-1980
-3513
-4734
-5496
-5945
-6077
-5873
-5361
-4582
-3669
-2608
-1636
-924
-582
-520
-623
-901
-1244
-1564
-1726
-1714
-1410
-717
327
1535
2699
3777
4639
5199
5386
5264
4843
4094
3156
2210
1448
816
329
10
-137
-185
-218
-194
-207
-355
-733
-1210
-1647
-1988
-2194
-2221
-1991
-1552
-919
-108
855
1834
2643
3215
3520
3565
3332
2868
2219
1420
512
-384
-1120
-1665
-2022
-2234
-2275
-2181
-2073
-1932
-1779
-1653
-1645
-1803
-1970
-2093
-2199
-2256
-2228
-2075
-1866
-1689
-1393
-984
-563
-207
30
339
754
1249
2023
2987
3987
4777
5192
5437
5377
4910
4063
2851
1394
-296
-2019
-3348
-4288
-4970
-5407
-5567
-5277
-4724
-4004
-3034
-2156
-1580
-1444
-1573
-1645
-1769
-1883
-1810
-1532
-1000
-248
809
2202
3488
4447
5029
5200
5016
4396
3527
2585
1499
452
-320
-642
-496
-164
325
910
1383
1678
1714
1562
1181
456
-431
-1224
-1744
-1970
-1952
-1640
-1054
-378
280
950
1566
1970
2007
1781
1494
1155
769
449
235
104
-9
-92
-18
42
-53
-304
-730
-1211
-1746
-2256
-2565
-2784
-2857
-2733
-2465
-1946
-1424
-910
-505
-351
-296
-378
-522
-722
-990
-1175
-1126
-810
49
1212
2491
3600
4253
4619
4425
3830
2862
1577
150
-1334
-2510
-3111
-3223
-2996
-2580
-2146
-1644
-1279
-977
-759
-879
-1327
-2132
-2946
-3479
-3643
-3324
-2567
-1527
-245
1141
2583
3970
4920
5335
5117
4352
3320
2199
1219
486
-127
-481
-547
-304
242
768
1194
1346
1119
728
287
-49
-252
-468
-522
-383
-32
578
1211
1758
2001
1814
1404
835
264
-269
-800
-1207
-1426
-1363
-969
-400
146
496
522
305
-75
-517
-941
-1393
-1832
-2153
-2200
-1907
-1356
-721
-158
212
297
183
-63
-373
-733
-1181
-1560
-1766
-1751
-1477
-1056
-441
273
1051
1860
2516
2888
2781
2206
1281
224
-813
-1602
-2138
-2390
-2325
-1973
-1272
-556
25
307
274
16
-392
-739
-932
-1086
-1304
-1483
-1498
-1174
-667
-20
681
1220
1598
1787
1991
2231
2321
2238
2015
1758
1599
1485
1481
1467
1255
890
411
30
-235
-484
-678
-853
-943
-835
-541
-14
537
928
1195
1319
1469
1576
1575
1475
1137
684
238
-68
-157
-206
-295
-411
-551
-604
-615
-627
-724
-1072
-1549
-2037
-2338
-2373
-2244
-1997
-1713
-1408
-1007
-526
-21
420
608
608
446
220
76
-34
-74
-128
-207
-240
-204
-124
92
416
910
1447
1840
2048
1879
1330
415
-682
-1705
-2557
-3163
-3399
-3232
-2693
-1949
-1217
-568
-188
-86
-162
-252
-192
-75
45
148
241
402
679
1066
1516
1840
1973
1925
1787
1726
1756
1851
1878
1753
1542
1316
1139
1001
825
554
149
-321
-692
-857
-811
-668
-541
-445
-338
-162
97
378
606
758
862
976
1133
1309
1415
1326
1016
600
226
-58
-287
-507
-691
-835
-923
-920
-865
-872
-1114
-1606
-2176
-2616
-2774
-2656
-2305
-1811
-1271
-719
-189
316
701
825
678
321
-31
-213
-162
93
369
556
651
686
797
1046
1414
1874
2107
2061
1684
1075
307
-621
-1551
-2354
-2947
-3272
-3243
-2885
-2335
-1942
-1817
-1912
-2076
-2107
-1902
-1328
-510
302
915
1328
1618
1801
1863
1836
1796
1730
1729
1837
2152
2535
2818
2870
2665
2226
1583
867
209
-295
-652
-765
-607
-211
225
563
764
777
586
261
-12
-125
-89
27
298
694
1075
1273
1249
1073
718
195
-319
-587
-586
-441
-322
-164
-41
-66
-301
-694
-1110
-1613
-2187
-2671
-2869
-2734
-2356
-1885
-1363
-947
-715
-595
-558
-456
-381
-294
-180
-40
221
575
941
1156
1070
731
291
-133
-166
205
988
1778
2235
2317
1967
1243
249
-819
-1773
-2500
-3003
-3036
-2626
-1998
-1464
-1332
-1486
-1853
-2205
-2256
-1878
-1160
-390
208
607
862
962
1009
999
1027
1099
1300
1727
2330
2974
3431
3579
3343
2756
1958
1123
348
-288
-690
-769
-538
-110
416
885
1174
1214
1077
900
809
828
982
1250
1557
1829
1928
1807
1373
679
-134
-860
-1354
-1512
-1353
-1043
-713
-535
-499
-629
-919
-1316
-1718
-2068
-2314
-2401
-2216
-1778
-1394
-1144
-1034
-1007
-1063
-1213
-1281
-1135
-903
-634
-351
-2
429
676
749
674
439
128
-133
-330
-198
177
857
1665
2067
2111
1641
792
-228
-1228
-1957
-2244
-2285
-2071
-1628
-1253
-935
-989
-1264
-1657
-2065
-2067
-1505
-513
627
1561
1977
1906
1327
638
65
-264
-247
78
726
1508
2319
2915
3222
3019
2320
1389
444
-202
-452
-301
78
590
964
1180
1177
969
730
444
364
562
1035
1700
2366
2860
3073
2881
2314
1566
745
57
-426
-635
-560
-405
-307
-382
-710
-1252
-1904
-2469
-2819
-2923
-2792
-2475
-2104
-1795
-1601
-1537
-1566
-1672
-1759
-1695
-1435
-1004
-581
-190
59
161
112
-83
-209
-279
-263
-198
-55
114
294
573
966
1557
1841
1680
1099
261
-516
-1158
-1513
-1566
-1416
-1304
-1176
-1145
-1266
-1521
-1979
-2364
-2575
-2409
-1701
-516
830
1926
2414
2285
1744
1069
658
631
1015
1606
2233
2715
2973
2891
2451
1733
811
-29
-644
-795
-531
-21
511
828
861
568
125
-311
-513
-478
-177
351
1019
1729
2239
2516
2506
2287
1941
1567
1290
1125
1035
944
845
689
466
102
-376
-874
-1330
-1651
-1852
-1923
-1935
-1951
-2052
-2231
-2416
-2528
-2511
-2427
-2254
-1988
-1596
-1154
-769
-543
-443
-412
-407
-341
-225
-4
203
356
437
459
403
324
380
712
1304
1735
1796
1335
552
-301
-1045
-1490
-1648
-1592
-1494
-1345
-1254
-1260
-1462
-1895
-2332
-2604
-2486
-1902
-944
145
1008
1367
1196
776
468
547
1010
1689
2413
3001
3327
3352
3078
2589
1939
1201
560
177
93
222
353
386
244
-87
-499
-863
-1006
-863
-497
-19
473
883
1173
1324
1367
1399
1428
1470
1466
1433
1394
1326
1223
1023
790
561
357
185
9
-157
-341
-564
-826
-1104
-1384
-1621
-1799
-1855
-1772
-1632
-1503
-1472
-1502
-1516
-1479
-1375
-1268
-1188
-1141
-1121
-1062
-950
-747
-511
-298
-144
-73
-35
-28
66
273
654
1063
1319
1288
905
349
-262
-674
-864
-848
-749
-695
-667
-758
-934
-1270
-1683
-2029
-2142
-1889
-1311
-553
86
389
260
-129
-528
-672
-442
129
922
1710
2340
2670
2728
2557
2252
1907
1589
1414
1348
1374
1358
1263
1082
820
546
260
72
-11
80
316
623
907
1010
915
652
418
343
451
630
724
685
531
370
270
261
293
282
188
24
-129
-223
-254
-267
-334
-466
-656
-835
-929
-913
-798
-708
-716
-833
-959
-1003
-960
-898
-944
-1116
-1372
-1566
-1606
-1486
-1312
-1215
-1211
-1255
-1237
-1161
-1049
-938
-817
-628
-345
32
406
670
711
541
274
40
-64
-39
80
207
265
225
115
27
-27
-48
-57
-30
77
245
404
436
264
-106
-544
-843
-853
-544
-49
463
869
1125
1244
1251
1184
1064
930
805
718
702
760
895
1055
1194
1258
1234
1160
1096
1111
1200
1295
1291
1157
937
717
542
412
305
172
3
-192
-358
-463
-506
-523
-555
-614
-678
-688
-596
-397
-163
-4
11
-126
-348
-549
-627
-551
-379
-190
-58
-14
-76
-244
-471
-722
-976
-1214
-1385
-1423
-1329
-1194
-1149
-1264
-1521
-1819
-2018
-1994
-1721
-1287
-820
-412
-100
112
241
301
313
308
321
371
460
565
646
684
686
705
779
917
1086
1224
1293
1255
1091
796
391
-52
-450
-707
-761
-616
-355
-118
-5
-32
-134
-221
-234
-163
-46
56
114
157
247
419
648
880
1069
1186
1245
1297
1400
1549
1664
1656
1520
1345
1209
1129
1044
879
590
186
-252
-605
-791
-830
-829
-880
-986
-1093
-1162
-1182
-1142
-1019
-845
-711
-658
-613
-480
-276
-113
-52
-39
2
63
81
48
10
-25
-98
-200
-253
-215
-161
-211
-399
-667
-961
-1253
-1492
-1578
-1459
-1185
-844
-492
-148
115
202
111
-70
-225
-305
-297
-182
31
284
494
625
714
805
917
1031
1132
1199
1190
1062
829
556
273
-2
-239
-383
-383
-274
-161
-126
-193
-348
-569
-803
-963
-997
-901
-709
-449
-144
143
333
416
458
543
687
857
1037
1221
1399
1539
1625
1671
1680
1626
1489
1299
1117
948
745
463
134
-165
-399
-590
-771
-953
-1131
-1285
-1369
-1336
-1197
-1044
-969
-975
-973
-886
-718
-542
-424
-365
-318
-237
-98
87
267
395
434
385
293
191
86
-36
-167
-287
-388
-475
-542
-552
-488
-373
-251
-159
-109
-112
-176
-283
-388
-445
-441
-393
-316
-222
-122
-27
71
181
298
397
461
510
569
639
698
703
635
494
325
192
148
187
243
240
137
-42
-240
-402
-499
-554
-594
-621
-598
-495
-338
-186
-98
-67
-35
56
226
445
656
816
911
962
997
1036
1083
1128
1168
1178
1127
1006
835
656
507
403
321
214
39
-200
-452
-663
-824
-951
-1062
-1160
-1212
-1185
-1048
-829
-628
-554
-620
-728
-766
-678
-479
-235
-35
50
31
-9
-6
42
88
80
-9
-140
-240
-254
-188
-97
-33
-21
-53
-82
-45
65
184
237
209
144
79
30
-4
-17
-24
-34
-39
-30
-26
-44
-66
-58
-13
44
99
152
195
207
203
218
259
303
331
355
379
391
360
274
143
-4
-139
-224
-246
-222
-184
-158
-145
-128
-89
-18
70
146
203
276
389
514
610
663
663
596
494
447
488
541
523
429
298
165
89
102
137
72
-141
-409
-610
-693
-686
-640
-593
-562
-515
-428
-332
-286
-330
-448
-590
-662
-574
-363
-167
-104
-163
-266
-359
-406
-395
-369
-386
-454
-511
-494
-382
-197
-13
100
123
111
119
158
228
325
409
446
445
432
414
392
379
382
399
438
478
470
386
240
70
-87
-185
-193
-139
-69
13
127
261
368
423
427
384
305
233
209
228
251
225
149
62
3
-33
-85
-158
-215
-238
-241
-235
-200
-129
-60
-33
-12
60
164
222
204
154
114
82
60
79
133
146
56
-116
-302
-453
-564
-641
-677
-651
-566
-463
-363
-261
-169
-134
-176
-251
-280
-214
-75
85
224
326
362
304
164
7
-114
-202
-272
-320
-350
-396
-468
-523
-514
-421
-282
-152
-62
-3
53
119
212
335
462
545
563
566
590
620
619
583
536
484
422
373
364
388
396
337
224
110
49
56
108
170
207
200
142
66
20
14
3
-46
-109
-152
-170
-169
-174
-203
-265
-339
-397
-425
-414
-370
-315
-277
-256
-227
-178
-120
-58
9
78
132
164
172
168
160
143
110
63
-7
-110
-233
-339
-388
-395
-395
-392
-379
-353
-323
-277
-217
-170
-163
-183
-176
-109
2
130
236
318
379
407
404
396
383
313
172
28
-75
-150
-215
-253
-274
-297
-315
-315
-294
-253
-193
-140
-100
-24
100
211
278
352
451
524
563
590
593
554
502
468
439
407
365
270
120
-8
-59
-49
-6
69
157
212
221
211
176
100
-7
-122
-209
-227
-175
-123
-126
-173
-245
-350
-462
-527
-540
-539
-528
-489
-416
-305
-162
-41
21
71
156
252
331
392
419
376
266
130
7
-81
-135
-196
-286
-370
-404
-421
-445
-445
-405
-368
-346
-300
-232
-175
-136
-101
-79
-84
-91
-78
-32
67
197
291
303
281
276
281
278
283
260
168
53
5
40
115
205
253
198
103
69
89
105
128
159
138
91
130
243
322
347
336
252
124
66
108
155
185
222
223
162
130
161
164
101
30
-36
-122
-172
-130
-77
-87
-115
-119
-133
-143
-91
-32
-57
-141
-222
-299
-380
-417
-429
-485
-558
-580
-546
-479
-361
-199
-75
-16
53
160
259
343
412
424
369
307
272
222
134
40
-69
-212
-329
-365
-357
-359
-352
-319
-293
-260
-172
-64
-10
5
29
38
21
48
131
193
207
230
258
250
231
220
153
9
-105
-112
-53
29
132
205
188
112
74
91
139
223
331
399
438
498
533
460
298
124
-35
-159
-190
-117
-32
-1
-5
-42
-118
-171
-148
-83
-45
-28
0
12
-17
-58
-87
-122
-167
-202
-225
-226
-192
-142
-126
-150
-183
-205
-219
-212
-175
-124
-95
-106
-139
-161
-156
-126
-87
-50
-9
36
80
132
190
242
276
297
301
278
248
218
163
86
16
-45
-115
-188
-231
-244
-244
-219
-165
-118
-99
-98
-111
-141
-158
-114
-18
77
156
211
219
185
152
134
99
38
-33
-102
-155
-171
-148
-123
-129
-171
-212
-217
-159
-40
108
244
335
383
405
423
432
431
420
391
351
306
249
182
106
35
-20
-59
-89
-116
-142
-163
-169
-156
-137
-124
-130
-158
-189
-192
-168
-138
-118
-129
-178
-236
-254
-229
-190
-163
-161
-183
-208
-194
-122
-24
54
98
109
96
84
96
122
142
156
182
222
257
286
291
247
157
51
-35
-89
-122
-138
-148
-157
-159
-140
-100
-62
-52
-80
-129
-173
-188
-161
-105
-44
9
55
98
146
185
199
168
104
33
-15
-26
-8
10
-6
-53
-114
-175
-212
-211
-178
-129
-79
-26
23
57
75
78
85
115
176
251
323
385
420
415
385
341
298
265
248
253
259
246
200
115
11
-84
-156
-202
-221
-221
-221
-237
-274
-321
-378
-443
-493
-508
-486
-439
-387
-349
-314
-273
-227
-179
-135
-88
-44
-11
14
47
100
160
224
297
382
461
502
494
440
355
252
135
38
-19
-51
-79
-103
-115
-123
-142
-170
-195
-211
-224
-233
-226
-194
-138
-74
-15
49
123
189
233
266
302
332
338
328
319
320
316
295
255
203
134
46
-51
-133
-182
-214
-238
-249
-244
-241
-261
-294
-308
-288
-250
-209
-158
-95
-31
30
93
164
233
274
285
292
316
349
361
334
275
193
104
28
-17
-35
-60
-122
-213
-303
-369
-410
-449
-490
-532
-570
-591
-577
-521
-434
-354
-305
-286
-269
-232
-167
-85
10
111
208
301
392
471
534
569
567
536
490
448
410
369
325
269
206
141
85
47
21
5
-22
-63
-114
-165
-205
-228
-227
-191
-134
-62
16
93
152
182
188
184
191
217
261
315
372
409
396
323
202
66
-56
-147
-195
-205
-204
-225
-278
-347
-408
-453
-476
-478
-453
-405
-348
-293
-261
-243
-229
-203
-149
-51
73
193
267
285
258
215
185
173
178
190
192
167
114
40
-34
-100
-155
-197
-213
-199
-175
-170
-199
-254
-315
-363
-377
-345
-277
-198
-130
-76
-25
30
94
162
230
298
371
444
506
549
556
525
473
421
401
409
425
424
384
308
200
78
-34
-120
-169
-188
-191
-185
-186
-197
-217
-236
-241
-227
-182
-113
-37
36
95
138
166
190
219
250
273
277
255
205
128
34
-70
-173
-259
-317
-343
-344
-336
-344
-375
-425
-481
-518
-525
-504
-466
-428
-398
-373
-342
-289
-214
-126
-37
42
108
162
208
244
258
246
210
165
137
134
149
166
162
141
112
97
105
131
153
152
119
66
19
-4
-6
1
4
-12
-30
-34
-14
29
86
137
177
207
234
263
292
310
313
304
294
302
324
351
358
327
260
168
70
-14
-74
-126
-174
-229
-288
-340
-377
-395
-405
-410
-412
-401
-368
-307
-220
-118
-18
70
142
205
249
274
275
248
205
156
103
48
-14
-84
-156
-215
-246
-257
-252
-243
-238
-239
-242
-242
-239
-234
-222
-199
-165
-112
-48
13
59
87
100
106
112
123
127
126
116
99
82
64
50
37
38
52
84
123
156
168
157
127
92
62
43
32
16
-5
-28
-54
-75
-90
-97
-95
-88
-75
-56
-31
3
39
70
103
132
160
188
212
235
248
249
239
217
183
138
89
37
-9
-46
-78
-109
-138
-170
-199
-225
-246
-250
-251
-247
-231
-204
-162
-110
-50
13
71
118
151
176
191
194
186
162
131
95
52
11
-29
-65
-95
-120
-135
-141
-140
-139
-133
-123
-107
-89
-70
-50
-31
-10
15
39
59
74
77
69
56
39
21
-1
-23
-41
-52
-56
-58
-62
-62
-64
-62
-59
-55
-51
-47
-37
-20
3
28
48
62
74
84
95
100
99
86
68
50
36
31
31
30
28
29
37
55
80
105
123
127
123
118
113
105
85
51
9
-34
-65
-85
-94
-105
-123
-142
-159
-162
-155
-147
-137
-129
-116
-95
-63
-17
32
72
98
112
121
128
136
139
131
116
90
61
37
14
-8
-34
-61
-86
-104
-115
-117
-113
-105
-95
-82
-67
-48
-29
-7
10
24
36
42
48
51
50
46
38
27
17
8
-2
-10
-19
-25
-30
-32
-35
-37
-37
-38
-39
-39
-39
-39
-37
-35
-31
-24
-17
-9
-4
1
6
8
11
15
21
28
36
47
59
72
85
97
109
118
126
130
132
132
128
119
103
85
63
40
19
-4
-24
-47
-68
-86
-106
-118
-130
-135
-136
-131
-120
-104
-85
-61
-35
-6
23
49
75
94
108
113
112
103
84
61
32
3
-24
-53
-77
-101
-120
-134
-145
-151
-152
-148
-139
-124
-105
-84
-57
-31
-7
14
32
45
57
64
67
67
63
54
45
35
23
13
1
-12
-21
-31
-38
-41
-39
-32
-20
-8
8
26
43
56
64
65
60
54
46
36
30
21
15
14
13
20
27
38
52
69
88
103
120
136
148
158
159
156
147
130
109
80
50
19
-10
-38
-64
-84
-102
-115
-127
-137
-142
-144
-145
-139
-129
-114
-97
-79
-62
-42
-25
-12
-1
4
9
9
4
-3
-9
-19
-28
-40
-51
-60
-73
-80
-85
-88
-88
-86
-82
-78
-71
-59
-48
-38
-26
-14
-4
4
15
25
37
47
56
62
70
75
80
82
84
82
79
74
67
64
62
60
57
54
53
52
51
49
46
43
39
35
33
27
23
21
19
15
12
4
-2
-6
-7
-4
-1
6
14
21
30
40
47
56
59
60
56
50
45
35
22
4
-15
-35
-57
-76
-96
-112
-126
-136
-141
-141
-135
-126
-111
-93
-72
-49
-26
-2
19
35
48
56
58
56
47
36
21
4
-14
-32
-50
-64
-72
-76
-78
-77
-73
-65
-55
-45
-32
-18
-6
8
22
33
42
45
44
42
40
39
39
37
37
38
39
40
39
39
38
40
41
45
48
50
53
54
56
53
47
41
31
24
15
7
1
-4
-7
-10
-14
-15
-18
-17
-16
-17
-13
-8
-3
4
10
16
20
22
21
16
10
5
-2
-8
-14
-20
-22
-25
-28
-33
-41
-47
-55
-59
-61
-59
-56
-50
-44
-36
-28
-17
-5
6
15
25
31
36
40
43
42
40
37
31
25
14
4
-6
-18
-27
-34
-37
-39
-38
-36
-34
-27
-22
-16
-7
1
6
13
18
23
28
31
32
33
31
29
26
22
19
14
10
7
0
-4
-6
-6
-8
-8
-5
-3
0
1
4
4
5
8
9
10
9
8
6
3
1
0
-4
-7
-8
-8
-7
-5
-1
3
7
10
13
17
17
15
14
13
12
8
2
-3
-8
-13
-19
-26
-28
-29
-31
-31
-28
-23
-18
-13
-6
-1
2
7
10
15
20
26
29
32
31
29
26
20
16
13
8
4
-2
-6
-10
-15
-21
-25
-29
-30
-30
-27
-24
-22
-19
-15
-12
-10
-8
-8
-7
-5
-3
-1
2
5
7
8
10
10
9
8
6
5
4
4
1
-2
-1
-2
-4
-5
-3
-5
-8
-6
-6
-4
-2
0
1
3
3
5
8
9
10
11
14
17
19
20
20
22
20
20
18
18
19
17
15
15
13
11
9
6
4
3
0
-3
-6
-9
-11
-13
-15
-17
-17
-19
-19
-17
-14
-12
-11
-8
-4
-2
1
2
3
1
0
1
0
0
0
-2
-7
-12
-13
-14
-15
-17
-17
-14
-14
-11
-10
-11
-12
-12
-13
-14
