4
4
5
6
5
5
4
3
0
-1
1
2
-2
-3
-5
-7
-6
-5
-3
-4
-3
-4
-1
1
-1
-1
-5
-7
-9
-12
-14
-13
-12
-15
-11
-7
-4
0
-1
-5
-4
-4
-4
-2
-1
0
1
3
6
5
5
5
4
2
4
5
6
8
7
5
4
4
5
4
3
2
2
4
5
7
7
5
5
4
3
3
0
0
2
2
2
2
0
0
2
1
-1
-1
0
-2
-5
-7
-6
-3
-3
-3
-1
1
1
2
1
1
-3
-4
0
-2
-1
0
0
-1
-3
-4
-5
-9
-7
-8
-7
-4
-2
1
1
0
0
-1
-1
-2
0
-3
-2
0
1
1
4
4
2
2
2
3
3
1
1
0
-3
0
1
1
3
7
10
9
10
8
5
6
5
3
1
-2
0
-1
-2
0
-4
-6
-4
-4
-4
-5
-3
0
0
1
2
1
1
-2
-5
-6
-7
-5
-2
0
1
-1
-4
-3
-5
-6
-8
-15
-12
-9
-6
-2
2
-1
-9
-9
-10
-12
-12
-6
-3
-1
3
11
23
25
28
27
33
39
40
43
47
53
66
71
74
82
85
99
105
109
117
119
127
127
107
88
62
25
-1
-21
-33
-32
-39
-39
-15
-4
14
31
51
58
16
-24
-71
-130
-206
-265
-288
-260
-233
-184
-74
16
97
120
184
299
395
523
678
882
1031
1011
889
667
255
-328
-1006
-1636
-2170
-2609
-2803
-2737
-2453
-2034
-1495
-850
-211
302
661
866
897
768
520
288
65
-152
-308
-355
-299
-165
5
232
469
613
708
733
748
703
579
507
501
556
696
897
1269
1672
1893
2013
1954
1817
1481
935
426
-58
-482
-858
-1113
-1058
-858
-675
-443
-230
76
299
402
529
537
450
223
-90
-330
-590
-848
-1044
-1244
-1328
-1320
-1190
-914
-673
-441
-227
-25
172
267
286
210
23
-212
-434
-566
-643
-715
-793
-831
-760
-598
-364
-175
-108
-74
-22
100
218
226
237
234
262
294
288
390
457
518
654
998
1699
2413
2885
3025
2864
2472
1620
314
-1144
-2599
-3830
-4736
-5033
-4507
-3533
-2353
-1134
140
1375
2218
2611
2571
2112
1371
487
-299
-862
-1300
-1536
-1573
-1401
-1010
-537
-51
287
394
409
385
394
468
539
677
850
1118
1549
2000
2365
2562
2543
2396
2070
1699
1406
1025
597
42
-381
-647
-958
-1260
-1510
-1535
-1386
-1138
-695
-75
480
878
1003
1018
851
393
-189
-888
-1479
-1962
-2265
-2296
-2186
-1969
-1650
-1274
-846
-511
-287
-92
-3
42
31
4
16
-57
-190
-356
-513
-591
-645
-687
-669
-570
-368
-112
148
473
789
1006
1063
973
881
733
557
345
191
170
132
160
193
287
413
342
337
357
506
925
1430
2456
3492
4257
4536
4106
3339
1877
-145
-2318
-4379
-5896
-6794
-6896
-5787
-4057
-2011
-126
1386
2700
3332
3426
3004
2087
953
-295
-1306
-1804
-2097
-2151
-2076
-1960
-1605
-1347
-1020
-672
-470
-179
53
476
1122
1695
2237
2490
2565
2576
2389
2172
1730
1187
741
481
422
356
240
101
-111
-444
-741
-880
-837
-756
-616
-203
509
1246
1837
2064
1981
1545
742
-97
-1000
-1800
-2517
-3029
-3083
-2802
-2228
-1543
-929
-359
63
410
671
731
692
509
298
130
-52
-192
-457
-845
-1224
-1518
-1595
-1511
-1361
-1121
-811
-412
97
535
821
843
611
351
135
43
18
0
83
276
558
859
1087
1142
969
648
270
192
441
1295
2688
4029
4956
4878
4230
2939
886
-1701
-4420
-6455
-7606
-7756
-6605
-4274
-1396
1300
3166
4483
5033
4843
4026
2598
1021
-673
-1972
-2599
-2713
-2531
-2305
-2098
-1876
-1794
-1672
-1350
-942
-442
62
840
1979
3112
3983
4241
3890
3172
2201
1273
328
-619
-1361
-1761
-1672
-1243
-693
-134
189
196
69
-5
119
198
173
241
533
973
1309
1307
923
191
-782
-1596
-2201
-2527
-2613
-2474
-1924
-1127
-257
460
755
622
207
-273
-600
-855
-1067
-1127
-1020
-651
-175
292
614
613
361
29
-147
-182
-136
-149
-133
-57
19
157
177
44
-312
-722
-816
-534
-129
307
712
1250
1826
2042
2048
1696
1178
548
-128
-532
-705
-672
-346
361
1646
3604
5312
6189
5590
4016
2038
-658
-3609
-6487
-8367
-8964
-8387
-6298
-3016
516
3407
5056
5743
5515
4411
2946
1188
-552
-2132
-3135
-3241
-2944
-2693
-2630
-2715
-2793
-2927
-2885
-2354
-1431
-190
1207
2661
4080
5035
5312
4787
3462
1833
201
-1047
-1859
-2272
-2117
-1529
-634
297
1046
1524
1544
1204
755
426
384
469
697
1004
1302
1526
1418
950
125
-916
-1887
-2543
-2683
-2298
-1547
-551
484
1292
1680
1539
935
23
-927
-1672
-2062
-2088
-1788
-1190
-499
188
659
813
654
152
-403
-899
-1142
-1110
-910
-590
-347
-233
-239
-345
-567
-873
-1221
-1226
-923
-352
362
1094
1901
2333
2466
2146
1500
544
-556
-1463
-2140
-2350
-2197
-1186
316
2503
5122
7144
7963
6807
4738
2111
-1134
-4540
-7401
-8708
-8459
-7039
-4236
-536
2852
5084
5673
5367
4272
2611
1016
-469
-1531
-2250
-2404
-1941
-1577
-1624
-2024
-2603
-3166
-3564
-3338
-2209
-512
1424
3282
4877
6020
6241
5560
3963
1871
-228
-1977
-2902
-3229
-3051
-2565
-1895
-1023
-366
71
316
371
535
790
1384
2151
2623
2768
2491
1933
1050
-244
-1597
-2789
-3603
-3754
-3201
-2018
-653
459
1319
1799
1854
1453
516
-638
-1743
-2411
-2344
-1788
-1027
-312
251
770
1069
1097
924
500
24
-440
-644
-489
-313
-310
-595
-939
-1243
-1547
-1763
-1855
-1694
-1212
-435
610
1530
2233
2664
2717
2576
1978
1182
192
-788
-1431
-1672
-1438
-753
271
1760
3958
6000
7106
6335
4410
2021
-1076
-4431
-7379
-8669
-8405
-7128
-4640
-1038
2617
5133
5955
5644
4546
2800
1165
-105
-955
-1590
-1901
-1657
-1447
-1745
-2491
-3373
-4156
-4737
-4564
-3201
-927
1585
3813
5594
6664
6746
5802
3955
1543
-928
-2738
-3327
-3030
-2253
-1315
-289
608
873
814
588
256
-240
-575
-110
922
1850
2308
2250
1772
829
-508
-1691
-2787
-3567
-3774
-3186
-1635
5
1419
2286
2445
2053
1065
-42
-1116
-2212
-2851
-2810
-2060
-960
-127
557
817
673
406
4
-212
-439
-504
-220
182
691
994
925
512
-168
-758
-1191
-1499
-1537
-1305
-832
-93
724
1591
2200
2246
1977
1392
647
-67
-762
-1073
-1130
-970
-94
1227
3567
6058
7289
6715
4454
2096
-732
-4275
-7513
-9323
-9184
-7817
-5342
-1491
2478
5111
5881
5206
3938
2205
632
-327
-903
-1199
-1282
-999
-754
-1327
-2475
-3720
-4715
-5249
-4990
-3244
-404
2576
5092
6744
7525
7176
5715
3559
874
-1602
-3115
-3345
-2455
-1338
-362
340
482
273
-177
-479
-511
-525
-138
820
2211
3422
3737
3137
1875
208
-1504
-2952
-3887
-4233
-3980
-3004
-1415
324
1609
2114
1890
1292
517
-394
-1250
-1982
-2377
-2337
-1838
-936
-148
315
418
337
247
147
54
-53
-139
-200
-84
125
330
250
-247
-817
-1171
-1219
-1148
-1017
-568
40
503
977
1442
1732
1657
1235
880
468
-27
-346
-486
-360
-244
-125
373
1131
2103
3905
6119
7343
6137
3428
1028
-1560
-4847
-7961
-9138
-8362
-6787
-4258
-322
3631
5668
5382
4018
2599
1122
117
-58
222
334
155
146
-173
-1572
-3684
-5545
-6541
-6665
-5488
-2612
1182
4462
6588
7634
7576
6223
3801
1094
-1370
-3113
-3588
-2625
-880
602
1195
1067
440
-500
-1367
-1858
-1768
-1287
-192
1665
3572
4654
4341
2946
1045
-1076
-2904
-4184
-4768
-4566
-3801
-2361
-508
1132
2152
2267
1903
1426
863
343
-346
-1102
-1672
-1889
-1646
-1310
-1115
-975
-834
-532
-54
407
780
890
882
787
717
708
519
22
-608
-984
-1120
-1239
-1407
-1355
-1089
-555
242
1275
2232
2803
2985
2713
2127
1142
16
-1036
-1831
-2235
-1782
-476
1540
4538
7432
8570
6701
3513
515
-2854
-6562
-9247
-9393
-7748
-5567
-2495
1561
4677
5218
3573
1689
369
-521
-527
454
1643
2031
1534
534
-1221
-3843
-6352
-7796
-7982
-6897
-4201
-107
3994
6660
7611
7300
6014
4004
1913
394
-659
-1274
-985
140
1217
1348
454
-929
-2295
-3155
-2985
-1701
306
1959
3059
4032
4572
4234
2758
902
-762
-2000
-2625
-2676
-2282
-1955
-2097
-2285
-1991
-1326
-623
-21
722
1567
2136
2158
1509
296
-1198
-2544
-3131
-2861
-2086
-1194
-482
153
604
739
531
-4
-521
-696
-337
346
954
1098
677
-82
-858
-1357
-1675
-1632
-1358
-890
-119
873
1746
2044
2019
1696
1212
661
223
-67
-412
-805
-1170
-701
385
2203
4644
6688
7230
5397
2765
-51
-3172
-6188
-8099
-7961
-6548
-4425
-1344
1876
3762
3518
2028
902
246
178
843
2024
2926
2593
1231
-661
-2822
-4944
-6436
-6726
-5806
-3930
-1192
1842
4171
5215
5053
4335
3463
2592
2087
1870
1657
1285
861
632
226
-666
-1893
-2871
-3046
-2436
-1146
344
1430
1834
1831
1938
2141
2128
1858
1484
953
345
-329
-1227
-2450
-3862
-4802
-4709
-3554
-1820
-243
921
1690
2092
2033
1501
664
-385
-1244
-1595
-1327
-767
-531
-865
-1422
-1741
-1544
-1007
-453
107
649
1108
1371
1458
1246
457
-729
-1514
-1564
-1269
-925
-585
-218
-222
-282
234
972
1682
2162
2668
3166
3081
2280
1102
-423
-1867
-2752
-2833
-1504
207
2796
5594
7086
6955
4769
2123
-1009
-4180
-5805
-5935
-4872
-3428
-1887
-94
737
322
-692
-1789
-2105
-1651
-52
2374
4169
4591
3436
1256
-1295
-3701
-5233
-5689
-5249
-3943
-2043
57
1788
2618
2681
2234
1751
1691
2054
2596
2672
2213
1654
1173
750
144
-536
-1075
-1526
-1694
-1447
-879
-430
-472
-414
264
1446
2561
3189
3274
2677
1545
274
-841
-1894
-2804
-3336
-3142
-2297
-1324
-490
-68
34
-121
-170
162
505
588
387
236
263
269
83
-326
-785
-1078
-1160
-1014
-649
-360
-244
-258
-165
142
332
365
256
142
-64
-498
-829
-1068
-1269
-1422
-1231
-470
456
1325
1967
2354
2346
1838
1030
221
-609
-1411
-1900
-1539
-312
1361
3785
5904
6458
4777
1918
-529
-2869
-4582
-5115
-4418
-3127
-2145
-867
395
505
-459
-1747
-1994
-1124
345
2577
4593
5262
3898
1162
-1374
-3200
-4211
-4277
-3554
-2450
-1526
-848
-27
569
690
634
837
1655
2726
3699
4143
3500
2226
1020
505
647
695
460
-106
-756
-1328
-1811
-1873
-1813
-1820
-1476
-424
1296
2751
3281
2963
1902
770
-113
-667
-895
-1273
-1647
-1888
-1889
-1586
-1467
-1483
-1465
-1323
-788
-141
414
637
381
103
10
135
384
330
73
-342
-784
-975
-1173
-1271
-1348
-1306
-883
-279
318
597
513
291
-38
-307
-251
-78
-70
-438
-743
-419
180
795
1190
1491
1697
1419
1094
716
224
-526
-1119
-571
694
2738
4971
6339
5848
3245
364
-1816
-3232
-3786
-3585
-2754
-2076
-1765
-1141
-721
-1007
-1934
-2517
-1776
-157
1816
3699
4696
3993
1617
-1152
-2867
-3273
-2792
-1893
-1171
-1050
-1576
-2016
-1723
-963
-208
422
1189
2127
2879
3130
2706
1724
677
336
1068
2308
3090
2669
1150
-765
-2295
-2818
-2505
-1936
-1474
-1007
-123
987
1795
2007
1618
1008
541
481
794
893
326
-725
-1681
-1984
-1805
-1516
-1290
-1218
-1189
-1190
-1012
-676
-540
-562
-359
286
1120
1589
1517
1069
354
-289
-629
-674
-630
-815
-1028
-1031
-706
-195
32
-84
-352
-601
-749
-708
-470
-201
-158
-168
235
901
1402
1504
1233
857
344
-125
-304
-310
113
652
1489
2945
4118
4183
2787
836
-759
-2083
-2686
-2432
-2016
-1903
-2095
-1756
-1042
-926
-1259
-1608
-1481
-806
185
1504
2616
2661
1522
-87
-1068
-1193
-907
-412
-62
-233
-915
-1494
-1436
-886
-185
487
1086
1493
1723
1880
1768
1313
769
614
1136
2037
2832
3093
2568
1496
302
-482
-521
-261
-277
-665
-1086
-1197
-1086
-759
-281
-16
-122
-424
-442
-145
-20
-257
-645
-799
-660
-515
-346
-297
-605
-1218
-1748
-1762
-1579
-1542
-1578
-1533
-1207
-703
-138
359
591
559
384
269
209
91
-153
-372
-395
-252
-26
56
-171
-570
-891
-889
-617
-289
52
188
213
346
661
1220
1627
1707
1449
908
370
24
-41
278
859
1723
3124
4380
4714
3682
1750
-94
-1574
-2183
-1805
-1260
-1150
-1692
-2155
-2109
-2081
-1944
-1761
-1453
-920
-247
757
1590
1628
876
-241
-957
-956
-369
488
872
306
-903
-1895
-1952
-1184
-57
1022
1531
1368
908
616
548
363
135
140
454
1060
1673
2048
1956
1303
570
114
106
309
266
-11
-518
-1028
-1171
-885
-340
-18
-96
-279
-452
-530
-579
-665
-697
-732
-697
-565
-457
-445
-528
-597
-485
-325
-227
-263
-513
-723
-790
-616
-253
-19
99
140
232
368
342
336
345
291
185
137
172
-9
-380
-667
-781
-685
-505
-246
-135
-310
-347
-187
318
959
1408
1529
1129
521
174
136
603
1240
1956
2914
3418
3296
2198
682
-597
-1487
-1578
-1173
-994
-1415
-2328
-2978
-3065
-2867
-2239
-1577
-967
-543
-256
245
668
776
493
-43
-361
-208
281
893
976
334
-729
-1613
-1544
-748
290
1095
1300
1186
1011
1043
1323
1497
1508
1351
1158
1297
1617
1833
1761
1355
1011
792
648
499
191
-159
-542
-762
-578
-200
56
95
-68
-314
-594
-788
-787
-826
-960
-1101
-1186
-1058
-899
-891
-951
-1034
-1018
-973
-860
-605
-506
-574
-617
-507
-371
-399
-489
-559
-657
-687
-576
-339
-49
152
177
41
-122
-232
-283
-341
-187
58
169
65
-251
-468
-564
-298
346
929
1253
1162
876
771
802
1154
1574
2147
3064
3609
3420
2373
1134
248
-361
-395
-174
-331
-936
-1758
-2279
-2643
-3004
-2870
-2367
-1652
-910
-234
454
745
553
115
-440
-721
-620
-137
663
1103
1002
462
-146
-383
-299
134
646
798
684
533
612
931
1213
1390
1316
1147
1052
963
861
691
536
491
575
707
595
178
-317
-648
-654
-446
-161
-4
-157
-465
-700
-734
-620
-582
-695
-918
-1186
-1404
-1435
-1278
-1081
-1006
-1008
-919
-824
-783
-714
-586
-432
-330
-186
28
84
2
-119
-216
-170
-41
166
396
427
312
89
-50
38
76
142
257
365
461
418
379
294
28
-133
-185
87
555
913
1163
1241
1344
1479
1986
2815
3169
2570
1509
685
106
-419
-660
-789
-1228
-1754
-1851
-1459
-1331
-1626
-2079
-2531
-2887
-2887
-2234
-1140
-245
40
-137
-537
-778
-718
-289
320
621
609
560
696
1014
1207
1248
1153
889
798
918
1172
1355
1279
1230
1283
1565
1971
2038
1752
1283
921
767
671
610
413
19
-247
-330
-353
-500
-786
-926
-890
-680
-395
-194
-177
-391
-662
-767
-787
-922
-1199
-1474
-1574
-1566
-1480
-1353
-1263
-1162
-1059
-883
-744
-744
-741
-659
-402
-70
185
363
302
99
-47
-50
215
536
676
551
196
-100
-212
-136
235
606
738
667
523
294
-92
-446
-431
-151
264
1027
1804
2552
2962
2774
2075
1174
889
1180
1323
1114
444
-653
-1749
-2510
-2486
-2225
-2086
-1897
-1828
-1850
-1947
-1949
-1749
-1581
-1511
-1369
-1161
-735
-240
128
365
293
144
198
631
1357
1861
1942
1677
1194
930
1046
1488
2060
2308
2257
1974
1693
1640
1541
1459
1435
1427
1446
1274
909
397
-179
-421
-351
-180
-101
-381
-846
-1284
-1507
-1426
-1247
-1084
-1004
-979
-811
-616
-566
-652
-846
-1074
-1242
-1252
-1208
-1313
-1486
-1476
-1281
-1062
-920
-938
-1110
-1275
-1264
-1069
-839
-658
-431
-185
56
292
452
556
568
569
671
712
691
609
522
524
491
440
449
547
686
699
541
583
828
1282
2022
2656
2790
2208
1498
1213
1062
831
614
340
93
-155
-326
-532
-1236
-2104
-2787
-3057
-2834
-2346
-1777
-1429
-1535
-1871
-2127
-2112
-1660
-1028
-387
0
1
-37
155
708
1441
1998
2252
2147
1837
1651
1635
1734
1758
1738
1810
1905
1978
1838
1533
1221
984
882
811
669
448
212
236
479
587
404
-60
-531
-861
-924
-704
-531
-661
-1100
-1620
-1957
-2021
-1842
-1626
-1562
-1608
-1685
-1564
-1178
-713
-359
-315
-450
-684
-985
-1011
-844
-652
-536
-586
-627
-764
-897
-821
-737
-602
-397
-201
53
229
383
504
638
937
1283
1490
1433
1303
988
629
454
596
1208
1855
2544
3077
2832
2014
1099
722
960
1064
1008
617
-205
-887
-1195
-964
-679
-850
-1177
-1593
-1904
-1869
-1664
-1437
-1573
-2147
-2706
-2996
-2774
-2143
-1581
-1276
-1336
-1467
-1244
-616
277
1058
1494
1592
1489
1522
1880
2521
3126
3392
3319
2936
2535
2303
2176
2067
1792
1462
1205
944
755
516
189
-55
-274
-452
-672
-885
-852
-646
-351
-51
50
-79
-341
-552
-623
-667
-761
-868
-1002
-1230
-1509
-1730
-1832
-1849
-1844
-1740
-1509
-1277
-1034
-764
-496
-296
-259
-319
-445
-592
-664
-644
-598
-589
-621
-610
-546
-428
-288
-131
-43
-39
-86
-143
-6
286
816
1307
1677
1995
2478
3206
3473
2991
2075
1514
1564
1793
1775
1291
334
-507
-819
-654
-479
-784
-1283
-1891
-2319
-2383
-2083
-1564
-1280
-1509
-2037
-2441
-2419
-1870
-1142
-577
-643
-1237
-1660
-1473
-719
153
658
689
433
335
749
1515
2323
2738
2697
2536
2613
2860
2999
3043
3031
3004
2892
2709
2350
1739
1143
828
636
299
-199
-706
-987
-1101
-1061
-1043
-1205
-1549
-1942
-2109
-1883
-1405
-995
-804
-935
-1155
-1267
-1078
-673
-433
-408
-529
-669
-747
-733
-690
-796
-1141
-1513
-1708
-1764
-1627
-1361
-1099
-982
-970
-824
-607
-367
-161
13
121
74
2
-49
35
193
560
889
1037
1118
1652
2623
2903
2286
1401
1381
1992
2496
2496
1854
910
249
322
695
697
99
-561
-1173
-1607
-1709
-1459
-1056
-1103
-1683
-2518
-3177
-3314
-2801
-1929
-1259
-1329
-1935
-2229
-1740
-534
725
1417
1378
903
681
1122
1938
2604
2717
2333
1997
1986
2257
2454
2434
2376
2321
2283
2187
1906
1501
1227
1281
1444
1263
688
34
-348
-404
-327
-329
-626
-1239
-1869
-2181
-2103
-1903
-1835
-1915
-2150
-2373
-2414
-2191
-1855
-1611
-1421
-1151
-817
-487
-209
23
242
248
154
59
94
232
198
35
-233
-484
-612
-770
-937
-1161
-1380
-1384
-1243
-919
-612
-419
-139
95
335
763
1655
3020
3634
2983
1827
1364
2086
2956
3131
2387
1084
170
171
684
946
468
-322
-1040
-1636
-1727
-1279
-627
-438
-1084
-2095
-2900
-3137
-2623
-1819
-1335
-1623
-2574
-3192
-2813
-1532
-182
369
82
-552
-814
-235
891
1891
2209
2002
1843
1985
2446
3001
3426
3546
3244
2757
2361
2163
2141
2141
2082
1826
1283
675
242
122
217
266
108
-378
-1013
-1406
-1411
-1170
-994
-1152
-1604
-2095
-2260
-1888
-1344
-1067
-1270
-1712
-1888
-1615
-1002
-457
-310
-545
-866
-902
-606
-207
104
207
79
-78
-156
-55
63
-42
-155
-272
-314
-270
-198
-46
-47
-325
-641
-716
-310
706
1379
1218
381
-175
378
1274
1836
1650
901
318
346
900
1516
1415
801
128
-439
-541
-398
-120
-77
-661
-1583
-2438
-2876
-2645
-2072
-1595
-1621
-2339
-3030
-3038
-2207
-1048
-279
-117
-396
-630
-161
991
2072
2489
2340
2167
2274
2707
3254
3541
3420
3145
2949
2794
2637
2516
2464
2388
2210
1913
1500
1100
943
977
942
610
33
-544
-955
-1108
-1156
-1293
-1632
-2117
-2507
-2703
-2615
-2325
-2111
-2097
-2319
-2496
-2345
-1919
-1387
-1043
-998
-1070
-1073
-849
-511
-319
-300
-369
-326
-144
83
218
198
52
-231
-424
-433
-287
-9
90
111
193
449
1124
1534
1373
915
624
1032
1565
1675
1352
635
142
171
449
756
575
72
-361
-661
-502
-107
161
156
-319
-923
-1309
-1469
-1294
-1114
-1114
-1264
-1686
-1938
-1784
-1314
-776
-648
-861
-1122
-1140
-583
273
958
1191
1006
902
1156
1756
2408
2695
2601
2420
2399
2615
2836
2876
2749
2471
2260
2167
2057
1844
1466
1075
807
502
144
-214
-528
-676
-868
-1081
-1260
-1516
-1674
-1755
-1734
-1665
-1740
-1811
-1877
-1989
-2079
-2154
-2161
-2101
-2051
-1907
-1715
-1516
-1296
-1132
-952
-780
-616
-425
-196
73
356
520
514
383
200
206
272
382
627
927
1441
1785
1739
1368
857
794
1094
1347
1310
907
507
346
390
631
656
357
-64
-419
-376
-100
150
146
-367
-1098
-1591
-1667
-1347
-1083
-1171
-1564
-2132
-2387
-2095
-1423
-712
-479
-695
-1050
-1159
-671
130
813
1025
765
567
781
1395
2084
2369
2219
1902
1747
1943
2255
2397
2225
1819
1485
1367
1411
1473
1355
1078
717
382
237
231
259
208
-13
-276
-476
-560
-494
-441
-517
-760
-1091
-1313
-1359
-1241
-1079
-1056
-1201
-1398
-1457
-1328
-1133
-996
-1009
-1089
-1113
-1026
-835
-702
-656
-730
-854
-830
-717
-505
-351
-244
40
429
958
1308
1191
844
533
689
1186
1442
1313
777
228
80
233
549
595
202
-340
-817
-934
-704
-407
-260
-486
-1019
-1509
-1740
-1603
-1248
-1033
-1089
-1415
-1723
-1607
-1081
-430
-64
-157
-429
-541
-247
439
1078
1337
1183
935
1014
1394
1897
2271
2329
2215
2097
2115
2214
2169
2026
1878
1763
1674
1474
1210
948
733
639
524
300
1
-285
-422
-489
-602
-756
-940
-1089
-1153
-1118
-990
-896
-915
-960
-944
-831
-657
-503
-390
-327
-292
-228
-178
-130
-121
-202
-353
-557
-679
-718
-761
-824
-994
-1200
-1361
-1396
-1127
-655
-102
293
251
-26
-284
-186
277
626
647
277
-158
-185
162
676
882
534
-51
-573
-681
-362
9
163
-149
-787
-1368
-1650
-1441
-989
-737
-898
-1428
-1892
-1891
-1393
-649
-137
-82
-314
-498
-273
362
1102
1577
1606
1449
1500
1940
2603
3089
3156
2908
2658
2634
2815
2967
2911
2629
2214
1849
1574
1348
1100
742
348
-38
-377
-621
-842
-1023
-1201
-1421
-1613
-1797
-1942
-2004
-2036
-1956
-1837
-1758
-1663
-1599
-1442
-1181
-902
-631
-507
-456
-336
-152
75
223
225
199
174
210
267
188
34
-183
-355
-376
-252
5
252
330
191
-57
-232
-149
91
288
284
34
-267
-432
-341
-88
93
-2
-329
-668
-739
-451
-65
121
-96
-594
-1046
-1213
-1043
-735
-580
-718
-1062
-1355
-1329
-987
-514
-182
-141
-265
-369
-261
89
547
929
1083
1030
985
1142
1538
1984
2225
2238
2168
2244
2518
2801
2916
2761
2455
2190
2023
1953
1855
1622
1274
845
438
129
-128
-340
-586
-916
-1272
-1639
-1929
-2118
-2275
-2392
-2512
-2626
-2667
-2652
-2532
-2299
-2016
-1707
-1471
-1312
-1131
-891
-535
-142
121
237
256
339
594
894
1098
1073
860
723
839
1216
1638
1764
1490
953
450
270
378
549
557
261
-189
-547
-654
-494
-308
-316
-542
-864
-1004
-861
-590
-394
-466
-751
-1035
-1165
-1054
-827
-705
-796
-1100
-1398
-1455
-1226
-837
-555
-502
-571
-594
-410
-39
374
721
937
1063
1188
1347
1548
1732
1834
1863
1870
1917
2019
2106
2098
1981
1821
1704
1658
1632
1547
1375
1145
912
690
463
232
16
-153
-274
-419
-635
-920
-1201
-1388
-1493
-1584
-1742
-1969
-2152
-2185
-2040
-1798
-1628
-1602
-1669
-1685
-1510
-1160
-770
-489
-395
-369
-246
26
352
533
520
482
629
1052
1563
1837
1735
1361
1017
929
1048
1185
1156
916
604
340
196
129
14
-196
-487
-769
-918
-933
-885
-897
-1048
-1285
-1505
-1603
-1542
-1397
-1266
-1225
-1269
-1316
-1289
-1130
-879
-620
-415
-298
-204
-58
182
529
891
1174
1334
1377
1407
1486
1630
1800
1908
1930
1867
1753
1638
1529
1442
1378
1308
1223
1098
938
773
606
449
290
120
-38
-176
-295
-404
-530
-658
-754
-803
-808
-814
-857
-934
-1040
-1128
-1162
-1138
-1058
-977
-944
-960
-999
-968
-833
-625
-415
-293
-258
-250
-229
-182
-144
-111
11
270
628
919
969
787
513
351
409
616
818
858
693
439
241
188
214
165
-34
-325
-560
-626
-580
-575
-736
-1059
-1392
-1579
-1561
-1424
-1321
-1343
-1436
-1474
-1367
-1131
-862
-651
-516
-414
-288
-101
159
474
812
1121
1352
1495
1575
1643
1721
1829
1952
2067
2143
2152
2089
1964
1800
1647
1529
1448
1376
1279
1135
948
725
475
209
-50
-269
-429
-553
-696
-885
-1102
-1290
-1400
-1431
-1415
-1396
-1396
-1407
-1400
-1362
-1290
-1182
-1054
-931
-817
-705
-583
-468
-392
-355
-324
-249
-124
-1
43
-12
-88
-76
77
295
436
424
301
178
141
187
246
271
275
305
371
423
382
221
8
-155
-198
-139
-70
-72
-163
-320
-501
-664
-782
-836
-838
-816
-804
-810
-812
-792
-747
-699
-641
-545
-385
-174
44
214
337
460
647
903
1164
1350
1439
1479
1541
1666
1831
1964
2004
1949
1847
1746
1669
1589
1475
1312
1119
929
755
582
388
165
-79
-312
-505
-644
-747
-846
-967
-1102
-1214
-1278
-1290
-1277
-1267
-1259
-1240
-1198
-1145
-1116
-1116
-1124
-1104
-1035
-938
-853
-802
-778
-746
-672
-572
-470
-393
-341
-277
-168
-17
147
272
331
342
341
353
368
356
315
278
283
334
389
389
309
182
65
6
7
35
51
34
-9
-51
-77
-100
-145
-207
-256
-250
-176
-64
18
24
-31
-78
-35
102
261
342
299
196
158
264
488
707
803
754
653
618
696
843
979
1043
1046
1034
1032
1035
1012
953
876
797
729
668
601
515
403
268
118
-36
-177
-300
-409
-503
-588
-653
-706
-760
-825
-899
-967
-1008
-1011
-992
-970
-960
-956
-943
-904
-849
-802
-787
-811
-849
-858
-809
-708
-598
-531
-524
-552
-554
-487
-367
-246
-163
-120
-82
-14
91
210
302
349
361
366
381
408
446
492
542
583
590
554
485
418
380
371
364
327
263
199
175
189
201
163
71
-26
-60
5
131
231
238
163
77
57
134
268
386
435
417
368
331
328
352
383
412
433
449
454
428
375
307
257
259
307
365
389
352
269
179
124
122
155
186
180
125
32
-81
-179
-242
-269
-277
-300
-360
-461
-577
-681
-748
-768
-766
-758
-758
-762
-759
-746
-728
-710
-696
-676
-640
-584
-525
-479
-456
-443
-421
-376
-315
-262
-234
-227
-212
-161
-72
27
102
140
162
192
250
325
388
426
448
473
513
559
582
574
535
489
459
448
444
427
385
313
225
135
72
50
62
83
75
25
-55
-123
-142
-103
-36
15
22
-13
-60
-88
-82
-47
2
49
87
112
122
127
139
170
228
304
374
418
427
421
418
436
470
501
512
490
445
395
349
312
273
222
162
98
38
-15
-77
-156
-250
-339
-398
-422
-433
-459
-521
-609
-694
-743
-747
-725
-703
-703
-727
-752
-760
-743
-705
-655
-594
-526
-453
-380
-315
-265
-220
-163
-85
4
89
153
190
210
231
256
279
293
301
305
314
323
325
315
292
262
247
245
252
254
237
203
162
135
127
125
117
93
55
18
-10
-25
-29
-33
-38
-48
-59
-71
-78
-72
-56
-26
8
37
59
71
85
110
153
208
258
303
338
357
380
404
432
468
497
510
509
499
495
490
477
450
405
362
324
292
257
205
138
64
-6
-62
-115
-167
-228
-295
-362
-429
-483
-531
-570
-596
-623
-648
-675
-713
-731
-730
-712
-672
-646
-626
-603
-579
-539
-494
-444
-383
-320
-256
-202
-164
-125
-84
-36
16
64
103
136
162
185
206
227
248
273
296
319
337
343
343
341
340
347
358
364
365
352
330
304
274
249
229
222
217
205
184
148
108
76
56
57
69
80
81
71
56
45
43
53
73
89
100
96
85
74
62
59
61
57
47
34
23
15
5
-5
-19
-37
-54
-67
-73
-81
-94
-113
-135
-157
-170
-179
-186
-193
-205
-222
-241
-259
-267
-259
-246
-234
-226
-227
-233
-230
-220
-198
-172
-148
-126
-112
-103
-94
-84
-65
-41
-18
-1
3
-1
-4
-2
11
25
42
52
50
48
44
39
44
57
79
104
119
127
124
124
138
157
182
198
199
197
191
186
186
185
186
185
173
151
128
107
94
81
67
51
30
11
-3
-18
-24
-29
-37
-43
-47
-51
-50
-52
-54
-54
-51
-48
-45
-51
-63
-76
-82
-78
-71
-64
-71
-86
-100
-109
-109
-96
-86
-82
-88
-104
-113
-112
-98
-75
-62
-63
-65
-61
-50
-33
-14
-3
5
14
22
40
62
78
89
92
93
98
105
110
114
115
111
106
102
94
90
88
82
73
59
45
37
33
27
18
7
-10
-22
-31
-39
-42
-48
-55
-60
-66
-68
-61
-56
-53
-52
-52
-52
-46
-39
-30
-23
-19
-15
-13
-11
-9
-7
-6
-2
-2
-3
-4
-5
-5
-4
-1
2
5
5
2
0
1
2
7
8
10
12
12
14
15
16
16
13
12
9
7
7
6
5
2
-3
-9
-15
-19
-23
-27
-30
-32
-34
-37
-34
-30
-26
-22
-19
-16
-14
-7
-3
5
13
20
30
38
46
52
57
63
65
68
71
70
65
63
60
56
50
41
32
22
14
8
3
-6
-13
-21
-25
-28
-32
-35
-37
-40
-41
-43
-45
-45
-43
-41
-38
-36
-36
-36
-33
-31
-30
-32
-31
-31
-30
-26
-23
-18
-15
-14
-10
-7
-6
-3
0
3
6
8
9
17
22
23
27
27
27
29
29
31
32
33
32
30
29
25
24
21
16
10
5
1
-3
-4
-8
-10
-12
-16
-16
-15
-18
-21
-23
-24
-24
-21
-19
-17
-16
-16
-13
-11
-10
-9
-5
-1
2
9
12
15
18
20
23
27
30
33
31
31
29
30
30
28
28
21
13
6
1
1
2
-1
-7
-12
-17
-17
-18
-17
-16
-18
-19
-19
-20
-18
-16
-13
-11
-13
-13
-12
-9
-6
-5
-5
-5
-4
-4
-3
1
1
3
4
3
0
1
4
6
8
8
6
3
1
-1
-2
-2
-1
0
1
2
0
0
0
-1
-2
-3
-7
-6
-8
-7
-7
-8
-9
-11
-11
-11
-14
-16
-16
-20
-19
-19
-17
-16
-13
-10
-9
-9
-8
-3
0
5
10
13
18
22
26
30
31
34
36
37
36
35
34
33
31
28
25
21
17
12
7
3
1
2
4
3
4
3
0
2
4
4
5
5
7
9
14
16
15
15
14
12
9
6
5
2
-3
-6
-9
-11
-17
-22
-27
-32
-37
-41
-44
-45
-46
-47
-49
-54
-57
-57
-60
-63
-67
-71
-70
-69
-68
-67
-65
-62
-58
-55
-51
-48
-43
-38
-31
-24
-19
-11
-3
2
8
14
23
30
37
42
45
53
59
64
70
71
72
77
81
85
86
87
87
86
87
87
89
87
87
86
82
81
77
72
71
68
63
57
51
44
40
31
21
13
3
-1
-5
-10
-13
-17
-22
-27
-31
-35
-36
-36
-41
-43
-46
-46
-45
-46
-45
-45
-45
-42
-39
-38
-37
-37
-37
-37
-35
-33
-32
-30
-30
-32
-34
-35
-35
-34
-33
-36
-39
-38
-36
-35
-34
-33
-34
-30
-28
-25
-21
-20
-19
-14
-12
-10
-7
-5
-2
3
7
8
13
18
20
24
26
28
33
34
36
37
37
38
38
43
45
43
44
43
45
45
44
45
48
49
47
45
43
40
35
31
28
26
20
14
8
3
-2
-5
-6
-9
-11
-12
-13
-15
-18
-20
-20
-20
-21
-19
-20
-21
-22
-24
-24
-27
-31
-30
-28
-27
-25
-26
-23
-22
