0
1
2
1
-1
1
3
1
1
3
4
2
0
1
2
2
1
1
2
1
-2
3
3
-1
-2
-1
-2
-5
-4
-2
-2
-3
-4
-2
0
-3
-4
-1
-1
-5
-4
-3
-1
-3
-4
-1
0
-2
-4
-2
0
-2
-2
1
2
-1
-2
-1
3
2
1
3
3
1
-1
1
2
2
1
0
2
1
2
4
3
1
-2
0
3
0
-1
4
3
1
0
2
3
2
2
4
4
2
1
3
5
1
1
3
3
2
2
4
4
0
-2
0
1
-1
-2
0
-2
-5
-6
-4
-2
-5
-6
-5
-5
-8
-9
-6
-5
-7
-8
-5
-4
-4
-6
-3
-3
-5
-6
-4
-2
-3
-4
-1
-2
-3
-3
1
3
2
1
2
2
1
2
5
9
6
6
9
10
8
8
11
12
10
8
9
9
6
6
9
8
5
5
6
6
4
5
6
6
4
0
3
5
1
-1
-1
1
-3
-4
-2
-2
-4
-8
-7
-6
-7
-9
-8
-7
-8
-10
-11
-9
-9
-7
-5
-4
-3
-3
-2
-1
-3
-3
-3
-1
-1
2
6
3
-2
-5
-4
-4
-5
-5
-5
-7
-9
-10
-10
-10
-12
-16
-14
-15
-16
-16
-16
-16
-17
-17
-17
-15
-13
-12
-9
-6
-6
-3
0
4
7
10
15
20
21
24
29
32
34
32
33
35
35
36
38
39
38
37
36
34
32
30
28
27
27
24
21
21
19
14
11
9
5
2
-2
-2
-4
-9
-14
-16
-19
-22
-25
-28
-32
-35
-38
-38
-38
-41
-41
-42
-43
-45
-44
-43
-41
-42
-41
-37
-34
-31
-30
-28
-23
-16
-7
1
9
12
10
7
4
3
5
8
10
9
10
10
14
16
16
14
12
9
8
9
10
7
-1
-7
-10
-9
-7
-4
-2
-4
-7
-7
-3
3
9
9
13
20
26
33
42
49
51
53
56
61
70
72
71
71
65
67
69
68
65
59
54
54
48
43
39
33
26
20
13
8
4
2
-1
-8
-13
-18
-25
-32
-40
-47
-54
-59
-70
-77
-81
-89
-95
-100
-107
-109
-115
-114
-116
-122
-121
-120
-118
-118
-123
-122
-117
-114
-109
-105
-101
-94
-86
-75
-65
-58
-51
-42
-34
-27
-20
-11
-3
4
14
24
32
42
52
59
68
78
88
97
106
113
128
140
151
161
174
193
215
232
240
239
230
222
213
204
196
181
166
147
127
113
99
84
64
35
6
-22
-45
-68
-92
-117
-149
-178
-203
-220
-229
-242
-251
-259
-268
-261
-250
-234
-225
-218
-199
-175
-146
-116
-86
-57
-33
-12
12
36
59
74
90
104
113
121
127
134
136
136
138
138
136
135
129
129
128
119
115
114
113
114
108
102
97
91
87
78
61
44
27
17
0
-19
-40
-62
-81
-101
-118
-134
-154
-172
-192
-206
-214
-230
-240
-256
-269
-266
-263
-257
-258
-263
-255
-238
-221
-205
-198
-183
-158
-131
-97
-73
-60
-47
-28
2
31
58
70
73
83
110
164
230
284
324
354
402
479
563
640
671
652
622
578
561
569
565
542
467
367
305
289
307
306
238
123
-4
-97
-139
-168
-226
-336
-480
-598
-659
-671
-655
-663
-699
-741
-764
-731
-657
-576
-518
-496
-475
-430
-346
-236
-138
-70
-27
8
64
135
210
268
297
307
312
336
370
399
412
397
377
364
359
366
357
337
317
296
284
280
276
275
265
249
231
209
186
156
121
84
41
0
-38
-72
-103
-130
-153
-178
-199
-220
-240
-251
-263
-279
-295
-312
-323
-326
-332
-335
-336
-336
-326
-321
-317
-310
-303
-302
-297
-287
-277
-259
-239
-216
-185
-149
-110
-75
-45
-16
9
28
41
54
71
92
122
162
218
283
345
415
489
564
642
691
707
692
655
628
602
573
545
502
459
420
384
362
339
298
234
146
58
-21
-94
-166
-253
-352
-456
-538
-597
-636
-661
-694
-724
-752
-776
-755
-702
-646
-607
-589
-544
-465
-371
-275
-196
-132
-74
-13
62
147
222
273
314
355
397
439
474
495
502
494
490
497
491
475
449
422
409
400
389
377
359
348
340
327
308
273
228
178
131
90
44
-12
-84
-153
-211
-254
-288
-332
-383
-430
-470
-493
-507
-520
-535
-562
-584
-597
-609
-607
-602
-608
-615
-630
-628
-604
-582
-559
-543
-524
-481
-430
-364
-296
-236
-179
-124
-65
-5
51
93
119
133
150
186
248
333
434
541
660
794
934
1078
1213
1301
1351
1332
1260
1190
1126
1085
1041
958
858
763
701
669
644
587
478
326
161
20
-96
-211
-358
-540
-727
-885
-982
-1025
-1053
-1092
-1157
-1219
-1239
-1205
-1132
-1066
-1023
-983
-926
-815
-663
-510
-381
-290
-218
-142
-52
42
126
186
239
305
394
495
587
652
692
728
766
794
788
732
646
564
514
496
487
468
430
390
379
393
412
401
334
236
138
67
20
-31
-121
-243
-361
-437
-470
-484
-515
-576
-644
-699
-704
-672
-641
-631
-650
-657
-628
-563
-496
-452
-441
-454
-447
-408
-355
-312
-305
-317
-316
-278
-200
-108
-42
-3
29
82
165
253
307
315
283
243
245
299
392
498
593
694
828
1001
1213
1391
1459
1425
1308
1189
1110
1047
990
900
775
656
578
567
589
579
494
327
121
-56
-184
-292
-445
-663
-927
-1156
-1293
-1351
-1353
-1381
-1472
-1579
-1665
-1661
-1576
-1493
-1443
-1438
-1412
-1290
-1084
-845
-640
-511
-430
-346
-225
-72
83
203
289
376
496
660
830
966
1041
1067
1076
1093
1120
1126
1093
1030
966
929
924
934
934
918
893
879
874
858
803
706
585
461
352
255
156
30
-105
-230
-324
-393
-461
-543
-632
-711
-759
-774
-775
-788
-825
-865
-883
-871
-839
-815
-817
-837
-851
-839
-801
-760
-735
-727
-708
-662
-579
-476
-380
-314
-276
-242
-187
-108
-19
51
85
89
82
96
143
225
322
418
514
634
808
1037
1279
1459
1509
1415
1258
1127
1080
1107
1136
1095
973
838
767
785
833
816
680
456
237
96
45
-2
-152
-435
-779
-1065
-1209
-1226
-1206
-1245
-1360
-1490
-1549
-1499
-1390
-1311
-1301
-1327
-1305
-1169
-937
-679
-476
-361
-301
-229
-111
38
177
278
358
453
591
755
901
984
1006
992
986
1002
1017
1006
959
898
852
827
820
811
783
752
737
739
734
699
620
512
401
305
222
129
14
-117
-238
-329
-396
-458
-538
-632
-725
-790
-818
-829
-848
-889
-940
-972
-971
-946
-920
-917
-935
-957
-960
-939
-911
-895
-894
-885
-843
-750
-622
-493
-396
-337
-292
-227
-135
-34
42
80
83
86
125
213
338
470
606
768
983
1258
1558
1791
1881
1813
1641
1463
1354
1322
1321
1291
1209
1107
1036
1024
1025
968
813
590
377
243
192
161
46
-208
-555
-891
-1134
-1258
-1318
-1387
-1485
-1579
-1608
-1546
-1452
-1404
-1444
-1537
-1587
-1516
-1315
-1050
-804
-625
-505
-397
-281
-169
-90
-47
1
106
293
530
754
905
964
969
957
945
922
875
822
795
823
895
964
980
929
852
794
779
787
770
709
620
540
491
454
377
232
40
-139
-252
-294
-315
-369
-476
-600
-687
-711
-698
-699
-748
-829
-884
-876
-819
-759
-751
-800
-866
-898
-881
-841
-821
-845
-876
-864
-775
-625
-482
-395
-382
-404
-390
-307
-171
-47
4
-25
-84
-104
-47
69
195
294
396
585
929
1395
1827
2029
1900
1506
1070
810
807
975
1138
1171
1092
1022
1051
1130
1110
880
469
64
-127
-29
239
433
353
-9
-468
-823
-991
-1054
-1134
-1276
-1408
-1386
-1153
-819
-608
-677
-973
-1283
-1402
-1284
-1012
-728
-540
-425
-292
-107
53
77
-56
-223
-284
-153
154
535
840
984
982
944
928
913
854
685
470
346
383
548
677
655
539
422
379
378
371
402
490
593
652
597
397
97
-210
-425
-526
-560
-574
-567
-578
-631
-690
-662
-494
-343
-372
-537
-663
-654
-581
-553
-616
-751
-918
-1028
-1020
-944
-888
-848
-736
-544
-361
-262
-217
-163
-136
-134
-96
17
159
239
229
95
-213
-588
-680
-161
1055
2891
5062
6784
7012
5393
2701
45
-2003
-3204
-3345
-2676
-1981
-1627
-1160
-465
-303
-1181
-2319
-2705
-2345
-1516
-60
1931
3347
3285
2284
1239
101
-1451
-2790
-3008
-2190
-1074
97
1309
1844
1009
-710
-2056
-2416
-2094
-1334
-32
1669
3123
3807
3658
2807
1409
-151
-1210
-1339
-724
77
760
1348
1755
1673
1006
136
-470
-725
-753
-544
-158
112
59
-137
-155
0
109
162
246
305
277
244
274
162
-363
-1149
-1734
-1866
-1662
-1388
-1198
-1146
-1219
-1255
-1031
-564
-113
145
272
393
477
419
238
5
-268
-543
-700
-669
-562
-591
-811
-1099
-1316
-1423
-1414
-1237
-816
-143
669
1403
1884
1995
1692
1105
513
239
336
504
489
251
-36
-101
218
910
1976
3701
6060
7932
7738
5078
1180
-2469
-5117
-6397
-6156
-5013
-4043
-3438
-2435
-805
512
695
93
-521
-644
119
1931
4088
5098
4066
1644
-908
-2817
-3983
-4635
-4929
-4691
-3524
-1396
866
2069
1806
711
-311
-676
-83
1457
3376
4766
5135
4713
3807
2310
142
-2128
-3584
-3818
-3165
-2104
-936
-18
330
310
654
1746
2948
3370
2969
2455
2210
1850
995
-146
-1175
-1989
-2552
-2583
-1963
-1221
-1078
-1555
-1933
-1676
-1028
-494
-173
157
527
730
664
404
-54
-839
-1802
-2365
-2086
-1227
-563
-519
-787
-863
-683
-537
-504
-400
-184
-31
18
144
320
161
-556
-1417
-1754
-1413
-798
-251
295
980
1628
1957
1980
1879
1683
1283
821
744
1155
1451
998
-33
-825
-902
-394
841
3439
7098
9760
9347
5973
1587
-2344
-5632
-7938
-8348
-6895
-4921
-3303
-1416
1167
3039
2618
577
-877
-658
500
1813
3308
4485
3950
1341
-1841
-4024
-5350
-6752
-7782
-6931
-3918
-230
2594
4119
4426
3444
1571
135
217
1445
2652
3358
3891
4135
3245
846
-2184
-4604
-5893
-6104
-5170
-3090
-583
1285
2184
2679
3266
3798
3999
3958
3833
3450
2545
1248
-103
-1442
-2848
-4156
-4910
-4742
-3739
-2319
-919
155
818
1152
1283
1310
1317
1346
1337
1144
703
128
-507
-1290
-2264
-3152
-3477
-3049
-2136
-1094
-101
711
1149
1132
862
639
483
229
-99
-271
-246
-285
-599
-1074
-1424
-1546
-1512
-1271
-691
222
1252
2097
2569
2651
2449
2092
1615
1028
508
241
87
-301
-917
-1306
-1192
-634
668
3467
7487
10546
10421
7149
2634
-1659
-5474
-8333
-9220
-8186
-6517
-4802
-2287
1170
3728
3574
1458
-345
-750
-193
909
2577
4019
3745
1535
-1187
-3361
-5370
-7636
-9111
-8307
-5294
-1465
2065
4736
5894
5075
2988
1199
511
454
590
1241
2551
3640
3371
1599
-903
-3370
-5338
-6232
-5506
-3382
-852
1311
3106
4751
5947
6122
5253
4063
3169
2556
1918
1050
-68
-1477
-3117
-4458
-4911
-4466
-3592
-2622
-1458
56
1644
2752
3079
2658
1766
843
263
85
-22
-433
-1154
-1923
-2557
-2969
-3105
-2922
-2434
-1690
-640
673
1797
2148
1643
769
62
-390
-779
-1073
-1112
-1010
-1057
-1311
-1562
-1652
-1640
-1572
-1173
-205
1074
2164
2722
2721
2397
1908
1322
786
357
95
74
86
-150
-652
-1134
-1210
-766
295
2563
6283
10089
11745
10155
6197
1434
-3487
-8096
-11011
-11214
-9360
-6776
-3758
146
4056
5810
4693
2366
722
226
464
1356
2788
3612
2690
387
-2217
-4753
-7414
-9733
-10304
-8301
-4455
-57
3936
6688
7473
6282
4112
2137
638
-601
-1258
-742
705
1908
1871
587
-1360
-3478
-5289
-6041
-5234
-3206
-736
1789
4381
6759
8092
7733
6053
4033
2233
669
-829
-2230
-3267
-3807
-3829
-3288
-2362
-1524
-1082
-937
-620
320
1632
2612
2840
2408
1818
1373
850
26
-1082
-2301
-3308
-3780
-3515
-2573
-1472
-698
-183
355
965
1403
1358
927
490
235
171
121
-213
-905
-1776
-2541
-2863
-2658
-2063
-1240
-419
332
1146
1988
2594
2699
2236
1459
731
198
-128
-348
-584
-723
-672
-595
-610
-509
-12
846
1900
3557
6528
9997
11584
9847
5620
804
-3722
-7954
-10928
-11365
-9658
-7180
-4323
-511
3772
6350
5960
3983
2293
1302
650
434
904
1280
454
-1275
-2920
-4530
-6705
-8991
-9799
-8189
-4935
-1137
2817
6319
8151
7706
5795
3708
1696
-604
-2570
-2941
-1574
179
900
402
-708
-2082
-3517
-4394
-4101
-2650
-598
1661
4245
7003
9032
9365
7751
4956
2257
213
-1388
-2774
-3966
-4475
-4076
-3230
-2174
-1133
-528
-456
-609
-137
1447
3219
3970
3567
2630
1718
814
-384
-1715
-2960
-4079
-4661
-4275
-3080
-1740
-952
-671
-315
256
862
1371
1575
1319
673
-115
-723
-1244
-2062
-3035
-3544
-3242
-2295
-1193
-262
513
1101
1429
1636
1840
1939
1699
1081
482
360
598
600
73
-648
-1002
-879
-633
-351
248
1137
2124
3547
6137
9613
11902
11026
7209
2295
-2401
-6733
-10317
-12003
-11310
-9015
-5824
-1644
3159
6765
7442
5576
3106
1366
389
-85
-27
269
95
-791
-2029
-3536
-5743
-8474
-10328
-9844
-7010
-2941
1384
5322
8023
8629
7237
4868
2259
-519
-3067
-4200
-3176
-915
790
1064
343
-725
-1963
-3159
-3736
-3231
-1755
391
3169
6389
9140
10219
9184
6666
3623
678
-1935
-4026
-5267
-5493
-4703
-3107
-1232
316
1128
1271
1217
1409
1961
2570
2819
2564
2013
1431
775
-228
-1669
-3249
-4492
-5030
-4744
-3757
-2412
-1130
-137
602
1187
1540
1430
807
-71
-823
-1250
-1466
-1710
-2067
-2442
-2665
-2605
-2242
-1654
-958
-307
279
904
1545
2017
2082
1700
1103
568
215
-42
-312
-503
-426
-87
265
435
548
805
1305
2302
4355
7527
10427
11066
8741
4547
-43
-4491
-8538
-11226
-11588
-9769
-6622
-2584
2118
6292
8152
7133
4533
2086
471
-440
-726
-479
-175
-324
-1001
-2188
-4104
-6671
-8929
-9521
-7916
-4672
-615
3515
6793
8304
7834
6022
3597
806
-2039
-3973
-4065
-2541
-703
337
408
-114
-1007
-2148
-3073
-3228
-2453
-927
1241
4003
6900
8952
9359
8121
5777
2857
-239
-3064
-5137
-6131
-6003
-4822
-2856
-750
860
1778
2198
2367
2356
2215
2037
1795
1390
896
480
28
-807
-2107
-3459
-4378
-4717
-4475
-3579
-2132
-593
572
1316
1814
1972
1532
613
-287
-843
-1176
-1518
-1871
-2139
-2330
-2429
-2315
-1955
-1482
-996
-388
459
1420
2179
2501
2367
1923
1366
890
572
333
88
-219
-577
-825
-761
-344
421
1876
4679
8564
11645
11909
9064
4548
-271
-5014
-9154
-11492
-11436
-9621
-6712
-2583
2561
6946
8498
7090
4412
1992
285
-649
-714
-279
-122
-496
-1083
-2062
-4125
-7132
-9520
-9735
-7740
-4443
-495
3568
6656
7668
6741
5049
3220
966
-1584
-3236
-2998
-1446
-116
167
-297
-1034
-1975
-3040
-3741
-3574
-2450
-569
1890
4704
7268
8725
8556
6947
4595
2092
-348
-2621
-4429
-5296
-4923
-3517
-1684
-58
1012
1530
1702
1748
1797
1849
1790
1527
1102
697
438
167
-445
-1503
-2635
-3313
-3329
-2909
-2328
-1635
-783
115
800
1118
1088
746
136
-563
-1051
-1181
-1155
-1288
-1622
-1912
-1966
-1830
-1649
-1454
-1171
-720
-96
607
1229
1611
1695
1545
1211
775
441
266
25
-507
-1149
-1415
-1127
-352
1287
4437
8475
11237
10932
7829
3569
-869
-5347
-9076
-10705
-9959
-7867
-5130
-1440
2971
6286
6849
5141
3003
1606
939
839
1303
1838
1663
692
-620
-2283
-4727
-7620
-9517
-9212
-6843
-3253
858
4669
6987
7077
5544
3656
1912
62
-1598
-2032
-833
965
1877
1412
72
-1658
-3568
-5158
-5619
-4572
-2470
38
2715
5438
7638
8388
7306
4945
2224
-164
-1937
-2960
-3172
-2776
-2161
-1647
-1317
-1100
-961
-875
-725
-324
426
1402
2271
2682
2455
1663
533
-699
-1835
-2680
-3019
-2776
-2099
-1278
-564
-108
-4
-216
-530
-651
-457
-109
171
297
268
54
-388
-964
-1478
-1804
-1916
-1775
-1336
-687
-45
439
770
986
1115
1196
1350
1611
1812
1745
1289
498
-432
-1236
-1632
-1333
-105
2186
5206
7872
8967
7922
5094
1352
-2516
-5729
-7514
-7644
-6556
-4796
-2552
60
2348
3306
2673
1175
-142
-602
-50
1298
2798
3519
2943
1324
-811
-3165
-5545
-7410
-7949
-6800
-4284
-1060
2067
4185
4603
3430
1677
344
-308
-422
32
1163
2599
3522
3353
2104
71
-2351
-4498
-5508
-4932
-3119
-786
1574
3750
5406
6086
5629
4282
2487
702
-641
-1218
-1038
-473
48
267
67
-552
-1422
-2239
-2684
-2534
-1684
-241
1334
2434
2724
2301
1437
321
-845
-1748
-2175
-2188
-1961
-1548
-982
-492
-407
-769
-1259
-1511
-1415
-1031
-480
79
457
531
300
-178
-816
-1461
-1917
-2057
-1859
-1376
-736
-104
429
857
1193
1408
1445
1364
1205
847
317
-115
-216
79
913
2775
5751
8501
9101
6854
2768
-1619
-5460
-8173
-8882
-7423
-4888
-2420
-51
2678
5055
5456
3521
711
-1304
-1888
-1182
535
2510
3331
2229
-59
-2321
-4168
-5805
-6828
-6259
-3875
-551
2704
5269
6477
5603
2836
-336
-2355
-2912
-2550
-1491
346
2480
3793
3588
2167
248
-1696
-3254
-3851
-3145
-1489
334
1836
2964
3696
3836
3195
1908
419
-759
-1284
-1171
-730
-322
-127
-106
-153
-182
-150
-140
-293
-614
-913
-966
-802
-706
-854
-1095
-1109
-695
6
644
888
619
-2
-662
-1112
-1280
-1294
-1333
-1389
-1292
-888
-301
123
175
-54
-320
-455
-448
-373
-292
-295
-455
-673
-783
-685
-380
6
385
764
1145
1491
1619
1311
716
231
105
451
1497
3685
6812
9320
9446
6749
2281
-2505
-6713
-9501
-9945
-8159
-5497
-3148
-1059
1368
3640
4439
3518
1994
1029
931
1468
2443
3277
2815
511
-2761
-5582
-7227
-7797
-7375
-5755
-3125
-191
2430
4373
5209
4551
2713
879
116
460
1307
2171
2795
2775
1677
-285
-2258
-3506
-3885
-3539
-2430
-634
1276
2578
3040
3020
2939
2785
2431
2001
1646
1338
853
98
-725
-1422
-1960
-2287
-2195
-1511
-425
535
945
810
398
-64
-503
-844
-961
-842
-649
-501
-371
-252
-300
-648
-1133
-1377
-1198
-764
-339
-124
-218
-605
-1094
-1366
-1254
-879
-443
15
473
759
647
61
-830
-1678
-2123
-1897
-1057
-63
647
961
999
908
764
679
696
842
1534
3495
6662
9420
9731
6941
2175
-2820
-6700
-8430
-7518
-4959
-2780
-2062
-2032
-1439
-361
208
120
129
739
1822
3216
4818
5785
4757
1451
-2663
-5730
-6998
-6762
-5416
-3305
-1136
339
1049
1386
1413
907
111
-122
750
2325
3866
4954
5301
4504
2464
-67
-1956
-2690
-2557
-1964
-1070
-132
371
267
-2
149
810
1585
2210
2721
3050
2916
2119
864
-360
-1219
-1617
-1550
-1120
-571
-297
-544
-1149
-1716
-1937
-1806
-1493
-1064
-521
17
338
273
-129
-678
-1194
-1480
-1370
-884
-295
-4
-202
-795
-1511
-2074
-2301
-2131
-1632
-949
-248
275
476
371
132
-103
-301
-362
-118
423
905
952
646
322
76
-245
-605
-639
-150
787
2252
4564
7466
9492
9062
5963
1476
-2750
-5659
-6695
-5760
-3798
-2382
-2206
-2531
-2237
-1236
-262
424
1118
1921
2626
3174
3668
3722
2560
170
-2319
-3768
-4041
-3704
-3151
-2481
-1933
-1746
-1643
-1126
-225
566
1004
1426
2130
2865
3257
3289
3120
2707
1959
1091
485
214
-11
-421
-938
-1436
-1902
-2215
-2065
-1206
243
1811
3038
3632
3469
2648
1512
508
-48
-145
0
103
-78
-617
-1400
-2160
-2602
-2596
-2229
-1707
-1221
-818
-471
-155
106
211
52
-361
-836
-1091
-1005
-711
-453
-404
-613
-1031
-1482
-1721
-1650
-1420
-1202
-999
-714
-349
-28
165
233
182
3
-181
-224
-115
99
389
721
960
910
632
436
709
1838
4036
6811
8733
8343
5407
1188
-2536
-4615
-4726
-3324
-1740
-1432
-2667
-4179
-4480
-3426
-1936
-634
453
1336
1915
2401
3154
3811
3390
1630
-453
-1741
-2166
-2361
-2558
-2552
-2435
-2495
-2498
-1876
-660
348
589
446
587
1090
1697
2428
3364
4077
3895
2779
1483
668
280
-7
-246
-344
-440
-737
-1048
-914
-219
596
1071
1194
1223
1231
1083
798
653
798
1026
1034
776
399
-81
-789
-1636
-2222
-2241
-1859
-1527
-1463
-1532
-1563
-1576
-1592
-1462
-1087
-670
-503
-579
-615
-461
-319
-421
-703
-937
-1059
-1179
-1338
-1440
-1484
-1569
-1664
-1546
-1059
-366
227
609
812
798
514
113
-117
-16
285
599
866
1047
1247
1875
3387
5551
7171
7030
4981
2051
-366
-1367
-891
211
455
-1105
-3820
-5911
-5986
-4142
-1590
443
1251
864
51
-145
694
1891
2387
1882
933
163
-263
-523
-746
-996
-1356
-1720
-1766
-1392
-977
-1013
-1514
-1892
-1553
-458
1012
2420
3404
3646
3026
1906
1017
834
1163
1432
1285
761
30
-732
-1208
-1008
-96
952
1448
1215
614
60
-260
-248
168
823
1259
1136
589
3
-404
-649
-748
-627
-388
-358
-768
-1516
-2291
-2796
-2845
-2330
-1344
-296
318
297
-146
-635
-951
-1065
-1029
-935
-906
-995
-1136
-1186
-1101
-1003
-978
-985
-942
-832
-674
-386
133
742
1092
982
546
22
-463
-783
-678
-43
846
1730
2806
4350
5803
6022
4538
2144
190
-538
-57
1058
1708
761
-1754
-4278
-5070
-3857
-1820
-218
339
-226
-1409
-2093
-1308
570
2021
2054
1124
219
-236
-334
-197
44
47
-363
-822
-957
-953
-1178
-1511
-1460
-863
-64
646
1247
1632
1559
1128
915
1298
1969
2292
1980
1229
356
-367
-650
-296
503
1262
1596
1471
1090
667
370
351
594
851
836
497
55
-271
-434
-489
-479
-410
-317
-249
-202
-171
-256
-572
-1087
-1577
-1788
-1662
-1376
-1174
-1199
-1384
-1509
-1369
-968
-557
-399
-562
-867
-1052
-990
-746
-519
-514
-790
-1225
-1634
-1874
-1867
-1600
-1147
-637
-200
86
200
172
138
263
665
1425
2554
3921
4990
4956
3584
1559
26
-230
574
1496
1521
137
-2066
-3615
-3386
-1592
369
1134
400
-1165
-2414
-2364
-912
957
1812
1074
-418
-1350
-1156
-193
817
1360
1331
939
614
624
732
544
69
-275
-174
221
526
541
301
-44
-210
122
965
1862
2240
1951
1356
899
736
759
831
844
746
616
559
558
456
120
-342
-666
-683
-395
44
413
510
265
-163
-491
-551
-414
-307
-398
-678
-1039
-1359
-1527
-1534
-1477
-1506
-1699
-1919
-1962
-1749
-1360
-951
-667
-630
-894
-1306
-1526
-1341
-870
-408
-155
-119
-284
-627
-964
-1049
-819
-450
-95
246
500
443
-12
-597
-910
-667
348
2222
4409
5568
4660
2253
196
-40
1360
2958
3261
1643
-1189
-3414
-3407
-1321
938
1485
59
-2168
-3718
-3585
-1720
710
1862
874
-1094
-2068
-1296
267
1317
1371
732
-13
-272
232
1013
1186
520
-254
-363
159
758
1147
1366
1368
1112
856
896
1084
988
608
422
629
847
650
166
-129
25
567
1294
1864
1854
1147
230
-171
181
802
1082
813
158
-557
-960
-784
-142
384
236
-567
-1524
-2167
-2312
-1984
-1346
-765
-651
-1035
-1513
-1708
-1618
-1449
-1289
-1133
-1078
-1229
-1444
-1481
-1339
-1200
-1172
-1148
-1032
-878
-708
-489
-275
-193
-288
-441
-543
-593
-591
-543
-458
-182
717
2460
4299
4869
3668
1780
831
1379
2542
2990
1935
-357
-2559
-3125
-1720
240
964
1
-1664
-2735
-2424
-702
1438
2236
702
-1936
-3187
-1956
429
1913
1678
342
-992
-1428
-612
837
1617
1106
83
-283
231
974
1457
1683
1662
1384
1176
1418
1871
1864
1263
641
392
254
-78
-391
-364
-83
218
565
959
1104
836
518
606
935
946
506
32
-149
-100
60
323
532
369
-161
-616
-659
-484
-481
-719
-998
-1246
-1518
-1787
-1950
-1999
-1971
-1756
-1278
-796
-743
-1219
-1793
-1970
-1647
-1060
-564
-488
-934
-1534
-1646
-1044
-235
102
-211
-875
-1457
-1625
-1253
-573
80
796
1934
3135
3317
2154
850
825
1990
2978
2737
1219
-907
-2413
-2044
100
2056
1833
-357
-2495
-3056
-1966
48
1817
1895
-231
-2871
-3462
-1553
710
1259
167
-1148
-1611
-902
744
2273
2282
676
-861
-765
643
1931
2413
2357
1996
1419
1121
1556
2215
2160
1384
778
764
849
687
577
746
889
833
874
1086
1020
487
56
241
692
782
521
302
146
-191
-584
-655
-470
-436
-575
-528
-257
-199
-573
-1028
-1223
-1227
-1180
-1064
-976
-1220
-1829
-2336
-2342
-2043
-1892
-2033
-2303
-2516
-2470
-1959
-1127
-547
-563
-864
-932
-645
-252
22
14
-393
-967
-1217
-992
-554
120
1392
2891
3365
2307
950
820
1828
2667
2513
1477
-6
-1198
-1146
144
1135
442
-1277
-2218
-1728
-526
666
1391
891
-1060
-2901
-2573
-238
1700
1483
-246
-1773
-2097
-1115
630
1835
1260
-631
-1795
-973
901
2144
2266
1839
1325
1004
1337
2378
3188
2802
1549
617
541
846
1035
1082
985
657
372
593
1225
1608
1397
982
792
773
739
738
793
665
226
-219
-309
-125
-31
-210
-590
-1058
-1485
-1622
-1330
-859
-647
-881
-1341
-1716
-1866
-1820
-1702
-1655
-1767
-1995
-2209
-2292
-2187
-1947
-1760
-1808
-1957
-1863
-1407
-806
-353
-181
-321
-687
-942
-850
-629
-418
283
1845
3275
3010
1198
-99
463
1961
2731
2220
848
-746
-1551
-664
1161
1779
328
-1559
-2014
-1102
113
1109
1393
159
-2145
-3237
-1656
987
1921
546
-1462
-2465
-1929
-67
2032
2560
815
-1462
-1884
-231
1670
2375
1934
989
179
309
1728
3373
3586
2112
415
-172
302
1083
1622
1555
705
-359
-534
498
1736
2092
1634
1122
916
937
1163
1496
1495
884
134
-51
309
590
466
133
-204
-535
-730
-614
-400
-553
-1104
-1566
-1602
-1401
-1292
-1397
-1752
-2342
-2875
-2915
-2432
-1908
-1779
-2010
-2279
-2300
-1939
-1343
-883
-822
-1041
-1217
-1145
-827
-534
-649
-1001
-612
1011
2530
2177
349
-618
484
2332
3116
2437
838
-866
-1408
-35
1901
1964
-187
-2245
-2424
-1264
32
901
710
-1104
-3365
-3567
-1140
1384
1525
-336
-2064
-2238
-772
1519
3040
2365
82
-1349
-457
1554
2612
2154
1043
188
170
1301
3007
3782
2808
1116
365
920
1841
2270
2023
1221
259
-102
537
1480
1648
908
106
-79
322
953
1445
1402
739
10
-88
461
1061
1219
907
314
-290
-571
-439
-255
-420
-874
-1250
-1367
-1298
-1115
-902
-896
-1250
-1786
-2211
-2432
-2518
-2499
-2411
-2432
-2631
-2792
-2688
-2355
-2001
-1794
-1780
-1784
-1504
-923
-411
-52
672
1825
2307
1379
166
358
1792
2675
2048
631
-598
-1105
-524
795
1336
19
-1914
-2275
-906
448
773
405
-428
-1668
-2349
-1361
500
1092
-233
-1931
-2403
-1435
240
1562
1451
-180
-1644
-1084
1126
2810
2667
1377
319
284
1440
3247
4332
3621
1814
788
1400
2692
3308
2815
1550
208
-278
588
2021
2479
1412
-85
-666
-126
793
1310
1060
181
-618
-497
566
1613
1700
819
-271
-833
-625
36
448
71
-885
-1619
-1566
-967
-512
-623
-1175
-1728
-1924
-1814
-1778
-2097
-2648
-3088
-3184
-2927
-2498
-2219
-2271
-2417
-2247
-1760
-1336
-1163
-1137
-1132
-896
26
1452
2077
1019
-513
-426
1429
3025
2808
1238
-341
-968
-207
1477
2410
1252
-980
-1890
-768
853
1529
1148
-43
-1737
-2756
-1841
244
1115
-268
-2392
-3229
-2251
-268
1453
1647
17
-1897
-1968
12
2113
2648
1753
617
203
906
2385
3402
2830
1155
161
815
2240
2979
2500
1256
111
-40
1102
2603
2960
1752
190
-319
369
1355
1729
1159
18
-786
-519
556
1390
1283
506
-208
-353
166
947
1216
586
-367
-695
-250
211
41
-681
-1440
-1755
-1420
-770
-614
-1417
-2611
-3180
-2795
-2041
-1685
-1996
-2696
-3187
-2914
-1945
-1164
-1452
-2525
-2962
-1707
468
1593
776
-748
-1118
44
1454
1793
852
-552
-1208
-439
1044
1587
454
-1195
-1743
-1008
93
884
977
21
-1545
-2191
-988
879
1444
320
-1217
-1891
-1227
477
2015
1905
187
-1136
-469
1340
2335
1936
1023
427
520
1494
2862
3351
2382
1047
764
1509
2228
2377
2082
1438
717
613
1373
2104
1771
637
-160
-93
402
719
574
-38
-789
-1047
-496
351
668
239
-403
-615
-219
468
900
677
-81
-719
-679
-101
320
82
-661
-1343
-1497
-1058
-421
-215
-745
-1584
-1948
-1599
-1075
-972
-1376
-1961
-2294
-2092
-1493
-1037
-959
-749
-109
244
-296
-895
-310
1055
1488
346
-1205
-1878
-1478
-488
310
37
-1323
-2364
-1776
-245
488
29
-688
-1157
-1539
-1558
-777
109
-150
-1452
-2388
-2060
-834
441
1006
400
-896
-1351
-46
1903
2638
1865
868
727
1497
2710
3657
3543
2388
1426
1784
3009
3695
3245
2233
1398
1156
1672
2614
3028
2265
930
247
586
1223
1359
842
14
-576
-440
350
998
780
-74
-695
-592
-52
366
324
-232
-1014
-1459
-1286
-923
-1023
-1615
-2124
-2152
-1845
-1512
-1349
-1482
-1861
-2106
-1894
-1453
-1271
-1431
-1629
-1709
-1704
-1593
-1446
-1496
-1595
-1051
228
1040
431
-682
-638
602
1471
1006
-183
-1058
-1133
-432
470
548
-492
-1475
-1161
1
656
476
105
-276
-894
-1296
-800
106
179
-779
-1715
-1744
-880
335
1087
636
-673
-1263
-118
1737
2512
1862
910
623
1120
2094
2939
2885
1859
930
1096
2037
2673
2547
1958
1223
640
723
1573
2342
2140
1193
502
537
964
1325
1355
884
80
-383
-62
568
724
321
-145
-393
-467
-366
-164
-214
-698
-1213
-1297
-1065
-932
-1009
-1181
-1433
-1639
-1554
-1236
-1107
-1328
-1623
-1760
-1811
-1802
-1653
-1529
-1640
-1806
-1734
-1428
-836
233
1254
1017
-482
-1347
-184
1713
2016
402
-1445
-2102
-1375
130
1109
287
-1781
-2757
-1493
374
883
189
-612
-1330
-1917
-1521
-46
833
-139
-1875
-2526
-1705
-175
1223
1534
173
-1631
-1531
810
2918
2776
1231
262
552
1658
2989
3703
3047
1635
1122
2030
3054
3051
2379
1762
1262
972
1365
2229
2455
1563
471
188
581
996
1144
922
228
-510
-481
336
942
652
-67
-459
-392
-113
233
368
-100
-986
-1459
-1153
-700
-810
-1384
-1915
-2168
-2123
-1815
-1533
-1718
-2256
-2500
-2193
-1795
-1706
-1774
-1774
-1772
-1791
-1634
-1190
-525
240
721
424
-416
-620
509
1942
2016
517
-1152
-1612
-643
857
1485
440
-1421
-2193
-1113
536
1153
539
-556
-1533
-1884
-1147
197
728
-233
-1691
-2228
-1445
89
1422
1559
254
-1204
-1077
644
2190
2267
1338
531
426
1115
2284
3028
2598
1499
978
1396
2006
2237
2189
1924
1370
903
1070
1669
1921
1543
979
621
509
652
965
1027
525
-157
-348
26
459
584
436
136
-197
-338
-141
166
188
-146
-539
-719
-710
-687
-754
-907
-1117
-1357
-1552
-1630
-1603
-1581
-1662
-1849
-2094
-2299
-2293
-2006
-1675
-1601
-1632
-1246
-375
232
-53
-836
-1119
-511
383
693
35
-1226
-2098
-1664
-180
890
431
-985
-1878
-1600
-656
248
661
250
-875
-1772
-1489
-353
376
62
-810
-1479
-1448
-491
964
1734
1078
-125
-332
692
1820
2230
2084
1760
1462
1519
2092
2654
2586
2162
2108
2399
2404
2040
1809
1857
1864
1794
1857
1895
1606
1221
1197
1389
1266
819
501
442
410
360
388
339
64
-154
-3
253
145
-289
-618
-653
-564
-509
-577
-864
-1301
-1579
-1534
-1401
-1450
-1632
-1784
-1900
-2008
-2033
-1995
-2045
-2209
-2310
-2198
-1926
-1658
-1549
-1675
-1866
-1713
-1052
-322
-118
-514
-1011
-1142
-820
-303
16
-139
-649
-1009
-848
-333
104
243
134
-73
-180
6
437
763
681
294
0
52
368
667
691
410
101
98
439
816
893
687
524
658
1026
1348
1427
1304
1182
1232
1453
1679
1737
1611
1454
1409
1448
1448
1382
1330
1341
1361
1317
1196
1051
955
933
936
873
724
562
458
395
326
279
296
362
404
346
214
108
108
176
175
8
-288
-568
-706
-676
-591
-616
-835
-1164
-1442
-1558
-1513
-1412
-1415
-1615
-1916
-2076
-1950
-1635
-1399
-1433
-1699
-1965
-1936
-1546
-1043
-800
-978
-1366
-1588
-1424
-978
-593
-574
-901
-1216
-1174
-753
-257
-34
-187
-519
-692
-508
-92
226
207
-79
-369
-451
-284
-4
173
121
-73
-189
-79
231
591
838
894
820
781
943
1309
1737
2053
2158
2072
1952
1992
2242
2538
2646
2471
2133
1868
1829
1979
2123
2054
1763
1443
1283
1306
1380
1352
1163
889
656
527
457
366
232
112
50
19
-44
-166
-314
-413
-432
-431
-506
-687
-895
-1025
-1072
-1114
-1222
-1387
-1537
-1623
-1667
-1727
-1845
-1983
-2044
-1990
-1891
-1853
-1901
-1965
-1943
-1779
-1526
-1310
-1236
-1304
-1394
-1381
-1236
-1021
-849
-804
-885
-963
-895
-649
-322
-64
24
-36
-129
-121
37
251
345
233
-17
-248
-343
-292
-190
-140
-169
-202
-162
-39
120
273
435
615
796
945
1064
1186
1359
1602
1855
2029
2086
2084
2135
2279
2439
2489
2384
2193
2048
2028
2074
2054
1886
1634
1431
1360
1354
1275
1050
744
502
412
427
398
245
32
-99
-68
52
99
-26
-266
-472
-529
-463
-423
-536
-782
-1035
-1174
-1172
-1110
-1114
-1252
-1500
-1758
-1912
-1921
-1839
-1783
-1834
-1974
-2079
-2016
-1759
-1447
-1253
-1247
-1349
-1399
-1299
-1105
-971
-992
-1123
-1218
-1163
-977
-776
-659
-633
-624
-547
-396
-228
-115
-92
-141
-211
-264
-289
-293
-278
-250
-211
-164
-111
-40
60
177
285
376
475
609
788
985
1150
1252
1327
1439
1626
1844
2009
2085
2109
2149
2232
2322
2340
2256
2120
2025
2023
2063
2046
1929
1744
1561
1419
1294
1140
938
736
605
577
596
564
426
224
48
-34
-25
-15
-100
-303
-538
-693
-731
-721
-777
-951
-1199
-1410
-1502
-1485
-1472
-1575
-1799
-2036
-2148
-2092
-1940
-1798
-1721
-1666
-1554
-1355
-1155
-1067
-1127
-1248
-1304
-1238
-1116
-1066
-1135
-1244
-1256
-1110
-885
-733
-735
-817
-838
-725
-536
-410
-442
-591
-720
-726
-619
-493
-427
-411
-391
-315
-183
-18
154
330
506
656
765
846
961
1152
1386
1581
1675
1689
1728
1879
2121
2334
2402
2310
2168
2106
2151
2215
2189
2045
1868
1753
1721
1701
1599
1409
1210
1087
1054
1044
981
859
734
663
647
616
500
305
104
-24
-67
-93
-189
-380
-619
-821
-931
-982
-1040
-1169
-1361
-1550
-1665
-1691
-1686
-1728
-1855
-2022
-2128
-2076
-1866
-1605
-1420
-1385
-1456
-1514
-1471
-1340
-1212
-1162
-1196
-1245
-1223
-1114
-978
-885
-857
-870
-864
-815
-735
-664
-626
-632
-673
-732
-788
-812
-783
-710
-623
-555
-519
-492
-421
-282
-99
83
239
384
555
773
1015
1236
1411
1557
1711
1899
2108
2293
2426
2505
2553
2593
2626
2629
2589
2523
2458
2400
2330
2216
2052
1863
1679
1520
1376
1228
1072
924
813
741
667
553
382
182
11
-88
-129
-167
-269
-454
-670
-845
-937
-975
-1035
-1180
-1393
-1597
-1711
-1719
-1694
-1722
-1839
-1999
-2095
-2063
-1909
-1722
-1598
-1568
-1595
-1601
-1544
-1448
-1380
-1370
-1395
-1395
-1319
-1176
-1024
-919
-870
-843
-790
-693
-586
-510
-475
-473
-481
-480
-474
-467
-460
-452
-434
-391
-334
-264
-181
-85
20
128
248
382
518
659
801
952
1111
1280
1456
1623
1769
1897
2015
2137
2248
2335
2390
2406
2399
2373
2335
2278
2191
2069
1935
1807
1684
1557
1417
1270
1129
1010
919
837
737
612
474
350
244
136
7
-153
-333
-509
-662
-790
-906
-1026
-1152
-1280
-1401
-1498
-1566
-1613
-1647
-1683
-1719
-1737
-1716
-1655
-1569
-1495
-1458
-1460
-1476
-1475
-1441
-1391
-1357
-1349
-1361
-1357
-1307
-1220
-1135
-1067
-1021
-990
-954
-907
-860
-820
-793
-777
-760
-744
-724
-692
-638
-572
-499
-418
-317
-197
-61
88
238
385
534
688
839
988
1129
1273
1425
1576
1710
1824
1924
2019
2115
2208
2276
2305
2297
2276
2262
2260
2248
2206
2123
2007
1881
1772
1673
1565
1426
1261
1091
937
815
715
609
471
311
150
11
-106
-224
-364
-530
-707
-870
-1000
-1107
-1214
-1332
-1457
-1572
-1659
-1712
-1733
-1742
-1752
-1751
-1726
-1665
-1572
-1470
-1391
-1361
-1364
-1377
-1371
-1342
-1310
-1292
-1288
-1283
-1252
-1187
-1107
-1034
-983
-950
-915
-862
-799
-738
-700
-696
-707
-712
-692
-653
-604
-556
-512
-457
-377
-265
-125
21
157
291
437
598
781
967
1140
1296
1440
1584
1730
1867
1982
2073
2142
2193
2229
2256
2273
2274
2263
2242
2212
2169
2109
2033
1942
1841
1729
1605
1472
1333
1192
1056
924
792
654
507
356
204
56
-90
-235
-385
-547
-711
-868
-1019
-1153
-1287
-1427
-1571
-1702
-1801
-1866
-1910
-1939
-1954
-1949
-1915
-1840
-1730
-1619
-1534
-1479
-1433
-1378
-1311
-1240
-1185
-1152
-1133
-1102
-1037
-945
-862
-805
-768
-733
-689
-623
-556
-521
-527
-562
-591
-590
-572
-552
-540
-537
-529
-479
-390
-282
-184
-110
-38
57
188
343
501
636
752
873
1021
1191
1354
1495
1604
1703
1805
1909
1994
2044
2056
2052
2055
2059
2055
2028
1977
1913
1858
1816
1774
1721
1655
1588
1532
1490
1447
1380
1280
1155
1024
903
782
644
475
279
75
-118
-295
-470
-650
-840
-1040
-1221
-1375
-1500
-1605
-1710
-1815
-1909
-1971
-1985
-1960
-1921
-1896
-1891
-1887
-1866
-1827
-1782
-1747
-1727
-1716
-1701
-1667
-1615
-1566
-1529
-1503
-1475
-1432
-1383
-1327
-1274
-1228
-1188
-1149
-1103
-1050
-986
-911
-826
-736
-638
-529
-406
-267
-123
27
184
345
515
689
880
1072
1260
1442
1617
1786
1942
2082
2205
2307
2388
2449
2487
2507
2513
2506
2483
2445
2395
2331
2256
2173
2086
1993
1891
1786
1682
1584
1494
1410
1327
1229
1116
988
846
697
536
365
187
-2
-194
-380
-550
-705
-853
-1002
-1150
-1292
-1419
-1523
-1616
-1703
-1794
-1879
-1941
-1968
-1955
-1920
-1888
-1879
-1888
-1898
-1893
-1876
-1850
-1831
-1818
-1804
-1773
-1725
-1662
-1601
-1550
-1505
-1459
-1406
-1346
-1286
-1235
-1205
-1188
-1161
-1113
-1038
-935
-824
-714
-612
-512
-406
-287
-162
-34
95
223
366
533
719
919
1117
1302
1475
1647
1813
1969
2108
2221
2307
2367
2412
2449
2477
2496
2504
2497
2475
2439
2397
2347
2285
2209
2129
2053
1979
1911
1845
1772
1680
1562
1423
1271
1106
935
756
566
364
153
-52
-254
-454
-643
-824
-998
-1160
-1308
-1437
-1547
-1647
-1744
-1831
-1909
-1968
-2001
-2012
-2014
-2020
-2037
-2062
-2085
-2100
-2105
-2101
-2082
-2056
-2017
-1964
-1909
-1855
-1802
-1754
-1700
-1637
-1566
-1489
-1412
-1341
-1281
-1228
-1174
-1110
-1033
-934
-823
-703
-577
-449
-318
-191
-65
69
219
382
558
737
910
1076
1238
1399
1559
1718
1869
2008
2134
2243
2333
2400
2442
2461
2462
2448
2424
2391
2344
2282
2209
2132
2056
1991
1938
1892
1850
1807
1755
1692
1616
1521
1407
1276
1131
973
806
629
437
233
23
-188
-389
-581
-755
-911
-1053
-1183
-1303
-1412
-1513
-1603
-1679
-1738
-1780
-1808
-1833
-1862
-1902
-1954
-2007
-2054
-2085
-2100
-2100
-2089
-2073
-2053
-2030
-2004
-1970
-1929
-1879
-1823
-1761
-1696
-1631
-1569
-1507
-1445
-1378
-1300
-1208
-1098
-973
-838
-697
-550
-396
-236
-65
110
292
480
668
854
1037
1211
1373
1525
1663
1790
1906
2012
2105
2181
2243
2284
2309
2322
2327
2322
2310
2293
2265
2231
2187
2133
2072
2005
1932
1859
1791
1723
1649
1562
1463
1351
1225
1090
946
793
629
461
291
113
-66
-246
-423
-595
-757
-903
-1034
-1147
-1250
-1344
-1426
-1496
-1558
-1605
-1636
-1662
-1683
-1701
-1721
-1748
-1777
-1807
-1832
-1850
-1864
-1872
-1874
-1867
-1850
-1821
-1784
-1741
-1698
-1642
-1578
-1507
-1434
-1357
-1282
-1212
-1142
-1070
-996
-917
-835
-747
-654
-555
-450
-338
-215
-85
53
206
372
543
723
907
1089
1261
1422
1573
1711
1840
1951
2046
2127
2182
2213
2227
2226
2218
2206
2184
2151
2110
2063
2013
1962
1904
1842
1779
1714
1644
1567
1478
1374
1260
1139
1011
875
730
576
418
257
97
-64
-223
-380
-537
-689
-832
-968
-1093
-1206
-1312
-1408
-1492
-1561
-1614
-1653
-1680
-1699
-1706
-1706
-1701
-1691
-1684
-1679
-1672
-1665
-1653
-1636
-1617
-1594
-1564
-1529
-1489
-1444
-1395
-1341
-1282
-1218
-1149
-1077
-1003
-930
-861
-790
-719
-640
-560
-480
-398
-315
-228
-137
-37
69
184
306
433
570
710
853
994
1128
1259
1381
1490
1592
1682
1758
1819
1864
1894
1915
1926
1932
1930
1915
1893
1867
1840
1810
1772
1724
1670
1615
1557
1497
1428
1346
1249
1140
1023
898
767
630
487
337
182
32
-113
-258
-399
-539
-672
-799
-917
-1028
-1130
-1222
-1314
-1394
-1461
-1516
-1550
-1576
-1595
-1604
-1605
-1592
-1575
-1561
-1543
-1525
-1503
-1478
-1453
-1424
-1397
-1368
-1330
-1291
-1245
-1195
-1144
-1085
-1020
-954
-883
-809
-735
-663
-592
-520
-448
-380
-314
-249
-182
-114
-40
36
116
197
286
380
479
577
679
784
885
983
1074
1162
1244
1317
1380
1430
1475
1514
1545
1575
1595
1602
1607
1607
1606
1602
1586
1567
1543
1511
1475
1429
1380
1323
1251
1173
1083
985
886
777
660
535
406
278
152
26
-100
-221
-340
-458
-565
-668
-762
-848
-932
-1005
-1075
-1134
-1177
-1219
-1256
-1288
-1312
-1324
-1331
-1334
-1337
-1341
-1337
-1330
-1321
-1306
-1293
-1282
-1268
-1257
-1240
-1220
-1200
-1170
-1137
-1102
-1061
-1016
-966
-911
-855
-794
-730
-659
-583
-506
-428
-348
-267
-180
-91
0
95
192
288
385
481
577
671
760
845
928
1012
1092
1170
1235
1295
1351
1401
1448
1487
1519
1548
1568
1583
1593
1591
1586
1573
1551
1520
1478
1432
1382
1322
1253
1175
1089
1002
908
806
696
581
464
345
226
105
-20
-143
-262
-378
-486
-590
-691
-782
-869
-943
-1008
-1064
-1116
-1163
-1199
-1231
-1250
-1266
-1281
-1286
-1289
-1287
-1280
-1272
-1261
-1247
-1230
-1210
-1193
-1176
-1157
-1134
-1108
-1079
-1052
-1019
-985
-946
-903
-858
-809
-754
-695
-632
-567
-496
-421
-342
-260
-176
-88
0
91
185
277
371
464
553
636
715
795
871
944
1011
1066
1117
1168
1210
1252
1279
1295
1316
1330
1342
1348
1342
1339
1332
1312
1290
1253
1216
1183
1140
1095
1035
970
908
838
767
690
600
509
415
325
231
134
36
-66
-166
-262
-351
-436
-520
-600
-677
-747
-801
-854
-902
-942
-980
-1006
-1028
-1049
-1061
-1074
-1075
-1067
-1065
-1053
-1040
-1022
-994
-970
-946
-919
-891
-850
-811
-780
-745
-708
-663
-619
-579
-538
-497
-450
-400
-354
-306
-258
-212
-160
-108
-59
-6
42
92
144
194
243
294
343
386
430
479
523
566
601
636
673
702
732
752
766
785
800
812
821
813
811
810
805
799
779
760
743
722
704
673
640
614
585
556
521
479
432
389
348
307
260
211
161
110
59
7
-43
-95
-146
-198
-247
-289
-332
-374
-415
-457
-490
-520
-552
-580
-605
-621
-632
-649
-661
-672
-678
-671
-671
-671
-668
-667
-649
-635
-626
-611
-594
-570
-543
-518
-490
-463
-432
-396
-361
-325
-287
-252
-210
-168
-129
-89
-47
-5
34
73
111
150
186
215
248
279
307
336
360
380
404
421
441
454
463
480
492
504
512
508
511
512
509
512
499
485
479
468
456
437
414
398
376
353
330
301
274
245
214
184
153
124
95
64
33
3
-28
-56
-81
-109
-137
-159
-180
-202
-224
-244
-258
-272
-290
-306
-318
-324
-329
-338
-344
-350
-353
-345
-343
-340
-338
-337
-325
-314
-306
-295
-288
-274
-259
-245
-231
-217
-200
-183
-167
-154
-137
-120
-101
-82
-66
-49
-32
-18
-4
10
26
40
56
69
83
94
104
118
129
139
151
160
169
174
180
189
195
202
205
204
209
212
215
215
209
204
202
199
197
190
182
175
169
161
155
143
133
125
115
102
88
78
69
57
44
32
20
9
0
-10
-23
-34
-44
-55
-64
-71
-78
-86
-94
-100
-108
-111
-113
-120
-125
-129
-129
-126
-124
-126
-127
-128
-126
-122
-120
-117
-114
-110
-101
-98
-96
-89
-82
-75
-67
-62
-59
-57
-50
-44
-37
-28
-22
-16
-12
-9
-4
-1
5
10
14
17
21
24
25
27
30
32
34
34
36
41
44
46
47
46
47
51
52
55
53
51
53
54
55
56
54
52
52
53
54
53
50
46
44
42
41
37
36
32
29
27
22
20
17
15
12
10
11
6
6
3
1
0
-2
-3
-4
-6
-6
-7
-6
-6
-11
-11
-10
-13
-14
-15
-16
-18
-23
-24
-22
-23
-25
-25
-27
-30
-31
-32
-31
-32
-35
-33
-31
-31
-33
-33
-33
-33
-31
-33
-33
-32
-33
-29
-20
-22
-32
-38
-36
-35
-35
-29
-22
-17
-22
-28
-23
-11
-4
-2
2
4
2
2
7
13
10
5
5
14
22
24
27
28
30
28
27
31
38
39
36
36
41
42
44
44
43
41
39
37
39
40
40
39
38
37
34
32
31
30
31
29
27
25
21
17
15
12
7
4
5
3
0
-2
-6
-8
-12
-14
-14
-13
-16
-21
-26
-27
-30
-36
-36
-34
-36
-39
-41
-42
-43
-44
-44
-42
-44
-46
-45
-43
-43
-44
-46
-45
-44
-44
-43
-42
-40
-40
-40
-36
-32
-29
-27
-27
-27
-25
-21
-15
-12
-11
-11
-10
-4
2
7
10
13
16
21
25
29
32
35
39
44
49
53
55
55
58
61
65
68
72
74
75
76
77
78
77
78
76
74
74
72
70
67
64
59
53
46
44
40
35
32
25
19
12
4
-1
-7
-11
-17
-24
-29
-36
-40
-47
-53
-58
-63
-68
-72
-73
-79
-85
-88
-91
-93
-94
-97
-98
-99
-102
-103
-101
-100
-98
-96
-92
-88
-84
-78
-73
-68
-61
-54
-50
-42
-35
-31
-24
-18
-12
-7
-1
5
13
21
27
34
41
45
50
56
61
68
73
78
82
85
87
89
91
93
93
95
94
94
95
93
91
90
86
85
82
80
79
75
68
63
61
57
53
51
46
42
36
30
25
20
16
10
4
-2
-8
-14
-18
-22
-26
-32
-38
-42
-46
-50
-54
-59
-62
-65
-67
-71
-72
-73
-77
-80
-84
-86
-88
-92
-92
-92
-93
-94
-94
-95
-95
-94
-92
-89
-86
-83
-79
-75
-73
-68
-62
-57
-51
-44
-36
-29
-22
-16
-9
1
8
17
23
31
37
44
53
61
67
71
76
81
87
90
94
99
102
105
107
109
111
111
110
110
108
107
106
105
104
101
96
90
85
79
74
70
65
59
51
46
38
33
25
16
8
-1
-7
-15
-21
-25
-32
-38
-45
-51
-56
-62
-66
-70
-73
-77
-81
-83
-85
-88
-90
-92
-92
-93
-95
-93
-92
-92
-88
-87
-83
-79
-78
-74
-72
-71
-66
-62
-58
-55
-50
-44
-41
-38
-33
-30
-27
-22
-15
-11
-6
-2
1
7
10
16
21
26
30
35
38
42
47
49
53
57
60
64
66
67
71
74
74
75
75
77
77
77
75
75
75
73
72
69
67
64
59
57
52
48
44
42
40
35
29
25
19
13
6
2
-1
-7
-12
-15
-19
-23
-28
-34
-39
-42
-43
-45
-48
-49
-52
-53
-56
-57
-57
-58
-57
-56
-54
-55
-56
-56
-57
-56
-53
-52
-47
-46
-43
-40
-39
-37
-35
-32
-29
-27
-25
-21
-18
-16
-14
-10
-8
-6
-4
0
3
6
9
11
12
12
13
17
21
24
25
27
26
27
29
30
31
31
30
29
30
32
31
32
32
32
33
33
32
33
33
33
31
31
31
31
32
32
31
29
29
29
28
27
27
24
21
18
16
16
16
17
14
10
7
3
0
-2
-5
-6
-10
-13
-13
-16
-20
-24
-26
-29
-30
-30
-33
-35
-38
-40
-40
-45
-47
-47
-48
-47
-48
-50
-50
-50
-48
-48
-46
-44
-44
-43
-39
-37
-37
-32
-30
-27
-24
-23
-18
-13
-9
-7
-4
-1
2
7
10
14
16
17
19
22
24
30
31
33
36
36
38
41
41
44
45
45
45
46
48
49
47
47
47
47
49
47
47
44
44
43
41
40
39
38
34
32
30
28
24
22
19
15
12
9
5
3
-2
-5
-8
-11
-13
-18
-22
-26
-29
-30
-33
-33
-37
-42
-46
-47
-47
-47
-53
-54
-57
-59
-59
-61
-61
-61
-62
-62
-60
-61
-61
-63
-62
-62
-61
-57
-54
-51
-47
-46
-43
-39
-35
-31
-26
-20
-12
-5
-1
2
7
14
19
22
28
34
38
41
46
52
57
60
63
66
69
72
74
76
79
80
79
80
81
83
83
80
77
74
73
73
70
68
63
60
57
54
51
47
42
38
32
27
22
16
12
6
1
-4
-8
-13
-20
-27
-32
-36
-43
-48
-54
-58
-61
-66
-69
-75
-79
-81
-85
-85
-86
-90
-92
-93
-95
-96
-96
-96
-94
-93
-91
-89
-85
-83
-80
-76
-73
-69
-65
-59
-52
-47
-42
-36
-30
-23
-16
-8
-2
6
15
23
30
38
44
50
58
66
74
79
84
86
90
96
102
106
110
109
111
113
114
114
113
112
113
112
108
104
101
97
93
88
83
80
75
69
62
54
49
43
37
28
19
11
2
-5
-14
-23
-30
-37
-41
-47
-55
-63
-72
-78
-84
-90
-95
-100
-106
-112
-116
-120
-122
-123
-126
-126
-127
-129
-129
-128
-126
-124
-121
-116
-111
-105
-101
-96
-90
-83
-78
-70
-61
-52
-44
-35
-26
-17
-7
2
11
21
31
40
51
59
69
78
85
91
99
106
111
117
123
126
130
133
133
132
131
132
133
131
129
126
122
119
114
107
100
95
90
85
78
71
64
57
49
39
34
24
18
11
2
-6
-15
-21
-28
-36
-44
-50
-57
-63
-68
-76
-81
-85
-89
-94
-100
-103
-104
-108
-111
-109
-107
-109
-111
-110
-109
-104
-104
-102
-100
-98
-92
-86
-82
-79
-76
-69
-65
-60
-55
-48
-41
-35
-29
-23
-17
-11
-4
1
7
13
19
26
31
36
40
47
49
52
55
59
61
64
63
66
68
68
72
68
69
69
68
69
65
59
61
60
57
53
48
46
44
43
40
36
32
29
25
22
19
14
12
10
7
5
1
-5
-10
-12
-14
-14
-14
-17
-18
-21
-22
-23
-26
-29
-31
-31
-30
-30
-30
-33
-34
-34
-32
-31
-32
-33
-31
-32
-32
-32
-31
-30
-29
-26
-24
-22
-23
-21
-20
-18
-14
-10
-9
-7
-7
-4
-2
0
2
2
5
6
6
7
8
10
10
13
18
17
18
20
21
21
24
24
24
25
26
28
29
30
30
29
30
30
29
29
29
26
28
26
25
26
25
23
22
20
19
16
14
13
12
12
9
6
4
1
0
-2
-4
-7
-10
-12
-14
-17
-18
-19
-20
-21
-22
-24
-25
-26
-25
-25
-26
-26
-24
-24
-25
-26
-25
-26
-24
-23
-22
-19
-19
-18
-17
-16
-14
-16
-15
-13
-13
-10
-10
-7
-5
-4
-3
-2
-2
0
1
3
5
5
6
8
7
10
10
11
12
12
13
14
17
16
16
15
14
17
17
16
18
18
17
16
15
13
14
14
15
14
13
12
13
13
14
13
13
13
11
10
8
9
10
7
5
5
5
5
5
2
1
2
2
1
-1
-5
-6
-6
-5
-5
-7
-7
-7
-5
-5
-7
-8
-9
-10
-11
-12
-15
-15
-14
-15
-15
-15
-16
-15
-14
-15
-15
-15
-14
-14
-12
-11
-10
-12
-12
-14
-14
-11
-11
-11
-10
-10
-9
-9
-7
-6
-7
-6
-4
-4
-2
-2
-2
1
5
4
4
7
8
8
7
9
11
10
11
13
13
15
15
15
18
17
18
18
18
19
19
18
19
19
19
19
18
15
16
15
16
16
14
12
12
12
10
8
8
5
4
5
5
5
2
0
