7
10
6
6
5
5
8
5
5
9
10
14
16
7
-2
6
9
10
10
5
9
10
10
11
9
11
4
-4
-3
5
4
2
4
4
9
1
-4
-3
-5
-5
-4
0
4
2
-8
-12
-6
-1
3
2
-2
-9
-10
-7
-3
-1
-2
-13
-17
-13
-5
2
2
-2
-14
-21
-14
-7
2
5
-4
-9
-12
-7
2
4
-3
-14
-13
0
8
5
5
-2
-10
-10
-7
5
17
17
8
-2
-6
-2
9
16
10
-3
-9
-2
11
19
17
8
-2
-10
-5
5
12
13
8
1
0
2
8
10
4
1
0
-1
3
9
10
-1
-13
-13
-6
7
6
2
10
12
-5
-7
12
24
17
1
-2
9
28
18
0
10
4
-23
-27
6
30
3
-49
-81
-55
-20
-15
-5
-14
-54
-93
-94
-37
12
-1
-46
-61
-52
-44
-22
28
60
21
-52
-69
-4
64
67
46
47
57
45
33
60
111
131
90
50
53
65
65
60
59
51
-1
-90
-151
-132
-89
-82
-131
-232
-319
-366
-385
-348
-301
-303
-355
-433
-452
-395
-337
-296
-251
-182
-111
-64
-26
29
100
151
219
358
520
606
566
488
498
597
714
808
847
810
680
553
537
614
718
730
610
445
302
225
212
218
209
155
23
-134
-242
-289
-306
-329
-362
-384
-420
-519
-618
-665
-664
-617
-573
-583
-634
-698
-708
-625
-461
-273
-140
-81
-81
-86
-34
84
223
304
290
205
107
37
32
81
152
205
200
84
-141
-393
-570
-605
-515
-406
-430
-679
-1088
-1491
-1652
-1502
-1194
-937
-893
-1049
-1238
-1265
-1050
-653
-246
31
153
205
296
494
793
1129
1445
1716
1935
2095
2181
2211
2237
2306
2420
2530
2556
2426
2152
1824
1553
1408
1355
1294
1122
803
391
-8
-296
-441
-487
-528
-656
-889
-1177
-1431
-1584
-1623
-1594
-1572
-1605
-1675
-1719
-1691
-1587
-1468
-1406
-1397
-1373
-1258
-1044
-830
-716
-733
-806
-808
-645
-357
-103
-29
-142
-296
-322
-114
278
719
1069
1251
1243
1091
886
734
730
883
1094
1177
1018
676
373
330
583
912
972
579
-119
-713
-821
-429
80
184
-383
-1401
-2278
-2501
-2023
-1292
-915
-1179
-1840
-2348
-2282
-1657
-879
-401
-384
-610
-697
-411
169
754
1128
1302
1439
1672
1995
2293
2457
2496
2535
2676
2867
2966
2843
2526
2195
2023
2054
2141
2056
1676
1080
512
181
111
136
26
-328
-828
-1269
-1490
-1493
-1431
-1475
-1679
-1935
-2067
-1988
-1777
-1604
-1585
-1684
-1752
-1676
-1448
-1184
-1028
-1023
-1084
-1092
-1008
-859
-682
-522
-433
-464
-557
-547
-249
390
1161
1635
1452
699
-47
-160
492
1389
1783
1285
226
-581
-473
485
1481
1585
536
-982
-1846
-1397
5
1195
1090
-463
-2487
-3549
-2913
-1168
228
145
-1287
-2871
-3329
-2295
-530
705
615
-502
-1525
-1464
-257
1263
2133
2031
1413
1055
1423
2354
3255
3614
3379
2952
2776
2942
3212
3307
3136
2811
2526
2385
2318
2149
1749
1188
684
396
268
93
-277
-808
-1324
-1639
-1695
-1623
-1666
-1977
-2448
-2773
-2713
-2332
-1958
-1869
-2087
-2365
-2429
-2184
-1755
-1362
-1184
-1227
-1324
-1296
-1120
-894
-705
-557
-428
-271
29
583
1240
1497
1018
137
-344
45
971
1606
1375
409
-587
-829
-68
1111
1683
1001
-554
-1832
-1882
-696
779
1303
296
-1701
-3307
-3297
-1718
103
677
-443
-2275
-3295
-2687
-863
848
1201
84
-1423
-1917
-822
1088
2476
2601
1746
916
1006
2094
3479
4234
3934
3061
2479
2660
3403
4039
4065
3525
2801
2336
2320
2502
2498
2068
1286
546
130
-17
-107
-376
-868
-1414
-1853
-2079
-2127
-2200
-2419
-2735
-2988
-3001
-2816
-2633
-2589
-2682
-2738
-2555
-2195
-1867
-1735
-1821
-1894
-1754
-1409
-958
-628
-537
-550
-538
-376
16
618
1341
1775
1435
556
-72
162
1130
1951
1896
1023
-73
-583
-71
1031
1791
1400
-41
-1408
-1707
-851
423
1018
322
-1330
-2868
-3066
-1713
-51
455
-610
-2301
-3135
-2465
-788
761
1053
-60
-1471
-1806
-568
1344
2482
2279
1308
586
889
2158
3564
4183
3650
2578
2025
2408
3284
3876
3683
2923
2196
1926
2175
2528
2453
1839
989
378
204
189
8
-434
-1056
-1581
-1811
-1774
-1635
-1727
-2189
-2703
-2928
-2750
-2368
-2181
-2243
-2407
-2593
-2545
-2149
-1609
-1189
-1191
-1481
-1554
-1393
-1088
-653
-310
-74
64
185
706
1328
1272
671
172
378
1251
1777
1469
701
-135
-396
223
1179
1743
1142
-535
-1857
-1857
-715
665
1003
-101
-1969
-3561
-3642
-2052
-275
147
-1177
-3075
-3740
-2679
-797
672
740
-511
-1837
-1943
-416
1690
2667
2062
858
333
1140
2789
4139
4373
3421
2184
1923
2913
4263
4835
4141
2830
1955
1974
2695
3439
3433
2530
1245
358
350
851
1075
637
-330
-1315
-1827
-1795
-1473
-1306
-1661
-2385
-2993
-3137
-2859
-2519
-2375
-2474
-2737
-2927
-2843
-2454
-1931
-1590
-1529
-1628
-1770
-1702
-1287
-712
-241
-74
5
419
906
928
565
288
581
1240
1496
1141
491
-22
67
717
1382
1466
598
-700
-1327
-896
112
815
481
-819
-2394
-3331
-2871
-1381
-277
-634
-2240
-3682
-3662
-2267
-552
355
-105
-1396
-2260
-1693
160
1951
2409
1610
691
718
1888
3489
4521
4417
3439
2602
2821
3958
5015
5071
4103
2937
2381
2634
3309
3697
3293
2215
1062
486
617
939
908
357
-553
-1425
-1929
-1980
-1750
-1665
-1991
-2537
-2960
-3098
-3032
-2926
-2828
-2711
-2674
-2756
-2812
-2742
-2512
-2169
-1860
-1608
-1459
-1505
-1499
-1182
-673
-184
150
452
908
1067
666
262
357
1012
1627
1486
851
271
27
388
1086
1517
1235
110
-1018
-1160
-461
352
498
-349
-1627
-2661
-2854
-1953
-861
-772
-1885
-3280
-3577
-2466
-998
-194
-435
-1389
-2097
-1768
-308
1434
2157
1562
640
546
1623
3210
4333
4487
3774
2902
2793
3696
4875
5317
4697
3626
2962
3017
3511
3924
3748
2862
1707
927
831
1097
1097
557
-365
-1324
-1899
-1950
-1713
-1611
-2029
-2797
-3381
-3521
-3245
-2819
-2563
-2579
-2872
-3215
-3187
-2777
-2256
-1828
-1659
-1672
-1744
-1758
-1387
-727
-235
4
170
491
731
463
76
185
748
1171
903
193
-275
-289
121
732
999
554
-521
-1416
-1282
-389
328
204
-755
-1923
-2662
-2543
-1564
-596
-695
-1945
-3254
-3353
-2189
-791
-137
-514
-1430
-2003
-1532
3
1607
2138
1515
751
949
2232
3786
4722
4630
3817
3138
3348
4457
5593
5790
4939
3779
3178
3407
4020
4350
3934
2829
1647
1045
1134
1421
1270
507
-523
-1394
-1829
-1802
-1623
-1746
-2387
-3269
-3794
-3712
-3344
-3112
-3232
-3599
-3901
-3866
-3446
-2888
-2575
-2585
-2644
-2502
-2118
-1589
-1029
-559
-306
-127
258
825
1083
852
571
772
1344
1591
1184
532
195
327
728
1038
910
211
-743
-1228
-870
-159
106
-435
-1476
-2396
-2708
-2260
-1398
-961
-1550
-2728
-3362
-2774
-1457
-512
-542
-1319
-2085
-2051
-928
713
1745
1491
510
93
963
2678
4154
4613
4066
3186
2901
3695
5112
6061
5834
4720
3700
3483
3981
4555
4588
3899
2818
1904
1534
1597
1639
1249
406
-591
-1350
-1643
-1611
-1645
-2065
-2796
-3456
-3724
-3595
-3319
-3184
-3347
-3726
-3998
-3873
-3420
-3006
-2867
-2859
-2767
-2560
-2259
-1827
-1231
-647
-269
108
635
977
799
470
686
1568
2292
2056
1140
404
341
911
1729
2133
1603
197
-1142
-1298
-311
644
560
-595
-2094
-3117
-3166
-2288
-1271
-1169
-2330
-3809
-4192
-3248
-1893
-1057
-1206
-1997
-2650
-2552
-1291
493
1392
1031
263
211
1296
2828
3976
4425
4155
3606
3501
4215
5308
5851
5522
4761
4185
4151
4382
4546
4455
3817
2873
2164
1831
1798
1687
1152
354
-476
-1142
-1412
-1441
-1625
-2130
-2823
-3374
-3571
-3502
-3385
-3326
-3412
-3689
-3878
-3765
-3472
-3152
-2903
-2788
-2651
-2425
-2130
-1563
-884
-394
56
570
872
794
601
781
1570
2276
2088
1300
726
720
1164
1685
1782
1307
346
-634
-779
-123
352
23
-967
-2058
-2671
-2672
-2275
-1818
-1953
-2943
-3970
-4016
-3118
-2143
-1805
-2180
-2696
-2826
-2366
-1256
-5
476
60
-348
80
1388
2834
3592
3640
3435
3383
3861
4881
5775
5937
5417
4759
4569
4875
5195
5184
4807
4126
3350
2831
2641
2516
2133
1401
544
-149
-621
-969
-1280
-1716
-2338
-2961
-3314
-3363
-3326
-3412
-3652
-3913
-4056
-3944
-3589
-3236
-3199
-3427
-3448
-3052
-2434
-1921
-1599
-1349
-1071
-622
42
748
950
653
526
1046
1876
2139
1630
965
798
1177
1732
2049
1770
859
-188
-545
11
710
629
-420
-1735
-2577
-2653
-2132
-1571
-1635
-2564
-3737
-4143
-3443
-2367
-1809
-2017
-2603
-3003
-2813
-1917
-664
172
130
-313
-250
688
2009
2999
3360
3291
3210
3487
4263
5166
5573
5316
4800
4591
4820
5138
5158
4792
4163
3495
3112
3026
2960
2571
1780
914
270
-65
-259
-515
-1025
-1824
-2608
-3023
-2967
-2836
-2972
-3414
-3894
-4077
-3991
-3676
-3378
-3397
-3692
-3824
-3469
-2820
-2248
-2070
-1976
-1675
-1161
-426
364
875
703
278
338
1141
2117
2279
1524
690
513
972
1773
2267
1866
762
-373
-631
169
1019
865
-267
-1617
-2475
-2467
-1846
-1296
-1444
-2411
-3565
-3913
-3181
-2222
-1790
-2001
-2580
-2894
-2557
-1698
-690
-80
-210
-508
-175
799
1969
2796
3015
2967
3126
3615
4355
5070
5273
4997
4692
4613
4804
5040
4974
4564
4081
3638
3302
3068
2707
2171
1609
1051
472
-2
-460
-988
-1472
-1929
-2292
-2478
-2704
-3102
-3407
-3523
-3591
-3543
-3516
-3589
-3585
-3621
-3531
-3111
-2562
-2249
-2040
-1890
-1622
-972
-259
402
525
248
135
606
1463
1828
1421
838
668
962
1482
1646
1302
714
-19
-307
54
369
219
-641
-1710
-2288
-2266
-1901
-1658
-1939
-2766
-3589
-3756
-3127
-2374
-2151
-2480
-2941
-2982
-2498
-1674
-795
-383
-528
-681
-216
910
2067
2615
2603
2568
2904
3661
4554
5184
5224
4858
4626
4859
5371
5656
5380
4760
4178
3828
3786
3790
3459
2707
1771
1098
878
841
568
-34
-882
-1730
-2241
-2304
-2131
-2179
-2700
-3484
-3993
-3954
-3606
-3219
-3127
-3468
-3870
-3956
-3564
-2825
-2259
-2042
-1941
-1910
-1531
-731
215
827
532
-26
87
923
1862
1982
1250
626
486
845
1513
1738
1269
243
-758
-816
-162
361
140
-920
-2099
-2788
-2742
-2057
-1529
-1845
-2893
-3920
-3974
-3084
-2162
-1810
-2202
-2845
-3035
-2553
-1459
-430
-152
-442
-605
-39
1186
2316
2858
2861
2714
2971
3797
4842
5540
5499
5016
4710
4923
5481
5843
5670
5046
4287
3782
3676
3670
3461
2818
1871
1062
588
402
274
-102
-839
-1641
-2245
-2482
-2407
-2440
-2749
-3232
-3695
-3836
-3664
-3401
-3155
-3171
-3389
-3556
-3496
-2913
-2148
-1753
-1481
-1371
-1055
-573
-448
-267
183
644
972
808
370
370
692
1162
1442
1107
456
-184
-396
-17
290
126
-544
-1464
-2037
-2183
-2056
-1802
-1959
-2647
-3379
-3655
-3162
-2361
-2009
-2251
-2711
-2864
-2426
-1511
-642
-328
-549
-776
-420
676
1877
2505
2515
2261
2361
3117
4134
4886
5004
4611
4314
4503
5083
5580
5558
5030
4361
3962
4016
4190
4018
3362
2425
1684
1379
1282
1078
529
-363
-1240
-1754
-1876
-1816
-2020
-2569
-3166
-3557
-3563
-3357
-3198
-3206
-3458
-3699
-3605
-3268
-2832
-2534
-2415
-2150
-1853
-1508
-942
-367
120
212
-38
35
577
1216
1497
1129
625
524
788
1266
1437
1015
320
-300
-416
-65
115
-158
-886
-1750
-2258
-2339
-2102
-1883
-2144
-2804
-3391
-3436
-2893
-2310
-2124
-2332
-2601
-2520
-2003
-1258
-673
-533
-599
-425
234
1212
1983
2298
2323
2372
2822
3624
4376
4746
4554
4170
4118
4460
4987
5220
4874
4222
3629
3427
3602
3654
3263
2446
1554
1046
911
861
574
-102
-931
-1587
-1867
-1869
-1866
-2102
-2587
-3064
-3371
-3350
-3055
-2831
-2785
-2966
-3208
-3097
-2755
-2244
-1657
-1402
-1234
-1053
-788
-208
188
366
599
777
1024
1135
1006
1061
1203
1324
1404
1179
812
438
171
250
316
16
-602
-1334
-1771
-1911
-2018
-2120
-2373
-2868
-3390
-3656
-3381
-2806
-2549
-2727
-3057
-3120
-2684
-1992
-1296
-891
-933
-1003
-683
136
1133
1735
1924
1986
2116
2542
3210
3884
4308
4235
3942
3901
4183
4587
4754
4553
4182
3770
3500
3480
3471
3238
2699
2029
1568
1295
1049
754
309
-240
-814
-1293
-1524
-1651
-1876
-2206
-2559
-2813
-2987
-3118
-3082
-2936
-2821
-2816
-2888
-2804
-2526
-2122
-1656
-1372
-1176
-926
-592
-82
221
268
448
757
1142
1351
1134
931
964
1181
1496
1482
1098
556
138
182
403
362
-68
-865
-1535
-1783
-1769
-1603
-1684
-2258
-2950
-3367
-3239
-2668
-2292
-2428
-2843
-3137
-2925
-2181
-1353
-917
-963
-1172
-1025
-277
753
1509
1772
1685
1590
1907
2674
3480
3934
3857
3450
3270
3567
4059
4380
4268
3701
3111
2867
2928
3077
2959
2365
1598
1051
844
864
805
403
-265
-883
-1266
-1366
-1260
-1297
-1637
-2089
-2498
-2590
-2327
-2055
-1948
-2088
-2300
-2271
-1975
-1458
-1099
-1028
-909
-759
-396
77
221
324
499
630
898
1026
966
976
960
985
967
793
566
287
135
66
-174
-483
-921
-1380
-1582
-1744
-1921
-2087
-2430
-2805
-3024
-3067
-2890
-2679
-2662
-2816
-2959
-2843
-2401
-1791
-1269
-1095
-1140
-1017
-537
304
1152
1526
1529
1509
1742
2408
3160
3563
3565
3307
3204
3477
3916
4199
4061
3620
3221
3052
3146
3214
2970
2472
1870
1425
1260
1144
912
513
-42
-510
-807
-1007
-1111
-1310
-1621
-1904
-2139
-2227
-2199
-2200
-2202
-2212
-2161
-2033
-1933
-1740
-1537
-1307
-936
-770
-615
-299
-92
254
520
482
624
836
1002
1196
1091
882
846
927
1077
1002
679
279
-64
-98
-72
-239
-514
-1034
-1584
-1826
-1920
-1903
-1886
-2217
-2716
-3031
-3079
-2777
-2374
-2304
-2518
-2731
-2673
-2175
-1489
-1013
-881
-927
-785
-288
443
1131
1465
1519
1584
1820
2338
2940
3291
3347
3208
3098
3231
3519
3722
3647
3306
2920
2674
2634
2603
2373
1964
1474
1079
868
708
491
163
-256
-636
-893
-1017
-1083
-1204
-1416
-1693
-1879
-1863
-1717
-1528
-1453
-1557
-1612
-1511
-1226
-786
-527
-494
-480
-421
-123
299
514
556
490
454
604
781
861
815
661
523
406
316
235
82
-95
-334
-650
-910
-1116
-1279
-1428
-1696
-2022
-2270
-2404
-2427
-2450
-2561
-2671
-2692
-2600
-2410
-2230
-2122
-1996
-1787
-1477
-1086
-727
-451
-183
149
547
977
1359
1625
1842
2102
2381
2669
2900
2972
3002
3078
3172
3280
3274
3088
2861
2685
2586
2515
2329
1974
1543
1182
963
807
621
321
-76
-418
-651
-802
-860
-956
-1156
-1330
-1487
-1591
-1537
-1472
-1415
-1304
-1279
-1257
-1140
-1000
-735
-411
-221
-104
-50
25
273
530
679
717
623
604
679
724
734
620
471
397
275
141
-38
-299
-466
-632
-858
-1058
-1356
-1635
-1801
-1992
-2121
-2231
-2393
-2492
-2569
-2587
-2488
-2371
-2242
-2140
-2074
-1910
-1663
-1356
-1006
-739
-511
-231
97
488
894
1237
1524
1788
2039
2275
2504
2719
2899
3039
3098
3051
2984
2965
2962
2940
2799
2489
2158
1908
1722
1571
1310
900
490
155
-75
-213
-380
-644
-939
-1189
-1353
-1372
-1319
-1353
-1460
-1579
-1662
-1533
-1248
-1056
-966
-955
-960
-726
-303
20
182
199
145
302
655
895
942
830
652
650
842
974
910
687
397
209
223
255
99
-194
-575
-939
-1078
-1115
-1245
-1460
-1793
-2145
-2278
-2239
-2183
-2176
-2297
-2458
-2464
-2284
-2013
-1774
-1646
-1604
-1501
-1195
-757
-320
3
126
233
523
959
1447
1797
1873
1856
1958
2228
2602
2850
2817
2627
2477
2473
2598
2673
2526
2196
1837
1570
1448
1386
1205
872
490
132
-109
-205
-312
-511
-753
-1045
-1285
-1324
-1293
-1305
-1313
-1418
-1555
-1485
-1288
-1097
-889
-795
-826
-702
-396
-121
141
317
273
317
572
770
918
998
837
708
806
869
863
819
567
285
222
186
80
-38
-330
-713
-894
-986
-1117
-1216
-1445
-1786
-1939
-1951
-1940
-1870
-1899
-2042
-2045
-1878
-1661
-1402
-1204
-1159
-1052
-766
-436
-56
275
389
480
713
994
1330
1618
1658
1598
1645
1763
1944
2103
2031
1810
1679
1635
1661
1712
1572
1261
1014
853
772
777
641
339
76
-130
-237
-207
-249
-437
-637
-812
-912
-850
-759
-778
-851
-955
-1033
-949
-747
-577
-483
-478
-514
-442
-226
44
256
323
300
289
375
591
795
865
822
694
580
616
728
776
722
514
219
48
28
42
10
-183
-547
-864
-996
-995
-945
-993
-1254
-1559
-1708
-1675
-1493
-1316
-1331
-1479
-1567
-1483
-1196
-830
-610
-593
-631
-555
-277
128
438
527
491
494
658
958
1212
1291
1227
1149
1180
1308
1430
1448
1354
1228
1141
1107
1094
1046
935
795
655
532
440
360
256
124
-25
-168
-269
-332
-394
-483
-580
-660
-696
-674
-644
-636
-646
-644
-585
-457
-321
-234
-190
-160
-74
97
279
402
432
403
402
494
644
748
729
585
423
364
424
505
480
293
25
-169
-204
-143
-136
-292
-571
-827
-932
-890
-828
-871
-1032
-1217
-1299
-1242
-1114
-1024
-1024
-1078
-1092
-1012
-857
-691
-578
-523
-461
-346
-172
25
185
286
373
490
641
799
915
971
1007
1066
1153
1236
1271
1243
1192
1160
1146
1119
1049
924
777
658
574
499
396
255
97
-31
-111
-170
-244
-356
-490
-597
-643
-648
-653
-690
-752
-789
-754
-661
-562
-504
-489
-471
-392
-243
-83
32
79
97
167
301
452
556
577
542
516
540
595
622
579
471
340
247
202
169
107
-11
-166
-310
-405
-455
-495
-563
-668
-779
-852
-865
-838
-808
-805
-825
-833
-791
-695
-582
-493
-445
-412
-343
-225
-78
50
123
158
205
302
436
558
622
631
632
671
747
820
849
823
775
740
732
731
709
651
566
477
399
335
276
212
133
31
-74
-166
-233
-280
-329
-391
-465
-537
-577
-577
-555
-534
-525
-525
-510
-457
-370
-272
-184
-121
-70
-4
83
186
284
349
374
385
399
426
459
467
439
381
321
274
241
204
137
44
-54
-132
-184
-227
-287
-368
-450
-509
-539
-553
-571
-600
-631
-641
-625
-594
-561
-534
-506
-465
-406
-336
-260
-190
-122
-47
36
123
211
290
362
428
494
558
618
663
699
728
746
757
757
747
725
694
656
605
544
477
411
342
261
177
95
17
-60
-139
-216
-295
-362
-421
-468
-509
-548
-575
-588
-585
-572
-553
-528
-492
-444
-392
-336
-276
-213
-147
-79
-11
52
108
158
203
247
283
300
307
305
294
273
245
214
176
129
70
5
-59
-120
-173
-225
-285
-349
-407
-448
-465
-468
-472
-482
-487
-464
-412
-345
-275
-220
-169
-102
-13
86
177
249
306
368
441
517
579
616
637
655
678
699
706
693
665
632
610
588
556
511
452
389
329
273
214
142
62
-23
-102
-173
-237
-303
-374
-445
-508
-559
-599
-633
-665
-696
-718
-727
-722
-705
-684
-654
-620
-572
-510
-442
-370
-297
-219
-143
-64
19
91
154
208
257
300
337
365
378
378
366
351
329
299
264
222
175
126
82
39
0
-35
-66
-93
-114
-126
-129
-127
-117
-104
-87
-61
-29
4
41
78
116
154
191
225
255
282
302
322
338
350
362
368
368
367
367
360
352
339
323
309
291
269
242
207
170
131
87
36
-21
-84
-146
-204
-265
-325
-385
-441
-492
-534
-569
-596
-620
-637
-641
-638
-629
-608
-583
-548
-506
-457
-402
-345
-280
-213
-146
-81
-20
42
101
157
206
248
280
308
333
351
364
367
363
353
338
319
301
278
246
217
183
148
114
80
48
15
-11
-35
-56
-75
-96
-106
-111
-110
-105
-94
-76
-55
-32
-3
30
65
96
130
165
200
233
260
287
309
327
338
337
332
323
309
287
255
220
191
160
128
95
65
37
8
-21
-51
-81
-115
-151
-183
-217
-245
-269
-295
-317
-336
-350
-355
-367
-375
-384
-399
-402
-410
-415
-411
-402
-382
-361
-337
-300
-256
-202
-148
-101
-56
-13
29
68
103
132
159
183
202
221
241
255
263
261
254
249
240
225
204
176
152
128
108
91
75
62
52
48
49
51
55
60
69
79
90
102
115
129
143
155
162
168
175
179
182
179
174
168
156
143
128
105
85
66
50
37
21
7
-2
-13
-22
-32
-44
-59
-72
-89
-107
-124
-145
-165
-184
-205
-220
-233
-250
-265
-282
-293
-297
-307
-313
-320
-320
-314
-305
-293
-275
-249
-220
-189
-159
-124
-84
-44
-9
23
52
81
108
128
145
158
164
170
172
172
175
174
175
170
164
160
157
152
146
136
131
126
119
113
107
102
103
102
102
102
102
101
100
103
101
98
94
90
86
79
72
70
66
64
58
51
46
40
35
29
21
14
6
1
-6
-12
-16
-21
-27
-32
-39
-45
-52
-60
-68
-80
-92
-103
-114
-124
-134
-148
-157
-166
-177
-185
-190
-193
-193
-196
-196
-191
-183
-171
-162
-151
-135
-117
-95
-77
-61
-45
-28
-10
9
23
36
47
59
69
78
86
91
96
99
101
103
105
105
105
105
108
108
107
101
97
94
95
94
93
90
89
91
95
96
97
95
93
92
93
91
86
84
78
74
66
59
51
43
37
28
20
14
3
-3
-12
-21
-28
-33
-38
-42
-46
-49
-53
-56
-56
-58
-61
-59
-61
-64
-66
-70
-74
-80
-84
-90
-96
-100
-104
-106
-112
-116
-119
-123
-126
-127
-126
-124
-123
-118
-109
-100
-87
-72
-57
-42
-26
-9
6
21
35
46
57
66
76
81
85
89
89
87
86
84
82
82
82
83
83
82
82
82
84
85
86
84
84
87
85
84
83
80
78
75
74
70
67
62
55
50
44
39
34
28
23
19
11
7
3
0
-3
-8
-14
-19
-24
-25
-27
-30
-34
-40
-43
-46
-50
-52
-56
-62
-67
-74
-77
-80
-86
-88
-93
-98
-102
-103
-103
-103
-105
-105
-107
-106
-101
-97
-93
-88
-82
-78
-72
-66
-59
-51
-42
-33
-24
-12
-1
7
17
27
38
46
55
62
69
75
81
85
86
87
88
89
90
91
90
88
85
79
72
68
63
61
52
46
44
39
39
38
37
37
37
39
41
42
44
47
48
50
49
50
51
51
48
43
35
30
24
18
14
7
-3
-13
-20
-25
-31
-38
-43
-47
-50
-52
-59
-63
-67
-74
-77
-79
-83
-82
-84
-85
-89
-94
-96
-96
-98
-100
-106
-113
-113
-115
-113
-112
-113
-112
-111
-105
-97
-91
-82
-73
-63
-52
-42
-29
-16
1
19
32
45
57
67
77
85
93
100
104
108
110
114
118
118
116
114
112
108
104
97
92
88
83
82
80
79
77
76
77
78
77
77
77
79
76
73
71
68
66
62
59
55
51
45
39
34
29
23
15
8
-1
-7
-12
-16
-21
-26
-31
-37
-42
-48
-54
-58
-66
-70
-75
-80
-85
-91
-95
-101
-107
-111
-115
-121
-124
-128
-132
-136
-139
-140
-141
-139
-135
-132
-128
-122
-116
-106
-97
-87
-74
-64
-55
-41
-26
-11
4
15
25
34
43
55
64
72
76
77
80
84
87
90
87
84
84
82
82
82
81
78
72
68
69
69
72
74
73
76
79
83
86
87
90
93
94
96
94
93
92
90
88
82
78
74
70
64
55
46
37
28
22
13
3
-5
-15
-24
-33
-41
-46
-54
-62
-67
-72
-75
-77
-82
-88
-92
-95
-96
-98
-100
-103
-103
-100
-100
-99
-99
-98
-94
-88
-84
-80
-76
-70
-65
-60
-55
-50
-45
-39
-34
-28
-19
-12
-8
-3
2
6
11
17
22
27
31
34
37
37
37
38
39
37
35
38
38
38
39
36
36
37
38
39
40
43
44
45
49
52
59
64
66
72
76
81
87
90
94
95
94
91
87
81
75
67
62
54
47
39
31
22
11
-1
-13
-21
-30
-37
-45
-54
-63
-70
-75
-79
-79
-82
-83
-85
-87
-89
-90
-89
-88
-91
-92
-93
-94
-95
-95
-94
-92
-92
-91
-89
-86
-84
-81
-78
-75
-71
-65
-56
-48
-38
-32
-26
-17
-6
5
17
26
32
39
46
54
62
70
74
78
82
84
87
90
92
95
97
97
96
95
93
91
90
89
86
83
80
78
77
75
72
72
69
67
64
60
56
53
47
41
32
24
19
16
11
6
1
-6
-12
-18
-24
-28
-32
-39
-44
-50
-56
-58
-61
-66
-70
-74
-77
-78
-78
-82
-85
-88
-88
-91
-92
-92
-96
-97
-99
-101
-101
-98
-96
-95
-94
-90
-86
-81
-78
-74
-70
-66
-59
-53
-47
-41
-32
-24
-15
-6
5
14
23
33
40
49
57
65
74
80
87
93
98
102
106
108
109
110
112
111
111
110
105
102
97
95
90
84
79
74
71
68
66
63
56
53
50
47
43
37
32
29
25
24
20
17
11
5
-3
-11
-19
-27
-37
-43
-50
-57
-66
-74
-80
-85
-88
-89
-91
-93
-93
-94
-91
-90
-89
-87
-86
-82
-78
-76
-75
-73
-73
-73
-71
-72
-70
-69
-71
-72
-73
-72
-66
-61
-56
-51
-47
-38
-30
-21
-12
-2
7
15
28
38
50
57
65
75
80
86
92
94
96
96
99
98
96
94
91
87
84
79
74
70
68
64
59
54
50
47
45
44
41
38
35
33
32
29
26
21
18
15
12
8
8
5
-1
-5
-10
-16
-21
-25
-30
-33
-37
-39
-41
-44
-47
-51
-55
-59
-62
-63
-64
-64
-65
-64
-65
-63
-64
-63
-61
-59
-56
-55
-53
-50
-51
-47
-45
-42
-38
-39
-36
-33
-29
-24
-19
-16
-14
-11
-8
-3
3
9
14
20
26
31
38
40
45
49
51
54
56
57
55
56
57
56
57
56
53
53
52
47
46
44
40
39
35
31
28
25
24
23
22
19
18
16
16
15
11
9
7
4
2
1
3
4
3
1
-1
-4
-6
-7
-10
-13
-17
-20
-21
-26
-28
-32
-35
-38
-38
-40
-43
-43
-44
-45
-42
-42
-43
-41
-39
-39
-38
-38
-37
-36
-36
-37
-36
-36
-36
-35
-34
-34
-32
-29
-26
-22
-18
-18
-14
-11
-8
-3
-3
0
3
10
13
16
21
24
26
27
28
29
29
30
32
35
39
43
45
48
48
48
49
47
47
46
45
45
45
42
42
41
42
44
42
41
39
39
37
36
33
31
30
29
30
30
29
27
25
22
19
17
13
11
6
3
-1
-8
-13
-21
-28
-35
-41
-45
-50
-55
-58
-63
-65
-68
-71
-74
-74
-74
-71
-69
-67
-65
-62
-59
-57
-52
-48
-46
-40
-36
-31
-27
-24
-21
-23
-23
-21
-22
-22
-23
-22
-22
-22
-20
-15
-11
-7
-4
2
5
9
14
20
26
32
39
46
52
59
63
67
68
69
71
71
70
65
60
58
54
53
51
46
40
38
35
34
33
30
30
29
27
29
29
30
30
30
30
28
27
26
25
24
20
17
13
11
9
4
1
-6
-12
-18
-25
-27
-32
-36
-40
-45
-47
-47
-49
-48
-49
-51
-49
-48
-50
-47
-46
-43
-40
-40
-38
-37
-37
-34
-34
-34
-33
-33
-31
-29
-28
-28
-27
-25
-23
-21
-18
-18
-16
-14
-12
-9
-5
1
5
8
13
17
20
25
26
31
34
35
37
37
