20
4
0
9
6
2
1
1
1
-4
-1
-2
-10
-16
-4
8
-2
6
-1
-8
-10
-17
-16
-1
-6
-19
-7
-3
-10
-9
0
-3
-6
-10
-5
2
4
6
1
-9
-15
5
2
-1
11
0
-16
1
6
-2
12
4
-16
-4
5
-3
4
7
-13
-11
4
8
8
2
-2
3
0
-2
11
6
-10
-5
4
-2
1
2
-1
4
-3
-3
8
5
0
1
0
6
4
8
15
8
-2
-1
11
12
0
3
8
-5
2
8
4
3
-4
-5
8
10
2
7
3
0
-4
-5
7
-3
-18
-7
2
-9
-15
-3
-5
-11
-11
-4
0
-7
-9
-5
0
-3
-10
-7
0
-6
-9
-1
0
-3
-6
7
8
-2
1
6
9
10
14
17
9
5
8
20
20
10
5
8
11
-2
-11
-8
-17
-21
-17
-15
-17
-24
-27
-19
-15
-17
-12
-9
0
4
10
26
28
34
58
72
83
104
124
136
148
157
167
191
203
196
195
185
173
154
125
91
50
7
-41
-97
-162
-219
-293
-383
-447
-508
-562
-594
-666
-722
-739
-759
-751
-765
-772
-732
-681
-609
-537
-471
-366
-259
-145
-10
117
255
389
518
634
739
837
910
977
1035
1078
1119
1130
1107
1072
1022
970
917
854
780
703
616
522
430
340
254
167
101
28
-65
-154
-238
-314
-357
-352
-329
-301
-294
-317
-318
-295
-225
-96
72
239
344
364
302
208
87
-21
-66
-84
-132
-232
-374
-579
-835
-1095
-1325
-1474
-1568
-1603
-1622
-1701
-1858
-2059
-2256
-2391
-2446
-2387
-2189
-1952
-1723
-1513
-1321
-1123
-885
-535
-63
452
985
1482
1860
2116
2308
2494
2710
2947
3173
3328
3354
3233
3011
2771
2545
2333
2139
1939
1707
1439
1131
783
413
79
-162
-307
-391
-477
-626
-818
-1008
-1124
-1129
-1062
-962
-866
-799
-753
-725
-712
-701
-689
-665
-592
-503
-461
-461
-499
-547
-557
-558
-588
-648
-738
-795
-767
-693
-631
-615
-633
-595
-472
-347
-275
-201
-17
464
1207
1905
2108
1585
706
52
29
556
1163
1257
693
-121
-674
-730
-601
-751
-1263
-1860
-2091
-1757
-1221
-1109
-1729
-2738
-3473
-3505
-2931
-2219
-1847
-1886
-2017
-1844
-1255
-553
-67
179
436
954
1776
2647
3193
3260
3085
3086
3463
4045
4430
4361
3859
3188
2675
2432
2295
2062
1682
1277
985
780
573
260
-154
-505
-644
-557
-425
-452
-689
-1030
-1324
-1442
-1368
-1202
-1066
-996
-973
-990
-1009
-998
-935
-801
-642
-528
-515
-634
-829
-976
-991
-899
-792
-759
-856
-1051
-1214
-1252
-1143
-965
-824
-764
-739
-704
-655
-625
-627
-483
76
1165
2520
3466
3377
2251
804
19
383
1477
2326
2146
940
-464
-1174
-1007
-593
-680
-1417
-2296
-2662
-2317
-1699
-1550
-2235
-3352
-4103
-4029
-3316
-2540
-2173
-2214
-2241
-1808
-884
61
550
622
739
1344
2458
3593
4141
3913
3393
3353
4090
5092
5526
5053
4085
3340
3165
3280
3036
2097
885
175
317
806
781
-59
-1215
-1854
-1560
-709
-110
-310
-1137
-1858
-1906
-1374
-814
-670
-941
-1329
-1506
-1383
-1143
-1000
-982
-949
-783
-553
-465
-652
-1043
-1400
-1468
-1186
-784
-629
-941
-1568
-2102
-2172
-1725
-1100
-756
-905
-1309
-1506
-1290
-825
-424
-175
214
1196
2803
4276
4555
3306
1454
433
942
2442
3612
3314
1506
-579
-1459
-858
102
178
-811
-2150
-3000
-2936
-2184
-1601
-1958
-3050
-3985
-4205
-3863
-3314
-2740
-2298
-2039
-1689
-966
-145
277
326
539
1274
2439
3692
4515
4428
3602
3029
3523
4758
5618
5393
4335
3148
2452
2390
2507
2158
1208
284
34
241
78
-768
-1781
-2203
-1763
-857
-148
-199
-1015
-1907
-2079
-1404
-533
-111
-196
-511
-839
-1022
-919
-567
-240
-122
-67
-11
-124
-485
-861
-974
-854
-660
-500
-535
-977
-1744
-2326
-2231
-1554
-946
-919
-1408
-1941
-2134
-1891
-1339
-740
-307
262
1638
3595
4553
3330
952
-359
318
2133
3786
4048
2132
-1008
-2656
-1430
685
1058
-390
-2082
-3264
-3648
-2713
-1075
-777
-2465
-4172
-4396
-3926
-3693
-3145
-2188
-1813
-1929
-1209
235
681
-7
-54
1226
2685
3736
4703
4924
3645
2281
2980
5151
6309
5716
4539
3331
2006
1392
2214
3216
2699
1136
112
-266
-838
-1376
-1138
-607
-709
-1106
-1009
-774
-1093
-1540
-1320
-659
-251
-86
72
-76
-663
-1062
-773
-191
116
139
14
-360
-888
-1160
-1048
-858
-782
-761
-900
-1394
-1966
-2133
-1926
-1750
-1734
-1667
-1608
-1848
-2207
-2216
-1895
-1696
-1632
-1240
-485
293
1249
2651
3700
3158
1404
351
967
2315
3251
3345
2258
117
-1484
-874
1034
1646
203
-1708
-2821
-3095
-2427
-942
-121
-1329
-3556
-4711
-4473
-3862
-3110
-2041
-1380
-1653
-1868
-1154
-344
-260
-66
1104
2542
3326
3704
3895
3440
2782
3376
5278
6595
6139
4790
3634
2776
2458
3180
4174
3854
2137
525
-179
-457
-513
-84
342
-67
-1047
-1612
-1603
-1563
-1495
-1099
-688
-782
-1220
-1529
-1673
-1730
-1501
-998
-707
-929
-1352
-1585
-1572
-1359
-1019
-827
-1000
-1342
-1515
-1528
-1568
-1621
-1595
-1556
-1584
-1614
-1598
-1635
-1777
-1867
-1703
-1396
-1284
-1433
-1446
-895
237
1749
3272
4012
3195
1389
408
1273
3061
4229
4076
2613
406
-1005
-209
1882
2716
1289
-963
-2464
-2813
-1938
-192
745
-638
-3377
-5107
-5018
-4005
-2713
-1447
-1102
-2084
-3062
-2671
-1447
-551
107
1060
1860
2042
2132
2496
2647
2609
3360
4996
6082
5611
4266
3114
2555
2851
3994
4877
4120
1984
106
-515
-197
421
817
444
-747
-1888
-2129
-1662
-1213
-1062
-1114
-1364
-1732
-1950
-1939
-1896
-1859
-1650
-1337
-1210
-1319
-1429
-1378
-1163
-780
-384
-308
-633
-975
-976
-728
-548
-569
-775
-1134
-1444
-1439
-1147
-963
-1162
-1541
-1719
-1667
-1603
-1544
-1260
-613
305
1420
2469
2793
1984
811
628
1781
3227
3837
3281
1770
93
-416
880
2657
2870
1148
-1050
-2312
-2175
-775
911
1119
-959
-3833
-5287
-4736
-3162
-1608
-915
-1668
-3292
-4073
-3076
-1264
-1
510
643
503
408
961
2032
2777
3016
3451
4219
4542
4130
3636
3557
3718
4054
4569
4583
3452
1791
885
1045
1459
1480
1003
-7
-1260
-1901
-1501
-781
-707
-1302
-1958
-2371
-2457
-2167
-1801
-1865
-2368
-2705
-2523
-2101
-1754
-1512
-1401
-1446
-1439
-1168
-775
-558
-478
-336
-224
-340
-574
-641
-510
-341
-194
-173
-495
-1125
-1553
-1354
-763
-392
-500
-829
-971
-574
512
1875
2597
2114
987
438
1052
2329
3316
3319
2220
748
158
1074
2581
3104
2008
50
-1453
-1564
-250
1381
1655
-144
-2889
-4675
-4497
-2855
-1150
-720
-2007
-4022
-5022
-4125
-2106
-468
-111
-862
-1817
-1972
-921
712
1833
1999
1709
1669
2093
2760
3330
3550
3430
3298
3468
3796
3824
3376
2766
2370
2278
2319
2248
1845
1106
370
28
97
222
94
-329
-894
-1415
-1727
-1805
-1794
-1833
-1935
-2036
-2105
-2142
-2117
-2005
-1840
-1653
-1460
-1290
-1154
-1014
-875
-809
-823
-795
-602
-305
-83
-100
-411
-874
-1174
-1058
-634
-319
-388
-763
-1137
-1243
-979
-436
122
499
697
812
808
646
519
700
1203
1738
1939
1610
903
330
434
1169
1876
1879
1101
77
-494
-268
446
849
322
-928
-2027
-2256
-1617
-775
-511
-1135
-2191
-2745
-2235
-1014
-6
95
-622
-1416
-1473
-516
892
1798
1692
913
308
511
1480
2583
3101
2781
2039
1557
1711
2316
2841
2870
2400
1789
1418
1399
1530
1514
1236
824
502
369
282
45
-388
-829
-1009
-842
-552
-534
-972
-1648
-2089
-1970
-1409
-917
-960
-1556
-2254
-2496
-2126
-1499
-1140
-1283
-1715
-2004
-1900
-1549
-1295
-1352
-1571
-1626
-1385
-1047
-940
-1168
-1497
-1535
-1090
-387
130
174
-140
-388
-214
390
1108
1572
1619
1395
1199
1233
1491
1831
2063
2078
1906
1659
1466
1398
1429
1490
1480
1333
1070
796
620
563
557
501
350
124
-85
-187
-174
-131
-175
-336
-541
-667
-640
-477
-291
-227
-350
-573
-724
-673
-416
-93
91
15
-263
-522
-545
-283
98
332
261
-65
-397
-490
-283
61
285
244
-3
-258
-342
-223
-14
144
190
164
135
133
154
191
249
343
466
566
575
467
312
209
193
236
268
239
138
-27
-226
-435
-620
-734
-734
-662
-646
-797
-1111
-1431
-1559
-1403
-1082
-831
-827
-1037
-1239
-1209
-885
-420
-56
68
14
-47
49
325
666
916
1002
963
896
875
919
990
1026
1004
942
862
768
656
544
453
395
383
399
388
303
149
7
-35
37
161
232
171
10
-134
-142
-4
154
204
115
-24
-89
-20
122
196
121
-44
-156
-119
20
107
24
-220
-480
-588
-494
-315
-230
-333
-584
-838
-945
-859
-657
-462
-369
-390
-476
-544
-515
-355
-96
184
392
468
415
317
285
393
615
837
932
841
626
419
325
362
449
471
371
176
-31
-193
-293
-349
-386
-406
-429
-471
-549
-666
-763
-766
-646
-447
-278
-233
-311
-408
-386
-177
134
380
448
347
206
176
316
537
681
645
476
310
250
297
368
356
233
74
-8
13
64
50
-56
-183
-237
-187
-81
-34
-104
-234
-301
-240
-105
-9
-22
-108
-165
-109
30
139
130
32
-25
42
193
296
247
58
-130
-162
-22
146
160
-34
-325
-523
-511
-358
-219
-226
-374
-531
-581
-496
-345
-231
-188
-183
-134
-16
110
172
165
170
258
437
619
674
579
415
329
416
609
753
724
505
246
111
167
329
427
354
140
-76
-181
-158
-72
-30
-63
-142
-217
-254
-274
-301
-320
-303
-240
-166
-146
-204
-308
-372
-332
-207
-92
-71
-133
-211
-235
-183
-106
-72
-95
-128
-112
-39
29
29
-39
-117
-125
-41
82
150
101
-26
-121
-114
-17
95
139
87
0
-49
-15
66
120
117
88
76
111
159
180
149
85
57
90
160
201
164
63
-46
-89
-54
12
41
-7
-100
-173
-188
-138
-74
-46
-72
-119
-128
-90
-28
15
18
2
-2
37
102
148
148
117
96
115
155
189
193
156
107
85
107
140
144
106
52
12
-1
11
22
18
-5
-24
-40
-62
-97
-122
-118
-85
-41
-31
-74
-154
-215
-198
-108
-11
17
-36
-126
-180
-151
-58
23
38
-9
-66
-76
-34
15
39
27
-2
-15
8
37
41
10
-25
-28
1
34
40
11
-36
-66
-51
-2
33
25
-14
-49
-53
-20
23
47
36
7
-8
3
35
64
67
45
18
8
23
45
52
43
23
5
7
29
49
45
23
2
-3
14
39
48
40
17
0
3
22
36
39
26
12
5
9
17
19
14
8
6
7
6
2
-8
-20
-26
-21
-12
-9
-15
-23
-38
-53
-59
-52
-41
-32
-30
-34
-46
-58
-65
-52
-29
-7
5
1
-11
-21
-17
3
29
41
38
26
17
18
27
34
38
32
20
8
1
1
-4
-10
-14
-19
-29
-33
-41
-43
-41
-38
-31
-31
-34
-34
-34
-28
-17
-4
4
6
10
18
24
29
34
41
41
36
32
35
37
37
41
43
40
33
32
33
33
29
26
24
19
19
21
23
20
14
10
10
9
9
11
6
-2
-11
-12
-8
-9
-10
-11
-19
-29
-37
-37
-37
-40
-39
-39
-42
-46
-52
-54
-58
-58
-53
-45
-40
-44
-49
-50
-46
-38
-24
-14
-8
-7
-2
5
13
22
26
33
37
42
44
46
46
42
39
39
39
36
32
26
19
14
11
8
4
-3
-10
-9
-10
-12
-10
-10
-14
-16
-11
-2
4
9
12
14
11
17
28
38
43
42
42
38
33
35
40
43
42
37
33
27
23
20
18
13
3
-3
-9
-12
-14
-14
-15
-21
-27
-30
-30
-28
-25
-23
-28
-33
-38
-35
-29
-28
-30
-33
-38
-43
-45
-45
-44
-48
-50
-49
-45
-44
-45
-47
-50
-53
-46
-36
-29
-25
-30
-30
-28
-21
-7
5
10
10
15
23
33
41
46
49
49
51
58
65
67
66
63
57
56
54
53
49
40
32
29
27
23
16
11
7
5
7
5
3
-5
-10
-7
-1
8
12
12
7
4
6
16
29
36
34
28
20
15
22
33
40
39
31
24
18
18
20
19
14
3
-7
-15
-21
-24
-28
-34
-43
-52
-60
-64
-66
-68
-70
-72
-78
-84
-85
-82
-81
-79
-80
-85
-93
-96
-92
-88
-84
-83
-82
-81
-80
-77
-74
-73
-67
-60
-48
-36
-26
-18
-11
-2
10
26
45
60
66
76
88
100
112
121
126
130
134
139
147
147
140
131
123
114
107
101
93
82
68
53
46
38
30
22
15
10
4
-2
-4
-5
-12
-12
-8
-5
-4
-3
-6
-10
-8
-1
5
10
6
-3
-9
-12
-10
-4
1
-1
-9
-19
-26
-30
-31
-28
-31
-39
-49
-58
-63
-66
-66
-66
-67
-71
-78
-83
-82
-77
-70
-64
-63
-66
-69
-68
-66
-62
-61
-61
-64
-68
-68
-67
-64
-60
-58
-59
-57
-54
-50
-46
-44
-38
-27
-14
1
13
19
25
34
50
70
84
94
103
111
116
123
132
138
141
139
138
136
135
128
115
104
93
82
73
64
50
33
18
9
6
1
-3
-13
-24
-30
-33
-30
-27
-27
-26
-25
-23
-24
-20
-19
-18
-14
-11
-7
-7
-10
-14
-18
-21
-20
-14
-12
-18
-28
-35
-40
-38
-34
-29
-30
-39
-45
-46
-41
-34
-31
-29
-29
-33
-33
-32
-25
-18
-12
-8
-7
-8
-10
-8
-6
-3
-3
-6
-11
-14
-16
-18
-20
-26
-29
-33
-34
-34
-36
-42
-43
-42
-38
-31
-23
-19
-18
-17
-14
-3
10
24
32
36
41
45
51
60
70
76
78
75
71
70
70
68
65
61
53
46
39
31
24
17
12
7
3
-4
-10
-14
-18
-19
-19
-19
-19
-19
-18
-16
-18
-17
-16
-13
-7
0
4
1
-2
-2
0
5
10
13
12
7
2
2
5
9
10
8
2
-6
-12
-12
-10
-10
-10
-12
-15
-21
-23
-25
-23
-18
-15
-14
-13
-14
-15
-15
-10
-5
-2
-3
-7
-11
-13
-15
-15
-13
-13
-15
-18
-20
-26
-28
-29
-26
-20
-19
-18
-19
-22
-22
-20
-14
-6
1
3
-1
-2
2
9
20
27
27
24
22
25
33
39
41
38
32
29
28
31
31
30
28
24
22
20
15
11
7
6
9
10
9
6
2
-1
0
4
6
5
3
-1
-2
-1
0
-1
0
0
0
1
2
1
1
0
-1
4
4
3
1
-1
-5
-8
-8
-7
-5
-6
-9
-10
-12
-16
-18
-19
-17
-14
-12
-13
-19
-22
-26
-24
-19
-13
-9
-12
-16
-19
-19
-14
-10
-6
-8
-11
-16
-18
-14
-12
-8
-6
-5
-7
-8
-7
-8
-4
1
3
4
3
1
-1
0
5
11
15
14
6
2
3
9
18
21
20
14
10
10
14
19
25
24
19
19
18
22
23
25
26
26
24
21
19
17
16
18
15
14
11
7
5
6
5
2
-2
-4
-7
-9
-9
-9
-8
-11
-14
-17
-15
-14
-12
-11
-13
-15
-18
-19
-16
-14
-15
-13
-13
-15
-16
-15
-11
-8
-8
-10
-12
-13
-13
-14
-12
-11
-8
-7
-8
-8
-8
-9
-6
-3
1
3
0
-4
-3
0
5
11
13
13
13
12
14
17
21
25
25
25
24
21
19
23
26
26
21
13
4
-1
2
9
12
6
-6
-16
-23
-23
-17
-12
-10
-15
-22
-27
-22
-13
-4
0
2
0
-7
-8
-7
-3
5
9
13
13
9
8
11
17
20
19
12
7
10
20
44
67
60
16
-47
-107
-145
-131
-74
-4
56
90
85
54
18
-16
-42
-57
-61
-49
-22
15
49
60
39
-6
-56
-78
-59
-5
58
103
108
74
22
-31
-47
-26
-1
10
14
-1
-27
-38
-37
-26
-8
9
17
19
17
10
-2
-12
-26
-27
-12
11
39
53
47
15
-26
-55
-60
-41
-5
33
54
47
21
-14
-41
-48
-39
-20
-1
11
13
9
3
-2
0
0
-2
-2
1
2
1
1
0
0
2
1
0
-1
-2
-5
-4
-3
1
10
21
25
11
-7
-17
-22
-17
5
34
45
42
16
-29
-72
-92
-85
-57
-17
30
63
76
68
44
16
-13
-31
-25
-1
26
53
63
56
31
0
-26
-30
-17
2
24
45
52
41
19
-10
-35
-47
-45
-35
-16
-1
0
-2
-8
-13
-18
-17
-17
-17
-14
-9
-5
0
1
-3
-8
-3
8
15
11
1
-12
-15
-17
-19
-9
-7
-12
-16
-15
-7
1
-4
-8
-9
-13
-12
-3
9
11
12
7
2
2
5
11
16
18
14
13
9
-1
-3
0
-3
-8
-1
3
1
-1
-5
-1
-5
-6
0
5
12
3
-4
-2
-11
-9
15
19
11
17
20
8
17
25
24
18
17
19
18
17
10
5
2
-7
-5
12
15
14
10
-6
-12
-15
-22
-17
-17
-19
-13
-8
-11
-12
-13
-18
-19
-18
-11
-3
3
2
-8
-7
-9
-13
-1
10
8
6
10
3
-4
-1
-1
2
7
2
-2
0
-5
-15
-19
-14
-9
-9
3
5
-3
1
2
0
13
4
-12
-12
-14
-15
-13
-5
4
10
2
6
-14
-23
0
-6
4
20
23
3
4
9
-12
-3
19
9
-7
12
13
-7
9
20
1
16
15
-2
5
14
13
13
6
7
9
-10
11
33
7
14
16
-6
-10
3
-1
-4
22
22
-11
-3
19
-9
-4
14
-2
-23
-14
-14
-17
-6
-11
16
11
-36
-11
12
-39
-21
41
-14
-42
-6
13
-8
19
17
-39
7
-3
-14
15
22
15
-8
-10
-10
-6
-8
5
1
-22
-1
-8
-41
-20
15
-18
-25
20
-10
-34
7
-9
-14
1
-12
11
-3
-22
21
17
-26
-4
7
-21
28
42
-11
6
25
-29
-6
47
4
4
39
-6
-27
19
-1
-11
54
17
-12
9
-17
-12
19
43
7
19
15
-12
8
3
4
7
25
32
-4
6
34
-5
-9
32
19
-36
19
29
4
22
-11
-18
-20
10
-6
-16
16
-20
-20
-4
-21
-11
22
-15
-27
33
-40
-31
31
-16
-19
2
6
-44
-14
17
-16
-9
3
-12
-18
34
0
-27
4
-6
-14
-44
-12
11
-44
-15
50
-35
-86
6
-25
-52
25
12
-17
2
-27
-24
8
-18
-7
28
11
13
32
12
-3
7
-3
-22
38
39
-19
88
57
-67
22
-17
-16
70
12
21
83
-11
-49
44
-22
2
65
6
74
69
14
29
11
-2
3
64
62
41
72
40
-8
-51
13
59
36
94
27
-16
-46
-31
46
-35
103
40
-132
-66
-25
-51
-22
152
-105
-93
-2
-262
-28
128
-23
-85
8
-123
-255
-33
-18
54
0
-89
13
-143
-178
-40
106
-67
-86
95
-108
-96
11
-49
-37
64
-55
-65
154
-82
-131
117
30
-153
16
154
-84
57
149
-21
-63
-59
-1
75
132
46
179
43
-203
100
45
-3
196
124
34
-33
23
-32
94
159
-16
70
41
-107
5
149
6
28
68
-70
-1
24
-10
126
22
-71
73
-4
-83
7
72
4
-63
76
-3
-54
1
-47
63
-85
-35
102
-84
-75
39
-53
-132
61
0
-74
44
-14
-179
-57
95
-143
-63
180
-28
-195
-26
44
-133
-97
139
63
-108
35
-43
-152
53
-24
-61
166
108
-198
-44
126
-115
-95
192
124
-140
34
45
-90
-4
65
102
-25
19
3
-60
70
66
-59
77
59
-98
35
90
23
-55
-7
36
-8
-9
96
-7
50
-29
-91
105
0
-57
138
50
-168
61
33
-36
-53
78
81
-162
-1
170
-144
-78
124
-138
62
34
-30
10
-63
-60
-11
-19
88
15
-85
83
-97
-96
66
14
58
16
-90
150
-180
-155
260
-24
-115
199
36
-274
115
44
-174
165
186
-151
-25
116
-195
-22
283
-45
-57
187
-156
-201
259
55
-173
255
-21
-236
126
77
-42
34
63
-118
0
136
-145
3
211
-183
-179
233
19
-167
54
34
-124
9
-25
-13
123
-142
-82
7
52
-15
-31
-30
-49
87
-224
145
195
-305
11
94
-92
1
209
-113
-84
129
-138
-31
189
75
-209
45
76
-65
41
-9
201
-141
-177
170
18
14
35
133
-146
35
-21
-128
376
-162
-100
165
-26
-13
-60
274
-110
-254
179
25
52
-15
59
11
-197
20
8
106
83
13
-74
-32
79
-256
203
212
-327
89
57
-96
21
38
79
-143
-65
21
-57
181
65
-180
3
17
-144
-28
167
33
-91
-46
40
13
-106
62
-29
-71
129
-151
88
99
-183
-30
-60
59
-82
89
120
-65
-20
-196
80
-29
-34
187
-27
-68
-43
34
-83
41
116
-113
68
28
14
63
-37
30
-26
42
-24
13
243
-140
-35
184
-219
32
214
-109
-49
203
-85
-204
238
24
-202
149
65
-112
-14
100
-19
-106
-20
33
26
8
71
-74
37
-32
-164
99
145
-92
-74
139
-131
-56
8
20
5
-139
113
-28
-19
55
-57
-23
-30
10
-33
123
13
-93
62
-116
-12
14
72
107
-92
106
-57
-111
76
36
42
-33
82
-35
-25
59
-59
44
-31
-50
45
28
28
3
-15
6
-107
0
0
7
97
-56
-9
-5
-24
-118
83
91
-101
100
-46
-36
41
-59
8
23
82
-62
-53
156
-50
-89
63
82
-69
-52
119
-34
14
18
-46
25
-21
6
-59
94
41
-150
35
26
-28
-75
76
37
-127
10
-9
8
-15
13
-4
-59
40
-91
12
159
-77
-64
68
-13
-32
40
62
10
-31
-53
7
94
-39
-6
114
-50
-81
40
87
-31
-4
105
-69
-10
70
-57
3
56
24
-99
49
141
-130
-44
111
-9
-117
101
108
-135
20
47
-113
30
74
-32
-29
28
-23
-105
76
55
-67
-27
8
-10
-78
17
51
6
-93
-84
135
-50
-124
148
-14
-176
25
110
-84
4
107
-112
-32
32
-42
61
47
-66
-6
72
-69
6
118
-60
-12
35
-22
35
27
-41
37
27
-73
60
85
-63
-3
66
-27
-1
57
-22
25
28
-76
29
57
-45
43
26
-78
19
67
-43
2
104
-79
-67
110
-52
-18
125
-50
-109
67
16
-78
109
-9
-100
64
-28
-85
63
69
-83
-36
46
-58
-2
46
-43
-44
4
-39
-10
45
-27
-7
-30
-83
1
43
-19
-21
-31
-30
7
-50
17
75
-75
-48
63
-20
-43
66
18
-68
-18
46
35
-36
26
51
-61
35
35
-24
102
0
-67
53
53
2
-17
43
63
-52
-9
100
1
-37
72
-2
-37
106
30
-45
47
-4
-78
58
99
-76
-1
114
-119
-81
143
-32
-67
42
-28
-34
11
-19
-31
6
-24
-27
-19
1
42
-96
-17
71
-98
-29
67
-19
-65
19
68
-81
-38
76
-65
9
59
-66
1
67
-95
-50
125
-57
-43
71
-51
28
-22
-33
84
-35
-16
25
4
13
-31
36
17
-7
39
-28
40
40
-34
-12
75
20
-83
68
36
-49
36
18
10
-8
3
18
-40
34
23
-29
33
21
-46
-34
49
-9
-35
36
0
-20
-51
-4
42
-55
12
18
-58
13
22
-20
-24
44
1
-57
35
33
-16
-19
25
-18
-27
31
-23
22
0
-47
38
-3
-20
16
-26
-5
6
-47
27
25
-33
-7
-13
5
-15
-23
29
11
-22
16
17
0
2
-26
18
28
-35
29
36
-29
16
7
-11
10
18
-1
16
18
-12
-6
20
12
-38
21
27
-38
27
16
-48
11
25
-38
2
55
-16
-7
13
-15
14
-13
-15
35
-17
-15
22
-12
6
-1
-18
1
-2
4
-4
10
9
-24
-25
11
-5
-33
16
14
-17
-14
-1
10
-19
-15
24
8
-7
11
16
-4
-7
-14
-5
10
-11
8
9
-12
-4
-6
-14
-5
7
-18
0
26
-7
-13
24
-16
-22
22
13
-12
4
17
-25
10
30
-4
-6
30
7
-30
38
3
3
32
-18
13
4
0
