2
1
0
-2
-3
-2
0
1
-2
-2
-4
-4
-1
-1
-1
-3
-6
-6
-6
-4
-2
-3
-3
-4
-4
-4
-5
-5
-5
-4
-2
1
2
1
0
1
-1
-2
-4
-2
1
2
3
1
-1
0
-2
-3
-3
-5
-4
-5
-5
-2
0
0
-2
-1
0
-1
0
2
3
2
1
2
6
8
8
6
4
3
2
3
4
7
8
4
7
18
10
-2
8
19
-1
-17
-10
2
-2
1
8
7
4
6
9
-3
-1
4
-3
-9
-5
6
2
-8
-10
-5
-4
8
31
26
0
-17
-14
-1
-2
-18
-27
-17
-10
-10
-10
-15
-19
-14
-1
6
5
4
0
-11
-19
-15
-9
-4
-1
1
3
9
13
8
4
7
19
13
0
1
-3
-14
-13
2
16
17
11
12
11
4
0
-2
0
8
10
8
2
-5
-3
0
-2
-2
5
11
5
-1
-1
2
2
-3
-7
1
9
6
-1
0
5
7
4
1
-7
-1
0
-7
4
10
6
-5
-7
1
-2
4
10
5
-7
-5
-10
-26
-31
-29
-16
-1
9
10
0
-18
-25
-33
-30
-5
24
25
27
21
-2
-34
-52
-51
-20
39
95
135
98
26
-22
-62
-90
-43
20
39
90
129
74
-24
-26
2
-95
-114
39
71
-9
68
103
-30
-99
-27
-15
-57
-18
-16
-73
-74
-7
44
-28
-92
-3
7
-18
16
-65
-103
-48
18
150
94
10
188
60
-227
-115
-77
-104
91
139
169
248
40
30
87
-361
-595
-164
319
417
145
-42
211
214
-224
-435
-264
47
182
215
234
24
-76
-77
-229
47
350
43
-119
-121
-177
-20
65
226
239
-305
-236
143
-483
-813
-208
133
337
692
779
515
-198
-924
-973
-548
86
924
1289
752
8
-579
-903
-673
-295
79
667
920
799
514
-358
-1023
-906
-833
-360
666
973
792
435
-339
-702
-773
-728
37
568
458
534
425
68
-193
-504
-500
-276
-181
183
583
483
274
96
-301
-469
-248
-183
-168
121
361
316
183
121
-180
-625
-433
45
107
147
208
201
170
-124
-233
-99
-287
-277
140
337
290
178
103
-41
-297
-219
-79
-136
40
201
245
251
64
49
-92
-412
-145
-62
-246
293
521
247
241
-135
-341
-61
-250
-268
41
75
402
556
114
-146
-473
-666
-197
134
334
531
240
7
-106
-429
-344
51
213
225
167
111
-69
-337
-245
8
29
37
201
253
15
-194
-222
-231
-22
173
-31
-94
-47
-193
98
486
265
55
54
-100
-338
-491
-192
287
349
360
295
-151
-389
-491
-656
-228
355
441
496
446
42
-247
-358
-352
-81
114
139
240
308
203
-72
-211
-64
-77
-112
119
157
-33
-197
-177
154
224
-60
-51
-77
-212
69
323
297
163
-150
-270
-151
-169
-85
136
221
268
218
-35
-258
-402
-444
-75
397
406
230
138
-87
-318
-354
-278
-176
-60
222
428
133
-168
-92
-61
-80
-31
-58
-28
113
204
134
-32
20
176
34
-114
-46
-19
-20
-50
-44
132
184
45
-80
-244
-299
-144
37
163
51
-219
-184
85
221
189
155
139
-34
-254
-176
40
120
188
255
151
9
-31
-165
-295
-147
32
83
231
236
-103
-299
-167
-60
-28
52
182
240
73
-101
-98
-155
-142
102
142
17
68
3
-193
-173
-10
131
208
200
160
-51
-428
-392
57
193
81
134
194
168
-38
-372
-354
-75
63
197
268
121
-10
-166
-235
43
107
-139
-72
25
-66
-31
11
141
285
94
-43
-91
-391
-398
-85
150
524
668
283
-142
-411
-530
-518
-351
266
903
815
227
-284
-483
-572
-546
2
551
493
277
106
-61
-265
-583
-400
101
166
357
649
377
-27
-393
-707
-592
-217
303
630
373
201
200
-117
-297
-303
-486
-348
227
523
427
255
-58
-415
-471
-324
-257
-20
697
1043
298
-237
-170
-691
-898
-217
-5
224
788
677
303
-325
-921
-360
187
189
400
194
82
188
-297
-265
-44
-465
-368
48
477
882
254
-362
-141
-83
-95
-154
-299
-113
74
135
253
564
573
-458
-1067
-362
167
338
335
94
123
6
-78
72
-217
-242
74
-97
-152
119
326
271
-123
-103
102
-134
-149
-66
-110
22
50
139
256
160
76
-208
-444
-259
-68
92
285
304
176
86
30
-296
-596
-318
120
286
319
319
382
180
-520
-894
-397
211
414
376
197
183
171
-281
-649
-482
-6
470
456
110
28
73
1
-245
-460
-168
225
166
16
141
303
129
-186
-293
-208
-41
34
46
184
259
134
-25
-148
-221
-119
-86
-220
55
486
352
27
-107
-192
-198
-199
-141
94
240
179
29
-46
-24
-76
-99
-50
-31
78
107
28
-16
-200
-136
196
156
18
57
6
-153
-298
-174
184
323
204
74
-36
-161
-216
-146
-98
-42
169
370
272
-73
-190
-113
-232
-271
21
339
302
29
-63
-139
-148
51
62
-75
-137
-61
165
204
76
31
-68
-77
-91
-281
-52
314
208
5
3
53
-208
-284
87
91
65
153
-18
64
10
-238
-50
82
40
-30
-77
122
137
-18
-21
-44
-1
26
-102
-113
46
143
39
-151
-52
230
165
-114
-181
-83
-39
-79
23
184
169
45
-131
-192
-114
-29
34
101
123
79
-7
-168
-158
-14
8
-18
100
267
34
-206
-158
-55
46
-78
20
302
203
8
-248
-370
-4
211
37
33
180
158
-58
-234
-194
-3
212
206
-29
-103
4
43
-41
-98
-22
112
167
62
-84
-162
-73
108
47
-100
-48
138
237
-14
-262
-83
45
-28
29
116
110
-43
-198
-67
87
-10
-55
59
124
100
-49
-183
-235
-167
126
291
222
99
-113
-194
-190
-258
-84
138
273
358
96
-169
-250
-237
-90
-29
109
264
193
106
-100
-269
-142
-23
10
28
85
221
165
-45
-166
-232
-89
79
-28
25
330
370
36
-418
-569
-141
346
405
131
-198
-99
201
79
-183
-212
-6
132
-91
-195
121
476
439
-171
-640
-463
-103
333
487
197
47
-128
-301
-209
-92
152
270
39
-106
-94
20
161
54
-208
-312
-33
298
252
96
43
-77
-357
-442
18
489
350
-66
-191
-20
18
-71
-18
-21
-68
-43
2
189
190
-85
-170
-114
42
144
-25
-30
94
-65
-292
-170
287
462
101
-239
-264
-180
-218
-172
331
796
571
-159
-776
-775
-297
211
573
647
416
27
-412
-684
-552
-14
510
561
281
10
-192
-311
-324
-185
40
193
295
283
42
-204
-223
-162
-147
-28
188
244
108
-50
-88
-88
-209
-230
55
368
365
18
-249
-166
-47
-121
-203
-16
308
312
68
-56
-58
-46
-153
-290
-172
109
366
390
76
-181
-236
-233
-89
89
174
174
83
79
29
-199
-197
-40
-44
-79
24
329
466
101
-265
-385
-433
-230
137
469
590
169
-392
-447
-90
247
100
-266
-110
248
215
-1
-98
-27
-31
-250
-235
173
467
297
-170
-381
-179
49
127
62
-12
-11
-81
-104
27
168
264
138
-239
-428
-235
98
297
281
136
-57
-215
-280
-199
49
254
227
114
-1
-98
-153
-189
-88
112
106
-52
16
214
187
-46
-262
-261
38
235
78
-100
-134
38
273
152
-156
-219
-86
56
75
-30
45
287
169
-287
-427
-67
337
251
-129
-131
141
101
-180
-212
86
289
43
-269
-156
106
155
63
-5
9
4
-129
-221
-50
209
248
71
-124
-177
-105
-39
80
192
63
-115
-91
-36
-9
43
35
45
86
-39
-176
-124
18
209
228
-57
-243
-170
-16
187
231
-2
-199
-174
-48
107
263
197
-111
-298
-286
-100
272
392
163
-104
-316
-233
103
230
91
-117
-201
-33
155
195
120
-46
-193
-268
-174
140
389
383
79
-427
-521
-75
306
299
67
11
42
-165
-273
-14
274
255
-104
-324
-61
185
103
-48
-42
55
-10
-121
45
171
-78
-280
-129
118
230
236
171
-96
-388
-384
-130
197
403
316
21
-174
-131
-105
-244
-127
260
239
-80
-104
128
204
-58
-276
-148
45
143
98
-52
-2
33
-139
-116
112
283
225
-95
-365
-373
-84
292
359
201
62
-91
-268
-303
-34
241
165
57
78
-5
-76
-41
58
69
-161
-213
93
269
166
-45
-155
-69
-56
-93
48
113
-45
-83
106
169
-14
-139
-77
-76
-205
-200
70
334
309
80
-125
-199
-227
-285
-198
126
358
248
86
74
-34
-307
-424
-232
30
186
303
334
126
-187
-377
-398
-275
-98
92
313
424
247
-150
-455
-408
-206
-94
122
481
596
310
-147
-443
-416
-190
156
562
714
500
107
-269
-347
-36
381
682
739
517
275
204
228
236
214
285
469
541
448
338
169
-93
-286
-303
-159
17
-3
-285
-654
-902
-968
-930
-866
-839
-920
-1044
-1091
-1099
-1096
-991
-896
-977
-1069
-881
-492
-310
-416
-501
-428
-268
-74
178
560
893
880
591
458
665
928
1065
1224
1464
1636
1617
1420
1152
909
811
875
1104
1504
1741
1444
748
90
-262
-256
164
814
1174
898
107
-760
-1248
-1157
-638
-93
155
64
-329
-837
-1065
-817
-232
378
707
639
239
-267
-676
-858
-675
-173
277
288
-140
-711
-1231
-1534
-1453
-1046
-573
-360
-628
-1355
-2253
-2874
-2945
-2555
-1926
-1280
-928
-1105
-1673
-2143
-2094
-1509
-677
90
580
654
368
63
153
755
1576
2201
2467
2486
2386
2237
2163
2280
2498
2641
2700
2744
2674
2381
1999
1705
1524
1464
1548
1595
1296
652
23
-298
-289
-128
-64
-226
-545
-887
-1162
-1246
-1081
-897
-1000
-1321
-1511
-1454
-1266
-1058
-889
-874
-1038
-1204
-1243
-1131
-867
-582
-491
-619
-770
-836
-868
-781
-458
-48
285
639
1069
1372
1332
915
300
-126
74
842
1546
1672
1159
193
-785
-1141
-678
41
327
59
-503
-1090
-1465
-1599
-1817
-2340
-2876
-2960
-2507
-1822
-1356
-1484
-2185
-2882
-2893
-2057
-805
185
357
-306
-1059
-993
87
1601
2830
3310
2898
2032
1622
2194
3308
4131
4281
3897
3299
2844
2794
3016
3137
2977
2620
2271
2085
1947
1516
712
-32
-283
-104
139
126
-380
-1316
-2117
-2210
-1676
-1092
-918
-1305
-2102
-2821
-2899
-2296
-1561
-1226
-1364
-1702
-1893
-1741
-1351
-964
-759
-809
-1021
-1113
-863
-456
-286
-407
-502
-351
15
566
1247
1747
1688
1093
432
157
402
993
1513
1521
966
216
-268
-319
-150
-110
-333
-603
-676
-613
-686
-1147
-2074
-3145
-3659
-3139
-1951
-1056
-1150
-2146
-3362
-3907
-3210
-1516
162
768
45
-1230
-1890
-1259
420
2253
3346
3270
2364
1600
1793
2927
4247
4975
4831
4052
3217
2917
3315
3986
4339
4110
3491
2851
2397
2078
1754
1357
942
607
422
281
-103
-886
-1784
-2230
-1988
-1455
-1232
-1624
-2482
-3328
-3630
-3146
-2234
-1632
-1759
-2386
-2919
-2907
-2316
-1492
-912
-887
-1314
-1748
-1759
-1299
-697
-290
-163
-197
-171
153
837
1559
1802
1387
711
351
575
1195
1710
1623
841
-107
-501
-145
463
687
317
-394
-992
-1179
-1041
-1015
-1508
-2468
-3285
-3316
-2562
-1720
-1536
-2146
-3063
-3538
-3021
-1637
-240
209
-468
-1460
-1706
-779
903
2472
3181
2838
1972
1530
2132
3538
4863
5299
4742
3765
3128
3267
4020
4751
4805
4063
3112
2634
2680
2792
2585
1972
1123
387
104
209
188
-325
-1165
-1895
-2210
-2094
-1835
-1874
-2415
-3143
-3529
-3319
-2749
-2337
-2411
-2795
-3026
-2829
-2268
-1608
-1189
-1241
-1583
-1703
-1369
-839
-427
-186
-104
-108
125
838
1696
1981
1411
523
110
512
1389
1989
1777
795
-363
-915
-523
287
582
-3
-926
-1465
-1451
-1181
-1104
-1652
-2826
-3871
-3886
-2836
-1691
-1456
-2281
-3462
-3970
-3198
-1493
11
299
-648
-1798
-1914
-556
1530
3052
3282
2526
1732
1802
2995
4691
5786
5614
4555
3589
3435
4107
5028
5435
4959
3933
3058
2774
2982
3217
3011
2243
1252
483
101
-23
-170
-549
-1160
-1761
-2162
-2404
-2584
-2753
-2951
-3164
-3295
-3283
-3222
-3211
-3208
-3116
-2882
-2518
-2138
-1920
-1900
-1896
-1702
-1272
-711
-217
-4
-117
-296
-69
835
2072
2761
2268
966
-18
167
1361
2532
2621
1435
-152
-990
-674
256
864
531
-587
-1689
-2031
-1575
-1058
-1410
-2829
-4386
-4798
-3771
-2348
-1829
-2625
-4050
-4904
-4349
-2575
-742
-106
-957
-2278
-2555
-1126
1223
3011
3314
2430
1558
1836
3450
5479
6608
6191
4831
3857
4077
5198
6289
6493
5532
4025
3082
3202
3861
4181
3652
2389
1097
482
528
640
320
-572
-1732
-2464
-2387
-1999
-2062
-2721
-3582
-4175
-4137
-3522
-2938
-2914
-3368
-3873
-3965
-3332
-2224
-1395
-1255
-1541
-1816
-1745
-1141
-242
390
482
197
-94
183
1378
2765
3004
1847
440
-48
682
2046
2813
2071
345
-933
-932
39
1000
924
-433
-2013
-2498
-1746
-759
-644
-1905
-3944
-5195
-4637
-2966
-1843
-2281
-3908
-5346
-5226
-3404
-1207
-255
-1089
-2733
-3469
-2279
235
2431
3049
2135
942
943
2567
4831
6283
6190
4988
3945
4117
5377
6679
7064
6303
4951
3986
4041
4796
5307
4888
3591
2066
1103
1034
1469
1644
1003
-354
-1687
-2284
-2115
-1775
-1869
-2590
-3617
-4323
-4312
-3795
-3316
-3306
-3805
-4348
-4344
-3673
-2765
-2148
-2094
-2497
-2828
-2435
-1319
-225
177
-142
-551
-241
956
2130
2204
1212
243
212
1083
2075
2281
1448
281
-238
146
855
1109
498
-668
-1522
-1471
-829
-504
-1173
-2676
-4044
-4267
-3273
-2118
-1985
-3060
-4436
-4947
-4117
-2495
-1232
-1188
-2218
-3198
-2934
-1245
832
2007
1886
1162
913
1789
3550
5246
5912
5369
4413
4128
4930
6266
7155
7000
5989
4866
4397
4790
5482
5591
4709
3238
1977
1458
1616
1884
1616
589
-793
-1803
-2022
-1738
-1628
-2105
-3023
-3925
-4408
-4317
-3846
-3514
-3718
-4287
-4659
-4449
-3725
-2942
-2612
-2783
-3007
-2755
-1859
-823
-268
-229
-221
273
1024
1353
1249
1090
1113
1372
1522
1356
987
574
486
739
835
575
-85
-813
-995
-791
-644
-887
-1803
-2965
-3678
-3577
-2717
-2098
-2529
-3579
-4439
-4393
-3429
-2388
-1873
-2121
-2890
-3222
-2532
-1035
479
1085
886
702
1047
2097
3506
4635
5134
4973
4644
4776
5407
6228
6827
6869
6414
5779
5397
5521
5799
5684
4987
3978
3150
2695
2497
2312
1830
966
-88
-908
-1203
-1275
-1582
-2257
-3087
-3690
-3949
-3978
-3973
-4225
-4680
-5021
-4999
-4535
-4081
-4001
-4082
-4020
-3467
-2588
-1931
-1506
-1291
-959
-75
657
844
808
766
1203
1766
1840
1736
1387
1082
1299
1417
1402
1194
348
-323
-488
-503
-436
-1038
-2208
-3090
-3635
-3457
-2836
-2888
-3508
-4320
-4873
-4504
-3746
-3163
-2817
-3050
-3433
-3239
-2400
-1099
-99
114
205
696
1551
2632
3604
4292
4688
4754
4923
5648
6550
7094
7173
6898
6626
6544
6561
6759
6827
6236
5235
4319
3784
3649
3393
2802
1982
797
-333
-845
-930
-1036
-1598
-2629
-3578
-4172
-4477
-4463
-4290
-4470
-5034
-5502
-5655
-5248
-4648
-4549
-4344
-3922
-3731
-3211
-2717
-2111
-814
-332
-475
-278
-248
683
1931
1941
1907
1514
958
1772
2338
2434
2624
1591
744
762
488
713
500
-858
-1788
-2622
-3049
-2414
-2376
-3030
-3787
-4723
-4751
-4105
-3748
-3460
-3614
-4212
-4389
-3910
-2782
-1536
-1030
-1081
-966
-347
655
1791
2840
3482
3683
3766
4186
5213
6250
6732
6905
6856
6673
6693
6902
7202
7215
6499
5611
5158
4884
4562
4020
3163
2278
1388
636
348
35
-776
-1850
-2791
-3232
-3340
-3509
-3813
-4372
-5019
-5495
-5572
-5057
-4667
-4581
-4340
-4347
-4194
-3668
-3162
-1911
-950
-1315
-1534
-1477
-728
967
1427
1152
1119
593
1060
2171
2478
2854
2311
1077
1104
1249
1326
1564
516
-781
-1580
-2255
-1832
-1369
-2129
-3205
-4222
-4614
-4076
-3628
-3559
-3815
-4483
-4950
-4587
-3501
-2572
-2310
-2414
-2360
-1627
-565
311
1250
1888
2046
2377
2963
3863
4905
5364
5534
5803
5953
6249
6703
6961
6952
6547
5993
5797
5772
5484
4934
4260
3535
2893
2390
1946
1403
550
-496
-1264
-1573
-1792
-2219
-2828
-3659
-4328
-4484
-4502
-4320
-4256
-4749
-4727
-4382
-4168
-3501
-3155
-2608
-1542
-1694
-1996
-1606
-1110
324
1088
527
458
156
418
1889
2330
2287
1902
718
876
1587
1571
1564
548
-796
-1297
-1787
-1580
-1099
-1771
-2837
-3807
-4201
-3717
-3419
-3454
-3734
-4375
-4790
-4722
-3918
-2848
-2656
-2912
-2889
-2310
-1060
-117
353
906
1132
1420
2324
3279
4156
4636
4500
4720
5350
5810
6242
6451
6285
5940
5552
5545
5831
5680
4971
4282
3870
3339
2796
2554
2148
1445
535
-403
-718
-771
-1262
-1912
-2616
-3278
-3566
-3657
-3697
-3531
-3449
-3837
-3915
-3600
-3346
-2309
-1422
-1827
-2358
-2727
-2001
117
828
329
-117
-1012
-591
867
1492
2023
1557
115
5
525
1028
1522
694
-665
-1565
-2168
-1784
-997
-1209
-2347
-3574
-4103
-3852
-3268
-2916
-3086
-3570
-4357
-4684
-3716
-2564
-2107
-2104
-2362
-2119
-1287
-559
316
1150
1242
1174
1611
2468
3510
4153
4240
4343
4493
4575
5048
5750
5906
5465
4848
4461
4599
4766
4499
4146
3610
2787
2333
2207
1962
1534
790
71
-326
-707
-1042
-1239
-1513
-2047
-2659
-2895
-2946
-2955
-2704
-2692
-2713
-2623
-2836
-2060
-808
-973
-1494
-1873
-1680
5
761
209
-26
-755
-699
611
1139
1417
1015
-357
-390
333
611
770
73
-1016
-1760
-2235
-1802
-1012
-1123
-2208
-3401
-3676
-3312
-2847
-2463
-2774
-3434
-4020
-4283
-3291
-2066
-2011
-2359
-2505
-2071
-995
-195
389
936
917
855
1500
2568
3391
3643
3572
3565
3825
4218
4626
5142
5204
4518
3887
3758
4013
4300
4028
3332
2622
1856
1448
1706
1802
1222
421
-273
-600
-602
-767
-905
-1139
-1958
-2511
-2482
-2208
-1555
-1453
-1904
-2020
-2033
-1225
31
30
-615
-1261
-1183
371
1267
815
203
-621
-451
612
1006
1268
751
-606
-737
-202
165
312
-630
-1652
-2112
-2652
-2441
-1774
-1934
-2652
-3459
-3801
-3386
-2967
-2796
-2689
-2942
-3469
-3599
-2880
-1701
-1121
-1474
-1782
-1346
-522
244
924
1479
1538
1175
1412
2495
3425
3720
3555
3369
3550
3845
4173
4556
4465
3871
3251
2946
3106
3220
2801
2158
1655
1164
705
656
658
93
-641
-1109
-1167
-1028
-1286
-1610
-1825
-2257
-2400
-2136
-1689
-1243
-1346
-1656
-1617
-875
409
732
86
-377
-311
860
2124
2056
1497
718
381
1368
2036
1973
1643
584
-27
220
358
380
-188
-1277
-1981
-2419
-2487
-2200
-2279
-2889
-3657
-3983
-3782
-3552
-3348
-3196
-3274
-3544
-3819
-3469
-2446
-1745
-1688
-1754
-1521
-878
-56
707
1383
1777
1740
1801
2427
3195
3705
3924
3825
3724
3764
3870
4216
4421
3988
3327
2963
2910
2826
2460
1914
1412
930
341
68
103
-303
-1054
-1762
-2093
-1891
-1818
-1918
-2107
-2670
-3038
-2997
-2325
-1306
-1310
-1779
-1988
-1573
90
1042
542
27
-340
560
2367
2760
2336
1567
850
1702
2710
2812
2643
1679
817
944
1040
1029
632
-476
-1319
-1819
-2124
-1996
-2119
-2766
-3500
-3998
-3972
-3757
-3699
-3671
-3796
-3942
-3854
-3459
-2705
-2244
-2293
-2063
-1407
-556
153
374
717
1449
2083
2591
2923
3127
3447
3738
4092
4490
4487
4158
3933
4014
4149
3916
3464
3062
2655
2212
1729
1329
970
494
77
-397
-1020
-1567
-2038
-2270
-2336
-2524
-2726
-3086
-3401
-3379
-3227
-2546
-1886
-2016
-2296
-2271
-1209
270
316
-241
-369
-53
1255
2277
2242
1952
1300
1354
2411
2986
3016
2455
1471
1298
1627
1666
1308
389
-548
-1139
-1491
-1472
-1504
-2156
-3023
-3541
-3723
-3660
-3541
-3559
-3682
-4126
-4524
-4003
-3061
-2479
-2344
-2583
-2374
-1434
-507
248
755
982
1427
2054
2695
3400
3836
4022
4353
4793
5037
4940
4829
4970
4993
4668
4210
3806
3445
3035
2720
2384
1635
879
458
49
-362
-992
-1835
-2321
-2700
-2934
-2915
-3423
-3901
-4016
-4220
-3565
-2689
-2737
-2991
-3277
-2573
-825
-364
-857
-1186
-1202
91
1507
1752
1575
804
527
1588
2479
2900
2575
1447
1029
1262
1460
1545
815
-272
-1001
-1456
-1257
-1018
-1580
-2477
-3196
-3352
-3090
-3051
-3120
-3183
-3487
-3805
-3649
-2856
-1954
-1689
-1921
-1865
-1211
-324
421
1008
1401
1649
1955
2495
3302
3922
4158
4341
4511
4662
4854
4945
5038
5038
4626
4160
3812
3470
3218
2886
2436
1868
1074
417
186
-67
-729
-1617
-2267
-2467
-2507
-2636
-3037
-3569
-4017
-4018
-3268
-2679
-2778
-3147
-2969
-1914
-1080
-1261
-1677
-1514
-749
288
738
752
578
294
736
1554
1975
1952
1453
1016
1121
1071
952
851
169
-639
-1325
-1661
-1363
-1440
-2215
-2869
-3225
-3313
-3339
-3397
-3248
-3363
-3798
-3918
-3382
-2452
-2059
-2100
-1818
-1253
-492
237
759
1337
1820
2186
2851
3451
3791
4188
4570
4960
5228
5259
5320
5479
5407
5081
4773
4421
4042
3690
3242
2809
2302
1437
734
443
155
-264
-1058
-1939
-2383
-2598
-2666
-2781
-3352
-3904
-4204
-3960
-3055
-2792
-3059
-3231
-2963
-1695
-824
-1105
-1357
-1298
-660
589
1057
1002
854
533
1065
1873
2112
2035
1579
1193
1331
1331
1057
598
-218
-843
-1234
-1549
-1649
-2016
-2755
-3363
-3644
-3549
-3407
-3613
-3889
-4091
-4279
-4192
-3747
-3205
-2893
-2854
-2641
-1933
-1041
-361
144
679
1268
1899
2535
3153
3755
4262
4712
5088
5366
5608
5787
5923
5961
5785
5534
5218
4813
4474
4003
3506
3047
2373
1741
1210
663
123
-650
-1523
-1965
-2225
-2496
-2875
-3637
-4105
-3973
-3378
-2846
-3073
-3715
-3632
-2481
-1434
-1257
-1748
-1919
-1273
-252
558
817
562
197
484
1299
2047
2077
1479
1086
1126
1297
1230
841
162
-561
-1094
-1361
-1370
-1558
-2267
-3027
-3361
-3378
-3392
-3532
-3599
-3727
-4142
-4380
-4011
-3183
-2709
-3012
-3092
-2435
-1578
-804
-268
57
379
785
1661
2734
3188
3302
3595
4192
4882
5219
5348
5500
5426
5258
5282
5302
5160
4732
4197
3793
3413
2980
2334
1760
1463
881
-68
-894
-1394
-1610
-1851
-2332
-2886
-3524
-3691
-3017
-2424
-2594
-3327
-3288
-2140
-1452
-1715
-2066
-1902
-1183
-451
-75
250
191
51
531
1246
1930
1970
1439
1430
1600
1356
1084
715
343
-39
-754
-1158
-1241
-1602
-2080
-2514
-2714
-2931
-3479
-3662
-3441
-3437
-3732
-4092
-3915
-3286
-2998
-2859
-2451
-2016
-1727
-1435
-767
38
504
852
1334
1892
2365
2808
3525
4207
4335
4189
4294
4742
5127
5072
4780
4373
3961
3831
3846
3718
3212
2298
1573
1357
1233
803
-12
-858
-1358
-1597
-1646
-1800
-2549
-3386
-3466
-2746
-1986
-2153
-2923
-2788
-1878
-1382
-1335
-1454
-1294
-767
-384
17
520
615
653
955
1350
1823
1892
1758
2028
2034
1458
974
654
425
151
-327
-665
-950
-1568
-2201
-2399
-2313
-2480
-3040
-3446
-3501
-3427
-3459
-3573
-3381
-3095
-3110
-3011
-2496
-1788
-1248
-1070
-801
-274
167
733
1521
2101
2297
2334
2736
3545
4131
4363
4367
4196
4124
4222
4416
4466
3980
3260
2846
2765
2787
2434
1635
891
288
-194
-459
-793
-1336
-1871
-2322
-2669
-2873
-3148
-3221
-2646
-2242
-2588
-2736
-2356
-1982
-1585
-1402
-1287
-911
-818
-738
-98
591
1013
1003
695
985
1593
2081
2711
2704
1800
981
705
1064
1549
1167
113
-808
-1262
-1318
-1181
-1082
-1483
-2476
-3231
-3172
-2643
-2353
-2686
-3231
-3336
-2912
-2366
-1924
-1515
-1336
-1410
-1062
-187
499
788
1024
1402
1885
2331
2727
3161
3506
3681
3835
4089
4288
4122
3826
3786
3678
3258
2839
2548
2228
1838
1440
916
265
-290
-789
-1213
-1564
-2120
-2628
-2916
-3287
-3601
-3621
-3232
-2770
-2933
-3120
-2740
-2460
-2164
-1825
-1763
-1486
-1243
-1225
-710
29
433
578
604
943
1400
1683
2212
2580
2185
1500
1075
1142
1527
1499
898
254
-270
-713
-820
-540
-497
-1151
-2032
-2382
-2068
-1707
-1813
-2150
-2318
-2261
-2011
-1518
-912
-645
-827
-752
-55
710
1107
1277
1510
1870
2256
2679
3151
3458
3448
3411
3660
4017
4099
3901
3680
3418
3003
2694
2579
2310
1855
1361
797
236
-334
-944
-1385
-1765
-2389
-3003
-3312
-3544
-3917
-4215
-3979
-3433
-3368
-3545
-3291
-2977
-2799
-2500
-2218
-1857
-1601
-1718
-1512
-743
-107
166
209
328
668
996
1581
2267
2151
1407
818
759
1205
1417
997
349
-251
-636
-687
-420
-134
-512
-1384
-1819
-1650
-1277
-1112
-1288
-1490
-1575
-1544
-1102
-308
212
96
-128
313
1150
1715
1971
2089
2165
2320
2725
3427
3989
3983
3654
3563
3860
4072
3970
3885
3660
3072
2627
2589
2618
2312
1673
1048
499
-50
-506
-894
-1286
-1879
-2702
-3193
-3304
-3563
-3839
-3623
-3259
-3447
-3800
-3745
-3531
-3206
-2856
-2772
-2700
-2685
-2774
-2324
-1450
-948
-1086
-1423
-1159
-430
165
750
1013
543
-32
-215
130
820
917
196
-526
-824
-752
-504
-253
-203
-701
-1442
-1597
-1082
-573
-650
-1060
-1154
-873
-473
-12
463
782
702
648
1349
2277
2593
2557
2629
2886
3272
3653
4044
4307
4123
3853
4055
4404
4409
4131
3765
3439
3126
2808
2656
2506
2041
1446
980
564
106
-361
-798
-1189
-1597
-2184
-2762
-3068
-3220
-3047
-2726
-2889
-3081
-3112
-3361
-3222
-2703
-2456
-2420
-2747
-3123
-2775
-2092
-1530
-1323
-1723
-1994
-1711
-1063
-123
226
-524
-1451
-1828
-1405
-523
-200
-714
-1634
-2301
-2146
-1479
-919
-913
-1583
-2235
-2245
-1610
-867
-809
-1203
-1308
-1098
-565
233
860
1104
1037
1130
1777
2620
3184
3320
3225
3326
3725
4252
4765
5050
4896
4484
4403
4695
4802
4620
4275
3818
3505
3310
3064
2866
2558
1951
1301
825
483
158
-218
-681
-1322
-1952
-2216
-2444
-2759
-2580
-2282
-2548
-2755
-2679
-2817
-2785
-2401
-2117
-2041
-2164
-2455
-2531
-2055
-1398
-1416
-1964
-2142
-1941
-1484
-715
-329
-827
-1675
-2194
-2076
-1424
-998
-1411
-2245
-2813
-2909
-2542
-1961
-1743
-2140
-2752
-3025
-2715
-2019
-1608
-1808
-2002
-1764
-1232
-430
389
791
786
824
1391
2318
2975
3264
3365
3491
3946
4500
4903
5246
5269
5017
5000
5143
5149
4997
4727
4406
3962
3546
3334
3107
2832
2437
1788
1228
837
462
142
-245
-796
-1525
-2065
-2125
-2142
-1951
-1600
-1947
-2427
-2516
-2586
-2139
-1559
-1630
-1900
-2237
-2270
-1562
-973
-901
-1359
-2203
-2215
-1326
-488
28
-295
-1437
-2256
-2292
-1754
-1212
-1416
-2217
-3041
-3386
-2972
-2435
-2311
-2605
-3259
-3590
-3289
-2844
-2491
-2588
-2915
-2649
-2117
-1592
-930
-573
-374
-31
387
1107
1824
2255
2734
3052
3270
3730
4098
4466
4942
5038
4958
5062
5128
5137
5112
4960
4677
4218
3779
3527
3288
3020
2650
2123
1577
1084
715
422
130
-296
-1026
-1670
-1915
-1922
-1470
-971
-1309
-1899
-2264
-2319
-1660
-955
-950
-1459
-1991
-1878
-1106
-412
-278
-1043
-2037
-2000
-1040
72
626
45
-1256
-2134
-2066
-1376
-771
-1058
-2238
-3301
-3534
-3018
-2377
-2308
-2873
-3658
-4020
-3636
-2958
-2509
-2658
-3282
-3428
-2841
-1995
-1185
-873
-944
-863
-450
481
1465
1878
2012
2062
2327
3206
4051
4411
4521
4356
4241
4562
4945
5089
4942
4496
4046
3773
3734
3709
3304
2794
2336
1832
1553
1354
984
549
114
-340
-851
-1127
-1335
-1647
-1158
-491
-794
-1237
-1680
-1870
-1077
-408
-502
-960
-1628
-1577
-677
114
304
-651
-1815
-1569
-399
662
950
-81
-1563
-2161
-1727
-801
-318
-1024
-2419
-3358
-3214
-2364
-1855
-2189
-3063
-3874
-3935
-3229
-2476
-2301
-2842
-3554
-3607
-2802
-1718
-1190
-1306
-1506
-1437
-690
583
1439
1536
1261
1232
1920
2990
3805
4047
3821
3631
3780
4233
4726
4766
4272
3787
3595
3550
3593
3471
2957
2371
1926
1620
1413
1126
657
169
-122
-422
-834
-1080
-1420
-1572
-842
-368
-736
-1304
-1864
-1586
-520
50
-234
-961
-1478
-1005
-1
685
431
-891
-1662
-988
307
1259
1038
-331
-1555
-1762
-1141
-286
-147
-1205
-2685
-3338
-2829
-1879
-1501
-2146
-3173
-3744
-3569
-2770
-2131
-2234
-2909
-3553
-3294
-2126
-1147
-1012
-1312
-1461
-1040
-103
887
1360
1138
815
1075
2093
3205
3682
3492
3201
3291
3670
4103
4374
4231
3689
3332
3398
3580
3569
3147
2551
2026
1654
1338
1119
960
478
-141
-503
-689
-979
-1353
-1701
-1337
-520
-490
-1028
-1736
-1888
-1110
-312
-172
-680
-1517
-1625
-551
464
616
-403
-1650
-1558
-328
930
1280
322
-1184
-1996
-1628
-525
76
-593
-2014
-3019
-2836
-1906
-1309
-1581
-2518
-3293
-3289
-2627
-1846
-1744
-2314
-2882
-2867
-2059
-1078
-687
-862
-1115
-1026
-350
615
1246
1258
1048
1143
1680
2507
3110
3242
3142
3069
3270
3738
4071
4077
3739
3300
3136
3193
3267
3116
2691
2180
1771
1484
1229
996
654
125
-282
-512
-822
-1118
-1400
-1242
-583
-490
-980
-1599
-1865
-1250
-468
-377
-853
-1577
-1779
-931
3
173
-669
-1805
-1861
-736
469
831
19
-1360
-2050
-1719
-753
-52
-581
-1935
-2903
-2773
-1837
-1140
-1378
-2251
-3019
-3042
-2354
-1548
-1294
-1859
-2587
-2640
-1863
-819
-309
-512
-822
-757
-196
666
1303
1367
1066
992
1478
2379
3130
3283
3050
2848
2873
3176
3598
3784
3583
3143
2798
2748
2910
2927
2621
2162
1676
1316
1129
1069
845
348
-169
-541
-775
-954
-1140
-1063
-505
-300
-672
-1237
-1564
-1098
-367
-193
-662
-1337
-1608
-932
38
352
-367
-1581
-1858
-862
463
948
191
-1210
-2022
-1773
-900
-179
-573
-1833
-2798
-2743
-1912
-1211
-1405
-2267
-3024
-3150
-2524
-1684
-1358
-1843
-2617
-2758
-2023
-1016
-534
-721
-1076
-1000
-348
543
1185
1201
833
800
1380
2208
2796
2822
2558
2543
2730
3040
3361
3340
3106
2898
2806
2857
2902
2716
2438
2176
1916
1718
1423
1206
953
635
414
142
-230
-583
-889
-949
-371
-26
-228
-830
-1472
-1205
-348
191
-109
-969
-1613
-1171
-123
538
236
-1028
-1827
-1377
-89
934
693
-685
-1899
-2020
-1283
-362
-342
-1389
-2584
-3053
-2435
-1444
-1143
-1774
-2702
-3112
-2701
-1941
-1444
-1573
-2252
-2643
-2279
-1394
-610
-530
-866
-988
-640
27
689
1019
967
829
927
1421
2041
2428
2501
2446
2432
2391
2464
2696
2909
2871
2580
2272
2139
2208
2234
2254
2090
1681
1192
848
931
1009
798
431
28
-311
-351
-332
-105
249
-26
-413
-706
-711
-197
232
184
-254
-833
-969
-328
298
385
-286
-1172
-1319
-688
154
465
-82
-1107
-1743
-1621
-983
-557
-925
-1793
-2491
-2538
-2009
-1497
-1543
-2122
-2738
-2799
-2184
-1458
-1260
-1662
-2156
-2191
-1600
-758
-327
-473
-810
-809
-219
596
1066
961
659
658
1091
1753
2210
2199
1956
1819
1877
2118
2330
2369
2273
2107
1990
1930
1923
1877
1712
1548
1358
1097
854
683
574
492
383
226
-9
-261
-423
-363
40
300
96
-311
-623
-433
129
447
276
-248
-738
-621
19
483
287
-496
-1094
-914
-191
356
201
-559
-1330
-1552
-1152
-615
-625
-1310
-2082
-2333
-1955
-1388
-1267
-1700
-2246
-2446
-2088
-1417
-1047
-1287
-1766
-1903
-1442
-687
-225
-278
-493
-473
-114
470
974
1090
928
886
1101
1487
1845
1945
1866
1803
1761
1781
1896
1962
1889
1740
1612
1526
1464
1406
1299
1184
1061
842
587
397
280
212
168
94
-96
-335
-462
-450
-242
43
24
-238
-475
-541
-251
162
251
-52
-471
-630
-293
247
434
62
-547
-819
-516
67
347
-12
-743
-1280
-1281
-866
-544
-727
-1344
-1906
-2028
-1718
-1335
-1295
-1640
-2033
-2120
-1808
-1307
-1034
-1152
-1389
-1395
-1033
-464
-65
-23
-149
-154
146
723
1242
1398
1282
1162
1259
1657
2104
2287
2176
1908
1713
1799
2029
2113
1966
1670
1409
1309
1296
1228
1081
875
666
512
367
195
46
-73
-182
-280
-393
-507
-588
-650
-687
-636
-500
-398
-396
-516
-627
-540
-299
-85
-106
-375
-602
-511
-177
98
34
-368
-718
-692
-366
-80
-148
-628
-1164
-1344
-1146
-846
-810
-1177
-1669
-1894
-1742
-1410
-1228
-1373
-1663
-1775
-1582
-1239
-1008
-1003
-1078
-996
-700
-305
9
147
200
343
656
1071
1424
1598
1606
1607
1759
2063
2376
2499
2360
2123
2024
2150
2350
2378
2138
1755
1466
1384
1420
1393
1171
812
499
334
268
184
21
-191
-353
-444
-522
-624
-752
-853
-858
-797
-760
-792
-877
-917
-809
-627
-531
-576
-693
-734
-628
-452
-358
-429
-614
-739
-702
-556
-436
-480
-677
-872
-962
-935
-859
-873
-1042
-1279
-1448
-1460
-1362
-1302
-1370
-1515
-1592
-1520
-1334
-1161
-1117
-1141
-1089
-878
-569
-304
-178
-124
15
315
698
1001
1128
1156
1247
1492
1832
2086
2136
2048
2001
2114
2327
2476
2428
2212
2003
1935
1992
2027
1901
1630
1348
1176
1115
1062
911
656
388
209
154
120
-3
-227
-471
-605
-591
-524
-541
-703
-922
-1036
-953
-758
-661
-761
-949
-1049
-960
-766
-649
-721
-906
-1007
-914
-734
-662
-784
-997
-1107
-1031
-878
-823
-961
-1220
-1419
-1415
-1262
-1159
-1231
-1439
-1609
-1599
-1433
-1253
-1188
-1248
-1309
-1225
-1004
-760
-629
-593
-515
-308
-6
243
357
409
541
822
1178
1435
1495
1451
1515
1792
2134
2320
2257
2072
1998
2139
2382
2485
2300
1949
1719
1763
1941
1969
1713
1323
1051
1027
1144
1154
912
517
216
148
202
172
-38
-337
-562
-641
-622
-607
-668
-789
-895
-941
-936
-904
-862
-836
-858
-942
-1046
-1084
-1018
-917
-898
-1003
-1177
-1294
-1275
-1167
-1096
-1156
-1332
-1516
-1598
-1551
-1452
-1420
-1503
-1667
-1796
-1770
-1595
-1391
-1290
-1342
-1418
-1348
-1096
-762
-519
-449
-452
-369
-119
245
570
747
811
894
1086
1376
1677
1884
1962
1970
2000
2112
2270
2398
2423
2336
2204
2110
2111
2168
2165
2017
1766
1537
1434
1437
1421
1274
984
671
475
432
433
331
77
-233
-448
-503
-455
-431
-519
-718
-916
-988
-902
-758
-695
-777
-927
-1018
-979
-842
-717
-697
-792
-927
-990
-947
-850
-797
-848
-990
-1143
-1228
-1210
-1137
-1111
-1197
-1378
-1544
-1588
-1502
-1371
-1314
-1398
-1543
-1602
-1482
-1240
-1028
-957
-1006
-1026
-885
-585
-254
-38
22
27
133
410
785
1093
1221
1211
1226
1400
1701
1977
2089
2026
1917
1920
2063
2229
2280
2165
1962
1812
1800
1865
1870
1718
1447
1186
1058
1055
1050
912
630
332
156
141
188
138
-67
-336
-523
-533
-420
-342
-424
-639
-836
-885
-771
-632
-617
-748
-929
-1025
-978
-852
-776
-827
-971
-1100
-1134
-1075
-995
-981
-1049
-1161
-1250
-1259
-1195
-1109
-1069
-1114
-1214
-1278
-1237
-1102
-958
-917
-1000
-1088
-1062
-882
-641
-493
-503
-589
-586
-398
-96
157
241
201
187
326
605
890
1045
1049
1016
1066
1248
1477
1629
1650
1580
1532
1565
1672
1773
1776
1673
1523
1418
1402
1431
1413
1288
1082
885
784
786
800
712
513
287
151
154
212
196
49
-156
-293
-305
-247
-236
-338
-504
-631
-666
-642
-637
-701
-805
-896
-948
-962
-976
-1003
-1041
-1078
-1114
-1145
-1167
-1163
-1135
-1108
-1114
-1156
-1186
-1153
-1062
-966
-935
-971
-1007
-961
-824
-669
-584
-596
-633
-594
-444
-247
-109
-79
-103
-77
51
243
406
478
480
489
575
725
874
966
989
991
1029
1116
1221
1300
1322
1301
1269
1258
1281
1313
1310
1241
1128
1028
977
976
964
884
743
599
511
499
503
446
308
153
63
52
60
14
-115
-269
-370
-397
-393
-430
-532
-655
-742
-769
-767
-787
-849
-928
-977
-987
-975
-970
-983
-998
-995
-973
-949
-929
-909
-874
-829
-783
-749
-723
-682
-618
-540
-472
-431
-400
-350
-272
-180
-105
-54
-18
25
90
172
250
302
339
368
415
477
548
605
629
638
646
678
739
789
785
738
686
674
717
762
746
653
543
493
527
594
605
509
367
286
318
411
453
373
225
116
122
207
259
199
61
-56
-82
-37
-7
-50
-149
-244
-290
-297
-303
-331
-374
-418
-458
-500
-540
-558
-546
-521
-532
-587
-647
-663
-611
-529
-489
-524
-593
-617
-550
-425
-333
-330
-389
-418
-356
-218
-89
-47
-89
-132
-99
22
156
223
200
145
152
232
346
410
391
319
285
337
424
476
441
354
302
316
366
398
360
284
223
210
246
271
258
210
153
122
128
151
165
145
98
59
52
77
101
93
50
2
-23
-17
-4
-13
-52
-100
-128
-123
-112
-125
-162
-204
-229
-220
-207
-216
-248
-273
-255
-211
-184
-188
-207
-201
-149
-96
-84
-121
-152
-123
-44
27
32
-22
-62
-37
43
110
102
32
-21
6
95
162
155
87
29
37
96
141
132
86
52
61
100
135
135
107
72
53
53
59
64
63
49
30
19
23
41
52
44
15
-15
-20
-4
13
12
-6
-26
-25
-9
3
-2
-20
-34
-38
-47
-67
-81
-87
-83
-85
-100
-121
-137
-137
-130
-135
-154
-176
-182
-166
-143
-127
-125
-131
-129
-119
-92
-55
-32
-31
-40
-32
-2
39
67
73
68
72
104
152
180
175
156
149
174
209
221
201
166
151
166
193
199
169
127
105
118
140
138
109
70
47
44
52
43
15
-16
-45
-58
-64
-72
-80
-91
-100
-107
-111
-109
-107
-106
-106
-105
-103
-101
-99
-95
-93
-91
-89
-91
-97
-106
-112
-111
-105
-102
-109
-132
-153
-156
-146
-135
-141
-165
-183
-179
-150
-121
-121
-145
-166
-151
-102
-54
-41
-61
-78
-48
14
69
86
70
65
97
162
216
233
218
205
231
287
332
342
317
290
295
328
357
348
308
269
252
265
281
260
214
161
124
110
102
83
44
-5
-51
-80
-91
-96
-106
-136
-172
-194
-198
-183
-172
-184
-199
-209
-200
-177
-162
-158
-161
-163
-151
-134
-128
-133
-143
-139
-126
-127
-147
-181
-199
-189
-179
-187
-227
-282
-303
-285
-257
-254
-296
-348
-366
-333
-272
-242
-263
-295
-298
-243
-157
-103
-99
-111
-84
-3
101
170
191
202
244
333
433
486
500
498
521
595
664
695
670
612
596
624
661
658
583
493
435
420
424
389
304
204
127
93
74
36
-22
-87
-137
-167
-188
-210
-232
-240
-242
-243
-250
-256
-242
-212
-181
-161
-165
-169
-161
-140
-112
-99
-107
-124
-138
-148
-157
-172
-189
-215
-250
-297
-340
-362
-364
-370
-403
-468
-527
-538
-510
-478
-488
-544
-589
-576
-503
-425
-399
-421
-434
-380
-266
-155
-96
-78
-47
44
177
295
353
372
412
503
618
700
719
706
709
760
828
851
813
745
703
704
712
678
598
505
438
405
377
329
252
180
128
88
49
7
-25
-44
-59
-84
-112
-123
-110
-86
-78
-98
-126
-126
-93
-57
-53
-82
-112
-121
-107
-104
-130
-177
-215
-237
-260
-301
-356
-407
-438
-462
-507
-572
-632
-665
-663
-657
-680
-730
-771
-762
-705
-641
-607
-610
-611
-561
-458
-337
-251
-216
-187
-113
17
165
269
314
333
382
486
610
695
708
686
680
726
796
826
791
716
660
654
676
669
598
494
404
363
355
331
270
181
111
78
68
56
27
-10
-38
-48
-42
-36
-32
-20
-7
7
14
19
29
50
75
85
73
48
30
27
29
9
-34
-92
-144
-181
-214
-253
-307
-371
-433
-482
-519
-549
-583
-622
-661
-694
-710
-711
-699
-684
-674
-662
-637
-589
-520
-452
-393
-344
-283
-200
-99
1
77
130
185
261
353
434
485
504
519
554
605
650
660
634
592
574
579
581
562
506
438
385
349
329
293
237
178
121
82
59
40
17
-10
-35
-48
-50
-45
-35
-25
-17
-10
-2
11
28
48
62
66
64
60
55
53
49
37
17
-13
-45
-72
-95
-117
-145
-184
-227
-264
-296
-319
-338
-359
-383
-408
-426
-429
-427
-418
-408
-406
-396
-374
-335
-291
-256
-230
-202
-164
-113
-64
-23
12
48
90
137
179
209
234
255
277
301
319
330
334
330
331
334
327
314
293
272
255
233
206
181
156
139
124
105
78
53
39
37
35
28
12
0
-2
7
19
21
16
9
5
10
19
18
10
1
-6
-9
-10
-18
-32
-51
-72
-85
-89
-100
-115
-134
-157
-167
-173
-182
-190
-207
-220
-220
-216
-208
-204
-205
-195
-186
-173
-159
-146
-130
-115
-102
-80
-55
-32
-15
-3
12
31
52
67
77
84
92
104
119
133
142
141
141
143
146
156
161
157
149
141
140
144
140
131
117
104
97
89
83
72
59
52
49
44
37
30
22
20
18
16
8
1
-2
-6
-6
-10
-15
-22
-27
-31
-40
-49
-60
-69
-74
-81
-84
-88
-96
-101
-108
-111
-111
-116
-116
-117
-115
-107
-105
-104
-100
-92
-83
-74
-69
-63
-55
-45
-38
-31
-20
-12
-5
0
9
19
28
37
42
45
47
50
58
62
64
66
65
66
68
66
63
61
60
62
61
62
61
61
60
54
47
44
40
40
41
38
34
33
30
29
30
29
24
22
22
24
23
19
17
10
5
0
-5
-8
-14
-22
-30
-35
-41
-48
-54
-60
-65
-71
-75
-78
-78
-77
-82
-86
-85
-82
-79
-74
-71
-67
-62
-55
-48
-42
-34
-29
-26
-20
-10
-1
8
16
20
25
32
38
45
49
51
51
52
56
58
60
60
57
51
47
49
48
44
38
31
27
27
28
27
23
18
10
6
8
11
11
10
7
4
5
11
15
16
13
5
1
5
11
11
5
-2
-8
-6
-1
-3
-10
-23
-35
-37
-35
-36
-43
-54
-65
-65
-61
-63
-66
-76
-81
-75
-63
-56
-57
-60
-58
-46
-32
-21
-17
-16
-13
-2
13
26
32
31
33
40
53
63
66
64
62
66
73
79
74
65
57
54
55
53
45
35
25
16
13
8
0
-11
-19
-22
-22
-19
-21
-25
-27
-26
-18
-13
-8
-12
-14
-9
0
13
20
18
12
14
24
34
37
28
13
8
12
20
23
14
-4
-17
-21
-15
-14
-25
-45
-62
-64
-57
-53
-59
-74
-82
-84
-76
-66
-68
-73
-73
-65
-47
-32
-25
-26
-26
-13
9
28
35
35
41
49
65
77
80
77
70
69
78
88
87
76
65
56
57
54
45
30
15
7
2
-1
-4
-12
-21
-26
-30
-33
-34
-35
-37
-36
-34
-33
-28
-22
-17
-12
-8
-4
-2
0
4
9
11
12
15
13
12
14
10
8
4
-2
-8
-13
-13
-18
-23
-26
-33
-37
-38
-42
-43
-46
-53
-57
-57
-54
-48
-41
-36
-31
-26
-17
-8
0
9
18
28
41
54
67
79
87
91
96
100
100
99
96
94
94
88
79
68
58
50
40
29
16
1
-12
-20
-28
-37
-49
-59
-67
-71
-73
-75
-80
-85
-85
-85
-82
-76
-76
-74
-69
-61
-48
-41
-37
-36
-33
-23
-12
-5
-2
-2
0
6
14
17
14
8
5
11
17
18
12
5
-2
-5
-1
1
-1
-9
-12
-10
-3
2
3
1
3
9
17
25
31
35
36
41
51
63
71
70
68
68
72
76
77
72
66
61
61
61
59
48
36
28
25
22
17
7
-4
-13
-18
-20
-23
-28
-38
-47
-50
-49
-47
-50
-56
-61
-66
-64
-64
-66
-69
-72
-70
-68
-67
-64
-63
-61
-60
-54
-48
-43
-42
-40
-36
-32
-26
-25
-27
-24
-22
-16
-9
-8
-9
-9
-5
-2
4
7
6
7
10
14
18
22
26
30
36
44
51
57
61
67
74
81
86
89
94
100
107
108
108
107
104
102
103
100
97
92
83
76
67
58
50
37
27
15
2
-9
-21
-34
-46
-56
-64
-71
-76
-83
-91
-96
-100
-100
-100
-102
-103
-101
-100
-96
-93
-90
-88
-87
-86
-82
-76
-71
-66
-63
-58
-55
-51
-49
-47
-43
-41
-38
-35
-32
-32
-30
-29
-26
-22
-17
-13
-8
-3
3
11
14
17
24
33
43
53
62
70
75
80
88
97
107
113
118
121
125
130
137
140
138
136
131
131
130
125
118
110
101
93
86
77
64
52
38
25
16
5
-7
-19
-31
-41
-52
-63
-73
-83
-88
-91
-94
-98
-104
-108
-112
-110
-109
-110
-111
-115
-116
-114
-112
-109
-106
-103
-103
-102
-100
-102
-103
-101
-97
-95
-90
-87
-84
-81
-79
-77
-71
-66
-57
-49
-39
-29
-21
-12
0
13
27
38
49
61
75
87
100
112
123
135
144
154
166
173
177
180
180
180
179
179
178
175
172
169
161
150
137
123
109
93
77
64
51
40
28
13
-3
-18
-32
-43
-55
-65
-73
-81
-91
-98
-101
-103
-106
-111
-113
-111
-110
-108
-108
-105
-103
-104
-101
-98
-95
-93
-92
-90
-89
-90
-88
-91
-91
-90
-89
-89
-89
-89
-87
-85
-85
-84
-81
-76
-70
-62
-51
-43
-35
-26
-19
-9
4
15
29
44
56
68
80
90
103
115
125
136
145
151
157
162
166
167
166
164
161
154
146
140
133
124
114
102
92
83
73
58
44
32
21
14
6
0
-9
-18
-27
-33
-39
-44
-50
-54
-57
-58
-60
-64
-68
-70
-74
-76
-78
-79
-82
-84
-84
-86
-89
-90
-92
-92
-94
-95
-96
-96
-95
-93
-94
-91
-89
-86
-83
-80
-73
-68
-63
-54
-44
-36
-27
-18
-10
-1
9
19
30
40
49
56
64
73
79
85
92
94
97
98
99
100
102
101
97
97
93
88
85
79
71
64
59
53
47
42
35
30
26
19
13
6
0
-4
-7
-8
-10
-13
-17
-20
-20
-20
-19
-20
-21
-22
-22
-22
-20
-21
-20
-21
-20
-19
-18
-19
-22
-24
-24
-25
-28
-28
-32
-33
-34
-37
-38
-39
-39
-38
-39
-40
-38
-38
-34
-32
-30
-28
-27
-22
-16
-15
-11
-8
-4
1
4
8
12
16
18
17
21
23
26
27
25
23
21
21
22
20
23
22
19
16
10
10
12
12
11
7
8
9
12
10
10
8
4
3
1
2
2
3
2
1
1
-2
-4
-6
-5
-4
-5
-5
-3
-2
-3
-5
-7
-9
-12
-15
-15
-14
-12
-12
-14
-16
-17
-15
-16
