4
-8
-13
-12
-11
-5
-1
-5
-12
-13
-15
-9
3
6
0
-9
-13
-7
3
10
6
1
0
1
9
17
19
16
13
13
16
21
25
26
22
16
13
17
19
20
14
9
5
2
5
5
0
-5
-7
-7
-8
-10
-11
-10
-11
-13
-16
-12
-12
-14
-14
-15
-15
-13
-13
-10
-11
-13
-11
-9
-7
-6
-6
-7
-8
-7
-4
1
0
0
-3
-5
-2
0
1
2
-2
-3
-4
-2
3
4
1
0
-2
2
7
9
9
5
3
6
11
12
12
11
10
10
9
12
11
10
7
4
6
7
9
10
6
0
-2
0
2
2
-2
-3
-4
-4
-2
2
3
3
3
3
1
-3
0
8
11
7
-6
-7
6
14
12
5
-5
-9
-3
5
15
6
-8
-14
-6
5
3
-6
-19
-24
-22
-8
4
-4
-12
9
24
4
-28
-25
6
20
3
-19
-25
-27
-31
-20
-6
-12
-33
-35
-32
-29
-20
-7
-7
-59
-98
-75
-43
-27
-27
-38
-60
-89
-49
70
133
103
77
115
145
158
223
314
389
356
312
365
378
378
403
387
333
255
251
285
192
87
113
174
105
-73
-130
-81
-103
-189
-246
-263
-340
-389
-332
-280
-306
-357
-332
-302
-335
-332
-219
-164
-247
-324
-266
-166
-175
-178
-55
13
-74
-185
-177
-101
-90
-52
-74
-160
-332
-367
-168
-47
-93
-25
878
1894
1533
-75
-968
22
1448
1687
713
-211
-728
-844
-335
549
866
-21
-1107
-1528
-1305
-760
-54
156
-795
-2150
-2483
-1547
-624
-463
-782
-1281
-1741
-1654
-738
246
404
-33
-253
-109
149
609
1269
1642
1459
1220
1422
1772
1888
1946
2027
1953
1719
1650
1771
1638
1277
1182
1413
1434
1029
622
508
444
226
107
52
-250
-707
-915
-735
-613
-768
-960
-1094
-1285
-1432
-1282
-967
-912
-1235
-1502
-1462
-1277
-1022
-728
-572
-764
-1109
-1081
-624
-210
-158
-310
-465
-561
-469
-100
330
363
43
-170
-50
240
441
525
466
254
55
122
340
426
308
86
-19
11
152
317
327
168
-12
39
658
1713
2278
1579
162
-327
694
1838
1835
983
142
-408
-584
-86
772
875
-76
-1114
-1487
-1251
-671
-72
-130
-1213
-2383
-2408
-1523
-851
-827
-1194
-1713
-2118
-1863
-912
-163
-215
-572
-635
-434
-119
415
1026
1243
1096
1142
1534
1860
1936
1995
2088
2017
1888
1978
2125
1994
1716
1626
1624
1416
1087
914
783
436
38
-147
-242
-484
-766
-893
-959
-1114
-1235
-1253
-1292
-1409
-1490
-1436
-1397
-1444
-1440
-1354
-1309
-1300
-1171
-920
-770
-813
-822
-682
-494
-390
-338
-225
-129
-124
-122
-15
152
285
321
327
325
290
295
334
346
240
109
65
126
223
235
127
-51
-141
-103
555
2001
2951
2007
-172
-1020
569
2723
2992
1496
-33
-753
-704
171
1567
1881
398
-1495
-2197
-1556
-302
767
643
-1099
-3168
-3428
-1799
-292
-234
-1210
-2327
-3028
-2645
-1084
339
290
-701
-1264
-1069
-529
247
1141
1496
1093
761
1108
1715
2099
2313
2495
2396
2026
1940
2210
2357
2259
2226
2218
1858
1250
1011
1195
1148
656
95
-308
-708
-1060
-1028
-788
-922
-1428
-1834
-1993
-2001
-1890
-1617
-1423
-1723
-2265
-2439
-2150
-1731
-1349
-1032
-998
-1345
-1634
-1287
-552
-33
18
-231
-428
-499
-281
279
832
874
486
148
209
612
936
1114
950
606
397
412
611
736
693
611
506
232
159
220
257
168
644
2211
3069
1688
-664
-1005
1116
3062
2677
1048
-144
-865
-865
187
1664
1626
-249
-1958
-2204
-1453
-371
569
266
-1609
-3596
-3579
-1829
-533
-634
-1557
-2653
-3378
-2837
-1069
417
231
-928
-1538
-1310
-533
611
1634
1721
977
608
1250
2146
2662
2850
2742
2349
1991
2207
2760
2856
2473
2296
2247
1723
998
891
1330
1209
363
-504
-1018
-1216
-1234
-997
-814
-1321
-2325
-2717
-2327
-1872
-1653
-1610
-1824
-2560
-3055
-2442
-1331
-784
-1017
-1478
-1635
-1425
-925
43
779
527
-234
-620
-197
548
1157
1444
1142
361
37
409
1051
1564
1384
933
373
-10
238
818
1155
835
134
-465
-425
-115
328
297
135
1418
2774
2192
-222
-1445
448
3112
3205
1228
-201
-719
-630
-9
1429
2093
399
-1883
-2594
-1806
-549
618
588
-1304
-3937
-4582
-2589
-644
-593
-1879
-3301
-4204
-3797
-1866
70
62
-1392
-2264
-1945
-1002
185
1369
1728
1043
582
1292
2435
3128
3430
3500
3192
2673
2749
3494
3869
3576
3230
3021
2540
1865
1817
2313
2213
1254
261
-425
-877
-989
-719
-460
-1049
-2223
-2864
-2718
-2300
-2038
-1920
-2034
-2709
-3446
-3249
-2413
-1783
-1519
-1600
-1873
-2152
-1988
-982
111
357
-189
-758
-792
-346
375
1191
1438
730
-87
-170
566
1333
1521
1142
519
5
-35
514
1004
1034
507
-2
-310
-350
-3
315
170
64
1357
2955
2617
75
-1444
303
3006
3549
1831
199
-625
-751
66
1737
2424
708
-1713
-2631
-1769
-344
821
785
-1106
-3708
-4515
-2773
-689
-288
-1524
-3241
-4421
-4043
-1956
222
497
-995
-2306
-2307
-1184
506
1936
2114
1094
318
981
2456
3558
4004
3756
2922
2253
2645
3805
4372
3778
2973
2586
2254
2006
2134
2459
2067
720
-458
-873
-935
-915
-821
-968
-1714
-2816
-3316
-2893
-2287
-2032
-2170
-2641
-3251
-3618
-3233
-2184
-1493
-1535
-1928
-2245
-2166
-1547
-498
385
421
-321
-867
-680
130
1050
1512
1302
510
-144
73
913
1525
1534
1020
307
-227
-175
547
1272
1211
408
-441
-716
-302
361
780
481
-107
133
1612
2952
2453
640
-215
1026
2735
3004
1847
595
-18
-57
502
1358
1510
266
-1449
-2184
-1499
-221
427
-280
-2155
-3828
-3849
-2414
-1205
-1443
-2810
-4093
-4321
-3209
-1434
-424
-852
-1894
-2279
-1649
-495
698
1464
1406
896
912
1888
3144
3829
3872
3555
3124
3019
3521
4251
4388
3684
2881
2526
2535
2714
2763
2409
1472
239
-501
-592
-522
-590
-958
-1623
-2444
-3049
-2912
-2341
-2131
-2414
-2899
-3248
-3330
-3189
-2668
-2076
-1987
-2243
-2374
-2091
-1508
-979
-497
-170
-276
-503
-465
-18
662
1086
1105
749
208
79
575
1216
1503
1183
536
57
-39
335
901
1037
510
-187
-569
-381
120
423
361
9
-65
985
2573
2800
1255
-351
165
2317
3330
2300
756
-28
-34
382
1099
1761
1066
-883
-2182
-1842
-518
495
253
-1333
-3334
-4231
-3072
-1222
-784
-2004
-3659
-4442
-3824
-2081
-345
16
-1179
-2342
-2190
-967
551
1682
1993
1394
742
1218
2736
4006
4284
3861
3251
2882
3109
3941
4543
4189
3232
2525
2297
2276
2445
2642
2176
745
-768
-1285
-867
-484
-703
-1403
-2369
-3263
-3470
-2817
-2072
-2102
-2799
-3429
-3669
-3532
-2984
-2205
-1812
-2171
-2667
-2540
-1836
-1059
-484
-201
-304
-658
-774
-240
577
1125
1169
749
209
1
432
1169
1521
1213
645
158
-4
299
848
1131
716
-56
-453
-174
246
452
261
81
212
1029
2614
3191
1957
59
-88
1981
3820
3340
1443
97
-274
273
1210
2167
1792
-352
-2251
-2285
-883
399
510
-924
-3118
-4567
-3891
-1845
-859
-1787
-3507
-4623
-4437
-2939
-1011
-97
-974
-2410
-2641
-1512
134
1427
1852
1423
764
1030
2465
3823
4322
4096
3531
3095
3162
3923
4773
4589
3504
2620
2295
2400
2610
2646
2219
933
-574
-1205
-960
-603
-698
-1390
-2305
-3142
-3519
-3028
-2286
-2127
-2624
-3304
-3642
-3468
-2969
-2279
-1833
-2061
-2409
-2333
-1793
-1091
-565
-178
-39
-301
-545
-237
398
1025
1224
928
498
106
266
889
1362
1326
901
263
-180
-176
279
997
966
281
-424
-585
-227
173
374
394
368
542
1649
2688
2445
1009
151
1271
2952
3151
1839
668
221
384
840
1508
1597
273
-1396
-1944
-1172
-207
36
-806
-2430
-3903
-3943
-2539
-1403
-1743
-3155
-4302
-4370
-3252
-1542
-387
-685
-1856
-2417
-1692
-160
1233
1875
1618
1044
1126
2254
3631
4284
4162
3682
3282
3293
3888
4685
4754
3828
2751
2341
2520
2728
2694
2253
1210
-220
-1152
-1093
-631
-585
-1236
-2164
-3007
-3434
-3141
-2395
-1998
-2458
-3261
-3689
-3477
-2945
-2369
-1956
-2017
-2350
-2465
-1968
-1136
-476
-213
-293
-551
-698
-313
366
886
942
609
237
16
142
656
1100
1020
595
131
-181
-158
174
515
544
8
-559
-630
-376
13
451
682
589
1119
2280
2803
1724
183
612
2706
3683
2427
894
400
576
882
1497
2141
1293
-817
-1943
-1190
-11
423
-82
-1507
-3321
-4103
-2930
-1203
-1003
-2421
-3892
-4364
-3697
-2072
-404
-229
-1596
-2628
-2102
-593
849
1690
1723
1017
544
1495
3382
4468
4251
3590
3135
3120
3682
4646
5024
4143
2756
2139
2351
2569
2612
2411
1594
67
-1198
-1382
-962
-840
-1268
-1909
-2766
-3625
-3802
-3088
-2352
-2396
-3076
-3728
-3868
-3539
-2780
-1975
-1839
-2308
-2574
-2227
-1473
-730
-187
112
-106
-598
-572
107
853
1187
972
517
191
144
581
1201
1308
847
287
-48
31
406
680
673
288
-270
-510
-352
114
839
1215
998
1209
2200
2819
2023
719
1032
2817
3482
2245
999
794
968
1031
1385
1814
997
-929
-1890
-1084
5
83
-785
-2196
-3668
-4118
-2958
-1497
-1591
-3167
-4548
-4656
-3637
-2027
-723
-846
-2167
-2988
-2193
-420
1100
1739
1478
685
416
1647
3605
4628
4231
3395
3015
3161
3883
4943
5293
4294
2867
2258
2558
2842
2760
2553
1716
135
-1103
-1166
-565
-503
-1246
-2057
-2727
-3277
-3210
-2548
-2060
-2392
-3234
-3688
-3567
-3103
-2360
-1811
-1942
-2474
-2634
-1985
-1058
-460
-155
-151
-430
-551
-190
450
749
541
342
321
334
428
593
743
674
338
137
92
71
155
155
-3
-172
-353
-380
-236
-61
340
718
1177
2069
2518
1688
407
412
2161
3608
2875
1209
376
436
892
1621
2309
1806
-214
-1914
-1591
-107
793
370
-1141
-3085
-4227
-3446
-1535
-620
-1672
-3569
-4681
-4235
-2553
-648
-3
-1196
-2737
-2889
-1417
632
2097
2279
1271
188
618
2655
4519
4898
4075
3125
2757
3299
4523
5375
4860
3438
2485
2449
2653
2526
2270
1760
668
-560
-1145
-1059
-991
-1369
-1984
-2551
-3132
-3429
-3163
-2733
-2657
-2994
-3434
-3653
-3584
-3202
-2494
-2007
-2101
-2380
-2317
-1806
-1093
-430
29
73
-272
-405
-11
615
963
851
627
417
291
487
842
1000
820
272
-188
-107
160
440
407
-87
-515
-683
-531
35
569
831
1374
2081
2264
1373
251
701
2523
3545
2655
1093
359
602
1200
2074
2638
1753
-270
-1634
-1073
480
1274
609
-1209
-3292
-4024
-2724
-830
-403
-2009
-4055
-4840
-3949
-1952
-229
-242
-1885
-3426
-3214
-1347
747
1959
1775
525
-371
432
2679
4588
4697
3459
2245
2044
3157
4837
5713
4845
2917
1713
2016
2983
3535
3116
1655
-251
-1495
-1258
-227
90
-892
-2432
-3567
-3884
-3271
-2243
-1873
-2656
-3862
-4389
-3929
-3066
-2330
-1958
-2280
-2936
-2962
-2007
-842
-288
-322
-472
-437
-211
284
924
1212
918
628
691
876
1067
1149
1116
1010
752
513
536
514
372
244
27
-135
-175
-211
-249
-239
-143
326
1302
2325
2424
1133
-295
-13
1956
3362
2757
1087
-53
-201
435
1681
2641
1930
-387
-2134
-1710
14
1197
914
-864
-3308
-4563
-3334
-805
203
-1428
-3993
-5272
-4478
-2203
3
318
-1566
-3680
-3738
-1652
843
2214
1941
552
-491
278
2699
4803
5028
3824
2545
2194
3155
4841
5838
5109
3304
2153
2315
2996
3430
3267
2231
506
-899
-1086
-488
-237
-744
-1658
-2667
-3467
-3543
-2885
-2375
-2666
-3399
-3887
-3936
-3671
-3102
-2454
-2265
-2534
-2624
-2213
-1598
-1111
-675
-253
-119
-173
7
432
756
812
870
1088
1177
1001
813
811
931
1034
1058
825
338
8
26
186
179
-33
-263
-583
-955
-825
-174
478
1080
1793
2128
1235
-194
-100
1885
3431
2749
965
10
68
555
1592
2625
2170
-25
-1980
-1738
32
1266
977
-667
-2957
-4260
-3331
-1136
-14
-1173
-3473
-4928
-4499
-2489
-219
446
-1161
-3213
-3489
-1737
670
2275
2310
1009
-228
310
2714
4979
5319
4074
2774
2312
3000
4691
5898
5198
3095
1543
1854
3046
3434
2859
1684
101
-1120
-1318
-733
-440
-1167
-2299
-3066
-3345
-3215
-2875
-2714
-3044
-3619
-3816
-3630
-3384
-3083
-2752
-2507
-2372
-2170
-1779
-1422
-1178
-712
-41
342
284
176
303
500
683
1038
1459
1473
975
542
654
1031
1263
1200
764
236
-117
-127
234
356
-73
-652
-1076
-929
-185
518
1366
2310
2228
799
-741
-358
2134
3811
2812
739
-515
-554
268
1725
3004
2225
-652
-2748
-2068
220
1693
1205
-816
-3404
-4711
-3191
-375
667
-1059
-3852
-5213
-4242
-1793
646
1077
-1069
-3421
-3518
-1348
1388
2962
2611
804
-742
14
3016
5581
5612
3899
2286
1787
2765
4700
5950
5042
2517
842
1328
2651
3295
2922
1555
-395
-1807
-1652
-406
109
-912
-2458
-3487
-3721
-3181
-2269
-1901
-2641
-3837
-4326
-3882
-3111
-2427
-2008
-2169
-2817
-3006
-2154
-1001
-379
-300
-431
-499
-465
-121
705
1271
1048
657
568
763
1174
1492
1559
1331
788
443
593
849
969
833
348
-227
-523
-444
-298
-249
-79
247
787
1636
2316
2028
631
-435
506
2429
2929
1707
182
-563
-447
336
1604
2086
514
-1890
-2698
-1431
323
997
65
-2174
-4268
-4245
-1984
138
-136
-2385
-4366
-4557
-2836
-172
1423
442
-2067
-3378
-2073
685
2837
3245
1947
189
-116
1871
4683
5803
4600
2702
1723
2367
4176
5456
4875
2736
902
1018
2261
2835
2366
1181
-248
-1169
-1179
-554
-259
-995
-2112
-2693
-2714
-2429
-2065
-2099
-2647
-3161
-3149
-2756
-2603
-2871
-2961
-2655
-2273
-1855
-1500
-1494
-1684
-1530
-772
83
289
-103
-457
-450
-36
789
1558
1459
563
-120
104
1029
1769
1707
1051
220
-245
150
891
1042
417
-561
-1114
-656
351
1361
2386
2850
1984
210
-857
190
2433
3223
1844
-113
-1383
-1505
-366
1354
2057
513
-2183
-3382
-2252
-259
1071
837
-1298
-4068
-4768
-2386
567
1120
-849
-3241
-4114
-2906
-154
2388
2333
-288
-2515
-2181
248
2823
3876
3096
1213
-121
854
3487
5242
4861
3159
1676
1384
2353
3894
4544
3307
1188
80
477
1376
1872
1652
514
-1113
-2006
-1546
-537
-256
-898
-1746
-2482
-2958
-2667
-1734
-1234
-1806
-2819
-3327
-3208
-2849
-2335
-1802
-1868
-2586
-2954
-2401
-1483
-896
-818
-1023
-1272
-1296
-677
335
771
345
-190
-112
589
1371
1710
1463
884
578
919
1568
1894
1654
1041
391
45
327
1129
1681
1578
1484
2100
2796
2262
709
-30
791
1748
1547
546
-446
-1313
-1803
-1140
258
439
-1271
-3057
-3260
-2181
-891
-111
-479
-2246
-4123
-3984
-1740
249
293
-1113
-2590
-2917
-1460
1093
2746
2044
-57
-1215
-386
1614
3387
3832
2664
1024
745
2278
4083
4554
3624
2162
1071
1103
2365
3668
3366
1461
-199
-308
602
1479
1730
1057
-429
-1814
-1889
-622
509
284
-953
-2154
-2618
-2155
-1147
-456
-847
-2194
-3358
-3355
-2408
-1438
-1254
-2030
-3091
-3440
-2683
-1454
-812
-1176
-1964
-2306
-1747
-553
420
475
-231
-820
-595
368
1420
1944
1657
805
264
735
1843
2507
2240
1433
660
288
570
1485
2320
2454
2279
2473
2543
1655
436
279
1176
1565
696
-645
-1671
-2344
-2332
-1342
-413
-991
-2785
-3984
-3618
-2241
-875
-350
-1328
-3301
-4293
-3019
-741
380
-109
-1262
-2047
-1635
294
2622
3377
1956
172
39
1426
3043
4015
3808
2426
1099
1319
3082
4500
3956
2182
849
561
1237
2412
2926
1935
43
-1017
-251
1249
1904
1450
366
-817
-1291
-657
432
845
99
-1050
-1626
-1512
-1037
-531
-605
-1468
-2419
-2712
-2330
-1896
-1858
-2140
-2597
-3117
-3183
-2491
-1670
-1532
-2047
-2472
-2386
-1900
-1227
-568
-322
-621
-922
-611
190
891
1274
1394
1259
1009
1028
1457
1923
1980
1649
1382
1509
2238
3495
4515
4279
2669
879
323
1193
2264
2231
733
-1476
-3047
-3038
-1740
-590
-925
-2726
-4556
-4901
-3463
-1444
-537
-1546
-3625
-4869
-4014
-1610
416
522
-1065
-2574
-2334
-134
2613
3983
3166
1207
124
1072
3330
5036
4941
3347
1729
1488
2808
4417
4660
3134
1051
32
576
1781
2300
1539
-4
-1134
-943
291
1372
1367
390
-644
-976
-479
428
994
645
-367
-1106
-1003
-380
14
-171
-814
-1584
-2092
-2060
-1749
-1742
-2140
-2568
-2709
-2664
-2613
-2605
-2667
-2797
-2761
-2322
-1810
-1707
-1996
-2125
-1767
-1048
-237
297
304
-105
-119
648
1744
2231
2033
1589
1090
785
989
1948
2958
3709
4158
4416
3684
2066
982
1491
2738
2871
1624
-336
-1958
-2720
-1919
-391
4
-1797
-4343
-5407
-4426
-2312
-693
-765
-2915
-5233
-5302
-2693
97
724
-793
-2740
-3332
-1792
1300
3707
3546
1301
-457
28
2248
4447
5176
4051
2024
1030
2187
4376
5307
4006
1701
148
162
1343
2586
2634
1130
-760
-1419
-414
1104
1864
1405
182
-982
-1170
-179
1073
1386
541
-590
-1175
-992
-340
330
365
-440
-1532
-2097
-1981
-1642
-1472
-1654
-2216
-2951
-3277
-2936
-2382
-2221
-2438
-2649
-2680
-2510
-2100
-1591
-1306
-1304
-1243
-947
-533
-114
391
840
970
821
745
922
1159
1340
1476
1653
1967
2871
4420
5545
4734
2245
396
963
2985
3983
2873
454
-1898
-3076
-2306
-212
988
-481
-3616
-5718
-5246
-2886
-553
-187
-2485
-5634
-6563
-4222
-909
547
-465
-2553
-3905
-3080
-61
3022
3612
1645
-415
-513
1302
3666
5128
4717
2862
1479
2140
4184
5500
4848
2843
1032
611
1665
2972
2979
1401
-371
-797
236
1512
1910
1239
76
-748
-623
364
1325
1317
311
-705
-869
-300
233
198
-416
-1243
-1746
-1656
-1312
-1376
-1992
-2642
-2833
-2614
-2310
-2219
-2546
-3134
-3412
-2961
-2148
-1719
-1901
-2257
-2310
-1902
-1113
-306
1
-327
-708
-474
336
1081
1287
970
428
102
375
1246
2260
3176
4056
4564
3855
1998
647
1260
3029
3823
2713
548
-1411
-2294
-1610
93
1053
-115
-2682
-4590
-4482
-2597
-385
200
-1757
-4718
-5806
-3961
-1071
383
-313
-2156
-3563
-3104
-595
2206
3005
1473
-463
-797
773
3062
4496
4124
2462
1278
1917
3790
5058
4585
2875
1319
1050
2137
3425
3422
1836
36
-392
675
1998
2386
1613
251
-798
-788
236
1285
1282
182
-1030
-1425
-958
-262
-2
-448
-1357
-2109
-2208
-1812
-1544
-1777
-2332
-2827
-3014
-2810
-2404
-2270
-2631
-3059
-2982
-2432
-1906
-1714
-1801
-1953
-1860
-1284
-444
77
12
-261
-215
255
890
1327
1287
785
308
409
1032
1608
1947
2543
3615
4293
3503
1611
350
877
2413
3238
2448
489
-1452
-2205
-1330
321
1114
147
-1927
-3622
-3729
-2042
207
858
-1097
-3964
-4939
-3240
-711
500
-201
-2001
-3450
-3174
-1023
1398
2172
1015
-645
-1251
-254
1753
3385
3424
2094
1008
1430
2917
4041
3938
2859
1677
1279
1939
2934
3096
2117
944
631
1210
1921
2159
1786
996
260
107
546
938
721
20
-655
-967
-896
-652
-610
-1054
-1758
-2159
-2094
-1996
-2235
-2654
-2906
-2910
-2806
-2703
-2710
-2859
-2940
-2708
-2234
-1839
-1700
-1707
-1672
-1424
-873
-184
276
297
108
133
544
1154
1617
1673
1293
779
618
1007
1564
1755
1632
1824
2592
3249
2857
1447
163
117
1212
2230
2002
465
-1281
-1949
-1186
156
841
303
-1049
-2296
-2544
-1470
165
800
-440
-2583
-3665
-2790
-915
266
-172
-1795
-3184
-3035
-1373
394
870
-28
-1265
-1781
-1160
232
1448
1641
940
399
803
1833
2604
2618
2075
1548
1574
2212
2885
2935
2404
1960
2055
2533
2969
3057
2710
2119
1713
1741
1958
1923
1519
940
380
-43
-241
-295
-503
-1053
-1746
-2231
-2410
-2468
-2591
-2818
-3104
-3354
-3476
-3455
-3353
-3211
-3014
-2784
-2599
-2443
-2226
-1936
-1632
-1274
-759
-173
229
348
369
488
738
1083
1442
1619
1432
1001
672
679
946
1222
1249
884
284
-17
446
1407
1924
1299
-114
-1219
-1170
-47
1231
1567
584
-905
-1513
-655
844
1675
1320
310
-436
-301
613
1480
1440
507
-423
-590
-127
257
44
-719
-1510
-1707
-1150
-457
-459
-1253
-2101
-2275
-1718
-929
-465
-612
-1156
-1437
-949
63
839
904
478
158
400
1238
2220
2735
2582
2176
2093
2511
3179
3715
3817
3430
2849
2462
2367
2342
2207
1965
1605
1070
450
-34
-317
-537
-846
-1277
-1808
-2381
-2865
-3154
-3277
-3357
-3460
-3578
-3658
-3619
-3397
-3062
-2776
-2583
-2353
-1969
-1489
-1084
-844
-723
-566
-240
219
628
835
855
820
843
944
1094
1246
1335
1293
1085
811
646
660
739
715
548
309
102
34
166
413
552
454
213
27
20
221
550
807
795
554
399
565
915
1156
1182
1102
1037
988
886
671
361
126
121
225
98
-401
-1038
-1474
-1552
-1342
-1066
-1025
-1362
-1837
-2025
-1736
-1180
-743
-678
-965
-1287
-1229
-676
31
458
495
369
356
647
1267
1968
2370
2337
2116
2030
2156
2363
2514
2497
2237
1810
1408
1153
997
841
637
347
-55
-512
-937
-1303
-1580
-1690
-1633
-1614
-1848
-2231
-2431
-2247
-1786
-1335
-1146
-1274
-1519
-1534
-1151
-549
-87
16
-160
-348
-284
83
527
714
528
185
30
208
549
769
713
433
121
-14
97
311
397
257
-12
-259
-389
-365
-209
-48
-35
-178
-345
-432
-412
-274
-35
187
267
210
131
125
235
464
721
811
640
350
180
221
364
454
394
169
-136
-365
-418
-342
-279
-330
-511
-729
-841
-758
-562
-466
-550
-672
-632
-414
-153
29
113
160
273
534
880
1142
1222
1219
1282
1413
1530
1609
1677
1712
1662
1510
1308
1138
1049
1005
900
658
309
-42
-321
-494
-549
-548
-639
-910
-1245
-1416
-1329
-1128
-1000
-1001
-1080
-1151
-1142
-1015
-819
-644
-550
-519
-504
-480
-436
-363
-280
-214
-174
-146
-128
-110
-73
-23
4
-26
-84
-123
-122
-106
-86
-82
-139
-261
-381
-413
-351
-272
-246
-284
-348
-379
-334
-236
-138
-82
-37
47
155
248
303
354
419
473
495
493
479
440
370
295
263
282
304
268
154
13
-77
-63
21
77
36
-74
-152
-131
-48
-10
-71
-169
-179
-49
150
284
288
242
288
498
790
987
990
870
812
940
1212
1432
1420
1172
862
705
781
964
1039
882
532
155
-92
-149
-80
-25
-120
-382
-698
-889
-864
-704
-585
-645
-868
-1113
-1218
-1124
-925
-806
-882
-1104
-1301
-1301
-1090
-809
-649
-705
-896
-1042
-986
-712
-358
-132
-154
-350
-503
-437
-147
202
408
359
112
-137
-193
-1
294
472
407
161
-55
-48
199
512
664
565
337
189
255
486
710
761
595
321
140
178
373
511
427
154
-88
-126
17
151
118
-56
-213
-217
-77
85
142
64
-66
-123
-50
92
178
143
38
-35
-16
66
155
227
294
373
441
467
440
394
397
487
636
753
733
551
323
220
318
525
648
558
288
0
-145
-90
68
154
52
-201
-432
-484
-359
-207
-196
-346
-553
-679
-668
-573
-501
-541
-699
-887
-983
-925
-777
-660
-652
-730
-804
-791
-668
-468
-269
-150
-145
-205
-216
-103
103
277
323
249
153
124
186
293
378
386
307
195
146
218
372
496
507
419
305
245
259
328
401
408
298
95
-99
-169
-97
10
12
-149
-382
-534
-516
-361
-211
-189
-300
-428
-443
-304
-103
26
26
-48
-89
-34
88
192
220
177
136
159
253
374
462
501
511
514
520
530
548
581
627
654
616
495
342
249
279
396
475
422
245
55
-27
34
158
219
162
31
-71
-74
-7
53
42
-49
-169
-249
-261
-230
-214
-275
-434
-633
-762
-747
-625
-530
-588
-800
-1039
-1116
-954
-656
-432
-438
-637
-821
-776
-476
-98
118
63
-150
-293
-210
65
351
459
358
171
83
190
436
664
745
661
510
417
436
532
626
635
537
363
180
51
-2
-2
-3
-54
-169
-318
-445
-512
-511
-455
-380
-332
-342
-392
-432
-397
-279
-134
-49
-59
-107
-101
8
166
277
294
260
272
387
559
687
706
631
551
536
581
632
629
565
468
368
288
227
176
137
112
86
42
-22
-89
-137
-152
-141
-108
-55
-1
29
24
-3
-18
11
74
127
128
56
-53
-154
-220
-255
-282
-326
-399
-499
-605
-699
-756
-756
-707
-652
-650
-710
-782
-796
-709
-550
-403
-345
-379
-433
-416
-290
-101
71
172
197
200
240
352
530
716
849
893
860
812
810
877
961
983
898
734
560
441
378
319
220
68
-103
-252
-367
-461
-542
-603
-639
-663
-695
-746
-789
-789
-730
-648
-596
-591
-591
-539
-421
-285
-192
-154
-112
-5
171
355
460
466
435
448
542
673
748
711
582
442
373
389
433
429
346
211
92
42
57
95
103
64
16
0
34
97
151
189
224
269
324
360
368
359
369
412
445
418
312
179
90
67
59
-8
-166
-366
-523
-587
-586
-603
-694
-842
-976
-1026
-981
-888
-821
-826
-875
-906
-852
-707
-529
-391
-326
-303
-248
-110
95
297
429
480
507
576
707
851
925
899
811
742
733
751
728
620
454
298
201
153
94
-18
-172
-322
-426
-480
-517
-566
-622
-674
-707
-728
-743
-743
-701
-613
-503
-421
-384
-358
-279
-113
107
297
386
392
395
462
589
709
757
717
631
557
522
508
478
418
337
257
189
130
80
44
28
27
33
39
56
83
124
174
226
275
313
351
402
462
501
499
467
435
434
456
454
382
238
88
5
-14
-42
-167
-380
-591
-706
-718
-710
-771
-932
-1120
-1228
-1210
-1120
-1060
-1067
-1107
-1132
-1097
-989
-806
-613
-463
-367
-287
-179
-39
137
330
490
583
616
645
702
767
823
859
866
829
758
687
626
549
450
350
264
167
44
-90
-203
-271
-301
-302
-314
-379
-484
-551
-510
-383
-270
-240
-289
-336
-295
-126
113
293
338
283
250
326
490
643
689
624
515
441
435
465
480
444
363
272
195
136
88
53
34
20
-13
-69
-119
-129
-89
-28
21
35
24
21
51
109
156
161
144
134
151
182
196
171
116
62
37
33
8
-69
-193
-324
-422
-478
-511
-560
-641
-746
-844
-911
-937
-936
-920
-907
-906
-909
-895
-836
-726
-581
-437
-323
-245
-175
-74
73
244
393
486
526
547
588
669
773
858
888
857
801
754
736
741
737
685
577
439
324
256
225
193
127
24
-88
-164
-188
-179
-182
-221
-284
-334
-339
-297
-238
-195
-190
-207
-208
-171
-102
-32
11
20
7
0
12
40
73
91
85
64
41
26
25
35
47
53
50
42
34
36
45
62
77
92
105
120
137
155
171
181
193
209
228
241
243
228
200
176
163
162
150
115
55
-16
-75
-113
-143
-184
-253
-333
-410
-452
-473
-496
-525
-574
-608
-615
-607
-578
-545
-519
-488
-465
-427
-361
-285
-209
-153
-116
-79
-27
39
103
154
183
205
230
264
312
350
367
371
359
359
375
385
386
363
325
305
287
275
255
222
197
167
136
103
66
28
3
-8
-18
-34
-68
-107
-140
-150
-136
-115
-110
-130
-158
-178
-164
-129
-93
-69
-69
-75
-76
-60
-25
20
56
65
60
55
64
95
129
155
163
149
126
115
120
141
154
150
123
90
68
64
69
69
51
21
-4
-16
-14
-11
-24
-52
-82
-100
-101
-93
-98
-123
-160
-194
-206
-198
-181
-175
-187
-211
-234
-240
-227
-199
-175
-166
-173
-183
-181
-158
-120
-82
-60
-55
-58
-56
-36
-3
32
56
66
65
76
103
142
176
194
188
173
164
177
208
242
262
253
232
209
205
218
231
221
177
114
62
45
60
82
80
42
-19
-75
-104
-101
-87
-88
-119
-162
-195
-195
-166
-132
-110
-110
-123
-133
-129
-105
-70
-37
-17
-9
-5
9
33
70
104
125
127
119
108
105
117
134
146
141
118
89
63
46
42
42
38
25
-2
-34
-59
-67
-63
-53
-50
-62
-84
-105
-111
-98
-78
-67
-72
-93
-115
-122
-110
-88
-74
-76
-93
-108
-104
-87
-66
-55
-64
-80
-93
-87
-66
-44
-34
-43
-57
-59
-41
-11
13
20
15
13
28
56
86
107
112
113
123
143
169
189
194
188
181
183
194
202
196
175
148
121
111
108
100
78
40
-6
-44
-61
-67
-70
-84
-115
-149
-174
-176
-163
-149
-145
-156
-170
-173
-158
-130
-101
-84
-80
-77
-67
-47
-19
6
26
35
42
49
59
70
82
94
104
107
103
90
78
71
74
82
82
68
44
17
3
4
17
21
6
-18
-37
-43
-32
-17
-12
-22
-38
-46
-40
-24
-10
-10
-19
-28
-31
-25
-21
-23
-31
-41
-47
-48
-46
-50
-59
-71
-76
-72
-64
-58
-60
-68
-73
-68
-55
-36
-21
-16
-18
-17
-4
19
45
63
72
77
79
88
103
120
133
136
130
121
117
115
114
106
92
74
58
43
33
20
2
-17
-34
-50
-59
-66
-77
-91
-103
-110
-112
-111
-106
-102
-100
-97
-94
-84
-69
-50
-31
-20
-10
-1
10
24
39
54
68
80
85
88
89
92
94
95
98
98
94
85
74
65
59
53
47
41
33
22
14
6
-2
-8
-14
-20
-22
-25
-26
-28
-32
-38
-45
-48
-48
-46
-47
-54
-62
-70
-73
-72
-71
-70
-76
-86
-94
-98
-96
-93
-88
-85
-88
-89
-88
-82
-70
-58
-48
-42
-36
-27
-17
-4
14
29
44
53
61
70
81
94
105
117
122
124
124
120
117
114
115
112
105
91
78
63
52
45
38
33
20
4
-10
-18
-17
-16
-18
-24
-33
-38
-38
-29
-19
-14
-16
-20
-21
-17
-8
-1
4
3
0
-2
1
3
5
5
4
1
0
-1
-3
-5
-9
-11
-13
-14
-15
-18
-21
-24
-29
-32
-31
-30
-30
-31
-33
-32
-30
-27
-24
-25
-25
-25
-24
-18
-15
-12
-15
-16
-17
-16
-15
-15
-15
-18
-19
-18
-16
-13
-14
-15
-15
-15
-12
-9
-3
-1
1
3
7
11
15
21
28
35
38
41
41
43
47
52
65
74
74
69
60
56
59
62
65
61
51
37
24
15
14
13
9
-3
-19
-32
-41
-42
-41
-41
-45
-53
-59
-61
-59
-50
-45
-43
-46
-46
-43
-35
-25
-17
-15
-11
-6
0
7
12
13
13
18
23
30
32
29
26
26
31
39
39
37
29
24
27
33
37
33
22
12
5
7
14
17
10
-4
-20
-28
-25
-18
-16
-22
-36
-52
-58
-56
-48
-43
-49
-60
-67
-66
-62
-54
-50
-50
-54
-56
-53
-48
-41
-36
-34
-30
-27
-26
-23
-20
-14
-6
5
12
13
11
10
13
24
39
48
51
45
36
33
39
50
59
60
54
40
32
33
39
45
44
37
30
24
21
20
23
27
28
25
17
13
12
17
23
28
26
17
12
10
13
18
21
22
15
6
-2
-4
-2
2
2
-1
-8
-13
-14
-12
-7
-5
-6
-8
-13
-13
-12
-9
-5
-7
-14
-21
-23
-22
-22
-22
-25
-34
-43
-48
-48
-45
-45
-49
-58
-66
-71
-68
-60
-56
-56
-63
-68
-68
-63
-54
-48
-42
-43
-44
-41
-33
-21
-8
-1
2
5
8
16
27
40
48
55
61
65
70
78
84
91
95
97
100
99
99
99
99
100
97
94
91
82
75
71
67
65
59
53
45
37
31
28
26
21
11
2
-6
-9
-11
-14
-17
-24
-33
-40
-43
-44
-45
-50
-56
-60
-62
-62
-62
-61
-62
-66
-66
-62
-60
-57
-52
-47
-45
-44
-39
-31
-23
-16
-10
-6
-4
-3
2
10
14
14
11
10
9
7
5
4
3
-2
-5
-9
-12
-15
-21
-21
-22
-23
-27
-29
-31
-34
-31
-28
-25
-23
-23
-19
-14
-9
-3
-1
2
5
10
15
21
26
31
33
37
38
41
45
47
48
48
48
50
51
51
48
47
46
43
40
39
38
35
30
27
25
22
20
17
14
12
9
5
3
2
-1
-4
-8
-9
-11
-13
-15
-18
-21
-26
-28
-28
-29
-33
-34
-37
-40
-43
-43
-42
-43
-45
-46
-47
-45
-43
-39
-33
-30
-30
-26
-19
-14
-7
-1
6
13
15
20
27
32
36
37
39
40
40
39
38
36
32
29
27
26
19
9
5
0
-4
-6
-11
-15
-21
-26
-28
-27
-30
-32
-33
-34
-32
-33
-28
-23
-22
-21
-18
-12
-8
-4
-2
2
6
7
11
17
20
20
20
23
26
24
24
26
26
24
21
23
21
18
18
17
16
15
11
10
10
6
5
7
7
5
2
2
5
4
3
3
2
1
-1
-2
-2
-3
-5
-7
-8
-9
-10
-10
-12
-14
-14
-16
-14
-13
-15
-17
-15
-13
-14
-13
-11
-7
-8
-10
-4
0
2
2
10
17
19
23
31
48
53
44
45
48
52
48
42
48
49
39
27
19
9
-4
-16
-21
-35
-70
-103
-112
-112
-124
-141
-154
-152
-147
-149
-137
-118
-111
-118
-128
-115
-86
-58
-28
-4
8
7
17
48
80
93
80
76
84
86
87
102
119
112
95
109
140
149
157
191
215
203
175
181
200
209
242
281
285
303
361
425
530
847
1165
727
-657
-1993
-2130
-1141
-164
-11
-433
-704
-472
43
396
332
102
176
581
875
758
314
-341
-1113
-1644
-1407
-325
943
1490
962
-94
-686
-320
495
830
452
7
28
306
382
127
-352
-831
-865
-198
763
1261
945
72
-815
-1224
-886
4
748
756
159
-401
-509
-260
27
98
-63
-244
-258
-196
-292
-597
-936
-1089
-919
-414
204
562
420
-113
-693
-1001
-866
-351
214
451
299
48
-24
81
220
360
525
660
702
667
569
366
103
-50
36
331
699
963
939
582
99
-186
-151
86
343
478
402
132
-162
-293
-227
-53
131
251
262
170
31
-118
-260
-338
-277
-90
104
201
162
-3
-231
-391
-357
-160
43
104
-12
-250
-487
-589
-503
-295
-112
-53
-122
-265
-403
-482
-496
-451
-353
-217
-86
-17
-39
-132
-213
-200
-52
182
381
429
308
115
-1
44
222
428
552
544
427
256
95
10
38
134
190
156
65
-34
-123
-195
-220
-181
-105
-30
15
-5
-85
-174
-213
-198
-160
-104
-45
-26
-76
-159
-189
-139
-61
-1
45
87
121
129
107
90
108
161
196
173
104
41
20
33
69
127
171
157
91
47
71
128
162
164
151
127
89
39
-21
-69
-66
2
103
178
183
122
31
-52
-81
-37
53
104
43
-104
-236
-266
-219
-179
-182
-199
-199
-199
-216
-222
-213
-211
-233
-238
-160
-21
96
114
25
-96
-156
-129
-71
-66
-108
-122
-55
58
127
115
82
103
191
269
276
233
200
195
184
140
86
60
69
99
110
76
25
-1
3
4
-37
-103
-139
-112
-51
-3
0
-50
-138
-235
-293
-267
-184
-102
-71
-91
-123
-146
-141
-112
-63
4
72
103
86
35
-15
-26
7
65
118
145
143
116
67
27
36
105
201
269
283
254
195
125
70
53
82
124
131
104
69
55
61
54
19
-12
0
59
114
96
7
-101
-163
-152
-92
-25
18
13
-54
-145
-215
-233
-200
-157
-129
-117
-118
-126
-150
-175
-178
-148
-90
-34
-6
-5
-29
-67
-102
-107
-64
16
85
104
71
34
39
91
136
123
67
16
21
61
81
54
4
-17
6
41
56
40
10
-11
-18
-23
-28
-23
-3
15
14
-6
-24
-27
-15
-6
-9
-14
-3
14
23
15
0
0
27
69
99
98
65
19
-21
-51
-59
-43
0
44
61
42
3
-24
-28
-12
14
38
49
38
17
-8
-17
-3
17
30
31
25
20
17
8
-10
-28
-29
-9
13
13
-12
-54
-77
-66
-31
-1
4
-17
-45
-54
-36
-3
21
12
-26
-73
-91
-66
-23
0
-17
-58
-79
-56
-1
42
48
22
-12
-34
-36
-21
5
26
35
39
54
76
84
59
12
-21
-19
17
52
50
12
-30
-36
2
57
94
95
63
18
-17
-23
-10
2
-5
-24
-30
-18
6
17
3
-13
-8
23
57
66
42
-7
-53
-74
-61
-23
2
-2
-38
-79
-92
-71
-27
15
41
49
42
27
-1
-34
-51
-45
-21
12
37
42
21
-18
-52
-51
-11
45
80
73
31
-22
-57
-60
-33
10
47
67
61
27
-22
-64
-75
-48
7
62
88
72
20
-39
-76
-81
-52
-5
33
50
40
11
-21
-41
-40
-11
34
70
75
49
7
-30
-43
-33
-16
4
16
18
8
-6
-27
-42
-39
-22
6
35
47
38
14
-10
-20
-14
2
12
11
-2
-21
-34
-35
-23
-5
17
30
28
18
1
-16
-21
-19
-13
-1
6
8
-1
-11
-19
-22
-14
3
15
14
4
-9
-20
-26
-24
-13
-2
4
5
3
1
2
7
18
27
29
24
15
5
-5
-13
-13
-3
8
15
19
17
13
8
12
18
18
13
4
-2
-7
-10
-3
9
14
14
8
1
-9
-17
-18
-10
-2
2
4
3
-6
-16
-20
-14
-3
4
10
13
2
-15
-26
-30
-24
-10
7
21
22
6
-13
-26
-31
-24
-5
13
20
11
-4
-17
-28
-29
-18
0
14
18
14
4
-9
-22
-20
-5
10
20
22
15
4
-12
-16
-6
5
17
27
29
16
-4
-15
-14
-6
6
18
26
22
8
-5
-12
-12
-7
9
23
24
11
2
-3
-8
-9
0
17
19
13
6
1
-8
-15
-10
4
12
12
14
11
0
-16
-19
-11
-5
-3
2
8
4
-9
-18
-16
-16
-15
-9
1
5
-4
-9
-11
-18
-24
-19
-5
5
4
3
6
2
-11
-17
-10
3
10
13
16
10
-2
-15
-13
-8
-3
5
19
24
14
3
-7
-7
-4
1
11
18
11
-2
-10
-9
-8
-3
9
16
12
3
-2
0
-2
-3
3
9
7
1
-1
2
-1
-3
2
9
9
3
0
1
-4
-10
-9
-2
-2
-4
-4
0
-1
-4
-4
-3
-2
-6
-6
-4
-3
-4
-5
-3
-2
-2
-1
5
7
1
-1
-1
1
3
1
1
2
2
2
5
7
4
5
7
5
-1
-6
-9
-9
-11
-9
-2
3
4
0
-1
-6
-9
-4
1
2
0
-1
0
-2
-2
-2
1
3
3
5
6
6
3
1
