-4
-6
-7
-6
-6
-7
-7
-7
-9
-9
-8
-8
-8
-8
-7
-7
-6
-6
-7
-7
-6
-4
-3
-2
-2
-2
-1
1
2
1
2
4
3
2
3
1
1
1
3
3
4
4
3
3
2
1
0
0
1
0
0
-1
-2
-2
-2
-2
-3
-5
-3
-4
-3
-3
-3
-2
-3
-4
-5
-3
-3
-1
-1
-1
0
1
2
3
2
3
6
7
8
9
10
10
12
14
14
14
16
14
14
16
15
15
15
15
15
15
12
12
12
11
9
9
6
3
1
1
0
-1
-2
-2
-5
-7
-10
-10
-13
-13
-14
-17
-16
-17
-19
-20
-21
-23
-26
-26
-24
-23
-23
-23
-22
-20
-18
-17
-15
-12
-10
-7
-4
2
9
14
15
13
12
9
9
6
5
4
2
2
2
4
5
4
4
2
-2
-5
-6
-8
-10
-12
-14
-19
-20
-20
-16
-14
-12
-9
-6
-5
-2
2
4
9
13
17
21
28
34
37
41
40
39
39
38
39
42
41
38
35
32
29
26
24
23
19
16
13
12
9
6
3
-1
-2
-1
-2
-4
-7
-8
-11
-14
-16
-18
-20
-23
-26
-29
-29
-29
-33
-32
-33
-34
-35
-36
-36
-36
-37
-35
-35
-35
-33
-33
-33
-30
-29
-25
-22
-20
-18
-15
-13
-12
-9
-8
-6
-4
-1
0
2
4
8
9
9
10
13
15
18
23
29
39
49
54
56
54
50
45
42
40
37
35
32
30
29
30
29
26
24
19
11
8
2
-2
-6
-12
-19
-24
-29
-30
-34
-38
-41
-43
-41
-40
-36
-33
-35
-32
-30
-24
-19
-13
-10
-5
0
5
10
13
14
16
17
18
20
21
24
26
26
25
23
24
23
22
23
23
22
19
17
15
14
14
13
13
13
13
10
6
2
0
-5
-8
-11
-12
-15
-16
-16
-18
-20
-28
-32
-35
-39
-38
-46
-57
-56
-58
-57
-58
-68
-70
-67
-67
-63
-66
-69
-64
-61
-55
-53
-48
-40
-33
-26
-20
-15
-5
3
10
14
22
33
45
61
74
87
105
115
136
167
204
253
274
270
252
226
217
209
196
186
166
154
147
141
142
132
111
80
33
-9
-35
-51
-71
-102
-148
-199
-238
-271
-297
-302
-313
-318
-315
-311
-284
-253
-235
-225
-227
-219
-180
-126
-65
-13
28
52
67
82
99
118
133
145
154
163
173
177
172
163
153
146
145
143
141
137
132
127
118
105
93
81
80
83
90
95
93
85
67
48
29
9
-12
-33
-58
-74
-84
-97
-112
-130
-154
-173
-190
-205
-218
-223
-228
-229
-229
-234
-237
-247
-255
-257
-249
-229
-204
-179
-165
-167
-169
-164
-143
-112
-78
-52
-39
-33
-29
-19
0
25
48
67
94
149
243
371
505
599
618
553
457
372
326
326
338
340
321
288
273
273
277
257
199
113
34
-12
-26
-35
-74
-152
-250
-342
-400
-419
-425
-434
-446
-453
-431
-383
-333
-302
-302
-313
-306
-259
-171
-65
34
102
142
158
164
170
176
189
208
230
254
273
279
275
260
243
232
230
232
229
216
199
176
153
129
111
105
110
118
117
103
82
64
46
29
5
-26
-61
-98
-126
-139
-140
-144
-163
-194
-221
-244
-250
-250
-256
-264
-283
-304
-310
-307
-292
-277
-278
-270
-257
-241
-222
-217
-219
-214
-201
-179
-155
-131
-104
-84
-71
-58
-43
-23
-11
-7
5
37
103
190
307
446
592
697
688
598
484
410
396
408
435
455
444
422
402
405
422
402
336
242
151
93
55
25
-27
-127
-269
-397
-458
-473
-493
-541
-588
-581
-527
-467
-421
-415
-438
-462
-452
-354
-199
-39
87
176
229
249
255
262
287
313
322
339
372
410
434
414
370
322
280
257
250
247
237
206
174
152
132
110
84
73
81
87
79
65
52
30
-28
-109
-186
-244
-289
-321
-315
-287
-271
-301
-367
-430
-478
-511
-528
-543
-561
-595
-634
-638
-611
-576
-549
-539
-526
-504
-471
-417
-361
-329
-320
-321
-296
-236
-167
-96
-30
25
55
73
95
119
147
187
258
380
570
850
1165
1399
1472
1355
1154
971
850
814
829
840
805
746
719
754
794
753
606
404
222
102
45
10
-73
-257
-520
-771
-918
-967
-987
-1038
-1108
-1135
-1085
-977
-866
-815
-833
-883
-888
-781
-562
-300
-65
106
216
289
341
381
415
448
477
517
569
627
674
695
679
627
558
493
452
437
430
410
375
328
274
222
182
158
148
141
132
116
90
55
8
-50
-120
-203
-290
-358
-385
-371
-344
-341
-381
-457
-529
-568
-576
-579
-599
-635
-667
-672
-644
-598
-564
-562
-584
-595
-562
-491
-420
-382
-383
-396
-387
-340
-261
-177
-108
-62
-20
27
74
109
122
127
150
202
306
487
757
1089
1378
1519
1462
1257
1018
844
770
776
793
772
704
634
617
641
639
549
387
210
72
-4
-38
-70
-165
-353
-596
-806
-929
-996
-1073
-1149
-1178
-1118
-987
-859
-787
-789
-840
-870
-819
-653
-399
-131
98
260
368
439
486
522
553
592
639
694
752
808
849
853
797
695
594
529
501
477
437
387
332
268
198
137
104
82
53
8
-37
-58
-59
-62
-86
-147
-249
-369
-471
-508
-481
-437
-434
-487
-564
-629
-664
-684
-706
-738
-767
-784
-771
-721
-653
-596
-572
-572
-563
-514
-443
-387
-364
-363
-354
-323
-275
-213
-134
-50
27
85
126
163
198
224
236
251
284
331
384
474
674
1007
1382
1627
1625
1400
1093
856
766
804
880
883
781
660
631
710
779
702
463
177
-12
-47
13
50
-40
-285
-608
-874
-1004
-1050
-1118
-1247
-1359
-1340
-1173
-954
-815
-813
-919
-1025
-1019
-862
-597
-323
-106
53
193
335
451
493
463
403
379
435
556
705
837
919
952
944
908
828
694
525
379
310
314
353
360
333
292
241
193
131
63
3
-21
5
45
60
-3
-132
-292
-436
-520
-564
-581
-609
-652
-676
-682
-662
-665
-713
-783
-851
-866
-821
-716
-589
-482
-416
-402
-410
-437
-476
-498
-501
-468
-411
-335
-240
-156
-98
-75
-57
-36
2
57
119
191
231
229
216
216
256
358
578
939
1349
1621
1629
1410
1106
865
747
746
813
832
773
712
736
843
886
763
514
264
104
61
102
137
67
-150
-434
-665
-806
-912
-1060
-1230
-1338
-1305
-1131
-904
-751
-754
-881
-1007
-1036
-953
-789
-571
-318
-59
169
358
498
553
505
401
338
357
437
544
672
800
871
849
767
687
611
507
397
342
352
379
381
382
406
411
339
203
73
-4
-22
-3
28
38
-10
-107
-224
-320
-396
-465
-542
-633
-706
-733
-707
-677
-692
-756
-837
-896
-920
-906
-851
-782
-727
-698
-668
-621
-583
-573
-567
-525
-443
-359
-298
-246
-180
-107
-38
26
94
151
181
217
273
335
366
375
401
456
546
703
1003
1415
1780
1906
1758
1465
1173
974
887
895
933
917
862
869
981
1069
973
694
371
117
-45
-94
-25
64
-8
-282
-600
-823
-979
-1164
-1398
-1605
-1703
-1629
-1369
-1039
-840
-876
-1054
-1207
-1268
-1223
-1049
-747
-398
-103
126
318
458
479
366
223
152
128
129
222
458
767
1005
1089
1056
928
666
340
130
109
192
303
464
651
746
717
593
366
36
-119
258
848
920
464
143
103
-196
-830
-1216
-1087
-875
-974
-1070
-859
-593
-497
-422
-251
-245
-504
-673
-632
-596
-677
-679
-390
-119
-238
-548
-671
-522
-280
-34
164
149
-36
-156
-109
13
87
165
341
436
245
-67
-252
-247
-120
315
1515
3372
5065
5528
4419
2510
449
-1368
-2392
-2343
-1527
-947
-970
-756
34
615
77
-1273
-2308
-2760
-2782
-2069
-449
1321
1965
1369
545
-100
-978
-2162
-2866
-2546
-1509
-113
1450
2598
2410
800
-974
-1736
-1576
-1121
-452
542
1590
2378
2819
2885
2300
914
-561
-1229
-919
-50
834
1443
1697
1782
1928
1916
1492
611
-383
-866
-881
-541
122
425
196
-305
-687
-470
-280
-491
-706
-895
-730
-348
-131
-16
-412
-1098
-1501
-1626
-1430
-1231
-1244
-1271
-1316
-1167
-760
-438
-448
-766
-988
-839
-450
-74
89
82
24
-55
-72
-109
-252
-453
-694
-769
-562
-184
165
203
44
74
298
627
905
1096
1375
1513
1283
863
432
123
271
1490
4415
7933
9459
7868
4163
236
-2840
-4982
-5662
-4833
-4015
-3656
-2837
-970
947
869
-908
-2515
-3188
-2767
-1266
1119
3488
4218
3278
1662
-125
-2182
-4402
-5697
-5263
-3273
-686
1603
2958
2593
679
-1546
-2757
-2456
-1502
-344
1318
3389
5252
5878
4862
2659
63
-1817
-2293
-1457
-80
835
1072
967
869
827
505
84
163
911
2024
2736
2600
1828
611
-657
-1449
-1687
-1438
-955
-615
-407
-464
-753
-954
-1282
-1841
-2344
-2382
-1505
-175
751
875
177
-809
-1607
-2005
-1926
-1534
-1019
-561
-176
98
36
-423
-1163
-1637
-1443
-827
-15
667
984
898
271
-528
-1067
-1311
-1189
-842
-236
681
1500
1974
1975
1560
1065
696
530
443
399
488
716
1274
2791
5842
9036
9653
6897
2342
-1637
-4212
-6046
-6763
-6267
-5343
-4249
-3014
-1050
1098
1816
1095
-441
-1636
-1288
500
3000
4598
4210
2537
471
-1709
-4128
-6295
-7196
-6360
-4175
-1379
1634
3783
3762
1893
-274
-1126
-599
208
1226
2808
4585
5681
5333
3711
1496
-877
-2875
-3791
-3332
-1888
-370
481
720
882
1297
1879
2331
2412
2280
2245
2241
2013
1249
-10
-1219
-2028
-2386
-2332
-1966
-1490
-1266
-1433
-1695
-1648
-1304
-1140
-1287
-1269
-622
408
982
729
-13
-777
-1350
-1834
-2024
-1727
-1272
-977
-966
-998
-776
-614
-713
-857
-678
48
819
1051
754
196
-273
-581
-920
-1049
-739
-203
305
664
1043
1539
1737
1472
1018
946
1456
1820
1714
1227
508
121
186
1493
5075
9014
10455
8370
3936
-298
-3650
-6671
-8407
-8243
-6747
-4850
-2924
-120
3049
4408
3190
500
-1540
-1511
-214
1475
3280
4132
3325
1173
-1875
-4905
-7437
-9278
-9021
-6205
-2219
1748
4463
5133
4101
1899
-87
-661
-428
87
1038
2564
4410
5180
3914
1270
-1678
-4041
-5388
-5441
-3907
-1485
591
1782
2511
3490
4382
4362
3531
2584
2196
2085
1485
506
-468
-1286
-2002
-2685
-2982
-2670
-2061
-1538
-1078
-396
312
659
450
-44
-146
201
573
596
136
-495
-1091
-1634
-2028
-2164
-1937
-1527
-1189
-904
-506
-59
131
13
-209
-128
316
603
541
173
-293
-507
-665
-750
-686
-629
-367
-9
422
1110
1647
1786
1611
1192
834
660
370
81
-41
-216
-11
1406
4696
8700
10262
8308
4148
-280
-3766
-6899
-8898
-8638
-7203
-5410
-3294
-332
3179
4955
3964
1593
-345
-974
-456
791
2247
3024
2394
685
-1466
-4037
-6783
-8800
-8809
-6431
-2756
1229
4657
6428
6063
4026
1857
644
-95
-737
-682
729
3032
4621
4337
2436
-126
-2690
-4709
-5486
-4694
-2645
-269
1715
3365
4853
5798
5563
4326
2833
1688
1138
544
-341
-1107
-1750
-2043
-2158
-2440
-2516
-2425
-2135
-1502
-680
405
1213
1196
535
-263
-417
-118
-155
-603
-1230
-1642
-1787
-2002
-2163
-2069
-1880
-1788
-1636
-1095
-262
412
600
439
372
433
287
-120
-594
-948
-1027
-863
-591
-237
-117
-338
-403
-232
163
883
1571
2173
2523
2269
1885
1506
800
50
-463
-453
464
2749
6433
9576
9907
7037
2437
-1778
-5324
-8349
-9472
-8399
-6245
-3847
-1203
2147
5102
5685
3743
990
-878
-1492
-1013
327
1673
2207
1654
205
-1822
-4404
-7109
-8582
-7719
-4860
-1034
2882
5885
7067
6118
3799
1612
75
-1325
-2378
-2144
-289
2282
3801
3415
1765
-408
-2570
-4251
-4953
-4208
-2340
-175
1887
3924
5678
6408
5690
3847
1833
294
-814
-1641
-2258
-2400
-1983
-1425
-1089
-1213
-1494
-1572
-1567
-1275
-533
427
1221
1274
826
624
594
286
-527
-1546
-2150
-2229
-2033
-1699
-1346
-1111
-1045
-1028
-829
-426
-23
209
289
399
652
945
947
486
-241
-834
-926
-791
-646
-546
-679
-466
-22
363
1125
1633
1905
2095
1626
1262
993
386
-17
-368
-363
154
943
3039
6179
8346
8135
5305
1458
-1928
-5170
-7767
-8558
-7796
-6175
-4134
-1595
1744
4474
4906
3478
1343
-407
-1058
-819
89
1089
1361
949
65
-1466
-3600
-5781
-6916
-6145
-3894
-896
2477
5197
6304
5693
4012
2383
857
-910
-2261
-2285
-674
1607
3163
3348
2266
547
-1386
-3119
-4058
-3911
-2690
-845
1324
3591
5413
6310
5788
4118
2057
58
-1400
-2525
-3356
-3286
-2477
-1386
-704
-829
-1150
-1365
-1419
-1190
-705
23
524
620
683
788
822
330
-819
-1935
-2565
-2650
-2331
-1890
-1476
-1178
-886
-531
-168
137
138
79
284
605
1017
1229
988
539
0
-406
-524
-591
-736
-878
-842
-450
251
989
1625
1879
1681
1446
1142
877
660
55
-436
-608
-469
1181
4572
8149
9953
8619
4962
1005
-2813
-6570
-9119
-9775
-8875
-6980
-4300
-408
3757
6081
5847
3790
1468
-93
-911
-704
144
707
976
815
-121
-1901
-4615
-7190
-7939
-6652
-3953
-376
3132
5703
6770
6161
4753
3104
799
-1788
-3383
-3030
-898
1559
2924
2965
2029
445
-1346
-2944
-4057
-4271
-3354
-1468
1200
4101
6252
7137
6527
4608
2289
57
-1985
-3563
-4473
-4268
-2846
-1171
-84
281
-1
-456
-747
-910
-693
-242
29
252
543
976
1298
805
-401
-1655
-2482
-2669
-2541
-2107
-1349
-732
-218
223
531
707
425
-49
-234
-73
373
767
888
711
334
-2
-275
-579
-911
-1107
-1025
-733
-224
408
956
1366
1452
1388
1299
839
265
-241
-557
6
1901
5155
8280
9082
7198
3633
-282
-4121
-7917
-10303
-10370
-8797
-6220
-2813
1354
5204
6840
5869
3646
1498
-161
-1128
-1129
-496
250
714
580
-366
-2395
-5044
-6991
-7214
-5674
-2851
803
4349
6630
7194
6294
4699
2790
317
-2050
-3022
-2231
-295
1487
2223
2178
1521
221
-1304
-2547
-3118
-2895
-1937
-282
2086
4483
5875
6319
5618
3898
2058
-206
-2226
-3435
-4442
-4147
-2824
-1612
-328
145
-5
-123
-699
-1092
-1036
-825
-415
-247
-36
427
547
289
-509
-1699
-2453
-2898
-3074
-2584
-1879
-1149
-368
12
108
150
-45
-357
-489
-415
-88
512
958
1050
934
560
86
-340
-696
-776
-641
-400
-38
450
1082
1632
1910
2002
1851
1383
874
362
-183
-284
761
3679
7414
9416
8857
6251
2606
-1294
-5585
-8990
-10137
-9653
-7921
-4944
-891
3578
6396
6486
4835
2539
394
-1066
-1637
-1361
-630
88
599
465
-1051
-3723
-6342
-7759
-7425
-5454
-2171
1793
5151
6787
6810
5848
4055
1464
-1414
-3296
-3183
-1518
446
1747
2156
1828
954
-345
-1863
-3077
-3504
-3025
-1618
650
3238
5625
7032
6701
5272
3221
764
-1470
-3542
-4764
-4424
-3148
-1484
-116
584
790
392
-372
-1085
-1388
-1106
-651
-174
445
975
1237
1017
86
-1107
-2057
-2713
-2878
-2572
-1989
-1065
-164
293
350
138
-184
-452
-549
-496
-168
468
966
1132
991
452
-161
-578
-1000
-1120
-775
-449
85
656
891
1376
1674
1509
1300
740
274
82
-79
834
3410
6554
8423
7850
5326
2184
-1161
-4924
-8083
-9410
-9022
-7446
-4946
-1372
2660
5327
5723
4346
2394
781
-542
-1213
-1031
-647
-73
480
262
-944
-3192
-5667
-6893
-6595
-5048
-2210
1285
4308
6091
6458
5878
4617
2311
-594
-2502
-2439
-891
945
2022
2216
1881
939
-454
-1782
-2761
-3134
-2712
-1407
743
3274
5335
6211
5950
4798
3131
1395
-556
-2358
-3380
-3530
-2738
-1627
-802
-187
18
-218
-779
-1421
-1690
-1652
-1345
-786
-139
613
982
676
39
-802
-1539
-2000
-2394
-2509
-2171
-1557
-865
-359
-168
-227
-432
-758
-1018
-883
-424
128
589
798
910
869
526
-58
-756
-1096
-981
-623
1
539
937
1290
1322
1204
1104
980
796
640
589
977
3086
6373
8473
8374
5905
2511
-339
-3679
-7012
-8611
-8596
-7367
-5236
-2144
1850
4914
5552
4193
2277
915
-44
-616
-510
-168
227
653
486
-666
-2775
-5362
-6968
-6764
-5267
-2669
653
3605
5464
5926
5318
4320
2684
217
-1801
-2102
-751
1081
2020
1862
1229
363
-876
-2245
-3156
-3388
-2708
-1258
693
3041
4979
5983
5627
4167
2578
767
-912
-2380
-3561
-3274
-2187
-1219
-487
-344
-304
-489
-1127
-1672
-1880
-1566
-1065
-646
58
717
849
503
-331
-1248
-1696
-1881
-1880
-1456
-952
-475
17
95
-184
-459
-828
-1114
-1024
-767
-227
594
1166
1376
1328
918
230
-477
-1031
-1194
-739
-52
592
1492
2030
2101
1990
1199
465
28
-578
-423
138
1413
4634
7773
9104
8072
4613
912
-2479
-6115
-8475
-9016
-8123
-6192
-3812
-534
2927
4633
4168
2307
490
-341
-751
-645
214
922
1283
1191
7
-1971
-4453
-6979
-7851
-6707
-4368
-1013
2388
4698
5774
5524
4392
2982
1122
-831
-1518
-414
1614
3342
3750
2864
1401
-443
-2355
-3658
-4005
-3339
-1883
132
2517
4840
6085
6059
5188
3473
1845
183
-1628
-2404
-2667
-2363
-1320
-772
-496
-432
-715
-968
-1333
-1382
-1101
-786
-333
-185
-102
124
-335
-1065
-1502
-1931
-2003
-1802
-1761
-1394
-715
-408
-305
-329
-706
-1002
-1007
-1080
-951
-566
-365
-79
178
119
46
-96
-467
-801
-780
-454
25
524
803
1208
1910
2278
2037
1559
827
157
29
855
3692
7187
8654
7676
4847
1601
-1463
-4887
-7424
-8219
-7776
-6418
-4124
-566
3098
4813
4252
2496
823
-143
-453
5
1039
1733
1791
1460
340
-1776
-4442
-6815
-7532
-6326
-3990
-760
2519
4433
4810
4155
3062
1887
265
-1278
-1282
359
2534
4197
4591
3638
1800
-601
-2922
-4259
-4530
-3867
-2198
66
2438
4417
5468
5269
4127
2773
1322
118
-765
-1742
-2001
-1604
-1354
-1085
-1168
-1459
-1435
-1443
-1334
-951
-488
-95
-1
-26
-31
-238
-800
-1702
-2537
-2767
-2478
-2048
-1490
-857
-348
22
74
-181
-408
-663
-954
-993
-783
-391
27
151
31
-103
-198
-359
-574
-605
-515
-221
274
571
966
1431
1777
2302
2474
2272
2023
1511
1053
1021
2297
4988
7184
7501
5780
2946
199
-2692
-5449
-6807
-6828
-6106
-4748
-2643
219
2618
3141
2103
760
-106
-433
-207
582
1455
1861
1492
354
-1346
-3484
-5677
-6970
-6618
-4763
-1954
920
2766
3273
2702
1679
920
226
-548
-692
219
1997
3808
4540
4008
2504
367
-1672
-3001
-3258
-2704
-1801
-549
967
2820
4302
4484
3869
2751
1705
1331
878
469
229
-351
-860
-1304
-1738
-1784
-1689
-1552
-1253
-786
-92
456
574
387
20
-194
-353
-852
-1322
-1569
-1807
-1951
-2054
-2027
-1653
-1210
-1038
-897
-522
-304
-305
-417
-752
-820
-717
-753
-631
-416
-315
-410
-501
-718
-847
-490
-229
151
614
823
1131
1295
1401
1528
1682
1977
2902
5162
7276
7740
6299
3197
-4
-2779
-5104
-6004
-5746
-5146
-4241
-2734
-547
1351
1772
1008
108
-268
143
1204
2715
3855
3429
1816
-52
-1916
-3655
-5337
-6347
-5650
-3517
-787
1920
3485
3267
1816
37
-988
-889
-327
489
1747
3059
3987
4152
3045
1130
-748
-2126
-2329
-1362
22
1131
1506
1257
857
1173
1638
1616
1865
1617
1480
1831
1151
517
-308
-1732
-2269
-2331
-1649
-467
-9
12
-356
-634
-666
-1129
-1471
-1588
-1603
-1055
-503
-264
-220
-847
-1850
-2332
-2194
-1703
-991
-623
-785
-847
-917
-1195
-1360
-1652
-1780
-1274
-446
347
747
699
175
-518
-814
-998
-831
-280
88
733
1528
1959
1979
1369
466
-10
710
3412
7094
9527
9434
6749
2955
-475
-3399
-4955
-4913
-4534
-4096
-3346
-1801
271
997
18
-1259
-1884
-1407
103
2237
4314
4991
3652
1386
-633
-2187
-3618
-4964
-5319
-4249
-2347
-284
969
868
-146
-1354
-1678
-635
897
2120
2785
2931
2857
2571
1831
762
-245
-946
-929
-128
730
1137
758
-310
-1050
-907
-54
1097
1967
2323
2270
1939
1333
477
-345
-959
-1173
-667
307
1303
1675
791
-720
-1861
-2277
-2137
-1995
-1808
-1267
-582
-37
159
7
-508
-1326
-1874
-1694
-771
284
551
140
-379
-880
-1267
-1637
-2050
-2209
-2081
-1765
-1162
-417
77
108
-125
-242
51
655
964
863
540
-28
-316
-104
247
1377
3841
6410
7717
6921
3920
584
-1877
-3371
-2977
-1294
-203
-427
-1493
-2129
-1999
-1995
-2346
-2508
-2111
-1213
212
2299
4071
3973
1993
-505
-2059
-2130
-1605
-1115
-422
12
-74
-50
-184
-843
-1804
-2851
-2828
-1212
759
2202
2892
2747
2203
1735
1500
1701
1959
1744
1431
1270
1191
973
201
-789
-1361
-1090
37
1359
2265
2321
1557
701
82
-196
34
267
300
323
255
353
462
28
-763
-1450
-1625
-1257
-820
-619
-811
-1402
-2112
-2411
-1945
-1019
-215
111
82
-112
-487
-970
-1557
-2151
-2447
-2378
-1877
-997
-253
42
-92
-640
-1230
-1486
-1510
-1385
-1085
-740
-344
186
550
579
417
24
-310
-172
769
3152
6011
7257
6360
3720
692
-1250
-2024
-1391
62
564
-384
-1926
-2547
-1960
-1326
-812
-392
-254
-151
-40
712
2029
2134
775
-500
-883
-386
261
252
123
261
105
21
384
431
-133
-972
-1503
-961
160
752
887
835
677
755
927
1151
1547
1642
1417
1208
1088
1110
872
100
-640
-753
-254
354
679
714
508
81
-370
-397
166
813
897
487
129
-110
-396
-804
-1257
-1334
-1138
-1007
-728
-474
-664
-1203
-1826
-2052
-1595
-880
-356
-125
-220
-573
-864
-946
-935
-834
-817
-979
-963
-897
-885
-786
-989
-1153
-1014
-928
-531
-152
-84
102
44
-66
122
74
17
-60
71
1866
4590
6227
5811
3278
435
-1147
-1431
-275
1429
1656
-203
-2881
-4150
-3172
-1568
-318
375
67
-802
-1506
-1057
856
2150
1488
294
-440
-573
-343
-478
-437
39
183
327
883
1172
591
-593
-1279
-666
647
1603
1814
1660
1318
708
474
898
1400
1503
1040
419
320
534
449
336
399
475
714
964
1061
1054
594
-167
-465
-114
533
975
982
626
77
-360
-595
-568
-300
-254
-589
-1074
-1573
-1858
-1871
-1908
-2002
-1907
-1636
-1291
-820
-346
-49
-72
-563
-1084
-1163
-987
-821
-774
-783
-816
-997
-1202
-1224
-1067
-867
-742
-603
-249
90
83
-95
-297
-474
-501
-471
46
2251
5130
6267
5128
2505
156
-604
-183
977
1925
933
-1986
-4589
-4673
-2573
-474
515
245
-1126
-2640
-3051
-1214
1784
2818
1352
-556
-1638
-1545
-785
-146
650
1291
1019
815
1206
1041
91
-768
-611
777
1988
1987
1521
1173
927
1002
1633
2584
2955
2140
797
116
464
1023
1157
979
476
-162
-375
152
1244
2005
1752
846
103
-99
-108
-193
-158
-40
51
82
0
-108
-397
-947
-1399
-1557
-1450
-1278
-1224
-1216
-1328
-1654
-2118
-2532
-2534
-2165
-1742
-1245
-772
-663
-891
-1215
-1513
-1554
-1349
-1237
-988
-532
-387
-414
-526
-922
-1200
-1205
-874
-165
211
10
-316
-498
-77
1582
4032
5549
4820
2443
371
91
1360
2756
2937
1352
-1488
-3805
-3615
-1215
1012
1544
407
-1478
-2769
-2691
-954
1445
2109
434
-1684
-2432
-1491
-103
507
480
123
-436
-447
478
1456
1427
688
440
1028
1550
1285
801
826
1169
1536
1899
2157
1959
955
-63
-22
834
1652
1713
1125
584
176
109
593
1164
1308
634
-256
-275
398
1021
1074
569
-51
-713
-1200
-1108
-558
-63
-39
-286
-548
-975
-1526
-1925
-1784
-1194
-865
-1063
-1602
-2203
-2528
-2409
-1803
-1036
-796
-1335
-2089
-2211
-1613
-857
-279
-27
-61
-312
-646
-694
-556
-656
-953
-1189
-1204
-973
-764
-458
105
867
2379
4179
4689
3472
1425
221
839
2302
3146
2563
409
-2087
-2991
-1516
899
1845
788
-1139
-2646
-2748
-1286
1093
2639
1550
-1343
-3237
-2860
-1116
336
501
-99
-819
-1251
-595
721
1104
220
-795
-671
597
1622
1845
1655
1227
800
618
987
1605
1495
747
401
807
1425
1474
964
540
325
476
1139
1944
2312
1727
697
280
619
1103
1242
1004
662
183
-395
-531
-176
175
134
-193
-294
-184
-343
-807
-1181
-1297
-1321
-1387
-1433
-1474
-1691
-1901
-1787
-1446
-1246
-1472
-1955
-2171
-2024
-1667
-1189
-922
-919
-1114
-1253
-926
-449
-196
-363
-923
-1346
-1491
-1290
-756
-417
465
2212
2987
2221
767
-147
511
1716
2362
2138
576
-1519
-2517
-1490
844
1859
701
-845
-1880
-2135
-1254
494
2041
1446
-1157
-2734
-1727
434
1623
1131
28
-729
-1019
-307
1294
1990
837
-762
-925
411
1585
1625
1354
1428
1464
1491
1906
2347
1860
455
-398
239
1458
1825
1230
542
181
122
588
1618
2287
1814
728
280
880
1571
1498
914
372
-22
-222
32
670
938
311
-563
-805
-485
-350
-647
-956
-1185
-1574
-2033
-2137
-1887
-1840
-2112
-2117
-1621
-1198
-1231
-1547
-1844
-2066
-2210
-1914
-1206
-686
-718
-1087
-1300
-1305
-1304
-1275
-1184
-1068
-975
-928
-87
1852
2996
2295
709
-123
725
2108
2707
2067
104
-2123
-3003
-1767
594
1373
-236
-1952
-2488
-1948
-579
911
1624
400
-2099
-2889
-938
1523
2209
946
-590
-1064
-514
997
2709
2724
642
-1449
-1295
864
2692
2821
2045
1302
867
1155
2323
3541
3372
1727
472
719
1540
1749
1147
330
-308
-638
-148
1180
2232
2042
998
346
525
875
925
786
597
267
-158
-244
96
242
-157
-688
-864
-759
-743
-850
-879
-992
-1385
-1745
-1752
-1481
-1397
-1763
-2179
-2460
-2678
-2567
-2089
-1613
-1540
-1953
-2279
-2051
-1419
-844
-622
-537
-612
-832
-697
-277
69
18
-397
183
1776
2347
1534
679
777
1680
2182
1918
1093
-461
-1819
-1602
231
1860
1163
-839
-1724
-1600
-1109
-139
870
769
-1272
-3453
-2965
-606
733
50
-1367
-1834
-1250
-181
1366
2253
1091
-985
-1426
486
2734
3137
2133
1260
837
932
1796
2871
2907
1430
-70
104
1369
2093
1773
990
341
-7
287
1413
2393
2102
900
187
650
1605
2175
2125
1476
350
-595
-571
338
1158
1086
357
-228
-439
-342
41
324
90
-716
-1583
-1808
-1531
-1377
-1554
-1871
-2259
-2837
-3142
-2733
-1993
-1519
-1682
-2133
-2252
-2071
-1738
-1352
-1151
-1317
-1771
-1963
-1488
-771
-499
-282
863
1974
1526
372
212
1272
2362
2410
1616
494
-553
-796
138
1386
1121
-875
-2189
-1689
-853
-432
15
329
-427
-2097
-2576
-924
665
225
-1299
-1854
-1131
-162
722
1364
786
-1003
-1927
-366
2108
2575
979
-251
22
1119
2484
3639
3713
2207
354
284
2006
3273
2723
1331
485
177
287
1227
2302
2133
795
-210
225
1372
1807
1483
1082
713
272
229
939
1654
1482
694
232
412
674
570
387
271
-163
-807
-1143
-1086
-1034
-1346
-1685
-1639
-1625
-2021
-2461
-2527
-2262
-2203
-2565
-2751
-2718
-2764
-2625
-2208
-1850
-1997
-2539
-2652
-1971
-1116
-727
26
1296
1435
246
-423
465
1798
2047
1165
-28
-1041
-1383
-513
1028
1592
6
-2000
-1850
-284
869
1348
1402
677
-1076
-2329
-1157
1178
1771
297
-1260
-1451
-670
235
1213
1467
66
-1687
-1359
1066
2840
2383
1026
481
797
1495
2578
3385
2838
1142
144
1178
2709
2738
1555
471
28
28
569
1490
1806
929
-267
-332
604
1253
1065
571
250
3
23
411
858
902
380
-66
38
454
712
590
249
-114
-429
-640
-662
-657
-890
-1305
-1376
-1088
-969
-1247
-1816
-2089
-1990
-1853
-1812
-2040
-2261
-2467
-2500
-2073
-1705
-1809
-2322
-2439
-2030
-938
915
1740
859
-602
-1078
57
1503
1956
1108
-413
-1435
-981
634
1856
1262
-755
-1791
-1179
-91
815
1112
422
-1235
-2615
-1949
273
1419
499
-1052
-1718
-1086
193
1467
1913
669
-1099
-1179
728
2594
2682
1445
398
250
913
2234
3390
3089
1302
-74
502
2018
2648
1977
805
-55
-266
422
1716
2356
1543
102
-322
556
1440
1470
854
53
-569
-574
113
848
701
-367
-1209
-1103
-392
255
464
254
-230
-551
-304
261
457
-166
-1072
-1360
-977
-448
-263
-675
-1539
-2213
-2126
-1423
-820
-978
-1674
-2212
-2134
-1561
-1122
-1183
-1848
-1952
-406
1132
1038
-93
-601
32
758
1006
684
-289
-1326
-1359
-260
849
544
-990
-1732
-1353
-885
-345
334
483
-712
-2348
-2169
-189
930
126
-1091
-1483
-965
-42
991
1556
510
-1339
-1454
619
2550
2279
661
-82
372
1308
2581
3543
3004
1174
162
1363
3249
3482
2090
700
255
474
1104
2197
2676
1511
-313
-774
446
1594
1522
711
-79
-650
-752
-27
998
1094
-27
-1072
-970
-49
639
554
101
-416
-804
-698
-148
123
-534
-1647
-2121
-1566
-794
-590
-812
-1224
-1653
-1843
-1511
-860
-664
-1131
-1716
-1771
-1243
-841
-668
129
930
353
-843
-984
226
1274
1017
188
-684
-1453
-1361
-252
800
416
-1381
-2473
-1643
-468
-144
-100
-64
-619
-1798
-2011
-444
762
-208
-1998
-2467
-1502
-280
629
1077
400
-1248
-1793
67
2456
2587
776
-338
171
1323
2440
3238
2924
1193
-314
353
2531
3661
2741
1229
591
735
1300
2344
3097
2337
529
-311
648
2058
2368
1645
779
137
-104
416
1362
1473
284
-952
-946
-6
625
438
-205
-934
-1443
-1306
-527
19
-430
-1478
-2014
-1641
-1123
-1022
-1187
-1406
-1719
-2021
-1843
-1260
-1013
-1413
-1829
-1763
-1397
-1157
-880
294
1363
717
-757
-1158
-29
1063
992
154
-1002
-2032
-2036
-646
755
323
-1718
-2790
-1676
-186
367
264
-110
-972
-2164
-2088
-244
1136
375
-1335
-1998
-1264
-195
666
1102
365
-1249
-1725
165
2542
2775
1177
113
561
1622
2633
3316
3059
1695
504
1019
2661
3390
2568
1473
1022
956
1132
1793
2414
1921
583
-108
481
1368
1488
1008
574
335
264
635
1234
1214
413
-297
-215
347
587
247
-295
-848
-1285
-1303
-1036
-1000
-1429
-1920
-1962
-1689
-1529
-1625
-1855
-2051
-2150
-2133
-2010
-1817
-1639
-1568
-1546
-1516
-1524
-937
406
1063
325
-676
-582
562
1408
1226
220
-1240
-2158
-1489
222
1113
-9
-1917
-2456
-1579
-455
383
712
196
-1235
-2268
-1423
315
862
-77
-1270
-1696
-1189
-3
1383
1706
163
-1592
-1176
1121
2736
2373
1172
433
486
1404
2889
3668
2646
799
330
1634
2914
2911
2131
1406
869
650
1249
2251
2273
1137
239
421
1081
1344
1131
810
290
-416
-460
486
1305
1031
139
-325
-227
-137
-123
72
89
-449
-1084
-1111
-671
-643
-1175
-1540
-1483
-1460
-1723
-1861
-1653
-1613
-1938
-2138
-1978
-1865
-2052
-2079
-1646
-1305
-1044
-195
688
472
-649
-1211
-407
663
847
239
-744
-1637
-1624
-427
788
429
-1327
-2371
-1717
-492
293
575
331
-689
-1845
-1738
-367
562
89
-840
-1246
-1145
-554
617
1557
1037
-579
-1160
374
2315
2727
1965
1250
1019
1318
2227
3185
2988
1547
567
1203
2399
2624
1875
1144
823
736
1112
1946
2330
1645
601
325
810
1135
992
781
593
260
-1
191
617
594
163
-14
125
169
18
-102
-140
-354
-707
-926
-1038
-1165
-1236
-1127
-933
-1015
-1395
-1662
-1691
-1571
-1455
-1546
-1760
-1961
-2099
-1960
-1611
-1292
-729
40
258
-282
-915
-844
-92
478
365
-391
-1533
-2226
-1664
-253
584
-109
-1508
-2094
-1714
-1068
-432
13
-279
-1416
-2223
-1648
-468
-35
-391
-725
-790
-793
-448
447
1048
600
-158
102
1298
2001
1710
1348
1428
1705
2139
2783
3163
2645
1658
1499
2359
2984
2644
1933
1542
1417
1393
1622
1980
1873
1197
712
875
1171
1061
715
514
445
323
218
265
283
121
40
229
416
241
-188
-436
-361
-185
-124
-283
-635
-1040
-1299
-1218
-930
-882
-1251
-1751
-2036
-2008
-1806
-1633
-1649
-1909
-2229
-2250
-1871
-1374
-954
-602
-390
-406
-619
-820
-806
-711
-730
-789
-838
-903
-947
-974
-988
-1022
-1051
-915
-659
-605
-827
-1038
-1001
-737
-427
-239
-294
-617
-990
-1058
-718
-262
35
160
156
121
245
597
1078
1448
1537
1472
1427
1476
1707
2033
2282
2402
2382
2302
2279
2297
2351
2405
2335
2157
1963
1776
1664
1643
1612
1447
1134
847
758
783
755
640
476
305
166
82
100
172
166
70
-42
-114
-179
-283
-378
-448
-575
-771
-972
-1098
-1086
-1018
-1022
-1132
-1338
-1533
-1560
-1429
-1314
-1420
-1725
-1913
-1785
-1487
-1259
-1221
-1340
-1479
-1445
-1070
-533
-314
-610
-1087
-1300
-1150
-855
-602
-514
-719
-1067
-1137
-789
-355
-228
-382
-530
-553
-453
-179
109
54
-369
-757
-735
-458
-318
-325
-337
-383
-459
-349
76
509
527
272
221
514
935
1321
1639
1781
1678
1545
1680
2027
2276
2277
2181
2136
2105
2071
2099
2122
2037
1835
1680
1694
1721
1577
1378
1241
1059
792
585
518
538
551
548
566
484
222
-22
-58
21
85
60
-96
-340
-589
-732
-664
-535
-615
-895
-1192
-1401
-1473
-1440
-1413
-1465
-1641
-1869
-1942
-1820
-1673
-1598
-1611
-1653
-1629
-1458
-1262
-1187
-1294
-1487
-1526
-1382
-1258
-1259
-1315
-1375
-1357
-1222
-999
-778
-695
-763
-785
-653
-442
-229
-36
39
-84
-288
-309
-105
113
188
173
180
189
234
394
606
702
709
758
896
1038
1149
1282
1450
1548
1575
1663
1837
1987
2009
1950
1915
1930
1919
1874
1819
1762
1693
1663
1664
1632
1475
1214
996
918
909
847
722
566
435
350
332
370
391
286
95
-53
-93
-77
-87
-184
-366
-610
-840
-928
-876
-836
-951
-1186
-1399
-1479
-1447
-1391
-1415
-1579
-1786
-1855
-1720
-1482
-1270
-1149
-1115
-1136
-1144
-1113
-1111
-1187
-1264
-1223
-1090
-991
-974
-983
-966
-936
-892
-793
-662
-595
-619
-636
-593
-564
-598
-637
-617
-570
-520
-420
-277
-192
-187
-130
42
223
345
503
746
918
921
914
1073
1317
1477
1560
1648
1709
1713
1777
1945
2052
1948
1763
1668
1648
1627
1619
1623
1536
1335
1156
1075
1005
865
730
680
641
547
466
476
507
469
407
391
375
277
158
104
60
-32
-115
-136
-190
-376
-609
-732
-743
-750
-809
-909
-1052
-1196
-1236
-1164
-1146
-1296
-1519
-1626
-1541
-1290
-958
-695
-669
-859
-1030
-1027
-915
-838
-836
-864
-870
-835
-774
-720
-705
-697
-672
-676
-726
-771
-740
-649
-588
-625
-753
-909
-1006
-985
-901
-833
-785
-689
-523
-362
-258
-167
-31
168
399
611
771
882
989
1134
1319
1467
1518
1498
1524
1658
1820
1896
1896
1879
1845
1770
1709
1716
1750
1728
1628
1485
1307
1110
933
833
777
703
598
510
466
448
430
394
328
209
79
-11
-40
-34
-12
-17
-90
-236
-402
-535
-617
-659
-710
-822
-982
-1100
-1122
-1086
-1079
-1126
-1244
-1402
-1485
-1333
-995
-695
-639
-816
-1040
-1145
-1064
-877
-756
-819
-943
-943
-780
-627
-607
-664
-681
-641
-564
-500
-504
-576
-636
-636
-630
-672
-732
-750
-766
-793
-800
-778
-757
-708
-570
-365
-203
-67
148
416
596
655
703
789
879
985
1181
1411
1542
1559
1577
1651
1753
1847
1912
1907
1807
1684
1660
1750
1817
1723
1482
1248
1133
1089
1057
1026
965
842
693
615
598
532
367
234
208
212
161
64
-45
-181
-326
-404
-415
-504
-717
-928
-997
-971
-956
-1006
-1100
-1224
-1351
-1393
-1336
-1232
-1129
-1022
-941
-923
-980
-1039
-1064
-1087
-1124
-1148
-1143
-1147
-1143
-1092
-994
-933
-922
-912
-893
-893
-863
-743
-596
-555
-631
-692
-661
-606
-602
-608
-560
-479
-393
-286
-170
-97
-40
121
397
629
729
788
894
1011
1111
1225
1352
1415
1401
1431
1558
1677
1688
1635
1594
1575
1561
1587
1640
1635
1553
1487
1498
1520
1457
1314
1135
929
752
686
691
600
350
91
-24
-20
-4
-18
-82
-214
-361
-414
-364
-361
-482
-635
-716
-749
-791
-821
-823
-857
-963
-1067
-1096
-1071
-1062
-1086
-1105
-1091
-1037
-922
-738
-591
-619
-819
-1028
-1096
-1045
-976
-938
-930
-954
-990
-985
-920
-863
-881
-941
-945
-855
-724
-609
-535
-540
-633
-734
-714
-551
-398
-371
-438
-473
-415
-261
-37
191
339
411
517
718
945
1114
1205
1256
1294
1363
1488
1644
1754
1786
1788
1790
1816
1853
1893
1871
1782
1711
1741
1815
1764
1581
1381
1244
1134
1001
866
689
450
230
170
221
172
-20
-217
-290
-329
-402
-470
-524
-636
-818
-895
-843
-790
-897
-1083
-1199
-1246
-1246
-1207
-1125
-1142
-1292
-1410
-1363
-1197
-1088
-1011
-902
-797
-770
-771
-709
-686
-775
-915
-928
-836
-766
-712
-639
-588
-655
-739
-702
-592
-557
-599
-594
-540
-513
-495
-412
-325
-359
-474
-496
-373
-217
-98
-13
24
11
48
239
510
676
679
649
711
860
1046
1229
1347
1355
1321
1384
1566
1722
1728
1629
1551
1545
1592
1672
1724
1668
1521
1411
1411
1411
1288
1073
885
777
736
720
662
493
271
140
142
149
47
-120
-245
-321
-388
-445
-489
-587
-757
-903
-971
-1013
-1081
-1129
-1131
-1152
-1224
-1274
-1251
-1217
-1247
-1299
-1263
-1135
-987
-869
-803
-833
-949
-1056
-1063
-1022
-1019
-1035
-1008
-933
-863
-812
-773
-755
-761
-731
-621
-478
-381
-352
-360
-388
-416
-388
-298
-224
-232
-277
-274
-197
-72
62
162
204
237
352
555
755
868
901
925
980
1090
1237
1352
1385
1377
1414
1516
1605
1634
1626
1602
1556
1507
1478
1460
1417
1340
1260
1177
1080
985
913
838
738
627
534
464
396
333
265
182
83
-19
-100
-153
-185
-209
-261
-363
-497
-614
-674
-691
-710
-781
-913
-1045
-1132
-1164
-1156
-1144
-1157
-1203
-1249
-1229
-1128
-997
-899
-890
-981
-1120
-1217
-1218
-1164
-1129
-1133
-1137
-1111
-1045
-973
-923
-893
-869
-844
-829
-810
-748
-651
-555
-506
-513
-552
-572
-524
-422
-341
-314
-289
-207
-51
147
342
487
566
636
764
938
1083
1185
1281
1394
1513
1631
1751
1830
1825
1775
1752
1771
1781
1762
1751
1739
1700
1644
1600
1538
1425
1301
1223
1164
1054
919
831
796
741
623
480
345
236
174
156
136
54
-90
-235
-347
-452
-581
-717
-830
-922
-1002
-1068
-1124
-1191
-1285
-1357
-1371
-1364
-1390
-1437
-1432
-1345
-1234
-1155
-1109
-1097
-1125
-1159
-1165
-1160
-1188
-1232
-1216
-1136
-1066
-1049
-1056
-1051
-1034
-984
-883
-779
-745
-765
-744
-645
-546
-513
-540
-574
-585
-540
-416
-259
-162
-128
-63
88
286
466
592
644
643
669
812
1052
1257
1349
1370
1402
1493
1645
1814
1914
1892
1818
1815
1909
2000
2006
1932
1837
1766
1733
1720
1667
1516
1319
1190
1157
1136
1055
931
800
665
539
443
357
235
98
-5
-76
-191
-361
-508
-596
-677
-797
-925
-1038
-1157
-1280
-1357
-1381
-1418
-1506
-1594
-1645
-1684
-1722
-1708
-1614
-1494
-1417
-1386
-1360
-1332
-1317
-1302
-1278
-1269
-1301
-1329
-1280
-1142
-1002
-937
-923
-896
-838
-769
-701
-617
-530
-464
-405
-326
-245
-219
-238
-231
-158
-58
26
106
202
299
388
501
649
774
831
875
976
1125
1261
1357
1423
1456
1467
1502
1597
1698
1726
1682
1634
1618
1625
1637
1623
1546
1419
1324
1320
1357
1333
1209
1036
887
816
829
873
852
718
541
432
408
395
323
190
29
-127
-251
-330
-396
-508
-686
-868
-1003
-1082
-1134
-1179
-1225
-1282
-1357
-1426
-1445
-1420
-1394
-1393
-1405
-1392
-1347
-1297
-1268
-1271
-1309
-1358
-1376
-1337
-1260
-1213
-1219
-1227
-1187
-1107
-1022
-964
-929
-912
-886
-807
-669
-523
-430
-398
-377
-326
-233
-121
-22
45
88
149
270
437
583
657
678
710
799
926
1046
1140
1205
1252
1311
1391
1468
1507
1506
1505
1532
1556
1563
1559
1547
1522
1477
1446
1430
1391
1314
1225
1157
1103
1039
984
932
840
697
564
498
456
376
261
149
49
-51
-128
-182
-272
-427
-594
-696
-741
-804
-902
-998
-1070
-1126
-1165
-1191
-1226
-1296
-1357
-1359
-1322
-1283
-1259
-1235
-1198
-1173
-1156
-1132
-1110
-1093
-1088
-1087
-1072
-1042
-985
-922
-881
-869
-863
-829
-759
-684
-616
-552
-485
-412
-332
-247
-168
-108
-65
-17
43
116
195
284
373
439
481
523
598
695
780
840
887
939
995
1058
1134
1193
1207
1188
1180
1214
1254
1266
1261
1239
1210
1187
1179
1187
1164
1098
1035
992
957
905
839
767
675
576
500
451
391
295
190
102
32
-31
-100
-185
-283
-375
-438
-496
-569
-657
-737
-795
-841
-893
-946
-1003
-1044
-1054
-1052
-1056
-1078
-1086
-1055
-1011
-974
-951
-936
-914
-886
-846
-797
-771
-774
-775
-750
-706
-672
-651
-627
-598
-558
-503
-444
-392
-359
-324
-267
-194
-129
-73
-20
24
60
100
156
216
263
305
350
398
442
490
545
601
639
668
712
763
812
851
876
894
905
912
933
959
966
950
922
908
907
906
898
875
838
791
752
738
723
687
629
560
498
443
400
365
313
225
120
36
-20
-64
-121
-197
-286
-375
-446
-496
-539
-596
-663
-723
-766
-801
-835
-866
-892
-910
-918
-922
-925
-924
-921
-910
-896
-883
-871
-855
-827
-797
-768
-745
-727
-701
-660
-605
-550
-514
-494
-469
-431
-375
-312
-255
-213
-185
-160
-116
-54
8
66
114
154
192
234
286
345
402
451
496
539
580
623
669
711
743
770
805
846
879
897
896
890
894
910
935
948
928
879
832
816
823
824
802
748
676
612
575
561
544
492
411
331
270
230
195
144
75
-6
-81
-138
-179
-222
-275
-340
-410
-472
-522
-562
-597
-638
-682
-730
-778
-809
-826
-836
-854
-878
-901
-916
-921
-914
-896
-884
-887
-891
-872
-834
-802
-782
-765
-731
-693
-653
-606
-565
-538
-520
-475
-399
-330
-296
-276
-243
-194
-141
-76
-1
57
87
124
195
275
332
379
437
501
558
617
695
763
799
821
870
934
975
1000
1032
1058
1064
1063
1080
1096
1074
1039
1027
1027
1006
955
905
862
812
765
727
682
610
518
451
404
351
278
194
118
43
-28
-83
-132
-204
-300
-385
-439
-480
-530
-589
-655
-717
-776
-817
-839
-866
-913
-963
-998
-1014
-1028
-1036
-1040
-1053
-1069
-1077
-1060
-1025
-1002
-995
-986
-967
-931
-881
-829
-787
-765
-739
-684
-607
-537
-492
-458
-412
-348
-273
-198
-134
-90
-55
2
88
177
245
291
335
390
463
550
633
685
720
765
834
905
966
1016
1058
1092
1118
1151
1191
1216
1222
1218
1212
1205
1193
1186
1175
1145
1101
1052
1009
972
921
842
754
671
604
546
485
416
332
239
150
64
-16
-99
-184
-264
-332
-399
-470
-551
-630
-701
-758
-803
-854
-919
-989
-1041
-1076
-1105
-1128
-1149
-1172
-1193
-1209
-1224
-1249
-1260
-1227
-1165
-1112
-1083
-1065
-1044
-1017
-969
-888
-798
-746
-744
-741
-677
-562
-453
-363
-272
-199
-166
-127
-53
21
82
162
240
281
378
633
878
840
584
435
483
572
663
866
1100
1105
878
707
755
902
1028
1139
1211
1154
1022
1012
1155
1231
1095
885
812
869
917
915
905
877
776
629
542
529
502
429
366
342
320
275
219
115
-55
-220
-283
-263
-249
-277
-338
-438
-565
-649
-654
-654
-724
-803
-812
-778
-773
-814
-867
-928
-999
-1051
-1058
-1014
-949
-925
-958
-1020
-1045
-1014
-970
-914
-845
-784
-744
-724
-710
-692
-661
-591
-490
-411
-359
-308
-238
-174
-144
-115
-48
37
108
179
271
357
395
413
462
528
564
582
626
690
736
758
782
819
838
840
847
864
883
887
898
932
947
913
856
808
785
767
754
749
714
639
557
503
478
432
363
311
278
237
173
112
63
2
-75
-147
-184
-198
-230
-284
-345
-398
-445
-489
-520
-546
-573
-591
-602
-610
-632
-660
-664
-661
-670
-678
-681
-665
-643
-635
-621
-606
-585
-559
-542
-523
-507
-497
-462
-408
-361
-331
-314
-296
-269
-233
-181
-128
-98
-80
-51
-10
32
75
119
152
157
153
182
234
280
306
315
327
337
347
369
394
405
397
382
394
424
444
450
443
435
428
409
395
393
395
397
391
385
375
341
307
292
287
272
245
220
201
174
145
127
114
95
61
28
2
-21
-44
-68
-84
-97
-114
-133
-160
-188
-209
-219
-223
-237
-250
-258
-261
-267
-280
-298
-308
-306
-292
-280
-286
-297
-297
-283
-264
-264
-270
-264
-248
-229
-215
-205
-200
-203
-194
-164
-136
-123
-118
-108
-96
-82
-63
-45
-27
-17
-12
2
22
39
55
69
75
76
85
103
119
131
137
139
142
149
165
186
195
186
171
168
180
196
209
215
207
189
173
166
175
184
185
175
162
147
133
131
135
131
113
94
85
76
66
55
50
47
33
20
8
0
-5
-14
-25
-38
-50
-53
-51
-53
-61
-72
-83
-88
-90
-93
-93
-94
-97
-103
-111
-118
-115
-108
-108
-113
-118
-120
-120
-119
-114
-112
-115
-121
-123
-121
-120
-116
-112
-108
-109
-109
-103
-92
-84
-76
-71
-68
-64
-58
-46
-34
-25
-20
-14
-5
4
13
23
32
34
32
36
48
64
75
77
73
69
69
80
96
104
102
93
88
92
95
98
107
111
110
105
100
100
102
105
108
107
101
93
90
92
89
84
81
79
78
70
63
60
57
51
48
43
36
31
22
17
11
6
1
-3
-8
-15
-22
-28
-41
-47
-48
-49
-55
-65
-78
-89
-94
-92
-90
-91
-101
-115
-120
-121
-121
-119
-115
-110
-110
-115
-112
-111
-108
-103
-100
-93
-87
-83
-75
-69
-63
-61
-57
-46
-38
-28
-19
-11
-5
-1
-1
3
11
24
38
47
54
57
57
58
62
70
77
87
93
97
97
95
92
94
98
101
104
106
109
108
104
100
95
90
85
80
79
82
85
80
71
60
50
45
46
47
48
42
31
21
14
10
7
1
-10
-20
-27
-30
-28
-31
-36
-48
-60
-70
-71
-68
-70
-74
-82
-91
-96
-101
-101
-104
-104
-107
-108
-103
-102
-100
-102
-105
-104
-101
-94
-86
-80
-77
-72
-69
-63
-57
-51
-42
-37
-29
-21
-17
-13
-7
0
8
14
21
25
30
35
40
50
55
57
59
65
73
79
83
84
81
84
87
98
104
103
99
93
93
95
99
103
101
96
90
86
83
81
79
75
68
62
56
54
51
45
37
28
19
18
15
13
5
-8
-17
-24
-26
-26
-31
-37
-43
-49
-54
-59
-64
-69
-73
-75
-77
-77
-82
-84
-87
-90
-91
-91
-90
-89
-89
-90
-91
-90
-87
-82
-77
-73
-69
-69
-68
-66
-59
-52
-47
-44
-40
-33
-30
-25
-20
-16
-10
-5
3
11
16
20
21
21
26
33
42
50
53
53
56
59
64
70
75
76
80
80
79
81
83
85
84
81
80
80
79
78
76
72
69
63
64
63
59
53
45
40
34
29
25
22
20
14
7
-3
-7
-9
-13
-18
-21
-26
-32
-35
-37
-42
-44
-44
-49
-54
-57
-59
-55
-55
-57
-59
-60
-62
-59
-56
-54
-54
-56
-56
-52
-51
-49
-48
-47
-46
-44
-38
-34
-32
-31
-28
-25
-22
-19
-16
-15
-14
-11
-9
-2
2
4
8
10
12
15
19
24
25
28
31
33
36
39
42
45
44
43
45
45
50
48
47
46
43
44
43
44
43
39
38
37
37
34
31
29
26
26
22
19
16
12
10
10
7
8
6
4
1
-1
-3
-5
-6
-10
-10
-16
-17
-17
-19
-19
-22
-24
-25
-24
-23
-25
-27
-28
-30
-30
-29
-30
-29
-29
-28
-27
-26
-28
-27
-27
-27
-24
-21
-20
-22
-21
-20
-18
-15
-13
-12
-11
-10
-8
-6
-6
-5
-3
-2
0
2
3
6
8
10
11
12
13
12
15
17
18
17
14
15
18
19
21
21
20
20
20
21
22
23
21
21
20
23
23
20
19
15
14
16
18
18
16
14
13
12
12
12
10
7
6
5
5
5
6
4
1
-2
-3
-2
-2
-5
-5
-4
-6
-7
-7
-9
-10
-8
-11
-12
-11
-13
-12
-15
-15
-15
-16
-16
-15
-16
-17
-17
-16
-16
-17
-18
-19
-17
-17
-15
-14
-14
-12
-11
-11
-9
-10
-8
-6
-4
-4
-2
-2
-3
-2
2
4
4
3
3
3
4
4
6
6
7
7
8
8
9
11
9
11
9
9
10
12
13
12
13
13
13
13
14
14
13
12
12
13
15
15
13
12
12
11
11
10
11
10
9
9
10
11
8
6
5
3
3
2
0
-1
0
0
-2
-3
-3
-5
-5
-5
-7
-10
-11
-13
-13
-12
-12
-15
-16
-16
-16
-16
-17
-16
-18
-21
-18
-18
-18
-17
-16
-16
-16
-16
-16
-13
-11
-9
-9
-8
-6
-6
-5
-4
-4
-3
-3
-2
0
2
2
3
4
7
7
6
7
8
10
10
8
10
12
12
13
13
13
15
16
15
18
19
19
20
22
21
23
21
20
21
22
22
23
22
19
18
17
17
16
15
14
10
7
6
6
4
4
1
-3
-4
-3
-4
-6
-7
-10
-13
-15
-16
-17
-17
-16
-18
-20
-23
-23
-22
-22
-24
-24
-25
-25
-24
-24
-21
-22
-24
-24
-25
-23
-21
-19
-20
-18
-18
-14
-12
-12
-11
-9
-6
-3
0
1
2
2
3
5
9
12
12
13
13
14
16
18
19
20
20
21
22
22
22
22
22
23
22
23
23
23
24
25
25
21
19
20
22
22
21
20
19
19
18
18
17
15
13
10
11
8
6
4
2
1
-1
-3
-5
-8
-9
-11
-12
-16
-17
-17
-17
-20
-23
-24
-26
-26
-26
-26
-28
