-2
-4
-9
-12
-13
-15
-14
-13
-12
-9
-5
-7
-11
-14
-15
-12
-8
-9
-7
-5
-1
2
1
1
-1
-1
-1
-2
-1
0
1
-1
-2
-4
-4
-1
0
2
3
4
6
10
13
12
10
10
11
10
9
9
8
2
-2
-4
-1
5
6
5
3
1
3
6
7
3
-2
-5
-6
-5
-6
-5
-4
-5
-3
-3
-5
-2
1
2
5
5
6
2
0
0
-1
0
0
0
-1
-2
-3
-1
3
3
2
1
1
1
2
2
2
0
-4
-5
-7
-5
-3
-3
-6
-6
-5
-5
-3
-3
-1
-3
-7
-7
-3
1
2
4
6
5
5
3
-3
-2
1
3
3
1
3
3
3
1
-1
-1
1
1
-2
-3
-1
-2
-2
-1
-2
-3
-7
-11
-9
-6
-2
1
2
0
0
-2
-4
-4
-3
-1
2
4
6
3
-2
-3
-1
0
2
5
6
7
9
13
13
13
12
8
4
1
2
2
4
6
8
11
10
8
3
-3
-5
-4
-2
1
0
-3
-5
-5
-5
-2
-1
-3
-3
-2
0
0
0
-3
-3
-2
-1
-1
-1
-6
-10
-10
-7
-6
-3
1
2
0
-2
-3
-5
-6
-3
-1
3
5
2
1
0
-1
3
4
4
3
3
5
5
1
-3
-8
-12
-11
-12
-11
-13
-16
-20
-25
-28
-30
-28
-28
-28
-25
-23
-19
-16
-14
-12
-10
-5
1
6
12
14
18
25
33
38
39
40
44
44
43
42
43
46
46
45
43
40
35
32
26
17
24
21
17
16
10
0
-17
-31
-42
-45
-54
-61
-53
-48
-45
-49
-65
-73
-77
-78
-73
-73
-70
-68
-74
-73
-81
-105
-111
-109
-108
-119
-139
-138
-140
-158
-161
-159
-157
-151
-139
-117
-118
-138
-137
-121
-105
-87
-38
31
78
100
114
129
120
111
153
212
275
347
405
430
383
315
274
227
191
204
256
311
305
252
175
55
-86
-192
-221
-222
-207
-171
-153
-197
-302
-408
-494
-551
-568
-520
-429
-354
-289
-225
-191
-189
-183
-146
-74
20
141
274
389
458
507
547
575
606
637
671
708
721
722
698
627
552
477
398
331
269
217
160
73
-23
-117
-206
-288
-344
-378
-397
-405
-418
-431
-450
-481
-489
-485
-476
-450
-412
-364
-330
-318
-298
-277
-262
-235
-211
-193
-177
-162
-137
-114
-101
-88
-85
-87
-80
-84
-99
-94
-77
-64
-44
-7
36
52
39
49
61
40
50
103
147
180
217
261
295
285
267
278
264
248
280
327
370
401
414
430
421
369
323
288
243
220
221
230
235
219
194
148
56
-44
-119
-183
-229
-238
-221
-222
-259
-323
-399
-490
-583
-637
-652
-637
-604
-561
-524
-524
-547
-552
-539
-501
-432
-328
-193
-63
42
122
176
221
270
339
436
557
677
760
805
797
755
708
651
618
621
633
649
627
540
417
276
133
23
-33
-57
-61
-74
-136
-223
-324
-446
-518
-530
-503
-431
-368
-357
-357
-399
-488
-520
-493
-455
-371
-292
-254
-225
-258
-341
-355
-345
-340
-262
-186
-150
-97
-111
-155
-150
-170
-176
-108
-53
-17
60
92
97
135
125
122
174
190
232
317
358
389
417
398
384
391
381
411
471
512
570
623
633
604
534
444
392
359
331
349
373
357
320
245
143
31
-90
-173
-196
-197
-208
-235
-310
-449
-615
-773
-881
-920
-934
-908
-846
-823
-833
-860
-896
-892
-835
-719
-545
-359
-202
-81
10
74
140
237
358
500
652
780
873
917
920
900
884
891
919
938
938
915
852
744
624
509
395
304
233
169
85
-29
-147
-239
-336
-421
-411
-379
-363
-380
-423
-395
-410
-545
-566
-423
-389
-505
-455
-243
-340
-661
-574
-344
-614
-799
-483
-315
-428
-630
-514
-144
-479
-884
-359
-37
-467
-466
-12
132
-87
-383
-89
365
-90
-364
381
672
167
119
656
766
256
174
758
886
457
572
1134
1104
630
677
1027
817
447
601
907
810
543
659
853
588
235
261
355
97
-158
-2
118
-216
-461
-371
-571
-964
-1090
-1059
-1058
-1183
-1198
-995
-1008
-1218
-1208
-1065
-1042
-1055
-834
-453
-291
-224
20
214
223
274
445
645
804
883
1015
1122
1053
957
904
917
907
859
888
898
784
592
440
325
216
109
151
195
115
23
-129
-208
-427
-505
-416
-421
-271
-311
-247
-254
-472
-573
-564
-469
-660
-403
-211
-481
-349
-476
-598
-615
-774
-594
-482
-569
-519
-290
-491
-752
-428
-486
-655
-385
-259
-121
-84
-163
48
104
-100
5
280
319
358
460
588
655
520
503
652
680
592
682
878
870
749
759
849
675
521
652
679
604
614
699
680
487
395
375
265
143
116
159
85
-73
-150
-237
-456
-649
-707
-771
-874
-907
-896
-929
-996
-1046
-1058
-1032
-998
-946
-833
-701
-616
-528
-415
-307
-187
-78
52
234
350
438
549
586
619
677
679
697
771
805
774
756
708
673
562
430
467
455
365
311
312
236
122
-22
-76
-55
-130
-158
-88
-75
-115
-149
-244
-232
-269
-362
-345
-293
-314
-360
-379
-378
-407
-482
-463
-411
-420
-441
-388
-357
-427
-456
-404
-385
-436
-434
-261
-259
-331
-239
-138
-170
-193
-124
18
68
3
147
302
246
193
318
437
430
390
558
773
722
649
836
894
688
628
715
739
618
510
662
730
521
450
575
534
322
242
330
283
57
-11
51
-85
-378
-464
-505
-697
-883
-928
-885
-972
-1074
-1045
-1018
-1090
-1165
-1101
-960
-922
-833
-558
-386
-396
-298
-90
23
-23
109
421
512
455
527
766
707
487
555
770
734
521
676
793
623
425
343
542
356
97
270
387
253
-62
148
174
-155
-115
-8
154
-5
-148
203
111
-139
-165
-105
272
-387
-323
348
-177
-473
-396
-129
-487
-834
-495
-369
-508
-930
-702
-96
-950
-1082
-243
-404
-784
-681
37
-99
-771
-334
232
-228
-602
50
495
-47
-281
489
688
-21
11
775
769
161
545
1259
947
636
867
1121
913
453
723
1088
817
502
786
1120
596
271
578
576
197
35
384
494
-8
-207
-17
-232
-805
-949
-652
-839
-1276
-1089
-805
-1138
-1441
-1188
-1080
-1297
-1239
-869
-594
-670
-624
-231
-199
-317
-168
170
351
148
524
792
539
559
643
703
600
597
817
938
727
633
688
592
199
245
474
316
386
177
505
385
-246
-19
132
-99
-217
106
238
207
-173
-185
89
-258
-515
-255
263
-208
-352
-87
-257
-272
-992
-518
-110
-765
-534
-551
-166
-644
-1182
-394
-568
-621
-775
-333
195
-743
-449
-195
-237
-291
-624
279
293
-199
65
239
341
-165
-104
507
395
166
378
767
634
352
410
796
708
325
678
1001
794
542
793
1073
658
549
845
867
614
481
743
669
355
268
334
212
-211
-297
-297
-489
-718
-858
-719
-819
-1091
-1025
-985
-1024
-1111
-1073
-782
-734
-760
-561
-345
-317
-333
-193
43
158
64
184
563
480
209
499
733
373
356
650
643
405
321
571
420
55
157
345
28
-165
166
87
-263
-50
-34
-119
-274
-216
116
-168
-277
152
149
-212
-139
243
-86
-183
10
-133
270
-292
-303
150
-242
-343
-572
-2
-90
-750
-277
-198
-185
-725
-597
206
-549
-565
-248
-7
-183
-804
86
69
-596
-121
187
70
-207
83
313
85
65
248
569
311
175
762
740
293
683
864
505
588
700
780
678
573
825
720
673
695
613
697
486
405
505
418
356
223
152
38
-307
-430
-571
-732
-832
-1001
-879
-1014
-1175
-1067
-1178
-1320
-1280
-994
-941
-968
-560
-397
-601
-559
-139
-169
-374
91
312
348
324
434
745
560
253
607
932
629
558
944
1000
375
342
718
571
-27
361
733
152
42
108
277
-83
-203
-129
417
251
-460
219
331
-329
-473
212
-58
-93
22
-154
152
-83
-697
-323
89
-806
-604
-18
-255
-690
-508
-454
-448
-608
-1002
-181
-134
-800
-230
41
-364
-347
-286
-176
-170
-290
-157
103
106
-182
54
303
-146
-36
316
214
150
408
767
428
321
819
562
325
526
699
641
642
852
787
822
799
560
582
686
533
503
705
742
349
110
152
-272
-704
-507
-491
-749
-731
-721
-852
-1186
-1252
-1173
-1194
-1087
-853
-524
-477
-566
-520
-315
-473
-505
-42
258
220
286
649
541
290
429
543
459
572
745
735
698
640
442
469
153
311
600
-71
311
730
67
-338
390
323
-703
27
297
-235
-63
-321
135
-155
-606
120
-61
-391
-163
164
-319
-359
1
-94
-404
-432
114
-288
-928
-297
199
-940
-967
407
-306
-988
-278
-152
-164
-790
-416
347
-325
-574
-245
341
-254
-670
222
298
-16
-285
285
630
-91
-67
552
912
409
282
1056
782
-39
216
871
632
204
691
1140
844
305
554
930
265
-90
555
1042
376
105
633
108
-827
-812
-249
-543
-1023
-523
-340
-909
-1158
-981
-921
-1224
-1263
-668
-254
-604
-565
-23
-341
-743
-272
318
261
212
744
863
435
374
735
789
525
711
1025
1112
713
614
915
540
144
422
572
447
253
211
338
-34
-278
-275
0
-47
-538
-136
-78
-262
-600
-605
141
-571
-768
-146
-141
-360
-908
-275
-284
-983
-467
-517
-296
-548
-932
-319
-678
-716
-718
-464
-36
-780
-409
-74
-296
-429
-490
290
24
-504
213
382
4
-235
90
536
249
144
461
777
426
115
685
996
770
681
861
926
493
232
843
1038
510
713
1113
921
546
508
734
489
252
551
823
682
242
54
-212
-775
-847
-654
-539
-696
-918
-788
-1052
-1461
-1490
-1360
-1262
-1243
-863
-531
-457
-540
-615
-427
-431
-150
300
425
696
784
629
721
773
702
748
925
948
869
1021
885
779
743
512
670
532
331
447
175
-38
-78
-115
-86
-247
-436
-274
-437
-590
-885
-639
-118
-987
-1001
-91
-466
-1032
-812
-442
-326
-980
-823
-148
-142
-982
-705
453
-693
-1241
56
73
-835
-597
238
213
-628
-455
647
373
-561
-303
759
488
-553
311
1146
293
-282
531
1037
326
185
1122
1438
752
690
1223
1049
406
257
798
1075
597
583
1197
849
31
149
542
308
-242
257
905
158
-466
-151
-361
-1199
-1308
-665
-657
-1191
-1098
-1028
-1317
-1645
-1518
-1050
-1119
-1286
-990
-629
-727
-783
-323
39
-31
91
666
748
542
814
862
871
1356
1524
1358
1228
1187
1143
806
1078
1466
958
703
905
873
371
217
572
283
-361
-305
295
50
-744
-644
-487
-655
-775
-725
-444
-847
-1411
-1042
-638
-810
-936
-706
-777
-890
-923
-860
-338
-787
-956
-394
-275
-567
-718
-13
-327
-924
-436
447
242
-799
-210
403
-68
-414
348
1025
56
-439
664
1017
-45
-8
1153
1137
523
1097
1927
1380
246
336
1062
1054
860
1274
1551
786
113
500
823
407
6
181
480
276
-36
134
36
-942
-1587
-1110
-736
-1183
-1342
-1050
-1481
-2109
-1808
-1072
-1090
-1558
-1198
-777
-1049
-1188
-676
-220
-434
-362
583
1188
962
891
1115
1167
1185
1574
2054
2008
1588
1360
1465
1549
1519
1551
1428
1022
743
771
791
630
329
91
-16
-215
-230
-203
-546
-1029
-1182
-910
-809
-896
-808
-1156
-1683
-1263
-856
-1087
-1250
-1150
-1123
-1245
-1240
-737
-454
-1019
-1191
-715
-439
-629
-555
-450
-719
-757
-366
53
-182
-557
-434
31
142
-40
452
869
16
-219
822
1030
650
686
991
1283
1289
1479
2075
1690
427
409
1374
1593
1253
1340
1381
764
271
606
1123
695
-39
-97
119
126
-31
-31
-261
-1278
-1916
-1392
-903
-1105
-1459
-1603
-1819
-2095
-1861
-1295
-1264
-1535
-1441
-1160
-900
-712
-476
-231
-126
131
652
1135
1233
1019
1085
1555
1909
2080
2259
1992
1497
1468
1727
1935
1981
1815
1388
912
752
903
969
638
270
125
-165
-360
-398
-670
-870
-951
-1063
-1091
-1058
-1367
-1710
-1778
-1658
-1150
-951
-1169
-1609
-1816
-1471
-1400
-1115
-705
-685
-946
-1258
-744
-402
-484
-492
-550
-386
-542
-160
468
61
-415
-358
92
264
217
665
577
-61
-14
708
1588
1873
1838
1741
1113
500
625
1470
2044
1699
1265
1179
1079
900
895
1068
777
52
-94
349
511
151
-309
-661
-1255
-1811
-1562
-1080
-1302
-1940
-2124
-1872
-1889
-1877
-1424
-1241
-1566
-1606
-1176
-840
-798
-647
-119
349
531
850
1195
1140
992
1293
1961
2349
2380
2400
2202
1897
1925
2309
2650
2514
2033
1605
1301
1022
1024
1302
1250
743
176
-223
-577
-871
-846
-696
-814
-1151
-1419
-1636
-2016
-2262
-2053
-1767
-1727
-1750
-1780
-2005
-2150
-1856
-1423
-1159
-1024
-991
-1098
-1187
-1121
-836
-535
-509
-368
-136
-406
-711
-489
-101
28
99
377
387
-3
-311
-100
565
819
785
1230
1580
1509
1341
1096
959
1066
1354
1809
1984
1598
1168
1091
1146
1164
1103
906
584
311
406
730
630
2
-767
-1514
-1889
-1573
-1013
-936
-1524
-2254
-2507
-2282
-1906
-1485
-1157
-1199
-1492
-1521
-1116
-692
-368
192
724
854
894
994
1103
1379
1906
2577
2889
2600
2125
1789
1932
2609
3179
3263
2750
1781
1136
1083
1273
1612
1776
1332
419
-419
-752
-774
-774
-679
-713
-1094
-1679
-2243
-2502
-2479
-2334
-2063
-1984
-2270
-2645
-2927
-2927
-2564
-1996
-1455
-1387
-1838
-2137
-1823
-1264
-951
-647
-282
-421
-841
-721
-164
210
266
264
398
410
169
232
680
886
858
1115
1755
2360
2304
1637
1125
1104
1588
2278
2448
1981
1307
965
1365
1945
1937
1412
622
-52
-9
703
1263
900
-219
-1327
-2082
-2200
-1516
-942
-1372
-2366
-2965
-2844
-2466
-2133
-1731
-1526
-1742
-1986
-1946
-1591
-1048
-472
215
787
827
616
622
1058
1975
2921
3375
3202
2517
1913
2056
2874
3762
4045
3420
2392
1615
1403
1826
2411
2478
1835
809
-66
-507
-576
-428
-354
-575
-1066
-1732
-2329
-2648
-2687
-2477
-2223
-2294
-2760
-3286
-3463
-3200
-2691
-2154
-1947
-2164
-2387
-2367
-2032
-1407
-902
-742
-706
-750
-813
-636
-274
12
192
277
244
346
630
769
840
1016
1258
1685
2250
2546
2186
1369
1025
1722
2745
2976
2261
1350
917
1130
1764
2319
2129
965
-179
-199
578
1176
1067
184
-1119
-2249
-2558
-1864
-1082
-1236
-2265
-3253
-3503
-3233
-2797
-2170
-1750
-1883
-2229
-2456
-2308
-1634
-713
176
677
527
223
246
782
1895
2902
3188
2936
2475
2322
2812
3591
4239
4310
3591
2778
2512
2703
3026
3130
2862
2236
1385
762
586
549
392
14
-566
-1149
-1629
-1932
-1995
-2043
-2276
-2621
-2995
-3283
-3391
-3332
-3109
-2923
-2950
-3022
-2989
-2832
-2529
-2174
-1838
-1638
-1652
-1559
-1246
-904
-530
-261
-192
-149
-84
113
481
714
800
894
1043
1451
2074
2527
2390
1596
970
1255
2056
2564
2266
1420
890
977
1404
1819
1716
1019
243
-50
384
991
1015
391
-620
-1598
-2055
-1860
-1293
-1078
-1709
-2632
-3097
-3027
-2630
-2088
-1602
-1465
-1826
-2264
-2152
-1413
-466
298
672
651
426
454
1137
2149
2832
3038
2815
2399
2351
2876
3690
4236
4039
3330
2710
2547
2845
3175
3182
2801
2082
1348
907
695
658
633
298
-270
-870
-1439
-1795
-1852
-1848
-2058
-2548
-3052
-3306
-3397
-3414
-3356
-3277
-3220
-3212
-3214
-3095
-2877
-2692
-2503
-2223
-1861
-1538
-1376
-1307
-1169
-932
-644
-289
46
208
242
376
724
1160
1588
2068
2401
2152
1516
1379
1996
2713
2811
2377
2017
1841
1725
1781
1887
1628
1041
563
594
860
691
156
-472
-1200
-1808
-1997
-1748
-1478
-1836
-2583
-2949
-2920
-2688
-2310
-2022
-1946
-2160
-2402
-2119
-1433
-696
4
393
464
505
715
1419
2370
2946
3115
2978
2762
2840
3148
3566
3937
3886
3515
3100
2810
2894
3076
2992
2699
2158
1553
1198
969
804
598
82
-489
-909
-1233
-1368
-1482
-1748
-2125
-2620
-2929
-2934
-2935
-2904
-2885
-3065
-3252
-3328
-3221
-2883
-2652
-2566
-2485
-2539
-2572
-2376
-1950
-1381
-1043
-1111
-1222
-1095
-633
-33
394
689
763
646
846
1484
2181
2380
1770
1253
1639
2385
2745
2430
1852
1624
1650
1914
2325
2159
1509
896
659
992
1162
813
345
-423
-1313
-1719
-1639
-1259
-1306
-2134
-2842
-3153
-3177
-2747
-2277
-1995
-2055
-2627
-2831
-2256
-1385
-409
152
161
146
155
599
1667
2566
3024
3019
2665
2688
3071
3537
4133
4301
3896
3399
3050
3173
3534
3504
3136
2514
1743
1248
1079
1066
1003
498
-315
-937
-1303
-1421
-1383
-1507
-1852
-2332
-2892
-3176
-3050
-2807
-2632
-2766
-3124
-3276
-3208
-2926
-2482
-2267
-2287
-2407
-2494
-2192
-1733
-1466
-1270
-1193
-1108
-887
-654
-225
229
357
466
832
1410
1867
1600
974
954
1515
2094
2214
1703
1203
1139
1377
1889
2155
1731
1110
711
725
1037
1010
693
288
-496
-1245
-1491
-1287
-874
-1043
-1810
-2365
-2632
-2585
-2156
-1721
-1461
-1694
-2320
-2431
-1870
-1049
-230
159
177
130
223
929
1958
2567
2736
2585
2421
2528
2748
3217
3818
4002
3773
3370
3034
3093
3285
3333
3184
2614
1879
1371
1080
998
890
525
-5
-652
-1159
-1298
-1280
-1397
-1816
-2334
-2648
-2763
-2740
-2728
-2797
-2878
-3054
-3115
-2920
-2703
-2521
-2448
-2441
-2305
-2171
-2058
-1844
-1643
-1468
-1284
-1097
-877
-612
-356
-132
64
287
742
1335
1471
1041
647
809
1483
1991
1821
1321
942
806
1085
1524
1601
1266
712
411
637
837
792
640
126
-597
-1089
-1169
-747
-481
-893
-1467
-1958
-2223
-1972
-1496
-1029
-902
-1400
-1781
-1551
-962
-164
396
509
429
272
567
1504
2361
2782
2700
2312
2234
2543
3070
3671
3784
3390
2960
2690
2767
3003
2991
2750
2297
1712
1280
1027
860
696
340
-249
-881
-1336
-1502
-1505
-1624
-2000
-2461
-2798
-2918
-2776
-2669
-2816
-3017
-3155
-3105
-2864
-2678
-2480
-2294
-2269
-2153
-1920
-1730
-1510
-1338
-1133
-829
-720
-673
-369
19
270
356
513
1102
1754
1744
1207
806
995
1689
2172
1989
1464
954
769
1134
1657
1787
1401
695
217
232
384
503
413
-245
-1235
-1901
-1884
-1339
-1030
-1364
-1865
-2282
-2532
-2317
-1765
-1198
-964
-1267
-1547
-1395
-943
-161
603
936
969
834
971
1681
2454
3027
3231
2900
2633
2746
3124
3707
3912
3603
3246
2887
2787
2979
2896
2573
2125
1543
1161
903
592
318
-132
-745
-1183
-1450
-1627
-1794
-2106
-2493
-2819
-3072
-3134
-2963
-2864
-3029
-3294
-3416
-3214
-2804
-2506
-2364
-2281
-2274
-2159
-1803
-1403
-1061
-898
-872
-694
-446
-184
296
716
829
791
863
1454
2142
2086
1539
1225
1409
1938
2175
1893
1520
1184
1098
1446
1657
1385
893
375
235
406
351
190
-213
-1088
-1812
-2053
-1907
-1561
-1723
-2299
-2676
-2932
-2866
-2376
-1917
-1569
-1505
-1759
-1731
-1384
-806
115
818
1056
1064
979
1314
2112
2872
3518
3703
3318
3069
3198
3647
4233
4332
4030
3625
3040
2796
2988
2998
2726
2121
1391
993
610
184
-13
-381
-964
-1478
-1905
-2058
-2189
-2584
-2882
-3139
-3420
-3413
-3282
-3205
-3278
-3553
-3532
-3148
-2799
-2478
-2284
-2238
-2145
-1996
-1594
-1013
-757
-724
-644
-412
128
672
920
955
899
1205
1987
2396
2037
1504
1452
1963
2363
2124
1655
1328
1120
1246
1605
1627
1110
374
-23
156
328
147
-169
-774
-1606
-2096
-2034
-1699
-1685
-2214
-2670
-2822
-2904
-2757
-2375
-2009
-1806
-1778
-1645
-1404
-1201
-660
221
947
1264
1234
1397
1963
2494
3081
3707
3860
3671
3451
3467
3905
4232
4219
4096
3579
2930
2822
2923
2832
2464
1733
1151
870
465
105
-230
-825
-1314
-1603
-1886
-2094
-2461
-2907
-3055
-3190
-3364
-3313
-3304
-3367
-3397
-3451
-3298
-2999
-2767
-2488
-2295
-2207
-1984
-1690
-1346
-1007
-826
-636
-373
-127
185
532
864
1069
1081
1250
1784
2290
2308
1848
1484
1684
2105
2241
1987
1487
1072
983
1188
1427
1240
605
61
-161
-113
-6
-96
-459
-1204
-2078
-2441
-2266
-1996
-2005
-2417
-2803
-2929
-2886
-2556
-2163
-1929
-1650
-1406
-1182
-858
-568
-46
690
1248
1725
2047
2160
2456
2852
3367
4018
4223
4071
3882
3687
3836
4148
4179
4049
3610
3019
2714
2441
2122
1854
1406
931
481
-143
-652
-1030
-1451
-1719
-1948
-2321
-2695
-3139
-3487
-3493
-3456
-3421
-3377
-3533
-3701
-3668
-3484
-3023
-2549
-2364
-2250
-2218
-2171
-1808
-1325
-911
-579
-549
-493
-207
84
545
1041
1216
1236
1271
1609
2394
2682
2169
1618
1487
1880
2317
2115
1673
1305
880
929
1255
1173
741
85
-329
-115
-35
-250
-482
-1242
-2171
-2613
-2508
-1928
-1733
-2315
-2804
-2940
-2749
-2185
-1755
-1569
-1480
-1466
-1213
-769
-273
482
1187
1555
1758
1993
2384
2797
3116
3643
4272
4460
4269
3978
3795
3811
3840
3835
3757
3334
2765
2503
2401
2105
1574
936
398
-32
-523
-887
-1109
-1557
-2117
-2539
-2842
-3000
-3202
-3508
-3640
-3728
-3791
-3599
-3409
-3355
-3319
-3319
-3094
-2682
-2422
-2165
-1955
-1889
-1684
-1369
-1005
-583
-401
-328
-112
140
572
1039
1198
1265
1491
2050
2745
2720
1962
1418
1550
2205
2685
2443
1865
1277
876
1095
1555
1492
801
-129
-536
-250
3
-54
-481
-1450
-2461
-2850
-2511
-1896
-1832
-2375
-2780
-2864
-2739
-2378
-1964
-1579
-1292
-1151
-882
-487
-173
249
839
1469
2070
2443
2629
2814
3021
3415
3964
4305
4332
4059
3675
3566
3732
3946
3948
3479
2767
2205
1853
1684
1523
1147
611
-19
-611
-977
-1287
-1712
-2141
-2487
-2660
-2765
-3053
-3425
-3690
-3803
-3691
-3469
-3306
-3254
-3371
-3471
-3262
-2811
-2335
-2036
-1987
-1956
-1784
-1463
-1000
-625
-495
-458
-339
-5
470
820
1064
1377
1866
2477
2668
2118
1383
1198
1787
2619
2875
2472
1753
1046
916
1384
1793
1612
778
-28
-147
79
212
37
-718
-1711
-2385
-2442
-1944
-1662
-2014
-2523
-2842
-2799
-2396
-1992
-1736
-1637
-1598
-1280
-791
-441
-137
235
746
1394
1948
2323
2524
2587
2861
3447
3966
4144
3926
3550
3386
3491
3750
3878
3507
2789
2190
1925
1881
1726
1329
831
262
-286
-629
-853
-1159
-1603
-2074
-2352
-2455
-2598
-2796
-3033
-3268
-3271
-3003
-2729
-2686
-2905
-3072
-2887
-2454
-1922
-1442
-1348
-1600
-1806
-1740
-1387
-978
-670
-404
-328
-435
-305
162
568
701
821
1252
1803
1849
1345
943
964
1285
1666
1853
1763
1364
880
801
1089
1214
928
449
162
161
214
156
-215
-1042
-1939
-2291
-1954
-1442
-1382
-1802
-2309
-2615
-2558
-2113
-1545
-1223
-1216
-1212
-958
-546
-86
443
1008
1496
1870
2208
2468
2527
2588
2972
3590
4021
3983
3590
3148
2899
3011
3409
3658
3368
2709
2110
1736
1480
1230
981
689
203
-402
-855
-1148
-1390
-1617
-1832
-1908
-1929
-2102
-2397
-2747
-2990
-2884
-2536
-2163
-1921
-2037
-2366
-2549
-2500
-2207
-1811
-1553
-1368
-1312
-1488
-1565
-1424
-1217
-1085
-1158
-1158
-825
-409
-96
135
352
663
936
948
743
527
535
875
1301
1543
1567
1333
965
756
790
940
968
807
691
721
763
735
485
-142
-944
-1438
-1312
-812
-582
-868
-1352
-1730
-1824
-1555
-1074
-654
-526
-610
-582
-391
-166
139
543
1004
1460
1838
2129
2227
2100
2065
2342
2799
3172
3231
2994
2638
2337
2321
2548
2687
2547
2135
1608
1153
813
613
503
286
-66
-461
-843
-1152
-1396
-1570
-1651
-1745
-1865
-1931
-1992
-2093
-2225
-2337
-2321
-2229
-2105
-1992
-2093
-2342
-2393
-2077
-1562
-1214
-1115
-1143
-1340
-1674
-1838
-1630
-1197
-787
-466
-188
-19
-18
45
344
677
823
803
783
888
1075
1309
1509
1495
1264
1019
943
1047
1162
1169
1073
929
832
814
763
540
63
-582
-1123
-1317
-1140
-867
-860
-1173
-1535
-1687
-1562
-1264
-969
-796
-772
-755
-564
-216
147
459
724
1006
1372
1783
2113
2238
2198
2220
2433
2719
2891
2874
2713
2510
2353
2277
2240
2150
1951
1673
1351
986
611
245
-106
-419
-697
-886
-993
-1127
-1334
-1574
-1742
-1798
-1866
-2022
-2174
-2225
-2173
-2068
-1948
-1818
-1819
-2064
-2326
-2323
-2007
-1569
-1207
-1000
-1015
-1261
-1520
-1525
-1295
-997
-682
-381
-157
-29
112
404
737
978
1180
1342
1339
1183
1101
1270
1560
1711
1713
1646
1498
1309
1135
999
878
755
706
727
672
470
94
-492
-1189
-1744
-1914
-1709
-1434
-1309
-1347
-1518
-1717
-1829
-1780
-1552
-1225
-845
-419
-59
137
210
270
479
896
1429
1949
2286
2355
2290
2281
2402
2588
2661
2573
2438
2338
2262
2144
1945
1697
1382
979
611
384
242
56
-258
-627
-926
-1157
-1336
-1424
-1467
-1501
-1516
-1541
-1553
-1549
-1651
-1779
-1733
-1590
-1485
-1457
-1457
-1350
-1228
-1205
-1048
-717
-571
-745
-1033
-1192
-1089
-812
-465
-81
116
9
-119
-28
368
1029
1655
1941
1831
1444
1056
858
823
922
1120
1319
1485
1540
1299
731
12
-590
-848
-733
-360
2
-32
-633
-1556
-2395
-2930
-3143
-3092
-2784
-2284
-1780
-1462
-1419
-1604
-1832
-1875
-1598
-984
-141
696
1316
1648
1806
1967
2169
2391
2658
2967
3297
3607
3804
3790
3499
2986
2465
2133
2059
2177
2258
2122
1778
1267
608
-74
-527
-618
-593
-737
-910
-947
-1069
-1480
-1996
-2213
-2017
-1758
-1713
-1844
-1987
-1889
-1509
-1181
-1081
-1119
-1223
-1339
-1452
-1404
-1069
-675
-420
-260
-231
-374
-608
-833
-931
-846
-478
282
1221
1996
2421
2351
1786
964
305
139
413
875
1387
1842
2026
1784
1077
31
-1071
-1875
-2097
-1762
-1141
-556
-348
-814
-1929
-3255
-4257
-4658
-4480
-3833
-2876
-1860
-1081
-746
-872
-1252
-1544
-1461
-909
53
1254
2410
3265
3714
3829
3741
3570
3461
3519
3779
4201
4640
4827
4506
3706
2746
1952
1434
1145
1022
987
920
710
323
-222
-863
-1485
-1937
-2120
-2055
-1841
-1580
-1354
-1242
-1293
-1496
-1754
-1908
-1840
-1540
-1084
-640
-388
-399
-599
-836
-1003
-1077
-1077
-1019
-916
-775
-636
-576
-681
-960
-1248
-1326
-1083
-501
376
1398
2173
2322
1871
1227
728
359
44
-46
352
1150
1899
2181
1807
828
-499
-1723
-2369
-2282
-1727
-1142
-894
-1143
-1786
-2609
-3425
-4135
-4597
-4543
-3796
-2514
-1139
-96
451
543
303
-41
-185
109
875
1979
3268
4502
5328
5495
5064
4363
3722
3297
3117
3121
3149
3040
2750
2320
1767
1052
217
-572
-1151
-1440
-1441
-1241
-999
-875
-916
-1046
-1213
-1429
-1662
-1760
-1569
-1107
-553
-68
239
293
90
-239
-492
-568
-517
-399
-226
-51
14
-140
-481
-875
-1229
-1509
-1718
-1842
-1860
-1737
-1329
-514
594
1518
1769
1319
618
165
31
-5
-58
17
427
1114
1749
1910
1380
302
-932
-1891
-2338
-2270
-1897
-1544
-1478
-1729
-2128
-2560
-3091
-3768
-4362
-4468
-3870
-2712
-1325
-10
1007
1575
1688
1514
1300
1229
1453
2094
3143
4345
5328
5846
5874
5501
4809
3894
2898
1988
1291
862
687
688
700
520
72
-562
-1221
-1817
-2330
-2681
-2699
-2254
-1449
-598
-25
145
20
-184
-303
-283
-165
18
273
621
1040
1414
1566
1357
805
98
-522
-904
-1040
-1007
-913
-888
-1029
-1341
-1736
-2096
-2324
-2274
-1771
-816
274
1034
1272
1160
926
581
47
-540
-877
-761
-249
436
1021
1207
791
-127
-1178
-1984
-2429
-2630
-2740
-2820
-2866
-2845
-2742
-2643
-2711
-3011
-3340
-3330
-2771
-1741
-492
714
1686
2345
2740
3002
3220
3408
3581
3812
4165
4627
5110
5475
5566
5269
4587
3649
2606
1540
519
-352
-977
-1357
-1524
-1503
-1374
-1324
-1528
-1948
-2366
-2599
-2616
-2433
-2042
-1460
-804
-194
374
934
1387
1560
1407
1094
830
714
753
917
1126
1229
1117
803
371
-123
-659
-1189
-1665
-2034
-2246
-2272
-2138
-1887
-1495
-842
60
918
1364
1333
1065
770
397
-110
-596
-832
-733
-382
120
591
725
276
-685
-1794
-2683
-3200
-3400
-3477
-3621
-3844
-3921
-3649
-3175
-2860
-2880
-3012
-2899
-2363
-1439
-241
1024
2126
2934
3515
4028
4498
4810
4881
4800
4746
4865
5137
5394
5419
5057
4350
3463
2510
1495
383
-773
-1778
-2468
-2764
-2710
-2463
-2197
-2066
-2090
-2143
-2130
-2051
-1941
-1746
-1370
-819
-152
567
1298
1921
2255
2247
2028
1748
1504
1277
1066
860
633
391
165
-11
-164
-379
-691
-1095
-1562
-2015
-2374
-2469
-2204
-1477
-384
797
1677
2078
2101
1879
1399
605
-373
-1230
-1731
-1808
-1456
-859
-321
-220
-698
-1491
-2297
-3014
-3679
-4412
-5121
-5644
-5811
-5447
-4698
-3896
-3240
-2776
-2281
-1627
-879
13
962
1838
2614
3296
4073
4970
5672
6075
6246
6297
6346
6300
6151
5936
5420
4571
3579
2634
1825
954
-103
-1112
-1918
-2474
-2732
-2757
-2607
-2454
-2472
-2472
-2251
-1889
-1551
-1389
-1266
-978
-557
-32
585
1203
1690
1907
1909
1836
1692
1396
964
520
144
-173
-440
-655
-794
-925
-1091
-1233
-1387
-1580
-1823
-2002
-1871
-1317
-367
775
1815
2559
2925
2999
2802
2257
1346
192
-842
-1454
-1580
-1335
-1099
-1138
-1513
-2121
-2687
-3181
-3697
-4327
-5187
-6095
-6772
-6984
-6605
-5937
-5225
-4476
-3586
-2346
-896
503
1712
2522
3020
3404
3849
4516
5164
5620
5997
6385
6893
7350
7495
7297
6659
5620
4402
3148
1962
767
-484
-1534
-2161
-2374
-2277
-2051
-1836
-1712
-1788
-1925
-1897
-1759
-1582
-1435
-1276
-895
-394
141
738
1261
1705
1976
2030
2037
1865
1445
861
138
-477
-973
-1399
-1587
-1658
-1641
-1545
-1524
-1478
-1535
-1816
-2071
-2172
-1828
-924
204
1390
2370
3028
3528
3763
3650
3110
2010
646
-594
-1413
-1703
-1778
-1936
-2228
-2557
-2757
-2819
-2924
-3330
-4188
-5381
-6542
-7251
-7441
-7278
-6890
-6305
-5294
-3762
-1867
159
1856
2980
3638
3999
4349
4703
4881
4946
4969
5146
5639
6295
6937
7283
7071
6396
5415
4262
2981
1445
-236
-1721
-2748
-3138
-2963
-2475
-1859
-1277
-799
-349
12
169
92
-225
-565
-692
-561
-149
395
923
1476
2014
2513
2842
2764
2294
1498
527
-406
-1304
-2139
-2877
-3456
-3609
-3326
-2749
-2075
-1623
-1391
-1296
-1159
-702
-25
669
1207
1546
1939
2418
2819
2989
2713
2048
1215
448
-42
-472
-1126
-2037
-3038
-3776
-4134
-4209
-4142
-4246
-4642
-5216
-5696
-5865
-5917
-6103
-6369
-6398
-5789
-4461
-2621
-573
1301
2796
3930
4853
5644
6095
6033
5575
5073
4860
4954
5208
5480
5596
5477
5166
4726
4176
3323
2026
485
-976
-2057
-2662
-2896
-2806
-2473
-1961
-1231
-334
591
1317
1615
1543
1292
1016
809
649
570
646
885
1292
1781
2179
2312
2062
1495
781
-28
-966
-2050
-3140
-3971
-4404
-4415
-4064
-3495
-2847
-2210
-1468
-456
732
1769
2361
2527
2473
2329
2091
1722
1211
578
-43
-382
-307
-64
-105
-656
-1509
-2330
-2973
-3467
-3917
-4449
-5137
-5863
-6290
-6210
-5825
-5512
-5383
-5181
-4603
-3572
-2190
-624
875
2069
2949
3731
4542
5213
5499
5408
5187
5047
5011
5034
5050
4941
4604
4109
3638
3188
2536
1527
305
-793
-1591
-2076
-2250
-2135
-1821
-1433
-964
-328
365
879
1097
1147
1215
1291
1310
1308
1359
1476
1609
1783
2039
2230
2170
1813
1290
750
105
-713
-1641
-2566
-3321
-3851
-4066
-3933
-3617
-3194
-2641
-1810
-650
554
1529
2178
2527
2689
2640
2392
1964
1272
399
-447
-980
-1100
-1104
-1222
-1502
-1842
-2103
-2364
-2653
-3032
-3665
-4488
-5318
-5850
-5948
-5875
-5759
-5537
-5052
-4142
-2933
-1517
10
1415
2603
3554
4344
4981
5241
5092
4732
4383
4178
4027
3908
3869
3838
3807
3735
3574
3229
2487
1405
244
-784
-1556
-2145
-2548
-2683
-2551
-2104
-1389
-531
307
937
1351
1632
1806
1862
1733
1484
1258
1160
1254
1476
1704
1834
1811
1676
1453
1082
487
-354
-1316
-2220
-2950
-3468
-3792
-3916
-3807
-3354
-2452
-1138
353
1678
2643
3233
3486
3423
3007
2247
1246
171
-727
-1225
-1336
-1280
-1310
-1487
-1676
-1787
-1843
-1967
-2310
-2935
-3773
-4613
-5243
-5650
-5957
-6206
-6249
-5840
-4878
-3473
-1867
-303
1085
2277
3344
4286
4955
5154
4859
4306
3793
3476
3313
3197
3063
2916
2826
2862
2977
2951
2563
1805
869
-8
-742
-1366
-1889
-2302
-2531
-2466
-2041
-1306
-476
253
850
1372
1815
2087
2121
1967
1712
1461
1308
1306
1411
1485
1466
1401
1327
1183
843
291
-368
-1053
-1726
-2364
-2910
-3305
-3478
-3291
-2610
-1453
-72
1224
2265
3038
3541
3696
3433
2751
1749
602
-437
-1177
-1627
-1939
-2222
-2411
-2376
-2105
-1741
-1501
-1580
-2044
-2800
-3648
-4429
-5127
-5795
-6384
-6687
-6475
-5652
-4310
-2663
-936
695
2154
3417
4434
5071
5230
4941
4380
3747
3166
2696
2363
2181
2151
2264
2496
2741
2836
2681
2263
1664
947
150
-653
-1382
-1938
-2240
-2264
-2011
-1549
-968
-324
344
991
1535
1892
2034
1994
1850
1678
1503
1306
1071
844
700
657
653
587
382
36
-391
-816
-1200
-1579
-2003
-2426
-2687
-2603
-2097
-1251
-221
826
1763
2524
3073
3342
3235
2706
1853
905
64
-617
-1172
-1647
-2015
-2216
-2211
-2007
-1717
-1537
-1604
-1912
-2338
-2804
-3346
-4012
-4752
-5410
-5773
-5697
-5142
-4184
-2963
-1579
-79
1470
2887
3937
4465
4503
4212
3745
3195
2594
1976
1405
1009
908
1110
1481
1816
1995
2027
1961
1802
1512
1044
421
-269
-884
-1282
-1432
-1398
-1243
-967
-522
87
773
1409
1881
2141
2219
2190
2088
1886
1555
1136
734
429
224
70
-81
-249
-430
-611
-790
-996
-1247
-1491
-1616
-1519
-1207
-766
-277
223
743
1256
1688
1938
1900
1577
1076
551
82
-359
-826
-1316
-1720
-1927
-1896
-1679
-1431
-1288
-1303
-1448
-1644
-1902
-2294
-2832
-3454
-3999
-4310
-4322
-4028
-3484
-2761
-1855
-786
375
1514
2444
3072
3398
3432
3235
2838
2275
1624
1002
545
358
442
687
987
1278
1533
1738
1833
1744
1444
965
422
-50
-399
-612
-732
-772
-657
-372
68
596
1078
1465
1745
1928
2045
2037
1861
1527
1088
657
297
-4
-262
-499
-696
-823
-887
-920
-963
-1019
-1031
-923
-675
-331
34
357
646
890
1054
1112
1000
730
369
-8
-338
-629
-925
-1209
-1433
-1535
-1468
-1289
-1073
-903
-821
-822
-904
-1091
-1423
-1908
-2464
-2964
-3273
-3320
-3116
-2710
-2166
-1494
-701
157
1003
1680
2103
2278
2237
2077
1830
1481
1055
598
231
58
84
247
455
670
903
1154
1388
1512
1472
1277
987
698
426
170
-59
-244
-302
-207
9
316
646
973
1304
1588
1801
1892
1818
1618
1323
970
583
157
-282
-693
-1020
-1226
-1313
-1309
-1226
-1042
-748
-347
97
491
766
897
933
898
776
538
170
-263
-652
-932
-1095
-1198
-1295
-1374
-1385
-1287
-1102
-915
-807
-797
-844
-890
-913
-967
-1114
-1362
-1647
-1860
-1921
-1839
-1652
-1417
-1116
-692
-150
473
1052
1456
1669
1710
1650
1538
1325
985
562
139
-145
-228
-168
-38
86
190
346
548
759
924
947
869
761
656
591
512
371
218
79
46
157
344
596
857
1095
1348
1549
1650
1633
1456
1185
872
531
205
-123
-455
-747
-993
-1169
-1254
-1248
-1120
-853
-479
-26
449
857
1160
1310
1290
1125
805
361
-158
-710
-1218
-1631
-1938
-2120
-2174
-2104
-1895
-1573
-1194
-832
-556
-420
-420
-541
-760
-1034
-1337
-1612
-1781
-1790
-1581
-1179
-653
-66
509
1045
1505
1836
2009
1987
1787
1459
1076
703
362
68
-160
-304
-341
-279
-143
43
239
419
564
674
744
758
718
624
496
358
239
173
172
228
324
443
587
743
909
1061
1163
1204
1180
1112
1019
889
692
415
73
-291
-629
-911
-1140
-1309
-1384
-1327
-1097
-722
-275
173
549
855
1090
1222
1220
1044
699
260
-217
-677
-1106
-1515
-1887
-2181
-2334
-2316
-2144
-1863
-1537
-1198
-869
-589
-395
-335
-425
-636
-907
-1150
-1302
-1319
-1175
-877
-424
151
771
1374
1874
2209
2362
2309
2088
1733
1282
797
324
-83
-366
-508
-511
-405
-226
2
242
476
675
798
836
785
679
556
434
344
279
249
271
342
465
615
758
872
933
954
935
873
768
610
410
186
-42
-253
-444
-626
-794
-941
-1043
-1077
-1051
-961
-810
-616
-381
-123
140
391
589
704
712
601
391
109
-222
-576
-955
-1325
-1648
-1875
-1969
-1938
-1808
-1612
-1386
-1128
-857
-607
-412
-323
-338
-423
-528
-599
-629
-606
-511
-337
-55
326
761
1196
1558
1807
1940
1950
1858
1661
1358
991
591
231
-34
-202
-267
-259
-203
-80
88
293
488
621
694
709
693
675
641
595
535
479
460
479
524
575
610
635
656
675
677
639
545
397
217
18
-189
-403
-621
-832
-1006
-1120
-1166
-1152
-1082
-965
-796
-589
-369
-161
3
114
165
152
72
-88
-313
-579
-857
-1118
-1338
-1508
-1614
-1643
-1588
-1449
-1252
-1026
-801
-594
-416
-271
-168
-110
-88
-84
-73
-38
28
130
257
407
579
766
959
1131
1265
1353
1393
1390
1353
1279
1168
1025
852
676
509
359
226
107
25
-19
-24
9
72
157
252
355
463
571
673
749
796
806
782
735
667
579
472
353
239
150
88
49
17
-22
-78
-156
-256
-379
-528
-690
-851
-993
-1091
-1130
-1107
-1026
-900
-741
-566
-399
-257
-161
-135
-180
-299
-467
-669
-887
-1094
-1272
-1406
-1484
-1499
-1441
-1323
-1151
-950
-738
-522
-322
-144
2
107
178
213
228
240
260
303
369
457
575
717
876
1037
1177
1285
1343
1348
1304
1214
1086
928
751
577
424
305
221
171
144
138
151
179
226
288
363
443
530
620
717
808
886
939
953
928
866
774
661
541
419
300
191
93
8
-71
-148
-234
-337
-453
-576
-700
-813
-911
-988
-1036
-1054
-1040
-997
-931
-849
-772
-708
-669
-664
-691
-747
-831
-939
-1063
-1190
-1304
-1387
-1426
-1427
-1387
-1303
-1187
-1035
-858
-669
-481
-308
-146
2
132
251
352
441
516
590
671
758
853
950
1048
1139
1225
1290
1332
1341
1308
1240
1137
1002
846
680
509
344
190
67
-18
-61
-53
-1
93
216
364
522
676
812
919
985
1011
1001
961
897
815
726
644
571
510
460
414
367
303
218
102
-48
-228
-436
-655
-864
-1051
-1200
-1299
-1346
-1333
-1275
-1181
-1072
-968
-872
-801
-754
-733
-736
-760
-801
-840
-881
-918
-949
-970
-980
-980
-962
-926
-870
-791
-699
-598
-494
-391
-293
-200
-117
-41
34
117
210
319
447
589
739
887
1021
1130
1208
1247
1247
1213
1145
1061
966
861
761
662
574
489
407
329
248
170
97
32
-13
-30
-19
26
104
212
336
469
602
719
809
867
885
867
814
730
626
511
397
297
213
146
90
33
-28
-101
-199
-325
-478
-654
-836
-1020
-1179
-1300
-1368
-1374
-1317
-1201
-1044
-861
-683
-527
-414
-356
-344
-378
-447
-526
-603
-657
-672
-648
-582
-484
-368
-250
-144
-63
-7
21
26
16
0
-10
-7
19
69
136
217
309
407
501
587
661
720
760
784
781
754
705
637
550
449
340
229
125
37
-36
-97
-142
-178
-206
-224
-232
-227
-205
-161
-96
-13
91
212
341
472
593
696
775
826
850
842
804
739
653
562
475
396
331
278
233
186
129
52
-48
-170
-307
-454
-597
-724
-825
-887
-910
-888
-831
-741
-625
-504
-390
-299
-242
-217
-224
-266
-326
-386
-439
-477
-488
-472
-427
-366
-299
-234
-186
-156
-151
-171
-206
-248
-283
-300
-293
-256
-188
-87
31
157
282
399
494
562
597
595
561
499
414
316
214
114
26
-47
-106
-150
-180
-199
-210
-212
-207
-196
-175
-140
-94
-30
50
144
252
362
471
572
658
721
762
785
790
783
762
740
715
684
649
602
546
486
411
324
224
117
11
-93
-197
-295
-382
-453
-495
-508
-492
-449
-382
-305
-229
-163
-117
-96
-105
-143
-199
-268
-340
-406
-463
-502
-527
-536
-529
-512
-492
-470
-452
-439
-433
-432
-436
-443
-447
-442
-420
-378
-313
-222
-118
-8
96
182
242
266
255
209
133
42
-53
-139
-202
-235
-242
-220
-179
-127
-75
-35
-10
0
-6
-22
-39
-45
-36
5
77
178
309
458
614
763
891
993
1058
1082
1073
1034
979
915
851
795
752
716
684
646
594
519
419
294
143
-18
-175
-315
-427
-504
-540
-526
-480
-415
-331
-247
-174
-123
-107
-124
-170
-240
-319
-404
-484
-543
-581
-578
-555
-520
-470
-420
-368
-326
-302
-291
-288
-289
-283
-278
-271
-255
-234
-204
-173
-146
-123
-110
-99
-87
-82
-80
-83
-84
-82
-78
-75
-75
-74
-73
-74
-73
-67
-63
-62
-60
-64
-69
-75
-79
-75
-62
-34
12
78
156
250
351
451
549
617
657
686
685
660
618
550
495
444
401
372
346
332
323
313
301
276
237
197
149
95
43
-3
-39
-64
-81
-90
-93
-95
-96
-102
-114
-140
-174
-219
-266
-311
-348
-372
-391
-401
-399
-388
-359
-326
-295
-265
-242
-224
-214
-222
-237
-253
-268
-271
-268
-254
-229
-190
-138
-84
-36
7
36
48
48
34
10
-17
-45
-62
-70
-66
-56
-39
-17
9
32
51
69
78
78
75
73
72
76
84
100
125
155
193
228
258
291
312
328
330
325
313
295
276
255
233
215
200
185
173
165
159
155
148
136
117
92
60
26
-10
-41
-68
-90
-107
-118
-121
-117
-112
-108
-111
-119
-127
-144
-168
-197
-224
-244
-254
-259
-257
-250
-239
-219
-198
-182
-167
-161
-158
-160
-166
-172
-171
-169
-159
-142
-120
-85
-52
-18
9
30
44
50
47
40
31
22
15
17
24
35
50
68
85
98
107
114
113
111
106
101
98
99
105
119
133
151
170
187
199
199
193
183
163
144
124
101
79
60
45
36
35
37
39
41
42
44
43
41
36
27
16
3
-14
-35
-56
-76
-92
-107
-117
-121
-118
-109
-100
-91
-86
-84
-81
-83
-87
-93
-100
-104
-105
-108
-108
-106
-100
-87
-78
-68
-55
-45
-36
-31
-30
-27
-20
-13
-4
4
10
15
23
26
25
23
19
13
7
-1
-8
-13
-14
-11
-7
0
10
22
37
51
63
71
74
75
74
69
67
64
64
66
67
73
80
83
84
83
77
69
58
44
31
19
12
6
3
4
6
6
7
6
6
6
5
3
-5
-12
-18
-23
-31
-42
-51
-61
-64
-66
-71
-71
-70
-70
-67
-64
-61
-56
-53
-50
-51
-49
-48
-46
-42
-35
-27
-16
-7
2
12
17
22
23
19
17
15
14
13
12
12
16
17
17
15
14
13
9
5
0
-3
-3
-4
-2
0
4
9
15
23
28
33
36
36
35
30
28
24
21
20
18
20
23
26
33
37
38
35
31
26
21
17
12
7
4
1
-2
-3
-6
-8
-10
-10
-6
-5
-7
-11
-14
-17
-19
-20
-24
-29
-37
-40
-41
-40
-39
-43
-46
-46
-42
-41
-38
-36
-35
-32
-29
-29
-24
-20
-14
-10
-3
4
9
15
21
26
30
33
31
27
21
15
10
5
1
-1
-2
-1
3
6
9
12
18
21
24
26
26
24
22
22
20
21
20
23
25
26
27
28
28
25
23
19
12
7
2
5
5
5
8
10
13
10
3
-1
-4
-9
-12
-16
-18
-16
-13
-14
-19
-22
-19
-14
-11
-13
-18
-23
-28
-33
-38
-41
-45
-46
-46
-45
-43
-43
-40
-39
-38
-34
-31
-28
-24
-19
-13
-5
1
10
13
16
20
22
25
29
32
33
30
29
31
31
29
25
22
20
20
22
19
17
16
14
12
13
13
13
16
16
19
19
18
21
24
26
27
24
22
20
18
14
8
6
5
3
1
-3
-4
-8
-10
-11
-16
-19
-19
-17
-14
-9
-7
-7
-8
-9
-9
-10
-9
-9
-10
-10
-11
-11
-10
-12
-15
-16
-16
-15
-15
-15
-14
-13
-11
-9
-8
-8
-10
-13
-14
-12
-7
-3
-1
-3
-3
-2
-2
-1
-2
-1
-2
0
1
3
7
10
10
9
5
3
3
4
7
