21
16
5
-8
-12
-3
6
6
8
-3
-12
-7
3
6
8
16
15
4
-10
-14
-5
0
5
-5
-14
-15
-18
-16
-9
-1
-5
-10
-10
-4
0
-3
3
13
23
15
3
5
10
11
15
20
29
18
-3
-11
-3
14
11
-5
-3
8
8
-5
-8
0
5
3
-6
-11
-15
-18
-14
-6
-3
-8
-10
-8
-13
-12
-1
2
10
14
16
15
0
-6
-1
5
6
6
7
0
-11
-20
-11
4
6
-2
-6
0
8
13
13
12
8
3
2
0
-3
3
7
6
3
-8
-16
-9
3
7
3
2
5
4
0
-8
-10
-8
-11
-16
-26
-35
-54
-75
-72
-85
-91
-82
-79
-61
-65
-79
-64
-27
19
50
74
59
13
-13
9
94
179
197
160
116
130
206
270
316
308
261
255
277
334
384
372
386
383
322
221
106
51
58
85
97
63
-31
-173
-280
-282
-208
-130
-115
-143
-187
-228
-215
-112
87
302
421
402
273
88
-125
-295
-354
-288
-186
-144
-230
-435
-638
-771
-799
-743
-798
-1024
-1382
-1720
-1708
-1438
-1206
-1274
-1680
-2156
-2357
-2096
-1495
-874
-535
-512
-579
-446
-46
443
802
1006
1170
1375
1614
1837
2026
2161
2242
2302
2362
2368
2262
2087
1955
1931
1933
1817
1541
1215
969
879
912
919
724
268
-278
-635
-660
-476
-369
-523
-880
-1226
-1364
-1246
-982
-760
-689
-745
-800
-744
-612
-553
-663
-859
-940
-807
-587
-498
-621
-840
-960
-879
-636
-386
-288
-386
-524
-501
-266
57
400
877
1521
2024
1961
1223
213
-459
-415
291
1174
1562
1047
-102
-1028
-1034
-246
507
458
-484
-1727
-2434
-2136
-1129
-350
-659
-2033
-3530
-4076
-3352
-1957
-828
-558
-1062
-1699
-1768
-1053
25
798
944
730
681
1091
1844
2581
2965
2887
2557
2390
2684
3316
3839
3874
3406
2710
2110
1851
2002
2363
2499
2077
1182
255
-319
-481
-405
-335
-536
-1109
-1804
-2181
-2056
-1713
-1547
-1618
-1730
-1733
-1631
-1479
-1345
-1353
-1501
-1553
-1266
-748
-387
-400
-646
-868
-902
-665
-215
158
149
-196
-500
-524
-342
-85
193
360
274
49
-33
141
540
1238
2137
2605
1972
513
-602
-529
474
1566
2103
1720
397
-1129
-1607
-582
859
1237
221
-1365
-2613
-2951
-2121
-628
109
-1022
-3393
-5108
-4957
-3361
-1541
-446
-506
-1558
-2678
-2694
-1385
210
952
791
485
578
1090
1867
2671
3109
3037
2895
3234
3971
4493
4437
3943
3353
2945
2927
3301
3693
3579
2749
1543
547
120
219
485
430
-253
-1338
-2165
-2273
-1897
-1608
-1693
-2026
-2352
-2443
-2188
-1727
-1434
-1551
-1893
-2052
-1784
-1195
-613
-363
-572
-1039
-1324
-1079
-370
329
532
169
-394
-771
-839
-636
-283
-15
-74
-393
-645
-614
-264
470
1500
2202
1829
504
-719
-919
-98
1088
1941
1934
915
-519
-1243
-621
756
1606
1173
-254
-1798
-2589
-2140
-799
238
-178
-1954
-3765
-4346
-3501
-1977
-778
-615
-1498
-2577
-2740
-1665
-165
662
490
-94
-271
331
1488
2614
3173
3113
2933
3195
3963
4773
5115
4856
4272
3748
3571
3766
4062
3988
3252
2067
1022
586
705
884
615
-203
-1238
-2013
-2279
-2134
-1904
-1921
-2281
-2754
-2970
-2801
-2459
-2223
-2166
-2194
-2215
-2151
-1937
-1633
-1409
-1332
-1267
-1066
-743
-439
-277
-292
-415
-512
-492
-376
-262
-231
-320
-484
-598
-561
-375
-31
553
1356
1947
1772
800
-288
-699
-167
950
1938
2094
1150
-321
-1209
-766
655
1859
1835
507
-1323
-2528
-2318
-860
608
686
-901
-3027
-4208
-3755
-2093
-353
308
-490
-1968
-2813
-2308
-861
507
1004
567
-182
-414
291
1630
2864
3431
3363
3179
3337
3835
4322
4484
4311
3989
3723
3609
3551
3282
2661
1889
1302
1039
963
816
387
-352
-1154
-1684
-1820
-1690
-1546
-1637
-2058
-2608
-2918
-2813
-2451
-2106
-1976
-2102
-2338
-2433
-2255
-1910
-1584
-1364
-1209
-1046
-832
-606
-454
-379
-308
-227
-164
-141
-191
-335
-522
-564
-364
-118
-18
116
611
1319
1563
950
-72
-623
-315
510
1245
1441
918
-99
-898
-768
248
1280
1462
596
-803
-1874
-1814
-489
1086
1416
-82
-2368
-3724
-3282
-1570
136
701
-259
-2079
-3359
-3002
-1269
458
1007
350
-675
-1154
-613
783
2262
2962
2741
2310
2456
3282
4237
4749
4673
4222
3740
3537
3676
3852
3629
2909
2081
1576
1443
1381
1066
391
-469
-1134
-1346
-1239
-1228
-1590
-2223
-2804
-3054
-2910
-2609
-2496
-2689
-2965
-3057
-2929
-2687
-2368
-2006
-1718
-1592
-1498
-1207
-712
-291
-174
-275
-372
-383
-339
-218
-31
38
-84
-188
-155
-87
118
839
1912
2288
1284
-333
-1111
-472
963
2116
2228
1083
-760
-2009
-1551
431
2359
2607
892
-1576
-3105
-2592
-324
1922
2122
-152
-3139
-4542
-3528
-1115
919
1191
-481
-2863
-4098
-3186
-903
950
1135
-136
-1601
-1982
-835
1219
2904
3229
2435
1725
2048
3233
4389
4857
4598
4025
3672
3860
4323
4455
3903
2954
2237
2049
2188
2183
1676
637
-522
-1141
-927
-412
-500
-1478
-2784
-3604
-3587
-2968
-2333
-2303
-3063
-4060
-4383
-3721
-2656
-2017
-2074
-2465
-2723
-2504
-1703
-617
47
-80
-596
-783
-416
112
437
442
201
-77
-19
391
776
902
1027
1489
1826
1421
510
0
246
777
1028
971
683
-18
-809
-961
-207
779
1033
318
-827
-1726
-1740
-606
807
1082
-369
-2465
-3419
-2620
-940
345
344
-979
-2633
-3278
-2234
-321
847
560
-612
-1567
-1466
-208
1582
2863
2860
1985
1443
1968
3274
4480
4956
4648
3859
3188
3196
3814
4405
4321
3539
2629
2038
1847
1877
1780
1324
567
-179
-614
-896
-1364
-1992
-2520
-2738
-2758
-2862
-3110
-3466
-3834
-3966
-3774
-3405
-3120
-3116
-3199
-3131
-2900
-2455
-1822
-1201
-820
-798
-916
-829
-533
-154
204
390
429
498
632
766
878
1174
1920
2619
2355
1175
99
31
918
1823
2045
1476
190
-1096
-1310
-223
1279
1723
512
-1322
-2474
-2170
-414
1440
1747
8
-2654
-4007
-3008
-783
913
843
-912
-2920
-3720
-2573
-184
1462
1161
-591
-2239
-2289
-666
1529
3001
2865
1598
662
1069
2707
4327
4813
4248
3341
2846
3108
3812
4425
4410
3668
2850
2424
2292
2182
1847
1384
931
411
-28
-344
-757
-1328
-1991
-2469
-2578
-2662
-2986
-3447
-3875
-4024
-3922
-3797
-3671
-3661
-3798
-3776
-3468
-2947
-2395
-2141
-2097
-1918
-1543
-941
-283
37
4
-195
-170
565
1581
2080
1958
1653
1925
2759
3087
2575
1772
1256
1430
1873
2008
1780
997
-21
-436
-101
656
1024
291
-961
-1866
-1920
-933
209
388
-726
-2599
-3688
-2964
-1185
189
10
-1614
-3202
-3491
-2180
-103
1046
419
-1313
-2646
-2277
-395
1631
2581
2039
823
327
1170
2884
4222
4268
3385
2575
2603
3498
4513
4885
4319
3179
2384
2452
3053
3444
3061
2021
879
134
64
407
518
-33
-1165
-2264
-2745
-2666
-2468
-2510
-2858
-3336
-3743
-3908
-3773
-3573
-3571
-3701
-3694
-3399
-2973
-2639
-2388
-2128
-1848
-1561
-1268
-922
-547
-223
140
556
823
933
1218
2101
3275
3554
2526
1220
871
1783
2992
3289
2400
739
-736
-884
366
1954
2363
708
-1929
-3589
-3204
-996
1320
1702
-348
-3544
-5415
-4324
-1318
1180
1289
-1087
-3863
-4727
-2963
237
2293
1647
-801
-2876
-2704
-324
2317
3410
2396
335
-696
372
2858
4972
5091
3469
1761
1356
2588
4458
5523
5112
3488
1824
1381
2232
3467
3912
3024
1458
201
-182
273
831
784
-8
-1225
-2159
-2374
-2133
-1923
-2142
-2742
-3302
-3627
-3671
-3483
-3306
-3253
-3371
-3619
-3761
-3675
-3321
-2713
-2135
-1805
-1784
-1985
-1993
-1562
-743
233
794
756
606
951
2040
2997
2809
1856
1106
1226
2160
2975
3070
2352
993
9
169
1180
2157
1865
171
-1610
-2382
-1667
-62
750
-95
-2068
-3768
-3727
-2155
-578
-201
-1369
-3059
-3655
-2589
-484
1101
812
-865
-2295
-2113
-194
2004
2959
2304
795
-34
723
2541
4185
4541
3598
2430
1982
2580
3782
4645
4607
3762
2751
2302
2517
2953
3094
2591
1569
504
-100
-39
350
471
-3
-920
-1821
-2292
-2243
-1945
-1821
-2149
-2862
-3550
-3810
-3586
-3114
-2770
-2812
-3152
-3555
-3718
-3372
-2688
-2073
-1815
-2026
-2309
-2165
-1573
-628
190
243
-189
-310
522
2201
3200
2560
1250
574
1201
2542
3161
2743
1702
511
185
984
2078
2527
1479
-530
-1842
-1732
-363
1181
1265
-493
-3040
-4565
-3690
-1331
345
69
-1920
-3865
-4103
-2487
-26
1481
859
-1094
-2585
-2158
67
2329
3104
2133
428
-299
748
2872
4544
4514
3096
1725
1540
2664
4161
4969
4672
3554
2495
2185
2612
3252
3343
2603
1437
393
-28
215
560
497
-190
-1274
-2081
-2267
-2030
-1717
-1762
-2302
-3000
-3508
-3544
-3107
-2673
-2568
-2735
-3044
-3336
-3470
-3317
-2867
-2303
-1976
-2040
-2133
-2023
-1677
-969
-318
-124
-124
-4
731
1857
2022
1258
636
763
1766
2625
2512
1898
1049
429
871
1879
2576
2221
661
-691
-902
-258
756
1199
411
-1273
-2969
-3211
-1762
-236
69
-1112
-2783
-3478
-2843
-1250
369
537
-781
-2176
-2281
-648
1368
2245
1888
882
181
585
1891
3256
3636
2776
1792
1677
2487
3561
4115
3974
3323
2573
2426
2914
3415
3377
2632
1730
1158
793
625
612
413
-71
-766
-1351
-1538
-1694
-1999
-2272
-2441
-2518
-2634
-2812
-2894
-3042
-3320
-3344
-3015
-2533
-2332
-2554
-2757
-2619
-2282
-2013
-1803
-1672
-1494
-1160
-780
-513
-251
117
712
1503
1515
925
582
851
1754
2359
1952
1130
498
247
905
1821
2238
1796
436
-699
-780
33
950
1110
150
-1414
-2669
-2545
-1193
-35
-29
-1360
-2822
-3051
-2075
-552
509
106
-1205
-2117
-1876
-296
1497
2242
1751
598
-9
659
2214
3652
3948
3086
1990
1553
2242
3434
4074
3935
3095
2134
1926
2331
2870
3073
2458
1450
668
324
518
741
450
-309
-1325
-2063
-2081
-1644
-1289
-1560
-2493
-3352
-3590
-3169
-2500
-2164
-2392
-2949
-3325
-3157
-2480
-1817
-1533
-1727
-2052
-1980
-1513
-852
-385
-438
-744
-618
-17
1008
1737
1301
552
210
596
1619
2214
1877
1114
237
35
1021
2133
2552
1671
-52
-1125
-918
296
1409
1264
-211
-2172
-3241
-2368
-683
247
-203
-1874
-3101
-2909
-1842
-486
136
-695
-1849
-2156
-1283
392
1392
1142
414
3
465
1695
2920
3401
2882
2067
1973
2777
3891
4394
4000
3264
2569
2306
2769
3343
3340
2625
1484
621
457
670
847
625
-217
-1267
-1897
-1865
-1508
-1380
-1692
-2318
-2958
-3235
-3077
-2592
-2126
-2238
-2786
-3120
-3025
-2515
-1805
-1373
-1385
-1759
-2054
-1765
-855
42
253
-129
-539
-548
176
1413
1850
1259
367
-31
696
1617
1658
1195
712
307
444
965
1497
1574
759
-212
-536
-82
610
771
200
-946
-2162
-2368
-1472
-526
-359
-1384
-2729
-3076
-2351
-1114
-166
-417
-1570
-2315
-1806
-264
1174
1385
455
-367
-236
857
2471
3429
3056
2097
1548
2024
3412
4498
4495
3803
2934
2465
2793
3458
3706
3277
2313
1332
951
1020
1061
895
341
-561
-1318
-1677
-1718
-1606
-1633
-1960
-2510
-3008
-3218
-3039
-2614
-2393
-2556
-2776
-2934
-2937
-2613
-2136
-1648
-1390
-1404
-1475
-1259
-688
-232
-33
147
269
637
1266
1134
686
515
600
1216
1559
1053
421
15
-73
473
1040
1146
614
-290
-803
-650
66
583
278
-582
-1616
-2311
-1921
-1026
-601
-881
-1937
-2810
-2532
-1540
-545
-98
-621
-1462
-1613
-719
809
1817
1653
733
200
806
2081
3250
3665
2916
1881
1733
2553
3935
4730
4187
3122
2326
2212
3046
3990
4076
3211
1741
757
845
1410
1678
1104
-194
-1465
-2124
-1929
-1298
-1211
-1946
-3184
-4059
-3923
-3163
-2444
-2256
-2871
-3778
-4198
-3894
-2961
-2112
-1921
-2261
-2521
-2384
-1750
-800
-201
-115
-98
56
630
1552
1672
1275
1167
1332
1891
2265
1774
1140
840
771
1276
1682
1451
643
-381
-796
-321
477
779
102
-1153
-2182
-2593
-1911
-830
-570
-1278
-2632
-3573
-3102
-1876
-888
-574
-1278
-2198
-2277
-1332
209
1297
1296
731
526
1128
2308
3419
3907
3583
2927
2685
3191
4161
4746
4508
3730
2988
2783
3150
3666
3799
3239
2285
1571
1352
1465
1453
1007
205
-724
-1436
-1661
-1688
-1914
-2523
-3380
-3856
-3787
-3532
-3313
-3381
-3819
-4132
-4103
-3658
-2954
-2565
-2761
-3031
-2859
-2341
-1446
-685
-563
-741
-674
-258
873
1859
1665
1237
1041
1332
2117
2589
2366
2029
1581
1285
1567
1893
1855
1117
235
-273
-254
97
116
-449
-1254
-2104
-2521
-1902
-1275
-1301
-1941
-2927
-3264
-2642
-1759
-1142
-1132
-1968
-2736
-2562
-1390
34
709
481
-34
109
1093
2483
3704
4087
3590
3197
3506
4345
5311
5561
5077
4480
4029
3957
4288
4432
4010
3148
2189
1543
1328
1325
1174
778
87
-832
-1477
-1638
-1729
-1952
-2451
-3245
-3899
-4219
-4303
-4089
-3906
-4160
-4566
-4772
-4663
-4226
-3622
-3326
-3144
-2900
-2639
-2003
-1165
-681
-316
191
602
1275
1508
1136
1082
1479
2116
2701
2653
2010
1615
1558
1973
2584
2802
2217
1127
421
329
829
1293
901
-226
-1373
-2276
-2280
-1474
-1184
-1722
-2862
-3868
-3758
-2638
-1551
-1178
-1725
-2744
-3139
-2294
-638
427
346
-519
-1207
-623
893
2379
3260
3054
2147
1910
2710
4170
5358
5387
4646
3988
3945
4543
5269
5443
4756
3549
2722
2483
2552
2490
1787
826
-55
-737
-851
-726
-1025
-1682
-2538
-3220
-3338
-3313
-3334
-3403
-3715
-4173
-4539
-4542
-4240
-3972
-3875
-3820
-3704
-3410
-3002
-2582
-2074
-1571
-922
-66
821
1106
681
371
762
1870
2831
2836
1997
1158
893
1485
2546
3149
2667
1196
-18
-230
510
1447
1486
513
-901
-2123
-2310
-1388
-599
-739
-1985
-3504
-4013
-3401
-2294
-1506
-1643
-2490
-3186
-2978
-1702
-334
195
-59
-521
-333
643
1854
2769
2976
2558
2319
2810
3829
4706
4873
4456
3994
4024
4520
5072
5312
4895
4041
3408
3184
3178
3134
2627
1706
764
39
-304
-351
-598
-1366
-2284
-2936
-3232
-3155
-3037
-3339
-3847
-4334
-4636
-4324
-3813
-3654
-3804
-4089
-4149
-3775
-3114
-2439
-2099
-2039
-1861
-1444
-517
315
400
395
585
1020
1713
2042
1874
1692
1585
1795
2294
2548
2262
1448
819
752
1009
1306
1067
187
-728
-1368
-1453
-884
-602
-1035
-1924
-2869
-3079
-2533
-1932
-1689
-2103
-2926
-3237
-2806
-1806
-793
-599
-941
-1161
-846
175
1375
2114
2278
2047
2010
2567
3440
4270
4520
4241
3997
3968
4339
4854
4925
4636
4192
3734
3632
3620
3368
2960
2272
1572
1151
803
473
47
-633
-1292
-1776
-2141
-2363
-2653
-3067
-3456
-3767
-3830
-3750
-3743
-3802
-4039
-4241
-4028
-3588
-3073
-2607
-2637
-2704
-2308
-1684
-787
-149
-237
-397
-235
233
970
1419
1375
1162
1008
1181
1573
1942
2013
1548
1000
706
642
895
930
342
-394
-1055
-1339
-1046
-879
-1201
-1820
-2453
-2571
-2194
-1861
-1852
-2212
-2592
-2541
-2088
-1459
-1023
-944
-942
-759
-237
502
1143
1630
1920
2104
2455
2904
3400
3880
4100
4161
4220
4250
4382
4536
4507
4331
4041
3741
3542
3376
3116
2729
2221
1672
1225
910
630
250
-300
-943
-1441
-1728
-1941
-2194
-2521
-2938
-3341
-3538
-3660
-3664
-3560
-3663
-3758
-3656
-3516
-3099
-2604
-2488
-2319
-2040
-1621
-947
-668
-747
-671
-377
167
648
679
609
541
594
952
1252
1440
1381
993
696
621
644
761
581
33
-552
-1040
-1129
-1010
-1135
-1543
-2049
-2332
-2182
-1877
-1766
-1947
-2284
-2345
-1994
-1335
-832
-770
-885
-906
-462
364
1072
1464
1544
1464
1780
2453
3195
3816
3925
3832
3878
4097
4531
4854
4786
4517
4063
3711
3677
3575
3417
3007
2279
1670
1238
939
794
405
-267
-891
-1453
-1680
-1663
-1788
-2094
-2541
-3041
-3253
-3205
-3145
-3061
-3237
-3531
-3667
-3572
-3144
-2506
-2142
-2017
-1941
-1802
-1193
-616
-287
-144
-137
42
401
613
669
650
572
757
854
869
765
462
280
155
88
136
46
-307
-714
-1225
-1416
-1316
-1283
-1371
-1776
-2196
-2333
-2186
-1868
-1670
-1823
-1993
-2027
-1768
-1201
-860
-723
-587
-316
292
1028
1474
1667
1773
2005
2567
3186
3633
3740
3625
3617
3837
4271
4675
4717
4386
3953
3618
3585
3718
3616
3187
2531
1860
1427
1237
1010
628
24
-674
-1210
-1578
-1757
-1926
-2213
-2516
-2870
-3100
-3137
-3139
-3106
-3165
-3300
-3261
-3117
-2806
-2426
-2291
-2057
-1790
-1475
-975
-731
-641
-466
-278
83
478
576
643
684
796
1080
1148
1074
845
538
472
437
297
115
-352
-829
-1100
-1350
-1346
-1362
-1654
-1998
-2407
-2617
-2395
-2053
-1822
-1860
-2171
-2343
-2136
-1565
-931
-581
-526
-614
-466
108
845
1498
1846
1873
1970
2314
2838
3391
3693
3743
3736
3829
4078
4279
4275
4082
3804
3643
3616
3515
3263
2815
2249
1840
1599
1377
1097
623
-18
-548
-912
-1128
-1241
-1467
-1863
-2308
-2646
-2824
-2811
-2753
-2849
-2978
-3004
-2967
-2717
-2408
-2303
-2117
-1901
-1643
-1221
-1005
-951
-827
-614
-195
248
417
391
233
232
510
805
1010
888
521
284
226
343
494
306
-146
-643
-1052
-1108
-1032
-1102
-1373
-1854
-2224
-2256
-2058
-1788
-1749
-2035
-2322
-2388
-2049
-1408
-905
-726
-803
-843
-508
183
947
1432
1489
1413
1499
1912
2577
3096
3284
3219
3067
3130
3437
3747
3869
3694
3360
3114
3066
3161
3153
2882
2409
1885
1523
1375
1236
946
452
-181
-715
-986
-1058
-1098
-1320
-1798
-2312
-2570
-2501
-2244
-2096
-2250
-2536
-2633
-2382
-1878
-1442
-1326
-1432
-1503
-1329
-902
-449
-208
-205
-260
-223
-10
328
564
616
510
282
133
175
271
300
130
-258
-640
-831
-817
-731
-823
-1187
-1665
-1972
-1934
-1692
-1508
-1579
-1915
-2200
-2154
-1784
-1283
-996
-1083
-1288
-1280
-893
-214
375
591
501
393
604
1214
1905
2293
2274
2029
1939
2245
2818
3290
3358
3014
2564
2398
2592
2885
2975
2692
2150
1723
1605
1699
1792
1627
1180
720
443
353
342
206
-126
-504
-797
-967
-1040
-1149
-1356
-1548
-1665
-1718
-1693
-1656
-1641
-1581
-1478
-1343
-1176
-1066
-1007
-928
-785
-579
-388
-272
-242
-252
-209
-116
-22
56
37
-59
-137
-230
-288
-304
-376
-487
-656
-864
-992
-1051
-1078
-1119
-1244
-1395
-1524
-1594
-1559
-1490
-1435
-1390
-1396
-1373
-1257
-1077
-822
-554
-341
-151
38
235
468
723
980
1220
1398
1508
1579
1669
1803
1925
1995
2000
1963
1948
1959
1954
1927
1845
1727
1626
1542
1468
1392
1258
1083
915
760
643
545
416
284
138
-7
-106
-199
-274
-323
-388
-439
-478
-487
-418
-333
-280
-293
-367
-399
-356
-272
-175
-187
-324
-499
-657
-671
-531
-402
-379
-520
-757
-875
-782
-541
-330
-365
-630
-941
-1087
-973
-790
-752
-952
-1334
-1630
-1670
-1504
-1282
-1216
-1348
-1527
-1601
-1456
-1125
-793
-592
-578
-659
-646
-442
-75
296
484
455
343
353
608
996
1290
1330
1153
1000
1072
1368
1678
1757
1556
1263
1128
1252
1490
1582
1404
1056
788
751
875
955
834
552
301
221
306
401
365
207
46
4
89
187
187
81
-41
-74
-8
78
101
44
-17
-16
47
111
117
76
49
62
103
104
6
-142
-257
-286
-256
-270
-404
-634
-847
-926
-866
-788
-824
-1018
-1247
-1338
-1230
-1017
-896
-990
-1215
-1358
-1274
-996
-738
-707
-896
-1098
-1087
-826
-498
-334
-403
-568
-596
-380
-31
238
299
213
180
335
633
898
985
893
784
803
966
1148
1199
1079
892
790
827
925
953
851
670
530
503
550
571
490
337
205
172
216
243
175
30
-88
-101
-7
99
99
-13
-133
-133
17
220
336
306
200
148
237
440
631
681
578
422
337
388
520
606
549
351
109
-52
-79
-29
-33
-189
-466
-755
-924
-945
-913
-948
-1115
-1356
-1535
-1565
-1468
-1353
-1318
-1376
-1440
-1420
-1286
-1077
-886
-761
-695
-643
-542
-370
-158
45
186
247
265
311
422
587
735
793
761
701
699
793
920
990
958
847
773
784
857
917
882
771
659
589
586
588
527
421
300
209
172
130
57
-36
-132
-186
-201
-228
-262
-300
-337
-342
-342
-344
-313
-259
-182
-125
-141
-173
-154
-36
166
315
323
227
128
166
354
547
613
502
299
177
201
321
417
368
189
-32
-185
-207
-158
-143
-228
-415
-621
-757
-788
-748
-729
-790
-919
-1044
-1089
-1042
-951
-881
-869
-882
-863
-779
-637
-490
-380
-303
-222
-103
58
221
338
399
435
508
636
767
846
840
776
738
779
876
948
916
790
667
624
678
754
738
612
437
313
295
335
341
253
85
-82
-176
-186
-165
-180
-269
-396
-495
-522
-481
-418
-384
-403
-447
-462
-410
-304
-192
-124
-119
-140
-124
-50
66
158
175
129
74
75
137
206
221
159
64
-1
1
38
43
-21
-129
-220
-247
-228
-221
-269
-363
-450
-475
-445
-401
-400
-457
-518
-526
-460
-352
-272
-256
-282
-289
-216
-80
55
135
143
134
177
292
444
552
577
559
562
631
741
824
837
796
757
768
807
825
784
693
607
555
522
475
378
247
120
21
-41
-102
-201
-343
-498
-618
-673
-685
-709
-790
-923
-1047
-1085
-1018
-911
-863
-912
-993
-999
-863
-635
-441
-371
-394
-386
-248
8
264
398
397
363
413
568
749
837
790
671
584
589
638
647
559
404
252
168
154
141
79
-33
-154
-234
-255
-247
-249
-282
-343
-395
-401
-360
-300
-255
-242
-241
-217
-145
-41
62
131
165
199
259
353
451
520
549
556
571
604
643
661
652
624
593
562
519
467
422
381
334
260
155
47
-32
-69
-102
-177
-310
-453
-544
-567
-563
-601
-705
-829
-902
-887
-828
-803
-845
-902
-919
-861
-759
-684
-658
-658
-623
-528
-404
-299
-246
-209
-143
-35
96
193
244
281
342
438
538
595
596
571
569
605
638
629
555
455
391
369
365
327
228
121
59
53
76
75
29
-22
-32
12
81
123
135
128
144
196
257
306
324
324
329
344
371
392
398
399
392
376
360
347
338
328
306
259
192
137
100
77
39
-38
-135
-223
-282
-315
-356
-427
-515
-593
-634
-650
-666
-707
-762
-794
-800
-780
-761
-768
-775
-763
-723
-659
-612
-579
-533
-471
-385
-305
-242
-184
-121
-41
42
110
163
201
238
285
328
355
369
379
381
389
395
391
386
383
376
366
347
329
317
314
316
304
273
243
225
230
238
233
211
184
179
203
231
242
238
228
237
265
299
323
319
307
308
316
327
322
299
268
236
212
196
171
136
89
38
-6
-43
-77
-118
-165
-215
-262
-301
-342
-383
-422
-459
-492
-526
-552
-571
-584
-593
-603
-609
-604
-594
-577
-558
-538
-510
-478
-443
-398
-358
-318
-272
-219
-161
-108
-62
-17
36
98
153
198
233
266
300
326
352
367
372
371
364
358
349
335
317
292
269
246
222
201
179
156
140
125
116
112
109
111
113
116
127
138
149
163
180
199
215
227
242
257
269
277
280
285
294
297
290
274
255
238
217
193
167
130
90
51
11
-27
-64
-103
-147
-191
-230
-263
-293
-322
-350
-380
-407
-423
-435
-447
-459
-476
-480
-482
-485
-478
-469
-453
-435
-426
-406
-380
-351
-313
-279
-246
-215
-179
-134
-92
-53
-19
12
46
80
113
144
171
191
201
219
241
261
270
269
268
271
269
270
266
255
244
233
229
221
206
191
182
180
181
179
173
171
170
175
178
178
176
172
169
175
176
171
158
145
138
131
125
117
103
88
75
66
63
51
37
24
11
-4
-21
-36
-55
-77
-101
-128
-156
-183
-209
-233
-255
-278
-306
-332
-341
-344
-347
-359
-369
-370
-364
-353
-339
-325
-315
-304
-285
-263
-238
-216
-196
-168
-137
-102
-69
-44
-24
1
31
64
93
113
127
139
157
176
191
199
201
200
204
214
223
227
221
211
209
210
213
214
214
209
201
195
189
177
165
154
145
138
129
116
106
98
97
96
97
96
100
103
105
110
113
112
111
101
92
86
78
65
47
29
11
-1
-9
-17
-28
-41
-56
-71
-79
-86
-96
-113
-135
-161
-184
-201
-217
-245
-279
-307
-331
-345
-355
-376
-394
-401
-404
-396
-389
-383
-373
-361
-338
-310
-283
-253
-224
-193
-158
-119
-84
-52
-21
15
53
90
118
141
167
194
218
234
249
260
269
281
290
293
296
296
299
305
311
315
318
323
330
336
334
329
322
313
307
299
280
251
216
182
159
137
112
83
51
31
20
15
13
8
-3
-11
-11
0
7
8
3
-8
-20
-23
-23
-27
-44
-69
-93
-110
-122
-137
-156
-178
-203
-223
-234
-241
-252
-275
-301
-318
-327
-332
-339
-351
-365
-374
-368
-355
-343
-338
-338
-329
-303
-267
-234
-211
-197
-176
-138
-92
-50
-21
-6
14
40
77
114
140
159
170
185
208
232
252
265
272
278
285
297
303
306
305
300
300
303
303
297
284
274
267
261
257
246
229
217
208
196
186
171
149
126
108
97
85
67
40
15
-4
-14
-15
-16
-27
-44
-60
-62
-54
-51
-55
-68
-81
-88
-88
-81
-87
-108
-130
-150
-157
-158
-166
-178
-198
-219
-233
-238
-239
-245
-255
-269
-281
-285
-284
-283
-284
-293
-302
-304
-296
-285
-276
-275
-274
-268
-252
-230
-208
-189
-175
-157
-134
-99
-62
-33
-11
8
39
80
121
155
177
194
221
258
300
332
351
365
383
406
431
443
450
447
440
435
428
419
400
376
348
326
304
281
255
225
198
169
147
128
106
86
68
47
27
9
-4
-12
-21
-33
-45
-57
-66
-74
-79
-89
-99
-110
-116
-124
-137
-155
-177
-195
-208
-224
-244
-267
-294
-315
-330
-342
-356
-371
-384
-386
-381
-374
-372
-370
-363
-347
-330
-313
-297
-285
-269
-251
-231
-210
-195
-176
-154
-130
-106
-86
-65
-39
-10
17
43
67
90
116
148
178
203
221
243
272
303
325
342
361
385
408
428
440
445
449
453
457
459
449
431
409
387
365
340
310
279
247
218
195
172
145
117
96
84
76
62
44
26
12
4
-8
-23
-43
-64
-88
-114
-138
-160
-181
-195
-205
-217
-229
-242
-247
-247
-251
-253
-264
-274
-290
-305
-321
-338
-363
-387
-403
-415
-427
-446
-456
-452
-434
-412
-393
-371
-342
-307
-266
-228
-200
-181
-165
-143
-122
-106
-94
-85
-75
-58
-31
3
39
76
114
162
218
269
312
348
382
414
441
458
462
459
459
457
454
445
428
416
412
409
405
393
380
370
360
351
335
312
284
253
220
181
141
98
59
23
-9
-42
-74
-99
-112
-116
-120
-126
-133
-141
-144
-142
-144
-155
-180
-209
-235
-256
-280
-305
-334
-359
-374
-376
-373
-368
-360
-346
-319
-292
-266
-238
-212
-185
-163
-148
-141
-136
-135
-135
-138
-143
-146
-147
-139
-123
-107
-89
-71
-45
-12
24
57
80
96
111
130
145
153
150
145
145
156
167
169
161
159
173
203
231
242
237
239
258
283
297
283
258
235
229
224
209
177
142
119
113
115
105
77
53
42
52
61
52
26
1
-8
-2
-1
-19
-50
-76
-83
-78
-85
-106
-130
-140
-130
-118
-115
-122
-126
-119
-104
-88
-91
-103
-112
-112
-108
-113
-131
-149
-154
-147
-136
-136
-146
-148
-132
-102
-79
-77
-84
-84
-68
-44
-32
-41
-55
-64
-63
-60
-62
-68
-75
-73
-58
-39
-26
-20
-11
9
39
67
80
86
92
104
117
122
117
110
108
113
119
117
116
116
123
135
144
149
147
144
145
147
147
145
133
116
103
92
85
73
58
44
33
26
16
5
-1
-3
-3
-8
-17
-28
-36
-41
-48
-60
-72
-79
-84
-88
-99
-111
-113
-110
-106
-104
-105
-106
-103
-96
-85
-77
-76
-77
-76
-70
-62
-61
-65
-71
-74
-69
-65
-59
-59
-60
-55
-50
-41
-33
-23
-15
-10
-4
1
4
7
9
11
14
17
18
19
22
27
34
42
50
54
61
70
80
85
85
86
86
85
87
87
84
79
71
65
60
56
56
54
50
43
39
37
39
41
40
34
30
24
21
17
15
11
2
-4
-7
-5
-4
-5
-5
-7
-4
-1
-3
-2
-1
0
2
2
3
2
2
1
0
0
0
-2
-6
-5
-6
-5
-8
-13
-16
-19
-20
-23
-27
-33
-42
-49
-55
-58
-60
-66
-74
-82
-89
-94
-93
-92
-91
-93
-97
-99
-95
-89
-82
-75
-68
-63
-58
-49
-37
-26
-16
-8
-2
5
14
21
31
39
51
62
68
75
80
88
92
92
91
92
98
100
96
92
91
89
86
80
77
77
75
70
64
57
52
51
46
40
32
24
17
10
4
1
-7
-13
-21
-28
-30
-28
-29
-31
-33
-37
-36
-33
-30
-27
-26
-27
-29
-30
-27
-24
-22
-20
-21
-25
-28
-28
-28
-27
-29
-30
-30
-30
-31
-29
-28
-30
-35
-37
-33
-27
-27
-29
-30
-29
-26
-23
-22
-19
-15
-14
-13
-10
-6
-1
2
1
0
0
1
0
3
9
14
16
13
11
11
15
21
28
29
28
26
27
33
36
38
40
40
37
34
33
33
36
37
37
34
28
26
25
26
29
28
25
19
16
20
20
18
13
5
5
8
9
6
0
-3
0
5
6
5
0
-4
-3
-2
-2
-3
-8
-10
-10
-10
-16
-24
-31
-32
-36
-42
-49
-57
-60
-62
-63
-65
-68
-72
-73
-70
-69
-71
-71
-66
-56
-50
-51
-52
-48
-36
-23
-13
-11
-12
-9
-2
12
22
27
24
24
32
43
48
45
39
41
47
54
59
55
52
48
51
56
58
59
55
54
53
53
52
49
46
44
41
38
32
26
25
27
24
17
9
3
1
1
-3
-7
-7
-7
-7
-6
-6
-9
-12
-12
-8
-6
-9
-13
-16
-14
-13
-13
-16
-20
-20
-18
-18
-20
-26
-31
-32
-27
-22
-26
-35
-39
-38
-34
-31
-31
-33
-37
-38
-36
-33
-34
-32
-27
-24
-23
-25
-25
-20
-14
-8
-7
-9
-11
-11
-6
1
4
2
2
5
8
10
9
9
13
12
14
17
17
13
13
16
20
20
17
13
13
16
22
22
18
16
15
16
19
19
17
14
15
18
18
16
10
8
9
12
15
15
13
13
13
13
13
13
13
14
16
13
8
8
12
14
15
12
7
3
3
6
7
2
-3
-8
-8
-9
-12
-12
-13
-13
-18
-19
-20
-24
-28
-27
-24
-25
-28
-32
-34
-34
-31
-27
-25
-23
-22
-22
-21
-19
-18
-16
-15
-13
-13
-12
-12
-12
-8
-5
-2
-2
0
1
2
6
9
9
9
13
17
16
15
17
22
23
23
22
22
18
19
21
24
26
26
21
21
21
20
20
21
19
15
12
13
12
12
12
13
13
9
7
