21
24
25
24
26
25
26
26
27
28
25
24
26
25
23
24
22
20
18
18
19
17
18
16
13
9
4
2
2
0
-2
-5
-12
-16
-18
-23
-26
-31
-33
-35
-37
-38
-37
-37
-38
-40
-40
-39
-39
-39
-37
-35
-31
-29
-27
-20
-15
-11
-7
-5
2
7
9
10
11
8
5
8
14
18
21
21
19
16
15
14
12
7
1
-2
0
6
12
13
10
1
-7
-12
-10
-9
-5
-3
-5
-5
-4
-1
1
0
-2
1
7
16
26
32
32
29
24
23
26
29
32
32
33
33
34
35
32
26
19
15
13
14
16
14
10
7
6
1
3
2
-5
-7
-10
-10
-10
-12
-14
-21
-27
-31
-31
-28
-29
-30
-31
-32
-34
-34
-34
-35
-36
-38
-39
-37
-31
-26
-23
-25
-25
-23
-23
-19
-16
-14
-11
-9
-6
-4
0
1
3
5
6
10
11
8
7
7
10
15
19
25
29
30
31
34
35
34
35
36
38
40
40
36
31
26
23
20
16
13
10
8
7
2
-1
-6
-15
-24
-30
-33
-33
-30
-31
-30
-32
-30
-28
-26
-27
-26
-22
-16
-7
2
7
8
8
6
5
7
11
13
15
19
24
27
29
29
26
24
23
23
24
27
26
20
15
12
10
9
6
6
3
-1
-1
0
1
-2
-6
-10
-17
-20
-22
-23
-22
-22
-24
-33
-43
-48
-57
-61
-70
-80
-78
-78
-78
-78
-86
-89
-86
-85
-80
-83
-77
-65
-50
-33
-24
-21
-14
-5
7
22
39
48
56
66
82
105
125
132
129
119
120
134
147
160
159
146
132
115
99
85
66
38
5
-16
-20
-14
-11
-30
-72
-122
-159
-171
-167
-151
-144
-146
-141
-137
-118
-96
-94
-105
-112
-98
-54
13
74
108
116
111
108
121
144
164
180
188
203
223
243
247
223
187
151
131
137
152
156
141
110
71
40
21
7
-9
-33
-57
-69
-70
-67
-70
-93
-123
-154
-168
-161
-151
-150
-160
-180
-198
-204
-203
-204
-209
-224
-238
-239
-223
-200
-178
-169
-171
-172
-163
-143
-119
-103
-91
-78
-58
-29
11
44
63
71
72
82
102
122
137
142
141
145
160
183
204
212
209
202
207
226
249
264
262
244
213
183
158
133
102
68
35
16
18
24
25
6
-37
-93
-138
-166
-181
-189
-198
-214
-230
-241
-242
-237
-232
-228
-220
-192
-151
-97
-40
-9
1
1
6
21
51
87
119
147
173
197
222
238
236
218
198
183
186
202
218
219
199
163
122
89
68
53
38
20
5
-6
-17
-30
-50
-86
-140
-190
-206
-193
-160
-122
-94
-88
-95
-106
-116
-127
-156
-197
-237
-252
-226
-179
-143
-126
-132
-150
-163
-152
-119
-83
-66
-69
-82
-85
-66
-44
-21
-13
-21
-16
9
43
70
87
77
60
69
106
163
224
262
276
281
296
319
337
346
329
295
269
245
223
211
193
173
152
131
116
99
73
14
-74
-179
-278
-352
-397
-405
-396
-381
-372
-377
-373
-358
-353
-349
-341
-319
-259
-179
-94
-29
16
50
78
113
161
224
294
363
426
479
512
512
490
457
433
435
457
468
451
407
355
309
276
243
200
147
92
48
24
5
-29
-82
-157
-231
-281
-307
-322
-350
-402
-453
-485
-494
-475
-460
-469
-487
-493
-482
-452
-416
-399
-404
-408
-394
-363
-308
-248
-218
-200
-175
-139
-86
-33
-5
-2
2
13
36
73
117
144
154
165
178
204
240
279
309
331
340
342
351
371
394
408
412
407
407
417
421
419
405
372
325
280
250
229
218
190
132
53
-31
-91
-123
-134
-151
-183
-221
-257
-279
-291
-306
-339
-385
-415
-403
-349
-269
-209
-187
-197
-205
-186
-138
-66
2
51
87
125
173
216
237
223
188
159
160
201
260
294
282
237
183
148
137
135
122
93
54
22
6
0
-14
-46
-101
-151
-170
-157
-137
-140
-169
-216
-262
-286
-292
-286
-282
-289
-291
-291
-261
-222
-194
-191
-196
-202
-203
-160
-107
-71
-55
-43
-50
-39
-5
21
52
71
75
79
101
120
124
131
129
117
125
150
178
209
225
228
228
218
205
203
211
222
232
243
242
235
226
211
193
177
156
127
102
85
74
70
62
32
-13
-63
-108
-135
-150
-159
-170
-186
-204
-219
-224
-229
-241
-261
-279
-282
-259
-212
-162
-127
-115
-119
-118
-100
-65
-23
22
63
97
132
167
189
202
195
181
170
173
197
229
249
240
213
178
143
115
97
86
76
69
55
36
13
-22
-67
-114
-154
-182
-189
-186
-180
-185
-196
-218
-244
-264
-286
-291
-283
-260
-235
-201
-188
-181
-170
-172
-164
-147
-123
-98
-69
-43
-20
-3
12
15
15
23
28
47
65
77
87
94
96
100
106
117
129
148
170
194
222
238
240
240
234
237
246
262
280
288
298
299
292
284
265
237
210
192
186
182
173
148
105
52
3
-39
-75
-111
-143
-178
-216
-250
-280
-302
-330
-355
-374
-385
-373
-354
-339
-318
-301
-281
-253
-225
-197
-160
-121
-83
-45
-5
27
65
96
109
119
130
138
148
169
179
188
194
178
154
136
122
102
105
103
92
99
94
69
46
18
-28
-38
-33
-40
-33
-20
-40
-54
-52
-77
-97
-91
-99
-118
-92
-83
-100
-72
-58
-96
-99
-78
-94
-88
-40
-47
-48
-2
-2
-28
-3
10
-16
3
19
5
25
51
39
41
66
50
46
71
62
55
75
72
64
79
76
65
79
86
81
94
105
96
100
103
86
78
76
61
53
56
57
54
57
46
25
10
-7
-23
-30
-39
-50
-57
-71
-97
-117
-138
-170
-193
-207
-217
-209
-178
-152
-130
-100
-87
-82
-70
-67
-63
-37
-15
2
40
60
62
76
76
58
72
87
91
120
154
149
149
160
127
95
89
61
35
63
54
46
70
56
18
5
-22
-57
-46
-43
-51
-34
-15
-45
-53
-47
-101
-114
-88
-115
-105
-53
-64
-67
-40
-57
-100
-81
-83
-121
-82
-46
-72
-42
-2
-46
-34
-3
-24
-17
26
28
16
54
51
15
34
35
3
29
55
45
69
94
79
71
79
68
63
87
94
90
108
103
90
95
88
85
89
97
100
109
112
104
95
76
45
19
-5
-25
-31
-32
-39
-40
-48
-71
-94
-115
-145
-168
-175
-180
-177
-156
-141
-129
-115
-108
-111
-105
-100
-98
-85
-57
-39
-19
6
11
14
9
4
11
16
28
52
69
84
103
101
89
78
66
55
57
66
75
83
89
82
71
66
44
32
28
21
28
29
21
15
2
-17
-31
-45
-50
-51
-54
-46
-39
-42
-43
-47
-66
-75
-69
-67
-65
-42
-41
-50
-39
-37
-49
-41
-31
-38
-22
7
4
7
29
10
-6
6
-7
0
28
31
31
54
59
41
54
62
43
61
87
82
98
113
94
89
92
69
58
70
66
65
81
76
63
61
43
16
6
-6
-21
-27
-41
-59
-73
-95
-121
-140
-156
-169
-174
-167
-158
-141
-120
-105
-96
-88
-83
-88
-79
-75
-76
-62
-50
-38
-17
-8
5
16
13
33
43
57
87
104
104
112
116
85
79
80
53
62
89
87
98
127
115
92
101
83
59
70
74
50
62
66
22
24
26
-17
-17
-12
-37
-34
-17
-44
-58
-44
-75
-91
-75
-85
-100
-83
-87
-114
-91
-106
-127
-106
-102
-110
-75
-51
-67
-40
-38
-56
-38
-23
-31
-12
13
-2
0
25
15
18
50
52
54
84
99
90
110
114
91
101
106
94
106
125
122
123
133
126
117
119
108
83
75
56
37
33
17
-9
-29
-51
-82
-102
-113
-133
-144
-145
-155
-153
-144
-147
-143
-133
-137
-135
-117
-125
-107
-85
-109
-93
-70
-73
-52
0
-10
-27
43
24
2
92
84
28
94
103
28
97
140
56
65
134
57
46
185
119
61
170
113
36
143
128
36
78
91
7
10
101
35
-32
68
4
-91
54
27
-85
-1
-22
-107
-71
-37
-70
-103
-78
-86
-159
-64
-43
-140
-51
-80
-129
-37
-68
-60
-24
-91
-64
-44
-71
-24
-34
-48
-30
-25
16
-2
31
74
7
53
112
49
96
141
58
90
144
90
114
157
110
113
156
137
122
153
136
82
91
86
16
4
4
-75
-106
-104
-153
-192
-200
-213
-253
-265
-244
-272
-297
-249
-252
-295
-254
-220
-254
-216
-142
-178
-138
-49
-73
-4
58
18
118
166
94
216
280
162
236
384
240
209
488
351
151
509
454
117
473
539
122
318
568
187
111
509
245
-98
377
275
-233
178
220
-244
-32
77
-191
-211
-111
-143
-312
-257
-153
-349
-331
-218
-340
-328
-327
-277
-246
-435
-231
-185
-466
-213
-154
-418
-219
-154
-302
-238
-165
-191
-261
-132
-101
-249
-33
-5
-191
75
81
-87
116
128
31
138
204
143
160
271
218
165
298
269
188
291
299
253
282
312
274
206
224
207
130
128
127
80
23
2
-26
-126
-155
-136
-197
-206
-143
-145
-172
-137
-112
-163
-164
-85
-78
-88
-7
14
-38
-43
-8
-43
-81
10
66
32
98
178
107
80
149
97
52
164
157
95
181
173
53
78
99
-13
13
116
39
45
138
17
-16
44
-79
-101
7
-80
-121
12
-60
-237
-65
-96
-390
-75
-46
-396
-55
-9
-401
-176
-20
-367
-339
35
-234
-449
102
-116
-534
63
-75
-506
8
-2
-323
-51
89
-145
-167
140
-1
-157
229
137
-20
274
198
117
265
266
270
290
359
383
315
383
381
326
374
383
395
380
401
418
312
331
331
210
226
233
127
78
67
-31
-162
-170
-206
-353
-353
-339
-479
-499
-456
-532
-585
-541
-502
-544
-533
-371
-351
-436
-274
-191
-248
-144
-15
30
30
102
182
189
263
366
357
335
403
404
358
490
561
336
355
533
253
227
583
346
26
289
306
-55
96
355
23
-199
0
-89
-232
-58
-122
-301
-232
-367
-478
-204
-177
-463
-503
-225
-356
-652
-189
-49
-537
-389
-193
-319
-203
-218
-147
-99
-270
-192
-140
65
33
-348
45
131
-283
54
231
22
-26
-10
215
200
136
305
177
203
281
193
458
503
225
235
357
402
345
409
537
294
110
313
396
291
267
214
32
-69
-13
19
4
-110
-339
-424
-374
-392
-402
-337
-428
-653
-650
-488
-454
-434
-362
-400
-465
-395
-206
-37
1
-26
1
68
106
249
486
467
311
371
472
508
607
711
673
515
463
547
605
624
559
409
281
206
230
219
172
103
-169
-280
-138
-215
-283
-171
-370
-641
-471
-368
-535
-404
-345
-737
-710
-357
-489
-535
-282
-485
-713
-443
-274
-356
-230
-288
-530
-291
-123
-185
7
45
-255
-254
32
117
152
234
84
-18
122
167
294
493
340
181
332
384
354
508
604
467
392
453
440
437
441
406
436
454
364
318
356
302
248
320
334
211
76
4
-6
-22
-103
-163
-227
-413
-544
-474
-425
-519
-607
-630
-693
-758
-702
-585
-571
-648
-641
-537
-460
-394
-272
-169
-155
-106
67
251
343
366
385
436
497
591
733
802
722
627
637
688
723
737
696
582
446
395
420
384
234
113
63
-44
-133
-128
-192
-358
-445
-458
-469
-435
-479
-643
-688
-633
-666
-653
-557
-569
-628
-598
-563
-562
-474
-383
-420
-396
-242
-178
-234
-230
-128
-29
15
60
118
128
117
113
192
324
319
238
306
431
435
423
416
332
366
574
697
690
606
398
264
419
689
848
817
558
235
168
377
630
755
578
126
-231
-231
22
197
95
-259
-731
-1039
-942
-624
-549
-801
-1118
-1385
-1418
-1113
-828
-832
-1013
-1177
-1104
-742
-356
-257
-393
-468
-357
-11
486
786
679
413
388
657
1120
1580
1673
1398
1115
1073
1345
1752
1957
1805
1447
1159
1070
1148
1239
1135
831
476
215
96
-16
-220
-479
-739
-920
-978
-1047
-1254
-1495
-1667
-1744
-1647
-1472
-1489
-1676
-1778
-1738
-1576
-1295
-1094
-1108
-1182
-1152
-976
-677
-472
-454
-430
-320
-208
-73
107
146
78
154
370
564
675
681
667
745
855
971
1146
1302
1330
1371
1435
1343
1157
1104
1234
1435
1540
1392
1026
627
440
630
1009
1101
696
49
-453
-530
-217
96
26
-513
-1249
-1651
-1465
-1028
-807
-982
-1425
-1827
-1881
-1563
-1178
-1039
-1179
-1343
-1298
-1053
-781
-603
-508
-399
-159
186
476
575
517
563
913
1421
1751
1776
1569
1329
1343
1702
2128
2246
1970
1513
1202
1209
1377
1438
1266
864
400
142
120
73
-169
-513
-812
-1015
-1124
-1220
-1406
-1666
-1865
-1873
-1740
-1673
-1799
-2021
-2127
-1995
-1686
-1394
-1280
-1381
-1540
-1501
-1156
-675
-334
-256
-341
-400
-283
20
385
634
671
601
644
899
1192
1296
1205
1104
1176
1477
1864
2022
1727
1171
872
1148
1721
2008
1696
980
335
203
710
1388
1479
719
-348
-930
-737
-115
333
171
-647
-1636
-2109
-1823
-1230
-962
-1203
-1690
-2086
-2201
-1993
-1634
-1404
-1378
-1370
-1233
-1075
-1008
-924
-660
-223
245
603
733
636
543
785
1408
2060
2364
2253
1938
1707
1793
2215
2687
2824
2510
2005
1621
1504
1598
1730
1696
1363
815
292
-36
-173
-230
-331
-551
-920
-1387
-1779
-1959
-1948
-1872
-1867
-2015
-2304
-2585
-2681
-2506
-2173
-1927
-1907
-2045
-2156
-2086
-1789
-1354
-977
-814
-834
-859
-720
-404
-6
342
527
499
403
515
926
1421
1665
1549
1247
1101
1370
1994
2529
2435
1705
994
992
1674
2357
2393
1695
757
224
485
1284
1796
1373
264
-650
-789
-309
211
267
-328
-1316
-2068
-2090
-1557
-1152
-1286
-1783
-2247
-2444
-2318
-1941
-1565
-1442
-1537
-1552
-1362
-1135
-956
-685
-237
206
487
639
735
805
991
1471
2130
2539
2451
2138
1982
2099
2426
2848
3085
2850
2233
1722
1663
1897
2063
1972
1614
1001
333
-19
44
168
-29
-528
-1104
-1646
-2065
-2188
-2051
-2003
-2295
-2753
-3067
-3170
-3134
-2956
-2675
-2526
-2627
-2765
-2679
-2392
-2084
-1767
-1409
-1161
-1129
-1113
-846
-398
12
339
602
668
545
614
1169
1909
2240
2034
1657
1510
1829
2588
3343
3313
2321
1285
1287
2279
3158
3084
2154
1037
387
617
1543
2224
1776
426
-689
-881
-429
38
121
-375
-1422
-2457
-2730
-2208
-1679
-1767
-2298
-2782
-3035
-3033
-2720
-2231
-1926
-1930
-1959
-1794
-1566
-1374
-1017
-385
211
475
531
655
891
1225
1740
2352
2705
2606
2358
2338
2562
2863
3168
3369
3204
2660
2160
2080
2301
2439
2302
1893
1230
508
119
190
342
108
-513
-1214
-1779
-2120
-2148
-1961
-1948
-2379
-3010
-3376
-3352
-3138
-2897
-2712
-2706
-2918
-3112
-2980
-2528
-2030
-1680
-1495
-1444
-1437
-1259
-777
-178
221
365
425
516
661
945
1430
1937
2158
2018
1725
1562
1836
2615
3394
3296
2184
1149
1309
2425
3226
2960
1958
952
451
711
1510
2016
1470
152
-857
-991
-591
-224
-168
-620
-1619
-2640
-2896
-2301
-1675
-1712
-2265
-2793
-3041
-3002
-2645
-2108
-1753
-1759
-1878
-1827
-1613
-1298
-795
-130
383
528
497
615
957
1442
2024
2557
2741
2525
2299
2423
2834
3239
3462
3448
3137
2663
2388
2501
2735
2686
2309
1780
1197
652
353
341
300
-91
-780
-1467
-1968
-2208
-2183
-2068
-2202
-2701
-3260
-3493
-3366
-3107
-2866
-2729
-2791
-3007
-3104
-2831
-2301
-1826
-1574
-1514
-1526
-1459
-1145
-586
-55
198
218
196
290
611
1182
1786
2009
1726
1320
1370
2062
2972
3366
2787
1677
1114
1721
2872
3330
2605
1349
490
455
1130
1958
2104
1092
-466
-1340
-993
-58
472
116
-1017
-2386
-3150
-2740
-1632
-1023
-1523
-2558
-3247
-3299
-2877
-2178
-1478
-1222
-1535
-1982
-2050
-1651
-951
-125
545
715
416
169
412
1116
1967
2671
2993
2793
2341
2196
2630
3361
3917
4023
3638
2949
2409
2413
2838
3116
2850
2139
1316
660
368
441
526
201
-550
-1341
-1864
-2095
-2121
-2067
-2163
-2576
-3136
-3482
-3496
-3345
-3155
-2965
-2895
-3064
-3305
-3275
-2899
-2410
-2048
-1882
-1861
-1853
-1650
-1174
-651
-345
-235
-112
139
493
943
1417
1669
1577
1383
1516
2147
2943
3325
2910
1973
1401
1824
2861
3435
2914
1750
829
646
1154
1920
2280
1672
315
-816
-946
-225
544
634
-197
-1624
-2809
-2915
-1986
-1060
-1098
-1997
-2923
-3280
-3031
-2376
-1633
-1231
-1399
-1856
-2072
-1796
-1144
-338
358
641
446
210
446
1178
2008
2600
2850
2775
2555
2496
2770
3228
3592
3717
3529
3032
2459
2209
2403
2655
2526
1957
1177
454
26
2
140
-49
-761
-1634
-2193
-2334
-2273
-2231
-2373
-2792
-3324
-3595
-3442
-3121
-2966
-3010
-3100
-3158
-3132
-2882
-2395
-1936
-1777
-1828
-1794
-1543
-1132
-629
-149
41
-86
-72
489
1366
1890
1796
1429
1307
1738
2680
3627
3684
2564
1288
1213
2385
3500
3463
2411
1150
334
429
1457
2538
2365
735
-1003
-1502
-757
287
754
175
-1395
-3072
-3568
-2581
-1274
-976
-1815
-2961
-3635
-3522
-2681
-1587
-1004
-1252
-1843
-2085
-1786
-1133
-313
440
814
724
527
618
1046
1699
2470
3139
3327
2933
2447
2460
3049
3800
4219
3999
3192
2275
1897
2289
2939
3072
2365
1172
132
-288
-9
509
512
-371
-1705
-2671
-2860
-2498
-2091
-2086
-2672
-3593
-4247
-4164
-3487
-2824
-2621
-2844
-3203
-3392
-3120
-2351
-1479
-1019
-1099
-1373
-1448
-1179
-579
172
696
670
237
-23
321
1186
2085
2458
2073
1344
1224
2217
3524
3741
2622
1353
1107
1802
2539
2703
2156
1034
-90
-273
738
1860
1757
389
-1105
-1703
-1237
-220
463
-61
-1793
-3452
-3631
-2416
-1241
-1190
-2066
-3048
-3514
-3197
-2186
-1130
-836
-1363
-1942
-1889
-1227
-369
359
767
786
675
859
1426
2044
2463
2764
3001
3076
3027
3112
3443
3770
3866
3784
3624
3371
3050
2797
2644
2443
2105
1697
1235
648
34
-307
-313
-394
-899
-1651
-2256
-2567
-2699
-2790
-2923
-3235
-3718
-4079
-4073
-3817
-3603
-3493
-3356
-3216
-3166
-3076
-2728
-2187
-1730
-1427
-1139
-868
-710
-525
-79
493
814
826
822
968
1208
1641
2263
2536
2062
1565
2145
3492
3951
2857
1520
1337
2056
2594
2619
2277
1358
14
-566
395
1797
1869
474
-1001
-1638
-1508
-797
179
353
-1125
-3316
-4182
-3095
-1498
-920
-1513
-2620
-3574
-3715
-2663
-1088
-333
-876
-1814
-2090
-1517
-485
582
1242
1204
793
739
1283
2013
2576
2966
3157
3032
2809
2887
3241
3487
3529
3572
3537
3117
2451
2057
2064
2101
1956
1702
1220
336
-560
-777
-341
-103
-611
-1567
-2429
-2960
-3011
-2548
-2077
-2355
-3375
-4204
-4164
-3536
-2936
-2610
-2583
-2904
-3317
-3210
-2362
-1378
-946
-1027
-1130
-1044
-771
-213
570
1072
904
437
363
810
1371
1825
2140
2067
1490
1123
1828
3203
3710
2705
1299
820
1317
2030
2506
2466
1508
-107
-985
-167
1409
1932
927
-576
-1595
-1845
-1235
-23
624
-418
-2617
-4061
-3665
-2182
-991
-801
-1617
-2946
-3785
-3222
-1561
-201
-114
-969
-1818
-1997
-1279
126
1451
1852
1309
694
758
1496
2468
3255
3496
3086
2513
2477
3033
3527
3538
3301
3072
2777
2393
2125
2027
1842
1511
1281
1142
718
-61
-683
-781
-669
-787
-1119
-1551
-2163
-2816
-3029
-2664
-2340
-2624
-3243
-3622
-3644
-3460
-3056
-2485
-2150
-2328
-2641
-2548
-2031
-1423
-895
-492
-403
-631
-679
-112
772
1266
1171
887
772
875
1232
1833
2241
1969
1364
1410
2389
3235
2924
1818
1037
1042
1469
1966
2303
1934
603
-715
-665
649
1618
1144
-217
-1391
-1905
-1643
-633
368
83
-1727
-3620
-4046
-3000
-1627
-878
-1110
-2223
-3501
-3788
-2632
-941
-21
-269
-1130
-1847
-1828
-824
734
1850
1909
1279
781
899
1663
2793
3692
3748
3053
2419
2460
2968
3428
3640
3576
3167
2548
2140
2116
2146
1965
1704
1474
1053
345
-285
-528
-596
-809
-1120
-1427
-1862
-2455
-2855
-2803
-2601
-2660
-2913
-3063
-3128
-3267
-3314
-3011
-2509
-2180
-2096
-2065
-2015
-1950
-1689
-1084
-424
-166
-283
-325
-59
313
622
908
1133
1164
1107
1258
1535
1580
1467
1736
2476
2891
2378
1397
830
933
1393
1965
2349
1927
529
-796
-782
448
1478
1349
336
-881
-1820
-1976
-1055
188
322
-1075
-2828
-3588
-3145
-2110
-1097
-690
-1335
-2629
-3349
-2740
-1358
-294
-19
-345
-933
-1304
-940
139
1239
1744
1718
1512
1306
1296
1781
2661
3289
3249
2860
2602
2525
2528
2717
3061
3148
2757
2226
1916
1724
1462
1299
1360
1298
791
118
-257
-375
-562
-853
-1094
-1364
-1779
-2135
-2229
-2278
-2578
-2937
-2961
-2711
-2580
-2667
-2763
-2787
-2768
-2574
-2084
-1568
-1400
-1523
-1546
-1308
-940
-538
-118
151
69
-197
-211
191
746
1142
1279
1133
750
489
811
1672
2361
2264
1522
759
438
704
1431
2161
2203
1300
125
-316
242
1167
1700
1505
666
-403
-1014
-703
158
617
139
-911
-1799
-2089
-1742
-1024
-468
-606
-1377
-2096
-2159
-1598
-873
-400
-364
-717
-1116
-1084
-505
225
660
735
648
569
617
904
1346
1657
1681
1593
1607
1688
1716
1742
1843
1928
1892
1796
1730
1634
1423
1194
1097
1076
957
742
537
346
99
-168
-326
-395
-540
-787
-987
-1094
-1223
-1446
-1654
-1747
-1782
-1805
-1797
-1786
-1901
-2129
-2237
-2092
-1777
-1441
-1225
-1257
-1497
-1611
-1333
-858
-517
-366
-311
-390
-591
-556
-25
596
689
310
127
448
910
1194
1378
1435
1116
583
480
1048
1696
1801
1464
1156
1006
932
1026
1358
1634
1485
1000
596
477
497
470
347
81
-336
-750
-915
-800
-634
-634
-833
-1152
-1454
-1574
-1458
-1241
-1094
-1055
-1072
-1127
-1177
-1095
-827
-477
-185
5
105
93
-4
-28
178
547
858
986
983
944
908
976
1232
1576
1781
1754
1619
1503
1428
1409
1492
1625
1635
1430
1116
834
661
627
678
659
428
17
-413
-695
-752
-681
-681
-900
-1305
-1673
-1822
-1748
-1552
-1379
-1379
-1604
-1895
-2001
-1848
-1560
-1291
-1114
-1094
-1257
-1451
-1437
-1169
-830
-589
-451
-382
-386
-373
-197
134
405
459
375
338
417
599
857
1118
1250
1196
1073
1041
1133
1261
1340
1339
1262
1123
972
835
701
542
356
187
96
85
82
0
-172
-376
-554
-680
-730
-699
-623
-552
-488
-419
-385
-442
-551
-582
-438
-169
87
191
88
-158
-344
-297
0
386
647
706
610
505
528
694
903
1033
1043
989
930
889
901
945
972
934
844
744
654
561
467
399
323
199
11
-238
-490
-656
-676
-611
-605
-730
-953
-1185
-1358
-1417
-1328
-1184
-1151
-1261
-1386
-1407
-1356
-1291
-1192
-1066
-969
-937
-887
-731
-560
-467
-405
-302
-174
-78
30
204
368
429
413
432
536
673
818
970
1061
1054
1004
1002
1071
1113
1072
973
874
797
743
677
532
288
23
-140
-149
-73
-33
-108
-290
-490
-598
-565
-446
-367
-390
-472
-528
-513
-447
-376
-336
-338
-347
-298
-198
-101
-49
-31
2
73
182
308
428
500
493
454
445
478
538
623
736
853
892
797
651
552
520
561
716
923
970
741
337
13
-75
-24
67
138
63
-238
-627
-796
-667
-508
-548
-721
-860
-931
-994
-945
-689
-512
-730
-1200
-1457
-1287
-981
-804
-678
-488
-415
-638
-926
-864
-409
79
361
511
630
605
323
-53
-218
-47
324
698
987
1164
1153
920
574
329
311
456
645
807
868
734
378
-100
-558
-875
-952
-724
-262
181
339
135
-314
-791
-1106
-1121
-816
-369
-41
52
-24
-140
-250
-345
-360
-241
0
238
370
430
474
446
249
5
5
335
740
921
906
886
811
541
229
232
597
939
973
816
730
756
779
731
592
381
209
224
357
370
283
279
245
-103
-674
-873
-529
-251
-487
-874
-804
-483
-598
-1139
-1436
-1207
-935
-1010
-1122
-862
-467
-476
-897
-1172
-981
-582
-347
-294
-162
149
438
516
434
367
345
301
215
183
291
479
601
584
497
441
425
376
259
146
146
267
377
301
-12
-449
-840
-1077
-1138
-1033
-797
-524
-355
-363
-495
-640
-733
-783
-754
-544
-150
234
383
312
235
280
390
491
619
809
1005
1126
1175
1233
1280
1180
904
645
659
961
1289
1359
1132
788
495
277
133
100
210
372
417
298
136
41
-58
-294
-594
-683
-429
-69
42
-143
-374
-508
-672
-942
-1107
-955
-643
-515
-613
-682
-608
-600
-832
-1127
-1160
-899
-611
-489
-444
-300
-100
-31
-103
-64
318
907
1289
1260
1004
799
664
465
233
138
220
311
317
337
437
406
-10
-731
-1346
-1499
-1255
-933
-799
-919
-1232
-1648
-2043
-2274
-2273
-2069
-1719
-1225
-601
1
329
286
44
-90
56
433
904
1401
1897
2334
2629
2709
2582
2309
1992
1780
1802
2031
2261
2263
2008
1643
1306
1021
746
460
147
-184
-446
-542
-470
-390
-494
-805
-1179
-1431
-1483
-1369
-1190
-1048
-985
-972
-936
-859
-778
-728
-707
-691
-661
-585
-439
-255
-105
-42
-87
-180
-275
-361
-452
-543
-500
-249
95
305
383
626
1228
1897
2097
1703
1094
704
517
338
145
33
-32
-209
-435
-492
-384
-495
-1123
-2039
-2663
-2682
-2314
-1950
-1776
-1772
-1923
-2246
-2635
-2877
-2827
-2494
-1909
-1080
-117
709
1183
1369
1502
1656
1724
1708
1837
2303
2990
3610
3988
4133
4046
3672
3087
2520
2112
1739
1236
739
567
761
969
829
363
-161
-607
-1002
-1327
-1470
-1426
-1339
-1285
-1176
-958
-764
-789
-1027
-1284
-1383
-1292
-1068
-786
-530
-357
-279
-262
-283
-326
-360
-390
-450
-541
-542
-356
-69
107
96
38
11
-28
-69
166
905
1870
2460
2393
1923
1454
1004
406
-254
-758
-1042
-1254
-1387
-1237
-864
-711
-1142
-1982
-2732
-3129
-3273
-3246
-3012
-2662
-2460
-2542
-2677
-2540
-2159
-1794
-1545
-1234
-641
204
1114
2008
2810
3339
3391
3019
2650
2662
3014
3367
3517
3589
3724
3804
3656
3310
2877
2305
1457
496
-111
-172
22
102
46
78
178
121
-133
-435
-727
-1123
-1551
-1625
-1171
-524
-127
-71
-123
-177
-362
-675
-945
-1089
-1190
-1321
-1306
-1025
-656
-484
-610
-873
-1109
-1308
-1492
-1602
-1563
-1340
-987
-596
-174
351
1041
1836
2414
2547
2333
1970
1642
1215
659
164
-227
-554
-910
-1183
-1106
-872
-898
-1373
-2189
-2922
-3381
-3562
-3418
-3174
-3082
-3220
-3399
-3205
-2644
-2064
-1611
-1238
-729
-23
748
1613
2487
3105
3341
3261
3232
3493
3796
3926
3829
3606
3475
3352
3180
2987
2613
2057
1349
604
148
-61
-198
-335
-530
-529
-271
19
263
329
220
33
-274
-438
-290
-18
231
283
314
559
771
759
495
40
-427
-917
-1336
-1425
-1291
-1206
-1264
-1381
-1356
-1219
-1274
-1481
-1694
-1936
-2010
-1932
-1692
-1105
-472
338
1465
2331
2909
2909
2316
1786
916
23
-518
-1181
-1526
-1888
-2210
-1726
-1366
-1268
-1454
-2280
-2737
-3149
-3596
-3456
-3552
-3639
-3677
-3870
-3214
-2304
-1552
-745
-439
22
721
1329
2396
3262
3653
3843
3596
3665
4049
4177
4330
4139
3753
3594
3250
3058
2886
2256
1575
708
-37
-224
-445
-598
-724
-966
-751
-393
-39
434
501
429
297
10
115
289
348
414
260
420
866
1108
1228
964
516
133
-414
-785
-961
-1174
-1379
-1646
-1712
-1463
-1248
-1295
-1497
-1711
-1857
-1724
-1536
-1256
-798
-482
368
1547
2482
3346
3279
2825
2240
948
93
-845
-2005
-2797
-3901
-3998
-3293
-2957
-2457
-2722
-3155
-3248
-3843
-3842
-3819
-4288
-4580
-5190
-4946
-3767
-2716
-1363
-386
454
1695
2630
3776
4726
4819
4642
4053
3651
3871
4026
4315
4490
4257
4214
4104
3889
3679
2820
1737
730
-346
-844
-1096
-1258
-1008
-972
-664
75
624
1307
1455
1087
895
368
127
167
-10
222
261
376
989
1261
1571
1461
774
309
-478
-1072
-1425
-2034
-2255
-2574
-2651
-2198
-1926
-1406
-1180
-1179
-963
-1136
-1039
-1024
-1140
-672
-136
1183
2740
3693
4459
4224
3724
3104
1787
709
-898
-2700
-4011
-5178
-5047
-4460
-4145
-3765
-4079
-4088
-3834
-3858
-3569
-3973
-4752
-5425
-6091
-5601
-4604
-3504
-2102
-1063
441
2284
3935
5663
6378
6227
5672
4652
4230
3976
3596
3491
3080
3037
3425
3717
4238
4079
3211
2206
892
38
-599
-1363
-1683
-1905
-1621
-659
347
1561
2323
2440
2447
2086
1769
1414
667
119
-383
-563
-134
313
927
1276
1137
1027
589
105
-470
-1484
-2273
-3013
-3424
-3299
-3200
-2706
-2207
-1808
-1201
-865
-300
98
87
326
639
1562
2534
2935
3324
3302
3192
2798
1783
945
-372
-2105
-3699
-5027
-5217
-5180
-5445
-5450
-5476
-5007
-4449
-4099
-3413
-3278
-3727
-4414
-5009
-4689
-4168
-3676
-2802
-1689
-6
1857
3715
5754
7067
7459
7113
6305
5696
4815
3667
2761
1989
1753
1826
2081
2817
3187
3064
2587
1753
1184
357
-719
-1443
-2017
-1965
-1538
-952
242
1258
2053
2705
2925
3204
2913
2022
1178
199
-337
-603
-779
-410
-171
15
295
408
619
285
-611
-1460
-2309
-2886
-3384
-3778
-3631
-3287
-2812
-2126
-1106
203
1144
1653
2151
3031
3918
4091
3761
3257
2807
2140
1090
371
-210
-1215
-2645
-4052
-4480
-4453
-4943
-5605
-6065
-6005
-5809
-5810
-5275
-4485
-4193
-4458
-4708
-4058
-3027
-2467
-2083
-1346
-88
1218
2462
4080
5722
6641
6596
6286
6292
6022
5018
3603
2460
1805
1166
756
954
1402
1571
1250
1118
1515
1648
1148
336
-181
-296
-510
-596
-219
370
757
894
1427
2405
3026
2895
2311
1922
1643
1063
425
-36
-329
-785
-1357
-1364
-948
-750
-1070
-1668
-1870
-1925
-2302
-2692
-2911
-2846
-2799
-2854
-2257
-1157
-126
700
1531
3013
4519
5164
5195
4880
4418
3387
1699
280
-874
-2253
-3833
-5019
-5064
-4708
-4871
-5194
-5167
-4754
-4607
-4816
-4634
-4295
-4501
-5199
-5502
-4786
-3848
-3349
-2714
-1324
555
2204
3660
5352
6786
7114
6497
5925
5661
4946
3440
1928
1160
849
557
577
1176
1827
1805
1357
1334
1649
1487
624
-297
-656
-714
-740
-392
413
1213
1510
1606
2174
2950
3209
2769
2120
1707
1305
776
391
220
-18
-603
-1138
-1133
-880
-910
-1377
-1837
-2033
-2321
-2694
-2900
-2844
-2743
-2878
-2677
-1782
-626
442
1386
2665
4083
4864
5088
5080
4877
4102
2523
914
-366
-1798
-3421
-4756
-5207
-5135
-5403
-5659
-5380
-4762
-4328
-4297
-4089
-3773
-4119
-4917
-5348
-5014
-4392
-4105
-3550
-2117
-274
1532
3298
5226
6875
7304
6834
6364
5903
4946
3238
1547
559
-128
-595
-448
375
1353
1705
1727
2129
2588
2513
1770
910
390
-170
-751
-833
-330
351
725
1114
2021
2989
3422
3286
2963
2646
1988
1046
299
-197
-680
-1262
-1587
-1383
-1087
-1090
-1259
-1355
-1448
-1796
-2234
-2429
-2504
-2696
-2811
-2403
-1487
-436
675
2046
3511
4550
5005
5200
5200
4614
3279
1629
127
-1373
-3016
-4359
-4981
-5169
-5498
-5811
-5500
-4710
-4118
-3886
-3639
-3364
-3606
-4423
-5076
-5164
-5066
-5119
-4886
-3724
-1837
107
1985
4021
5919
6946
6981
6654
6184
5070
3191
1266
-21
-767
-1292
-1402
-807
225
1180
1978
2899
3814
4070
3465
2554
1827
1163
311
-434
-665
-510
-207
374
1456
2758
3648
3937
3926
3811
3403
2502
1331
235
-754
-1710
-2422
-2569
-2233
-1854
-1631
-1390
-1032
-770
-847
-1175
-1516
-1790
-2044
-2155
-1766
-744
566
1749
2776
3779
4586
4794
4310
3388
2166
565
-1313
-2972
-4028
-4672
-5255
-5653
-5493
-4808
-4057
-3470
-2896
-2411
-2431
-3044
-3755
-4155
-4464
-4990
-5400
-5115
-4054
-2607
-956
1019
3076
4632
5438
5840
6080
5763
4563
2840
1240
1
-1022
-1692
-1674
-1085
-333
412
1385
2633
3614
3927
3698
3215
2568
1647
660
-38
-460
-720
-741
-286
676
1736
2624
3344
3882
4127
3908
3303
2496
1509
374
-743
-1604
-2100
-2353
-2437
-2278
-1867
-1326
-828
-432
-91
141
211
213
327
636
984
1212
1384
1610
1859
1962
1831
1558
1103
339
-632
-1547
-2217
-2823
-3555
-4184
-4485
-4456
-4261
-3979
-3493
-3003
-2825
-2879
-2910
-2775
-2758
-3075
-3329
-3203
-2731
-2092
-1333
-268
869
1676
2218
2711
3156
3170
2547
1749
1127
606
72
-374
-434
-186
88
486
1164
1992
2552
2630
2534
2448
2207
1709
1112
676
398
194
231
607
1165
1641
1962
2272
2571
2694
2571
2236
1752
1162
575
123
-242
-623
-1020
-1308
-1413
-1379
-1186
-827
-442
-167
121
693
1489
2113
2364
2388
2313
2031
1460
807
206
-575
-1646
-2657
-3126
-3099
-3063
-3116
-2944
-2488
-2051
-1819
-1569
-1234
-1249
-1816
-2507
-2822
-2827
-2933
-3051
-2723
-1933
-1056
-256
686
1740
2342
2222
1788
1433
992
131
-898
-1580
-1865
-1988
-1910
-1346
-386
455
987
1484
2079
2451
2293
1832
1394
951
417
-27
-93
129
343
571
1017
1637
2118
2284
2300
2273
2064
1614
1103
726
419
56
-227
-263
-129
-12
84
328
694
951
1034
1082
1208
1315
1310
1284
1307
1286
1091
793
546
305
-112
-763
-1465
-2059
-2572
-3024
-3336
-3436
-3361
-3224
-2957
-2469
-1855
-1323
-1038
-925
-865
-865
-930
-1023
-1053
-975
-810
-467
136
933
1728
2321
2682
2846
2791
2469
1857
998
0
-992
-1810
-2317
-2477
-2339
-1960
-1410
-713
90
850
1389
1566
1424
1121
729
288
-169
-539
-711
-679
-413
99
749
1363
1797
2080
2275
2291
2034
1516
840
134
-551
-1105
-1411
-1500
-1415
-1138
-602
187
1035
1825
2529
3065
3366
3356
3106
2674
1975
1062
88
-811
-1596
-2350
-2953
-3298
-3446
-3435
-3316
-3043
-2669
-2356
-2072
-1777
-1495
-1340
-1412
-1538
-1591
-1591
-1540
-1407
-1103
-669
-178
456
1259
2111
2797
3182
3354
3364
3177
2780
2206
1541
829
143
-358
-570
-542
-416
-293
-147
48
231
325
266
68
-223
-538
-773
-869
-827
-704
-546
-331
-2
414
824
1130
1297
1345
1291
1172
1000
749
415
-5
-461
-851
-1091
-1143
-1084
-983
-795
-460
44
613
1150
1621
1942
2039
1913
1663
1378
959
341
-390
-1057
-1554
-1940
-2210
-2299
-2252
-2181
-2144
-2036
-1795
-1583
-1559
-1722
-1920
-2069
-2222
-2348
-2331
-2140
-1855
-1504
-959
-151
738
1484
2047
2500
2849
3001
2940
2754
2469
2085
1697
1462
1433
1494
1525
1533
1545
1542
1463
1284
1009
602
103
-351
-659
-827
-928
-977
-927
-791
-604
-360
-72
178
297
314
351
420
428
334
190
40
-160
-414
-595
-641
-638
-657
-624
-401
-39
298
566
796
956
933
708
414
117
-280
-818
-1375
-1748
-1915
-1992
-1972
-1786
-1453
-1096
-773
-398
15
296
304
99
-144
-406
-777
-1239
-1665
-1974
-2179
-2256
-2073
-1603
-1013
-467
45
615
1203
1635
1828
1847
1759
1578
1345
1188
1165
1184
1170
1177
1311
1550
1752
1838
1827
1760
1629
1427
1197
954
650
273
-89
-330
-434
-484
-535
-544
-469
-312
-116
71
214
262
197
68
-53
-135
-215
-333
-447
-472
-359
-134
121
355
531
605
565
427
221
-58
-457
-949
-1438
-1804
-2007
-2099
-2099
-1995
-1792
-1530
-1245
-924
-591
-331
-196
-147
-107
-68
-98
-205
-320
-405
-486
-565
-587
-526
-445
-390
-333
-234
-113
-38
-12
36
120
213
308
457
675
886
1060
1221
1389
1526
1568
1529
1473
1415
1345
1268
1220
1211
1199
1175
1174
1206
1227
1176
1058
924
779
603
388
151
-91
-359
-626
-832
-952
-1010
-1049
-1051
-982
-852
-681
-489
-293
-117
-8
31
35
6
-87
-269
-522
-804
-1087
-1339
-1520
-1618
-1640
-1599
-1483
-1269
-970
-622
-280
16
250
406
489
511
459
317
88
-188
-450
-668
-816
-891
-885
-793
-632
-390
-87
227
502
691
801
839
809
722
589
442
304
192
145
182
296
457
626
802
966
1092
1158
1151
1075
939
753
562
401
300
261
289
394
570
786
1006
1191
1315
1354
1288
1115
860
546
199
-149
-463
-711
-885
-993
-1047
-1058
-1045
-1044
-1085
-1172
-1302
-1460
-1626
-1781
-1885
-1926
-1893
-1786
-1597
-1326
-1009
-675
-346
-40
228
438
584
669
698
673
601
499
389
278
163
53
-41
-117
-184
-237
-270
-282
-274
-248
-189
-90
52
221
412
628
850
1059
1243
1390
1495
1542
1530
1471
1373
1238
1076
897
722
555
394
249
122
14
-86
-181
-262
-331
-393
-449
-491
-508
-496
-446
-356
-230
-76
91
258
405
509
554
528
425
251
12
-277
-591
-912
-1218
-1493
-1714
-1869
-1962
-1994
-1970
-1906
-1807
-1686
-1549
-1390
-1210
-1008
-776
-508
-211
109
441
766
1069
1325
1517
1639
1680
1646
1539
1378
1183
971
764
576
424
308
227
179
151
140
128
121
113
106
113
141
198
294
420
572
737
903
1051
1168
1243
1260
1218
1121
974
786
564
323
72
-174
-400
-603
-772
-899
-985
-1033
-1038
-1003
-937
-849
-751
-655
-568
-502
-465
-460
-491
-557
-651
-762
-873
-971
-1045
-1087
-1089
-1051
-980
-888
-787
-693
-616
-567
-548
-553
-578
-615
-650
-666
-644
-579
-467
-314
-124
95
329
568
806
1027
1222
1383
1508
1593
1629
1619
1562
1465
1336
1187
1036
903
797
729
704
723
773
836
893
928
930
889
801
678
532
378
235
123
51
33
59
119
201
278
331
340
288
170
-9
-234
-488
-740
-966
-1146
-1260
-1300
-1267
-1174
-1048
-915
-804
-743
-750
-833
-991
-1207
-1452
-1699
-1907
-2043
-2083
-2013
-1837
-1564
-1217
-841
-468
-139
121
295
377
380
323
237
152
96
87
139
250
403
583
770
933
1052
1108
1097
1024
898
740
575
431
326
279
296
382
531
721
935
1147
1339
1490
1585
1620
1595
1510
1379
1217
1044
880
730
606
511
445
396
355
313
260
186
88
-35
-169
-302
-429
-532
-598
-625
-616
-577
-513
-440
-375
-331
-315
-337
-401
-503
-637
-794
-966
-1143
-1313
-1466
-1593
-1694
-1765
-1805
-1822
-1818
-1797
-1755
-1690
-1601
-1489
-1348
-1172
-967
-732
-471
-197
74
328
553
743
890
992
1050
1076
1080
1070
1056
1041
1027
1011
982
938
873
784
673
545
412
290
188
126
114
160
262
413
599
810
1021
1213
1367
1466
1499
1467
1372
1222
1041
844
648
471
328
226
163
128
112
96
66
15
-64
-167
-292
-429
-560
-672
-748
-782
-771
-717
-632
-533
-431
-346
-295
-290
-337
-436
-576
-745
-931
-1109
-1266
-1383
-1450
-1468
-1437
-1366
-1266
-1145
-1018
-893
-779
-681
-591
-506
-425
-335
-230
-103
45
207
379
554
715
849
945
993
985
921
809
664
503
342
193
78
8
-14
11
77
171
275
372
448
496
515
503
471
430
395
379
388
426
496
586
686
786
869
927
946
922
855
746
606
448
284
131
-1
-103
-169
-198
-198
-180
-151
-126
-117
-131
-174
-247
-341
-442
-543
-628
-684
-708
-691
-642
-569
-484
-402
-335
-300
-302
-345
-421
-517
-625
-726
-803
-841
-829
-766
-658
-518
-358
-196
-54
55
127
160
158
131
98
69
56
66
97
149
209
268
318
345
344
312
252
173
84
-3
-74
-125
-152
-152
-128
-79
-20
45
104
152
188
212
224
230
238
257
291
343
411
489
565
633
682
702
689
641
563
462
353
244
145
72
28
13
20
42
72
96
105
89
48
-13
-86
-163
-229
-276
-296
-285
-247
-183
-102
-25
39
77
81
46
-29
-136
-264
-395
-512
-604
-653
-656
-613
-530
-416
-285
-155
-47
30
68
66
26
-42
-114
-179
-227
-248
-240
-196
-129
-54
17
68
84
62
-5
-110
-244
-394
-540
-661
-741
-766
-729
-630
-474
-277
-63
154
352
515
633
694
706
672
603
520
439
379
350
349
382
440
504
566
606
611
571
488
375
245
113
-2
-86
-130
-121
-68
20
125
232
323
381
405
393
349
281
199
111
34
-27
-71
-100
-117
-127
-132
-138
-150
-169
-198
-238
-277
-305
-318
-324
-310
-281
-241
-192
-151
-117
-94
-83
-87
-104
-127
-151
-179
-202
-219
-241
-265
-293
-323
-352
-392
-432
-464
-488
-489
-478
-457
-417
-362
-290
-212
-134
-59
12
72
124
165
193
210
224
231
237
241
242
241
234
223
215
205
201
200
201
207
217
227
238
240
242
244
241
240
233
222
217
211
211
213
211
212
209
196
175
141
100
55
6
-41
-78
-98
-106
-94
-66
-26
19
58
83
94
88
67
33
-7
-48
-82
-101
-112
-117
-116
-119
-124
-134
-160
-196
-242
-289
-335
-375
-404
-412
-395
-355
-292
-216
-133
-52
19
78
118
134
133
115
87
50
13
-22
-51
-72
-82
-82
-72
-56
-35
-12
7
18
22
19
11
-3
-9
-12
-1
21
54
102
157
214
269
314
347
358
345
315
265
202
130
56
-14
-78
-130
-163
-179
-181
-172
-153
-125
-91
-56
-22
14
46
76
101
123
143
157
169
173
174
168
158
141
113
74
30
-18
-71
-129
-188
-243
-289
-329
-359
-374
-378
-365
-339
-302
-250
-187
-116
-42
31
103
165
218
258
283
297
294
279
258
233
204
175
144
118
94
70
48
24
-4
-36
-71
-107
-143
-172
-193
-204
-195
-173
-138
-88
-32
27
80
123
152
163
154
129
89
40
-12
-63
-110
-146
-173
-190
-197
-195
-187
-170
-147
-117
-82
-48
-14
19
51
81
105
125
141
156
165
170
178
179
177
166
150
129
103
69
27
-17
-62
-106
-147
-182
-199
-207
-211
-198
-175
-140
-99
-60
-21
16
48
70
87
103
109
112
111
111
116
117
118
117
115
110
101
89
72
52
31
10
-7
-25
-40
-49
-52
-50
-47
-43
-38
-34
-35
-39
-45
-53
-63
-73
-80
-89
-93
-98
-97
-92
-84
-70
-54
-39
-27
-17
-10
-8
-6
-9
-14
-18
-19
-17
-11
-4
8
21
34
48
60
67
69
67
65
61
53
43
36
31
28
28
28
32
36
38
33
32
29
24
19
13
7
3
-1
1
2
7
14
20
27
31
34
36
34
31
25
19
13
8
2
1
0
-2
-2
-3
-2
1
2
4
0
-8
-17
-27
-35
-44
-55
-65
-72
-76
-78
-80
-82
-84
-83
-81
-77
-72
-65
-59
-53
-47
-40
-31
-23
-17
-10
-7
-3
2
9
16
22
25
33
37
43
47
47
45
44
41
40
36
33
31
29
29
31
35
41
48
51
55
59
61
64
64
63
57
48
38
29
20
14
11
9
10
11
12
13
14
11
4
-4
-12
-20
-26
-36
-47
-55
-59
-60
-55
-47
-35
-25
-16
-9
-6
-6
-11
-18
-25
-33
-42
-45
-46
-46
-44
-44
-41
-37
-34
-34
-36
-38
-39
-41
-41
-42
-41
-38
-33
-25
-11
-1
10
21
31
41
48
53
59
61
60
59
58
54
52
50
48
47
40
36
30
25
20
16
11
7
5
5
5
8
13
15
18
22
26
28
30
32
31
28
27
25
22
18
9
0
-4
-13
-23
-30
-35
-42
-50
-59
-63
-64
-64
-66
-62
-55
-48
-43
-36
-28
-21
-17
-16
-13
-9
-7
-6
-4
-4
-8
-9
-8
-6
-9
-11
-9
-8
-9
-9
-10
-7
-4
-2
1
5
11
18
24
31
36
41
45
52
54
53
51
48
50
48
44
41
36
32
27
19
13
4
-3
-8
-14
-19
-24
-26
-26
-26
-21
-18
-10
1
8
15
20
26
28
27
25
20
15
8
1
-9
-17
-26
-31
-36
-40
-44
-46
-49
-54
-57
-61
-62
-63
-64
-62
-56
-47
-37
-23
-10
1
12
26
36
42
44
42
39
31
22
15
11
7
7
5
4
4
8
10
9
10
10
10
9
9
13
15
17
23
31
37
45
54
59
62
61
57
49
38
24
8
-9
-20
-31
-40
-42
-44
-42
-38
-30
-21
-15
-10
-6
-3
-3
-1
3
7
9
14
15
14
15
17
17
16
12
8
0
-10
-18
-29
-37
-45
-54
-58
-58
-58
-57
-53
-52
-49
-47
-45
-45
-44
-37
-31
-25
-20
-15
-9
-3
4
10
12
13
12
9
12
11
14
17
21
26
28
34
40
42
46
52
57
58
60
56
57
55
51
48
45
41
35
32
30
27
25
22
17
11
5
1
-7
-11
-15
-17
-19
-19
-20
-21
-21
-23
-24
-23
-26
-26
-25
-23
-23
-23
-21
-22
-21
-19
-18
-20
-20
-20
-20
-19
-20
-19
-17
-19
-20
-20
-17
-16
-15
