5
8
8
0
2
9
9
9
6
1
-1
4
-1
3
4
-4
1
4
-2
3
4
-8
-13
-7
-5
-4
-3
-7
-12
-14
-7
-5
-8
-8
-11
-12
-9
-5
-5
-7
-7
-12
-9
-6
-4
-3
-8
-12
-13
-10
-3
-1
-2
-4
-4
-5
-2
1
-1
1
2
0
6
7
10
11
6
8
13
13
14
16
14
13
14
14
14
10
8
8
7
9
11
13
11
5
2
-2
1
8
6
2
2
2
2
2
1
0
-4
-8
-3
1
0
-2
-4
-9
-12
-10
-7
-8
-10
-6
-4
-7
-7
-7
-11
-14
-13
-10
-4
-2
-4
-5
-9
-12
-12
-11
-8
-4
-4
-5
-1
1
0
-3
-9
-9
-6
-2
3
5
4
1
0
0
1
0
3
4
2
5
7
5
4
3
2
1
5
6
6
10
8
6
8
6
7
11
10
6
7
10
10
9
10
12
9
9
13
11
7
9
7
3
3
6
4
0
1
1
-3
-4
1
-1
-5
-5
-6
-7
-9
-9
-12
-12
-10
-10
-8
-4
-7
-11
-10
-12
-10
-10
-8
-7
-7
2
6
6
7
11
9
5
20
25
31
38
32
33
16
-7
-21
-32
-46
-66
-79
-105
-129
-154
-202
-214
-215
-209
-195
-208
-191
-155
-136
-115
-104
-88
-44
18
77
128
178
199
216
232
240
268
282
273
284
299
338
377
362
333
293
274
302
333
348
352
332
328
322
317
329
326
326
322
292
265
232
188
127
35
-62
-152
-222
-297
-374
-439
-517
-583
-666
-754
-777
-786
-772
-745
-730
-673
-606
-554
-526
-515
-499
-451
-357
-218
-34
189
463
799
1174
1500
1673
1606
1278
766
211
-242
-516
-613
-586
-522
-504
-604
-867
-1288
-1773
-2147
-2259
-2039
-1570
-1079
-778
-751
-918
-1087
-1056
-752
-222
411
1025
1539
1892
2016
1895
1573
1200
961
957
1155
1396
1478
1301
923
465
57
-220
-355
-333
-138
213
609
877
904
682
366
162
198
456
805
1108
1286
1321
1199
905
471
7
-314
-346
-118
158
207
-128
-766
-1443
-1892
-1987
-1806
-1503
-1212
-989
-830
-764
-821
-982
-1140
-1121
-821
-293
252
574
540
225
-166
-428
-462
-316
-103
86
205
244
177
-19
-321
-629
-792
-730
-474
-147
93
173
112
-22
-147
-185
-13
484
1342
2401
3283
3595
3147
2093
847
-167
-724
-844
-672
-349
9
230
71
-672
-1903
-3152
-3800
-3454
-2262
-877
-31
-80
-800
-1620
-2002
-1758
-1038
-93
902
1867
2670
3059
2800
1904
755
-72
-156
473
1353
1897
1780
1089
188
-559
-981
-1096
-979
-665
-174
412
912
1142
1059
785
565
629
1008
1555
2019
2156
1871
1264
560
-2
-260
-243
-91
29
-8
-230
-605
-1086
-1597
-2027
-2245
-2151
-1761
-1246
-851
-739
-909
-1174
-1294
-1137
-728
-230
170
376
390
272
89
-128
-342
-489
-521
-415
-212
-60
-83
-308
-665
-991
-1132
-1046
-776
-441
-170
3
92
108
91
67
47
96
258
522
892
1323
1817
2407
2998
3404
3423
2915
1970
892
-32
-617
-821
-776
-583
-348
-270
-539
-1279
-2351
-3290
-3572
-2953
-1653
-329
341
127
-710
-1547
-1797
-1313
-288
919
1965
2691
3003
2791
2055
959
-104
-630
-381
443
1320
1647
1189
201
-830
-1439
-1447
-1026
-425
169
633
929
1034
922
714
637
822
1325
1967
2418
2468
2023
1177
202
-622
-1099
-1126
-831
-506
-411
-721
-1361
-2033
-2454
-2457
-2072
-1530
-1054
-764
-709
-822
-1003
-1176
-1221
-1022
-568
47
594
821
639
144
-409
-727
-698
-395
-7
236
224
-5
-378
-757
-1014
-1104
-993
-699
-315
85
405
561
557
442
324
365
609
972
1286
1345
1107
720
388
282
460
884
1549
2444
3404
4108
4129
3230
1641
-64
-1264
-1643
-1356
-809
-360
-197
-364
-903
-1872
-3112
-4114
-4254
-3198
-1296
499
1224
531
-1048
-2417
-2672
-1641
142
1867
2964
3316
3057
2347
1290
72
-914
-1186
-538
698
1744
1843
805
-882
-2355
-2923
-2468
-1399
-293
455
765
756
577
350
227
384
942
1839
2750
3242
2994
2004
615
-639
-1318
-1284
-728
-76
255
47
-650
-1559
-2344
-2719
-2542
-1876
-951
-108
305
130
-519
-1270
-1672
-1427
-560
590
1551
1956
1702
972
116
-509
-687
-406
140
639
795
471
-254
-1105
-1744
-1919
-1584
-903
-168
318
404
129
-283
-523
-377
160
884
1491
1736
1553
1081
543
128
-42
51
320
638
884
1035
1192
1508
2035
2618
2945
2705
1842
577
-699
-1636
-2078
-2035
-1616
-1012
-519
-470
-1086
-2234
-3350
-3723
-2950
-1294
395
1218
806
-434
-1630
-2014
-1376
-77
1292
2294
2782
2761
2257
1314
118
-919
-1322
-897
63
900
987
170
-1139
-2250
-2617
-2134
-1115
-4
855
1331
1446
1292
1011
810
904
1411
2237
3071
3517
3291
2382
1042
-318
-1300
-1672
-1444
-858
-289
-90
-416
-1163
-2001
-2527
-2477
-1834
-866
38
530
459
-59
-719
-1164
-1138
-594
292
1182
1736
1722
1151
253
-622
-1157
-1218
-904
-484
-243
-348
-773
-1332
-1776
-1909
-1665
-1103
-406
217
593
663
504
275
142
196
424
720
968
1091
1049
857
547
180
-149
-346
-364
-252
-150
-151
-179
15
702
1910
3261
4159
4133
3152
1664
261
-665
-1062
-1064
-782
-265
313
549
-11
-1484
-3306
-4453
-4096
-2258
58
1492
1238
-426
-2353
-3330
-2845
-1258
631
2154
3065
3390
3142
2276
891
-586
-1476
-1304
-205
1061
1569
864
-731
-2344
-3151
-2854
-1774
-527
393
820
850
660
399
230
352
937
1952
3076
3814
3734
2748
1180
-405
-1474
-1765
-1355
-576
153
467
166
-696
-1803
-2667
-2852
-2208
-994
229
883
715
-76
-980
-1481
-1321
-597
364
1206
1663
1608
1059
170
-779
-1446
-1587
-1205
-576
-104
-72
-498
-1134
-1622
-1706
-1351
-707
-10
531
806
820
674
510
441
524
726
954
1102
1067
814
393
-82
-438
-574
-480
-243
9
176
208
101
-67
-76
363
1458
3070
4611
5335
4774
3115
1080
-536
-1347
-1458
-1201
-798
-307
109
39
-958
-2863
-4879
-5793
-4820
-2282
443
1813
1164
-863
-2800
-3358
-2224
-50
2164
3702
4384
4290
3475
1979
54
-1685
-2467
-1932
-489
846
1081
-72
-2021
-3711
-4275
-3520
-1917
-199
1066
1665
1711
1448
1152
1047
1252
1787
2541
3263
3647
3416
2454
946
-659
-1792
-2067
-1522
-629
-26
-114
-835
-1756
-2378
-2443
-2004
-1322
-653
-130
210
350
269
-10
-348
-512
-293
330
1109
1626
1546
838
-182
-1050
-1438
-1314
-920
-541
-357
-363
-469
-595
-696
-733
-612
-263
278
836
1171
1132
769
304
-11
-35
185
487
709
753
616
373
115
-80
-163
-124
15
212
381
430
334
251
484
1301
2644
3988
4621
4082
2521
625
-856
-1567
-1661
-1521
-1380
-1212
-985
-931
-1447
-2691
-4175
-4960
-4286
-2239
152
1571
1310
-227
-1863
-2465
-1679
10
1754
2926
3376
3240
2646
1626
264
-1101
-1943
-1873
-996
67
539
2
-1313
-2677
-3319
-2889
-1620
-108
1076
1669
1759
1629
1540
1617
1843
2163
2538
2895
3087
2894
2146
901
-487
-1498
-1766
-1312
-572
-119
-273
-916
-1635
-2012
-1898
-1442
-895
-438
-115
94
167
61
-201
-466
-504
-168
471
1111
1391
1124
418
-393
-952
-1108
-958
-716
-554
-506
-517
-533
-555
-603
-651
-618
-435
-105
280
585
709
633
412
171
27
46
233
497
724
817
737
506
191
-119
-321
-331
-156
105
342
586
1011
1795
2849
3735
3918
3134
1653
98
-969
-1377
-1350
-1198
-1045
-850
-665
-770
-1472
-2735
-3954
-4302
-3344
-1461
316
999
320
-1099
-2210
-2247
-1171
451
1920
2810
3064
2800
2120
1102
-83
-1101
-1580
-1379
-717
-81
46
-505
-1481
-2360
-2646
-2145
-1058
192
1193
1728
1833
1705
1591
1638
1866
2216
2611
2974
3174
3036
2417
1327
9
-1130
-1723
-1641
-1086
-480
-231
-495
-1132
-1813
-2213
-2152
-1651
-896
-148
362
526
376
47
-277
-414
-259
158
676
1086
1197
903
256
-546
-1214
-1526
-1441
-1100
-740
-528
-503
-598
-698
-740
-708
-608
-434
-191
85
323
440
408
252
60
-49
-15
156
389
578
637
540
320
56
-189
-359
-311
195
1331
2910
4323
4866
4173
2492
543
-934
-1564
-1478
-1044
-547
-84
228
84
-828
-2438
-4068
-4763
-3943
-1875
385
1619
1236
-361
-2082
-2865
-2305
-740
1127
2656
3521
3659
3113
1981
475
-982
-1850
-1791
-914
205
829
509
-653
-2073
-3035
-3090
-2252
-910
422
1356
1748
1674
1342
1010
892
1116
1689
2467
3167
3465
3121
2112
691
-690
-1582
-1757
-1312
-616
-113
-102
-625
-1466
-2251
-2621
-2392
-1611
-564
384
935
974
599
53
-377
-477
-174
431
1091
1520
1493
964
91
-823
-1461
-1652
-1425
-969
-535
-327
-407
-702
-1048
-1276
-1268
-985
-476
126
628
865
760
368
-110
-424
-396
-26
484
865
940
710
306
-84
-321
-347
-85
576
1703
3075
4141
4336
3463
1878
250
-846
-1229
-1102
-815
-553
-285
-39
-83
-793
-2189
-3694
-4454
-3937
-2323
-439
745
718
-286
-1478
-2065
-1744
-698
667
1961
2917
3365
3231
2547
1464
283
-598
-883
-561
70
571
603
71
-852
-1781
-2317
-2248
-1631
-747
92
681
982
1098
1156
1212
1258
1299
1414
1690
2105
2474
2527
2067
1125
-35
-1038
-1590
-1636
-1359
-1041
-921
-1089
-1475
-1894
-2173
-2218
-2026
-1622
-1039
-341
341
823
962
766
412
175
243
606
1059
1325
1235
801
191
-397
-827
-1064
-1149
-1134
-1050
-922
-790
-714
-740
-843
-916
-828
-493
61
693
1219
1484
1430
1126
707
342
154
194
416
687
856
867
820
917
1298
1901
2464
2676
2374
1615
625
-348
-1123
-1592
-1684
-1373
-772
-175
17
-459
-1513
-2696
-3449
-3424
-2689
-1652
-799
-438
-547
-861
-1058
-934
-468
217
946
1568
1987
2162
2095
1822
1406
954
567
326
240
242
227
99
-176
-532
-861
-1061
-1082
-952
-730
-454
-127
269
729
1193
1556
1738
1721
1575
1409
1309
1279
1235
1087
788
393
7
-296
-526
-761
-1058
-1375
-1588
-1596
-1420
-1207
-1116
-1198
-1344
-1373
-1169
-762
-287
117
397
595
772
940
1051
1044
900
664
415
198
12
-175
-380
-604
-814
-979
-1090
-1157
-1195
-1205
-1166
-1052
-837
-533
-173
187
464
606
610
525
444
433
488
568
623
661
760
986
1339
1723
1988
2033
1827
1401
817
142
-541
-1097
-1388
-1337
-1009
-603
-341
-353
-614
-980
-1308
-1529
-1651
-1713
-1717
-1629
-1418
-1082
-657
-213
187
501
726
889
1033
1183
1354
1539
1710
1857
1943
1931
1782
1490
1090
657
273
-27
-258
-449
-623
-760
-820
-781
-653
-479
-301
-128
65
299
557
780
902
899
806
695
612
536
408
181
-117
-404
-586
-644
-650
-723
-936
-1258
-1591
-1824
-1887
-1791
-1593
-1350
-1097
-856
-651
-500
-395
-293
-127
142
495
837
1043
1026
793
440
108
-94
-145
-111
-93
-169
-333
-519
-625
-582
-399
-146
86
229
267
238
186
157
177
252
386
561
740
880
962
1004
1061
1183
1372
1574
1704
1692
1501
1137
651
118
-348
-626
-637
-402
-57
181
143
-200
-721
-1210
-1505
-1565
-1474
-1349
-1267
-1232
-1198
-1134
-1034
-913
-766
-556
-272
69
384
582
617
528
430
457
693
1106
1565
1906
2000
1815
1416
910
407
-15
-308
-444
-419
-275
-104
-3
-41
-212
-440
-615
-661
-563
-365
-134
73
206
242
190
79
-50
-152
-217
-260
-309
-375
-443
-500
-548
-600
-679
-782
-880
-937
-937
-890
-818
-717
-569
-367
-139
62
188
241
273
340
453
573
635
603
492
356
244
167
113
68
34
29
69
139
221
275
276
235
180
145
149
194
254
290
276
203
100
11
-21
35
171
357
543
689
771
780
723
618
487
362
274
242
261
300
319
283
173
0
-211
-439
-674
-905
-1123
-1297
-1389
-1383
-1291
-1156
-1019
-895
-777
-649
-506
-357
-207
-52
122
303
462
563
605
628
696
844
1043
1196
1206
1031
721
380
111
-44
-95
-82
-33
33
91
99
19
-146
-334
-436
-363
-111
230
513
617
525
307
75
-83
-145
-133
-86
-39
-20
-59
-188
-419
-713
-973
-1090
-1011
-765
-472
-266
-217
-301
-419
-455
-356
-148
91
283
376
368
281
159
41
-32
-36
30
143
257
318
288
163
-20
-197
-306
-306
-203
-40
119
228
266
246
193
131
79
39
16
7
17
40
67
89
114
147
201
291
407
522
600
607
534
405
269
183
191
285
421
530
540
419
184
-100
-368
-575
-717
-824
-919
-1006
-1058
-1043
-954
-812
-656
-508
-375
-240
-90
76
229
340
408
455
513
600
709
815
883
897
853
753
607
430
241
62
-85
-184
-235
-248
-239
-229
-231
-238
-228
-177
-66
97
270
405
459
422
321
196
88
17
-27
-67
-127
-225
-375
-573
-791
-984
-1097
-1095
-972
-757
-522
-332
-227
-202
-225
-255
-261
-240
-188
-107
-4
110
197
233
201
120
40
8
40
118
191
202
133
12
-108
-167
-140
-34
120
268
372
408
371
279
156
38
-38
-43
34
180
350
491
564
565
528
503
522
582
635
630
554
440
347
316
341
380
387
340
256
164
78
-24
-181
-396
-622
-794
-860
-823
-737
-674
-668
-710
-743
-718
-612
-439
-241
-59
73
148
170
163
163
204
302
436
562
620
580
447
267
96
-35
-113
-162
-197
-229
-251
-253
-241
-215
-176
-124
-49
42
139
218
256
258
243
238
249
254
226
145
24
-112
-231
-330
-421
-518
-629
-729
-783
-761
-663
-522
-382
-275
-205
-154
-115
-83
-70
-70
-67
-54
-7
77
172
238
234
162
70
28
75
183
291
353
353
316
281
284
330
375
366
302
231
204
226
272
313
341
359
381
417
471
529
560
531
447
339
228
128
41
-16
-26
11
72
138
179
160
60
-102
-290
-464
-614
-742
-832
-867
-831
-727
-577
-418
-301
-248
-261
-297
-307
-272
-206
-134
-67
-10
30
53
64
72
89
138
228
352
472
538
512
397
232
66
-52
-98
-77
-24
17
22
-15
-78
-135
-167
-160
-120
-62
-5
35
57
65
71
78
91
102
100
81
42
-6
-52
-97
-150
-207
-277
-345
-388
-386
-329
-237
-139
-71
-45
-56
-88
-103
-88
-43
25
97
174
243
298
334
341
316
259
187
126
91
90
121
167
214
242
240
203
139
75
43
60
134
249
372
472
530
552
538
497
431
323
170
-22
-212
-359
-438
-447
-406
-350
-307
-288
-292
-327
-402
-527
-701
-890
-1045
-1108
-1042
-868
-636
-407
-225
-87
21
114
185
218
205
153
107
103
158
251
337
374
352
299
253
240
266
310
351
390
437
505
588
654
661
592
470
343
259
239
261
283
272
216
138
64
14
-9
-20
-32
-51
-80
-118
-176
-255
-349
-441
-507
-520
-476
-391
-295
-231
-221
-271
-360
-449
-497
-483
-413
-316
-231
-186
-181
-200
-216
-210
-180
-133
-81
-29
23
64
77
54
13
-17
-5
63
166
264
317
334
359
437
601
829
1052
1196
1209
1080
827
493
126
-218
-489
-640
-649
-541
-389
-280
-281
-398
-590
-793
-950
-1040
-1065
-1037
-962
-824
-618
-354
-73
178
354
444
459
423
379
342
325
331
353
387
430
466
466
413
302
156
20
-66
-80
-34
44
118
181
247
341
472
630
778
884
935
938
898
819
701
540
362
197
76
9
-24
-64
-147
-273
-415
-534
-606
-644
-678
-737
-818
-896
-933
-900
-805
-684
-575
-502
-466
-450
-437
-417
-398
-380
-354
-315
-256
-188
-135
-119
-144
-189
-224
-232
-221
-221
-251
-301
-322
-265
-122
64
223
310
345
411
602
946
1378
1763
1981
1973
1753
1370
883
346
-157
-525
-661
-533
-221
87
199
19
-389
-847
-1184
-1317
-1282
-1183
-1101
-1040
-935
-725
-411
-67
213
379
450
482
515
549
551
503
411
324
291
328
394
413
338
179
-8
-147
-191
-133
-14
104
170
182
174
190
253
362
498
636
751
823
842
799
687
517
325
169
89
98
167
236
245
158
-18
-248
-487
-694
-851
-945
-959
-896
-765
-604
-460
-377
-381
-463
-585
-688
-725
-690
-596
-463
-332
-237
-195
-205
-252
-318
-387
-434
-449
-446
-450
-467
-481
-467
-422
-362
-285
-182
-8
290
753
1347
1929
2325
2408
2167
1691
1102
509
3
-354
-517
-475
-257
37
243
202
-121
-607
-1059
-1318
-1346
-1210
-1017
-862
-759
-635
-412
-91
231
433
484
437
380
378
444
539
584
498
294
54
-144
-271
-332
-325
-243
-102
69
244
392
471
460
398
372
463
692
1013
1345
1600
1699
1602
1334
975
607
277
20
-139
-197
-191
-171
-183
-261
-434
-682
-933
-1081
-1065
-908
-692
-508
-411
-402
-433
-444
-390
-285
-174
-108
-109
-177
-291
-421
-539
-634
-710
-774
-816
-835
-848
-866
-888
-911
-924
-909
-833
-673
-429
-153
76
192
208
260
571
1250
2099
2724
2797
2266
1362
389
-450
-1047
-1370
-1397
-1103
-533
98
455
269
-403
-1198
-1684
-1605
-995
-109
688
1079
962
512
69
-116
19
361
752
1077
1265
1303
1188
880
358
-301
-891
-1179
-1081
-694
-214
176
386
420
341
239
193
264
479
802
1163
1501
1777
1945
1959
1787
1460
1056
672
404
289
273
224
31
-297
-659
-950
-1123
-1181
-1148
-1067
-988
-923
-855
-782
-760
-831
-974
-1107
-1151
-1068
-865
-626
-468
-488
-649
-792
-777
-611
-420
-327
-378
-556
-789
-956
-958
-792
-546
-316
-133
-6
42
20
-4
24
109
308
802
1694
2741
3425
3353
2549
1383
240
-628
-1079
-1083
-753
-285
136
348
175
-479
-1430
-2194
-2339
-1812
-890
48
701
840
384
-433
-1107
-1193
-615
336
1282
1939
2143
1871
1270
587
3
-426
-677
-684
-420
-29
234
221
-12
-316
-575
-687
-551
-139
429
960
1332
1530
1570
1475
1339
1296
1403
1576
1678
1645
1486
1212
817
339
-126
-477
-662
-673
-562
-449
-487
-744
-1119
-1419
-1526
-1450
-1270
-1052
-859
-759
-765
-832
-897
-921
-880
-738
-494
-225
-43
-16
-146
-413
-788
-1187
-1460
-1512
-1373
-1147
-912
-689
-506
-396
-360
-353
-290
-19
657
1756
2913
3562
3355
2450
1327
387
-224
-490
-423
-86
372
748
821
392
-562
-1704
-2439
-2361
-1573
-560
216
514
285
-358
-1094
-1462
-1157
-264
832
1716
2121
1952
1290
401
-367
-805
-915
-768
-422
22
344
292
-150
-738
-1156
-1217
-898
-276
479
1138
1540
1676
1651
1557
1456
1446
1634
2020
2416
2566
2325
1734
968
247
-230
-366
-220
39
238
265
63
-371
-917
-1357
-1509
-1345
-986
-594
-298
-187
-307
-614
-968
-1210
-1245
-1064
-736
-383
-154
-155
-383
-739
-1110
-1395
-1531
-1495
-1327
-1135
-1028
-1042
-1134
-1226
-1261
-1184
-900
-282
687
1770
2549
2682
2125
1141
130
-573
-824
-649
-194
362
820
955
567
-330
-1409
-2141
-2116
-1342
-217
707
1030
666
-151
-983
-1385
-1101
-187
1052
2191
2830
2755
2032
985
53
-449
-440
-51
476
901
1027
767
188
-505
-1051
-1244
-1018
-465
178
657
816
687
438
271
320
614
1105
1671
2157
2395
2270
1781
1073
399
-11
-59
187
547
809
818
522
-12
-626
-1120
-1340
-1243
-929
-599
-440
-538
-841
-1196
-1438
-1470
-1294
-986
-660
-431
-358
-441
-649
-935
-1218
-1391
-1374
-1173
-883
-623
-487
-534
-753
-1031
-1212
-1210
-1017
-612
43
876
1611
1930
1719
1115
372
-272
-651
-686
-418
7
470
860
1004
720
19
-763
-1158
-941
-276
445
868
820
360
-258
-713
-801
-515
25
694
1326
1691
1588
1025
276
-285
-437
-208
220
633
870
861
657
386
157
-13
-116
-116
16
240
427
497
474
427
404
412
462
573
730
876
943
891
695
383
56
-128
-78
148
385
496
450
295
92
-115
-308
-466
-587
-661
-686
-677
-668
-706
-801
-884
-891
-810
-681
-551
-437
-362
-368
-466
-613
-742
-809
-799
-706
-558
-444
-436
-526
-638
-719
-759
-756
-684
-532
-329
-97
165
415
564
545
403
242
140
114
143
198
256
330
475
708
935
1000
835
528
264
167
210
286
276
138
-59
-193
-182
-62
39
48
-13
-72
-94
-111
-151
-205
-245
-249
-210
-143
-92
-79
-82
-51
24
95
88
-9
-139
-231
-250
-193
-73
88
256
384
454
471
443
399
382
432
553
702
840
961
1071
1164
1213
1198
1117
974
793
592
404
248
118
-6
-135
-271
-405
-527
-630
-707
-744
-742
-709
-651
-577
-509
-460
-433
-415
-404
-414
-445
-484
-518
-544
-574
-611
-656
-717
-776
-812
-795
-713
-573
-415
-289
-246
-300
-389
-424
-356
-232
-145
-139
-165
-121
54
314
524
575
458
285
196
228
296
274
114
-98
-222
-184
-23
141
215
188
120
80
79
88
77
47
31
64
131
197
224
198
145
100
92
115
158
199
227
231
205
158
114
112
185
328
492
615
644
589
505
461
494
593
715
820
895
946
974
973
935
868
783
698
605
479
302
87
-119
-263
-326
-348
-389
-481
-610
-730
-802
-823
-822
-827
-838
-837
-803
-751
-715
-720
-772
-849
-917
-955
-959
-940
-912
-876
-821
-734
-598
-416
-233
-97
-32
-23
-27
2
65
117
114
61
18
54
178
329
417
393
283
167
106
94
81
29
-52
-100
-67
38
162
253
308
353
407
442
412
297
145
29
11
87
195
271
283
252
223
223
252
283
296
282
249
203
157
129
141
190
269
341
359
307
192
66
-22
-42
-1
74
160
252
351
462
566
637
659
639
618
621
648
667
631
515
338
142
-28
-154
-243
-305
-359
-419
-498
-608
-744
-883
-991
-1039
-1012
-916
-771
-616
-495
-443
-467
-538
-598
-609
-562
-476
-386
-297
-203
-110
-40
-20
-51
-95
-108
-94
-94
-155
-261
-334
-296
-151
22
114
85
-5
-53
-14
66
86
4
-125
-185
-110
59
220
284
271
262
311
407
480
475
405
332
301
305
289
216
108
36
47
143
268
358
380
339
266
186
125
107
155
280
449
602
653
555
322
35
-197
-296
-252
-118
38
151
201
196
153
104
72
76
128
218
322
403
433
394
297
163
23
-98
-185
-229
-229
-193
-146
-133
-195
-342
-539
-708
-776
-725
-586
-438
-352
-351
-409
-475
-503
-479
-411
-302
-156
26
204
318
318
196
10
-141
-200
-167
-88
-11
49
102
161
188
151
36
-108
-196
-174
-79
-5
-43
-206
-413
-560
-582
-500
-385
-288
-216
-148
-82
-36
-38
-77
-94
-25
141
345
486
499
394
241
126
92
120
173
219
243
246
236
213
187
191
249
366
512
638
694
665
563
426
291
194
158
176
235
293
309
262
163
62
12
32
103
179
211
192
146
99
77
77
80
66
29
-14
-49
-68
-87
-130
-208
-311
-398
-452
-465
-445
-421
-410
-419
-455
-496
-529
-534
-486
-397
-273
-140
-39
8
13
4
1
-1
-17
-58
-110
-125
-89
-10
59
73
27
-44
-89
-87
-66
-73
-133
-231
-320
-364
-369
-345
-315
-278
-215
-130
-40
22
34
3
-34
-30
38
160
284
367
407
391
352
308
270
254
243
228
207
182
163
152
148
148
163
192
235
291
346
387
404
387
350
312
290
298
324
344
340
302
232
150
74
15
-29
-67
-99
-127
-151
-167
-179
-193
-216
-247
-275
-291
-293
-284
-276
-278
-294
-327
-364
-397
-414
-411
-389
-363
-350
-363
-396
-429
-427
-362
-241
-108
-11
24
4
-33
-59
-54
-35
-13
17
67
147
232
283
260
166
51
-24
-27
19
63
59
4
-66
-115
-129
-123
-114
-103
-70
-10
63
117
125
83
21
-11
15
87
183
261
312
339
337
318
277
230
199
189
199
212
211
196
172
149
133
124
129
148
179
221
249
254
239
201
156
121
102
102
109
109
99
73
31
-16
-69
-126
-169
-199
-228
-244
-254
-255
-246
-241
-236
-236
-242
-242
-239
-231
-215
-195
-178
-166
-171
-181
-184
-183
-174
-176
-186
-197
-200
-173
-130
-86
-46
-19
-3
12
29
42
42
30
25
41
82
135
174
187
178
164
158
158
155
133
98
64
44
43
43
30
6
-13
-13
11
45
67
71
58
41
29
23
25
28
33
48
75
110
140
155
145
113
72
47
47
71
102
124
131
121
104
83
62
44
32
27
33
48
64
75
71
49
19
-9
-31
-38
-30
-19
-11
-12
-23
-43
-71
-102
-129
-153
-171
-182
-189
-189
-186
-187
-197
-217
-234
-248
-251
-240
-212
-183
-158
-141
-141
-146
-154
-155
-137
-104
-61
-20
7
21
26
27
27
25
23
18
18
29
48
67
79
76
65
55
56
71
85
93
84
67
52
47
55
62
62
60
53
57
66
77
82
76
63
46
33
31
31
32
28
26
28
35
47
57
62
59
56
51
52
59
67
74
80
81
82
85
86
86
80
66
49
34
27
29
36
40
36
28
14
-1
-17
-29
-35
-37
-35
-31
-25
-27
-37
-53
-75
-98
-118
-127
-130
-128
-127
-134
-147
-160
-167
-167
-160
-146
-127
-107
-92
-80
-72
-65
-52
-36
-20
-6
3
4
0
-4
-10
-17
-23
-27
-25
-19
-9
0
5
3
-4
-9
-9
-8
-7
-10
-14
-17
-13
-3
19
44
69
90
104
110
111
110
112
112
114
114
111
106
100
91
81
74
71
74
84
98
111
125
142
155
172
189
209
234
245
246
243
234
231
225
210
194
167
136
97
49
7
-25
-41
-45
-42
-43
-54
-79
-115
-153
-177
-185
-173
-157
-148
-152
-185
-235
-293
-357
-397
-412
-409
-396
-395
-401
-410
-433
-452
-468
-468
-432
-380
-321
-270
-240
-221
-211
-208
-197
-178
-145
-101
-61
-28
-8
3
5
11
26
50
87
125
158
180
190
191
178
165
160
169
194
230
269
302
325
337
348
346
346
359
383
409
435
459
465
458
433
400
382
371
369
369
359
352
339
318
297
274
264
269
276
286
283
267
246
212
176
136
103
81
64
45
18
-25
-80
-150
-221
-284
-322
-336
-345
-345
-349
-358
-362
-381
-402
-409
-406
-378
-351
-337
-326
-331
-337
-342
-355
-357
-350
-335
-309
-296
-294
-298
-302
-285
-258
-224
-176
-126
-78
-42
-23
-9
3
16
35
61
91
116
136
137
131
127
126
129
148
172
187
201
206
204
207
199
192
189
191
207
218
216
210
197
190
185
175
173
172
177
190
194
191
187
180
181
176
168
166
164
172
177
172
160
142
122
114
108
110
118
125
129
119
97
71
43
18
2
-11
-25
-38
-60
-96
-138
-183
-229
-270
-313
-343
-358
-377
-386
-412
-450
-479
-510
-529
-534
-532
-504
-467
-438
-417
-418
-420
-412
-399
-368
-333
-297
-253
-224
-211
-214
-224
-229
-227
-206
-173
-140
-109
-85
-72
-64
-54
-36
-6
35
83
129
168
197
213
223
229
243
267
297
329
356
373
374
366
355
347
348
360
381
403
423
431
432
426
414
408
409
416
428
436
438
430
411
384
349
316
286
263
248
237
223
205
177
140
102
68
45
36
34
37
32
16
-8
-43
-75
-97
-109
-113
-115
-123
-144
-180
-227
-281
-336
-383
-419
-445
-467
-486
-501
-529
-570
-607
-642
-650
-635
-621
-590
-556
-524
-489
-471
-453
-427
-392
-337
-280
-235
-194
-166
-148
-134
-126
-113
-93
-67
-38
-14
6
17
27
34
46
68
95
130
160
183
207
225
239
251
256
269
286
301
316
317
314
311
298
288
274
262
263
265
271
271
257
250
243
238
237
235
239
249
254
259
253
239
230
221
212
202
189
182
172
157
137
104
71
39
10
-15
-32
-45
-59
-69
-86
-104
-128
-151
-168
-182
-189
-198
-206
-209
-220
-230
-251
-274
-288
-300
-309
-319
-337
-347
-353
-361
-363
-371
-373
-367
-364
-353
-348
-344
-329
-310
-287
-266
-248
-227
-205
-183
-163
-144
-123
-95
-68
-39
-13
10
31
49
64
82
102
122
145
169
191
218
237
247
257
265
280
300
318
339
360
380
404
418
428
435
439
454
464
467
475
473
478
477
465
452
434
418
396
378
361
341
323
295
268
243
216
192
166
140
116
92
69
41
10
-19
-51
-83
-114
-141
-170
-198
-226
-256
-282
-304
-328
-348
-368
-388
-398
-415
-434
-447
-458
-456
-456
-460
-457
-456
-451
-437
-432
-423
-412
-393
-365
-342
-320
-297
-278
-253
-227
-202
-176
-149
-119
-89
-64
-37
-14
5
25
45
65
87
111
129
149
166
181
196
202
209
219
229
240
251
254
264
269
273
279
276
278
279
281
284
282
276
274
273
270
264
255
249
241
232
224
209
192
180
164
150
134
117
100
82
64
45
24
5
-13
-28
-43
-56
-68
-83
-97
-112
-125
-134
-147
-158
-167
-177
-182
-190
-199
-206
-212
-213
-215
-219
-219
-222
-219
-212
-210
-204
-200
-195
-180
-172
-163
-152
-141
-127
-114
-104
-91
-79
-64
-47
-33
-19
-8
4
16
27
38
47
55
64
68
76
82
86
89
92
94
95
98
99
99
99
99
99
96
92
90
88
84
81
78
77
73
71
68
65
60
55
52
49
47
47
42
40
38
37
38
38
39
39
37
33
31
30
30
28
27
25
20
16
12
5
0
-7
-12
-17
-21
-26
-32
-36
-42
-46
-52
-55
-59
-60
-60
-61
-62
-62
-64
-63
-64
-63
-62
-61
-59
-58
-58
-55
-54
-55
-55
-54
-52
-48
-45
-41
-37
-33
-29
-28
-24
-21
-16
-8
-2
4
5
7
10
15
20
24
30
33
32
33
36
39
40
40
39
40
42
42
42
37
35
33
30
30
27
24
21
18
18
16
12
8
5
1
1
1
-1
-3
-5
-8
-7
-5
-3
-3
-4
-4
-4
-1
1
0
-1
-2
-2
-1
2
-1
-1
-1
-4
-3
-2
-1
-3
-5
-5
-4
-2
-2
-1
0
-1
-2
-3
-2
-2
-1
1
1
2
0
-1
-2
-1
1
2
-1
-2
-2
-5
-4
-4
-6
-5
-3
-1
-1
-1
-1
-2
1
1
1
2
3
6
8
9
10
7
4
0
-1
-2
-2
-1
-4
-7
-9
-8
-9
-6
-6
-7
-7
-4
