-7
-7
-7
-7
-6
-5
-8
-11
-13
-14
-15
-16
-16
-18
-18
-15
-16
-14
-11
-11
-14
-14
-13
-10
-8
-7
-6
-4
1
0
2
2
1
4
2
4
7
9
12
12
12
14
11
12
13
12
13
13
15
14
11
11
10
9
10
10
9
10
10
9
9
9
9
6
3
1
-2
-4
-4
-5
-5
-4
-3
-4
-5
-4
-6
-6
-6
-6
-6
-5
-6
-10
-14
-18
-20
-20
-19
-19
-16
-12
-7
1
5
8
10
12
13
10
5
5
1
-3
-3
-6
-7
-4
-1
5
6
4
2
-2
-5
-9
-12
-15
-16
-15
-13
-16
-19
-17
-16
-11
-7
-4
-3
-1
3
5
5
3
3
5
4
4
8
12
18
27
24
20
27
32
38
45
51
68
72
72
68
61
61
60
56
61
61
56
67
80
81
71
54
47
28
2
-29
-58
-83
-107
-116
-128
-126
-129
-117
-87
-71
-45
-36
-34
-50
-68
-78
-106
-106
-111
-118
-113
-85
-42
-32
13
84
116
136
247
400
506
685
964
1306
1365
1181
1000
625
22
-747
-1368
-1801
-2109
-2234
-2251
-2018
-1662
-1272
-914
-674
-539
-529
-618
-756
-827
-925
-1006
-871
-556
-148
245
658
1120
1465
1664
1714
1572
1305
989
706
494
337
344
524
762
1003
1163
1254
1284
1208
1099
973
828
738
701
680
616
500
427
363
241
96
-65
-186
-295
-426
-514
-581
-674
-744
-790
-836
-897
-958
-950
-918
-858
-740
-618
-450
-257
-119
-46
-38
-67
-114
-224
-391
-521
-580
-584
-605
-625
-591
-562
-494
-418
-411
-403
-333
-201
-39
64
86
115
186
261
239
220
439
878
1677
2801
3780
4296
4176
3601
2596
933
-1082
-2954
-4191
-4592
-4439
-3830
-2879
-1797
-629
297
723
705
306
-146
-614
-1185
-1656
-1978
-1869
-1234
-419
377
925
1252
1521
1624
1465
1024
395
-100
-345
-422
-363
-204
163
709
1220
1565
1695
1726
1862
2055
2081
1832
1455
1252
1177
982
627
223
-43
-134
-113
-12
82
115
111
9
-240
-628
-1046
-1336
-1539
-1708
-1794
-1690
-1292
-717
-157
275
559
736
848
889
776
433
-54
-477
-758
-980
-1205
-1384
-1482
-1482
-1415
-1361
-1261
-1029
-676
-305
-66
80
229
274
237
144
-34
-150
-234
-192
71
311
467
468
395
524
702
1049
1933
3025
3791
3643
2758
1826
559
-1042
-2648
-3834
-4047
-3576
-2629
-1442
-497
309
863
972
752
94
-690
-1334
-1872
-2045
-2074
-1948
-1371
-545
333
827
869
874
916
1015
1061
862
617
474
497
744
885
908
952
1010
1251
1314
1259
1482
1819
2288
2511
2599
2847
2608
2012
1121
74
-731
-1497
-1765
-1472
-964
-205
328
510
446
-14
-492
-1003
-1560
-1854
-2025
-1764
-1203
-720
-242
-12
93
86
-135
-379
-686
-969
-1077
-1090
-1136
-1265
-1462
-1579
-1650
-1749
-1726
-1525
-1097
-500
141
750
1049
1005
840
494
-1
-567
-995
-1142
-1161
-876
-446
-87
286
703
1087
1171
1245
1725
2879
4261
4998
4746
3713
2649
1306
-693
-2873
-4462
-4817
-4252
-3130
-1850
-838
-30
732
1197
1025
338
-484
-999
-1344
-1444
-1367
-1256
-759
42
888
1213
971
629
531
696
801
669
346
328
613
913
997
786
700
901
1229
1450
1462
1536
1941
2440
2859
2915
2555
2255
1918
1257
194
-983
-1747
-2078
-2092
-1804
-1523
-1284
-969
-762
-736
-1008
-1293
-1350
-1392
-1360
-1308
-1219
-1040
-879
-730
-705
-953
-1164
-1183
-1158
-1160
-1244
-1218
-1044
-837
-664
-565
-625
-689
-730
-780
-653
-481
-151
256
663
1027
1101
990
747
450
166
-43
-154
-101
194
545
894
1163
1252
1363
1312
1265
1457
1929
3347
4805
5399
5023
3833
2603
666
-1911
-4171
-5715
-5825
-4697
-2971
-1155
51
913
1527
1358
651
-484
-1635
-2246
-2470
-2101
-1599
-1175
-394
383
802
547
-246
-890
-1062
-879
-443
-121
102
612
1135
1538
1416
851
523
482
696
906
1033
1516
2276
2977
3498
3378
2755
2065
1251
369
-782
-1865
-2267
-2130
-1511
-794
-369
-29
134
111
-127
-652
-1057
-1223
-1178
-965
-839
-722
-559
-502
-508
-720
-1072
-1173
-1099
-903
-645
-454
-325
-258
-215
-275
-550
-933
-1137
-1122
-868
-579
-297
204
700
1021
995
696
315
-137
-322
-284
-326
-222
130
657
1124
1265
1226
1037
939
896
725
732
963
2113
3996
5232
4916
3173
1557
117
-2061
-4591
-6394
-6282
-4560
-2263
-199
799
1035
1148
937
89
-1319
-2567
-2829
-2372
-1464
-551
-201
46
416
634
43
-1261
-2258
-2181
-1122
294
1393
1896
2399
2878
3000
2343
1066
149
16
598
1366
1906
2402
3107
3725
3880
3120
1717
661
36
-455
-1046
-1495
-1403
-892
-143
470
482
39
-493
-903
-1233
-1594
-1657
-1340
-773
-187
81
3
-343
-781
-1231
-1695
-2066
-2145
-1886
-1508
-1182
-1014
-1014
-1074
-1149
-1151
-1094
-1051
-904
-671
-357
-52
257
524
575
444
249
118
-12
-137
-161
-103
-58
69
367
733
934
1036
1177
1325
1407
1190
972
738
831
1294
2338
4186
5391
5373
4064
2515
880
-1620
-4153
-5807
-5778
-4235
-2207
-442
415
549
441
-113
-1120
-2026
-2497
-2234
-1435
-473
450
587
444
182
-347
-1276
-2388
-2707
-1935
-258
1484
2744
3209
3196
2817
1962
734
-603
-1222
-853
323
1686
2749
3579
4075
3895
2799
946
-850
-1921
-2234
-1944
-1301
-254
1010
1921
2206
1715
597
-718
-1834
-2285
-2225
-1861
-1215
-546
-67
-79
-487
-1041
-1586
-1927
-2060
-1944
-1465
-706
29
391
284
-213
-870
-1401
-1594
-1522
-1186
-520
259
933
1258
1318
1164
743
308
-177
-537
-606
-564
-378
-385
-417
-282
-131
282
735
1151
1567
1807
2078
1966
1464
904
548
634
1020
2438
4032
4564
3606
1964
566
-1541
-4006
-5717
-5984
-4707
-2747
-736
399
395
197
-263
-1219
-2126
-2488
-2055
-1170
-157
922
1083
517
-57
-743
-1563
-2583
-2870
-1979
-210
1791
3258
3797
3557
2972
2030
860
-392
-979
-506
641
1968
2847
3109
3020
2756
2345
1474
284
-218
-34
438
685
551
465
363
409
353
-172
-822
-1291
-1307
-1045
-961
-921
-923
-902
-869
-1156
-1548
-1832
-1737
-1319
-1058
-941
-805
-543
-288
-217
-404
-724
-942
-955
-780
-708
-763
-742
-576
-368
-217
-121
-3
78
62
59
-53
-303
-487
-609
-582
-347
58
569
953
1403
1604
1499
1225
818
538
288
552
1099
2513
4638
5767
4987
2639
524
-1563
-4078
-5986
-6381
-4851
-2170
338
1671
1371
280
-698
-1862
-2817
-3031
-2397
-797
846
2024
2070
806
-463
-1444
-2296
-3134
-3325
-2147
157
2750
4669
5063
3980
2563
1187
-74
-1030
-1194
-177
1673
3352
4108
3724
2914
2279
1255
114
-849
-791
434
1604
2160
1832
1168
550
-260
-988
-1496
-1677
-1368
-933
-582
-585
-1044
-1515
-1983
-2484
-2791
-2720
-1972
-873
151
779
682
164
-399
-951
-1533
-1961
-2055
-1677
-1148
-723
-539
-726
-1005
-1302
-1481
-1475
-1099
-310
726
1418
1474
1099
371
-431
-1131
-1423
-1248
-617
304
1436
2331
2666
2482
1824
1092
430
-49
-79
567
1673
3485
5096
5552
4515
2323
327
-1828
-3829
-4787
-4382
-2529
-431
1084
1448
285
-1317
-2734
-3709
-3779
-2931
-1321
632
1943
2348
1507
-181
-1437
-2299
-2624
-2568
-1800
-148
1844
3446
4004
3310
1806
421
-496
-659
-347
452
1653
2726
3230
2758
1860
1131
677
525
547
874
1549
2181
2339
1636
321
-836
-1545
-1691
-1383
-858
-235
58
-45
-493
-1262
-1963
-2395
-2421
-2110
-1644
-967
-291
83
8
-481
-1047
-1423
-1481
-1318
-1074
-751
-534
-569
-873
-1273
-1548
-1725
-1746
-1462
-1031
-371
373
929
1337
1285
946
480
-4
-234
-399
-464
-166
204
601
947
1239
1639
1662
1456
1002
633
594
747
1181
2013
3712
5069
5004
3531
1562
-192
-2240
-3909
-4352
-3426
-1633
-85
581
9
-1502
-2882
-3745
-3936
-3065
-1429
487
1940
2269
1639
-3
-1619
-2461
-2652
-2221
-1431
-61
1543
2841
3319
2823
1567
280
-342
-210
424
1198
2146
3053
3259
2492
1310
295
-63
93
593
1438
2186
2614
2374
1333
-106
-1424
-2051
-1803
-849
432
1306
1327
650
-505
-1786
-2806
-3099
-2463
-1431
-558
-138
-143
-547
-1213
-1862
-2191
-2048
-1452
-600
50
299
207
-149
-770
-1434
-1805
-1776
-1524
-1186
-932
-896
-824
-574
-107
344
647
869
897
659
260
-124
-299
-295
-81
424
841
1181
1297
1194
1122
852
1050
1664
2970
4893
5711
5188
3307
1234
-469
-2405
-3462
-3344
-2363
-1067
-517
-626
-1408
-2725
-3444
-3573
-2956
-1451
169
1578
1926
1091
-178
-1568
-2144
-1730
-871
67
667
1096
1432
1364
947
416
-82
-100
347
1124
1999
2607
2818
2378
1563
968
744
775
1114
1558
1866
1700
1201
783
265
-310
-816
-919
-538
-26
433
592
333
-147
-680
-1131
-1445
-1591
-1436
-1219
-1143
-1244
-1442
-1494
-1508
-1416
-1207
-984
-735
-595
-531
-647
-938
-1107
-1022
-695
-405
-369
-395
-572
-977
-1393
-1622
-1479
-1147
-607
131
776
1075
976
628
254
56
19
275
526
771
1025
1152
1264
970
623
489
806
1564
2192
3231
4404
4625
3580
1922
737
-243
-1221
-1552
-1184
-663
-665
-1328
-2163
-2880
-3313
-3319
-2966
-1926
-505
363
333
-379
-1080
-1589
-1765
-1199
-196
590
973
986
679
344
136
240
450
652
995
1217
1290
1299
1276
1289
1298
1326
1524
1610
1633
1651
1482
1264
882
729
752
505
232
-44
-153
-157
-274
-201
-169
-232
-175
-275
-388
-548
-744
-761
-949
-1233
-1437
-1691
-1746
-1586
-1318
-1000
-942
-885
-809
-889
-823
-645
-374
-128
-4
197
262
68
-257
-703
-1081
-1374
-1486
-1320
-1136
-786
-376
-110
110
232
466
581
412
416
444
463
592
568
625
728
971
1693
2185
2603
3441
4031
3823
2591
1286
500
-437
-1113
-1192
-983
-773
-1063
-1754
-2720
-3602
-3557
-3117
-2745
-1891
-763
-120
-476
-1155
-1231
-1167
-972
-179
682
1126
1088
854
624
324
423
847
1072
1237
1354
1295
1074
889
1077
1359
1625
2121
2462
2347
1941
1725
1822
1702
1485
1517
1499
1065
289
-304
-549
-698
-616
-352
-195
-140
-191
-309
-556
-875
-944
-960
-1130
-1346
-1580
-1739
-1892
-1984
-1845
-1698
-1562
-1354
-1159
-971
-855
-680
-428
-282
-130
-8
-50
-223
-471
-683
-930
-1252
-1443
-1516
-1601
-1543
-1294
-878
-443
-60
450
727
747
825
935
1031
935
914
1103
1226
1473
1808
2338
3213
3728
3420
2414
1451
824
29
-456
-248
-7
-200
-689
-1181
-1873
-2620
-2736
-2414
-2137
-1715
-1156
-1074
-1542
-1846
-1565
-997
-271
681
1209
978
591
479
557
739
1265
1894
1939
1486
999
646
457
525
939
1390
1673
1816
1696
1343
1012
1002
1310
1683
2051
2225
1831
929
-27
-688
-1038
-1081
-751
-386
-356
-583
-866
-1143
-1425
-1501
-1249
-896
-682
-757
-1039
-1347
-1591
-1665
-1578
-1382
-1194
-1211
-1374
-1467
-1365
-1046
-653
-278
-12
-15
-170
-314
-370
-306
-171
-2
31
-186
-621
-1128
-1505
-1613
-1374
-869
-127
581
927
952
843
886
1034
1163
1317
1493
1825
2081
2146
2491
3036
3173
2640
1953
1490
841
174
24
27
-273
-705
-1014
-1423
-1993
-2086
-1779
-1809
-2032
-1994
-1957
-2271
-2479
-2128
-1646
-1212
-434
343
416
111
125
444
766
1207
1816
2097
1862
1446
1061
812
815
1064
1418
1679
1715
1525
1139
775
666
845
1193
1488
1596
1411
969
511
196
-28
-256
-418
-534
-767
-1046
-1221
-1207
-1110
-1021
-844
-603
-429
-453
-667
-900
-1029
-1008
-819
-629
-678
-1008
-1427
-1673
-1654
-1392
-980
-618
-471
-512
-628
-696
-545
-192
190
418
384
242
75
-142
-346
-601
-769
-722
-590
-419
-266
-129
37
170
360
610
812
1150
1529
1775
2166
2780
3268
3165
2590
2038
1368
712
666
891
635
-166
-956
-1540
-2242
-2576
-2177
-1820
-1866
-2032
-2253
-2695
-3183
-3087
-2526
-2008
-1324
-538
-223
-359
-379
57
660
1268
2027
2521
2371
1930
1598
1561
1776
2085
2328
2272
2020
1788
1536
1337
1340
1567
1812
1799
1659
1552
1255
781
489
504
509
269
-68
-482
-1011
-1368
-1421
-1386
-1362
-1281
-1156
-1168
-1233
-1121
-1019
-1087
-1203
-1197
-1062
-1011
-1040
-1061
-1251
-1564
-1718
-1644
-1480
-1315
-1092
-954
-1007
-917
-702
-645
-578
-336
-40
137
282
480
505
346
104
-134
-265
-316
-179
-55
-125
-128
-26
164
321
693
1455
1930
2262
2777
3001
2799
2380
2202
2049
1536
1391
1452
985
246
-449
-915
-1414
-1927
-1885
-1748
-1866
-1925
-2101
-2438
-2772
-2827
-2471
-2219
-1958
-1400
-1117
-1087
-808
-147
690
1279
1714
1982
1830
1737
1903
2109
2369
2541
2590
2425
2129
2073
2032
1935
1965
1917
1738
1438
1213
1109
810
506
311
44
-246
-537
-658
-732
-990
-1189
-1346
-1556
-1728
-1773
-1580
-1380
-1222
-987
-940
-1050
-1161
-1190
-1079
-985
-848
-739
-887
-1156
-1447
-1592
-1456
-1271
-1043
-859
-856
-875
-948
-981
-889
-776
-508
-179
86
343
485
579
615
565
545
401
211
201
248
274
321
419
496
566
959
1554
2041
2511
2810
2626
2178
1971
2042
1978
1877
1895
1527
698
-49
-535
-1005
-1429
-1471
-1364
-1641
-2065
-2341
-2671
-2987
-2900
-2413
-2063
-2049
-1995
-1893
-1898
-1636
-928
-97
493
803
1017
1111
1223
1609
2083
2420
2549
2471
2324
2155
2133
2359
2623
2768
2658
2286
1821
1457
1278
1078
735
411
142
-204
-603
-872
-1003
-1148
-1301
-1399
-1461
-1544
-1644
-1679
-1632
-1496
-1358
-1339
-1376
-1336
-1141
-843
-529
-266
-226
-405
-625
-796
-897
-916
-831
-764
-789
-757
-689
-724
-858
-951
-930
-857
-684
-435
-252
-123
7
166
308
455
631
660
595
534
515
612
650
540
337
318
787
1410
1992
2420
2322
1929
1697
1828
2112
2115
2075
1918
1229
500
77
-216
-612
-1107
-1286
-1446
-1931
-2297
-2619
-3010
-3149
-2977
-2600
-2414
-2402
-2236
-2215
-2200
-1764
-1092
-382
141
450
700
827
1165
1778
2221
2521
2703
2761
2768
2658
2742
3037
3143
3105
2949
2749
2571
2261
1956
1630
1171
765
332
-134
-486
-817
-1079
-1285
-1479
-1604
-1785
-1960
-1964
-1856
-1664
-1601
-1802
-2040
-2167
-2011
-1522
-981
-590
-443
-516
-634
-747
-777
-687
-608
-589
-671
-766
-706
-619
-617
-638
-730
-899
-1012
-936
-730
-535
-275
-24
69
104
190
355
447
403
421
524
638
669
713
1071
1532
1917
2361
2480
2168
1795
1688
1824
1776
1807
2030
1750
1067
544
254
-51
-524
-703
-640
-989
-1533
-2071
-2651
-3031
-3148
-2943
-2687
-2552
-2266
-2170
-2353
-2198
-1603
-846
-296
-38
230
366
555
1167
1855
2445
2811
2866
2803
2638
2678
3021
3262
3336
3184
2877
2632
2339
2107
1906
1538
1131
660
165
-243
-586
-826
-1104
-1470
-1803
-2165
-2463
-2514
-2342
-2060
-1909
-1939
-2046
-2136
-2064
-1872
-1651
-1356
-971
-604
-358
-265
-186
-107
-177
-345
-527
-632
-607
-472
-330
-296
-403
-531
-624
-708
-708
-670
-619
-509
-342
-174
26
186
375
497
479
622
781
882
947
1154
1615
2024
2314
2486
2390
2111
2108
2246
2168
1892
1766
1826
1466
911
623
388
-112
-642
-789
-877
-1331
-2004
-2558
-3004
-3293
-3266
-3200
-3279
-3337
-3193
-3006
-2831
-2385
-1712
-1195
-905
-553
-136
234
664
1221
1783
2201
2509
2746
2898
3050
3303
3545
3638
3529
3204
2818
2564
2527
2566
2375
1903
1307
697
232
23
-38
-259
-774
-1296
-1615
-1843
-2102
-2281
-2300
-2255
-2187
-2064
-1931
-1851
-1765
-1624
-1447
-1246
-996
-715
-516
-337
-130
53
148
165
109
-65
-277
-404
-341
-224
-188
-231
-363
-555
-741
-832
-833
-785
-752
-668
-575
-526
-458
-389
-248
-12
289
526
733
1112
1715
2236
2217
1960
1945
2167
2242
1996
1847
1908
1773
1439
1232
1033
572
-104
-481
-473
-656
-1122
-1756
-2401
-2792
-2927
-2957
-3064
-3193
-3182
-3230
-3376
-3139
-2455
-1720
-1210
-886
-537
-266
-10
550
1286
1891
2285
2555
2844
3161
3482
3832
4011
3972
3867
3656
3405
3234
3162
3017
2608
2094
1650
1151
627
293
105
-207
-747
-1273
-1604
-1873
-2118
-2239
-2301
-2413
-2571
-2649
-2539
-2308
-2013
-1759
-1640
-1565
-1409
-1194
-995
-762
-499
-307
-266
-255
-132
-43
-50
-133
-246
-339
-438
-470
-503
-578
-661
-766
-901
-1035
-1084
-1026
-863
-776
-728
-645
-569
-383
-206
127
622
1118
1721
2094
2054
1880
2012
2419
2550
2285
2173
2247
2069
1854
1790
1692
1116
299
50
111
-141
-768
-1435
-1901
-2220
-2422
-2536
-2728
-2913
-2915
-2965
-3022
-2758
-2209
-1682
-1438
-1183
-730
-379
13
623
1259
1668
1829
2132
2620
2971
3234
3484
3646
3728
3759
3837
3803
3417
2949
2640
2409
2118
1631
1074
542
41
-305
-611
-1067
-1646
-2217
-2553
-2556
-2437
-2467
-2791
-3194
-3260
-2962
-2568
-2298
-2179
-2102
-2005
-1801
-1411
-951
-604
-434
-395
-376
-243
10
295
492
492
338
122
7
66
181
216
68
-185
-382
-482
-425
-279
-241
-393
-657
-695
-493
-253
141
658
1244
1591
1451
1306
1540
2171
2693
2605
2354
2304
2220
2064
2018
2104
1835
955
335
355
342
-86
-816
-1452
-1890
-2241
-2447
-2683
-2956
-3105
-3302
-3583
-3563
-3071
-2465
-2169
-2081
-1803
-1473
-1141
-561
264
1016
1373
1504
1717
2107
2562
2937
3194
3427
3573
3529
3401
3450
3642
3573
3198
2751
2387
1982
1507
1224
998
502
-224
-919
-1296
-1462
-1659
-1871
-2170
-2536
-2863
-3032
-2889
-2586
-2393
-2276
-2213
-2127
-1879
-1589
-1257
-1003
-828
-599
-407
-195
118
439
582
543
457
434
427
346
308
269
134
-1
-112
-218
-284
-361
-463
-587
-794
-881
-849
-778
-419
-59
273
643
769
771
697
926
1478
1645
1525
1645
1911
2038
1886
1707
1639
1192
741
702
704
478
-128
-761
-1203
-1630
-1943
-2191
-2518
-2783
-3017
-3263
-3264
-2951
-2441
-2063
-2001
-1853
-1536
-1192
-733
-129
556
1106
1398
1696
2179
2592
2908
3147
3398
3682
3718
3591
3530
3593
3635
3437
3069
2800
2559
2234
1944
1668
1276
595
-181
-672
-948
-1194
-1523
-1929
-2297
-2644
-2862
-2871
-2794
-2764
-2841
-2941
-2887
-2642
-2318
-1979
-1753
-1552
-1360
-1213
-980
-665
-334
-110
-75
-54
76
216
378
466
433
296
12
-161
-138
-111
-197
-416
-599
-640
-609
-448
-191
-27
195
477
656
679
718
1103
1457
1401
1324
1512
1709
1697
1660
1827
1800
1354
1045
1061
1049
761
297
-142
-540
-945
-1255
-1586
-1915
-2088
-2307
-2650
-2849
-2696
-2411
-2289
-2190
-1844
-1495
-1240
-852
-294
273
713
1042
1323
1668
2219
2806
3024
3042
3143
3238
3232
3327
3582
3559
3005
2456
2350
2323
2034
1543
1128
819
468
145
-146
-526
-964
-1407
-1773
-2025
-2265
-2484
-2651
-2728
-2722
-2746
-2780
-2702
-2567
-2412
-2316
-2218
-1997
-1743
-1474
-1216
-967
-730
-528
-350
-229
-98
163
453
524
407
365
430
466
501
534
409
73
-204
-77
341
612
707
787
893
901
843
1058
1295
1184
934
960
1271
1459
1379
1315
1283
1088
931
931
982
812
389
-19
-381
-657
-849
-1103
-1422
-1688
-1919
-2172
-2382
-2393
-2235
-2191
-2245
-2215
-2094
-1916
-1718
-1362
-852
-402
-60
326
855
1391
1766
2015
2312
2678
3011
3145
3093
3094
3206
3228
3058
2850
2603
2264
1964
1841
1760
1361
661
70
-217
-370
-634
-1009
-1408
-1815
-2084
-2073
-1935
-1874
-1984
-2217
-2368
-2334
-2148
-1941
-1766
-1574
-1474
-1455
-1327
-1020
-677
-547
-654
-695
-524
-317
-158
53
269
274
128
164
347
413
356
304
267
273
428
637
865
1082
1072
835
622
684
894
908
829
880
936
870
727
657
637
454
275
307
336
216
-15
-247
-444
-670
-810
-916
-1145
-1389
-1655
-1947
-2104
-2024
-1776
-1658
-1719
-1721
-1649
-1530
-1320
-989
-598
-355
-162
215
628
952
1257
1672
2080
2212
2291
2491
2685
2857
2964
2971
2838
2571
2374
2272
2183
2066
1753
1287
861
499
205
-63
-260
-434
-805
-1205
-1407
-1498
-1631
-1784
-1784
-1720
-1787
-1842
-1710
-1474
-1265
-1151
-1061
-963
-890
-768
-631
-567
-511
-444
-369
-306
-254
-165
-196
-355
-381
-320
-322
-409
-485
-409
-346
-297
-124
88
365
556
510
427
471
704
876
762
693
748
718
647
661
814
763
414
279
414
461
223
-161
-381
-527
-723
-859
-972
-1115
-1298
-1495
-1556
-1464
-1300
-1219
-1331
-1436
-1371
-1232
-1057
-728
-244
81
99
163
568
1078
1317
1357
1505
1792
2011
2109
2255
2471
2516
2333
2191
2272
2361
2151
1789
1624
1597
1400
999
669
508
269
-88
-341
-466
-660
-1019
-1337
-1414
-1343
-1296
-1345
-1434
-1492
-1500
-1468
-1387
-1256
-1155
-1155
-1180
-1085
-846
-641
-594
-576
-509
-436
-386
-338
-249
-251
-410
-522
-506
-434
-374
-265
-41
112
176
315
441
421
311
318
482
562
556
609
646
589
485
463
516
483
389
309
223
145
14
-221
-501
-717
-819
-922
-1072
-1144
-1194
-1336
-1475
-1475
-1312
-1150
-1065
-934
-739
-552
-400
-200
164
563
862
1096
1273
1414
1577
1813
2103
2274
2257
2135
2022
2041
2117
2072
1856
1534
1277
1156
1077
954
692
327
28
-139
-222
-352
-594
-866
-1146
-1360
-1408
-1352
-1312
-1362
-1426
-1409
-1348
-1218
-1027
-876
-798
-753
-646
-462
-266
-88
17
44
92
190
267
243
156
107
66
-5
-83
-170
-289
-383
-304
-20
281
413
351
192
59
61
222
387
393
273
178
187
247
257
152
-76
-326
-430
-341
-206
-248
-529
-886
-1113
-1137
-1053
-989
-1032
-1209
-1425
-1500
-1315
-994
-783
-784
-867
-869
-742
-502
-174
192
493
654
752
940
1247
1562
1793
1983
2190
2339
2375
2379
2419
2418
2277
2085
1978
1885
1659
1322
1032
837
609
304
-5
-291
-601
-929
-1183
-1306
-1383
-1495
-1612
-1657
-1619
-1570
-1534
-1462
-1329
-1188
-1091
-988
-800
-572
-403
-292
-131
104
291
356
374
415
451
460
489
524
460
292
131
41
8
28
99
189
279
372
397
263
54
-37
18
72
91
177
291
296
182
85
22
-88
-211
-246
-224
-308
-555
-861
-1120
-1321
-1477
-1582
-1627
-1642
-1681
-1750
-1767
-1663
-1470
-1276
-1083
-862
-652
-495
-331
-96
185
492
874
1280
1543
1617
1655
1755
1886
2051
2276
2456
2460
2343
2271
2253
2172
2014
1876
1783
1645
1414
1137
850
541
197
-108
-292
-398
-566
-847
-1137
-1354
-1523
-1644
-1672
-1629
-1620
-1653
-1627
-1516
-1397
-1293
-1135
-897
-643
-407
-192
-43
0
13
112
286
426
480
486
478
441
385
336
293
229
144
95
143
277
372
313
135
-22
-85
-111
-132
-89
14
69
26
-22
-33
-120
-328
-514
-533
-425
-342
-381
-535
-754
-981
-1169
-1272
-1263
-1202
-1210
-1298
-1335
-1248
-1129
-1054
-977
-853
-711
-540
-280
38
317
524
712
912
1148
1438
1718
1871
1911
1972
2106
2234
2304
2317
2241
2069
1901
1838
1830
1738
1517
1235
960
734
561
399
196
-49
-299
-520
-678
-773
-869
-1021
-1182
-1255
-1265
-1296
-1334
-1309
-1263
-1266
-1262
-1165
-1040
-989
-968
-875
-732
-625
-548
-461
-407
-426
-442
-365
-221
-100
-41
-29
-47
-80
-104
-89
-29
63
160
245
307
317
253
140
47
13
28
57
92
145
196
198
149
99
70
36
0
4
35
24
-63
-154
-179
-164
-186
-261
-348
-427
-499
-534
-484
-375
-301
-304
-321
-298
-239
-157
-35
110
234
344
490
670
822
921
992
1064
1129
1196
1278
1362
1404
1396
1364
1335
1303
1243
1132
983
830
694
571
456
338
201
29
-169
-364
-528
-664
-778
-878
-970
-1052
-1117
-1164
-1217
-1272
-1295
-1266
-1208
-1156
-1113
-1055
-973
-880
-782
-678
-589
-541
-522
-481
-387
-278
-216
-203
-190
-152
-104
-52
12
82
133
170
223
313
415
481
501
493
475
449
425
440
499
546
533
482
452
445
428
407
395
360
272
169
118
109
78
9
-55
-93
-133
-192
-250
-299
-354
-408
-418
-371
-312
-300
-326
-337
-309
-252
-182
-92
10
100
177
269
372
460
513
559
617
682
745
800
842
854
847
840
827
788
724
653
574
466
336
219
121
23
-85
-185
-278
-388
-518
-633
-714
-775
-833
-879
-901
-921
-949
-969
-959
-926
-874
-803
-714
-622
-548
-486
-423
-349
-274
-209
-154
-93
-33
15
51
83
111
119
115
121
143
163
178
202
237
271
293
315
343
369
384
398
420
439
439
426
419
430
428
393
352
324
292
234
165
116
73
13
-54
-98
-133
-206
-306
-381
-405
-412
-433
-457
-470
-480
-490
-480
-430
-365
-320
-291
-242
-157
-62
21
102
186
270
352
445
557
664
736
776
805
838
867
886
892
872
813
729
641
551
455
356
257
151
28
-97
-201
-291
-379
-466
-538
-600
-657
-705
-720
-704
-691
-698
-706
-685
-639
-592
-538
-470
-405
-370
-347
-302
-236
-180
-149
-134
-115
-105
-109
-107
-85
-67
-76
-97
-111
-109
-107
-114
-116
-113
-114
-112
-99
-64
-26
3
25
51
90
133
174
217
259
294
324
356
388
408
414
409
401
394
384
373
355
326
284
229
179
135
93
51
7
-35
-72
-103
-123
-130
-127
-116
-97
-65
-25
22
75
133
195
256
318
370
413
451
483
506
510
506
493
462
420
360
298
237
167
92
12
-71
-154
-235
-309
-374
-428
-481
-523
-556
-577
-583
-585
-588
-575
-561
-541
-512
-482
-448
-417
-380
-338
-301
-271
-244
-215
-185
-160
-139
-115
-93
-72
-56
-42
-25
-15
-8
-4
2
6
9
11
14
20
21
21
28
38
50
66
81
101
124
144
167
190
213
233
252
272
297
315
328
335
339
345
346
346
343
337
330
319
302
287
262
234
213
192
172
143
111
84
58
32
5
-15
-27
-40
-57
-71
-72
-71
-76
-80
-73
-63
-63
-65
-63
-63
-68
-79
-90
-99
-112
-135
-152
-164
-181
-202
-228
-238
-242
-255
-267
-269
-259
-243
-238
-231
-213
-191
-160
-132
-107
-84
-62
-38
-15
0
11
18
28
39
43
43
41
42
45
46
47
45
47
47
45
48
49
48
48
54
64
64
56
49
48
52
54
43
42
48
53
54
52
51
53
56
62
72
72
73
74
81
87
83
80
81
90
94
85
74
69
66
64
58
48
35
23
11
0
-14
-28
-32
-32
-33
-45
-56
-65
-67
-69
-74
-77
-78
-74
-66
-64
-64
-63
-62
-54
-48
-45
-41
-36
-34
-36
-35
-31
-26
-23
-20
-21
-24
-22
-19
-13
-7
-8
-13
-11
-8
2
13
16
14
12
13
19
26
32
31
26
25
26
26
26
26
25
21
15
6
4
4
9
8
0
-9
-18
-16
-12
-17
-27
-38
-43
-40
-38
-38
-47
-54
-56
-53
-48
-49
-49
-45
-36
-29
-20
-15
-6
8
21
33
39
43
54
70
80
84
83
83
88
95
99
96
91
87
86
85
83
75
70
64
56
46
42
36
26
15
11
4
-10
-18
-26
-29
-39
-47
-53
-59
-65
-67
-62
-62
-64
-65
-62
-60
-59
-57
-55
-55
-53
-50
-44
-43
-45
-41
-36
-32
-34
-31
-29
-27
-29
-27
-25
-25
-27
-25
-22
-24
-24
-20
-13
-14
-12
-9
-9
-8
-4
0
1
2
1
7
9
11
13
12
9
11
13
17
21
22
26
28
28
32
33
32
36
39
42
42
35
34
31
28
30
28
27
24
15
13
10
8
14
13
16
17
12
11
10
9
14
14
13
17
14
16
14
10
12
13
14
15
12
9
6
0
-2
-2
-2
-4
-9
-13
-14
-19
-20
-22
-26
-30
-37
-40
-45
-47
-48
-47
-44
-44
-46
-50
-51
-54
-52
-50
-48
-44
-44
-37
-37
-36
-34
-30
-25
-20
-13
-5
5
8
12
14
16
20
23
29
32
38
40
39
40
37
38
38
43
47
50
52
49
47
44
39
35
37
40
41
46
44
41
31
23
23
20
22
21
19
18
11
7
1
-6
-9
-12
-13
-13
-11
-13
-14
-18
-20
-20
-22
-18
-17
