1
0
-1
1
0
-4
-6
-6
-7
-9
-10
-11
-14
-16
-16
-16
-14
-15
-14
-13
-10
-10
-9
-8
-7
-5
-3
1
7
9
13
16
17
20
23
25
27
28
29
30
29
30
31
32
34
35
34
34
35
34
33
31
30
27
27
26
23
20
18
16
12
9
5
1
-3
-6
-10
-15
-19
-23
-27
-30
-33
-36
-40
-43
-45
-47
-49
-49
-50
-53
-54
-55
-57
-54
-53
-52
-49
-45
-41
-37
-34
-32
-29
-26
-24
-20
-13
-7
-2
4
10
16
25
30
33
35
35
36
35
37
37
39
40
43
46
45
44
43
42
39
35
33
27
25
21
14
9
6
2
-1
-3
-4
-4
-4
-3
-1
0
0
-1
-2
-1
1
2
6
9
10
12
14
13
13
11
9
7
6
7
6
6
6
5
2
1
-1
-2
0
-1
-2
-2
-3
-5
-6
-6
-8
-10
-12
-12
-11
-12
-15
-18
-27
-32
-35
-38
-41
-51
-63
-70
-75
-77
-83
-95
-100
-104
-105
-104
-113
-118
-113
-111
-105
-103
-107
-97
-89
-80
-70
-63
-53
-41
-30
-19
-7
6
17
25
36
52
71
89
105
121
141
171
199
224
247
268
302
328
333
338
331
334
340
324
312
297
283
280
261
241
220
189
164
127
81
37
-11
-62
-121
-179
-230
-278
-323
-358
-386
-407
-416
-416
-407
-393
-374
-355
-333
-306
-274
-238
-201
-163
-126
-88
-53
-22
6
31
52
66
79
95
108
120
131
141
148
154
157
160
160
161
163
166
167
166
164
162
158
152
147
141
132
121
111
97
82
67
47
25
1
-25
-51
-77
-101
-126
-151
-173
-194
-213
-230
-249
-262
-275
-285
-288
-286
-283
-279
-270
-255
-239
-221
-201
-181
-159
-136
-113
-90
-68
-47
-26
-9
10
28
44
60
78
94
112
132
152
179
203
229
256
283
308
332
348
358
359
351
340
328
317
305
291
277
262
244
223
200
168
132
94
55
15
-22
-61
-103
-146
-193
-236
-274
-306
-334
-351
-356
-355
-343
-327
-311
-294
-280
-261
-236
-207
-171
-133
-96
-56
-20
13
38
58
68
76
83
89
96
106
116
127
132
137
137
135
128
121
120
122
129
137
144
149
151
152
150
142
134
124
112
105
96
86
71
50
29
-1
-33
-64
-92
-118
-143
-161
-178
-194
-211
-233
-256
-276
-292
-300
-310
-310
-300
-289
-270
-254
-237
-216
-196
-176
-153
-130
-106
-86
-65
-49
-33
-14
5
28
56
80
101
122
144
166
194
233
280
330
384
431
466
477
459
428
393
365
345
333
332
336
342
344
332
298
244
182
117
59
12
-26
-61
-104
-161
-229
-312
-397
-482
-576
-617
-618
-586
-525
-483
-440
-405
-392
-381
-377
-362
-308
-240
-152
-53
50
142
207
235
225
200
165
133
130
153
204
267
320
361
377
372
354
311
263
224
201
205
229
260
297
320
327
310
257
197
143
104
86
75
61
35
-2
-38
-60
-72
-81
-122
-237
-409
-572
-694
-754
-752
-722
-659
-634
-671
-723
-769
-740
-643
-527
-418
-374
-388
-419
-425
-379
-315
-275
-284
-353
-438
-455
-346
-126
127
281
250
51
-219
-376
-255
183
855
1573
2143
2446
2449
2183
1723
1167
600
102
-246
-383
-287
-4
376
734
937
880
554
60
-421
-682
-622
-283
150
431
412
104
-338
-727
-954
-1001
-901
-665
-329
81
467
646
522
112
-406
-805
-953
-806
-427
67
548
899
1021
839
383
-214
-733
-988
-920
-619
-244
84
327
490
563
513
299
-15
-283
-370
-243
13
249
372
357
273
183
86
-3
-58
-38
73
188
175
-43
-417
-775
-944
-885
-726
-635
-682
-780
-759
-563
-277
-93
-135
-374
-632
-720
-611
-424
-301
-272
-278
-242
-133
5
109
105
-13
-147
-232
-226
-83
177
410
448
300
140
86
107
161
279
480
961
2123
4111
6160
6894
5659
3044
188
-2094
-3381
-3533
-3056
-2747
-2706
-2124
-655
739
968
88
-1037
-1854
-2010
-979
1152
3084
3353
2017
252
-1238
-2560
-3655
-3999
-3444
-2296
-697
1247
2730
2620
889
-1154
-2282
-2286
-1498
-167
1377
2562
3117
3241
3069
2334
898
-691
-1673
-1813
-1385
-684
94
623
625
256
-26
-28
78
246
700
1452
2066
2089
1552
786
0
-714
-1190
-1280
-1101
-916
-822
-761
-746
-878
-1139
-1343
-1331
-1090
-648
-65
460
649
433
32
-302
-507
-611
-601
-515
-480
-558
-651
-669
-703
-878
-1094
-1113
-821
-329
157
483
559
381
77
-145
-145
41
277
506
747
936
952
770
500
226
-47
-232
-166
108
481
1327
3271
5991
7776
7109
4307
939
-1899
-3960
-4998
-4842
-4148
-3813
-3571
-2258
184
2151
2210
650
-1104
-1861
-1213
542
2445
3304
2650
990
-939
-2738
-4194
-5102
-5329
-4644
-2617
671
3790
4821
3362
946
-740
-1308
-1101
-211
1239
2528
3039
3104
3294
3209
1886
-590
-2772
-3382
-2516
-1069
377
1603
2302
2199
1499
792
435
356
424
694
1189
1667
1713
1083
-35
-1172
-1962
-2371
-2486
-2212
-1449
-477
107
-5
-573
-1238
-1852
-2289
-2232
-1537
-563
179
583
834
839
311
-660
-1516
-1806
-1589
-1165
-712
-355
-275
-531
-910
-1139
-1121
-924
-642
-317
80
606
1191
1558
1472
1033
587
398
507
809
1136
1257
1067
699
327
14
-208
-281
-181
271
1663
4445
7684
9217
7713
4034
94
-3074
-5352
-6394
-5856
-4498
-3547
-2837
-1056
1799
3627
2704
36
-1819
-1697
-428
1014
2431
3391
2830
382
-2664
-4668
-5524
-6141
-6395
-4913
-1183
3094
5518
5341
3583
1393
-680
-2051
-1984
-536
1157
2086
2431
2842
3112
2302
117
-2460
-4051
-4078
-2905
-1169
669
2268
3284
3536
3186
2570
1844
973
66
-484
-424
-60
-3
-514
-1251
-1733
-1838
-1752
-1580
-1224
-603
118
614
714
495
67
-571
-1361
-2002
-2130
-1729
-1158
-671
-167
440
887
833
336
-187
-488
-678
-882
-1005
-945
-772
-593
-391
-162
-57
-184
-400
-427
-154
333
899
1387
1591
1444
1173
1001
861
545
98
-172
-82
229
546
726
600
123
-453
-771
-547
559
2906
6048
8287
8038
5497
2171
-1020
-4115
-6663
-7493
-6478
-5046
-3975
-2194
989
3810
3918
1562
-737
-1424
-1072
-349
1044
2811
3319
1521
-1482
-3877
-5332
-6552
-7243
-6050
-2559
1788
5038
6281
5619
3538
828
-1383
-2244
-1812
-741
492
1768
2934
3539
3082
1406
-1060
-3338
-4387
-3801
-2032
156
2308
4148
5192
4971
3606
1858
388
-648
-1189
-1004
-174
582
544
-203
-969
-1391
-1732
-2133
-2177
-1458
-187
1013
1698
1762
1156
-142
-1776
-2997
-3248
-2630
-1688
-838
-124
509
900
792
171
-692
-1466
-1920
-1928
-1458
-694
-43
170
-23
-340
-566
-703
-778
-692
-325
275
891
1345
1546
1411
939
327
-106
-143
156
538
774
816
777
749
647
380
76
-29
20
131
870
3125
6531
8952
8507
5572
1982
-1260
-4273
-6623
-7221
-6199
-5071
-4286
-2416
1135
4263
4476
2176
-74
-866
-754
-211
1073
2618
2862
1117
-1442
-3440
-4891
-6275
-6976
-5825
-2724
1082
4129
5515
4913
2715
96
-1688
-2238
-1943
-1166
5
1333
2356
2734
2309
921
-1340
-3605
-4599
-3803
-1894
114
1852
3403
4608
5030
4467
3209
1680
186
-918
-1297
-972
-502
-547
-1191
-1821
-1813
-1187
-448
41
384
858
1435
1814
1785
1290
333
-916
-2026
-2523
-2315
-1811
-1430
-1173
-778
-133
581
1006
846
115
-793
-1363
-1391
-1115
-871
-734
-613
-501
-433
-352
-177
23
121
146
265
530
748
678
346
4
-138
-100
3
176
485
908
1283
1443
1299
821
175
-358
-696
-789
-58
2326
5942
8622
8475
5824
2344
-1122
-4621
-7373
-8035
-6865
-5558
-4472
-2069
2037
5364
5366
2677
3
-1246
-1495
-954
674
2602
3076
1468
-1015
-3124
-4951
-6797
-7806
-6731
-3480
747
4456
6495
6291
4190
1456
-648
-1751
-2111
-1816
-754
827
2321
3215
3180
1879
-652
-3400
-4813
-4200
-2270
-96
1960
3933
5422
5714
4664
2882
1002
-649
-1707
-1759
-924
-68
34
-515
-1047
-1225
-1231
-1217
-1048
-547
286
1243
1980
2084
1303
-163
-1715
-2814
-3230
-2995
-2287
-1358
-447
334
945
1239
986
165
-846
-1503
-1547
-1182
-806
-615
-529
-461
-467
-568
-592
-361
30
334
505
674
786
553
-40
-540
-509
-19
510
849
1060
1202
1231
1104
807
339
-185
-552
-591
-90
1325
3834
6561
7773
6571
3814
938
-1613
-4035
-5854
-6252
-5487
-4585
-3504
-1212
2063
4195
3636
1425
-248
-621
-343
258
1306
2193
1825
77
-2025
-3735
-5209
-6432
-6528
-4727
-1431
2113
4689
5515
4419
2120
-73
-1269
-1572
-1437
-903
167
1490
2495
2840
2378
895
-1472
-3750
-4644
-3719
-1738
318
2134
3744
4852
4942
3951
2401
832
-494
-1373
-1470
-730
190
415
-234
-1106
-1540
-1498
-1300
-1017
-420
494
1348
1788
1701
1093
-4
-1367
-2501
-2899
-2474
-1606
-710
70
734
1199
1259
800
-10
-848
-1409
-1472
-1051
-443
-42
-31
-292
-602
-818
-835
-619
-312
-84
88
345
570
408
-201
-793
-929
-606
-10
743
1498
1905
1667
905
27
-668
-1068
-1139
-758
459
2894
5987
8013
7544
4854
1454
-1618
-4230
-5976
-6029
-4649
-3287
-2505
-1217
1208
3242
2908
582
-1404
-1647
-647
848
2641
4087
3886
1556
-1685
-4233
-5711
-6505
-6387
-4634
-1295
2447
5131
5847
4492
1748
-1105
-2828
-2992
-2027
-519
1171
2684
3593
3642
2811
1132
-1194
-3449
-4557
-3941
-2041
240
2306
3874
4567
4065
2579
819
-563
-1316
-1402
-802
246
1131
1298
712
-231
-1129
-1819
-2216
-2119
-1392
-158
1158
1988
1939
1028
-366
-1728
-2630
-2832
-2283
-1187
24
975
1551
1751
1449
530
-772
-1860
-2230
-1896
-1186
-406
219
474
283
-177
-633
-978
-1261
-1351
-981
-165
684
1156
1144
743
124
-492
-828
-701
-254
216
502
579
567
557
430
194
467
2110
4961
7306
7366
5048
1690
-1593
-4387
-6064
-5860
-4248
-2827
-2204
-1169
1197
3577
3866
1968
-242
-1302
-1210
-296
1365
3049
3282
1395
-1527
-3854
-5073
-5574
-5362
-3902
-1100
2236
4848
5729
4534
1778
-1233
-3109
-3299
-2181
-475
1220
2452
2945
2776
2159
1053
-664
-2522
-3415
-2635
-719
1107
2155
2492
2252
1435
346
-340
-241
267
615
780
1003
1139
776
-138
-1094
-1539
-1444
-1108
-681
-148
388
637
360
-329
-1039
-1496
-1698
-1641
-1185
-297
666
1138
889
234
-367
-718
-855
-847
-746
-616
-565
-676
-910
-1108
-1080
-738
-241
166
410
538
471
64
-585
-1013
-827
-205
396
824
1124
1186
771
-106
-1009
-1502
-1507
-1140
-490
607
2605
5647
8662
9664
7598
3443
-940
-4447
-6698
-7100
-5464
-3272
-2309
-2219
-1109
1380
3130
2468
494
-662
-429
538
2030
3867
4645
2798
-1159
-4815
-6463
-6481
-5824
-4454
-1995
1126
3824
5215
4961
3157
504
-1682
-2247
-1112
808
2417
3010
2457
1246
123
-569
-1084
-1695
-2071
-1614
-324
1127
2116
2478
2241
1429
383
-194
170
1132
1796
1631
852
-74
-920
-1634
-2069
-1985
-1421
-755
-282
45
358
504
177
-628
-1494
-1952
-1914
-1567
-1055
-474
4
139
-112
-434
-450
-151
120
52
-326
-764
-1083
-1265
-1334
-1293
-1184
-1031
-725
-156
575
1112
1123
601
-127
-597
-542
-87
417
674
669
518
321
249
376
452
149
-435
-776
-543
195
1616
4157
7262
8976
7792
4381
641
-2379
-4628
-5667
-4906
-3312
-2741
-3203
-2689
-307
2032
2232
860
-108
-85
350
1318
3167
4621
3564
-48
-3734
-5450
-5548
-5148
-4208
-2239
227
2036
2780
2753
1982
404
-1158
-1382
82
2148
3456
3478
2423
804
-663
-1363
-1318
-1146
-1204
-1183
-748
-118
326
607
868
940
724
686
1395
2508
2949
2202
808
-489
-1516
-2290
-2469
-1795
-802
-358
-595
-880
-794
-635
-772
-1026
-982
-639
-338
-212
-117
-5
-62
-391
-723
-682
-247
198
299
45
-345
-704
-1024
-1244
-1223
-945
-587
-295
-32
252
437
357
81
-106
-28
253
577
841
972
926
715
396
112
53
260
541
635
455
147
-195
-345
460
2816
5887
7576
6505
3384
-15
-2654
-4225
-4273
-2828
-1385
-1547
-2769
-2892
-1181
549
582
-473
-1107
-996
-488
724
2777
4125
2777
-891
-4167
-5130
-4342
-3116
-1701
39
1420
1561
731
-69
-547
-1045
-1333
-571
1388
3415
4203
3482
1898
253
-833
-993
-334
543
999
802
146
-592
-996
-790
-103
635
1205
1806
2559
3098
2955
2134
1002
-175
-1296
-2034
-1945
-1146
-411
-402
-976
-1490
-1602
-1439
-1172
-808
-443
-364
-646
-916
-758
-259
47
-117
-427
-459
-217
-36
-96
-292
-593
-1086
-1590
-1654
-1126
-491
-334
-636
-904
-835
-516
-109
342
709
721
351
-73
-150
212
723
1059
1105
976
867
756
472
21
-412
-695
-674
168
2474
5679
7722
6862
3470
-421
-3155
-4215
-3447
-1201
854
694
-1616
-3555
-3186
-1402
-250
-179
-248
-123
-152
99
1451
3114
2893
66
-3244
-4528
-3642
-2051
-540
1015
2176
1902
231
-1322
-1614
-1101
-665
-171
1010
2511
3131
2448
1324
672
518
496
642
1119
1494
1062
-155
-1317
-1672
-1244
-472
359
1090
1448
1253
781
556
779
1131
1231
1001
593
174
-171
-449
-765
-1255
-1878
-2362
-2451
-2120
-1569
-1090
-917
-1089
-1368
-1370
-916
-231
291
468
403
257
115
24
1
-86
-470
-1133
-1713
-1851
-1550
-1106
-760
-551
-483
-536
-529
-242
317
841
1020
900
822
991
1259
1369
1257
1059
811
442
91
23
231
522
1053
2377
4430
5938
5546
3239
300
-1959
-2889
-2298
-665
564
-17
-2151
-3917
-3783
-2089
-223
803
693
-371
-1597
-1751
-367
1414
1918
624
-1549
-3323
-3910
-2995
-886
1298
2237
1525
-91
-1542
-2216
-1921
-722
870
2019
2222
1707
1074
738
815
1303
1995
2412
2166
1339
320
-567
-1089
-1007
-284
700
1403
1582
1354
862
287
20
378
1127
1601
1418
790
123
-362
-550
-322
147
327
-159
-1082
-1866
-2211
-2257
-2210
-2119
-1994
-1864
-1689
-1340
-834
-401
-242
-280
-245
1
331
480
264
-312
-1051
-1657
-1849
-1547
-1000
-624
-723
-1204
-1657
-1707
-1226
-345
634
1330
1427
978
447
324
720
1349
1859
2014
1668
887
181
295
1537
3311
4583
4720
3717
1959
84
-1096
-1034
-148
372
-208
-1480
-2435
-2480
-1709
-504
599
877
2
-1356
-1940
-1159
329
1376
1344
300
-1299
-2720
-3081
-1980
-26
1561
1901
1006
-463
-1720
-2133
-1477
-135
1080
1472
977
153
-266
135
1218
2410
3041
2721
1553
71
-1017
-1226
-628
241
815
852
495
41
-216
-58
492
1107
1394
1230
798
320
-124
-455
-511
-237
132
254
-6
-538
-1138
-1600
-1739
-1515
-1177
-1121
-1505
-2074
-2394
-2197
-1548
-749
-152
7
-258
-687
-971
-935
-612
-177
175
306
182
-127
-506
-851
-1089
-1140
-981
-676
-289
138
502
593
280
-186
-358
-48
596
1344
2003
2378
2448
2689
3646
4939
5364
4226
2102
181
-751
-438
901
2136
1637
-936
-3804
-4757
-3398
-1044
949
1770
889
-1353
-3132
-2626
-309
1483
1285
-310
-2078
-3352
-3539
-2000
645
2333
1747
-246
-1894
-2471
-2166
-1038
705
1969
1645
66
-1320
-1544
-716
703
2307
3361
3014
1331
-501
-1289
-793
484
1852
2594
2152
655
-910
-1478
-752
781
2307
3041
2509
929
-744
-1496
-1020
207
1393
1851
1267
-79
-1387
-1868
-1370
-421
263
201
-656
-1905
-2864
-3001
-2318
-1276
-402
-42
-263
-819
-1235
-1193
-824
-510
-468
-665
-1011
-1344
-1359
-864
-138
261
107
-351
-787
-1035
-967
-488
170
494
284
-120
-285
-147
106
399
732
1067
1450
2084
3012
3830
4035
3500
2572
1751
1357
1407
1573
1340
481
-674
-1529
-1719
-1341
-805
-549
-797
-1323
-1546
-1082
-180
459
341
-470
-1488
-2132
-1989
-1060
101
695
337
-622
-1464
-1646
-1055
35
1088
1505
1009
-80
-1049
-1323
-772
326
1462
2094
1911
1084
190
-226
-6
638
1294
1544
1185
427
-192
-233
319
1104
1688
1755
1242
443
-131
-123
387
970
1230
998
363
-382
-888
-965
-732
-494
-478
-689
-998
-1242
-1322
-1261
-1207
-1288
-1504
-1742
-1873
-1796
-1481
-1011
-586
-390
-475
-764
-1114
-1349
-1327
-1059
-732
-557
-584
-700
-740
-572
-203
137
176
-136
-545
-716
-510
8
641
1111
1243
1209
1418
2028
2713
3063
3017
2798
2599
2512
2564
2534
1950
708
-524
-881
-214
761
1205
747
-527
-2032
-2740
-1965
-217
1030
745
-785
-2462
-3316
-2858
-1197
762
1689
948
-747
-2068
-2295
-1568
-367
756
1185
614
-464
-1083
-757
196
1198
1896
2072
1538
492
-365
-467
50
611
812
619
124
-474
-733
-276
724
1597
1798
1359
669
101
-100
168
722
1107
980
460
-23
-149
74
415
608
451
-79
-766
-1267
-1377
-1194
-1016
-1073
-1371
-1718
-1867
-1688
-1227
-713
-421
-488
-817
-1143
-1259
-1138
-861
-556
-318
-215
-260
-395
-580
-802
-963
-936
-704
-399
-177
-74
-83
-213
-359
-316
8
511
1072
1691
2272
2507
2207
1664
1364
1485
1871
2267
2369
1849
747
-249
-345
472
1411
1696
1081
-178
-1470
-2011
-1383
-163
488
-68
-1408
-2600
-2946
-2245
-859
357
567
-268
-1334
-1750
-1279
-308
588
905
450
-450
-1091
-985
-241
633
1187
1246
891
441
312
671
1264
1660
1629
1209
629
189
118
416
796
948
806
526
294
242
410
717
964
963
738
485
348
321
338
350
303
155
-85
-322
-463
-529
-602
-705
-827
-986
-1221
-1508
-1728
-1769
-1653
-1472
-1308
-1235
-1315
-1531
-1748
-1791
-1614
-1320
-1010
-730
-511
-381
-336
-319
-294
-300
-372
-456
-473
-410
-328
-298
-324
-383
-391
-199
309
1056
1739
2049
1928
1613
1468
1721
2273
2717
2579
1725
596
-86
106
963
1780
1871
1062
-159
-954
-764
186
1026
945
-154
-1599
-2472
-2238
-1126
46
448
-150
-1190
-1815
-1536
-561
458
907
617
-66
-562
-465
157
855
1184
1008
549
176
148
457
879
1106
967
544
94
-134
-45
270
623
836
830
664
477
371
360
389
399
363
273
136
-31
-197
-324
-371
-302
-143
0
-4
-224
-602
-978
-1190
-1169
-993
-843
-875
-1119
-1445
-1648
-1597
-1313
-958
-728
-736
-959
-1258
-1469
-1502
-1358
-1118
-884
-709
-590
-482
-350
-189
-16
137
239
298
357
458
586
684
697
645
619
730
1027
1417
1708
1740
1524
1256
1169
1326
1566
1627
1372
944
661
761
1171
1532
1456
858
42
-506
-498
-94
231
55
-642
-1438
-1803
-1509
-819
-304
-403
-1079
-1840
-2107
-1660
-776
-15
186
-185
-739
-994
-724
-77
562
883
857
693
656
838
1113
1238
1066
654
229
17
87
310
486
493
366
251
278
447
629
680
561
377
295
396
617
791
744
439
-1
-356
-455
-292
-7
204
212
-1
-335
-658
-874
-984
-1040
-1088
-1137
-1168
-1175
-1177
-1192
-1224
-1252
-1227
-1126
-971
-815
-723
-705
-718
-710
-645
-538
-434
-378
-376
-383
-343
-233
-79
47
89
43
-13
57
358
872
1427
1771
1743
1402
1014
894
1144
1559
1736
1384
586
-201
-458
-9
817
1393
1260
472
-423
-793
-424
308
721
368
-607
-1566
-1863
-1345
-462
84
-124
-894
-1587
-1628
-931
33
620
497
-137
-729
-790
-262
491
984
980
651
393
504
974
1492
1714
1505
1032
631
536
735
996
1048
796
375
54
35
300
646
822
717
424
149
57
155
301
323
163
-85
-247
-234
-106
-22
-124
-412
-752
-977
-1008
-929
-898
-1010
-1229
-1424
-1495
-1445
-1373
-1385
-1490
-1589
-1574
-1439
-1293
-1264
-1379
-1509
-1469
-1161
-669
-226
-50
-191
-483
-643
-496
-79
373
588
450
87
-188
-73
504
1318
1966
2139
1854
1428
1241
1454
1858
2039
1715
998
361
266
765
1437
1681
1196
256
-487
-490
219
1013
1145
348
-945
-1915
-1969
-1182
-225
151
-310
-1177
-1716
-1473
-613
235
492
64
-617
-943
-615
154
828
1013
725
343
270
622
1156
1464
1306
789
265
63
236
559
723
574
216
-61
-21
340
786
1003
846
431
38
-89
95
408
580
458
114
-219
-336
-223
-56
-52
-294
-664
-934
-955
-794
-680
-809
-1173
-1559
-1693
-1477
-1072
-792
-863
-1251
-1686
-1866
-1688
-1309
-1003
-955
-1125
-1295
-1254
-967
-583
-306
-227
-257
-226
-38
257
490
521
365
223
347
835
1523
2070
2188
1861
1375
1130
1342
1850
2208
2031
1308
465
65
368
1102
1645
1499
676
-273
-687
-324
419
809
353
-788
-1917
-2321
-1817
-883
-276
-438
-1176
-1841
-1874
-1236
-407
27
-167
-703
-1040
-822
-148
540
838
682
375
314
664
1235
1640
1618
1209
716
466
563
849
1048
978
681
385
292
446
685
794
685
446
283
340
591
840
863
610
232
-7
55
358
644
649
289
-262
-705
-833
-691
-536
-629
-1027
-1529
-1840
-1787
-1461
-1147
-1108
-1389
-1791
-2041
-1993
-1735
-1484
-1412
-1508
-1606
-1531
-1242
-875
-626
-593
-704
-773
-657
-369
-77
38
-63
-209
-133
334
1100
1846
2211
2077
1645
1303
1336
1693
2032
1978
1436
693
230
340
903
1465
1572
1122
446
39
151
586
860
598
-170
-1007
-1411
-1193
-631
-228
-323
-824
-1307
-1369
-953
-361
-21
-133
-523
-801
-671
-166
405
728
717
576
587
859
1238
1437
1281
866
485
395
615
912
1008
785
397
142
207
529
826
837
511
46
-245
-193
132
466
562
371
68
-95
3
277
495
460
147
-289
-625
-738
-685
-641
-758
-1037
-1351
-1523
-1479
-1297
-1164
-1232
-1511
-1851
-2049
-1999
-1763
-1517
-1413
-1472
-1576
-1560
-1349
-1030
-760
-654
-698
-760
-720
-550
-323
-128
37
263
626
1081
1463
1634
1600
1526
1591
1818
2025
1974
1593
1082
789
904
1311
1642
1587
1141
622
409
608
950
1002
544
-222
-832
-921
-520
-36
83
-286
-836
-1104
-860
-312
92
26
-442
-905
-960
-532
74
438
385
110
-10
241
742
1132
1112
701
212
-3
179
562
812
738
433
174
187
465
772
838
582
160
-161
-213
-57
101
87
-100
-282
-274
-32
289
465
375
99
-159
-239
-154
-70
-150
-424
-758
-958
-944
-801
-710
-782
-980
-1169
-1234
-1190
-1148
-1220
-1401
-1561
-1557
-1362
-1089
-898
-874
-959
-1009
-918
-696
-480
-408
-516
-689
-728
-484
39
669
1145
1296
1177
1018
1061
1355
1700
1784
1423
759
198
120
566
1176
1466
1208
612
175
276
828
1322
1230
462
-529
-1110
-957
-320
176
48
-644
-1340
-1455
-881
-65
360
101
-567
-1029
-850
-119
631
888
584
127
34
474
1152
1558
1402
852
377
355
742
1143
1164
742
203
-30
216
724
1064
954
477
8
-109
160
537
672
422
-30
-336
-266
100
460
527
256
-148
-413
-409
-248
-161
-304
-635
-966
-1122
-1080
-963
-918
-993
-1127
-1213
-1214
-1176
-1180
-1253
-1345
-1372
-1307
-1197
-1132
-1153
-1219
-1249
-1171
-983
-768
-634
-630
-704
-711
-510
-71
481
901
1005
815
577
560
854
1247
1377
1034
365
-174
-158
441
1190
1520
1186
466
-37
111
784
1363
1246
371
-699
-1222
-879
-34
575
429
-331
-1032
-1041
-321
561
921
531
-204
-609
-308
463
1085
1090
576
91
137
733
1407
1622
1240
632
356
667
1293
1681
1472
822
255
213
696
1264
1398
935
199
-276
-182
316
739
698
203
-375
-617
-382
85
376
249
-202
-663
-873
-805
-655
-656
-881
-1210
-1449
-1492
-1387
-1270
-1239
-1295
-1375
-1422
-1439
-1466
-1524
-1584
-1574
-1452
-1266
-1120
-1093
-1168
-1228
-1143
-883
-567
-391
-460
-661
-706
-368
322
1015
1306
1064
578
346
657
1315
1770
1560
755
-57
-233
379
1277
1702
1261
279
-458
-344
510
1346
1376
476
-694
-1237
-767
287
1035
860
-62
-922
-981
-200
746
1067
541
-334
-777
-380
560
1298
1301
695
113
136
781
1512
1722
1245
487
74
320
951
1375
1199
554
-26
-68
445
1084
1333
1014
423
50
157
574
873
751
274
-211
-364
-144
185
293
62
-338
-633
-682
-587
-559
-738
-1078
-1396
-1544
-1514
-1426
-1404
-1471
-1577
-1648
-1661
-1647
-1636
-1627
-1583
-1487
-1356
-1227
-1134
-1068
-993
-886
-739
-573
-431
-358
-358
-363
-257
58
560
1067
1336
1271
1011
857
1017
1395
1637
1407
712
-26
-282
127
859
1287
1011
204
-499
-507
204
1029
1237
572
-509
-1206
-1030
-192
570
609
-103
-953
-1238
-757
51
522
337
-232
-597
-361
333
955
1076
740
381
402
819
1255
1308
921
421
238
502
950
1163
957
526
258
392
815
1177
1189
876
534
461
688
987
1081
890
581
397
454
630
699
541
239
-9
-89
-80
-148
-390
-743
-1041
-1163
-1155
-1175
-1338
-1605
-1818
-1855
-1750
-1650
-1685
-1851
-2001
-1984
-1778
-1514
-1373
-1425
-1564
-1605
-1436
-1111
-812
-701
-775
-832
-636
-96
607
1128
1214
912
543
468
786
1237
1393
1009
272
-302
-273
371
1164
1506
1127
308
-333
-320
284
925
1007
377
-543
-1112
-978
-325
281
377
-31
-523
-655
-330
151
406
317
100
83
382
785
976
844
605
593
938
1403
1592
1293
684
205
203
640
1131
1270
960
483
243
429
889
1265
1295
998
629
449
533
734
856
810
659
523
464
459
441
388
327
285
226
67
-224
-561
-813
-891
-853
-866
-1060
-1416
-1763
-1915
-1834
-1668
-1632
-1815
-2100
-2271
-2189
-1915
-1655
-1598
-1754
-1950
-1975
-1766
-1436
-1178
-1096
-1119
-1060
-757
-222
347
710
772
627
487
515
705
903
937
760
513
392
498
768
1025
1120
1033
874
792
842
935
935
778
529
329
276
351
430
394
246
109
112
258
409
412
236
10
-71
95
410
651
656
460
260
247
456
733
876
793
565
370
326
411
510
517
434
345
330
393
473
494
437
348
290
289
318
323
286
230
201
229
290
345
358
325
261
182
91
-26
-167
-299
-376
-409
-440
-531
-711
-915
-1085
-1175
-1182
-1202
-1287
-1437
-1593
-1615
-1482
-1268
-1089
-1075
-1174
-1260
-1236
-1072
-901
-829
-848
-886
-804
-559
-228
72
236
272
265
317
439
563
621
582
519
519
597
725
805
799
763
725
722
741
720
657
546
431
368
340
318
256
143
17
-70
-88
-69
-57
-95
-172
-234
-248
-214
-157
-114
-97
-92
-65
-2
83
153
188
207
220
231
235
214
174
140
140
187
252
291
283
251
244
286
360
421
426
386
344
353
421
499
526
473
372
294
285
329
367
341
241
116
35
28
69
87
23
-135
-322
-462
-510
-495
-489
-540
-656
-777
-831
-806
-751
-739
-809
-922
-1009
-1010
-928
-826
-764
-743
-704
-584
-389
-195
-76
-60
-102
-126
-86
1
72
88
67
58
101
189
283
335
327
276
228
209
211
214
201
174
139
101
71
49
38
42
68
109
139
137
111
94
103
145
199
224
214
193
211
289
399
481
493
433
355
307
309
334
326
267
190
155
187
260
316
315
263
208
196
227
265
269
241
216
234
300
373
393
347
258
190
184
208
216
168
74
-18
-61
-41
-6
-16
-95
-212
-313
-368
-380
-386
-429
-513
-611
-680
-697
-685
-665
-663
-685
-699
-682
-633
-568
-522
-495
-461
-403
-318
-232
-178
-161
-170
-172
-155
-123
-102
-102
-110
-103
-64
6
78
120
129
125
129
151
173
175
145
97
66
69
94
106
79
28
-2
14
76
148
186
180
163
178
233
308
372
377
358
374
447
537
587
586
560
520
464
417
403
406
383
318
263
237
235
245
252
241
198
139
103
108
127
135
136
135
128
114
110
125
140
126
92
51
17
-3
-15
-27
-62
-121
-184
-229
-257
-287
-338
-408
-482
-537
-572
-587
-599
-637
-687
-732
-741
-709
-660
-613
-595
-592
-563
-494
-377
-250
-163
-125
-120
-117
-87
-31
15
22
-6
-38
-28
27
99
143
127
75
33
36
83
135
147
112
55
18
23
49
63
32
-32
-88
-92
-33
56
124
141
117
93
102
158
235
297
321
316
322
356
418
478
501
478
422
364
334
326
333
338
321
288
253
230
227
225
210
175
124
78
51
50
67
82
80
62
32
9
5
11
18
4
-33
-72
-93
-86
-66
-56
-77
-118
-163
-183
-175
-160
-167
-209
-279
-335
-356
-344
-319
-321
-359
-408
-434
-410
-355
-300
-271
-264
-252
-212
-149
-86
-50
-54
-78
-88
-79
-56
-38
-40
-48
-53
-40
-16
2
6
-4
-14
-1
27
46
46
27
3
-7
0
8
-2
-30
-61
-70
-52
-18
8
13
2
-2
18
57
98
124
132
144
175
223
267
290
290
281
278
282
283
270
251
236
231
236
248
248
237
211
184
171
168
166
159
145
129
121
125
133
131
114
87
61
41
25
12
-7
-37
-70
-94
-108
-113
-117
-128
-145
-169
-189
-203
-211
-222
-241
-267
-296
-322
-336
-340
-335
-329
-326
-318
-304
-278
-245
-209
-166
-128
-101
-84
-75
-65
-58
-54
-48
-46
-48
-46
-39
-28
-15
-11
-9
-4
-2
2
9
13
17
15
6
-3
-14
-28
-38
-43
-45
-42
-32
-17
5
30
54
77
95
113
130
151
174
198
219
237
252
263
269
271
270
267
266
264
263
262
260
252
246
238
227
214
198
184
166
148
129
114
104
92
88
84
74
64
49
31
11
-11
-34
-54
-76
-101
-125
-151
-169
-182
-192
-198
-203
-207
-209
-209
-208
-206
-213
-226
-241
-260
-277
-289
-296
-298
-293
-284
-266
-236
-201
-160
-120
-92
-78
-74
-73
-72
-68
-65
-64
-60
-51
-33
-9
16
33
42
50
53
56
60
59
54
49
44
37
33
29
24
22
19
21
26
35
43
49
56
62
71
85
103
120
139
158
180
202
221
233
242
246
250
249
244
240
233
226
224
222
219
213
203
188
171
153
136
117
97
83
71
59
49
38
26
12
0
-14
-31
-51
-72
-91
-110
-130
-152
-169
-189
-209
-228
-244
-259
-268
-271
-277
-282
-287
-289
-286
-282
-277
-274
-269
-257
-243
-226
-202
-177
-153
-124
-92
-62
-40
-23
-6
7
17
26
35
44
55
66
79
92
98
100
102
108
107
108
107
103
97
90
86
78
72
66
58
54
49
47
53
58
61
65
66
69
71
73
77
78
85
96
109
119
126
130
130
130
126
121
115
110
105
104
108
110
105
100
94
86
78
67
58
50
42
32
26
23
16
8
-1
-14
-28
-41
-51
-61
-72
-83
-93
-106
-120
-132
-138
-144
-153
-162
-169
-174
-177
-178
-173
-169
-167
-166
-166
-164
-153
-143
-132
-122
-117
-111
-101
-82
-58
-37
-22
-14
-11
-5
6
22
34
42
45
54
66
83
97
101
99
95
90
93
94
94
92
86
76
69
63
58
50
38
25
19
18
20
22
21
19
16
15
16
16
19
22
24
29
38
45
50
52
52
49
48
50
52
53
50
48
49
50
51
51
49
47
44
41
41
36
31
29
27
29
30
27
23
19
12
6
2
-4
-13
-20
-28
-32
-38
-43
-49
-58
-71
-83
-89
-94
-99
-104
-109
-117
-120
-124
-125
-126
-129
-131
-129
-125
-119
-112
-103
-90
-78
-67
-56
-46
-42
-37
-27
-20
-15
-8
0
8
17
26
33
35
38
37
39
41
44
50
54
58
59
57
59
60
58
54
52
56
56
61
68
75
79
79
78
77
78
80
85
87
89
90
93
96
95
91
87
82
76
69
64
59
54
52
50
47
41
37
31
24
18
11
6
0
-3
-5
-8
-12
-18
-24
-29
-33
-41
-49
-52
-55
-58
-60
-65
-72
-81
-86
-89
-93
-95
-102
-111
-117
-123
-126
-125
-128
-134
-139
-144
-145
-144
-142
-138
-136
-131
-125
-115
-103
-88
-77
-67
-58
-49
-35
-21
-8
2
10
21
35
51
67
73
75
79
85
94
102
106
110
112
113
115
117
115
111
107
102
101
104
106
107
107
105
103
104
107
106
104
102
101
101
104
105
101
95
90
81
74
65
56
49
39
32
24
12
4
-6
-17
-26
-33
-41
-47
-55
-63
-67
-73
-77
-81
-83
-84
-88
-92
-94
-93
-92
-91
-94
-95
-97
-97
-95
-95
-96
-95
-95
-94
-95
-92
-87
-86
-85
-83
-77
-73
-71
-69
-64
-62
-60
-55
-52
-45
-38
-31
-23
-16
-8
-4
-2
4
10
17
25
31
35
39
44
50
55
62
66
69
72
73
78
82
86
89
88
89
89
87
89
88
88
87
88
88
86
84
83
80
77
77
77
78
77
78
78
75
74
69
66
61
56
55
54
50
45
38
32
25
18
14
9
2
-8
-17
-24
-32
-39
-46
-56
-66
-75
-83
-88
-90
-98
-107
-114
-119
-125
-126
-126
-128
-129
-127
-126
-126
-123
-119
-115
-113
-111
-106
-101
-96
-90
-83
-77
-73
-66
-60
-51
-44
-36
-27
-18
-11
-3
5
13
20
28
38
45
48
52
59
64
69
77
80
84
85
84
88
90
91
92
91
87
83
83
83
86
84
80
77
71
70
68
69
67
63
61
59
57
56
54
53
50
47
43
41
43
41
40
36
33
31
29
29
26
23
19
14
12
9
5
2
-1
-7
-11
-16
-25
-33
-41
-47
-53
-60
-63
-71
-78
-85
-90
-94
-99
-105
-112
-114
-114
-114
-111
-109
-107
-107
-108
-106
-101
-98
-94
-91
-88
-82
-76
-69
-59
-54
-46
-40
-35
-28
-20
-13
-4
4
14
22
28
33
39
43
47
53
57
64
68
71
77
79
83
86
87
86
83
81
81
80
80
79
78
76
71
70
67
65
64
63
61
59
57
55
52
50
48
45
43
40
37
36
33
30
29
29
28
26
23
20
16
13
11
8
7
7
4
2
-5
-11
-15
-18
-22
-25
-30
-35
-42
-47
-48
-52
-57
-64
-72
-78
-83
-88
-90
-93
-95
-102
-106
-109
-113
-114
-115
-115
-116
-118
-117
-116
-111
-107
-105
-103
-99
-93
-88
-81
-71
-63
-55
-46
-37
-28
-17
-9
1
12
22
30
42
54
63
72
83
90
97
104
111
118
122
127
132
135
138
141
142
138
134
133
131
128
125
122
119
114
109
102
93
87
79
73
66
57
49
40
32
26
18
9
2
-6
-13
-20
-26
-32
-37
-43
-48
-53
-54
-59
-65
-68
-69
-70
-74
-75
-75
-77
-79
-79
-77
-78
-77
-75
-72
-72
-69
-68
-66
-64
-62
-60
-59
-58
-58
-57
-53
-53
-53
-51
-47
-46
-45
-42
-40
-40
-37
-37
-35
-33
-32
-29
-25
-23
-19
-15
-10
-7
-2
2
6
11
18
25
31
34
38
43
48
52
57
64
69
74
80
83
83
83
85
89
91
95
95
94
95
92
90
90
89
84
81
79
75
69
61
58
50
44
38
33
27
18
12
6
-1
-7
-11
-19
-26
-33
-40
-44
-51
-56
-59
-63
-67
-71
-75
-78
-78
-80
-82
-85
-86
-84
-82
-81
-80
-78
-73
-71
-67
-61
-56
-52
-48
-41
-34
-29
-23
-18
-12
-7
-3
-1
5
8
11
13
16
20
19
21
23
25
23
21
21
22
23
22
21
19
17
18
20
21
19
19
22
21
19
19
19
18
17
19
19
21
19
17
18
18
19
21
22
22
22
18
18
19
16
17
18
16
15
17
16
14
12
13
13
10
9
7
5
3
1
2
0
-2
-3
-4
-5
-9
-13
-12
-15
-16
-19
-21
-22
-26
-27
-26
-27
-27
-29
-28
-29
-29
-33
-31
-31
-31
-30
-31
-29
-28
-29
-27
-25
-23
-20
-17
-15
-13
-10
-7
-2
0
2
5
6
9
11
9
3
-4
0
13
44
75
78
35
-22
-55
-51
-16
39
95
109
66
-17
-82
-88
-46
16
63
75
44
-6
-36
-32
-4
17
11
-19
-46
-50
-21
36
82
86
40
-34
-94
-97
-45
35
97
117
83
15
-50
-77
-51
5
61
91
84
48
5
-23
-24
0
31
53
57
46
27
13
7
12
18
21
25
27
28
22
19
11
2
-6
-12
-5
7
17
17
13
-1
-19
-29
-29
-20
-10
-3
-2
-6
-18
-30
-35
-33
-26
-18
-14
-11
-15
-19
-21
-25
-23
-21
-19
-14
-13
-14
-14
-15
-17
-13
-11
-8
-6
-6
-5
-6
-6
-6
-6
-6
-5
-3
-2
-4
-4
-6
-4
-5
-4
-3
0
2
3
2
1
-1
-3
-3
1
5
6
8
9
8
4
3
3
7
12
16
21
21
20
17
15
12
12
14
16
19
19
18
18
16
13
12
15
15
16
14
14
12
11
10
12
10
6
3
0
0
0
1
4
1
-4
-9
-9
-10
-11
-9
-11
-14
-18
-19
-17
-17
-17
-19
-21
-19
-18
-16
-14
-14
-15
-15
-13
-14
-12
-10
-7
-5
-3
-4
-6
-8
-2
2
3
3
4
4
1
-3
-1
1
5
5
6
8
7
9
4
3
3
5
7
9
9
9
8
7
6
7
8
7
7
6
3
4
6
4
2
1
2
2
0
-1
0
1
-1
-2
-1
0
1
3
3
3
2
0
-1
-2
-1
1
1
1
2
3
3
3
4
4
3
4
4
7
5
4
5
3
1
2
3
3
2
0
1
2
2
2
1
2
-1
-3
-4
-5
-5
-7
-8
-8
-8
-7
-8
-8
-8
-9
-9
-8
-5
-5
-4
-2
-4
-5
-6
-6
-7
-5
-5
-4
-3
-1
-1
-1
-2
-1
0
2
2
2
1
-1
-1
0
0
0
0
2
2
1
0
0
0
0
2
0
