-48
-49
-49
-52
-51
-50
-49
-47
-47
-46
-45
-44
-41
-40
-39
-36
-33
-30
-26
-20
-15
-10
-7
0
11
21
29
35
37
34
35
36
36
40
40
40
43
46
50
51
47
44
41
35
31
30
24
21
14
8
4
-3
-8
-13
-20
-21
-20
-16
-11
-10
-11
-14
-18
-18
-15
-10
-5
-2
3
8
13
16
17
16
15
16
16
15
17
16
14
13
13
13
12
12
11
11
13
14
13
12
8
6
4
2
3
2
2
0
-1
-3
-6
-10
-14
-17
-19
-22
-24
-25
-26
-28
-29
-31
-33
-34
-37
-36
-36
-36
-36
-38
-37
-36
-34
-31
-31
-29
-29
-27
-24
-21
-17
-16
-14
-11
-7
-5
0
3
5
6
7
10
14
18
20
22
23
26
29
30
35
48
58
70
84
91
105
110
98
91
80
77
78
74
70
70
71
78
72
58
40
19
0
-16
-28
-42
-55
-74
-103
-125
-145
-162
-177
-199
-196
-182
-166
-148
-150
-155
-158
-163
-156
-147
-127
-94
-59
-23
6
33
45
53
52
47
50
54
62
78
95
113
128
133
134
128
125
130
134
138
145
150
156
158
150
140
131
124
124
120
117
113
102
88
65
37
5
-23
-43
-63
-72
-79
-85
-91
-106
-127
-151
-179
-203
-228
-242
-248
-248
-246
-247
-247
-246
-246
-243
-242
-235
-217
-195
-169
-144
-127
-115
-106
-99
-88
-72
-53
-27
-2
24
52
73
89
102
112
127
154
199
259
326
388
432
453
447
430
402
372
348
322
305
303
312
326
319
291
248
194
143
98
60
22
-18
-62
-115
-161
-213
-269
-326
-381
-412
-418
-395
-358
-331
-317
-318
-327
-332
-328
-314
-282
-240
-184
-119
-53
-1
19
15
-8
-32
-44
-42
-24
3
33
63
92
111
120
119
111
107
110
126
152
179
198
207
207
204
199
195
189
184
179
181
185
184
170
146
111
72
37
8
-17
-39
-57
-68
-74
-79
-91
-115
-147
-179
-207
-224
-232
-233
-229
-219
-208
-201
-203
-215
-227
-230
-226
-208
-185
-161
-145
-137
-129
-120
-105
-90
-79
-68
-54
-29
4
37
62
75
89
120
179
269
368
446
487
492
466
430
395
359
326
299
283
292
315
334
328
285
214
132
61
9
-29
-64
-108
-160
-220
-283
-345
-410
-468
-516
-534
-517
-470
-409
-362
-342
-344
-359
-365
-350
-316
-260
-191
-107
-14
75
144
179
177
152
123
105
106
128
165
212
267
314
343
350
334
307
279
262
262
275
301
326
342
342
326
293
249
208
174
151
137
127
117
100
70
31
-24
-86
-147
-196
-242
-281
-292
-304
-312
-332
-379
-419
-468
-522
-560
-613
-632
-608
-585
-545
-529
-523
-496
-481
-466
-457
-464
-438
-396
-345
-285
-232
-171
-109
-58
-15
17
52
98
154
215
280
358
443
558
713
884
1078
1198
1200
1146
1051
997
984
954
932
904
894
938
973
976
910
754
566
368
222
154
107
52
-47
-179
-324
-478
-652
-872
-1069
-1190
-1195
-1079
-957
-867
-852
-899
-934
-928
-885
-853
-851
-859
-805
-631
-350
-65
111
127
18
-134
-248
-294
-277
-228
-158
-48
115
305
465
532
495
387
270
194
183
245
380
553
718
826
840
754
584
393
264
240
295
369
416
420
376
287
173
52
-72
-205
-314
-364
-358
-331
-310
-299
-312
-364
-453
-551
-630
-674
-664
-597
-502
-420
-390
-404
-438
-452
-419
-363
-330
-330
-328
-293
-238
-174
-83
-3
-30
-173
-282
-228
-73
76
212
386
581
801
1164
1715
2217
2319
1942
1349
803
378
92
-21
-15
-32
-63
85
453
739
612
110
-464
-911
-1179
-1207
-974
-671
-528
-500
-382
-197
-242
-636
-1117
-1357
-1246
-828
-206
361
535
248
-164
-366
-397
-462
-566
-532
-273
174
729
1229
1394
1063
444
-109
-460
-674
-750
-573
-124
452
1001
1387
1447
1080
469
-14
-172
-85
124
436
810
1105
1198
1094
834
424
-60
-407
-462
-287
-52
162
343
422
285
-90
-575
-1013
-1272
-1255
-962
-555
-279
-248
-391
-562
-674
-723
-750
-788
-829
-808
-673
-466
-312
-305
-467
-728
-932
-918
-668
-325
-39
147
234
232
167
87
-3
-143
-283
-323
-237
-89
118
502
1224
2397
3863
4982
4966
3630
1617
-277
-1697
-2528
-2679
-2372
-2051
-1728
-945
261
1018
690
-274
-1058
-1406
-1310
-513
973
2325
2632
1902
777
-409
-1665
-2685
-2882
-2091
-745
630
1704
2149
1679
470
-796
-1522
-1596
-1223
-501
588
1884
2963
3370
2906
1716
210
-1093
-1813
-1880
-1480
-801
54
859
1262
1062
425
-281
-780
-898
-544
149
803
1138
1169
1010
652
48
-672
-1255
-1527
-1461
-1111
-616
-222
-184
-543
-1067
-1415
-1430
-1199
-852
-417
91
545
795
783
521
63
-471
-882
-1031
-939
-718
-477
-294
-216
-231
-318
-488
-704
-801
-620
-213
222
566
807
920
866
727
630
553
409
244
210
365
551
557
387
251
304
548
1098
2336
4339
6154
6380
4659
1989
-509
-2546
-4082
-4721
-4353
-3615
-2948
-1907
-201
1283
1442
394
-838
-1597
-1723
-929
834
2578
2994
1863
69
-1646
-3189
-4410
-4762
-3972
-2339
-317
1640
2880
2770
1404
-267
-1310
-1514
-1056
-2
1468
2824
3540
3564
3111
2076
291
-1736
-3010
-3055
-2237
-1066
320
1765
2737
2855
2378
1803
1290
768
347
244
431
609
550
249
-213
-772
-1301
-1619
-1604
-1276
-763
-243
92
160
13
-265
-633
-1061
-1386
-1405
-1126
-727
-340
12
299
370
139
-203
-469
-709
-1013
-1273
-1262
-996
-776
-743
-726
-640
-607
-674
-694
-515
-193
60
220
407
616
799
893
796
651
616
505
311
278
392
501
417
179
249
722
1585
3437
5999
7449
6446
3473
253
-2047
-3699
-4902
-5077
-4274
-3360
-2452
-867
1320
2857
2436
303
-1588
-1880
-901
639
2097
2951
2843
1296
-1285
-3561
-4873
-5358
-5196
-4097
-1425
2135
4487
4456
2733
772
-610
-1554
-1892
-1017
715
2190
2947
3310
3518
2929
792
-2096
-3996
-4183
-3181
-1813
-371
1308
2755
3200
2791
2152
1639
1259
850
675
1059
1478
1280
486
-585
-1526
-2245
-2988
-3410
-2981
-1862
-546
452
870
907
676
81
-611
-955
-936
-766
-555
-424
-329
-208
-388
-914
-1356
-1616
-1629
-1308
-955
-571
-78
201
321
426
320
30
-363
-805
-961
-748
-355
92
377
486
575
636
733
840
861
939
1036
1120
1342
1446
1268
1022
624
99
-215
-304
-177
245
756
1906
4440
7103
7946
6432
3212
-130
-2597
-4607
-5741
-5259
-4173
-3409
-2498
-825
1396
2529
1172
-1300
-2478
-1988
-774
621
1976
2812
2228
-104
-2830
-4438
-5123
-5580
-5369
-3528
-195
2942
4222
3554
1959
216
-1409
-2358
-2002
-585
1070
2299
2957
3324
3174
1856
-434
-2647
-3762
-3410
-2106
-492
1235
2811
3706
3658
2926
2014
1312
956
946
1318
1832
1841
1043
-328
-1706
-2428
-2491
-2314
-1897
-1154
-137
947
1522
1357
793
-17
-891
-1399
-1361
-841
-197
-12
-307
-596
-761
-961
-1229
-1497
-1530
-1181
-692
-258
91
159
-103
-478
-767
-781
-517
-209
-38
-48
-128
-185
-296
-511
-790
-848
-409
221
708
1096
1349
1437
1298
816
365
247
174
107
125
106
174
228
162
385
1352
3557
6517
8231
7397
4565
1225
-1663
-4283
-6348
-6744
-5631
-4364
-3296
-1352
1717
3930
3312
639
-1280
-1199
-405
401
1740
3265
3593
1703
-1467
-3852
-5226
-6481
-7121
-5851
-2404
1671
4254
4716
3797
2213
274
-1476
-2218
-1677
-344
1017
2043
2890
3313
2580
552
-1983
-3808
-4219
-3440
-1967
-114
1843
3459
4211
3950
3030
2004
1220
712
464
510
706
601
-93
-1056
-1756
-2025
-2122
-2190
-1846
-802
528
1456
1683
1388
844
141
-622
-1174
-1270
-1073
-975
-1016
-988
-750
-424
-381
-664
-870
-808
-549
-254
-93
61
224
183
-18
-214
-249
-219
-431
-778
-982
-990
-900
-844
-675
-205
458
997
1258
1391
1414
1339
1196
840
539
366
102
-34
-172
-320
-207
-180
-81
614
2318
5358
8134
8527
6415
2915
-447
-3177
-5593
-6814
-6312
-5143
-4057
-2480
333
3289
4033
1997
-665
-1697
-1253
-361
974
2534
3297
2248
-541
-3361
-5156
-6499
-7366
-6782
-4128
-35
3550
5138
4771
3187
1108
-818
-1910
-1845
-896
452
1659
2493
2984
2740
1358
-912
-3226
-4422
-3957
-2380
-445
1522
3300
4471
4604
3848
2872
2088
1493
972
584
580
658
185
-667
-1432
-1892
-1975
-1988
-1873
-1083
176
1227
1747
1601
975
292
-341
-852
-980
-856
-866
-1004
-1117
-1068
-672
-275
-347
-667
-987
-1174
-1059
-914
-883
-725
-542
-446
-373
-412
-494
-644
-1024
-1397
-1455
-1175
-707
-342
-102
252
757
1211
1364
1222
978
752
566
356
239
301
271
42
-235
-351
-83
480
1164
2418
4905
7868
9323
8122
4768
970
-2080
-4733
-6581
-6466
-5082
-3760
-2561
-716
2089
4108
3195
352
-1571
-1630
-650
803
2427
3586
3215
593
-2944
-5366
-6657
-7409
-7187
-5330
-1768
2108
4328
4370
2950
908
-1068
-2250
-2143
-1011
500
1738
2352
2530
2223
1050
-871
-2952
-4294
-4150
-2734
-875
936
2545
3694
4073
3655
2839
2259
2093
2006
1874
1737
1358
424
-1019
-2434
-3058
-2729
-1997
-1183
-204
915
1905
2341
1981
1189
410
-263
-613
-455
1
378
238
-538
-1361
-1676
-1606
-1369
-1045
-722
-318
60
66
-212
-544
-939
-1236
-1263
-1032
-566
-140
-133
-525
-982
-1268
-1298
-1102
-761
-202
593
1328
1701
1663
1324
858
360
-176
-486
-343
-58
65
38
-6
165
541
1586
4173
7301
8651
7188
3759
304
-2382
-4795
-6243
-5862
-4599
-3691
-2913
-1024
1897
3522
2257
-288
-1555
-1191
-106
1402
3118
4109
2882
-607
-3966
-5601
-6205
-6515
-6080
-3903
-267
2802
3867
3227
1771
36
-1505
-1991
-940
1006
2636
3220
3049
2648
1805
177
-1863
-3453
-3848
-2960
-1412
181
1609
2629
3010
2834
2431
2332
2734
3194
3335
3168
2777
1983
490
-1419
-2884
-3307
-2808
-1947
-996
76
1005
1390
1210
828
501
133
-344
-655
-372
345
672
183
-858
-1907
-2474
-2597
-2402
-1759
-951
-477
-516
-906
-1241
-1383
-1561
-1762
-1667
-1160
-596
-358
-469
-752
-1001
-1241
-1473
-1348
-796
-95
567
1016
1303
1504
1385
930
482
353
539
696
620
435
352
404
687
1960
4569
7150
7938
6352
3400
659
-1510
-3213
-3812
-3240
-2521
-2351
-2169
-921
996
1710
523
-1005
-1254
-274
1196
2823
4209
4325
2259
-1224
-3999
-5063
-5125
-4745
-3660
-1651
573
1704
1323
103
-1265
-2315
-2500
-1428
579
2494
3335
2933
1926
874
-162
-1184
-2102
-2638
-2463
-1696
-814
-151
187
186
99
213
694
1821
3217
3977
4002
3368
2217
994
-421
-1732
-2179
-1967
-1505
-942
-527
-229
-48
-198
-440
-254
202
515
796
1033
1133
1129
598
-322
-879
-1119
-1192
-1013
-905
-856
-760
-952
-1262
-1293
-1140
-910
-646
-405
-148
33
-141
-715
-1150
-1150
-878
-360
97
304
332
43
-190
-83
270
754
1003
1143
1223
1124
1097
765
154
-277
-572
-223
1081
3247
5857
7200
6083
3149
34
-1949
-2775
-2701
-1906
-1050
-939
-1722
-2194
-1517
-726
-967
-1949
-2236
-1062
782
2465
3673
3883
2324
-858
-3767
-4666
-3793
-2498
-1561
-598
537
950
39
-1593
-2811
-3130
-2674
-1370
775
2996
3941
3013
1242
-11
-372
-286
-202
23
339
204
-407
-1023
-1151
-731
-301
176
1111
2295
3386
3814
3401
2658
1620
598
64
-127
111
400
147
-343
-854
-1226
-1202
-989
-690
-164
449
719
607
352
-28
-221
-251
-459
-406
-155
-113
-96
-299
-733
-1077
-1570
-2124
-2273
-1918
-1246
-591
-268
-359
-652
-1044
-1515
-1645
-1289
-752
-210
65
70
30
-295
-827
-1127
-919
-129
737
1291
1599
1662
1471
888
239
34
129
422
1006
2404
4721
6317
5826
3413
438
-1522
-2279
-1963
-586
872
1128
-240
-1883
-2144
-1297
-629
-791
-1129
-806
-72
819
1881
2661
2334
387
-2153
-3472
-2974
-1543
-325
432
874
751
-248
-1773
-2769
-2744
-2145
-1376
-425
763
1608
1395
405
-407
-433
66
521
779
862
568
-338
-1437
-1937
-1477
-277
911
1634
2055
2062
1614
1019
524
514
880
1048
961
851
757
552
77
-520
-857
-760
-475
-186
218
546
461
-35
-758
-1151
-836
-238
278
621
653
514
290
-72
-365
-485
-615
-874
-1157
-1297
-1221
-1050
-1075
-1242
-1237
-1099
-980
-883
-746
-519
-325
-342
-461
-353
-98
-39
-106
-111
-8
219
378
485
761
1019
1059
1026
999
1059
1564
2628
3763
4330
3678
1877
-20
-1341
-1775
-1115
-80
339
-187
-1247
-1861
-1526
-733
-81
237
108
-420
-756
-362
491
985
464
-800
-1804
-2037
-1601
-678
338
921
805
138
-576
-941
-1059
-1123
-1013
-626
-146
155
165
11
-75
7
301
779
1189
1255
866
160
-491
-847
-837
-442
148
719
1104
1116
884
748
827
1066
1306
1369
1284
1112
778
395
174
71
-37
-180
-370
-472
-424
-456
-612
-724
-787
-766
-618
-421
-101
292
444
288
17
-199
-236
-165
-215
-432
-742
-1092
-1355
-1424
-1349
-1212
-1151
-1296
-1518
-1592
-1448
-1159
-827
-435
-6
298
348
172
-13
-95
-201
-289
-227
-85
63
106
72
293
892
1774
2968
4171
4751
4385
3024
1166
-234
-780
-598
-14
193
-364
-1181
-1676
-1454
-529
421
837
636
-88
-693
-423
480
1164
1057
129
-1002
-1687
-1783
-1212
-135
717
806
302
-282
-594
-671
-664
-495
-108
201
115
-226
-509
-670
-680
-418
154
913
1421
1167
305
-640
-1325
-1408
-854
-99
449
473
-45
-491
-377
176
900
1440
1490
1160
677
217
89
323
549
564
348
-100
-562
-880
-1087
-1083
-890
-712
-490
-166
52
71
-96
-327
-288
69
457
674
557
102
-420
-754
-772
-501
-208
-193
-528
-1020
-1313
-1195
-773
-307
-66
-131
-407
-749
-861
-570
-81
411
755
792
693
542
245
-38
-231
-363
-213
246
916
1994
3279
4014
3875
2886
1461
506
231
319
607
446
-611
-1888
-2615
-2420
-1400
-405
-69
-279
-889
-1495
-1272
-219
771
999
219
-1027
-1787
-1869
-1405
-470
362
564
233
-237
-491
-454
-304
-69
349
680
560
159
-175
-306
-164
230
812
1340
1311
574
-392
-961
-881
-234
697
1411
1470
845
-26
-438
-145
465
1023
1321
1176
669
143
15
453
990
1059
654
38
-524
-837
-792
-330
219
333
-153
-962
-1597
-1795
-1565
-960
-210
347
451
117
-318
-620
-744
-727
-600
-359
-211
-304
-533
-768
-890
-928
-914
-837
-744
-651
-668
-664
-496
-379
-179
31
-7
-2
-35
-122
61
270
424
659
815
957
1381
2090
2639
2800
2439
1579
995
920
1052
1359
1118
-20
-1248
-2002
-1909
-972
-29
243
-252
-1230
-1966
-1651
-457
564
807
180
-920
-1585
-1435
-562
646
1262
882
1
-719
-947
-729
-198
413
808
770
358
95
205
419
673
1007
1362
1438
920
115
-425
-484
-192
165
443
430
-79
-764
-1010
-461
577
1456
1825
1591
883
31
-459
-207
425
714
419
-197
-761
-1051
-1013
-677
-256
-174
-581
-1127
-1440
-1426
-1123
-660
-255
-140
-402
-816
-1029
-919
-617
-255
8
-12
-285
-615
-782
-687
-497
-403
-430
-499
-510
-391
-98
189
237
81
-195
-347
-205
16
250
538
663
570
434
355
408
630
981
1705
2830
3525
3293
2400
1263
480
292
458
743
655
-176
-1182
-1483
-948
-127
361
101
-784
-1711
-2111
-1511
-243
419
-145
-1352
-2326
-2453
-1752
-696
281
705
328
-316
-488
-149
276
519
553
417
150
-142
-177
242
827
1217
1512
1649
1264
533
-98
-259
248
877
1057
851
237
-591
-892
-406
469
1206
1295
763
195
-145
-124
458
1129
1216
777
187
-167
-142
-120
-264
-413
-691
-1094
-1306
-1269
-1207
-1285
-1460
-1490
-1276
-1010
-800
-563
-348
-296
-348
-350
-344
-450
-629
-746
-699
-544
-449
-413
-378
-444
-583
-576
-388
-152
37
53
-69
-137
-119
42
407
697
719
565
288
116
360
1058
2137
3119
3220
2407
1379
790
934
1491
1803
1473
417
-971
-1749
-1412
-473
219
138
-683
-1634
-2012
-1453
-225
642
308
-859
-1884
-2164
-1637
-707
91
289
-293
-1081
-1204
-578
149
546
604
445
198
22
174
713
1216
1380
1498
1715
1710
1334
791
434
472
649
672
567
255
-268
-513
-128
627
1247
1287
754
166
-128
-43
453
900
718
21
-696
-1001
-687
-96
296
327
-77
-727
-1126
-1155
-1101
-1131
-1301
-1563
-1701
-1630
-1440
-1241
-1264
-1531
-1613
-1308
-913
-665
-590
-633
-633
-580
-505
-256
-6
-117
-398
-477
-323
-90
-50
-251
-377
-383
-336
-15
450
663
580
400
461
965
1682
2481
3266
3491
2914
2101
1722
1995
2534
2657
2060
882
-494
-1236
-765
337
1000
661
-492
-1689
-2185
-1675
-381
658
316
-1202
-2607
-2877
-1971
-698
125
102
-787
-1840
-2027
-1147
42
704
575
27
-506
-771
-519
129
603
659
619
772
981
914
589
385
442
587
732
879
823
391
-121
-179
302
842
997
812
577
404
328
499
856
974
626
135
-25
207
446
404
143
-210
-598
-855
-808
-595
-540
-745
-1023
-1159
-1134
-1071
-994
-918
-933
-1001
-971
-873
-901
-1086
-1268
-1311
-1179
-950
-730
-558
-511
-551
-423
-146
-4
-8
-65
-157
-185
-129
-10
166
175
-60
-249
-211
106
876
1979
2818
2953
2414
1740
1598
1996
2443
2518
1848
555
-490
-547
292
1226
1333
370
-1084
-2187
-2214
-1055
323
596
-531
-2121
-2953
-2498
-1238
-80
262
-415
-1516
-1941
-1228
-56
600
414
-223
-727
-779
-338
375
832
728
434
508
956
1315
1297
1062
868
797
858
1010
1006
597
13
-169
257
913
1305
1309
1050
686
459
598
997
1213
956
483
218
231
337
399
317
49
-310
-540
-519
-451
-613
-959
-1248
-1437
-1595
-1683
-1655
-1543
-1439
-1354
-1211
-1081
-1143
-1352
-1475
-1403
-1227
-1076
-989
-953
-979
-1020
-938
-718
-556
-563
-623
-617
-556
-495
-407
-233
-44
68
125
218
474
1074
1981
2693
2684
2065
1539
1627
2125
2465
2273
1466
341
-297
205
1461
2279
1866
525
-808
-1354
-772
593
1545
938
-956
-2569
-2679
-1509
-143
518
121
-1069
-2081
-1872
-540
643
688
-109
-831
-977
-542
293
1069
1185
636
202
443
984
1126
782
354
66
-79
-1
279
429
197
-135
-113
239
546
654
707
761
709
559
467
437
347
240
293
490
588
448
227
109
109
116
38
-190
-580
-998
-1229
-1195
-1079
-1113
-1318
-1475
-1396
-1125
-846
-751
-938
-1343
-1715
-1767
-1445
-1032
-836
-881
-935
-800
-485
-165
-57
-260
-618
-797
-586
-137
183
118
-240
-557
-537
-106
629
1470
2119
2221
1718
1057
871
1383
2189
2661
2411
1450
273
-303
221
1390
2141
1821
681
-521
-1081
-641
486
1245
679
-953
-2331
-2435
-1402
-119
564
188
-1028
-2081
-1961
-766
363
552
-21
-672
-939
-642
130
847
883
273
-197
30
641
1012
968
683
350
163
336
782
1009
704
167
-93
37
317
573
727
645
311
13
60
403
729
865
852
715
473
275
288
455
528
368
70
-210
-378
-419
-395
-464
-766
-1231
-1575
-1544
-1175
-784
-702
-1017
-1539
-1954
-2024
-1696
-1162
-765
-722
-907
-1021
-926
-757
-663
-650
-663
-680
-651
-515
-342
-296
-402
-491
-452
-282
133
935
1833
2129
1569
793
596
1044
1615
1853
1548
685
-281
-463
488
1731
2068
1229
-69
-969
-915
184
1580
1892
475
-1588
-2555
-1837
-302
873
985
-48
-1489
-2040
-1059
554
1308
790
-196
-782
-658
129
1175
1686
1209
334
76
611
1250
1445
1241
814
296
4
233
699
782
355
-68
-98
108
312
547
801
815
488
148
139
361
514
555
571
466
135
-224
-330
-247
-243
-363
-466
-577
-801
-1008
-1007
-919
-1056
-1410
-1639
-1571
-1369
-1181
-1030
-1002
-1228
-1597
-1746
-1523
-1182
-1022
-1051
-1095
-1062
-957
-760
-502
-354
-454
-662
-702
-507
-231
12
189
200
27
24
650
1717
2408
2244
1593
1092
978
1195
1604
1796
1282
261
-325
41
822
1232
1097
602
-104
-584
-216
828
1394
746
-490
-1249
-1255
-814
-184
299
137
-598
-1012
-541
227
421
35
-347
-438
-252
261
928
1154
658
54
116
743
1219
1191
872
507
251
336
785
1107
799
66
-419
-346
24
396
641
587
133
-399
-503
-140
233
320
275
269
245
192
242
368
346
124
-72
-128
-200
-420
-702
-919
-1058
-1129
-1124
-1151
-1341
-1605
-1674
-1456
-1171
-1083
-1215
-1414
-1522
-1435
-1143
-806
-664
-768
-890
-794
-509
-223
-64
-46
-153
-329
-446
-385
-79
532
1371
2002
1910
1161
504
601
1338
2029
2052
1239
-4
-781
-394
843
1780
1592
498
-669
-1148
-568
729
1590
932
-948
-2483
-2488
-1251
57
483
-237
-1545
-2244
-1485
178
1241
942
-36
-635
-471
260
1128
1521
1061
274
196
1109
2152
2409
1833
945
261
169
771
1526
1613
905
162
71
516
973
1142
967
511
79
75
495
850
757
336
-86
-322
-304
-39
279
348
117
-178
-361
-493
-645
-761
-816
-913
-1110
-1332
-1489
-1547
-1491
-1368
-1332
-1491
-1727
-1812
-1694
-1524
-1447
-1480
-1561
-1588
-1463
-1196
-975
-975
-1118
-1181
-1066
-839
-594
-428
-438
-487
-128
843
1884
2193
1676
991
782
1169
1843
2257
1832
636
-321
-87
1047
1897
1738
799
-290
-886
-478
774
1730
1334
-130
-1371
-1521
-738
304
894
516
-635
-1490
-1167
-57
669
464
-198
-630
-546
-2
673
914
461
-160
-163
507
1173
1306
1029
723
611
805
1270
1629
1462
888
523
721
1162
1375
1269
1003
694
469
503
721
749
398
-19
-135
-25
33
-26
-110
-223
-389
-477
-412
-369
-529
-777
-899
-926
-1030
-1232
-1415
-1527
-1579
-1545
-1466
-1490
-1670
-1853
-1870
-1788
-1775
-1818
-1779
-1615
-1421
-1269
-1168
-1126
-1120
-1027
-789
-543
-385
-129
434
1083
1343
1098
715
574
762
1154
1465
1271
462
-357
-374
449
1325
1551
1062
238
-362
-185
811
1802
1797
765
-379
-815
-427
392
1074
1062
279
-572
-662
2
653
732
373
-22
-192
-10
438
762
645
349
437
949
1312
1119
586
176
102
345
736
911
571
-58
-351
-10
588
884
734
355
28
-7
345
856
1068
791
340
126
210
381
469
440
302
116
-4
-41
-129
-374
-668
-813
-801
-832
-1070
-1445
-1723
-1732
-1508
-1235
-1129
-1289
-1603
-1778
-1598
-1177
-837
-759
-868
-1014
-1083
-983
-723
-483
-462
-643
-813
-806
-565
-92
437
690
485
43
-222
-95
325
761
876
489
-177
-563
-296
431
1064
1196
786
126
-293
-115
510
1004
910
310
-340
-645
-488
-34
379
474
292
138
221
430
529
463
368
401
621
933
1115
994
664
457
606
1011
1354
1373
1040
566
269
314
563
741
710
524
305
163
174
340
543
671
701
634
453
217
101
203
410
531
487
309
54
-165
-219
-113
-32
-149
-440
-738
-929
-1002
-990
-962
-1014
-1168
-1304
-1283
-1137
-1035
-1090
-1266
-1430
-1473
-1333
-1055
-819
-804
-997
-1176
-1153
-950
-719
-599
-632
-749
-789
-628
-322
-57
64
122
242
450
668
796
768
606
424
352
406
495
532
496
430
399
454
569
658
639
513
354
237
189
168
119
30
-71
-144
-169
-147
-113
-100
-92
-45
21
44
6
-16
44
157
263
335
371
372
381
453
577
676
700
691
690
693
688
667
645
629
637
680
744
788
781
729
670
638
653
687
685
605
480
381
352
390
453
478
419
305
231
230
214
94
-107
-305
-462
-597
-716
-842
-1026
-1250
-1393
-1391
-1350
-1391
-1497
-1577
-1615
-1655
-1686
-1681
-1665
-1664
-1603
-1436
-1267
-1205
-1197
-1102
-871
-562
-249
-9
89
47
13
117
319
467
474
391
293
246
302
469
663
773
779
739
697
677
687
739
788
768
677
559
448
358
301
269
229
158
66
-18
-54
-36
19
73
103
117
145
214
327
445
510
513
494
524
612
701
728
674
579
500
488
539
573
523
404
309
307
374
439
441
361
252
205
279
421
504
460
336
235
220
295
400
440
354
183
46
15
51
59
-26
-199
-420
-618
-742
-813
-898
-1039
-1204
-1333
-1386
-1380
-1363
-1385
-1452
-1531
-1564
-1523
-1426
-1328
-1256
-1204
-1148
-1060
-922
-739
-534
-348
-213
-128
-66
4
85
166
225
256
280
349
493
671
804
848
828
794
784
814
860
858
779
651
549
510
505
486
420
306
188
134
176
267
314
256
118
-7
-31
73
250
386
404
320
233
229
306
393
415
345
230
144
131
161
167
110
22
-36
-23
52
148
209
214
182
148
141
174
236
307
364
385
370
338
325
354
410
443
407
306
192
132
147
204
217
122
-57
-227
-309
-315
-319
-389
-528
-673
-731
-682
-602
-606
-736
-919
-1051
-1058
-952
-826
-790
-880
-1020
-1100
-1057
-909
-709
-529
-426
-405
-398
-340
-232
-120
-47
-28
-68
-123
-111
-11
117
198
211
185
164
171
231
313
345
297
208
140
120
145
195
235
230
188
166
199
269
327
347
331
291
270
306
392
476
516
512
482
445
421
418
433
445
442
427
403
360
310
268
245
251
276
308
330
325
307
291
285
277
265
254
250
272
315
349
355
333
306
292
294
296
281
243
194
151
110
50
-30
-113
-179
-230
-278
-333
-396
-461
-516
-557
-602
-668
-754
-841
-903
-933
-921
-858
-812
-787
-785
-811
-811
-783
-704
-569
-446
-384
-400
-451
-467
-421
-329
-246
-226
-253
-272
-241
-150
-50
17
44
41
28
30
59
110
171
223
234
197
128
69
71
140
238
306
306
254
200
210
299
411
480
470
398
356
380
456
538
542
488
429
399
430
469
472
438
358
293
270
272
277
239
168
105
78
95
123
121
84
39
21
41
71
85
72
37
14
13
30
41
36
12
-14
-36
-52
-61
-70
-84
-117
-166
-222
-275
-300
-305
-310
-341
-403
-461
-474
-446
-405
-395
-428
-466
-476
-433
-352
-289
-273
-295
-313
-284
-215
-142
-106
-118
-150
-167
-148
-108
-84
-86
-99
-96
-63
-13
31
48
44
46
70
115
149
156
138
119
117
131
146
143
112
75
68
97
142
165
157
143
139
168
218
265
298
317
341
381
417
444
465
481
502
504
477
434
387
353
338
337
310
241
151
77
56
74
99
103
76
34
7
4
20
31
21
0
-19
-31
-39
-49
-67
-98
-130
-148
-138
-121
-112
-115
-133
-152
-157
-148
-136
-146
-179
-216
-253
-274
-275
-274
-277
-298
-326
-335
-329
-302
-267
-238
-210
-194
-177
-148
-123
-98
-71
-45
-26
-22
-21
-12
6
24
38
52
49
35
23
29
43
45
34
20
9
-3
-13
-12
-13
-25
-40
-44
-45
-52
-56
-39
-13
-1
0
2
6
14
35
75
112
125
121
123
137
155
177
198
210
203
187
180
183
186
182
182
186
186
177
167
159
151
145
154
169
167
143
111
91
81
75
75
66
34
-12
-44
-50
-50
-57
-64
-79
-102
-118
-113
-91
-80
-92
-113
-131
-147
-152
-145
-139
-151
-183
-211
-215
-206
-195
-187
-186
-191
-199
-190
-163
-133
-118
-113
-112
-113
-107
-91
-70
-57
-61
-71
-67
-51
-32
-14
-1
3
-3
-1
14
34
41
34
27
27
28
29
27
20
4
-4
8
24
30
26
13
9
20
46
80
98
95
84
88
109
134
153
158
146
133
134
151
171
174
162
152
148
154
164
170
167
153
140
139
144
141
129
115
101
89
80
77
69
46
20
0
-8
-18
-32
-45
-62
-84
-110
-126
-129
-131
-134
-140
-151
-169
-184
-184
-172
-165
-168
-175
-188
-205
-214
-206
-185
-174
-179
-188
-187
-176
-155
-125
-95
-82
-86
-84
-63
-36
-16
-6
3
6
2
10
30
48
55
58
70
77
72
70
77
94
101
107
112
107
89
81
96
114
114
101
96
98
99
104
119
130
117
101
110
132
137
124
113
111
107
102
112
117
93
57
44
63
76
63
44
29
12
4
18
41
32
-8
-40
-39
-24
-18
-16
-21
-51
-89
-99
-76
-53
-61
-86
-110
-127
-131
-113
-91
-86
-110
-137
-140
-125
-104
-94
-96
-109
-126
-127
-105
-75
-64
-75
-91
-93
-86
-66
-42
-32
-44
-62
-58
-34
-8
6
8
-1
-11
-7
18
51
62
53
42
38
46
62
80
87
75
56
53
64
73
76
76
68
53
43
50
62
62
51
41
34
33
34
40
41
34
22
16
18
19
21
25
24
19
12
13
19
23
22
19
13
9
8
14
20
22
22
13
5
-2
-1
6
12
14
9
-2
-14
-18
-15
-4
1
-5
-16
-31
-40
-38
-29
-19
-22
-38
-60
-70
-68
-59
-49
-48
-59
-77
-86
-82
-69
-60
-60
-69
-83
-86
-76
-58
-45
-42
-50
-59
-58
-45
-26
-11
-10
-16
-25
-26
-15
4
20
19
12
7
5
18
35
49
51
43
34
33
43
55
65
67
59
56
60
70
77
77
71
67
66
73
84
86
77
64
55
59
69
79
84
73
53
39
40
54
68
70
60
41
26
24
33
46
51
40
19
0
-8
-3
6
7
-4
-24
-40
-47
-41
-30
-26
-38
-60
-76
-79
-70
-58
-59
-70
-87
-98
-91
-78
-72
-83
-103
-118
-119
-102
-85
-86
-106
-126
-132
-121
-94
-75
-79
-94
-107
-99
-70
-42
-32
-40
-57
-63
-45
-15
12
17
2
-14
-13
9
39
58
57
42
31
37
60
85
97
92
81
76
85
102
115
117
111
101
98
101
108
112
105
98
90
85
86
87
87
82
74
71
67
60
57
54
55
57
55
47
35
25
22
22
25
24
14
0
-12
-15
-13
-12
-15
-28
-44
-55
-50
-43
-40
-45
-57
-68
-70
-68
-62
-60
-63
-67
-74
-71
-69
-68
-65
-64
-70
-72
-69
-62
-58
-59
-61
-62
-59
-54
-53
-54
-50
-46
-42
-39
-38
-37
-35
-29
-23
-15
-10
-7
-6
0
6
11
16
19
23
29
32
37
43
48
51
51
53
58
62
68
74
75
76
76
78
80
83
84
83
84
82
80
79
80
81
82
79
74
67
63
62
61
57
53
46
40
35
28
23
20
17
12
6
-3
-14
-23
-28
-32
-35
-41
-50
-60
-72
-75
-75
-73
-78
-90
-102
-109
-110
-105
-101
-100
-107
-113
-116
-110
-98
-90
-87
-89
-91
-89
-81
-70
-64
-61
-56
-54
-49
-41
-33
-28
-22
-17
-10
0
4
5
8
13
21
32
43
47
39
33
35
42
49
58
63
63
56
48
49
60
70
74
74
70
65
59
61
66
71
71
66
65
60
59
59
58
61
56
49
44
40
33
29
29
29
30
28
21
11
-1
-4
-1
6
9
5
-5
-17
-27
-29
-25
-18
-15
-22
-34
-45
-48
-47
-42
-38
-39
-45
-55
-60
-59
-56
-52
-51
-54
-58
-62
-62
-58
-53
-52
-52
-55
-56
-54
-49
-42
-37
-32
-29
-27
-23
-18
-15
-11
-5
-2
2
6
11
14
16
19
25
28
29
32
33
33
31
33
36
38
38
40
37
37
38
39
40
38
35
35
32
32
30
27
26
25
25
25
22
17
14
12
7
7
6
5
3
-1
-5
-6
-4
-3
-1
0
-1
-2
-2
-2
-1
-3
-4
-4
-2
-1
-1
-1
-1
-5
-4
-4
-4
-4
-4
-5
-4
-6
-7
-6
-4
-5
-6
-4
-8
-10
-9
-9
-8
-12
-14
-12
-13
-16
-17
-17
-20
-24
-24
-23
-22
-24
-26
-26
-28
-28
-26
-23
-23
-22
-20
-15
-13
-10
-10
-9
-8
-8
-4
0
4
6
6
7
8
