-3
-1
1
3
5
6
8
5
7
9
10
11
9
10
11
9
5
4
4
4
6
5
5
6
6
6
8
5
4
4
3
5
5
4
3
3
1
2
0
-1
-3
-4
-4
-2
-4
-4
-4
-4
-4
-9
-8
-8
-7
-6
-6
-6
-6
-7
-6
-4
-3
-3
-4
-3
-4
-4
-3
-3
-1
1
3
3
3
0
0
1
0
-1
1
2
1
-1
-4
-6
-6
-5
-4
-3
-4
-4
-5
-4
-5
-4
-2
-1
0
-4
-6
-7
-7
-5
2
4
6
7
7
7
6
6
7
7
9
11
12
13
14
14
15
16
17
18
20
18
17
16
15
14
16
16
14
11
6
2
2
1
1
1
-1
-3
-4
-7
-11
-13
-13
-13
-14
-14
-17
-19
-20
-22
-23
-22
-21
-19
-20
-20
-21
-22
-20
-20
-18
-17
-14
-13
-12
-9
-9
-5
-2
-2
-1
-4
-4
-2
-2
1
5
6
9
11
13
15
17
20
25
27
28
26
24
20
19
19
16
14
10
7
7
5
1
-2
-3
-6
-7
-8
-9
-11
-14
-16
-16
-14
-12
-11
-9
-11
-12
-14
-11
-6
2
12
16
18
18
17
19
24
26
26
22
21
20
21
21
21
18
15
13
10
8
4
2
1
-1
-3
-5
-10
-15
-18
-19
-18
-20
-23
-23
-23
-23
-25
-26
-28
-28
-26
-25
-22
-22
-20
-19
-18
-16
-15
-13
-12
-10
-6
-3
-3
-1
1
2
2
4
5
7
9
12
14
14
13
12
9
8
10
11
10
12
13
12
11
8
6
9
10
13
15
15
13
12
12
10
9
11
11
10
10
12
14
20
24
25
27
27
24
21
18
13
9
4
1
-4
-10
-16
-20
-26
-29
-29
-31
-32
-35
-38
-44
-50
-56
-60
-61
-60
-56
-50
-40
-31
-19
-11
-2
8
14
18
21
25
26
27
28
28
32
35
37
40
45
49
63
72
69
66
58
56
54
46
39
31
22
13
5
-2
-7
-12
-18
-26
-30
-38
-44
-54
-70
-78
-85
-92
-96
-106
-106
-101
-97
-92
-93
-86
-75
-65
-57
-54
-53
-45
-39
-31
-22
-13
-6
0
5
9
13
16
21
26
28
30
35
40
48
53
57
63
62
61
62
61
62
60
59
60
61
67
73
76
78
76
74
73
70
65
59
51
47
46
49
57
75
97
124
150
177
200
214
223
216
197
168
127
76
22
-35
-90
-136
-176
-204
-221
-231
-235
-237
-243
-249
-264
-285
-313
-350
-386
-411
-426
-424
-410
-379
-320
-253
-177
-104
-34
27
72
103
122
132
134
131
132
140
157
191
236
289
344
394
437
455
453
430
384
328
262
189
122
69
30
7
3
14
33
57
73
75
67
42
4
-42
-95
-145
-189
-223
-249
-265
-260
-240
-214
-182
-159
-133
-112
-101
-96
-102
-109
-109
-107
-96
-81
-61
-29
3
31
56
75
81
80
77
72
67
60
48
34
21
4
-15
-34
-57
-77
-93
-105
-104
-95
-76
-51
-19
16
50
80
96
99
86
55
18
-21
-48
-62
-50
-4
71
176
311
454
579
682
738
765
748
656
529
366
189
11
-161
-303
-409
-474
-524
-542
-534
-525
-517
-541
-596
-658
-745
-842
-942
-1051
-1098
-1085
-1012
-873
-676
-433
-169
94
329
524
661
735
746
706
634
558
490
452
458
509
598
713
831
934
1005
1033
1006
922
791
621
431
241
68
-71
-167
-217
-229
-211
-178
-149
-135
-150
-194
-259
-341
-422
-494
-554
-589
-594
-579
-543
-496
-443
-393
-353
-325
-307
-295
-284
-271
-250
-220
-183
-141
-95
-53
-20
3
15
10
-3
-23
-42
-54
-61
-60
-48
-32
-12
7
26
37
38
33
21
11
6
12
33
71
128
198
271
340
399
437
447
434
408
381
366
380
441
557
725
924
1123
1287
1384
1384
1272
1047
726
332
-98
-522
-898
-1193
-1381
-1463
-1446
-1349
-1201
-1040
-903
-819
-807
-871
-999
-1169
-1344
-1482
-1539
-1486
-1311
-1014
-618
-161
306
728
1058
1254
1303
1209
1002
736
461
235
102
84
189
394
662
944
1186
1342
1383
1300
1104
832
526
238
10
-130
-170
-117
-1
143
274
358
370
302
163
-24
-230
-421
-567
-653
-670
-627
-536
-423
-307
-210
-148
-127
-145
-194
-255
-306
-340
-348
-326
-279
-210
-135
-61
-3
29
26
-15
-84
-164
-239
-295
-323
-320
-294
-251
-198
-149
-121
-118
-138
-181
-241
-301
-352
-383
-381
-336
-243
-116
31
171
279
342
364
351
328
339
422
612
926
1365
1861
2315
2617
2683
2456
1950
1222
365
-518
-1320
-1951
-2353
-2497
-2379
-2059
-1629
-1172
-770
-472
-313
-294
-423
-699
-1085
-1510
-1864
-2029
-1920
-1511
-847
-30
826
1603
2201
2534
2553
2261
1697
979
256
-323
-650
-692
-487
-108
348
807
1200
1472
1591
1541
1338
1022
669
352
122
-2
-30
14
99
195
265
277
203
23
-256
-594
-935
-1216
-1387
-1428
-1346
-1173
-950
-723
-530
-400
-346
-362
-413
-461
-470
-417
-293
-117
78
251
374
430
416
336
201
23
-172
-358
-501
-566
-547
-450
-298
-130
22
137
206
223
180
86
-35
-144
-195
-166
-63
61
154
185
161
120
77
30
-9
5
182
644
1450
2501
3534
4214
4319
3809
2789
1432
-68
-1526
-2784
-3697
-4125
-3964
-3247
-2192
-1118
-278
252
525
613
538
244
-338
-1182
-2114
-2815
-2969
-2442
-1364
-58
1153
2069
2618
2788
2565
1942
951
-276
-1491
-2366
-2642
-2245
-1332
-207
826
1586
2032
2208
2162
1909
1467
893
312
-101
-203
40
517
1032
1401
1540
1470
1257
951
553
56
-497
-994
-1290
-1291
-1000
-537
-88
177
183
-17
-322
-665
-1026
-1396
-1696
-1822
-1691
-1293
-698
-34
524
835
868
701
439
119
-269
-717
-1143
-1430
-1516
-1391
-1086
-680
-279
7
156
226
267
274
226
170
172
248
350
456
576
649
558
285
-17
-163
-73
349
1288
2781
4379
5360
5333
4440
2960
966
-1391
-3588
-5118
-5881
-6045
-5518
-4051
-1908
80
1225
1620
1758
1822
1618
1018
170
-809
-1937
-3006
-3413
-2623
-855
1050
2392
3053
3260
3083
2433
1353
63
-1194
-2235
-2805
-2574
-1412
348
2052
3140
3457
3190
2582
1761
783
-235
-1101
-1632
-1715
-1340
-582
376
1224
1647
1530
1047
482
-8
-460
-923
-1304
-1428
-1228
-800
-270
306
839
1100
888
261
-487
-1155
-1769
-2330
-2603
-2332
-1560
-602
307
1110
1696
1838
1435
709
-24
-666
-1281
-1826
-2124
-2074
-1762
-1331
-860
-416
-105
0
-74
-219
-308
-235
-22
156
180
176
346
622
681
435
172
157
358
858
2156
4426
6749
7767
7079
5396
3265
523
-2739
-5571
-7132
-7564
-7338
-6217
-3790
-704
1589
2365
2229
2088
2091
1891
1370
645
-295
-1483
-2536
-2724
-1728
-96
1204
1625
1327
781
268
-218
-781
-1454
-2114
-2452
-2116
-939
897
2881
4385
4924
4455
3419
2382
1555
752
-162
-968
-1338
-1221
-810
-261
327
707
565
-71
-734
-991
-907
-883
-1118
-1423
-1533
-1419
-1175
-821
-371
7
72
-214
-595
-852
-1033
-1314
-1680
-1878
-1684
-1101
-304
497
1124
1436
1386
1054
615
272
107
42
-44
-126
-30
286
584
601
355
29
-294
-647
-939
-951
-650
-270
-29
81
146
157
85
-57
-249
-448
-515
-257
349
1278
2729
4813
6890
7793
6948
4902
2413
-421
-3562
-6245
-7534
-7439
-6649
-5332
-3122
-349
1672
2025
1267
634
630
884
1013
994
745
8
-1104
-1886
-1710
-809
-48
10
-438
-869
-985
-839
-612
-499
-609
-776
-630
61
1153
2303
3213
3645
3435
2720
1975
1548
1255
688
-122
-695
-723
-393
24
544
1199
1701
1721
1372
1068
928
596
-196
-1213
-1969
-2280
-2300
-2160
-1809
-1273
-842
-786
-1014
-1195
-1197
-1196
-1319
-1346
-977
-248
472
895
1031
933
522
-188
-916
-1310
-1308
-1161
-1063
-949
-682
-292
58
248
265
97
-191
-394
-293
102
497
648
582
382
-18
-580
-953
-829
-309
455
1895
4435
7288
8763
8031
5806
2971
-458
-4272
-7150
-7961
-7202
-6045
-4500
-1916
1105
2842
2576
1348
406
-15
-178
-10
521
851
422
-539
-1211
-1111
-557
-199
-356
-838
-1203
-1129
-620
29
457
531
415
391
614
1132
1899
2663
2964
2512
1609
880
547
286
-144
-477
-391
-66
186
433
898
1342
1228
542
-107
-306
-246
-239
-262
-182
-92
-136
-246
-331
-508
-964
-1664
-2381
-2857
-2869
-2297
-1279
-199
617
1104
1287
1071
376
-593
-1466
-2066
-2431
-2490
-1987
-878
379
1184
1348
1151
904
639
299
-8
-124
-131
-239
-447
-559
-508
-483
-616
-829
-986
-979
-681
-41
824
1962
3803
6315
8313
8472
6790
4282
1376
-2195
-5838
-8008
-8084
-6990
-5513
-3277
-181
2336
2728
1353
-58
-428
10
692
1402
1817
1373
-2
-1528
-2235
-1906
-1163
-687
-598
-530
-96
689
1386
1487
838
-193
-989
-1108
-417
1000
2746
4072
4276
3368
2074
973
-64
-1274
-2268
-2356
-1449
-109
1272
2658
3699
3629
2196
231
-1176
-1751
-1857
-1649
-985
-16
758
1027
889
430
-489
-1808
-3019
-3548
-3221
-2269
-1042
53
597
433
-180
-826
-1332
-1747
-2005
-1897
-1389
-738
-173
299
630
579
89
-402
-341
330
1152
1671
1766
1416
546
-775
-2145
-3049
-3270
-2964
-2315
-1267
248
1955
3429
4701
6197
7732
8252
7009
4504
1752
-955
-3728
-5978
-6759
-6065
-4777
-3397
-1753
-70
646
-142
-1590
-2266
-1452
532
2798
4396
4576
3127
573
-2078
-3823
-4190
-3457
-2311
-1183
-8
1326
2471
2804
2041
482
-1208
-2305
-2238
-850
1455
3843
5481
5900
5101
3505
1647
-126
-1639
-2664
-2823
-1940
-383
1138
2046
2149
1534
419
-784
-1500
-1344
-491
461
1044
1268
1297
995
148
-1029
-1913
-2116
-1800
-1208
-345
633
1122
577
-805
-2262
-3263
-3754
-3766
-3222
-2216
-1158
-398
48
280
281
60
-180
-199
62
538
1142
1649
1700
1122
113
-988
-1953
-2576
-2632
-2218
-1829
-1806
-1900
-1544
-352
1894
5145
8484
10301
9622
6978
3558
-78
-3668
-6362
-7256
-6507
-4953
-2931
-436
1700
2010
213
-2100
-3009
-1903
518
3160
5005
5128
3192
46
-2678
-3784
-3351
-2292
-1226
-109
1202
2424
3033
2703
1402
-612
-2600
-3470
-2548
-170
2599
4682
5370
4479
2520
502
-827
-1419
-1441
-783
613
2219
3260
3419
2757
1227
-1096
-3422
-4542
-3939
-2239
-448
819
1314
911
-264
-1592
-2320
-2163
-1380
-345
739
1701
2220
1982
967
-514
-1995
-3031
-3294
-2742
-1690
-687
-217
-464
-1295
-2352
-3137
-3156
-2195
-550
1172
2544
3451
3735
3135
1703
30
-1248
-1987
-2256
-1958
-1155
-424
-427
-1145
-1791
-1434
495
3765
7073
8798
8248
5904
2533
-1255
-4547
-6241
-6143
-5063
-3523
-1365
1042
2263
1283
-1126
-3155
-3554
-2046
929
4167
5951
5147
2212
-1256
-3763
-4589
-3794
-2068
-284
1088
2106
2809
2784
1642
-358
-2377
-3507
-3166
-1269
1632
4351
5650
5027
2983
583
-1212
-1932
-1509
-163
1631
3288
4341
4555
3820
2082
-336
-2589
-3759
-3482
-2092
-276
1160
1428
208
-1881
-3659
-4349
-3955
-2763
-914
1271
3052
3767
3313
1966
-8
-2198
-3793
-4034
-2914
-1216
131
620
190
-974
-2410
-3420
-3451
-2536
-1218
9
1022
1803
2158
1908
1182
365
-202
-337
29
751
1401
1437
607
-671
-1300
-233
2379
4981
6008
5227
3385
992
-1738
-4083
-5079
-4748
-3999
-3177
-1764
173
1290
475
-1604
-3135
-2936
-1093
1592
4055
5094
3872
758
-2621
-4506
-4242
-2476
-308
1539
2825
3431
3229
2196
510
-1448
-3013
-3355
-2011
631
3482
5385
5611
4012
1124
-1888
-3746
-3860
-2510
-306
2220
4463
5637
5275
3695
1679
-206
-1666
-2305
-1765
-331
1020
1439
820
-454
-1990
-3346
-3851
-3025
-1141
898
2290
2775
2415
1296
-373
-2071
-3148
-3238
-2442
-1166
97
845
643
-595
-2401
-3954
-4542
-3920
-2322
-303
1434
2333
2254
1461
300
-977
-2054
-2477
-2020
-1001
19
727
1092
1091
820
939
2265
4588
6468
6564
4915
2511
-17
-2479
-4319
-4727
-3708
-2221
-1042
-129
508
197
-1475
-3605
-4556
-3528
-1101
1543
3345
3546
1911
-915
-3570
-4824
-4285
-2346
261
2807
4713
5619
5325
3778
1299
-1265
-2858
-2868
-1445
745
2877
4153
4027
2558
485
-1258
-2077
-1815
-599
1185
2904
3907
3860
2872
1318
-239
-1150
-1003
58
1409
2395
2602
1780
-73
-2425
-4286
-4886
-4246
-2887
-1254
317
1289
1149
32
-1275
-2096
-2337
-2074
-1156
372
1799
2187
1281
-371
-2131
-3636
-4521
-4268
-2771
-713
923
1669
1686
1244
465
-445
-1064
-1049
-450
327
828
805
276
-542
-1261
-1275
71
2752
5555
6843
6007
3826
1347
-1024
-3023
-3995
-3569
-2357
-1229
-334
484
696
-484
-2654
-4188
-3835
-1760
954
3134
3745
2216
-898
-3947
-5395
-4844
-2867
-321
1982
3400
3763
3400
2583
1245
-476
-1752
-1609
66
2446
4529
5614
5194
3080
-64
-2770
-3813
-3107
-1421
487
2180
3242
3283
2363
1071
1
-612
-689
-95
1121
2446
3102
2556
821
-1537
-3540
-4233
-3268
-1164
1074
2561
2821
1757
-246
-2322
-3626
-3890
-3380
-2383
-1001
452
1336
1134
-83
-1749
-3227
-4034
-3839
-2597
-781
776
1400
1044
221
-498
-839
-769
-307
452
1146
1334
951
322
-220
-463
-49
1330
3248
4487
4174
2624
718
-1068
-2551
-3240
-2667
-1191
266
1251
1869
1949
908
-1213
-3172
-3570
-2159
95
1966
2626
1701
-680
-3609
-5607
-5601
-3767
-1262
893
2401
3223
3114
1985
394
-806
-1175
-704
646
2756
4838
5709
4793
2555
-109
-2413
-3625
-3156
-1154
1363
3308
4242
4126
2948
1014
-802
-1637
-1381
-494
685
1953
2760
2376
713
-1422
-3071
-3820
-3609
-2346
-208
1979
3136
2861
1643
185
-1126
-2039
-2217
-1584
-675
-220
-404
-882
-1399
-2051
-2865
-3512
-3649
-3281
-2597
-1706
-697
151
517
421
255
388
842
1321
1492
1251
775
388
364
901
2051
3448
4274
3837
2167
-55
-2130
-3683
-4414
-4037
-2630
-740
1011
2210
2567
1854
201
-1660
-2755
-2430
-724
1547
3125
3011
1119
-1731
-4409
-5926
-5659
-3648
-763
1779
3272
3723
3279
1970
118
-1440
-1919
-1156
500
2563
4430
5343
4792
2996
739
-1193
-2295
-2301
-1273
288
1670
2400
2377
1691
590
-415
-746
-253
649
1418
1824
1810
1230
53
-1290
-2115
-2125
-1603
-926
-194
532
912
600
-238
-1012
-1319
-1218
-857
-185
749
1464
1383
454
-820
-1923
-2664
-2999
-2847
-2283
-1690
-1461
-1596
-1790
-1837
-1729
-1430
-841
-44
643
1006
1159
1293
1410
1600
2195
3273
4209
4195
3126
1540
-240
-2188
-3914
-4656
-4184
-3064
-1820
-480
782
1302
739
-220
-565
24
1167
2340
3022
2577
722
-1924
-4154
-5080
-4548
-2913
-740
1277
2520
2724
2041
834
-480
-1452
-1649
-843
818
2803
4430
5150
4760
3431
1661
146
-552
-321
476
1320
1808
1705
949
-237
-1370
-1998
-1959
-1305
-208
992
1797
1820
1051
-143
-1257
-1829
-1593
-678
411
1141
1259
753
-249
-1449
-2392
-2759
-2578
-2013
-1110
55
1101
1535
1231
470
-431
-1265
-1806
-1828
-1411
-955
-768
-847
-1066
-1354
-1600
-1627
-1416
-1100
-699
-69
804
1742
2690
3697
4511
4564
3610
2067
503
-872
-1984
-2573
-2486
-2044
-1701
-1506
-1292
-1168
-1430
-1956
-2161
-1580
-295
1231
2461
2913
2328
894
-741
-1851
-2050
-1469
-578
191
679
917
895
534
-128
-858
-1383
-1484
-976
178
1647
2828
3262
2950
2211
1407
816
632
869
1338
1782
2034
2057
1845
1412
829
224
-285
-659
-901
-991
-909
-731
-624
-681
-823
-915
-919
-841
-647
-331
-37
51
-75
-259
-407
-573
-778
-908
-903
-882
-978
-1095
-1024
-731
-375
-74
160
273
155
-140
-413
-598
-832
-1217
-1612
-1832
-1854
-1657
-1096
-128
1063
2262
3419
4354
4617
3896
2445
838
-535
-1480
-1736
-1216
-328
314
436
89
-756
-2124
-3597
-4422
-4174
-3018
-1384
275
1415
1567
786
-321
-1099
-1255
-790
155
1263
2080
2281
1860
1041
104
-675
-1055
-921
-350
431
1144
1533
1475
1040
472
66
58
524
1331
2172
2708
2745
2323
1658
987
429
11
-212
-203
-48
47
-35
-239
-512
-874
-1239
-1307
-853
-62
629
959
976
781
393
-96
-456
-552
-514
-577
-806
-1067
-1242
-1355
-1479
-1561
-1433
-1027
-504
-91
126
182
43
-376
-975
-1468
-1666
-1693
-1732
-1742
-1528
-1009
-231
779
1930
2893
3228
2778
1813
739
-177
-789
-970
-694
-111
552
1099
1343
1092
298
-787
-1687
-2023
-1758
-1194
-746
-686
-1045
-1634
-2167
-2364
-2090
-1442
-649
139
915
1650
2171
2297
2046
1596
1094
651
425
527
884
1234
1360
1231
948
640
447
495
849
1428
2035
2460
2564
2346
1885
1274
621
85
-198
-268
-301
-432
-645
-896
-1206
-1548
-1774
-1737
-1463
-1079
-639
-150
273
435
270
-100
-481
-757
-878
-796
-552
-300
-219
-349
-591
-826
-1003
-1130
-1212
-1251
-1255
-1208
-1073
-824
-513
-263
-156
-168
-201
-148
74
468
913
1192
1152
806
295
-220
-594
-727
-585
-256
133
529
916
1239
1397
1326
1059
688
304
-23
-252
-387
-482
-573
-648
-688
-708
-759
-890
-1114
-1388
-1606
-1641
-1417
-960
-374
205
669
969
1120
1188
1244
1294
1289
1174
957
719
577
608
826
1180
1561
1840
1940
1862
1685
1482
1295
1148
1062
1064
1126
1173
1128
928
539
-28
-677
-1242
-1581
-1646
-1499
-1265
-1074
-1020
-1124
-1330
-1516
-1573
-1452
-1179
-842
-543
-369
-365
-528
-789
-1039
-1171
-1128
-941
-685
-442
-283
-251
-359
-571
-800
-944
-908
-649
-206
310
747
998
1055
997
925
897
907
912
893
844
775
682
543
335
77
-176
-357
-438
-445
-465
-570
-767
-989
-1129
-1105
-904
-600
-308
-134
-154
-378
-740
-1109
-1339
-1313
-1004
-506
11
383
537
531
522
677
1067
1628
2193
2576
2672
2493
2143
1752
1432
1237
1193
1300
1527
1797
1982
1961
1675
1179
643
253
127
239
453
592
535
262
-183
-714
-1264
-1784
-2221
-2512
-2596
-2458
-2164
-1828
-1593
-1531
-1607
-1716
-1721
-1541
-1202
-807
-478
-302
-292
-380
-487
-553
-548
-479
-362
-221
-66
100
265
410
515
590
659
741
818
860
838
744
610
488
420
398
370
302
181
30
-106
-195
-235
-254
-285
-349
-455
-615
-850
-1164
-1521
-1834
-1996
-1922
-1595
-1093
-557
-129
118
199
197
197
269
446
729
1088
1455
1741
1861
1769
1507
1215
1060
1176
1580
2149
2690
3016
3041
2801
2400
1966
1573
1249
995
810
684
602
539
441
273
40
-204
-392
-497
-557
-653
-857
-1190
-1598
-1985
-2265
-2417
-2491
-2567
-2703
-2888
-3050
-3102
-2966
-2621
-2109
-1517
-952
-499
-200
-52
2
35
126
328
640
1006
1334
1520
1487
1238
846
433
121
-8
58
262
519
744
868
861
718
459
126
-215
-503
-690
-756
-723
-626
-510
-429
-417
-494
-665
-894
-1143
-1349
-1442
-1384
-1182
-890
-582
-330
-168
-79
-5
133
387
759
1207
1654
2031
2291
2412
2405
2298
2140
1981
1863
1815
1841
1916
1979
1958
1805
1527
1177
839
587
461
447
501
563
582
523
368
120
-206
-576
-930
-1217
-1401
-1484
-1492
-1469
-1451
-1466
-1521
-1623
-1768
-1936
-2108
-2252
-2325
-2291
-2140
-1900
-1634
-1404
-1242
-1133
-1009
-785
-409
106
664
1146
1468
1604
1592
1479
1297
1049
749
450
244
220
375
598
705
538
93
-480
-949
-1139
-1031
-759
-526
-477
-634
-913
-1183
-1374
-1492
-1570
-1606
-1536
-1299
-901
-439
-70
96
65
-31
-1
300
877
1592
2228
2592
2600
2299
1834
1370
1064
1001
1201
1608
2101
2540
2806
2826
2606
2214
1778
1436
1270
1276
1362
1378
1191
745
108
-550
-1042
-1257
-1222
-1064
-945
-980
-1189
-1502
-1816
-2046
-2147
-2101
-1900
-1558
-1131
-728
-483
-505
-798
-1249
-1665
-1881
-1830
-1585
-1300
-1119
-1094
-1151
-1169
-1034
-712
-264
213
623
924
1131
1272
1358
1383
1323
1193
1032
896
805
718
573
307
-78
-503
-831
-962
-898
-736
-619
-652
-863
-1178
-1457
-1578
-1492
-1235
-898
-582
-368
-304
-379
-528
-659
-684
-540
-218
250
763
1208
1507
1645
1666
1647
1675
1801
2017
2266
2453
2503
2379
2092
1723
1386
1204
1241
1464
1756
1959
1939
1653
1167
628
195
-44
-88
-8
90
99
-57
-399
-903
-1495
-2061
-2470
-2620
-2499
-2185
-1825
-1574
-1525
-1660
-1872
-2013
-1972
-1723
-1319
-869
-466
-182
-16
80
146
217
297
369
417
424
395
341
275
202
130
86
98
188
349
534
670
687
557
318
43
-195
-366
-487
-616
-805
-1061
-1350
-1615
-1811
-1915
-1918
-1822
-1639
-1384
-1096
-824
-608
-447
-288
-57
284
712
1140
1473
1659
1702
1671
1641
1660
1736
1833
1921
1986
2034
2072
2093
2088
2055
2015
1976
1940
1878
1749
1512
1171
784
436
188
53
2
-12
-44
-118
-235
-389
-576
-794
-1026
-1225
-1339
-1344
-1258
-1149
-1100
-1187
-1410
-1707
-1982
-2144
-2157
-2032
-1823
-1595
-1383
-1199
-1028
-854
-670
-478
-284
-69
170
431
686
884
977
941
793
596
427
339
344
396
424
366
199
-48
-309
-520
-642
-678
-660
-621
-576
-522
-460
-408
-402
-481
-655
-896
-1137
-1306
-1355
-1289
-1145
-965
-760
-512
-204
167
570
954
1274
1505
1673
1809
1940
2063
2150
2171
2128
2054
1992
1964
1984
2030
2057
2025
1912
1723
1478
1193
884
587
343
173
88
69
75
45
-79
-317
-642
-992
-1292
-1484
-1549
-1516
-1432
-1357
-1331
-1359
-1440
-1549
-1656
-1724
-1726
-1647
-1484
-1265
-1035
-846
-731
-684
-668
-626
-513
-312
-37
266
536
724
805
788
684
519
329
157
46
25
81
178
263
272
179
-8
-247
-476
-660
-788
-871
-923
-965
-1000
-1033
-1067
-1095
-1097
-1044
-912
-691
-413
-149
34
101
87
70
143
351
687
1088
1464
1745
1895
1931
1888
1819
1776
1788
1871
2003
2126
2174
2094
1890
1610
1340
1150
1069
1074
1099
1071
952
740
473
198
-49
-252
-416
-555
-686
-829
-998
-1182
-1370
-1541
-1670
-1741
-1756
-1735
-1705
-1689
-1683
-1662
-1598
-1475
-1289
-1068
-845
-654
-508
-414
-352
-306
-264
-207
-138
-57
32
113
180
219
240
257
282
321
355
371
343
247
89
-112
-324
-517
-668
-753
-781
-770
-749
-755
-801
-887
-991
-1071
-1085
-1010
-845
-618
-377
-170
-20
75
156
274
475
764
1106
1443
1711
1878
1947
1951
1940
1950
1992
2048
2085
2076
2013
1908
1794
1699
1645
1634
1640
1619
1539
1374
1122
809
477
166
-93
-291
-441
-564
-694
-853
-1054
-1290
-1534
-1748
-1882
-1900
-1810
-1655
-1514
-1459
-1522
-1679
-1862
-1985
-1969
-1790
-1491
-1151
-865
-696
-657
-709
-773
-764
-619
-331
55
459
786
969
998
908
761
622
527
478
457
428
373
285
178
69
-38
-142
-257
-395
-561
-745
-919
-1055
-1135
-1152
-1108
-1023
-922
-829
-756
-710
-677
-637
-560
-417
-201
79
400
742
1077
1374
1618
1802
1918
1978
2000
2008
2025
2072
2141
2212
2264
2277
2234
2130
1967
1754
1511
1256
1002
767
569
418
306
227
162
95
2
-136
-320
-543
-783
-1018
-1228
-1407
-1560
-1694
-1826
-1954
-2069
-2149
-2175
-2136
-2028
-1868
-1673
-1466
-1264
-1082
-923
-785
-652
-513
-355
-185
-15
142
257
316
323
283
223
164
123
109
117
133
136
117
73
5
-66
-120
-139
-131
-115
-125
-183
-305
-482
-681
-857
-965
-983
-909
-769
-607
-469
-391
-380
-415
-452
-437
-332
-120
192
561
941
1291
1574
1777
1906
1976
2005
2015
2016
2009
1994
1982
1972
1968
1968
1960
1928
1850
1712
1521
1288
1035
787
566
385
243
130
32
-72
-195
-348
-529
-727
-928
-1114
-1268
-1384
-1460
-1502
-1522
-1533
-1549
-1578
-1621
-1672
-1723
-1763
-1780
-1751
-1658
-1494
-1265
-988
-689
-406
-162
26
155
230
261
268
269
276
292
314
337
348
322
245
115
-67
-280
-497
-684
-822
-891
-895
-848
-775
-710
-672
-679
-727
-798
-871
-909
-890
-806
-662
-475
-275
-92
62
179
270
359
472
627
834
1087
1352
1604
1816
1973
2080
2160
2233
2308
2387
2455
2492
2473
2385
2232
2039
1834
1645
1479
1336
1199
1042
844
593
304
0
-287
-524
-694
-803
-873
-934
-1019
-1147
-1313
-1497
-1667
-1789
-1839
-1815
-1726
-1604
-1485
-1399
-1359
-1364
-1397
-1432
-1432
-1370
-1240
-1054
-838
-610
-402
-230
-100
-10
59
114
159
202
234
246
229
180
108
28
-44
-95
-122
-127
-131
-151
-197
-272
-367
-465
-557
-632
-692
-737
-772
-800
-819
-827
-811
-766
-689
-578
-433
-254
-42
196
452
711
960
1181
1362
1493
1578
1626
1653
1678
1710
1748
1788
1816
1828
1818
1795
1766
1736
1713
1685
1637
1555
1420
1231
1000
752
525
346
225
154
100
20
-123
-347
-638
-957
-1248
-1461
-1563
-1555
-1466
-1345
-1244
-1207
-1240
-1330
-1434
-1504
-1501
-1409
-1248
-1052
-873
-741
-669
-649
-647
-625
-556
-430
-262
-81
84
201
246
226
154
60
-28
-99
-148
-186
-225
-273
-331
-386
-427
-450
-451
-449
-459
-505
-595
-714
-843
-946
-993
-968
-868
-711
-530
-360
-223
-128
-63
2
94
238
437
682
949
1212
1446
1636
1777
1874
1934
1971
1992
2002
1997
1977
1940
1890
1826
1753
1665
1563
1439
1289
1113
922
726
541
376
238
123
15
-97
-222
-366
-522
-688
-853
-1010
-1152
-1269
-1365
-1434
-1476
-1496
-1498
-1490
-1472
-1445
-1402
-1330
-1228
-1095
-941
-776
-611
-460
-330
-221
-134
-64
-10
32
56
68
61
33
-15
-75
-139
-200
-256
-299
-333
-358
-373
-380
-379
-376
-376
-390
-426
-482
-556
-636
-706
-757
-779
-762
-707
-613
-496
-372
-249
-140
-47
37
129
247
391
561
748
934
1100
1238
1344
1434
1516
1603
1693
1780
1847
1878
1869
1821
1748
1664
1586
1519
1459
1385
1275
1112
893
627
346
86
-119
-250
-311
-324
-332
-371
-470
-637
-847
-1056
-1217
-1300
-1292
-1213
-1103
-1007
-959
-973
-1035
-1108
-1160
-1152
-1074
-935
-759
-584
-441
-349
-299
-276
-254
-206
-118
8
146
270
351
366
306
184
20
-153
-311
-438
-527
-587
-626
-657
-682
-707
-734
-753
-761
-762
-758
-749
-734
-709
-671
-621
-564
-502
-441
-382
-322
-251
-158
-33
124
302
484
648
790
906
1013
1127
1266
1429
1608
1784
1930
2025
2062
2047
1998
1939
1876
1816
1750
1658
1527
1349
1132
886
636
406
206
43
-86
-195
-302
-412
-535
-671
-808
-932
-1029
-1091
-1117
-1112
-1085
-1054
-1030
-1020
-1033
-1062
-1093
-1112
-1102
-1053
-967
-846
-709
-576
-464
-385
-340
-318
-305
-274
-223
-142
-40
58
134
161
135
63
-42
-147
-232
-291
-316
-319
-311
-314
-342
-390
-455
-525
-589
-635
-655
-652
-630
-596
-564
-537
-515
-489
-450
-391
-304
-191
-74
38
141
233
322
429
565
733
921
1111
1271
1388
1456
1482
1488
1498
1525
1576
1633
1675
1679
1631
1533
1403
1271
1158
1079
1023
972
906
803
655
472
273
86
-71
-195
-291
-385
-491
-623
-783
-950
-1100
-1209
-1259
-1260
-1224
-1174
-1135
-1112
-1103
-1088
-1055
-991
-899
-784
-669
-573
-506
-475
-464
-461
-456
-435
-397
-352
-315
-294
-293
-312
-340
-365
-379
-375
-361
-344
-336
-342
-361
-394
-428
-454
-468
-468
-457
-434
-409
-390
-374
-361
-344
-315
-274
-210
-129
-34
64
156
243
320
395
474
566
675
805
953
1112
1268
1406
1518
1596
1644
1669
1675
1672
1662
1645
1623
1587
1538
1464
1360
1221
1050
856
649
446
263
109
-13
-109
-193
-271
-355
-450
-548
-648
-740
-813
-863
-878
-879
-878
-873
-880
-892
-910
-949
-986
-1013
-1013
-974
-911
-819
-706
-587
-475
-388
-332
-302
-291
-279
-259
-224
-181
-141
-121
-133
-190
-290
-413
-539
-639
-701
-718
-685
-617
-524
-428
-355
-304
-278
-271
-267
-263
-247
-218
-180
-139
-107
-85
-72
-57
-29
21
97
193
303
422
534
645
746
834
912
962
999
1033
1047
1058
1055
1054
1073
1089
1101
1095
1068
1018
951
881
817
769
727
685
632
559
453
320
175
29
-97
-193
-257
-297
-323
-355
-403
-471
-552
-631
-688
-712
-699
-659
-603
-556
-531
-536
-565
-604
-634
-639
-613
-559
-488
-417
-362
-333
-335
-361
-391
-413
-415
-393
-356
-320
-298
-305
-339
-394
-458
-517
-556
-570
-562
-537
-503
-479
-465
-464
-470
-474
-464
-435
-389
-323
-250
-172
-99
-32
31
87
143
197
254
316
383
451
517
579
635
687
740
797
856
923
986
1037
1081
1112
1130
1141
1143
1138
1121
1095
1060
1013
954
882
796
708
624
541
463
384
306
222
135
45
-47
-138
-228
-308
-380
-442
-496
-540
-581
-618
-651
-682
-708
-724
-730
-725
-709
-685
-653
-618
-582
-545
-513
-485
-459
-436
-417
-406
-401
-406
-416
-430
-456
-487
-516
-539
-559
-569
-570
-565
-552
-533
-506
-470
-432
-391
-349
-304
-261
-220
-184
-153
-119
-88
-59
-37
-17
3
23
44
69
104
150
208
276
350
423
492
555
612
661
707
752
795
842
884
918
938
948
948
935
913
882
848
812
780
752
725
688
645
595
533
460
379
293
208
132
62
2
-50
-95
-139
-185
-232
-280
-325
-362
-387
-398
-398
-389
-382
-384
-395
-410
-426
-442
-449
-443
-427
-407
-389
-382
-389
-409
-438
-466
-489
-499
-495
-484
-472
-470
-487
-518
-563
-611
-646
-659
-649
-618
-578
-537
-509
-493
-488
-484
-467
-430
-370
-287
-189
-91
-9
54
96
122
143
169
208
263
326
388
436
467
483
484
483
493
523
579
649
721
789
837
868
884
884
873
851
824
789
744
696
633
567
504
439
375
313
255
200
152
110
81
60
43
30
13
-7
-33
-65
-102
-143
-183
-213
-234
-251
-262
-274
-287
-301
-315
-330
-339
-342
-337
-320
-301
-280
-263
-258
-263
-281
-309
-342
-373
-398
-416
-435
-458
-484
-513
-546
-581
-610
-631
-641
-634
-613
-584
-548
-509
-471
-432
-391
-349
-300
-244
-186
-127
-72
-23
19
57
95
131
165
198
232
268
308
342
377
408
433
460
487
515
543
566
585
602
613
617
617
611
609
605
599
591
579
564
548
527
502
470
439
402
362
322
278
236
193
149
104
60
20
-18
-53
-82
-109
-134
-155
-175
-195
-215
-233
-250
-270
-288
-306
-318
-326
-333
-334
-338
-338
-336
-333
-330
-323
-317
-309
-309
-318
-332
-349
-360
-370
-385
-398
-415
-430
-438
-439
-441
-439
-434
-421
-402
-378
-349
-320
-285
-247
-211
-169
-124
-78
-31
14
58
93
127
153
174
200
223
247
266
284
306
320
335
350
362
380
398
415
432
442
449
451
445
438
426
413
403
392
378
363
341
318
294
265
237
211
188
171
155
142
126
106
86
64
42
25
17
8
1
-12
-31
-56
-82
-108
-131
-148
-160
-171
-184
-196
-208
-219
-229
-245
-260
-270
-271
-263
-256
-253
-253
-259
-262
-267
-271
-268
-265
-261
-257
-258
-262
-262
-263
-256
-250
-245
-239
-231
-216
-200
-187
-169
-149
-125
-95
-66
-41
-14
11
32
50
66
82
100
116
132
146
158
168
176
180
185
197
205
211
213
215
220
220
219
216
214
213
214
215
210
205
203
201
197
196
190
183
180
175
164
154
142
134
124
115
106
96
87
80
69
60
52
43
34
27
16
4
-8
-19
-27
-38
-50
-65
-82
-101
-120
-138
-157
-172
-191
-207
-225
-239
-246
-255
-260
-264
-265
-258
-256
-252
-245
-238
-227
-211
-202
-186
-172
-159
-145
-136
-126
-114
-100
-84
-70
-56
-40
-25
-8
9
23
35
48
59
70
78
87
99
111
119
127
134
139
142
145
146
149
153
158
160
159
157
154
149
144
138
134
130
125
120
111
105
98
90
84
78
72
67
62
60
54
47
43
39
36
33
33
28
28
28
25
22
19
15
12
8
6
2
-4
-10
-16
-21
-26
-34
-42
-51
-59
-70
-80
-89
-95
-102
-110
-117
-126
-137
-147
-153
-154
-154
-156
-157
-159
-157
-152
-147
-141
-135
-128
-117
-111
-102
-93
-86
-77
-71
-61
-49
-37
-25
-12
-3
8
20
31
41
49
56
65
74
82
88
94
101
107
111
114
114
113
112
110
109
108
106
102
98
94
92
89
86
86
83
82
81
76
70
62
55
51
47
46
45
44
44
44
46
45
43
42
39
41
38
35
33
29
22
16
8
0
-7
-16
-25
-33
-41
-49
-57
-62
-67
-72
-73
-74
-77
-80
-85
-92
-97
-104
-112
-117
-119
-119
-116
-119
-121
-124
-128
-134
-140
-141
-136
-124
-107
-89
-72
-55
-45
-38
-33
-27
-20
-12
0
13
25
39
49
53
54
49
46
46
49
56
65
78
90
96
103
104
101
97
95
97
97
100
104
104
104
100
93
84
77
70
67
62
58
54
53
55
57
54
52
50
46
43
43
42
43
44
42
41
40
38
36
32
32
28
24
17
11
3
-8
-18
-27
-33
-40
-48
-57
-69
-80
-90
-101
-114
-123
-130
-138
-146
-151
-151
-152
-155
-157
-159
-159
-160
-156
-155
-150
-141
-134
-124
-115
-107
-95
-84
-73
-59
-44
-28
-15
-1
10
20
32
43
58
70
79
86
93
99
105
110
115
117
118
119
120
123
124
127
129
127
128
130
130
131
132
131
132
131
127
120
113
106
99
94
87
81
73
67
59
50
44
40
39
37
34
29
25
22
19
14
10
6
-2
-14
-28
-42
-57
-73
-87
-104
-117
-132
-144
-153
-162
-166
-168
-169
-168
-164
-159
-151
-144
-137
-128
-124
-123
-119
-119
-118
-120
-123
-121
-122
-118
-113
-107
-97
-87
-73
-58
-42
-25
-10
9
27
44
63
75
85
96
100
105
110
110
112
110
110
111
113
117
120
122
123
122
120
117
114
115
110
100
92
85
80
76
75
71
67
63
59
55
53
52
50
48
47
46
44
39
30
23
16
5
-7
-18
-22
-22
-24
-24
-20
-17
-17
-21
-32
-42
-51
-53
-50
-47
-41
-39
-43
-57
-74
-90
-99
-103
-101
-97
-92
-88
-92
-96
-108
-117
-119
-118
-111
-103
-95
-90
-90
-90
-94
-91
-89
-82
-73
-65
-52
-42
-34
-23
-16
-7
3
9
17
29
42
57
70
80
88
90
93
95
100
106
109
114
116
114
114
111
106
102
98
95
94
92
89
86
82
78
71
67
60
56
54
50
47
41
37
33
29
22
15
11
7
5
0
-1
-3
-6
-10
-15
-19
-24
-24
-22
-25
-30
-34
-38
-41
-44
-46
-50
-54
-58
-60
-62
-67
-74
-81
-93
-100
-103
-107
-106
-107
-111
-116
-117
-114
-111
-107
-99
-91
-88
-81
-74
-66
-59
-49
-41
-32
-19
-7
7
19
26
32
38
48
56
63
70
75
83
86
86
86
85
86
85
85
84
85
90
89
85
80
72
66
60
59
58
56
54
49
45
42
37
32
31
29
28
27
27
26
24
22
17
13
11
12
12
16
19
19
16
6
-1
-5
-7
-9
-10
-11
-14
-16
-21
-28
-35
-42
-50
-51
-47
-43
-42
-45
-52
-63
-73
-81
-85
-84
-79
-73
-72
-72
-74
-77
-82
-85
-86
-81
-73
-66
-61
-58
-55
-52
-52
-47
-40
-28
-15
-3
7
12
14
15
18
23
29
38
47
55
58
60
56
53
55
57
63
67
71
76
76
73
71
68
61
59
60
62
65
66
65
60
53
48
43
38
39
37
36
33
29
23
19
16
15
17
14
12
14
14
12
10
9
8
9
11
10
9
6
2
-2
-7
-10
-13
-16
-24
-28
-33
-39
-44
-50
-54
-57
-62
-70
-76
-81
-86
-91
-96
-98
-102
-102
-104
-106
-102
-103
-106
-104
-100
-96
-93
-88
-84
-77
-68
-58
-48
-38
-29
-19
-10
2
14
26
36
45
52
59
67
76
83
89
96
102
107
109
111
112
112
112
112
110
107
106
102
101
97
93
87
81
75
70
67
63
58
52
45
37
31
27
23
17
12
9
7
5
4
-1
-3
-6
-10
-15
-18
-21
-23
-27
-30
-34
-38
-42
-47
-50
-56
-59
-63
-68
-71
-77
-81
-84
-88
-89
-90
-96
-100
-102
-104
-106
-106
-106
-104
-102
-100
-96
-89
-81
-75
-69
-63
-54
-49
-41
-33
-24
-15
-9
0
7
15
21
28
33
39
44
51
56
61
67
73
78
81
85
88
89
92
91
91
93
94
96
97
95
93
90
88
84
80
79
74
70
68
62
57
52
46
43
38
35
33
30
27
23
17
14
10
4
2
-1
-5
-9
-13
-19
-26
-33
-38
-44
-48
-51
-55
-58
-61
-63
-66
-66
-70
-74
-75
-79
-82
-81
-84
-85
-86
-85
-84
-85
-87
-88
-87
-87
-87
-83
-80
-75
-70
-68
-63
-57
-50
-42
-33
-28
-22
-14
-7
2
8
15
23
29
35
40
43
47
53
57
62
64
65
68
70
73
76
77
81
81
81
85
88
90
91
90
92
92
92
88
86
85
84
81
79
76
74
71
67
61
56
50
44
39
34
26
20
15
9
4
-4
-10
-16
-23
-30
-39
-46
-53
-58
-61
-68
-75
-79
-86
-89
-92
-95
-96
-99
-99
-100
-101
-103
-105
-104
-103
-101
-98
-100
-99
-93
-88
-82
-77
-72
-67
-61
-53
-46
-41
-34
-24
-16
-9
-4
0
7
14
24
31
39
45
49
53
56
61
67
71
76
78
80
84
87
89
89
85
86
87
88
89
85
82
75
68
63
61
57
53
48
45
41
36
30
26
23
20
19
16
8
3
0
-1
-2
-5
-7
-10
-13
-14
-19
-22
-22
-24
-25
-25
-26
-27
-27
-28
-28
-29
-29
-31
-31
-32
-36
-39
-39
-37
-35
-36
-37
-36
-36
-36
-38
-39
-37
-38
-38
-38
-39
-39
-36
-35
-34
-32
-29
-26
-23
-21
-20
-17
-11
-7
-5
-4
-1
1
5
7
11
12
14
17
17
18
18
18
18
23
24
25
28
25
26
26
27
26
28
25
24
24
24
25
23
23
20
19
17
15
17
15
13
11
10
10
7
5
4
1
-1
-4
-4
-4
-3
-3
-3
-5
-5
-6
-7
-9
-9
-9
-9
-10
-12
-13
-11
-14
-16
-15
-14
-15
-16
-15
-18
-18
-17
-19
-23
-22
-20
-17
-19
-17
-19
-20
-18
-17
-17
-16
-16
-16
-14
-11
-9
-4
-3
-2
-1
-1
0
4
6
9
10
11
11
12
15
17
17
16
16
14
17
16
16
16
14
13
11
14
17
16
14
11
9
10
11
13
14
12
11
10
10
8
8
7
7
4
3
5
6
7
7
6
7
9
9
10
7
5
4
4
3
5
3
1
-2
-5
-7
-8
-10
-9
-11
-13
-12
-13
-15
-15
-16
-16
-17
-19
-16
-17
-16
-16
-16
-14
-11
-10
-11
-14
-16
-17
-16
-15
-13
-11
-9
-10
-11
-14
-15
-13
-12
-9
-5
-5
-2
-1
0
-2
-5
-3
1
5
7
9
12
10
10
10
8
8
9
10
16
18
20
22
23
23
22
21
21
22
23
21
21
21
19
18
16
14
13
11
11
12
12
12
11
9
7
6
6
5
5
6
7
4
1
-1
-4
-5
-5
-7
-7
-7
-9
-8
-11
