8
8
6
5
2
0
-4
-7
-9
-7
-6
-5
-6
-8
-9
-8
-10
-12
-12
-12
-10
-9
-8
-7
-7
-7
-5
-1
1
2
0
-1
-5
-7
-6
-6
-5
-7
-10
-12
-14
-13
-13
-15
-17
-18
-18
-19
-18
-16
-15
-13
-13
-12
-12
-8
-2
4
7
8
9
9
9
14
19
21
22
24
26
29
32
32
31
30
28
30
33
34
34
33
30
28
25
22
21
19
19
17
12
10
8
6
5
3
2
0
-3
-5
-7
-11
-15
-19
-20
-23
-25
-26
-30
-32
-33
-34
-35
-34
-34
-36
-35
-27
-20
-15
-12
-16
-18
-21
-21
-11
-4
3
-2
-10
-17
-22
-20
-12
-8
-11
-16
-19
-18
-14
-11
-12
-20
-33
-38
-33
-23
-11
-4
-4
-10
-17
-14
-4
8
22
35
43
45
45
51
56
57
59
63
65
72
83
84
82
75
68
65
60
55
51
47
46
41
32
21
11
1
-5
-8
-9
-8
-11
-19
-32
-44
-53
-59
-64
-65
-62
-61
-58
-59
-66
-71
-74
-79
-80
-85
-85
-80
-76
-73
-78
-82
-84
-84
-80
-76
-70
-62
-55
-48
-42
-42
-39
-31
-23
-16
-8
3
13
19
27
36
45
56
70
82
90
101
109
112
114
114
114
105
91
81
72
65
60
51
39
20
-1
-16
-29
-41
-52
-61
-77
-95
-107
-114
-121
-129
-132
-129
-124
-114
-97
-76
-58
-40
-22
-5
9
26
50
74
92
117
141
159
174
188
201
205
204
205
204
197
190
184
174
159
143
127
109
89
72
57
40
21
4
-13
-32
-50
-66
-79
-94
-108
-117
-125
-133
-137
-138
-140
-143
-150
-152
-154
-155
-154
-148
-145
-145
-145
-144
-139
-134
-128
-120
-116
-112
-105
-98
-93
-82
-75
-72
-65
-53
-44
-31
-17
-7
2
13
24
32
49
69
83
100
119
136
147
164
176
178
186
196
194
186
175
167
161
150
133
117
97
75
55
35
14
-13
-36
-61
-87
-111
-126
-139
-159
-174
-179
-181
-182
-174
-156
-134
-117
-95
-68
-43
-19
15
53
86
124
164
202
233
255
283
304
313
321
327
331
327
313
297
274
247
223
194
156
116
76
42
2
-38
-74
-112
-152
-189
-218
-244
-270
-291
-303
-315
-325
-332
-332
-335
-338
-334
-326
-319
-314
-298
-285
-279
-263
-253
-243
-229
-215
-193
-178
-162
-141
-116
-98
-74
-52
-29
-1
15
39
60
80
101
116
135
152
168
184
196
208
223
236
250
265
280
294
297
304
315
323
326
326
322
311
293
278
270
256
234
212
184
147
112
81
48
9
-31
-67
-105
-147
-182
-210
-241
-276
-304
-322
-331
-337
-331
-313
-304
-292
-269
-245
-218
-189
-153
-117
-79
-37
5
42
71
101
131
151
167
186
202
211
209
210
209
200
189
174
156
135
112
91
69
39
11
-13
-38
-63
-80
-94
-107
-120
-133
-137
-142
-149
-149
-153
-154
-145
-147
-146
-128
-124
-121
-109
-90
-93
-88
-60
-52
-52
-38
-15
-24
-11
6
3
15
26
35
35
56
58
50
58
59
56
52
67
62
58
67
61
65
75
79
78
86
95
98
106
114
118
114
115
117
119
121
113
104
99
93
82
70
60
37
15
2
-19
-42
-65
-88
-118
-150
-170
-194
-216
-239
-257
-267
-281
-281
-284
-285
-277
-267
-244
-216
-189
-160
-123
-86
-50
-9
40
87
126
165
205
240
268
299
327
348
367
379
387
391
385
383
372
345
318
290
263
235
197
158
121
77
41
0
-43
-77
-123
-158
-185
-221
-241
-257
-281
-306
-312
-310
-332
-337
-313
-322
-326
-302
-296
-285
-264
-243
-235
-222
-188
-171
-162
-127
-117
-107
-64
-55
-42
-13
-2
12
22
37
44
54
74
75
84
96
100
103
113
110
118
136
140
142
152
158
149
154
165
162
166
181
185
182
184
185
181
179
175
164
157
147
136
128
113
93
69
42
18
-6
-35
-55
-78
-104
-127
-146
-162
-179
-188
-192
-190
-181
-172
-160
-150
-139
-121
-103
-85
-60
-33
-11
8
26
43
56
53
65
85
79
84
97
93
80
78
75
63
55
51
50
37
33
27
11
8
-7
-26
-30
-39
-53
-47
-51
-56
-52
-71
-84
-75
-81
-94
-84
-77
-92
-88
-82
-86
-81
-73
-72
-69
-53
-54
-49
-29
-32
-36
-15
-14
-26
0
11
5
23
38
29
35
52
52
45
69
72
55
79
73
57
71
75
67
76
81
75
79
72
74
69
69
75
71
77
72
68
67
60
54
51
42
37
37
30
20
17
8
-5
-22
-36
-48
-58
-65
-74
-82
-97
-108
-115
-125
-126
-124
-119
-116
-109
-99
-91
-81
-71
-60
-46
-27
-8
6
12
30
37
36
44
49
53
55
62
73
69
73
77
68
59
67
69
59
61
60
47
32
44
19
7
21
13
1
1
9
-8
-13
-14
-12
-43
-35
-38
-61
-48
-53
-41
-57
-69
-57
-69
-71
-61
-66
-51
-43
-72
-47
-36
-55
-40
-32
-26
-20
-20
6
-8
-10
23
5
6
41
31
20
49
42
28
43
49
31
30
59
52
44
67
63
51
62
62
56
70
77
74
73
72
71
64
67
68
58
55
51
45
43
35
19
4
-12
-24
-36
-45
-50
-62
-68
-77
-88
-98
-102
-105
-111
-104
-94
-88
-80
-69
-66
-63
-55
-62
-42
-29
-23
-14
-5
4
6
7
16
26
18
38
42
41
48
57
49
36
51
35
39
45
60
44
31
51
15
26
31
7
14
26
7
-7
13
-14
-16
-21
-33
-17
-35
-8
-25
-35
-11
-45
-42
-24
-32
-48
-30
-26
-39
-34
-22
-11
-41
-14
-9
-28
-4
8
11
-13
17
24
-12
23
50
14
22
62
26
13
45
37
19
36
50
26
46
60
29
34
42
30
19
30
31
24
25
22
15
11
16
4
1
5
-4
-1
8
2
-11
-13
-20
-33
-31
-30
-36
-41
-41
-46
-54
-52
-54
-60
-59
-52
-53
-51
-39
-50
-46
-42
-46
-44
-41
-21
-28
-12
-11
-2
14
-13
10
8
9
16
21
28
20
35
26
36
28
51
43
43
74
47
66
69
57
52
63
68
56
58
71
54
41
63
34
34
37
13
18
15
4
-3
0
-18
-28
-35
-27
-34
-52
-31
-48
-51
-51
-59
-61
-65
-60
-73
-52
-58
-63
-50
-58
-55
-58
-48
-64
-46
-27
-46
-27
-15
-21
-25
-6
-8
-12
15
10
18
31
34
37
36
50
37
47
65
58
65
68
66
61
64
62
58
66
63
61
56
55
46
38
36
21
9
5
4
-3
-6
-8
-20
-29
-30
-36
-37
-38
-44
-46
-42
-52
-55
-47
-45
-47
-52
-28
-35
-41
-19
-23
-29
-14
-7
-20
-6
2
-7
0
13
11
-5
22
17
-14
24
23
1
21
27
8
6
47
9
8
41
23
9
29
36
0
34
20
5
11
17
3
-3
14
-1
-11
-3
-7
-31
-13
-21
-26
-27
-24
-25
-33
-29
-35
-20
-32
-32
-23
-22
-21
-21
-8
-14
-6
-8
-5
4
2
4
15
18
12
21
21
14
25
26
19
24
27
28
27
36
37
31
32
30
32
27
39
38
30
29
31
25
15
26
18
4
9
6
-2
-4
-1
-14
-23
-21
-29
-35
-30
-26
-36
-35
-34
-43
-41
-37
-37
-43
-35
-38
-37
-34
-27
-36
-35
-17
-37
-28
-28
-16
-22
-25
-11
-19
-10
0
11
-4
22
19
4
25
26
39
29
28
52
43
40
52
45
43
46
39
28
57
45
36
35
34
38
0
28
25
6
16
18
-2
-6
8
-20
-14
-16
-15
-21
-30
-22
-31
-31
-36
-45
-37
-36
-48
-23
-28
-44
-26
-20
-39
-26
-9
-18
-10
-11
-7
-12
0
3
-11
4
8
2
4
16
13
12
19
14
18
22
14
21
21
16
17
27
32
24
34
25
21
30
33
26
22
26
16
11
13
9
2
-2
-11
-15
-19
-16
-10
-15
-19
-21
-29
-37
-34
-27
-26
-32
-26
-26
-20
-28
-24
-16
-29
-11
-18
-26
-7
5
-5
-7
-1
-9
7
0
9
11
12
19
-1
20
21
11
22
30
13
17
32
22
30
29
26
31
28
25
32
34
13
16
21
-2
10
7
-4
-1
11
-16
-19
15
-27
-26
9
-9
-43
-7
-4
-46
-13
-4
-41
-33
17
-24
-40
15
-9
-35
-7
-17
-16
-10
-5
-7
-15
-5
-15
-11
-4
-3
-7
8
-2
5
11
-6
28
17
1
25
16
2
18
21
9
17
27
14
12
23
17
13
24
17
5
16
5
-2
6
6
1
-4
-1
-12
-15
-9
-9
-13
-9
-6
-17
-17
-19
-15
-11
-19
-16
-9
-20
-11
-10
-13
-2
-10
-18
-7
0
-2
-5
-6
9
-5
-9
8
9
10
0
13
11
5
19
24
12
15
35
16
20
34
25
10
22
26
0
26
36
4
1
26
4
1
29
2
-8
14
-6
-20
-10
3
-11
-31
-8
-27
-34
-2
-28
-44
-10
-33
-38
-10
-32
-18
-27
-30
-17
-27
-11
-11
-22
-16
-8
-17
-4
-6
-10
-6
-15
2
1
1
8
5
5
5
15
22
20
18
15
13
20
28
29
39
31
14
29
28
31
44
37
29
23
20
21
27
26
15
6
-6
-8
3
0
-7
-13
-23
-26
-17
-15
-9
-3
-18
-28
-24
-19
-19
-15
-14
-17
-13
-25
-24
1
3
-25
-26
-4
-12
-10
-3
-4
-2
-13
-3
2
1
-5
5
21
0
-2
29
25
-5
17
34
4
19
29
0
13
29
7
-29
20
24
-16
4
12
-14
-19
22
-22
-13
34
-6
-27
6
-4
-28
-6
-3
-12
-27
-19
-19
-20
-2
-6
-18
7
-23
-22
20
-13
-15
-2
-2
-1
0
0
9
5
-15
3
15
18
20
19
14
2
11
18
21
31
22
8
18
25
19
36
36
15
24
33
21
16
26
21
0
-7
-4
-9
-12
-12
-23
-31
-37
-39
-38
-41
-47
-52
-52
-51
-40
-31
-26
-32
-39
-40
-26
-12
0
10
8
-4
3
13
21
22
34
37
17
22
30
46
42
32
48
36
24
43
59
40
37
40
38
34
30
33
25
18
5
-4
10
8
-24
-14
-7
-31
-29
-18
-34
-58
-41
-33
-51
-43
-32
-40
-51
-46
-44
-35
-23
-39
-38
-27
-44
-40
-1
-12
-36
-25
-12
-22
-19
-4
-6
-15
-20
-9
3
16
9
5
23
27
26
40
57
53
57
62
72
75
68
71
64
66
79
90
84
66
53
47
53
54
51
33
-1
-23
-26
-22
-28
-37
-61
-95
-110
-97
-90
-96
-103
-119
-127
-116
-103
-90
-84
-81
-81
-57
-23
0
8
16
26
44
81
115
121
106
101
121
141
169
185
170
150
123
123
133
135
122
87
60
42
27
16
1
-31
-65
-86
-93
-99
-126
-143
-158
-181
-169
-163
-180
-201
-212
-212
-194
-152
-142
-166
-183
-177
-156
-116
-67
-62
-82
-91
-86
-52
10
37
24
13
11
27
64
111
126
110
103
102
126
166
188
188
187
192
197
209
238
245
227
230
227
203
213
212
200
202
178
150
136
129
115
94
72
31
-12
-42
-72
-109
-151
-195
-250
-300
-332
-360
-377
-401
-435
-448
-455
-447
-430
-420
-391
-350
-304
-252
-198
-139
-77
-13
63
137
208
271
323
377
427
487
531
558
576
576
588
593
581
561
524
481
433
385
333
279
220
155
85
7
-59
-120
-174
-239
-295
-348
-405
-445
-489
-519
-550
-571
-595
-620
-619
-612
-596
-576
-555
-534
-511
-479
-434
-389
-344
-285
-218
-154
-108
-66
-15
33
84
142
186
223
251
281
314
368
409
417
448
465
472
502
522
549
582
577
564
540
505
507
511
524
511
436
358
296
256
230
186
95
-22
-139
-247
-324
-388
-468
-566
-688
-813
-882
-919
-922
-932
-972
-963
-942
-911
-844
-775
-675
-548
-416
-285
-167
-41
113
279
452
622
777
889
987
1090
1196
1350
1460
1502
1514
1492
1504
1535
1522
1479
1390
1267
1148
988
821
667
491
301
74
-166
-405
-629
-831
-1035
-1223
-1417
-1607
-1775
-1912
-1993
-2040
-2063
-2076
-2101
-2100
-2057
-1962
-1821
-1661
-1511
-1390
-1268
-1117
-923
-694
-457
-259
-120
-2
129
304
516
708
846
906
929
966
1070
1219
1355
1436
1408
1320
1259
1292
1433
1596
1631
1468
1242
1075
1089
1253
1376
1327
1056
693
437
410
533
613
491
125
-337
-684
-783
-685
-603
-714
-1058
-1502
-1823
-1893
-1724
-1495
-1419
-1547
-1784
-1949
-1890
-1596
-1200
-856
-686
-700
-729
-617
-303
178
665
969
1051
1012
1013
1200
1575
1987
2239
2246
2073
1879
1827
1965
2172
2260
2116
1766
1372
1092
992
1003
948
708
292
-184
-550
-721
-764
-815
-994
-1329
-1716
-1995
-2088
-2041
-1969
-1982
-2127
-2327
-2442
-2384
-2182
-1935
-1761
-1724
-1758
-1739
-1560
-1225
-856
-583
-479
-470
-401
-179
191
590
842
876
797
784
957
1300
1658
1826
1745
1505
1323
1381
1697
2070
2193
1933
1430
1033
1029
1377
1743
1784
1365
688
179
99
407
779
789
290
-481
-1110
-1291
-1026
-659
-600
-1018
-1741
-2351
-2511
-2213
-1749
-1484
-1614
-2021
-2391
-2428
-2047
-1443
-909
-646
-683
-821
-784
-424
215
904
1381
1517
1414
1323
1470
1918
2495
2919
2985
2726
2361
2167
2294
2632
2892
2808
2354
1730
1246
1113
1247
1376
1208
666
-51
-628
-860
-789
-670
-787
-1239
-1868
-2363
-2517
-2359
-2119
-2079
-2326
-2734
-3035
-3015
-2687
-2278
-2044
-2080
-2278
-2377
-2200
-1746
-1217
-869
-803
-905
-922
-677
-174
383
735
758
577
481
681
1192
1720
1981
1853
1471
1200
1309
1805
2344
2509
2115
1460
1029
1121
1635
2097
2110
1552
747
210
225
676
1108
1062
416
-484
-1141
-1213
-794
-359
-374
-961
-1818
-2433
-2465
-2004
-1459
-1263
-1549
-2079
-2447
-2356
-1808
-1090
-579
-458
-644
-817
-658
-89
695
1366
1682
1635
1470
1487
1833
2416
2956
3186
3034
2668
2378
2361
2601
2870
2890
2550
1974
1431
1130
1099
1157
1029
597
-34
-640
-1020
-1151
-1160
-1266
-1585
-2061
-2525
-2794
-2826
-2721
-2652
-2726
-2934
-3144
-3204
-3052
-2753
-2473
-2323
-2305
-2312
-2189
-1873
-1442
-1042
-794
-701
-633
-431
-54
418
805
976
964
934
1078
1443
1874
2136
2108
1834
1595
1630
1998
2457
2589
2237
1630
1220
1294
1748
2135
2094
1538
776
296
347
793
1148
1010
322
-556
-1129
-1120
-700
-355
-506
-1199
-2055
-2573
-2494
-1988
-1519
-1481
-1892
-2434
-2691
-2431
-1781
-1100
-722
-744
-958
-1008
-662
37
813
1350
1515
1413
1342
1541
2035
2630
3052
3130
2918
2636
2519
2661
2936
3102
2970
2533
1988
1588
1429
1427
1373
1063
487
-162
-653
-885
-944
-1051
-1360
-1847
-2341
-2658
-2728
-2654
-2621
-2753
-2995
-3205
-3249
-3092
-2833
-2612
-2523
-2532
-2520
-2379
-2077
-1681
-1321
-1086
-977
-903
-735
-405
42
483
769
839
783
786
1013
1476
1976
2240
2148
1796
1506
1570
2061
2668
2915
2518
1724
1126
1164
1784
2420
2490
1821
780
21
20
655
1293
1277
418
-794
-1631
-1640
-994
-363
-396
-1227
-2374
-3100
-2975
-2214
-1468
-1317
-1850
-2617
-3008
-2686
-1813
-905
-457
-581
-967
-1120
-720
152
1088
1664
1733
1499
1361
1614
2246
2960
3397
3385
3053
2711
2630
2860
3208
3377
3167
2620
1997
1580
1475
1550
1512
1146
464
-294
-818
-987
-957
-1015
-1360
-1949
-2540
-2878
-2880
-2701
-2601
-2744
-3066
-3339
-3372
-3148
-2801
-2527
-2451
-2513
-2539
-2390
-2037
-1587
-1215
-1024
-987
-974
-810
-442
44
466
653
624
519
560
902
1440
1884
1998
1745
1379
1282
1629
2289
2753
2621
1959
1290
1167
1675
2343
2577
2126
1206
428
289
785
1382
1431
708
-387
-1199
-1298
-804
-302
-353
-1099
-2127
-2789
-2722
-2111
-1504
-1404
-1886
-2542
-2855
-2550
-1790
-1023
-640
-725
-1008
-1069
-667
121
965
1509
1633
1497
1423
1677
2274
2965
3414
3449
3158
2842
2769
3004
3354
3515
3289
2726
2093
1671
1562
1603
1510
1088
372
-395
-928
-1119
-1118
-1214
-1599
-2223
-2827
-3139
-3094
-2882
-2779
-2945
-3296
-3548
-3507
-3176
-2748
-2470
-2433
-2517
-2505
-2263
-1832
-1391
-1089
-965
-935
-850
-630
-283
85
365
520
580
603
672
877
1199
1563
1786
1777
1604
1439
1514
1897
2411
2666
2393
1747
1258
1329
1902
2456
2446
1773
802
170
289
959
1501
1277
244
-953
-1563
-1286
-500
-1
-343
-1429
-2570
-3010
-2511
-1564
-950
-1151
-1983
-2765
-2872
-2188
-1148
-394
-300
-720
-1139
-1075
-410
554
1351
1673
1546
1287
1243
1589
2245
2916
3287
3206
2804
2407
2306
2567
2991
3230
3017
2380
1609
1085
1009
1218
1343
1048
260
-705
-1392
-1547
-1294
-1078
-1302
-1997
-2835
-3332
-3233
-2743
-2328
-2352
-2809
-3307
-3436
-3057
-2396
-1874
-1757
-1975
-2184
-2078
-1612
-1011
-555
-406
-492
-577
-466
-125
321
673
827
802
705
683
849
1195
1568
1780
1729
1478
1241
1266
1644
2172
2444
2158
1468
916
960
1546
2142
2186
1513
505
-170
-68
639
1249
1075
59
-1170
-1819
-1530
-696
-132
-439
-1535
-2698
-3128
-2590
-1584
-932
-1131
-1978
-2743
-2782
-2023
-952
-229
-177
-595
-957
-814
-113
821
1550
1818
1683
1442
1419
1777
2428
3062
3360
3206
2766
2384
2342
2667
3100
3263
2921
2195
1460
1087
1156
1401
1403
908
26
-846
-1317
-1286
-1037
-1016
-1455
-2222
-2907
-3148
-2909
-2495
-2314
-2545
-3001
-3307
-3209
-2750
-2240
-1966
-1989
-2125
-2109
-1825
-1382
-973
-727
-628
-560
-432
-216
41
293
534
741
871
890
857
923
1191
1578
1852
1793
1440
1142
1241
1775
2332
2350
1728
914
563
971
1742
2157
1726
597
-457
-658
61
991
1178
251
-1214
-2206
-2085
-1078
-149
-206
-1337
-2753
-3417
-2889
-1668
-739
-796
-1712
-2670
-2842
-2028
-770
122
214
-277
-725
-594
177
1189
1943
2192
2054
1867
1910
2256
2798
3325
3632
3612
3305
2908
2675
2739
3026
3256
3123
2539
1706
1016
778
915
1074
855
114
-880
-1667
-1935
-1724
-1443
-1543
-2152
-2990
-3566
-3559
-3086
-2580
-2459
-2812
-3313
-3533
-3240
-2588
-1984
-1743
-1874
-2083
-2048
-1677
-1118
-623
-377
-368
-436
-392
-154
218
586
831
892
794
695
760
1069
1500
1788
1727
1375
1061
1150
1682
2259
2354
1819
1042
667
1022
1795
2304
1986
905
-192
-478
212
1210
1499
623
-919
-2076
-2046
-986
82
110
-1100
-2711
-3535
-3020
-1677
-603
-632
-1677
-2825
-3097
-2217
-799
195
233
-407
-956
-792
106
1200
1889
1982
1759
1667
1915
2371
2789
3036
3156
3245
3302
3231
2994
2704
2576
2704
2910
2865
2363
1532
777
469
627
869
706
-37
-1089
-1911
-2133
-1831
-1470
-1552
-2214
-3098
-3661
-3590
-3048
-2515
-2402
-2767
-3278
-3489
-3191
-2547
-1942
-1671
-1739
-1915
-1930
-1659
-1178
-676
-323
-184
-185
-208
-129
112
479
836
1046
1065
981
952
1081
1328
1536
1596
1547
1542
1667
1810
1784
1539
1249
1166
1399
1769
1911
1536
739
32
-57
520
1216
1303
483
-838
-1799
-1749
-796
190
247
-854
-2390
-3258
-2870
-1577
-411
-280
-1239
-2477
-2953
-2240
-843
260
423
-210
-885
-875
-60
1026
1693
1686
1346
1243
1632
2260
2670
2626
2336
2230
2541
3046
3262
2899
2177
1654
1721
2248
2647
2393
1470
412
-122
79
605
792
266
-750
-1654
-1954
-1648
-1212
-1168
-1664
-2377
-2834
-2800
-2432
-2113
-2113
-2389
-2657
-2677
-2436
-2120
-1936
-1925
-1967
-1911
-1694
-1404
-1185
-1106
-1092
-1011
-812
-545
-303
-146
-68
-15
76
232
430
626
787
900
934
910
917
1044
1281
1500
1557
1420
1188
1043
1135
1435
1721
1736
1397
921
641
737
1087
1356
1241
708
59
-296
-167
240
467
208
-449
-1101
-1329
-1036
-528
-271
-515
-1101
-1555
-1520
-1024
-426
-142
-309
-697
-901
-657
-52
543
790
657
397
345
652
1176
1612
1722
1531
1280
1224
1430
1737
1921
1860
1591
1287
1117
1112
1175
1166
993
676
336
86
-38
-96
-194
-395
-670
-928
-1105
-1202
-1252
-1347
-1505
-1674
-1791
-1809
-1772
-1758
-1825
-1947
-2007
-1949
-1804
-1646
-1586
-1644
-1722
-1699
-1506
-1213
-988
-929
-978
-993
-847
-547
-228
-40
-29
-83
-14
244
589
836
874
779
732
884
1203
1514
1633
1508
1300
1234
1416
1741
1973
1931
1647
1325
1178
1284
1504
1588
1394
968
533
308
321
428
411
162
-255
-646
-845
-827
-709
-664
-784
-1028
-1251
-1325
-1220
-1008
-823
-755
-794
-840
-785
-594
-322
-74
75
119
133
208
391
634
846
942
932
890
903
1012
1164
1245
1199
1065
901
815
822
849
822
684
465
249
119
90
85
21
-143
-347
-509
-589
-611
-621
-671
-794
-947
-1058
-1095
-1083
-1056
-1063
-1121
-1204
-1276
-1278
-1221
-1156
-1097
-1065
-1047
-1036
-1011
-940
-804
-645
-514
-435
-400
-364
-277
-111
97
262
343
349
349
417
567
746
882
925
878
829
858
955
1088
1159
1135
1060
961
899
892
895
870
775
623
452
306
201
114
18
-115
-276
-425
-544
-618
-662
-701
-735
-779
-813
-815
-782
-707
-624
-549
-469
-386
-292
-187
-76
41
161
276
374
475
568
640
707
774
841
888
903
909
891
858
839
815
780
717
614
520
456
396
326
250
177
84
-22
-96
-145
-195
-258
-331
-396
-460
-512
-552
-607
-646
-679
-716
-751
-783
-796
-823
-869
-881
-860
-839
-827
-819
-801
-766
-726
-684
-624
-546
-469
-439
-414
-340
-236
-139
-69
-18
48
124
177
229
303
389
448
461
486
539
586
612
612
625
656
672
672
660
629
599
561
516
472
426
365
282
194
118
40
-36
-110
-179
-246
-307
-348
-377
-396
-407
-419
-425
-414
-382
-335
-289
-235
-169
-94
-23
44
111
168
242
312
373
441
486
526
553
562
577
590
581
561
526
500
474
414
356
312
267
214
138
68
30
-7
-58
-111
-162
-195
-228
-277
-320
-342
-353
-378
-410
-432
-455
-481
-495
-507
-522
-524
-523
-529
-540
-562
-573
-562
-539
-525
-509
-462
-394
-357
-348
-350
-341
-314
-268
-205
-126
-29
48
88
109
135
166
205
254
349
473
570
610
595
554
500
458
472
543
626
686
689
619
507
372
248
163
128
129
140
133
60
-79
-253
-421
-550
-583
-536
-444
-366
-326
-349
-428
-515
-562
-540
-435
-247
-43
128
226
241
187
133
139
235
394
593
773
857
825
703
551
429
377
412
524
671
730
676
517
289
53
-134
-214
-170
-62
39
71
-8
-180
-400
-613
-773
-789
-686
-531
-390
-339
-387
-514
-696
-851
-935
-919
-779
-606
-451
-370
-393
-483
-605
-713
-740
-693
-549
-344
-151
-6
48
11
-68
-120
-101
14
212
459
687
861
947
967
907
789
702
673
739
855
954
1022
984
833
605
322
47
-173
-307
-378
-402
-437
-539
-717
-1007
-1366
-1655
-1838
-1873
-1777
-1621
-1377
-1156
-1021
-954
-927
-877
-747
-485
-95
371
840
1247
1552
1739
1843
1915
1990
2110
2270
2455
2629
2725
2699
2542
2279
1969
1653
1370
1136
953
792
600
344
40
-302
-649
-970
-1215
-1352
-1413
-1423
-1406
-1393
-1405
-1439
-1476
-1491
-1478
-1412
-1295
-1141
-973
-813
-676
-579
-536
-530
-553
-596
-625
-634
-598
-509
-371
-221
-93
-25
-39
-125
-239
-312
-279
-118
184
573
970
1291
1414
1305
980
580
234
27
4
154
409
601
619
397
-49
-659
-1313
-1842
-2133
-2143
-1939
-1646
-1418
-1378
-1560
-1919
-2327
-2634
-2698
-2457
-1931
-1211
-421
297
813
1087
1170
1160
1183
1336
1698
2260
2945
3622
4149
4448
4459
4204
3754
3235
2783
2470
2315
2288
2313
2298
2131
1750
1180
489
-224
-841
-1275
-1480
-1507
-1429
-1316
-1252
-1301
-1466
-1708
-1949
-2120
-2151
-2012
-1737
-1384
-1037
-780
-660
-683
-811
-979
-1128
-1196
-1137
-954
-680
-383
-133
4
-3
-139
-359
-588
-753
-780
-625
-302
149
661
1133
1503
1657
1573
1289
867
445
66
-198
-302
-271
-156
-64
-86
-247
-596
-1121
-1701
-2244
-2630
-2807
-2803
-2632
-2394
-2191
-2077
-2079
-2141
-2188
-2152
-1938
-1509
-893
-126
658
1348
1872
2179
2306
2313
2304
2391
2610
2969
3432
3903
4288
4493
4436
4126
3613
2978
2339
1772
1366
1140
1031
986
939
822
614
262
-189
-647
-1096
-1439
-1643
-1696
-1581
-1393
-1178
-972
-834
-749
-747
-828
-910
-988
-1021
-1007
-958
-855
-747
-673
-622
-615
-628
-645
-687
-706
-731
-757
-786
-852
-927
-1008
-1038
-960
-755
-403
90
640
1176
1562
1731
1676
1384
934
391
-143
-542
-776
-856
-812
-725
-651
-695
-906
-1241
-1672
-2132
-2553
-2888
-3086
-3159
-3126
-2981
-2757
-2456
-2087
-1663
-1169
-614
-31
544
1060
1495
1847
2114
2322
2525
2757
3050
3407
3767
4099
4346
4435
4347
4044
3548
2936
2277
1652
1120
707
444
300
229
203
149
32
-152
-404
-667
-926
-1144
-1267
-1283
-1188
-1006
-778
-517
-289
-147
-102
-156
-273
-430
-601
-734
-813
-829
-772
-668
-537
-420
-372
-385
-481
-666
-917
-1207
-1457
-1627
-1671
-1516
-1159
-607
73
776
1456
1959
2203
2165
1832
1303
626
-89
-686
-1127
-1374
-1421
-1344
-1178
-1058
-1084
-1235
-1556
-1989
-2481
-2984
-3377
-3648
-3775
-3699
-3451
-3034
-2490
-1870
-1170
-452
248
909
1465
1912
2239
2444
2592
2708
2829
2986
3188
3451
3742
4006
4188
4228
4080
3715
3162
2461
1678
895
199
-322
-629
-721
-612
-372
-91
142
261
253
113
-148
-474
-791
-1027
-1135
-1090
-885
-557
-177
181
460
620
621
442
123
-276
-700
-1083
-1358
-1469
-1422
-1259
-1029
-801
-631
-590
-702
-942
-1254
-1555
-1737
-1717
-1437
-861
-71
893
1838
2625
3140
3252
2980
2307
1332
218
-891
-1843
-2500
-2823
-2801
-2522
-2133
-1702
-1410
-1328
-1499
-1939
-2555
-3286
-3986
-4482
-4686
-4532
-4001
-3128
-1963
-642
710
1978
3009
3724
4080
4100
3883
3505
3086
2744
2560
2605
2861
3281
3779
4202
4425
4338
3897
3119
2059
839
-376
-1421
-2157
-2489
-2398
-1926
-1182
-331
472
1089
1412
1400
1064
492
-179
-821
-1301
-1518
-1435
-1075
-522
119
730
1187
1398
1319
963
396
-306
-1032
-1681
-2164
-2435
-2505
-2370
-2109
-1773
-1432
-1139
-890
-693
-535
-363
-143
156
549
943
1341
1676
1873
1902
1691
1290
722
0
-779
-1526
-2169
-2642
-2961
-3074
-2989
-2805
-2568
-2356
-2216
-2214
-2399
-2689
-3011
-3296
-3454
-3390
-3007
-2288
-1278
-37
1333
2688
3876
4768
5322
5508
5335
4885
4274
3650
3112
2727
2550
2571
2720
2903
3011
2968
2701
2161
1381
456
-504
-1393
-2103
-2528
-2604
-2347
-1815
-1068
-225
581
1219
1616
1749
1612
1226
683
106
-424
-823
-1034
-1018
-794
-448
-56
318
586
672
540
192
-324
-960
-1650
-2292
-2813
-3150
-3267
-3141
-2770
-2170
-1417
-573
299
1094
1769
2210
2385
2301
1945
1371
624
-206
-1020
-1758
-2363
-2748
-2937
-2940
-2814
-2612
-2355
-2152
-2046
-2053
-2186
-2437
-2784
-3145
-3417
-3541
-3468
-3127
-2485
-1547
-381
929
2290
3571
4657
5445
5898
6010
5784
5283
4605
3883
3225
2694
2355
2232
2277
2411
2548
2607
2510
2175
1591
817
-63
-953
-1744
-2312
-2559
-2469
-2063
-1378
-506
417
1255
1895
2283
2369
2138
1656
1017
314
-355
-901
-1239
-1344
-1255
-1016
-680
-333
-72
28
-64
-336
-787
-1379
-2016
-2630
-3119
-3432
-3496
-3254
-2724
-1945
-983
89
1159
2113
2806
3187
3219
2869
2172
1184
34
-1167
-2324
-3314
-4030
-4443
-4557
-4393
-3993
-3418
-2819
-2284
-1889
-1709
-1782
-2098
-2566
-3075
-3526
-3793
-3733
-3260
-2360
-1075
518
2278
4018
5550
6730
7463
7683
7394
6672
5657
4516
3386
2402
1684
1276
1167
1290
1563
1884
2118
2154
1961
1531
889
112
-710
-1441
-1981
-2258
-2222
-1870
-1245
-428
466
1329
2055
2536
2716
2578
2149
1493
699
-119
-856
-1423
-1770
-1875
-1748
-1448
-1060
-690
-427
-336
-463
-807
-1326
-1934
-2528
-3003
-3242
-3153
-2714
-1916
-842
402
1662
2759
3574
3980
3893
3301
2251
850
-752
-2397
-3896
-5092
-5899
-6261
-6184
-5692
-4907
-3991
-3065
-2270
-1718
-1498
-1607
-1972
-2506
-3096
-3573
-3772
-3581
-2947
-1863
-365
1417
3309
5125
6697
7871
8521
8597
8124
7204
5950
4512
3084
1827
859
230
-40
30
339
760
1174
1475
1592
1465
1099
553
-96
-757
-1329
-1710
-1826
-1660
-1231
-582
218
1059
1823
2425
2783
2851
2619
2112
1394
558
-297
-1069
-1684
-2084
-2236
-2171
-1939
-1611
-1266
-980
-813
-803
-920
-1127
-1365
-1532
-1567
-1386
-956
-314
511
1391
2238
2937
3343
3387
3023
2245
1120
-271
-1790
-3272
-4607
-5680
-6408
-6734
-6654
-6254
-5609
-4804
-3982
-3258
-2712
-2376
-2250
-2322
-2523
-2720
-2804
-2678
-2264
-1516
-422
946
2478
4068
5570
6833
7721
8135
8072
7553
6617
5387
4010
2627
1371
343
-368
-730
-775
-568
-189
269
706
1033
1198
1184
1000
677
271
-129
-451
-640
-657
-474
-108
395
973
1545
2037
2370
2485
2358
1992
1419
709
-65
-819
-1469
-1964
-2263
-2365
-2291
-2076
-1788
-1474
-1186
-950
-772
-634
-493
-311
-24
359
840
1389
1941
2458
2802
2901
2709
2166
1306
179
-1132
-2490
-3796
-4944
-5812
-6353
-6519
-6355
-5953
-5353
-4693
-4087
-3599
-3283
-3127
-3126
-3223
-3294
-3235
-2972
-2443
-1640
-557
743
2148
3572
4893
5999
6806
7236
7297
7008
6380
5501
4452
3331
2249
1263
456
-123
-472
-584
-498
-255
87
447
768
995
1093
1060
897
636
338
54
-160
-252
-193
28
391
847
1342
1800
2150
2329
2288
2021
1553
917
178
-584
-1286
-1859
-2266
-2481
-2498
-2346
-2059
-1696
-1282
-851
-421
-13
393
810
1214
1615
1966
2272
2485
2525
2380
2020
1429
635
-336
-1414
-2505
-3562
-4498
-5235
-5734
-5955
-5952
-5746
-5374
-4930
-4485
-4094
-3782
-3571
-3469
-3425
-3353
-3192
-2876
-2356
-1606
-608
577
1887
3241
4506
5596
6399
6853
6958
6691
6100
5263
4252
3198
2185
1291
592
97
-166
-211
-88
162
475
792
1061
1227
1284
1227
1048
786
485
190
-42
-187
-214
-108
115
429
786
1145
1455
1654
1712
1613
1363
969
457
-128
-725
-1290
-1772
-2134
-2351
-2397
-2283
-2010
-1602
-1052
-417
251
947
1601
2178
2607
2866
2958
2821
2464
1901
1144
260
-714
-1731
-2688
-3557
-4293
-4839
-5184
-5289
-5220
-5023
-4700
-4351
-4038
-3788
-3632
-3561
-3576
-3627
-3624
-3514
-3223
-2717
-1995
-1038
86
1314
2573
3745
4761
5515
5956
6095
5914
5441
4743
3895
2991
2113
1335
728
307
104
107
272
562
917
1270
1557
1737
1798
1724
1524
1236
893
553
264
56
-49
-23
124
358
646
959
1245
1442
1520
1469
1280
937
468
-79
-662
-1228
-1736
-2131
-2373
-2443
-2342
-2078
-1643
-1058
-393
325
1070
1767
2363
2786
3057
3120
2906
2458
1775
901
-106
-1215
-2305
-3288
-4144
-4798
-5205
-5352
-5260
-5029
-4677
-4251
-3878
-3603
-3448
-3400
-3448
-3581
-3692
-3683
-3505
-3112
-2491
-1612
-508
713
1981
3209
4308
5171
5704
5922
5830
5410
4724
3867
2938
2019
1177
500
46
-176
-179
8
352
786
1222
1596
1870
2012
1987
1806
1507
1144
748
380
103
-43
-43
101
370
725
1109
1460
1719
1845
1808
1591
1203
688
90
-543
-1148
-1668
-2059
-2291
-2345
-2208
-1901
-1441
-854
-175
567
1308
2000
2576
2994
3233
3224
2961
2447
1692
767
-288
-1404
-2469
-3428
-4224
-4795
-5125
-5184
-5037
-4762
-4378
-3979
-3645
-3430
-3355
-3402
-3563
-3797
-4001
-4077
-3959
-3608
-2993
-2084
-938
348
1694
2992
4147
5024
5548
5733
5558
5050
4280
3346
2371
1442
633
37
-298
-374
-221
114
599
1141
1648
2063
2339
2447
2359
2096
1717
1269
806
393
91
-55
-43
119
417
804
1222
1596
1879
2025
1993
1768
1365
817
168
-525
-1198
-1769
-2190
-2419
-2415
-2175
-1702
-1047
-247
639
1513
2295
2912
3330
3485
3342
2928
2260
1389
386
-696
-1736
-2669
-3467
-4053
-4403
-4509
-4401
-4157
-3795
-3395
-3066
-2845
-2771
-2859
-3102
-3473
-3880
-4231
-4448
-4459
-4201
-3624
-2748
-1639
-347
1021
2348
3504
4390
4956
5145
4955
4436
3660
2733
1761
848
107
-388
-614
-556
-242
275
901
1544
2130
2568
2809
2821
2603
2197
1648
1037
447
-43
-374
-513
-440
-154
292
836
1401
1904
2273
2439
2370
2062
1527
817
10
-812
-1548
-2117
-2448
-2492
-2229
-1689
-918
13
995
1926
2699
3246
3503
3421
3026
2350
1450
428
-639
-1651
-2514
-3187
-3617
-3782
-3699
-3403
-2980
-2487
-1986
-1579
-1318
-1233
-1341
-1626
-2061
-2572
-3073
-3485
-3740
-3782
-3562
-3082
-2366
-1466
-454
584
1542
2333
2895
3184
3181
2902
2393
1730
995
281
-319
-746
-957
-932
-683
-251
302
911
1498
1991
2335
2503
2489
2301
1971
1551
1098
665
304
58
-45
2
177
461
825
1216
1570
1838
1986
1973
1780
1414
906
303
-337
-940
-1431
-1734
-1803
-1621
-1188
-520
298
1161
1983
2676
3137
3278
3072
2530
1685
604
-611
-1819
-2906
-3780
-4349
-4551
-4372
-3872
-3134
-2236
-1301
-479
132
478
525
272
-233
-883
-1555
-2153
-2579
-2742
-2598
-2155
-1475
-623
315
1212
1954
2447
2662
2578
2187
1564
801
-10
-775
-1399
-1803
-1944
-1829
-1482
-941
-284
401
1032
1547
1900
2054
2003
1783
1439
1023
581
190
-102
-271
-297
-175
77
413
785
1158
1479
1699
1790
1735
1539
1220
811
366
-58
-408
-635
-707
-593
-302
126
652
1199
1701
2083
2276
2252
1969
1439
714
-162
-1100
-2020
-2839
-3476
-3889
-4042
-3926
-3580
-3049
-2403
-1719
-1070
-530
-141
84
142
67
-102
-294
-436
-487
-409
-179
198
689
1227
1754
2212
2524
2647
2547
2237
1737
1078
336
-408
-1082
-1620
-1994
-2157
-2098
-1848
-1445
-943
-404
111
533
836
1010
1043
941
741
484
213
-31
-214
-305
-293
-184
6
258
541
820
1043
1195
1254
1201
1034
773
460
130
-170
-380
-456
-382
-141
261
789
1373
1944
2429
2752
2851
2679
2223
1511
583
-497
-1624
-2693
-3616
-4325
-4760
-4871
-4679
-4230
-3577
-2798
-1992
-1257
-667
-255
-39
-24
-162
-376
-583
-711
-696
-481
-52
573
1341
2184
3021
3741
4259
4498
4431
4053
3375
2474
1440
360
-653
-1505
-2126
-2465
-2517
-2293
-1848
-1258
-591
53
591
975
1158
1137
934
578
136
-331
-752
-1069
-1240
-1236
-1057
-736
-310
166
630
1013
1263
1350
1259
999
604
134
-341
-749
-1025
-1115
-982
-624
-70
618
1369
2093
2692
3090
3228
3068
2607
1867
913
-159
-1270
-2318
-3217
-3895
-4300
-4428
-4296
-3942
-3437
-2858
-2280
-1770
-1366
-1098
-964
-936
-968
-1009
-998
-888
-649
-266
257
888
1584
2279
2919
3441
3788
3942
3883
3618
3177
2587
1918
1230
567
-18
-485
-811
-988
-1044
-986
-840
-654
-459
-284
-147
-61
-39
-67
-123
-192
-258
-306
-315
-269
-179
-60
78
223
347
423
442
408
315
160
-38
-233
-395
-495
-513
-422
-203
120
519
966
1411
1798
2069
2192
2148
1923
1526
988
357
-312
-970
-1564
-2043
-2387
-2589
-2658
-2615
-2489
-2332
-2183
-2077
-2038
-2062
-2149
-2272
-2389
-2459
-2443
-2292
-1987
-1528
-926
-219
547
1311
2019
2617
3053
3306
3369
3259
3007
2647
2226
1795
1399
1061
805
645
576
569
605
657
691
680
601
451
234
-36
-336
-639
-903
-1096
-1201
-1199
-1080
-855
-547
-191
176
519
787
945
980
889
678
372
9
-358
-677
-905
-1006
-956
-742
-379
87
623
1164
1643
2000
2189
2186
1981
1580
1016
344
-359
-1044
-1650
-2118
-2416
-2539
-2497
-2319
-2036
-1700
-1381
-1118
-948
-887
-948
-1114
-1343
-1600
-1840
-2007
-2053
-1946
-1679
-1258
-705
-62
619
1275
1855
2310
2601
2715
2651
2429
2091
1681
1254
860
538
328
239
267
400
605
841
1071
1249
1347
1342
1221
991
669
288
-116
-509
-848
-1102
-1251
-1285
-1213
-1047
-820
-564
-313
-100
53
130
129
66
-42
-168
-279
-349
-353
-273
-111
126
425
755
1083
1376
1586
1703
1710
1586
1345
993
564
97
-382
-834
-1227
-1532
-1754
-1882
-1917
-1884
-1779
-1648
-1511
-1376
-1262
-1174
-1113
-1084
-1066
-1053
-1023
-948
-838
-680
-469
-215
74
371
664
930
1154
1307
1382
1395
1340
1227
1069
886
711
556
432
357
330
349
408
496
602
704
779
828
840
810
733
613
473
321
161
10
-118
-220
-304
-375
-433
-483
-537
-601
-669
-737
-796
-829
-831
-789
-694
-545
-342
-101
156
410
648
838
959
1034
1035
975
852
670
480
290
107
-55
-186
-287
-368
-434
-494
-553
-614
-712
-829
-956
-1076
-1159
-1240
-1285
-1272
-1199
-1031
-821
-580
-298
-5
278
523
738
892
988
1014
950
860
741
600
457
316
208
139
100
95
113
144
184
213
226
216
177
128
65
4
-50
-78
-83
-67
-29
29
98
163
224
268
286
276
227
166
85
-7
-109
-201
-274
-341
-386
-415
-420
-407
-382
-346
-304
-254
-202
-155
-107
-53
1
53
106
161
214
256
284
300
304
289
250
195
128
50
-34
-120
-197
-262
-321
-370
-402
-416
-409
-388
-348
-290
-221
-141
-53
40
132
219
300
370
428
476
507
530
532
514
484
439
384
316
238
161
86
15
-51
-102
-141
-167
-182
-184
-175
-164
-152
-142
-134
-132
-138
-151
-168
-183
-194
-195
-181
-161
-128
-87
-40
10
55
83
94
82
42
-22
-109
-208
-317
-416
-498
-558
-580
-574
-519
-422
-307
-165
-16
130
257
360
428
459
458
412
339
260
176
94
26
-16
-33
-23
4
45
94
146
192
222
241
236
217
188
152
121
91
75
75
94
128
176
226
277
322
350
362
344
304
251
176
93
10
-70
-141
-194
-234
-250
-247
-236
-214
-193
-175
-160
-157
-174
-202
-240
-278
-308
-341
-359
-364
-346
-303
-253
-193
-127
-63
-11
26
47
49
38
11
-27
-66
-102
-131
-146
-147
-132
-107
-67
-15
34
83
128
162
182
186
178
161
137
103
68
39
22
11
14
30
58
88
118
149
177
198
211
214
211
200
182
162
148
137
128
129
140
159
177
196
215
225
227
217
200
175
140
102
61
23
-12
-41
-62
-75
-84
-88
-91
-91
-93
-101
-116
-135
-166
-203
-240
-279
-316
-353
-380
-398
-402
-396
-375
-343
-305
-260
-215
-173
-136
-106
-86
-73
-69
-72
-78
-82
-80
-75
-60
-40
-13
18
54
91
124
150
169
172
166
145
117
85
54
25
5
-2
1
16
44
81
123
168
210
252
286
305
318
321
311
295
274
256
238
224
217
216
216
221
225
221
218
206
189
159
123
83
45
7
-27
-54
-71
-80
-81
-76
-67
-60
-60
-66
-81
-109
-146
-191
-244
-301
-357
-406
-446
-472
-480
-474
-459
-430
-394
-353
-310
-268
-227
-193
-162
-135
-112
-93
-72
-51
-30
-5
22
47
72
95
113
126
133
133
126
110
89
65
41
22
4
-10
-19
-21
-17
-4
17
40
66
94
124
155
185
212
236
256
268
274
280
284
283
277
264
249
235
219
203
183
164
147
125
108
91
74
55
39
24
12
0
-9
-12
-20
-30
-43
-59
-76
-96
-118
-140
-163
-187
-214
-239
-257
-270
-281
-290
-293
-292
-281
-263
-245
-221
-196
-171
-141
-112
-85
-58
-31
-4
19
39
54
64
72
74
72
66
58
48
35
21
8
-5
-18
-28
-34
-37
-36
-33
-29
-22
-13
-6
7
22
38
54
68
84
101
116
129
145
157
165
165
163
160
155
143
129
111
93
77
63
51
39
30
25
24
23
20
17
18
17
13
8
3
-3
-13
-23
-35
-42
-52
-62
-72
-84
-93
-100
-110
-112
-117
-121
-120
-120
-116
-109
-101
-87
-73
-57
-40
-23
-6
8
23
36
48
54
57
60
60
59
53
47
38
30
21
14
5
-5
-9
-18
-25
-32
-37
-39
-43
-44
-44
-41
-36
-31
-23
-12
-3
6
18
29
40
48
53
56
58
59
55
50
43
39
34
29
23
19
17
14
11
8
4
5
3
2
1
-2
-1
-5
-7
-9
-13
-16
-20
-23
-25
-25
-25
-22
-21
-20
-19
-18
-16
-17
-17
-16
-13
-13
-14
-12
-7
-1
6
10
17
23
27
29
31
32
30
26
22
19
16
11
8
5
1
-2
-3
-2
-5
-8
-11
-12
-13
-13
-16
-17
-18
-19
-19
-18
-17
-18
-21
-21
-17
-12
-5
0
2
6
9
8
9
9
8
6
3
3
2
2
3
3
1
0
1
2
3
4
6
7
6
5
0
-7
-11
-13
-17
-18
-19
-19
-18
-15
-9
-4
-2
1
4
5
6
8
12
16
19
21
21
22
24
26
26
27
29
29
31
34
33
30
26
22
17
10
4
1
-5
-8
-11
-12
-17
-18
-18
-19
-19
-20
-23
-23
-21
-21
-20
-18
-17
-17
-20
-20
-20
