15
20
28
21
22
32
24
17
20
16
6
4
7
0
-5
-5
-6
-13
-12
-14
-21
-23
-26
-24
-27
-26
-28
-30
-29
-29
-26
-20
-17
-22
-20
-14
-10
-8
-9
-8
-7
-4
-9
5
6
7
15
5
7
9
17
20
20
18
23
25
13
19
29
12
15
27
22
24
25
24
23
16
10
13
18
10
5
12
-3
4
-1
-10
-10
-13
-11
-19
-4
-21
-22
-15
-25
-21
-28
-20
-22
-26
-19
-24
-19
-15
-25
-17
-23
-17
-9
-11
-13
-13
-1
-11
-8
-1
3
-1
-6
6
12
1
9
9
12
13
7
28
27
16
21
33
24
17
27
28
24
18
25
27
23
22
24
21
11
13
14
16
11
7
5
-1
-4
-9
-16
-16
-28
-36
-29
-33
-37
-35
-32
-38
-45
-38
-36
-37
-32
-29
-21
-34
-25
-20
-25
-13
-10
-4
-3
2
14
12
8
11
23
31
10
28
47
12
19
45
32
20
32
45
30
37
33
32
39
15
18
32
34
27
35
45
26
-1
57
13
-19
9
-26
-2
-12
-38
-25
-38
-87
-130
-80
-55
-145
-104
-110
-131
-118
-209
-91
-105
-261
-174
-94
-120
-232
-160
-128
-137
-175
-266
-54
-40
-271
-153
37
-145
-156
-65
42
-4
-110
146
108
35
137
95
221
241
209
344
357
276
259
413
366
294
507
447
381
456
465
519
378
308
310
284
312
311
350
245
9
-44
-93
-168
-134
-276
-258
-202
-466
-427
-365
-570
-679
-620
-415
-591
-532
-276
-437
-554
-642
-297
-332
-475
-179
-35
-86
-353
21
31
-230
-45
117
213
-53
296
408
78
147
220
403
175
263
625
451
239
341
469
401
141
433
488
240
431
329
263
204
381
-48
197
393
-123
87
300
-31
-590
369
-163
-347
9
-448
13
-445
-507
-309
-285
-479
-498
-269
-257
-685
-488
-144
-604
-327
-493
-145
-397
-402
109
-730
-114
-89
-382
-2
-176
-18
10
103
-72
19
519
-206
53
843
128
136
791
468
430
445
408
631
538
457
562
811
544
432
572
416
292
275
355
396
320
149
187
-27
-269
-275
-266
-312
-505
-244
-345
-745
-559
-539
-912
-865
-569
-614
-626
-505
-448
-504
-528
-521
-507
-231
-157
-228
-10
226
-50
-158
325
55
47
350
352
422
319
463
342
328
469
376
536
527
565
483
437
591
365
542
281
424
761
136
276
597
192
-87
215
374
40
-175
181
242
-354
-429
-49
-97
-361
-434
-513
-15
-425
-938
-323
-186
-676
-856
-212
-370
-684
-768
-456
95
-734
-1041
-46
93
-853
-917
206
-81
-968
-344
216
-74
-571
-106
402
-121
-295
186
592
248
144
729
888
589
240
608
1029
517
542
1031
1001
699
560
985
1056
308
316
879
465
221
626
644
133
-334
-217
-154
-454
-541
-389
-489
-779
-785
-560
-606
-1023
-1073
-623
-727
-958
-546
-329
-578
-707
-452
-199
-223
-292
-7
108
-62
107
283
405
117
90
480
386
336
230
449
591
297
407
516
526
492
516
420
403
703
398
289
491
266
252
412
415
156
55
223
238
-183
-253
28
38
-254
-621
-42
-145
-870
-589
-322
-713
-850
-405
-464
-664
-639
-931
-696
-260
-945
-796
-232
-288
-476
-852
-287
-187
-402
-382
-111
275
-301
-47
301
-142
29
214
367
361
257
612
508
545
753
678
830
836
952
844
645
906
879
763
858
860
850
825
841
650
409
394
470
336
246
422
-11
-404
-447
-609
-751
-790
-784
-876
-961
-1115
-1159
-1259
-1344
-1188
-1136
-1042
-897
-855
-744
-845
-717
-410
-384
29
246
153
175
257
402
387
482
758
770
562
689
774
662
596
580
860
770
433
546
764
631
280
414
514
254
284
150
252
264
-57
61
66
5
-274
-112
-33
-434
-308
-315
-455
-388
-378
-266
-305
-348
-261
-661
-545
-321
-422
-569
-323
-175
-717
-506
43
-63
-659
-541
-29
-207
-612
-212
225
-200
-389
-7
362
-104
-234
216
71
111
244
334
459
162
82
447
903
1059
580
292
371
282
159
571
1129
765
252
490
711
270
9
374
390
-57
162
571
312
-237
-648
-774
-898
-805
-538
-531
-820
-1235
-1320
-1002
-1093
-1297
-960
-882
-1001
-816
-455
-140
-361
-380
149
375
552
841
860
808
770
771
1244
1510
1245
1181
1169
1077
1240
1303
1255
1199
758
640
728
515
379
378
159
-75
-214
-131
-31
-579
-616
-322
-471
-641
-612
-682
-1085
-1129
-835
-715
-924
-995
-824
-1062
-1171
-823
-695
-699
-754
-637
-648
-483
-690
-755
-202
-603
-385
-162
-111
-242
-612
129
168
26
115
162
463
57
-28
509
615
174
114
802
713
219
441
784
781
744
1131
1492
1380
1022
569
603
818
690
958
1265
984
554
516
637
597
365
317
553
257
52
256
149
-348
-929
-1023
-1048
-1166
-1114
-1110
-1282
-1732
-1944
-1660
-1600
-1788
-1628
-1274
-1304
-1349
-931
-727
-863
-652
-16
359
473
675
770
807
964
1197
1447
1701
1675
1415
1523
1784
1730
1605
1542
1520
1302
1013
1106
1090
709
456
255
207
21
-471
-610
-752
-943
-750
-631
-752
-1172
-1523
-1557
-1491
-1000
-755
-982
-1078
-1255
-1268
-901
-712
-790
-731
-373
-605
-460
-56
-544
-649
-292
0
329
459
11
-387
-47
304
370
499
582
174
-241
128
762
917
238
88
739
595
209
685
1209
874
739
1508
1734
881
123
295
800
1039
1197
1148
767
163
-271
194
852
523
-290
-610
-344
-255
-215
-150
-605
-1535
-2220
-1697
-1037
-1131
-1407
-1678
-1830
-1879
-1657
-1289
-1169
-1453
-1483
-1004
-680
-526
-545
-301
107
402
926
1238
1063
759
1052
1772
2309
2487
2213
1859
1546
1678
2258
2584
2478
1956
1465
1300
1347
1506
1458
1206
794
296
-18
-270
-451
-631
-767
-709
-875
-1358
-1909
-2150
-2116
-1963
-1662
-1610
-1864
-2357
-2633
-2305
-1745
-1359
-1173
-1168
-1601
-1799
-1362
-605
-4
-19
-237
-422
-466
-287
122
507
553
422
388
445
364
316
458
663
710
705
792
626
350
443
661
787
942
914
1106
1693
1885
1493
798
438
881
1486
1813
1848
1273
651
514
583
1050
1217
524
-113
-205
95
473
495
-70
-1033
-1966
-2195
-1565
-977
-1146
-1856
-2308
-2295
-2214
-2021
-1623
-1381
-1544
-1683
-1484
-1302
-1259
-1055
-464
279
617
518
297
247
667
1364
2032
2396
1956
1159
1060
1625
2248
2670
2680
2256
1673
1322
1504
1936
2143
1954
1399
762
299
-39
-159
-61
-111
-328
-580
-1051
-1720
-2070
-1889
-1544
-1466
-1684
-2078
-2545
-2666
-2389
-2031
-1817
-1879
-2089
-2160
-1927
-1618
-1160
-744
-720
-752
-636
-331
-82
128
505
808
890
753
752
842
779
956
1380
1463
1236
1040
768
741
983
1141
1239
1186
1122
1300
1729
1913
1227
437
674
1376
1555
1288
904
482
270
512
987
1129
516
-465
-863
-408
214
330
-121
-936
-1925
-2537
-2105
-1241
-1127
-1752
-2387
-2609
-2532
-2287
-1885
-1459
-1299
-1473
-1628
-1580
-1338
-1003
-421
490
1000
701
262
337
917
1760
2510
2764
2342
1537
1149
1642
2620
3213
2953
2296
1756
1444
1451
1823
2186
1998
1452
1048
700
205
-138
-41
194
30
-515
-1035
-1504
-1823
-1706
-1345
-1263
-1740
-2433
-2821
-2769
-2437
-2118
-1986
-2045
-2300
-2546
-2310
-1742
-1458
-1445
-1350
-1200
-1116
-912
-505
-115
100
258
460
511
507
671
954
1299
1483
1363
1222
1231
1188
1132
1311
1517
1380
1270
1793
2446
2138
1005
361
854
1675
1792
1285
762
416
298
602
1164
1135
43
-1031
-880
-17
454
363
-108
-1136
-2434
-2786
-1766
-723
-864
-1837
-2589
-2637
-2447
-2246
-1638
-956
-1061
-1703
-1871
-1399
-904
-420
412
1057
796
147
173
1067
2116
2670
2696
2363
1775
1412
1830
2806
3387
3018
2233
1774
1711
1794
2038
2281
2014
1211
563
460
462
316
194
39
-385
-979
-1333
-1389
-1428
-1611
-1861
-2055
-2277
-2622
-2842
-2748
-2675
-2760
-2753
-2684
-2710
-2715
-2449
-2060
-1927
-1968
-1835
-1544
-1261
-988
-655
-264
-79
-93
177
652
857
910
1083
1237
1315
1464
1780
2034
1880
1657
1758
1970
2141
2476
2890
2824
1859
845
1173
2239
2527
1860
1037
673
624
709
1147
1447
607
-780
-1244
-626
48
-40
-540
-1109
-2073
-2913
-2563
-1493
-1193
-1976
-2753
-2720
-2518
-2597
-2178
-1305
-1083
-1721
-2225
-1944
-1224
-516
270
944
775
25
-71
904
2102
2634
2522
2191
1775
1504
1984
3048
3589
3157
2411
2010
1891
1908
2223
2552
2253
1482
940
739
583
446
444
348
-188
-907
-1282
-1315
-1365
-1595
-1827
-1985
-2323
-2813
-2934
-2625
-2494
-2714
-2828
-2670
-2585
-2586
-2361
-2107
-2108
-2114
-1900
-1576
-1271
-991
-725
-561
-550
-464
-91
436
781
867
968
1098
1085
1212
1700
2073
1977
1755
1747
1844
1930
2289
2919
3001
2048
969
1038
2086
2619
1985
1159
844
664
613
1073
1449
752
-595
-1161
-676
-200
-278
-527
-924
-1856
-2888
-2878
-1796
-1200
-1910
-2757
-2804
-2694
-2807
-2428
-1498
-1102
-1648
-2114
-1753
-1043
-473
136
762
866
378
212
1014
2096
2547
2555
2604
2492
2154
2220
2915
3456
3252
2731
2451
2340
2195
2144
2271
2273
1819
1126
716
617
525
439
326
-166
-984
-1447
-1297
-1140
-1429
-1893
-2254
-2596
-2841
-2737
-2467
-2544
-3020
-3356
-3217
-2846
-2532
-2302
-2261
-2497
-2698
-2446
-1828
-1325
-1083
-910
-807
-863
-831
-373
301
677
687
671
751
876
1192
1728
2070
1944
1706
1793
2161
2593
2992
3028
2395
1681
1776
2490
2772
2238
1559
1324
1375
1411
1427
1288
718
-67
-363
23
319
-72
-735
-1263
-1886
-2522
-2515
-1891
-1636
-2247
-2999
-3182
-3028
-2840
-2442
-1927
-1816
-2206
-2388
-1780
-906
-466
-255
75
308
392
810
1696
2369
2400
2318
2526
2692
2720
2966
3409
3531
3149
2787
2853
2930
2668
2451
2444
2208
1655
1240
1114
862
359
41
-64
-449
-1096
-1483
-1494
-1555
-1957
-2397
-2596
-2849
-3205
-3165
-2790
-2739
-3133
-3439
-3309
-3025
-2829
-2523
-2220
-2282
-2462
-2325
-1898
-1424
-1084
-833
-587
-517
-509
-150
377
655
735
845
1072
1156
1091
1449
2037
2157
2103
2305
2625
2752
2353
1890
2047
2523
2808
2642
2058
1661
1610
1687
1994
2028
1407
728
331
270
468
423
16
-656
-1607
-2264
-2241
-1863
-1596
-2025
-2909
-3317
-3212
-2934
-2474
-2121
-2146
-2538
-2956
-2677
-1769
-986
-542
-381
-376
-276
48
828
1828
2282
2164
2048
2183
2542
2969
3403
3728
3596
3119
2811
2886
3169
3318
3145
2696
2107
1563
1361
1495
1527
1080
310
-375
-766
-858
-909
-1118
-1547
-2138
-2592
-2795
-2842
-2838
-3013
-3334
-3515
-3539
-3472
-3275
-3096
-2962
-2879
-2882
-2727
-2476
-2198
-1839
-1577
-1405
-1139
-879
-609
-250
-22
213
413
513
799
1152
1499
1902
1969
1835
1985
2348
2840
3025
2551
2130
2249
2594
2913
2704
2183
2035
1930
1826
1927
1758
1347
979
574
457
431
116
-163
-626
-1354
-1843
-2083
-2097
-2009
-2363
-2806
-2913
-3049
-3042
-2750
-2509
-2437
-2593
-2639
-2193
-1717
-1372
-913
-519
-223
46
401
1054
1593
1756
2012
2455
2790
2868
2892
3228
3588
3603
3560
3586
3499
3274
3034
2988
2975
2644
2187
1784
1357
968
616
369
129
-413
-1008
-1370
-1680
-1934
-2162
-2472
-2836
-3291
-3518
-3387
-3384
-3601
-3776
-3782
-3552
-3360
-3304
-3133
-2960
-2841
-2627
-2301
-1851
-1483
-1305
-1058
-788
-590
-311
31
413
721
826
1031
1408
1646
1798
2023
2399
2901
3045
2624
2131
2070
2595
3214
3169
2548
1951
1668
1838
2255
2403
2086
1367
622
419
604
703
594
64
-917
-1921
-2375
-1975
-1441
-1676
-2399
-3031
-3417
-3433
-3031
-2326
-1888
-2266
-2899
-2920
-2308
-1479
-788
-369
-268
-468
-433
324
1340
1954
2140
2187
2248
2326
2608
3242
3779
3768
3461
3290
3314
3366
3350
3303
3161
2802
2330
1972
1724
1433
1113
801
355
-231
-707
-948
-1166
-1589
-2130
-2569
-2869
-3055
-3117
-3202
-3438
-3748
-3947
-3840
-3567
-3440
-3393
-3341
-3317
-3163
-2793
-2306
-1880
-1734
-1708
-1496
-1155
-722
-171
224
334
388
551
964
1510
1789
1922
2181
2456
2803
3013
2662
2265
2380
2801
3160
2905
2156
1828
1873
1977
2266
2232
1639
916
333
341
698
522
43
-536
-1518
-2303
-2393
-1959
-1517
-1939
-2863
-3281
-3389
-3262
-2688
-2086
-1852
-2248
-2837
-2585
-1709
-927
-247
122
45
-160
-17
924
2123
2571
2442
2314
2315
2597
3148
3748
4050
3713
3191
3146
3340
3426
3440
3331
2984
2370
1792
1661
1678
1389
938
439
-147
-672
-967
-1029
-1250
-1933
-2626
-2941
-3080
-3190
-3249
-3304
-3545
-4020
-4263
-3968
-3535
-3350
-3318
-3245
-3108
-2946
-2615
-2078
-1655
-1510
-1448
-1267
-969
-610
-115
397
579
499
554
964
1625
2063
2146
2219
2418
2805
3153
2978
2558
2445
2689
3052
3010
2512
2135
1910
1804
2010
2113
1732
983
225
43
250
156
-205
-798
-1738
-2571
-2837
-2524
-2148
-2449
-3154
-3530
-3662
-3645
-3276
-2684
-2239
-2300
-2640
-2542
-1969
-1247
-382
363
597
419
399
1079
2164
2907
3181
3203
3051
2940
3248
4035
4706
4603
3944
3490
3529
3737
3794
3643
3209
2496
1826
1531
1556
1458
972
307
-361
-942
-1252
-1316
-1424
-1901
-2701
-3310
-3525
-3598
-3643
-3712
-3863
-4124
-4428
-4414
-4034
-3693
-3526
-3433
-3309
-3084
-2823
-2425
-1844
-1407
-1214
-1092
-897
-496
2
415
708
789
809
1096
1636
2196
2485
2385
2311
2637
3183
3463
3124
2580
2512
2833
3084
3003
2624
2183
1783
1613
1850
2004
1546
704
79
-63
-54
-250
-570
-1104
-2041
-2933
-3140
-2776
-2563
-2881
-3299
-3429
-3566
-3756
-3542
-2885
-2329
-2264
-2417
-2287
-1891
-1367
-539
414
922
833
659
1044
1933
2760
3336
3620
3482
3166
3141
3646
4375
4693
4473
4039
3581
3322
3389
3552
3471
2920
2101
1493
1172
962
752
394
-103
-611
-1063
-1418
-1770
-2170
-2480
-2713
-3023
-3362
-3636
-3840
-4013
-4152
-4138
-4001
-3980
-4060
-3973
-3651
-3265
-2969
-2709
-2362
-2025
-1769
-1450
-1053
-703
-432
-170
183
514
695
884
1162
1427
1704
2012
2273
2411
2507
2888
3463
3513
2876
2270
2304
2791
3045
2852
2549
2165
1665
1454
1690
1905
1511
631
15
-111
-131
-221
-410
-966
-2000
-2968
-3131
-2661
-2445
-2773
-3196
-3452
-3687
-3825
-3490
-2783
-2371
-2468
-2533
-2197
-1699
-1263
-673
171
856
1053
1044
1253
1723
2328
3037
3690
3874
3484
3066
3210
3835
4367
4500
4272
3768
3142
2728
2779
3044
2996
2461
1706
1031
570
375
390
342
-53
-765
-1491
-2012
-2297
-2382
-2385
-2546
-3017
-3623
-3998
-4007
-3814
-3614
-3500
-3525
-3672
-3783
-3637
-3197
-2673
-2279
-2096
-2047
-1987
-1758
-1295
-729
-304
-151
-161
-111
157
646
1168
1517
1657
1681
1713
1829
2126
2643
3127
3158
2674
2155
2095
2450
2821
2917
2704
2257
1760
1545
1719
1911
1675
1019
370
23
-82
-103
-213
-674
-1532
-2362
-2637
-2383
-2181
-2377
-2774
-3122
-3367
-3398
-3065
-2542
-2248
-2278
-2270
-1996
-1639
-1280
-753
-55
505
726
839
1108
1471
1876
2420
3032
3356
3182
2855
2864
3206
3591
3823
3755
3336
2744
2353
2405
2614
2545
2140
1542
933
495
303
307
267
-73
-629
-1187
-1633
-1851
-1872
-1881
-2030
-2365
-2693
-2809
-2817
-2825
-2796
-2780
-2721
-2565
-2477
-2522
-2583
-2436
-2046
-1764
-1789
-1829
-1693
-1519
-1391
-1232
-968
-698
-535
-415
-241
-45
162
416
646
765
900
1265
1809
2175
2150
1888
1672
1651
1847
2198
2503
2555
2363
2072
1809
1650
1642
1733
1726
1515
1211
944
680
347
-33
-388
-680
-917
-1084
-1205
-1390
-1669
-1940
-2129
-2208
-2177
-2065
-1921
-1845
-1846
-1815
-1686
-1470
-1177
-800
-376
-39
117
187
318
584
984
1415
1741
1868
1847
1837
1915
2061
2254
2437
2514
2429
2256
2124
2056
1982
1884
1767
1564
1238
881
661
598
495
225
-121
-424
-691
-983
-1200
-1254
-1315
-1543
-1778
-1813
-1808
-2032
-2322
-2327
-2124
-2064
-2136
-2057
-1914
-1991
-2176
-2133
-1878
-1744
-1795
-1752
-1584
-1471
-1384
-1127
-709
-425
-404
-443
-312
6
388
741
1019
1186
1240
1247
1316
1484
1654
1719
1711
1776
1939
2055
2035
1948
1863
1730
1561
1488
1537
1537
1368
1107
840
538
197
-52
-168
-308
-570
-844
-1003
-1123
-1307
-1500
-1628
-1731
-1849
-1877
-1698
-1429
-1282
-1277
-1248
-1114
-946
-754
-465
-139
80
190
385
686
870
926
1045
1255
1365
1382
1556
1882
2048
1910
1758
1739
1664
1515
1458
1539
1473
1155
904
862
834
602
367
294
177
-43
-284
-331
-354
-593
-792
-950
-1105
-1297
-1404
-1222
-1176
-1396
-1722
-1931
-1887
-1808
-1587
-1411
-1463
-1608
-1817
-1850
-1824
-1718
-1460
-1332
-1260
-1152
-933
-686
-581
-436
-266
-165
-45
242
696
1066
1247
1289
1177
922
701
782
1164
1565
1799
1862
1729
1408
1051
881
985
1176
1286
1211
950
609
230
-84
-307
-487
-590
-655
-672
-721
-911
-1141
-1292
-1297
-1216
-1108
-911
-709
-658
-785
-879
-709
-353
-25
189
379
544
558
573
781
996
1055
1070
1196
1497
1686
1574
1407
1234
1005
963
1230
1575
1652
1435
1121
796
507
296
321
612
797
696
421
118
-123
-464
-741
-628
-369
-197
-338
-819
-1226
-1534
-1720
-1683
-1595
-1446
-1202
-1035
-1210
-1553
-1639
-1629
-1698
-1700
-1565
-1277
-1117
-1176
-1213
-1263
-1303
-1183
-949
-701
-447
-90
170
137
127
430
932
1231
1147
902
655
491
579
966
1442
1733
1768
1594
1197
727
461
528
782
977
1081
1089
825
204
-505
-936
-1056
-1008
-847
-625
-476
-566
-867
-1182
-1371
-1376
-1194
-846
-422
-112
24
91
125
111
162
409
786
1085
1182
1196
1271
1289
1122
1048
1327
1695
1758
1482
1152
971
838
684
735
1088
1399
1308
847
310
-67
-286
-359
-145
256
539
508
155
-383
-966
-1393
-1351
-837
-342
-210
-308
-552
-996
-1539
-1893
-1727
-1219
-923
-875
-854
-960
-1243
-1535
-1744
-1794
-1674
-1409
-936
-477
-420
-706
-999
-1159
-1121
-825
-274
427
944
1054
954
905
900
805
651
708
1090
1527
1690
1528
1217
907
658
537
607
736
702
512
328
228
120
-143
-565
-1017
-1350
-1464
-1382
-1258
-1216
-1216
-1201
-1193
-1221
-1182
-968
-618
-273
-35
100
191
296
512
914
1410
1784
1903
1791
1651
1640
1700
1709
1661
1627
1642
1670
1644
1545
1343
1017
645
328
133
86
145
221
203
8
-307
-618
-861
-1038
-1142
-1093
-827
-408
-137
-240
-617
-943
-1008
-960
-901
-748
-433
-160
-201
-443
-709
-963
-1261
-1419
-1124
-560
-96
-18
-286
-730
-1249
-1562
-1553
-1229
-798
-355
140
513
736
764
783
846
882
980
1131
1454
1712
1753
1497
1037
687
458
401
324
205
9
-346
-729
-1061
-1164
-1214
-1421
-1854
-2434
-2917
-3211
-3219
-2980
-2617
-2258
-1961
-1650
-1313
-1016
-773
-470
-14
545
1088
1611
2141
2653
3051
3330
3590
3813
3970
4027
4070
4059
3820
3300
2626
2094
1765
1574
1365
1023
522
-94
-620
-971
-1175
-1383
-1604
-1768
-1858
-1893
-1909
-1880
-1861
-1822
-1713
-1462
-1148
-893
-738
-618
-422
-208
-2
84
128
146
197
279
248
160
-48
-159
-231
-248
-304
-513
-764
-1134
-1315
-1329
-1016
-567
-122
421
994
1678
1892
1609
940
423
332
389
584
718
1051
1346
1434
1154
415
-542
-1578
-2267
-2497
-2262
-1871
-1635
-1775
-2316
-3002
-3701
-4234
-4657
-4762
-4353
-3383
-2091
-915
-76
315
408
295
262
431
939
1840
2954
4118
4934
5353
5341
5092
4686
4234
3918
3600
3370
3029
2771
2590
2247
1694
804
-80
-762
-1170
-1324
-1327
-1300
-1242
-1189
-1152
-1072
-1159
-1291
-1466
-1472
-1171
-763
-317
-21
215
391
480
476
363
229
89
16
35
107
111
19
-201
-476
-813
-1210
-1486
-1732
-1893
-2048
-2136
-1909
-1605
-1088
-431
389
1303
1658
1569
1116
699
463
110
-101
-99
254
786
1114
1078
564
-398
-1514
-2466
-3015
-3075
-2936
-2706
-2589
-2648
-2801
-3100
-3432
-3838
-4161
-4166
-3682
-2648
-1276
145
1309
2058
2375
2401
2318
2367
2685
3258
3969
4663
5347
5905
6248
6175
5633
4782
3699
2613
1636
962
629
430
189
-156
-492
-772
-1072
-1543
-2085
-2539
-2672
-2384
-1805
-1083
-484
-98
71
133
163
180
169
121
173
303
597
937
1220
1342
1159
788
206
-399
-990
-1415
-1611
-1671
-1636
-1683
-1731
-1909
-2141
-2453
-2648
-2590
-2156
-1212
-12
1321
2154
2509
2415
2045
1557
784
87
-350
-279
167
795
1288
1362
782
-430
-1804
-3018
-3717
-4058
-4137
-4107
-4045
-3875
-3649
-3374
-3250
-3322
-3492
-3419
-2843
-1720
-266
1144
2300
3048
3558
3965
4334
4639
4716
4645
4601
4782
5228
5727
5940
5711
4972
3844
2609
1287
114
-927
-1789
-2221
-2311
-2012
-1595
-1395
-1401
-1650
-1986
-2207
-2355
-2247
-1899
-1428
-734
-48
651
1268
1596
1765
1667
1394
1100
750
560
485
458
533
532
460
247
-187
-779
-1436
-2082
-2473
-2684
-2771
-2750
-2767
-2511
-2054
-1215
-124
971
1830
2217
2314
2169
2005
1579
1036
501
191
309
611
1035
1194
911
79
-1076
-2228
-3083
-3637
-4057
-4384
-4729
-4838
-4698
-4311
-3838
-3557
-3382
-3211
-2796
-2011
-979
185
1305
2273
3171
3983
4697
5238
5418
5336
5085
4897
4972
5178
5381
5310
4866
4159
3236
2157
960
-383
-1659
-2695
-3352
-3468
-3259
-2810
-2352
-2022
-1735
-1574
-1442
-1371
-1374
-1320
-1107
-619
142
993
1724
2237
2465
2513
2432
2155
1740
1167
559
106
-206
-338
-440
-601
-875
-1225
-1608
-2018
-2308
-2698
-3003
-3287
-3409
-3034
-2237
-928
519
1871
2753
3222
3251
2940
2550
1812
1079
359
-139
-148
178
568
756
435
-438
-1459
-2547
-3403
-4074
-4777
-5437
-5902
-5952
-5528
-4762
-4113
-3594
-3178
-2706
-1853
-768
414
1512
2327
2968
3647
4321
5038
5611
5879
6050
6041
6022
5968
5680
5240
4528
3686
2875
1957
1034
-27
-1211
-2132
-2882
-3228
-3278
-3279
-3052
-2812
-2422
-1912
-1429
-938
-559
-255
31
320
698
1109
1512
1935
2208
2464
2588
2486
2270
1719
1088
409
-278
-750
-1223
-1522
-1783
-1987
-2066
-2227
-2257
-2460
-2731
-3053
-3446
-3409
-2937
-1879
-354
1163
2459
3399
3775
3858
3521
2716
1764
502
-468
-1005
-1091
-691
-416
-346
-651
-1267
-1935
-2745
-3670
-4703
-5816
-6596
-6896
-6682
-5940
-5148
-4257
-3315
-2363
-1093
190
1370
2373
2987
3512
4071
4569
5110
5469
5616
5828
5997
6227
6437
6247
5825
5097
4142
3233
2049
778
-579
-1974
-2857
-3369
-3328
-2928
-2556
-2064
-1736
-1364
-928
-642
-334
-240
-176
42
355
990
1675
2318
2904
3139
3236
3056
2605
2091
1310
541
-236
-1010
-1542
-2013
-2292
-2494
-2702
-2863
-3074
-3188
-3352
-3487
-3619
-3754
-3445
-2822
-1657
-99
1259
2619
3424
3771
3876
3229
2354
1099
-256
-1039
-1542
-1518
-1350
-1401
-1430
-1669
-1838
-2013
-2533
-3256
-4364
-5414
-6034
-6322
-6040
-5589
-4986
-4001
-2836
-1191
643
2232
3589
4379
4821
5195
5303
5369
5268
4939
4794
4775
5056
5589
5891
5931
5506
4634
3584
2247
733
-887
-2558
-3911
-4759
-4963
-4524
-3708
-2717
-1723
-841
-107
401
661
693
594
484
476
685
1090
1670
2381
3102
3772
4189
4174
3762
2971
1961
883
-293
-1384
-2350
-3136
-3493
-3529
-3227
-2783
-2511
-2308
-2342
-2468
-2509
-2451
-2012
-1378
-638
237
1113
2021
2697
2945
2754
2021
963
-155
-1058
-1621
-2152
-2722
-3280
-3730
-3906
-3920
-3750
-3582
-3785
-4284
-4855
-5202
-5300
-5417
-5456
-5196
-4526
-3329
-1610
492
2635
4385
5702
6793
7600
7860
7536
6805
6014
5345
4845
4752
4877
4903
4779
4559
4403
3970
2915
1420
-286
-1917
-3332
-4338
-4779
-4861
-4653
-4116
-3049
-1597
-323
662
1233
1474
1514
1189
895
659
390
423
685
1376
2242
2739
3081
3143
2957
2532
1591
492
-834
-2328
-3523
-4336
-4466
-4219
-3832
-3116
-2364
-1496
-628
223
1195
1729
1921
2010
2054
2195
1958
1477
953
230
-303
-584
-564
-514
-1055
-1851
-2626
-3298
-3793
-4339
-4747
-5207
-5902
-6360
-6438
-6151
-5863
-5795
-5424
-4700
-3706
-2381
-931
607
1914
2900
4055
5226
6067
6451
6386
6298
6185
5948
5876
5778
5480
4988
4370
3990
3557
2720
1704
610
-345
-1197
-1981
-2407
-2646
-2770
-2630
-2136
-1300
-569
-96
302
711
1108
1345
1488
1544
1406
1206
1141
1412
1777
1923
1920
1781
1623
1312
761
153
-730
-1773
-2753
-3494
-3727
-3859
-3878
-3638
-3283
-2537
-1574
-306
1140
2080
2675
2952
3062
3115
2655
1964
1054
-41
-777
-1164
-1114
-1045
-1415
-1814
-2215
-2528
-2747
-3110
-3502
-4194
-5100
-5688
-5933
-5929
-6004
-6108
-5791
-5117
-4060
-2577
-840
926
2302
3378
4445
5293
5709
5646
5323
4974
4531
4163
4074
4078
3947
3694
3567
3607
3384
2663
1624
449
-779
-1967
-2874
-3336
-3518
-3482
-3020
-2046
-828
214
951
1503
1876
1991
1893
1718
1512
1296
1183
1333
1745
2168
2462
2646
2721
2618
2211
1521
629
-443
-1552
-2501
-3132
-3508
-3694
-3648
-3356
-2754
-1884
-702
697
1883
2691
3130
3337
3368
2967
2191
1186
42
-908
-1505
-1646
-1498
-1519
-1670
-1868
-2087
-2280
-2623
-3103
-3810
-4766
-5578
-6095
-6337
-6484
-6603
-6392
-5851
-4950
-3641
-2090
-424
990
2219
3504
4596
5347
5543
5373
5142
4686
4265
3975
3758
3618
3298
3160
3292
3323
3149
2541
1766
938
-91
-977
-1734
-2296
-2625
-2790
-2411
-1682
-880
-75
536
1183
1715
1995
2162
2022
1730
1383
1066
1058
1107
1159
1226
1221
1332
1370
1233
870
118
-753
-1631
-2409
-3006
-3529
-3831
-3889
-3567
-2651
-1230
427
1882
2989
3826
4324
4390
3923
3015
1758
263
-1010
-1761
-2024
-2121
-2270
-2237
-1980
-1661
-1401
-1327
-1537
-2251
-3364
-4380
-5129
-5773
-6468
-6985
-6927
-6305
-5215
-3709
-1943
-223
1167
2397
3623
4628
5093
4945
4528
4021
3450
2957
2629
2485
2342
2234
2403
2743
3009
2943
2571
2045
1302
447
-375
-1104
-1689
-2148
-2265
-1947
-1377
-660
94
898
1682
2282
2698
2857
2739
2439
2057
1769
1545
1306
1067
849
757
780
776
614
193
-392
-1041
-1713
-2333
-2937
-3524
-4008
-4164
-3682
-2610
-1257
122
1393
2539
3389
3810
3789
3237
2161
795
-439
-1278
-1872
-2366
-2698
-2785
-2617
-2265
-1749
-1214
-1001
-1245
-1774
-2397
-3102
-4021
-5036
-5859
-6347
-6338
-5732
-4527
-2890
-1211
462
2165
3713
4910
5471
5491
5159
4431
3600
2764
2017
1471
1018
979
1336
1807
2284
2489
2528
2390
1921
1336
520
-432
-1312
-2042
-2255
-2102
-1748
-1166
-550
246
1101
1826
2445
2677
2628
2469
2204
2050
1844
1538
1265
957
849
914
906
813
469
1
-454
-1010
-1524
-2094
-2728
-3171
-3258
-2784
-1966
-1135
-310
527
1371
2110
2594
2691
2292
1439
496
-185
-729
-1345
-2063
-2672
-2890
-2811
-2446
-1862
-1417
-1252
-1415
-1676
-1854
-2330
-3120
-4057
-4925
-5370
-5510
-5167
-4269
-3211
-1922
-497
1125
2898
4128
4862
5126
4892
4467
3646
2801
2070
1229
702
475
687
1217
1530
1874
2133
2217
2204
1837
1396
779
-95
-805
-1356
-1558
-1539
-1477
-1058
-433
345
1185
1829
2362
2595
2537
2447
2253
1974
1527
961
588
362
200
87
-34
-112
-236
-408
-587
-870
-1284
-1688
-1813
-1630
-1303
-984
-684
-244
229
707
1124
1255
1103
648
184
-90
-411
-816
-1352
-1851
-2071
-2083
-1806
-1405
-1158
-1062
-1123
-1166
-1223
-1565
-2121
-2809
-3435
-3778
-3894
-3666
-3218
-2721
-2001
-1105
-3
1128
1919
2503
2797
2848
2840
2625
2360
1941
1345
946
720
751
900
944
1067
1168
1286
1487
1554
1498
1212
779
465
208
27
-161
-401
-496
-462
-245
131
478
829
1143
1454
1801
1984
1965
1750
1390
1058
727
379
37
-344
-656
-813
-862
-856
-882
-932
-791
-465
-64
369
609
715
754
688
701
575
204
-241
-723
-962
-1024
-1125
-1175
-1334
-1506
-1507
-1396
-1107
-899
-921
-954
-1000
-975
-958
-1146
-1424
-1819
-2207
-2331
-2250
-1979
-1665
-1399
-935
-322
325
912
1209
1310
1245
1062
1000
903
678
373
11
-95
17
158
361
463
541
692
844
1108
1273
1181
993
749
613
583
501
466
443
438
577
774
1006
1188
1218
1232
1267
1263
1215
1066
869
704
524
352
189
-39
-268
-459
-618
-712
-844
-970
-936
-747
-377
73
472
842
1100
1273
1387
1290
967
411
-265
-855
-1370
-1775
-2068
-2306
-2416
-2381
-2126
-1669
-1215
-855
-627
-492
-392
-410
-531
-754
-1086
-1376
-1513
-1403
-1062
-660
-198
338
915
1478
1866
2035
1981
1696
1280
820
389
-19
-415
-707
-816
-741
-577
-390
-173
42
230
382
476
516
455
321
255
263
321
370
379
462
610
786
990
1111
1142
1095
974
918
876
747
549
272
45
-84
-202
-298
-424
-607
-762
-879
-908
-869
-879
-881
-798
-608
-277
92
435
749
970
1149
1279
1276
1116
775
338
-87
-489
-859
-1212
-1535
-1744
-1807
-1724
-1540
-1339
-1134
-919
-675
-424
-263
-224
-291
-398
-450
-453
-407
-304
-134
184
633
1127
1576
1867
2002
1992
1834
1564
1165
667
137
-358
-722
-934
-1017
-1006
-934
-818
-659
-474
-289
-142
-79
-88
-127
-141
-109
-42
50
164
305
497
742
1015
1256
1395
1430
1384
1283
1140
927
648
338
55
-146
-263
-326
-385
-455
-517
-558
-592
-645
-727
-795
-799
-719
-556
-361
-167
13
159
278
330
261
75
-190
-463
-705
-930
-1152
-1361
-1515
-1545
-1445
-1255
-1033
-822
-608
-365
-111
108
240
270
264
269
327
429
531
630
744
897
1091
1259
1346
1327
1206
1043
858
654
425
162
-87
-274
-385
-413
-389
-342
-280
-204
-109
-8
78
128
128
103
80
76
106
166
258
377
515
658
780
852
858
794
670
492
277
55
-148
-302
-399
-456
-481
-488
-474
-437
-384
-332
-300
-276
-224
-126
19
163
266
325
339
332
287
181
-1
-242
-489
-704
-879
-1034
-1192
-1336
-1435
-1462
-1415
-1325
-1224
-1117
-985
-813
-617
-434
-297
-208
-129
-22
129
303
469
605
714
815
917
989
986
891
732
571
454
382
324
254
190
163
201
278
338
342
295
245
222
224
218
188
149
149
224
369
545
706
839
955
1061
1141
1163
1098
952
767
582
413
253
96
-53
-174
-251
-298
-342
-405
-483
-553
-597
-613
-618
-620
-606
-553
-455
-331
-219
-140
-95
-80
-83
-116
-198
-337
-516
-701
-871
-1017
-1149
-1274
-1386
-1465
-1483
-1433
-1324
-1179
-1010
-820
-608
-383
-165
10
134
215
276
337
401
468
537
610
700
802
901
966
976
934
851
748
630
499
368
250
167
135
145
170
191
204
213
220
216
190
150
125
133
185
273
387
515
654
793
919
1006
1041
1019
950
848
725
594
458
328
208
105
22
-46
-112
-186
-271
-355
-426
-488
-537
-571
-574
-541
-476
-390
-300
-221
-171
-156
-180
-243
-342
-471
-613
-764
-909
-1038
-1149
-1234
-1292
-1313
-1297
-1243
-1160
-1046
-910
-764
-627
-521
-451
-411
-387
-364
-331
-274
-176
-40
126
308
485
638
747
810
829
816
791
759
728
698
666
633
586
529
467
403
343
293
264
259
276
310
361
419
475
527
575
623
672
723
771
807
832
855
877
894
891
855
792
716
651
590
508
393
261
135
35
-57
-151
-258
-371
-472
-549
-608
-661
-723
-787
-839
-869
-866
-842
-817
-811
-821
-829
-836
-858
-912
-992
-1083
-1157
-1196
-1193
-1153
-1085
-992
-878
-733
-576
-423
-303
-227
-183
-160
-137
-115
-91
-59
-7
82
208
356
504
636
747
835
902
936
926
864
761
640
524
422
333
251
179
134
134
166
202
219
210
182
157
148
150
158
171
208
291
423
588
753
892
997
1064
1097
1094
1039
934
789
639
513
423
364
321
281
247
218
183
122
19
-130
-310
-491
-652
-781
-874
-929
-941
-901
-823
-724
-629
-562
-533
-543
-586
-658
-754
-865
-975
-1061
-1108
-1113
-1080
-1020
-935
-834
-727
-626
-540
-481
-450
-438
-432
-423
-405
-370
-311
-225
-112
28
186
357
527
686
827
938
1015
1049
1036
985
898
788
667
545
436
353
296
264
254
254
257
259
254
242
227
220
221
241
287
360
458
571
694
815
915
990
1033
1045
1020
957
858
723
570
416
264
126
9
-88
-164
-219
-259
-303
-366
-454
-574
-724
-886
-1053
-1205
-1320
-1382
-1374
-1295
-1159
-977
-778
-590
-430
-317
-260
-263
-320
-417
-525
-625
-696
-722
-695
-621
-517
-401
-294
-209
-157
-141
-162
-208
-256
-287
-285
-239
-147
-8
167
368
579
772
926
1033
1088
1095
1060
988
890
776
658
544
443
357
284
225
174
131
97
69
41
7
-31
-65
-87
-89
-63
-10
74
189
327
478
626
758
858
917
929
893
821
720
605
485
365
256
159
79
9
-57
-122
-201
-290
-397
-513
-634
-753
-863
-955
-1020
-1048
-1035
-978
-881
-749
-601
-448
-304
-184
-104
-71
-84
-143
-230
-338
-446
-543
-619
-665
-676
-651
-597
-526
-446
-369
-302
-251
-221
-200
-187
-178
-158
-119
-51
47
174
325
488
645
774
865
908
902
848
754
633
503
386
298
245
223
229
254
283
303
300
262
195
102
5
-83
-157
-197
-194
-140
-39
94
237
374
491
581
633
641
603
530
443
360
291
238
197
166
140
118
93
49
-20
-115
-221
-326
-423
-507
-574
-615
-618
-583
-511
-415
-310
-211
-115
-30
34
64
54
11
-57
-137
-220
-298
-365
-413
-430
-414
-368
-301
-231
-170
-127
-104
-105
-128
-176
-238
-301
-349
-377
-377
-352
-298
-219
-124
-19
80
161
213
234
225
190
143
88
34
-11
-36
-43
-30
-6
22
46
57
55
40
9
-33
-69
-90
-84
-51
12
105
215
343
473
596
702
784
839
861
848
803
733
646
551
458
373
303
254
225
209
200
188
163
114
49
-37
-129
-219
-295
-345
-362
-343
-296
-226
-151
-86
-46
-39
-65
-122
-203
-295
-383
-453
-494
-507
-491
-452
-397
-334
-274
-229
-201
-200
-221
-267
-330
-397
-458
-502
-521
-509
-458
-379
-275
-160
-45
55
132
177
188
171
130
73
12
-43
-85
-105
-107
-90
-64
-28
9
36
51
48
29
0
-33
-58
-70
-61
-23
45
141
261
394
530
653
752
818
844
827
773
698
613
530
461
413
388
390
402
427
443
444
423
370
295
195
83
-31
-136
-226
-293
-332
-346
-331
-301
-266
-229
-200
-180
-175
-194
-229
-278
-332
-374
-409
-430
-433
-421
-391
-357
-327
-304
-294
-299
-319
-355
-392
-420
-435
-427
-406
-365
-305
-229
-137
-43
37
101
138
150
137
108
66
16
-36
-87
-125
-153
-161
-147
-112
-67
-17
32
76
113
140
162
173
173
169
166
173
193
225
268
314
362
406
439
460
465
456
441
413
375
328
281
250
228
210
200
190
185
184
177
173
158
131
96
44
-16
-73
-121
-156
-178
-192
-200
-198
-197
-191
-182
-178
-176
-182
-199
-219
-233
-237
-232
-225
-217
-204
-182
-155
-132
-115
-104
-99
-99
-101
-106
-110
-112
-111
-108
-102
-90
-75
-59
-40
-27
-21
-24
-39
-58
-81
-107
-130
-152
-165
-160
-148
-123
-90
-50
-7
30
62
82
94
97
92
84
73
68
67
70
80
96
117
140
156
171
184
195
201
200
194
188
178
171
168
167
177
188
196
209
216
219
221
215
201
174
137
101
62
23
-15
-49
-77
-99
-116
-128
-137
-147
-161
-171
-178
-181
-185
-195
-205
-211
-215
-209
-202
-195
-184
-170
-149
-128
-111
-96
-84
-71
-57
-47
-34
-25
-17
-14
-16
-22
-24
-25
-23
-18
-16
-8
3
14
23
29
30
33
36
38
45
50
61
72
78
81
83
84
82
76
71
64
56
47
43
39
40
44
47
50
53
56
58
56
54
51
46
42
34
27
27
29
32
36
41
42
42
41
39
33
26
17
8
-2
-14
-26
-42
-52
-58
-63
-66
-69
-69
-72
-74
-75
-75
-69
-65
-65
-64
-60
-55
-52
-47
-42
-36
-30
-27
-26
-27
-29
-31
-28
-24
-23
-20
-19
-16
-17
-17
-17
-15
-12
-8
-2
7
17
24
30
32
34
32
30
27
25
23
24
28
30
35
42
46
46
43
37
32
30
25
20
13
9
9
12
14
19
21
25
29
30
29
25
19
17
12
10
9
8
12
15
17
14
10
7
3
-5
-14
-23
-30
-36
-37
-39
-37
-34
-31
-29
-29
-26
-21
-18
-18
-18
-18
-18
-16
-13
-12
-10
-6
-4
0
2
2
1
-1
-3
-6
-9
-13
-16
-16
-16
-17
-15
-14
-12
-8
-2
1
1
4
4
7
8
10
13
13
14
14
14
14
14
13
12
10
7
8
9
11
14
13
11
9
8
8
6
6
8
10
10
11
10
10
12
12
12
11
9
8
3
2
0
-3
-3
-3
-5
-5
-4
-6
-6
-6
-9
-12
-17
-19
-20
-20
-18
-15
-13
-11
-9
-9
-8
-9
-6
-2
-1
0
0
0
-2
0
2
3
5
4
3
2
3
4
4
5
3
-2
-6
-8
-9
-10
-7
-5
-5
-2
-1
1
4
3
4
4
4
2
2
3
5
7
10
11
12
14
12
13
11
11
10
6
5
4
5
8
9
9
6
3
5
5
4
3
1
0
1
-2
-4
-5
-4
-3
-3
-5
-6
-7
-10
-11
-10
-12
-12
-11
-11
-10
-8
-6
-4
-4
-6
-6
-7
-8
-9
-10
-7
-6
-5
-6
