1
-1
0
2
1
2
1
-2
-3
-4
-5
-5
-3
-1
-1
1
2
1
1
0
-3
-4
-3
-3
-3
-3
-5
-5
-4
-1
1
0
-2
-4
-6
-8
-9
-6
-6
-5
-4
-3
-5
-3
-2
-2
-1
-2
0
0
0
3
3
5
2
4
5
4
5
4
2
2
2
5
7
8
9
9
8
9
10
8
8
6
5
3
1
2
4
3
4
4
7
7
7
5
0
-3
-5
-5
-5
-6
-8
-14
-14
-12
-10
-2
2
2
1
0
-3
-3
-4
-6
-11
-16
-17
-14
-11
-10
-4
-5
-7
-6
-4
1
4
2
-3
-4
-11
-13
-14
-14
-12
-15
-10
-1
12
19
24
35
42
46
47
46
45
42
34
32
31
32
35
31
27
25
25
31
35
37
45
51
69
86
96
105
106
114
113
99
82
64
51
41
31
27
31
39
62
86
112
144
176
221
271
295
306
302
284
268
218
147
60
-47
-176
-326
-472
-636
-784
-962
-1159
-1270
-1367
-1418
-1446
-1502
-1444
-1332
-1203
-1037
-914
-760
-578
-415
-257
-115
15
130
236
335
435
537
644
746
849
949
1048
1142
1228
1301
1355
1387
1400
1394
1370
1326
1261
1177
1078
969
860
755
653
558
476
404
340
275
212
141
55
-41
-138
-230
-314
-389
-455
-509
-554
-594
-620
-634
-635
-634
-629
-602
-552
-471
-360
-198
-5
213
429
653
848
983
1025
977
821
545
156
-312
-844
-1423
-2011
-2553
-3016
-3382
-3621
-3709
-3637
-3444
-3137
-2734
-2262
-1779
-1304
-853
-433
-76
224
486
719
912
1080
1249
1427
1602
1777
1972
2181
2378
2557
2732
2887
2992
3034
3022
2942
2768
2508
2192
1835
1432
1002
602
245
-60
-309
-463
-526
-529
-482
-375
-223
-75
49
145
208
199
114
-8
-170
-374
-611
-837
-1026
-1192
-1321
-1396
-1411
-1399
-1367
-1305
-1222
-1146
-1086
-1028
-969
-927
-889
-846
-786
-733
-685
-625
-567
-500
-455
-388
-312
-230
-124
1
203
422
718
1041
1414
1788
2116
2413
2596
2691
2594
2353
1929
1337
619
-214
-1053
-1913
-2706
-3397
-3916
-4227
-4348
-4246
-3977
-3551
-3051
-2481
-1885
-1297
-763
-300
99
433
705
928
1121
1287
1426
1544
1670
1815
1980
2162
2371
2591
2820
3014
3178
3279
3301
3216
3013
2719
2314
1834
1291
734
202
-302
-710
-1012
-1183
-1231
-1157
-958
-685
-355
-20
310
577
758
837
812
681
443
133
-225
-603
-982
-1328
-1617
-1819
-1954
-2009
-1985
-1905
-1778
-1654
-1494
-1355
-1231
-1140
-1075
-1002
-991
-953
-948
-902
-879
-841
-774
-722
-639
-596
-500
-434
-325
-203
-1
267
595
1007
1468
1970
2426
2838
3139
3306
3276
3046
2635
2035
1285
402
-526
-1455
-2339
-3121
-3735
-4134
-4320
-4279
-4040
-3593
-3046
-2413
-1760
-1113
-526
-38
368
704
947
1123
1254
1367
1479
1550
1671
1814
1988
2171
2363
2611
2836
3027
3182
3308
3345
3265
3062
2790
2401
1876
1301
689
114
-484
-978
-1333
-1555
-1655
-1622
-1413
-1112
-759
-389
17
350
591
711
752
676
446
137
-235
-624
-1063
-1474
-1809
-2069
-2270
-2387
-2387
-2302
-2175
-2032
-1841
-1652
-1495
-1383
-1280
-1184
-1146
-1122
-1097
-1019
-955
-865
-728
-566
-393
-246
-63
125
310
479
682
904
1151
1424
1754
2150
2522
2858
3158
3360
3474
3391
3165
2774
2159
1407
531
-370
-1291
-2214
-3018
-3667
-4135
-4390
-4413
-4209
-3834
-3394
-2841
-2219
-1604
-1008
-519
-56
305
560
806
1034
1244
1385
1456
1577
1715
1860
2035
2231
2442
2613
2744
2938
3109
3184
3124
2937
2673
2280
1787
1263
690
80
-528
-1024
-1325
-1490
-1520
-1404
-1154
-802
-382
98
599
990
1236
1360
1357
1232
941
545
80
-470
-1015
-1520
-1914
-2224
-2482
-2610
-2623
-2543
-2416
-2264
-2079
-1929
-1835
-1761
-1703
-1669
-1694
-1729
-1725
-1688
-1637
-1507
-1295
-1023
-717
-402
-10
358
686
981
1217
1446
1579
1726
1949
2209
2533
2803
3091
3345
3478
3532
3433
3227
2804
2187
1465
682
-161
-1084
-1995
-2870
-3611
-4218
-4560
-4603
-4486
-4178
-3815
-3278
-2669
-2076
-1436
-888
-377
23
369
740
1048
1283
1441
1561
1695
1840
2035
2291
2534
2726
2897
3058
3220
3294
3278
3187
2965
2660
2270
1840
1358
763
167
-372
-800
-1095
-1276
-1260
-1115
-889
-550
-148
289
643
863
1026
1059
955
730
395
5
-493
-1026
-1490
-1903
-2254
-2556
-2752
-2815
-2813
-2750
-2621
-2464
-2320
-2221
-2162
-2114
-2117
-2140
-2150
-2133
-2041
-1912
-1699
-1402
-1003
-508
10
528
1004
1438
1796
2064
2251
2368
2398
2365
2357
2428
2580
2705
2820
2914
2981
3022
2944
2808
2496
1979
1310
521
-253
-1096
-1996
-2864
-3628
-4211
-4584
-4710
-4598
-4326
-3979
-3479
-2847
-2136
-1421
-797
-177
355
804
1246
1626
1937
2104
2183
2312
2429
2489
2523
2547
2571
2553
2509
2536
2559
2443
2270
2036
1816
1522
1086
684
231
-227
-663
-1021
-1212
-1341
-1392
-1287
-1039
-727
-342
39
438
746
902
1043
1025
894
625
262
-100
-572
-1050
-1457
-1803
-2097
-2359
-2521
-2541
-2546
-2535
-2452
-2357
-2268
-2238
-2222
-2145
-2131
-2086
-1961
-1768
-1457
-1162
-706
-181
332
860
1312
1797
2095
2294
2410
2464
2448
2298
2245
2209
2281
2318
2415
2605
2725
2862
2841
2811
2590
2158
1586
821
26
-942
-1892
-2833
-3680
-4364
-4897
-5121
-5179
-4984
-4645
-4160
-3514
-2848
-2080
-1362
-672
-47
478
988
1389
1726
1958
2102
2199
2245
2281
2283
2284
2252
2236
2242
2279
2341
2348
2356
2292
2197
2052
1820
1540
1147
726
292
-108
-430
-697
-862
-919
-852
-661
-380
-58
280
579
828
1014
1096
1071
903
614
254
-158
-592
-1029
-1476
-1868
-2203
-2459
-2618
-2724
-2773
-2792
-2787
-2728
-2639
-2556
-2478
-2415
-2307
-2148
-1927
-1610
-1225
-781
-305
248
841
1429
1896
2233
2493
2581
2606
2472
2310
2093
1799
1624
1525
1614
1691
1798
1985
2192
2405
2487
2523
2365
2001
1415
737
14
-925
-1913
-2945
-3801
-4524
-5095
-5320
-5365
-5217
-4960
-4470
-3748
-3002
-2263
-1526
-774
-104
494
1069
1608
1977
2133
2256
2344
2394
2312
2190
2121
1996
1904
1856
1946
2027
2029
2048
2086
2160
2103
2019
1884
1678
1406
1104
911
692
485
304
230
220
219
299
420
552
601
660
728
724
619
419
211
-79
-428
-780
-1098
-1408
-1758
-2041
-2255
-2419
-2602
-2785
-2916
-3040
-3153
-3215
-3214
-3153
-3084
-2910
-2592
-2169
-1693
-1160
-550
109
734
1338
1862
2232
2432
2462
2420
2203
1871
1449
1033
693
454
412
499
648
895
1234
1690
2072
2349
2489
2429
2146
1674
1107
401
-512
-1564
-2536
-3408
-4113
-4636
-4914
-4963
-4909
-4634
-4074
-3334
-2510
-1720
-867
-25
719
1412
2052
2541
2805
2870
2915
2924
2800
2600
2351
2136
1915
1763
1739
1787
1807
1822
1896
2026
2162
2195
2188
2092
1887
1640
1335
1084
770
445
184
-25
-143
-241
-239
-179
-121
-99
-70
-55
-116
-233
-393
-547
-787
-1085
-1366
-1652
-1920
-2221
-2473
-2679
-2909
-3134
-3307
-3414
-3491
-3555
-3568
-3483
-3365
-3156
-2816
-2325
-1758
-1154
-482
277
1043
1688
2277
2665
2926
2952
2832
2692
2341
1980
1543
1252
1118
1076
1200
1397
1680
1998
2368
2695
2942
2973
2785
2450
1863
1225
361
-610
-1629
-2719
-3576
-4323
-4822
-5118
-5266
-5141
-4800
-4239
-3495
-2684
-1834
-968
-169
646
1387
1964
2406
2594
2723
2716
2577
2407
2116
1855
1581
1358
1261
1212
1232
1312
1430
1595
1759
1864
1942
1902
1784
1628
1365
1091
740
420
159
-71
-206
-270
-243
-162
-30
127
301
444
516
530
455
324
113
-165
-491
-849
-1214
-1563
-1883
-2182
-2438
-2675
-2876
-3049
-3186
-3268
-3326
-3352
-3318
-3188
-2946
-2603
-2150
-1597
-978
-327
392
1072
1704
2187
2524
2737
2775
2712
2526
2262
1921
1594
1344
1249
1231
1265
1410
1582
1865
2098
2292
2399
2257
1973
1500
954
262
-600
-1542
-2463
-3317
-4054
-4600
-4977
-5145
-5219
-5031
-4592
-3993
-3261
-2515
-1654
-806
11
819
1559
2178
2562
2817
2981
3056
2974
2796
2568
2310
2054
1830
1751
1696
1678
1665
1739
1890
1974
2031
1985
1903
1718
1449
1194
890
584
251
4
-127
-183
-168
-87
64
231
407
571
704
723
649
524
316
46
-319
-691
-1076
-1508
-1875
-2201
-2479
-2749
-3017
-3170
-3284
-3385
-3447
-3487
-3460
-3403
-3268
-2990
-2636
-2223
-1723
-1137
-450
257
902
1503
1958
2300
2551
2633
2645
2470
2220
1956
1698
1578
1520
1505
1558
1645
1847
2080
2242
2360
2313
2091
1724
1210
663
-57
-924
-1791
-2647
-3366
-4003
-4476
-4726
-4881
-4882
-4644
-4203
-3571
-2928
-2206
-1388
-621
172
925
1625
2199
2526
2810
3034
3124
3111
2973
2817
2625
2380
2264
2190
2088
2010
1906
1973
2002
1970
1945
1796
1641
1387
1129
918
593
262
-47
-264
-365
-447
-443
-365
-286
-153
-3
173
309
289
255
151
-3
-221
-531
-820
-1181
-1563
-1874
-2159
-2400
-2665
-2900
-3030
-3178
-3284
-3342
-3369
-3351
-3325
-3166
-2886
-2555
-2147
-1637
-1036
-386
275
928
1532
1981
2328
2596
2740
2749
2622
2410
2188
1951
1804
1766
1711
1745
1808
1996
2218
2352
2484
2440
2231
1874
1415
890
174
-695
-1555
-2388
-3157
-3812
-4320
-4623
-4857
-4926
-4719
-4316
-3751
-3163
-2444
-1615
-816
-13
779
1531
2125
2493
2802
3052
3155
3103
2958
2802
2585
2313
2116
2005
1881
1711
1581
1549
1535
1446
1364
1268
1116
893
666
516
303
61
-139
-252
-287
-305
-223
-85
47
159
305
460
525
485
385
259
32
-246
-525
-806
-1113
-1449
-1698
-1908
-2116
-2332
-2503
-2624
-2775
-2922
-3045
-3120
-3182
-3182
-3086
-2879
-2594
-2229
-1707
-1110
-397
290
967
1581
2073
2516
2783
2968
2944
2813
2569
2306
2094
1901
1804
1660
1633
1624
1736
1900
1976
2036
1888
1685
1313
877
364
-322
-1085
-1951
-2688
-3385
-3939
-4375
-4656
-4781
-4795
-4550
-4131
-3537
-2916
-2213
-1417
-618
194
950
1710
2293
2725
3046
3298
3467
3428
3332
3140
2935
2666
2428
2272
2072
1870
1643
1535
1426
1277
1107
910
729
452
240
40
-127
-310
-462
-464
-435
-331
-212
-10
188
347
501
604
643
542
379
170
-101
-410
-759
-1072
-1385
-1670
-1907
-2079
-2212
-2363
-2496
-2614
-2690
-2785
-2880
-2949
-3006
-3009
-2946
-2749
-2440
-2063
-1581
-1012
-347
332
993
1615
2141
2551
2850
3062
3157
3104
2987
2864
2749
2631
2504
2425
2337
2258
2173
2099
1957
1673
1277
797
277
-326
-1010
-1716
-2433
-3083
-3664
-4074
-4329
-4491
-4550
-4477
-4201
-3798
-3319
-2780
-2169
-1524
-863
-162
559
1226
1771
2227
2648
3004
3245
3370
3421
3388
3286
3149
3021
2872
2654
2385
2104
1816
1496
1136
749
341
-78
-457
-773
-1005
-1155
-1203
-1137
-951
-650
-248
200
637
1036
1374
1624
1742
1708
1545
1236
810
299
-232
-745
-1247
-1675
-2022
-2252
-2394
-2477
-2486
-2454
-2402
-2369
-2364
-2373
-2426
-2510
-2586
-2627
-2596
-2516
-2339
-2024
-1630
-1137
-603
30
679
1278
1864
2366
2829
3127
3357
3565
3693
3765
3681
3614
3460
3221
2912
2518
2103
1503
843
145
-554
-1252
-1994
-2633
-3194
-3637
-3959
-4142
-4149
-4088
-3927
-3684
-3348
-2953
-2588
-2171
-1777
-1386
-973
-543
-47
387
835
1293
1767
2208
2611
3042
3369
3644
3790
3983
4066
3960
3847
3558
3272
2736
2153
1620
845
125
-656
-1253
-1775
-2295
-2490
-2552
-2373
-2074
-1540
-800
-64
719
1414
2105
2555
2806
2857
2639
2297
1646
950
168
-634
-1348
-2064
-2485
-2815
-2986
-2988
-2878
-2584
-2379
-2100
-1827
-1676
-1610
-1688
-1746
-1900
-2146
-2297
-2419
-2423
-2360
-2178
-1800
-1389
-807
-130
597
1390
2136
2895
3573
4175
4743
5162
5350
5399
5276
4971
4456
3683
2857
1815
645
-507
-1673
-2675
-3656
-4451
-4953
-5252
-5272
-5102
-4724
-4203
-3676
-3117
-2525
-2016
-1614
-1337
-1134
-951
-900
-807
-640
-434
-167
123
629
1245
1865
2536
3241
3964
4560
4988
5361
5586
5512
5198
4657
3992
3105
1974
854
-304
-1406
-2423
-3240
-3713
-3966
-3903
-3521
-2820
-1899
-849
311
1439
2454
3218
3780
4032
3909
3505
2834
2042
1039
-28
-982
-1839
-2519
-3055
-3278
-3225
-3042
-2729
-2343
-1860
-1472
-1212
-1016
-960
-1024
-1305
-1639
-2021
-2470
-2840
-3136
-3224
-3241
-3085
-2681
-2133
-1398
-607
421
1524
2590
3708
4724
5694
6282
6638
6819
6658
6202
5299
4271
2959
1381
-262
-1829
-3136
-4424
-5441
-6102
-6354
-6319
-6079
-5412
-4580
-3663
-2840
-2011
-1190
-672
-349
-233
-183
-314
-582
-738
-824
-820
-779
-446
190
936
1789
2746
3877
4877
5694
6403
6907
7075
6733
6114
5252
4095
2677
1135
-329
-1804
-3135
-4156
-4747
-4969
-4881
-4325
-3416
-2252
-1001
365
1750
2868
3703
4237
4495
4323
3719
2887
1921
822
-345
-1384
-2183
-2800
-3264
-3425
-3275
-2910
-2454
-1943
-1384
-942
-668
-562
-598
-804
-1231
-1769
-2358
-2946
-3494
-3928
-4141
-4214
-4055
-3684
-3035
-2188
-1253
-46
1186
2553
3832
5044
6225
6967
7547
7684
7568
7025
5964
4712
3062
1370
-493
-2179
-3678
-5036
-6049
-6782
-6947
-6852
-6325
-5488
-4448
-3308
-2338
-1334
-575
-61
170
220
203
-37
-320
-520
-569
-530
-397
58
773
1622
2471
3424
4488
5354
6072
6521
6875
6854
6348
5605
4504
3282
1735
206
-1212
-2542
-3615
-4438
-4758
-4753
-4374
-3691
-2692
-1551
-427
704
1691
2510
2981
3169
3104
2773
2215
1519
779
5
-782
-1458
-1949
-2278
-2437
-2394
-2150
-1882
-1599
-1330
-1060
-919
-966
-1036
-1201
-1422
-1769
-2116
-2384
-2705
-3023
-3274
-3392
-3273
-3098
-2752
-2191
-1589
-684
121
1185
2366
3510
4817
5681
6637
7225
7508
7395
6651
5760
4373
2806
975
-775
-2429
-4001
-5327
-6375
-6805
-6992
-6679
-6063
-5214
-4152
-3238
-2175
-1325
-712
-272
-82
98
37
-70
-31
78
285
488
914
1546
2207
2862
3537
4280
4871
5232
5402
5446
5264
4764
4060
3238
2319
1214
96
-909
-1768
-2470
-3005
-3168
-3074
-2809
-2355
-1751
-979
-267
376
1009
1462
1736
1765
1643
1462
1092
709
294
-117
-469
-796
-939
-1016
-1035
-988
-926
-906
-966
-1082
-1161
-1289
-1539
-1771
-2024
-2153
-2286
-2378
-2311
-2271
-2168
-2137
-2109
-1935
-1830
-1666
-1526
-1377
-955
-546
110
943
1882
3064
3938
4873
5679
6232
6520
6181
5642
4641
3259
1635
-53
-1637
-3243
-4696
-5814
-6409
-6695
-6554
-6029
-5224
-4236
-3342
-2316
-1380
-673
-166
69
287
315
279
426
648
1012
1352
1856
2597
3250
3833
4335
4807
5123
5049
4828
4527
3970
3136
2090
1135
254
-686
-1439
-1919
-2116
-2169
-2093
-1708
-1160
-612
-90
423
897
1185
1241
1183
958
609
211
-183
-471
-743
-876
-845
-739
-569
-381
-129
88
115
32
-146
-432
-869
-1442
-1919
-2355
-2709
-2988
-3045
-2880
-2647
-2285
-1874
-1308
-903
-616
-418
-323
-325
-570
-820
-996
-1013
-947
-508
248
1357
2415
3376
4430
5217
5785
5722
5320
4528
3225
1673
14
-1476
-2995
-4445
-5561
-6110
-6148
-5818
-5008
-3931
-2744
-1779
-930
-160
237
260
-59
-345
-588
-800
-716
-274
481
1295
2231
3420
4588
5485
6027
6292
6206
5558
4470
3328
1992
581
-883
-2057
-2673
-3161
-3162
-2803
-2030
-1078
-226
766
1658
2286
2534
2530
2262
1736
964
196
-418
-1062
-1486
-1686
-1568
-1273
-929
-359
175
557
686
669
540
96
-535
-1227
-1877
-2487
-3061
-3308
-3239
-3016
-2609
-2103
-1397
-766
-264
157
429
407
136
-259
-645
-1026
-1537
-1798
-1875
-1619
-1170
-294
927
2281
3381
4210
4928
5237
5122
4339
3253
1860
138
-1586
-3068
-4080
-4871
-5384
-5422
-4827
-3832
-2692
-1411
-284
557
789
715
428
-183
-1057
-1976
-2552
-2715
-2440
-1536
-33
1727
3492
5162
6777
7917
8279
7915
6943
5420
3390
1272
-564
-2119
-3450
-4292
-4366
-3783
-2810
-1607
-179
1183
2157
2773
3119
3109
2627
1778
910
166
-501
-922
-1025
-862
-578
-217
335
855
1136
1125
886
423
-328
-1196
-1994
-2689
-3355
-3825
-3928
-3673
-3226
-2685
-1961
-1213
-614
-182
83
251
132
-274
-642
-1042
-1326
-1518
-1594
-1341
-1103
-762
-197
404
1184
1941
2703
3596
3959
4122
3939
3441
2683
1433
206
-1023
-2296
-3398
-4107
-4410
-4422
-4377
-3941
-3089
-2195
-1213
-334
464
899
718
375
-84
-630
-1209
-1651
-1621
-1180
-453
790
2350
3941
5219
6081
6746
6885
6404
5414
4108
2630
955
-551
-1566
-2174
-2548
-2660
-2325
-1624
-920
-271
348
797
928
791
683
639
473
284
231
385
639
892
1256
1580
1631
1463
1117
754
209
-490
-1131
-1771
-2336
-2812
-3037
-3018
-3016
-2949
-2741
-2390
-2043
-1781
-1451
-1124
-946
-850
-734
-477
-289
-264
-172
-176
-106
-218
-321
-305
-471
-386
-278
180
977
1814
2970
3745
4266
4403
4150
3511
2221
581
-1152
-2831
-4422
-5489
-5994
-5893
-5546
-4945
-3718
-2272
-828
337
1145
1614
1386
713
-11
-681
-1231
-1567
-1468
-721
397
1853
3550
5048
6091
6454
6353
5831
4716
3270
1741
355
-810
-1592
-1670
-1259
-722
-220
398
1053
1453
1470
1243
869
165
-570
-1029
-1008
-730
-425
140
845
1525
1974
2186
2199
1781
994
129
-624
-1282
-1858
-2194
-2304
-2253
-2168
-1951
-1732
-1774
-1997
-2303
-2534
-2736
-2904
-2733
-2265
-1671
-941
-166
795
1519
1863
1955
1641
1214
353
-523
-1264
-1975
-2093
-2050
-1191
64
1565
3233
4190
4764
4556
3799
2450
503
-1560
-3429
-4932
-5913
-6041
-5555
-4514
-3480
-2390
-1074
-67
736
1002
858
418
-487
-1253
-1659
-1690
-1241
-527
635
2068
3425
4750
5657
5997
5606
4624
3432
2081
750
-309
-932
-1161
-1059
-575
279
1092
1560
1724
1738
1615
1231
791
500
350
288
396
911
1648
2235
2533
2579
2398
1853
948
-14
-962
-1837
-2491
-2731
-2411
-1903
-1315
-737
-348
-272
-636
-1242
-2012
-3017
-3956
-4548
-4644
-4268
-3525
-2352
-903
408
1462
2263
2624
2526
1832
922
43
-877
-1583
-1885
-1855
-1281
-591
453
1809
2805
3661
3672
3226
2279
830
-660
-2197
-3524
-4493
-4919
-4818
-4090
-3289
-2447
-1790
-1485
-1084
-860
-547
-293
-240
-112
-59
140
561
1016
1545
1995
2338
2758
3017
3297
3408
3233
2890
2349
1905
1531
1139
785
466
171
5
-95
-17
98
55
3
22
302
780
1273
1783
2232
2574
2901
3159
3388
3410
3046
2463
1748
1032
356
-337
-946
-1491
-1945
-2126
-2107
-1976
-1870
-1912
-2028
-2250
-2554
-2847
-3161
-3507
-3785
-3838
-3582
-3022
-2298
-1456
-579
161
742
1218
1468
1526
1236
799
371
7
-281
-460
-567
-623
-424
-161
607
1422
2131
2641
2487
2111
1278
232
-898
-2204
-3365
-4206
-4569
-4387
-3828
-3247
-2694
-2437
-2159
-1641
-1005
-226
392
882
1288
1575
1912
2344
2675
2845
2814
2795
2952
3100
3197
3065
2728
2196
1580
1063
611
158
-394
-904
-1262
-1407
-1328
-1114
-833
-614
-335
130
766
1455
2005
2456
2810
3079
3364
3642
3817
3698
3180
2473
1710
939
210
-490
-1057
-1464
-1698
-1626
-1352
-1096
-1042
-1339
-1809
-2438
-3169
-3855
-4433
-4719
-4725
-4328
-3500
-2367
-1237
-304
385
761
954
772
556
222
-125
-244
-225
90
403
556
741
942
1240
1837
2327
2776
2658
2035
1238
255
-715
-1733
-2671
-3385
-3784
-3928
-3620
-3258
-3155
-3329
-3741
-3749
-3339
-2562
-1408
-300
683
1404
1940
2543
2991
3145
3116
3027
3170
3512
3991
4472
4594
4222
3500
2595
1679
614
-552
-1559
-2381
-2730
-2655
-2165
-1504
-1070
-807
-563
-218
205
634
1051
1575
2074
2712
3533
4286
4736
4491
3772
2760
1614
542
-321
-866
-1134
-1178
-920
-431
-77
-81
-589
-1365
-2273
-3121
-3632
-3800
-3667
-3382
-2929
-2300
-1582
-1058
-706
-674
-882
-1052
-1197
-927
-597
-208
186
409
659
668
642
376
185
122
427
1259
2062
2939
3130
2787
1946
744
-450
-1763
-2903
-3730
-4008
-3885
-3441
-2952
-2684
-2790
-3269
-3503
-3271
-2613
-1767
-956
-120
556
1048
1544
2015
2359
2423
2382
2688
3264
3964
4454
4622
4381
3664
2744
1840
991
40
-952
-1706
-1999
-1911
-1553
-1152
-866
-839
-896
-689
-260
346
921
1545
2250
2930
3614
4132
4263
3801
2848
1805
954
311
-100
-326
-354
-304
-246
-134
-164
-471
-1167
-1947
-2540
-2814
-2762
-2492
-2078
-1695
-1384
-1095
-786
-614
-526
-585
-639
-577
-532
-329
-167
-222
-376
-676
-945
-1035
-1289
-1194
-763
-72
1095
1997
2835
3116
2536
1517
193
-1017
-2060
-2941
-3437
-3306
-2953
-2479
-2151
-2264
-2626
-3383
-3871
-3610
-2828
-1578
-429
482
1130
1232
1118
865
587
464
571
1204
2326
3609
4711
5281
5077
4238
2981
1738
670
-272
-813
-988
-739
-292
89
377
263
-214
-768
-979
-589
171
1119
2163
3156
3931
4281
4208
3741
2851
1711
698
121
33
149
257
250
85
-215
-666
-1157
-1677
-2200
-2578
-2753
-2561
-2131
-1769
-1543
-1582
-1644
-1656
-1535
-1183
-732
-184
278
664
872
820
431
-137
-802
-1307
-1557
-1668
-1465
-1384
-953
-368
426
1370
1749
1942
1504
689
-174
-1036
-1552
-1925
-2263
-2393
-2148
-1934
-1776
-2014
-2563
-3013
-3439
-3138
-2090
-596
902
1688
1905
1640
1006
375
-156
-307
3
658
1782
3151
4285
4808
4422
3378
2090
899
105
-314
-448
-375
-220
10
140
9
-322
-871
-1335
-1359
-815
290
1552
2625
3427
3850
3922
3700
3270
2779
2241
1765
1477
1350
1278
976
354
-426
-1233
-1841
-2218
-2379
-2361
-2304
-2309
-2369
-2415
-2453
-2490
-2548
-2462
-2092
-1444
-664
38
630
924
1019
839
509
239
-55
-266
-419
-509
-518
-454
-673
-695
-562
-173
644
1066
1498
1630
1229
649
-294
-1129
-1683
-2273
-2693
-2791
-2737
-2548
-2652
-2993
-3139
-3140
-2699
-1838
-710
592
1401
1632
1473
1050
810
633
656
1097
1798
2720
3558
4032
4055
3492
2387
1120
54
-480
-543
-393
-188
-51
56
2
-319
-789
-1220
-1447
-1318
-875
-47
1086
2063
2684
2922
3004
3060
2964
2729
2509
2422
2339
2134
1821
1461
951
274
-470
-1052
-1289
-1472
-1669
-1974
-2398
-2752
-3109
-3354
-3378
-3223
-2890
-2411
-1901
-1293
-697
-217
138
283
452
558
677
746
707
659
497
215
-124
-585
-846
-716
-228
723
1265
1506
1437
949
560
-156
-887
-1287
-1595
-1689
-1671
-1710
-1765
-2049
-2719
-3366
-3658
-3288
-2264
-1010
158
833
1066
908
543
374
345
639
1231
2016
3055
4036
4563
4392
3588
2399
1267
419
-9
-108
-58
-101
-265
-454
-783
-1107
-1499
-1786
-1782
-1458
-729
207
1126
1749
2032
2037
1959
1935
1979
2095
2130
2100
2021
1916
1741
1397
892
393
-27
-301
-432
-520
-706
-1139
-1748
-2359
-2760
-2942
-2908
-2694
-2427
-2142
-1888
-1549
-1175
-860
-625
-434
-110
235
580
827
878
750
484
223
25
-178
-272
-31
544
1233
1582
1511
1074
533
-39
-554
-979
-1359
-1516
-1538
-1381
-1305
-1427
-1711
-2110
-2427
-2570
-2327
-1684
-783
-55
206
17
-385
-601
-535
-186
363
1093
1985
2908
3596
3889
3658
3053
2223
1436
961
814
968
1063
917
480
-120
-668
-1118
-1478
-1782
-1887
-1670
-1057
-231
521
1014
1214
1282
1342
1491
1680
1886
1993
1954
1810
1578
1387
1202
996
712
362
84
-75
-187
-394
-810
-1388
-1904
-2262
-2342
-2231
-2091
-1934
-1889
-1870
-1792
-1627
-1300
-899
-510
-127
207
455
594
522
328
80
-187
-321
-359
-254
-1
319
728
1046
1102
867
416
-29
-367
-654
-926
-1147
-1247
-1199
-1091
-1043
-1093
-1259
-1489
-1608
-1497
-1148
-662
-224
53
109
-53
-276
-348
-182
197
657
1093
1538
1939
2265
2413
2278
1928
1531
1307
1323
1436
1446
1297
953
509
63
-318
-557
-738
-859
-852
-670
-340
55
378
640
793
857
964
1100
1306
1448
1454
1385
1244
1119
1008
875
722
518
287
120
-12
-130
-324
-690
-1121
-1557
-1856
-1994
-2061
-2080
-2124
-2154
-2102
-1928
-1607
-1190
-811
-519
-343
-252
-193
-199
-228
-281
-324
-348
-331
-246
-97
92
264
409
453
377
189
-41
-260
-455
-604
-668
-609
-488
-363
-291
-275
-320
-425
-515
-554
-509
-389
-185
86
360
556
649
694
721
760
791
844
930
1023
1141
1272
1436
1557
1566
1451
1270
1092
932
798
686
587
425
198
-41
-196
-255
-288
-304
-290
-175
9
234
437
556
561
461
371
360
452
556
629
629
554
421
266
150
50
-59
-203
-319
-401
-496
-674
-931
-1211
-1488
-1694
-1805
-1784
-1693
-1590
-1484
-1352
-1178
-1015
-897
-828
-766
-706
-622
-515
-359
-160
7
104
115
95
85
134
261
446
604
621
503
328
199
118
46
-25
-86
-123
-131
-106
-80
-94
-159
-199
-137
40
302
585
812
921
902
810
715
636
583
564
582
613
633
643
655
649
589
470
334
232
185
201
262
308
268
138
-10
-101
-124
-113
-107
-113
-113
-83
-10
56
57
-9
-78
-75
13
151
292
401
451
462
472
498
525
516
482
431
342
200
15
-187
-410
-657
-900
-1068
-1129
-1121
-1113
-1145
-1204
-1248
-1230
-1118
-925
-721
-568
-465
-385
-316
-279
-285
-328
-395
-465
-516
-483
-318
-48
260
488
544
414
182
2
-28
64
165
183
107
-8
-84
-101
-92
-130
-216
-254
-145
122
446
692
777
712
589
523
569
694
815
873
863
813
737
651
547
425
280
124
-3
-73
-90
-81
-76
-84
-94
-79
-13
99
218
292
296
255
218
223
275
337
362
328
249
169
113
65
5
-66
-104
-68
48
205
357
458
486
442
345
210
49
-109
-241
-341
-452
-614
-844
-1116
-1380
-1576
-1642
-1540
-1292
-964
-634
-369
-212
-172
-200
-231
-231
-205
-171
-126
-63
8
65
91
60
-37
-173
-285
-332
-330
-330
-364
-421
-477
-504
-473
-382
-271
-169
-58
101
313
531
703
788
767
667
568
555
648
786
891
926
891
814
726
659
616
566
486
406
368
369
365
320
235
123
7
-83
-132
-162
-213
-279
-312
-272
-161
3
199
388
515
567
567
532
452
321
184
85
42
54
107
154
148
79
10
-5
32
83
115
100
46
-19
-84
-186
-391
-720
-1102
-1418
-1585
-1570
-1416
-1209
-1027
-894
-767
-610
-437
-296
-217
-180
-131
-32
135
318
430
408
264
93
-29
-78
-86
-110
-196
-347
-514
-652
-748
-836
-936
-1022
-1031
-914
-664
-322
20
287
459
572
686
839
1035
1240
1400
1476
1464
1387
1251
1073
873
677
522
430
412
448
489
504
476
419
357
297
248
210
172
121
46
-57
-178
-290
-360
-354
-273
-147
-20
72
132
166
188
196
183
156
141
162
226
294
315
260
147
43
-2
32
112
182
194
125
-34
-263
-542
-847
-1137
-1374
-1505
-1502
-1385
-1198
-1013
-877
-809
-798
-805
-779
-690
-530
-336
-153
-19
50
71
75
79
96
125
165
211
242
239
178
35
-181
-424
-626
-734
-737
-659
-550
-445
-342
-224
-67
128
338
544
739
921
1098
1252
1355
1377
1312
1195
1083
1019
992
965
912
822
714
618
558
537
539
532
507
479
451
411
319
162
-25
-205
-329
-379
-360
-308
-289
-342
-453
-562
-611
-591
-522
-431
-349
-287
-256
-243
-222
-208
-210
-213
-163
-15
194
379
487
487
385
183
-91
-371
-602
-769
-897
-1004
-1066
-1073
-1049
-1035
-1024
-988
-921
-841
-761
-636
-439
-224
-64
15
53
86
110
129
169
251
341
389
387
370
358
328
245
116
-23
-130
-172
-148
-78
6
64
93
125
194
309
435
536
595
632
678
760
870
942
916
803
674
592
554
522
482
446
419
402
422
509
629
688
623
471
325
230
145
24
-121
-247
-330
-390
-446
-508
-596
-733
-906
-1044
-1066
-977
-853
-771
-732
-689
-617
-516
-405
-303
-215
-117
31
249
484
628
628
509
344
187
66
-17
-92
-197
-327
-424
-442
-411
-414
-494
-612
-681
-646
-525
-377
-272
-242
-257
-254
-180
-47
72
130
151
192
287
419
524
545
474
355
263
243
281
314
274
161
48
25
97
191
230
202
164
178
261
383
490
520
455
345
264
247
245
187
65
-67
-134
-104
3
136
232
241
178
112
112
188
274
298
253
196
183
195
175
82
-69
-233
-372
-461
-492
-498
-529
-614
-726
-791
-771
-701
-652
-641
-621
-530
-360
-177
-40
49
130
240
378
510
582
561
462
354
291
263
217
109
-36
-170
-264
-320
-340
-316
-279
-274
-290
-252
-108
61
118
33
-85
-116
-55
17
55
85
132
178
194
196
213
223
175
79
14
32
98
141
139
124
114
97
65
50
79
142
205
246
272
267
220
130
27
-52
-100
-136
-165
-179
-162
-131
-117
-133
-166
-175
-128
-30
90
198
286
344
352
311
254
223
205
160
88
39
52
92
82
-7
-133
-242
-331
-432
-548
-644
-675
-637
-571
-506
-425
-295
-135
-6
64
118
201
302
364
362
342
348
364
346
285
207
142
89
26
-53
-125
-169
-186
-184
-168
-130
-78
-43
-59
-126
-209
-265
-276
-237
-159
-55
49
126
163
162
132
74
-2
-68
-93
-48
47
138
186
197
189
166
137
114
133
202
300
386
431
424
356
230
79
-52
-129
-161
-187
-228
-261
-267
-256
-262
-297
-321
-294
-194
-31
164
331
408
370
249
120
37
1
-15
-20
-6
17
27
7
-38
-111
-212
-319
-372
-344
-265
-196
-180
-203
-228
-245
-243
-212
-153
-87
-26
41
135
236
279
251
204
202
269
360
410
392
295
140
-26
-147
-190
-175
-150
-140
-118
-51
35
71
4
-139
-279
-331
-282
-174
-70
-12
7
4
-15
-39
-64
-69
-47
2
73
159
243
298
297
250
202
187
211
247
267
268
267
267
254
198
90
-33
-117
-142
-133
-130
-142
-147
-133
-123
-135
-162
-181
-167
-126
-74
-18
33
69
85
70
39
26
52
110
162
171
134
66
-14
-103
-202
-314
-407
-447
-436
-410
-404
-391
-334
-263
-238
-274
-301
-245
-124
-22
14
11
24
85
162
202
223
255
290
276
204
143
154
195
186
117
52
64
144
218
227
154
49
-8
-16
-27
-72
-122
-124
-84
-62
-47
19
117
171
140
82
95
174
243
289
326
367
408
440
470
514
547
536
486
416
369
337
244
72
-114
-235
-287
-336
-400
-418
-370
-332
-351
-399
-417
-394
-376
-372
-344
-293
-234
-173
-122
-116
-162
-215
-215
-178
-172
-203
-216
-189
-158
-182
-262
-344
-388
-390
-373
-339
-281
-209
-165
-181
-218
-221
-172
-118
-84
-54
-4
57
97
134
192
259
294
299
324
391
464
477
437
392
376
378
384
412
475
548
578
532
435
336
262
190
105
46
50
87
93
38
-23
-40
-24
-33
-83
-127
-115
-50
14
35
21
6
5
24
71
160
267
327
286
169
55
-7
-34
-78
-171
-294
-393
-441
-441
-438
-471
-529
-582
-588
-532
-441
-339
-266
-237
-243
-266
-270
-245
-205
-170
-146
-127
-88
-27
32
49
-4
-110
-203
-238
-221
-204
-206
-194
-142
-67
-25
-37
-66
-60
-15
41
100
182
285
366
367
303
247
248
279
283
265
281
360
452
490
449
366
307
298
338
409
499
585
640
652
615
543
438
301
143
-8
-113
-151
-151
-159
-214
-295
-364
-399
-402
-390
-361
-310
-245
-187
-142
-95
-34
29
64
71
84
131
198
247
242
180
77
-38
-152
-263
-356
-424
-467
-502
-531
-553
-547
-502
-442
-403
-395
-385
-332
-233
-126
-60
-40
-26
2
36
57
72
102
135
133
79
8
-23
-6
5
-44
-133
-187
-164
-102
-67
-61
-47
2
65
106
127
156
199
235
245
242
259
304
346
355
330
294
260
228
197
162
132
122
145
203
269
317
345
373
423
485
515
486
403
299
204
117
35
-41
-120
-199
-269
-317
-327
-313
-308
-333
-371
-375
-312
-197
-81
-8
28
61
117
188
242
256
223
150
67
-16
-97
-188
-298
-415
-511
-564
-573
-560
-545
-532
-506
-455
-375
-286
-216
-166
-130
-81
-14
54
95
99
77
53
41
40
37
11
-38
-91
-128
-137
-129
-116
-104
-85
-40
25
94
151
183
194
201
211
233
265
290
297
285
272
268
274
276
262
234
213
210
224
240
249
241
231
229
241
267
290
301
290
269
250
230
197
143
62
-27
-105
-160
-200
-237
-280
-322
-356
-371
-367
-352
-338
-326
-305
-265
-203
-128
-51
16
81
148
212
265
294
296
268
220
163
89
0
-105
-213
-304
-362
-393
-414
-443
-475
-487
-466
-407
-328
-250
-187
-127
-58
20
101
161
183
180
161
145
137
125
91
35
-35
-98
-143
-166
-174
-175
-167
-144
-99
-42
20
75
118
155
189
226
257
271
259
229
187
145
110
84
59
37
21
14
19
33
53
78
107
147
200
263
325
384
424
437
421
377
315
242
165
83
-2
-91
-179
-257
-325
-379
-422
-448
-451
-423
-369
-293
-209
-123
-45
28
95
156
212
263
313
354
384
392
369
311
228
130
34
-51
-120
-176
-223
-261
-300
-339
-377
-407
-422
-410
-375
-322
-259
-197
-143
-103
-76
-56
-45
-38
-31
-20
-13
-10
-23
-51
-90
-136
-176
-201
-208
-197
-174
-146
-117
-93
-73
-59
-45
-22
14
61
110
150
177
185
178
158
134
114
104
105
118
141
166
193
216
239
266
294
328
370
410
454
493
521
533
529
502
457
394
321
238
150
61
-25
-106
-184
-254
-315
-363
-397
-412
-407
-384
-342
-284
-215
-145
-76
-10
50
101
145
175
192
196
181
147
92
20
-63
-151
-237
-317
-389
-448
-494
-519
-530
-523
-503
-472
-424
-363
-292
-216
-142
-73
-18
25
52
67
72
67
55
35
15
-8
-29
-48
-64
-75
-78
-75
-62
-44
-15
16
51
90
131
170
206
232
254
267
271
268
260
249
236
214
193
170
151
139
134
141
156
179
212
254
303
349
390
424
448
458
453
429
389
330
260
181
94
8
-75
-152
-216
-269
-312
-343
-365
-377
-381
-378
-366
-346
-321
-289
-252
-210
-162
-112
-63
-18
17
40
51
45
23
-18
-73
-138
-206
-273
-338
-394
-436
-461
-465
-446
-409
-357
-293
-221
-148
-73
-8
50
96
132
162
183
194
200
201
198
191
176
158
138
118
98
80
63
52
45
41
40
42
50
63
81
102
128
154
177
194
202
203
191
177
157
133
110
87
69
56
48
49
58
73
100
133
170
210
245
272
289
294
283
255
214
160
98
29
-43
-115
-183
-245
-299
-347
-384
-410
-423
-419
-400
-367
-325
-271
-211
-149
-86
-27
26
72
108
134
149
152
142
121
87
44
-5
-59
-109
-155
-192
-218
-233
-237
-230
-214
-189
-156
-119
-76
-34
11
51
82
106
122
128
125
112
98
80
60
41
26
18
13
14
22
29
41
54
68
81
90
101
106
108
109
103
93
80
63
41
21
2
-15
-30
-39
-44
-45
-40
-32
-20
-6
11
30
49
71
92
110
126
137
141
138
130
116
93
63
31
-3
-36
-65
-93
-117
-142
-163
-180
-191
-196
-190
-173
-145
-107
-65
-20
22
58
93
126
155
183
209
233
247
251
234
200
147
80
11
-61
-122
-172
-212
-238
-255
-267
-277
-280
-274
-257
-228
-186
-133
-76
-18
35
79
111
126
129
124
110
94
79
64
51
37
23
6
-10
-23
-31
-35
-37
-33
-30
-26
-23
-25
-26
-29
-35
-42
-51
-61
-71
-78
-80
-79
-74
-67
-59
-47
-33
-13
16
49
87
129
175
217
258
294
321
338
340
331
305
267
219
165
108
47
-16
-80
-143
-201
-246
-279
-292
-288
-272
-245
-210
-170
-125
-72
-21
32
81
124
158
182
203
215
213
197
162
117
71
21
-27
-69
-106
-140
-170
-197
-219
-233
-242
-245
-239
-223
-200
-174
-147
-118
-89
-62
-39
-19
-5
7
18
27
36
48
59
67
72
77
78
78
79
76
75
74
70
65
59
51
44
37
31
27
21
19
17
18
23
26
29
31
30
28
29
30
36
50
69
89
112
135
156
171
181
185
183
180
172
155
131
99
61
17
-29
-77
-122
-162
-194
-218
-233
-237
-235
-230
-218
-203
-177
-145
-109
-73
-36
1
29
54
73
85
87
81
68
52
29
1
-28
-56
-82
-104
-121
-135
-141
-145
-145
-140
-133
-117
-98
-80
-62
-43
-25
-9
9
22
35
47
57
66
77
88
101
111
119
127
137
147
152
153
154
151
148
141
131
120
107
91
74
59
43
28
17
3
-7
-16
-24
-28
-33
-33
-30
-27
-24
-17
-9
0
10
18
25
32
36
38
37
31
21
8
-7
-23
-40
-58
-76
-93
-111
-128
-142
-154
-162
-164
-163
-160
-155
-146
-131
-113
-93
-69
-43
-16
11
34
53
68
78
81
82
77
68
58
44
30
16
1
-11
-21
-29
-33
-36
-36
-34
-27
-19
-12
-6
-1
1
7
9
10
12
15
18
19
24
32
41
54
65
75
89
101
113
124
132
140
144
139
133
127
115
100
85
66
50
34
13
-1
-18
-32
-45
-56
-67
-74
-76
-76
-74
-69
-61
-49
-40
-31
-22
-14
-8
-2
0
2
-2
-7
-13
-19
-28
-39
-51
-64
-77
-89
-98
-104
-109
-112
-114
-113
-113
-105
-94
-86
-71
-57
-41
-24
-8
7
19
29
38
46
51
52
55
54
53
52
48
45
41
36
33
28
26
23
22
24
25
29
32
36
37
40
42
42
41
37
38
39
39
40
40
41
42
42
43
45
47
48
48
49
48
44
39
35
28
21
13
4
-3
-12
-19
-27
-34
-39
-46
-52
-57
-58
-59
-61
-62
-60
-58
-54
-53
-48
-42
-35
-30
-27
-23
-19
-16
-14
-14
-16
-20
-25
-27
-29
-32
-33
-35
-37
-36
-35
-34
-33
-30
-26
-22
-17
-13
-6
-1
3
8
11
16
19
23
29
32
38
41
44
50
51
50
50
47
44
42
41
38
34
32
31
31
31
31
28
25
24
24
21
17
13
10
7
3
0
-2
-2
-1
-1
-1
-2
-3
-3
-6
-7
-6
-5
-5
-4
-4
-4
-5
-8
-12
-17
-23
-27
-31
-33
-34
-36
-35
-38
-40
-42
-41
-40
-38
-35
-32
-27
-21
-16
-11
-5
-2
3
5
6
6
7
7
7
5
4
5
5
6
6
7
6
5
6
5
5
6
6
6
6
7
8
7
10
10
12
14
