11
12
11
11
9
9
9
7
4
3
5
4
4
4
6
7
6
5
5
3
1
4
3
0
0
2
3
2
2
0
-4
-3
-5
-7
-6
-6
-7
-7
-9
-9
-11
-9
-9
-9
-7
-9
-10
-10
-8
-7
-6
-7
-5
-2
-1
-2
-3
-3
-1
1
1
2
1
1
-1
3
5
2
-1
-2
-4
-4
-3
-4
-6
-8
-11
-13
-16
-18
-16
-17
-18
-19
-22
-20
-19
-19
-16
-13
-8
-6
-2
1
3
5
10
14
19
27
35
39
40
39
39
40
41
40
34
32
34
34
31
28
26
19
16
15
15
15
12
5
3
0
-4
-8
-9
-11
-11
-11
-14
-16
-17
-16
-21
-20
-18
-19
-18
-15
-16
-16
-19
-24
-22
-23
-25
-23
-22
-25
-25
-24
-27
-24
-22
-26
-25
-21
-19
-20
-15
-14
-11
-5
-3
1
2
5
3
3
5
6
7
9
12
18
22
24
26
29
33
34
32
30
26
27
28
27
23
16
10
5
2
1
-1
-3
-6
-12
-16
-23
-30
-34
-40
-42
-44
-40
-34
-28
-20
-16
-13
-7
1
7
11
18
24
29
33
34
34
37
49
54
57
62
65
74
77
68
66
60
57
57
48
40
31
21
12
1
-9
-20
-29
-37
-46
-54
-60
-62
-68
-78
-84
-88
-92
-100
-120
-125
-126
-132
-132
-139
-148
-148
-154
-153
-157
-164
-159
-150
-139
-137
-135
-122
-113
-103
-80
-72
-61
-32
-9
8
29
53
72
90
98
104
127
138
136
146
156
168
182
193
200
210
242
269
281
310
329
335
354
348
336
324
287
243
216
188
142
106
74
40
14
-17
-57
-86
-110
-153
-203
-243
-290
-332
-367
-408
-436
-437
-426
-416
-389
-335
-287
-233
-169
-109
-49
7
46
81
114
140
151
161
175
185
198
209
216
227
236
231
223
220
209
183
159
134
107
80
56
31
14
2
-16
-31
-35
-43
-52
-56
-64
-70
-73
-86
-96
-94
-91
-98
-104
-97
-96
-103
-101
-104
-110
-107
-120
-135
-134
-135
-144
-140
-131
-123
-100
-85
-76
-56
-31
-19
-10
12
30
38
50
55
56
59
53
40
34
30
30
34
40
63
88
112
145
186
226
249
268
285
281
275
266
241
202
173
149
117
84
65
43
18
3
-16
-49
-89
-134
-189
-259
-326
-376
-421
-463
-474
-461
-433
-390
-341
-274
-201
-134
-65
5
47
82
130
152
161
191
226
244
272
307
337
356
367
374
363
335
303
269
211
157
126
86
39
17
9
-18
-27
-23
-37
-47
-49
-56
-72
-81
-96
-113
-123
-132
-140
-149
-155
-163
-170
-177
-189
-202
-197
-211
-236
-228
-230
-246
-245
-242
-249
-237
-211
-187
-158
-126
-88
-46
-18
9
43
49
44
59
60
48
54
47
30
31
28
24
44
70
102
171
243
299
375
430
448
472
474
442
405
362
303
239
169
94
33
-27
-79
-82
-70
-75
-57
-49
-111
-191
-284
-425
-555
-641
-702
-727
-692
-630
-546
-428
-300
-173
-42
79
182
267
322
345
363
370
366
375
398
418
446
488
502
500
505
469
416
381
319
247
206
149
91
65
30
-16
-21
-29
-58
-59
-63
-83
-90
-102
-131
-155
-184
-221
-245
-267
-304
-319
-319
-335
-330
-307
-303
-293
-274
-278
-289
-291
-316
-349
-363
-383
-391
-364
-335
-302
-249
-199
-158
-106
-69
-50
-29
-7
-4
-1
9
4
8
26
28
40
71
99
140
210
297
396
517
625
711
787
827
813
773
701
591
480
364
234
135
55
-18
-49
-56
-69
-70
-80
-130
-213
-329
-488
-660
-813
-937
-1007
-1016
-965
-841
-671
-476
-259
-51
142
312
437
523
572
585
569
547
514
490
498
505
525
565
590
612
613
571
509
425
322
228
151
72
25
14
2
9
34
33
22
12
-25
-70
-126
-207
-289
-359
-432
-497
-531
-571
-612
-618
-614
-606
-597
-606
-613
-616
-624
-635
-649
-660
-658
-629
-584
-538
-491
-428
-359
-289
-196
-108
-25
70
139
198
257
277
285
283
264
254
253
267
298
351
442
572
748
935
1128
1303
1439
1529
1518
1421
1246
998
724
423
140
-90
-270
-370
-415
-417
-370
-346
-347
-378
-497
-667
-896
-1168
-1421
-1632
-1732
-1713
-1583
-1308
-931
-482
5
422
792
1068
1189
1224
1134
986
833
646
522
451
439
510
594
699
793
831
816
719
553
348
113
-104
-280
-390
-412
-358
-227
-52
132
299
413
464
441
342
196
4
-192
-371
-528
-624
-676
-685
-652
-623
-591
-584
-619
-676
-775
-867
-953
-1021
-1039
-1039
-988
-901
-823
-717
-616
-532
-435
-358
-274
-186
-107
-10
67
152
237
292
341
362
344
314
285
267
305
424
626
925
1283
1666
2013
2247
2352
2258
2001
1600
1061
520
-14
-489
-809
-1035
-1107
-1052
-945
-762
-634
-563
-584
-788
-1039
-1415
-1840
-2136
-2364
-2341
-2057
-1591
-877
-78
759
1542
2097
2441
2475
2253
1877
1318
767
278
-114
-248
-215
-13
333
639
915
1051
991
824
491
120
-247
-600
-799
-874
-747
-414
-26
430
827
1117
1334
1346
1211
933
523
147
-205
-453
-556
-588
-511
-411
-343
-321
-420
-598
-866
-1212
-1529
-1814
-1986
-1987
-1877
-1643
-1337
-1030
-708
-404
-198
-114
-161
-309
-437
-494
-507
-451
-330
-191
4
204
378
591
721
709
614
522
702
1208
1860
2424
2726
2861
2854
2658
2138
1177
94
-913
-1698
-2152
-2505
-2628
-2415
-1996
-1318
-695
-299
-43
-101
-394
-922
-1703
-2327
-2602
-2405
-1700
-773
352
1610
2854
3995
4634
4619
4022
2967
1839
682
-435
-1263
-1752
-1705
-1177
-466
340
983
1316
1376
1062
490
-191
-843
-1220
-1313
-1146
-724
-71
828
1725
2351
2563
2313
1792
1093
299
-464
-1163
-1634
-1745
-1509
-1017
-501
-86
191
230
-4
-523
-1179
-1734
-2137
-2329
-2316
-2113
-1651
-1042
-362
246
547
570
360
45
-307
-821
-1342
-1683
-1722
-1387
-911
-367
190
600
864
901
709
394
102
168
712
1535
2317
2841
3220
3395
3139
2303
928
-506
-1662
-2472
-2920
-3191
-3199
-2780
-2000
-942
-41
421
512
243
-212
-892
-1768
-2422
-2684
-2326
-1343
-97
1332
2688
3806
4666
4844
4221
3003
1535
287
-697
-1454
-1823
-1656
-928
108
1143
1910
2271
2187
1647
842
-53
-874
-1330
-1313
-875
-127
768
1733
2665
3227
3208
2664
1710
670
-303
-1227
-1901
-2287
-2310
-1851
-1211
-606
-169
-44
-108
-391
-946
-1616
-2231
-2560
-2480
-2127
-1592
-917
-216
412
800
765
365
-244
-898
-1423
-1834
-2091
-2076
-1760
-1184
-485
195
709
947
921
715
469
252
321
1033
2140
3108
3616
3639
3422
2790
1395
-491
-2348
-3664
-4190
-4153
-3767
-3179
-2415
-1383
-222
745
1130
860
247
-561
-1428
-2213
-2780
-2731
-1981
-641
1135
2761
3873
4528
4740
4435
3342
1613
-21
-1103
-1576
-1610
-1240
-345
834
1983
2819
3092
2805
1978
849
-193
-1038
-1527
-1474
-854
251
1442
2353
2939
3171
3067
2643
1875
915
-16
-685
-923
-888
-825
-763
-611
-391
-376
-747
-1354
-1958
-2395
-2675
-2771
-2560
-2091
-1408
-607
64
473
497
237
-150
-785
-1589
-2340
-2846
-2904
-2592
-2020
-1293
-664
-163
234
539
688
575
373
225
290
808
1806
3128
4167
4381
3897
2960
1690
28
-1986
-3822
-4941
-5119
-4475
-3387
-2271
-1324
-467
297
809
819
266
-419
-988
-1377
-1432
-1275
-805
101
1219
2434
3248
3301
2863
2174
1462
631
-363
-1061
-1225
-797
4
813
1695
2459
2935
3167
2896
2284
1513
598
-5
-313
-442
-176
333
1036
1682
1931
1918
1760
1545
1317
999
626
297
166
249
288
142
-305
-863
-1222
-1579
-1895
-2075
-2150
-1998
-1625
-1122
-605
-265
-103
26
-32
-304
-791
-1420
-1880
-2227
-2536
-2801
-2953
-2846
-2508
-2089
-1614
-1244
-1084
-884
-600
-66
658
1365
2330
3736
5128
5609
4975
3543
1777
-80
-2133
-3962
-5010
-5158
-4416
-3118
-2007
-1226
-790
-527
-80
63
-258
-689
-916
-851
-486
138
813
1509
2123
2663
3134
3085
2292
1342
632
104
-413
-1037
-1262
-893
-311
249
784
1273
1637
1889
2013
2002
1708
1237
988
1094
1340
1514
1675
1951
2155
2079
1822
1341
756
270
-84
-207
-239
-272
-99
219
324
124
-296
-748
-1092
-1408
-1664
-1755
-1667
-1370
-864
-342
34
227
298
349
201
-228
-786
-1396
-1886
-2209
-2505
-2736
-2887
-2909
-2679
-2223
-1809
-1575
-1407
-1229
-849
-364
139
989
2257
3710
4707
4761
4062
2802
1212
-632
-2570
-3914
-4395
-4074
-3101
-2157
-1508
-1034
-793
-553
-352
-406
-570
-595
-398
-110
250
534
795
1231
1641
2024
2255
2033
1723
1546
1267
858
316
-95
-99
22
166
428
734
1039
1305
1463
1416
1084
563
181
103
177
424
912
1561
2267
2709
2796
2663
2194
1534
828
55
-529
-903
-1078
-951
-782
-760
-773
-795
-805
-827
-901
-917
-766
-448
-70
312
631
789
806
607
210
-366
-1044
-1615
-2030
-2279
-2477
-2510
-2398
-2286
-2116
-1888
-1519
-1112
-826
-508
53
569
1224
2079
2990
3728
3339
2209
810
-700
-2231
-3875
-5038
-5215
-4307
-2936
-1606
-788
-543
-395
-128
90
112
-19
-241
20
266
309
357
122
86
293
655
1147
1343
1327
1562
1894
2038
1617
989
733
602
683
816
1124
1765
2299
2630
2718
2239
1415
614
-18
-252
-326
-76
627
1511
2308
2644
2663
2326
1712
1104
402
-206
-654
-930
-835
-784
-1051
-1397
-1759
-1931
-1966
-2026
-1720
-1148
-486
230
657
882
776
342
-74
-573
-1091
-1563
-1913
-1896
-1744
-1624
-1539
-1709
-1774
-1587
-1463
-1248
-1157
-959
-219
777
2028
3343
4470
4836
4037
2517
548
-1420
-3358
-5181
-5851
-5234
-3908
-2293
-1249
-972
-1105
-1402
-1308
-949
-560
-131
437
1261
1739
1737
1342
589
18
-342
-395
-59
194
476
997
1381
1344
754
58
-158
-73
317
1018
1883
2886
3587
3867
3626
2703
1451
184
-524
-447
134
1210
2334
3165
3577
3306
2624
1633
438
-521
-1039
-1087
-857
-470
-52
-16
-380
-982
-1648
-1956
-2029
-1872
-1348
-740
-91
395
532
436
29
-630
-1188
-1625
-1717
-1619
-1629
-1582
-1809
-2028
-2170
-2338
-2303
-2142
-1740
-1171
-204
1090
2439
3857
5258
5734
4611
2383
-346
-2398
-4033
-5542
-6064
-5535
-4064
-2287
-1134
-1194
-1960
-2642
-2625
-1624
-302
777
1746
2627
2920
2695
1753
396
-486
-903
-552
481
1302
1721
2015
2118
1812
741
-642
-1381
-1144
-222
761
1825
2743
3219
3262
2619
1460
158
-797
-771
213
1491
2782
3691
4098
4019
3135
1999
918
135
76
520
1090
1327
1060
300
-842
-2260
-3721
-4431
-4048
-2952
-1327
268
1322
1886
1662
863
-27
-1070
-1834
-1948
-1564
-861
-368
-252
-533
-1154
-1938
-2946
-3555
-3629
-3442
-2734
-1544
-35
1836
3572
4887
5495
4549
2665
561
-1478
-3219
-4677
-5257
-4694
-3525
-2598
-2252
-2653
-3397
-3762
-3399
-2217
-762
436
1306
1932
1931
1374
600
-23
69
716
1828
3074
3780
3761
3062
1834
378
-1145
-2174
-2083
-1085
385
1868
3084
3814
3780
3050
1960
834
-59
-436
52
1326
2619
3517
3774
3283
2422
1385
553
366
625
1117
1705
1951
1631
670
-707
-2044
-3109
-3607
-3330
-2408
-1218
-175
320
272
-182
-946
-1554
-1758
-1596
-1056
-250
450
672
361
-364
-1179
-1892
-2362
-2508
-2325
-1824
-1215
-401
559
1424
2288
3205
3212
2273
952
-790
-1859
-2520
-3231
-3217
-2601
-1951
-1570
-1918
-3113
-4119
-4474
-3978
-2609
-1113
-267
150
263
-299
-927
-1640
-1980
-1283
73
1793
3255
3822
3547
2775
1774
788
-141
-459
166
1406
2761
3477
3407
2776
1807
716
-99
-359
-169
583
1813
3063
4016
4173
3376
2372
1576
1079
1192
1699
2270
2828
2931
2435
1515
145
-1303
-2293
-2670
-2406
-1701
-929
-311
-147
-566
-1286
-1971
-2305
-2088
-1439
-576
247
649
500
4
-651
-1374
-1811
-1929
-1807
-1379
-979
-720
-540
-237
460
1728
2994
2894
1620
49
-1465
-2465
-3562
-4828
-4977
-3916
-2409
-1301
-1464
-2647
-3708
-3800
-2743
-1041
216
369
112
-206
-860
-1601
-2466
-2782
-1739
84
2062
3400
3401
2470
1350
430
-284
-843
-758
334
1966
3292
3757
3430
2632
1677
877
495
530
929
1708
2722
3624
3897
3259
2123
1224
757
758
1250
1905
2606
3056
2855
2200
1194
53
-737
-1032
-800
-235
325
673
626
68
-865
-1884
-2490
-2463
-2166
-1664
-1035
-576
-267
-83
-205
-426
-556
-560
-324
21
86
-80
35
424
1293
2336
2878
2243
430
-1388
-3029
-4247
-5113
-5598
-5030
-3592
-2058
-1383
-1884
-3173
-4045
-3901
-2798
-1375
-354
91
-413
-1444
-2584
-3534
-4014
-3614
-2073
153
2369
3534
3469
2692
1483
286
-426
-592
49
1323
2605
3495
3523
2749
1551
467
10
326
1253
2452
3566
4423
4824
4546
3727
2536
1592
1298
1642
2295
2620
2520
1816
723
-359
-1250
-1541
-1268
-570
435
1364
1920
1850
1097
57
-953
-1635
-1764
-1474
-948
-579
-559
-906
-1549
-2050
-2297
-2220
-1654
-827
40
633
830
930
1248
1976
3070
4350
4601
3074
629
-1960
-4084
-5613
-6573
-6507
-5193
-3247
-1830
-1693
-2920
-4490
-4928
-3792
-1784
209
1515
1683
781
-971
-3022
-4628
-5239
-4559
-2689
-171
1862
2648
2209
1015
-323
-1332
-1614
-959
599
2406
3670
3995
3378
2243
1101
277
-39
394
1415
2567
3515
3872
3674
3342
3056
2828
2837
3235
3931
4528
4504
3782
2572
1154
-65
-801
-964
-780
-577
-419
-330
-377
-522
-683
-764
-600
-245
109
270
5
-597
-1318
-1882
-2129
-2064
-1720
-1233
-824
-800
-907
-780
-450
426
1825
3546
5091
5037
3299
841
-1629
-3668
-5152
-5754
-5441
-4243
-2990
-2444
-2695
-3827
-4920
-5023
-3856
-1945
-209
533
180
-899
-2174
-2867
-2849
-2111
-913
577
1999
2653
2124
669
-841
-1881
-1994
-1285
-140
1062
1705
1690
1407
1040
642
507
762
1448
2313
2912
2914
2449
1951
1699
2041
2841
3670
4343
4714
4619
3981
2851
1485
452
116
392
1040
1686
1888
1567
903
-2
-860
-1341
-1338
-841
-132
316
340
-21
-706
-1408
-1918
-2116
-1880
-1411
-937
-645
-470
-248
284
1286
2715
4301
4636
3198
1063
-913
-2450
-3573
-4177
-4116
-3458
-2789
-2731
-3525
-4921
-5967
-5842
-4430
-2181
-52
960
460
-1195
-3196
-4619
-4727
-3657
-2001
-201
1228
1884
1558
405
-1033
-2023
-1942
-795
933
2579
3322
2852
1716
599
-125
-315
98
989
2092
3027
3325
2918
2153
1483
1210
1538
2382
3298
4025
4463
4452
3893
2996
2165
1705
1580
1513
1435
1265
753
7
-658
-1094
-1185
-868
-292
231
539
569
309
-102
-563
-1003
-1228
-1168
-1024
-910
-978
-1282
-1495
-1257
-375
1185
3234
4572
4123
2343
241
-1546
-2868
-3469
-3168
-2310
-1535
-1407
-2284
-4098
-5880
-6580
-5819
-3891
-1593
111
428
-603
-2312
-3813
-4335
-3642
-1957
49
1634
2289
1852
703
-648
-1768
-2150
-1610
-453
789
1554
1394
384
-756
-1404
-1322
-591
600
1944
2909
3220
2869
2185
1646
1495
1806
2473
3318
3991
4156
3693
2723
1773
1281
1334
1834
2384
2658
2618
2265
1598
770
67
-269
-104
461
1066
1243
847
192
-505
-1022
-1035
-699
-441
-322
-366
-721
-1026
-857
-322
723
2255
3229
2906
1537
-240
-1791
-2818
-3267
-3024
-2195
-1408
-1200
-1789
-3229
-4903
-5706
-5152
-3606
-1694
-153
187
-833
-2441
-3754
-4287
-3820
-2457
-716
831
1627
1219
-112
-1609
-2638
-2693
-1779
-308
1315
2447
2634
1969
867
-62
-404
-126
634
1570
2266
2359
1738
734
-174
-736
-681
62
1096
2104
2905
3253
3130
2782
2480
2424
2556
2557
2425
2351
2078
1520
955
381
-103
-85
359
809
1105
1056
597
65
-352
-577
-529
-355
-165
10
99
80
44
243
897
1937
2808
2830
2014
879
-287
-1356
-2073
-2261
-1988
-1470
-1028
-1070
-1815
-2957
-3901
-4184
-3665
-2701
-1860
-1455
-1646
-2295
-2890
-3133
-2921
-2173
-1119
-137
598
923
682
12
-783
-1444
-1771
-1733
-1423
-907
-428
-230
-247
-287
-234
-87
211
722
1256
1644
1920
2039
1980
1834
1670
1557
1487
1330
1080
849
589
325
280
461
716
987
1204
1407
1734
2025
2026
1811
1566
1393
1394
1574
1721
1670
1464
1123
628
55
-551
-1147
-1553
-1664
-1528
-1225
-861
-432
214
1069
1793
2042
1843
1467
1050
569
80
-242
-321
-203
-83
-281
-941
-1780
-2349
-2391
-1875
-1023
-286
-20
-178
-552
-1094
-1676
-1988
-1903
-1536
-1087
-857
-1020
-1411
-1798
-2043
-2057
-1919
-1707
-1323
-892
-685
-654
-620
-550
-406
-198
12
231
390
400
309
161
30
79
249
400
566
643
533
514
683
826
973
1226
1472
1630
1672
1501
1133
721
454
498
811
1132
1279
1304
1301
1269
1210
1169
1129
1090
1129
1169
1046
729
263
-232
-535
-523
-193
334
703
696
492
263
134
246
474
660
880
1087
1145
931
304
-532
-1138
-1392
-1398
-1215
-983
-937
-1047
-1080
-1100
-1295
-1460
-1403
-1264
-1044
-832
-943
-1342
-1776
-2168
-2456
-2611
-2637
-2415
-1954
-1451
-1026
-733
-657
-696
-625
-393
-68
359
889
1365
1582
1559
1426
1162
746
326
35
-111
-63
190
493
682
773
893
1009
1025
1018
1031
1060
1173
1338
1476
1577
1600
1531
1415
1179
814
512
367
376
547
745
761
517
167
-117
-282
-244
9
312
473
460
389
258
80
-57
-215
-327
-169
184
463
518
335
33
-176
-285
-460
-704
-973
-1265
-1512
-1681
-1843
-2006
-2019
-1766
-1425
-1146
-870
-697
-782
-974
-1161
-1437
-1624
-1479
-1117
-693
-336
-223
-298
-407
-513
-551
-497
-363
-64
423
897
1165
1235
1163
1030
939
896
892
1002
1202
1348
1337
1171
944
810
820
865
881
841
716
559
438
306
176
158
224
297
417
558
621
622
603
529
405
319
342
456
577
671
708
611
396
182
-40
-353
-680
-886
-972
-944
-756
-481
-285
-189
-117
-55
-27
-22
-57
-192
-428
-699
-1003
-1385
-1796
-2093
-2190
-2132
-1986
-1807
-1621
-1386
-1078
-734
-474
-376
-343
-285
-184
-47
100
238
322
386
516
657
700
640
576
497
407
465
624
682
630
564
546
590
766
1072
1295
1340
1249
1072
820
498
297
289
427
697
943
1023
883
588
307
41
-158
-218
-151
70
286
357
276
81
-22
91
386
742
952
993
969
871
653
321
-46
-358
-474
-334
-175
-265
-639
-1144
-1547
-1730
-1658
-1381
-1045
-751
-539
-465
-636
-1027
-1400
-1589
-1588
-1472
-1379
-1393
-1514
-1679
-1806
-1881
-1877
-1688
-1278
-763
-308
-17
147
311
561
902
1278
1606
1872
2061
2090
1865
1427
962
633
532
643
829
993
1097
1109
1009
800
578
491
595
798
970
1051
1020
898
752
569
319
95
5
25
78
108
83
18
-35
-54
-34
44
186
398
640
763
664
404
99
-178
-365
-455
-525
-591
-559
-400
-218
-112
-98
-98
-55
1
-14
-192
-558
-1010
-1417
-1732
-2007
-2258
-2406
-2407
-2294
-2112
-1900
-1698
-1519
-1366
-1258
-1182
-1096
-968
-769
-511
-264
-46
179
399
558
647
747
910
1118
1353
1569
1742
1916
2065
2116
1996
1684
1323
1091
1048
1136
1205
1147
985
785
641
583
538
502
500
549
653
724
724
680
608
517
387
176
-80
-344
-583
-766
-905
-911
-685
-278
143
376
350
195
66
17
-5
-80
-191
-233
-143
-4
-5
-203
-443
-578
-549
-421
-360
-476
-764
-1147
-1561
-1957
-2218
-2237
-2007
-1658
-1398
-1330
-1400
-1531
-1635
-1666
-1650
-1550
-1296
-928
-573
-362
-311
-313
-223
29
365
681
945
1193
1434
1638
1754
1765
1735
1757
1847
1944
1992
1991
1948
1867
1746
1591
1442
1338
1294
1286
1235
1108
928
706
460
236
61
-51
-102
-175
-319
-457
-490
-423
-288
-173
-148
-127
0
178
262
172
-51
-248
-298
-243
-244
-413
-666
-802
-733
-574
-490
-547
-674
-745
-677
-520
-434
-512
-698
-915
-1143
-1375
-1570
-1697
-1753
-1750
-1709
-1656
-1625
-1609
-1594
-1595
-1612
-1565
-1392
-1123
-841
-612
-431
-253
-56
175
433
674
871
1047
1221
1381
1518
1629
1725
1790
1812
1796
1761
1727
1716
1757
1827
1832
1736
1598
1487
1419
1385
1362
1338
1330
1361
1368
1238
919
471
28
-290
-446
-505
-586
-740
-894
-934
-815
-613
-424
-277
-161
-38
79
114
9
-194
-363
-412
-403
-422
-526
-708
-890
-1009
-1048
-1064
-1091
-1108
-1128
-1185
-1297
-1444
-1548
-1546
-1424
-1231
-1043
-898
-805
-762
-784
-893
-1048
-1161
-1158
-1012
-796
-606
-503
-494
-516
-471
-294
-11
299
586
824
1008
1152
1244
1252
1152
1028
1012
1143
1350
1531
1613
1605
1558
1511
1449
1341
1232
1188
1223
1262
1215
1087
933
802
708
635
571
529
541
581
550
398
208
126
183
269
257
91
-201
-505
-725
-891
-1048
-1145
-1076
-847
-591
-429
-391
-425
-463
-473
-484
-531
-574
-559
-535
-631
-906
-1270
-1575
-1745
-1789
-1762
-1698
-1569
-1349
-1106
-974
-999
-1069
-1030
-829
-514
-217
-28
68
121
157
200
280
411
598
798
923
935
863
761
672
626
651
731
846
971
1048
1054
1033
1037
1053
1033
964
869
766
688
637
593
576
613
692
731
662
499
321
211
193
218
258
339
481
637
703
588
306
0
-178
-225
-242
-299
-400
-527
-654
-796
-983
-1180
-1280
-1186
-931
-648
-475
-475
-635
-909
-1207
-1430
-1522
-1477
-1311
-1102
-960
-925
-955
-990
-1022
-1034
-986
-868
-680
-449
-260
-175
-153
-123
-41
101
277
463
650
853
1068
1251
1385
1474
1520
1528
1492
1392
1250
1114
1038
1031
1054
1060
1024
955
869
780
717
700
744
829
898
887
755
535
281
41
-140
-231
-239
-190
-115
-24
44
50
12
-53
-125
-177
-198
-222
-308
-428
-513
-558
-615
-722
-891
-1095
-1251
-1301
-1279
-1261
-1282
-1311
-1353
-1442
-1575
-1703
-1749
-1648
-1421
-1166
-975
-856
-748
-628
-521
-466
-468
-489
-489
-459
-411
-345
-230
-49
181
419
632
798
914
1001
1081
1176
1326
1521
1674
1710
1633
1508
1409
1392
1462
1557
1623
1665
1693
1689
1619
1484
1317
1159
1049
989
945
874
751
603
475
380
301
200
52
-121
-222
-183
-55
45
50
-47
-222
-417
-599
-801
-1021
-1139
-1079
-941
-873
-918
-1064
-1266
-1409
-1428
-1419
-1472
-1532
-1566
-1649
-1826
-2041
-2219
-2314
-2268
-2084
-1872
-1721
-1614
-1514
-1419
-1313
-1156
-948
-722
-495
-279
-75
117
293
448
582
724
890
1042
1128
1142
1117
1108
1156
1238
1292
1293
1297
1368
1517
1716
1909
2040
2083
2058
2000
1940
1904
1892
1885
1861
1812
1733
1614
1453
1256
1037
824
652
526
420
334
308
378
514
619
614
464
195
-91
-295
-433
-583
-747
-869
-961
-1104
-1320
-1545
-1729
-1814
-1762
-1627
-1553
-1603
-1693
-1788
-1955
-2194
-2394
-2478
-2469
-2408
-2311
-2235
-2218
-2190
-2102
-1998
-1906
-1750
-1481
-1171
-891
-627
-370
-155
8
136
230
304
428
616
793
901
977
1083
1232
1378
1461
1464
1466
1551
1701
1841
1918
1946
1953
1969
1990
1982
1936
1897
1902
1914
1873
1777
1663
1552
1450
1358
1258
1160
1091
1047
979
891
838
824
812
787
731
591
386
203
51
-145
-346
-446
-480
-562
-691
-815
-964
-1153
-1294
-1374
-1509
-1725
-1916
-2070
-2285
-2535
-2703
-2781
-2805
-2735
-2564
-2395
-2294
-2200
-2090
-2016
-1947
-1795
-1591
-1408
-1241
-1076
-962
-906
-845
-746
-613
-398
-89
217
442
595
693
746
813
922
1025
1112
1255
1466
1644
1743
1788
1784
1741
1751
1863
1991
2071
2137
2192
2165
2057
1939
1821
1679
1565
1502
1419
1289
1159
1040
931
921
1054
1194
1214
1159
1044
822
561
381
250
93
-33
-69
-134
-316
-507
-620
-718
-828
-868
-871
-977
-1204
-1453
-1726
-2077
-2412
-2585
-2632
-2651
-2620
-2512
-2402
-2352
-2306
-2219
-2133
-2049
-1900
-1657
-1396
-1182
-991
-805
-681
-628
-568
-477
-384
-289
-164
-26
79
158
238
327
412
498
598
725
898
1101
1299
1482
1653
1774
1835
1873
1890
1851
1783
1743
1726
1692
1668
1661
1612
1507
1400
1292
1168
1090
1086
1093
1104
1161
1192
1089
908
751
584
414
346
365
335
249
206
133
-80
-329
-477
-575
-689
-732
-697
-744
-912
-1061
-1168
-1340
-1549
-1662
-1687
-1740
-1798
-1795
-1769
-1770
-1736
-1633
-1557
-1583
-1647
-1675
-1699
-1707
-1618
-1428
-1203
-993
-811
-696
-643
-572
-449
-267
-16
276
527
686
749
702
570
458
447
514
613
751
912
1012
1031
1034
1050
1072
1136
1273
1435
1560
1644
1676
1622
1508
1388
1280
1182
1117
1069
1000
941
939
958
939
905
888
851
770
679
571
410
245
169
157
114
23
-68
-176
-332
-488
-607
-721
-839
-925
-981
-1086
-1269
-1469
-1627
-1736
-1772
-1698
-1549
-1400
-1274
-1167
-1118
-1156
-1221
-1241
-1214
-1143
-1023
-875
-754
-681
-652
-649
-647
-618
-535
-398
-222
-36
112
209
256
252
232
247
322
426
543
687
832
930
990
1044
1085
1098
1103
1117
1094
1027
976
949
907
863
854
868
871
880
906
910
887
892
928
920
849
784
721
607
476
380
290
177
99
79
25
-72
-132
-162
-228
-315
-383
-454
-556
-653
-727
-830
-963
-1048
-1097
-1152
-1191
-1188
-1164
-1135
-1092
-1039
-1014
-999
-966
-934
-899
-837
-747
-650
-555
-458
-374
-317
-274
-233
-205
-175
-121
-48
12
62
116
160
188
202
226
257
301
378
476
568
649
719
771
798
806
817
835
858
890
912
909
878
821
748
661
577
522
488
472
474
487
501
498
496
493
462
414
356
278
175
67
-20
-101
-186
-249
-294
-344
-414
-479
-547
-632
-695
-735
-771
-797
-811
-798
-792
-803
-794
-770
-736
-678
-619
-574
-549
-539
-523
-525
-542
-535
-503
-443
-363
-286
-207
-139
-72
-3
69
132
192
263
322
360
385
387
371
345
328
328
336
345
345
346
364
377
398
422
426
437
471
499
511
493
454
437
431
423
418
397
381
394
416
413
376
334
303
282
255
197
114
35
-18
-46
-79
-130
-167
-181
-184
-191
-222
-279
-324
-343
-365
-408
-474
-549
-602
-627
-641
-657
-669
-655
-609
-556
-520
-510
-499
-468
-421
-367
-321
-286
-245
-204
-178
-162
-155
-136
-94
-38
14
59
102
136
164
184
197
217
261
311
355
387
401
406
411
418
421
430
447
466
467
436
384
334
287
251
234
230
235
247
258
261
247
245
255
270
299
329
340
335
307
261
204
141
88
49
13
-19
-47
-92
-145
-192
-234
-270
-295
-311
-331
-360
-391
-424
-457
-482
-489
-484
-474
-463
-458
-469
-493
-514
-530
-536
-521
-493
-465
-436
-401
-364
-322
-275
-217
-153
-91
-36
6
23
27
39
57
81
109
147
186
220
249
275
296
316
344
381
421
463
496
520
531
532
519
500
485
461
440
417
388
362
341
326
316
313
316
315
305
280
249
216
173
133
99
63
27
1
-27
-55
-84
-108
-127
-153
-187
-222
-259
-305
-350
-389
-428
-467
-487
-499
-510
-516
-514
-498
-477
-461
-441
-424
-409
-387
-364
-344
-320
-285
-251
-231
-209
-186
-163
-136
-100
-62
-32
-6
28
57
69
83
110
137
158
187
218
239
255
268
281
288
289
306
320
320
331
348
350
343
333
324
309
299
304
298
284
279
271
252
225
204
189
167
153
155
141
107
86
70
35
-6
-30
-49
-74
-92
-106
-129
-164
-190
-205
-226
-246
-255
-259
-271
-285
-295
-310
-330
-329
-319
-317
-306
-289
-278
-272
-266
-252
-239
-224
-198
-170
-146
-127
-104
-81
-66
-50
-26
-2
21
42
57
70
81
94
107
120
130
140
152
163
165
168
174
179
183
192
200
202
201
203
206
201
193
193
195
191
189
189
180
171
167
163
154
141
130
115
96
77
59
37
11
-11
-29
-49
-63
-76
-92
-114
-135
-152
-171
-188
-203
-216
-224
-232
-237
-239
-240
-234
-225
-218
-205
-192
-185
-169
-153
-145
-129
-116
-101
-80
-63
-50
-27
-14
-1
23
37
44
65
78
79
91
101
105
111
119
121
125
130
126
124
126
122
122
127
120
113
117
114
104
98
93
83
81
81
73
67
69
60
48
53
49
37
45
47
37
35
30
22
15
9
-1
-3
-10
-24
-34
-46
-64
-77
-84
-97
-110
-110
-112
-126
-131
-130
-141
-146
-142
-143
-143
-135
-134
-136
-126
-123
-116
-101
-95
-88
-74
-62
-54
-38
-29
-24
-9
1
11
25
38
44
53
64
71
75
88
99
110
118
121
122
125
127
128
128
129
126
125
123
118
117
115
108
106
106
101
94
93
85
71
71
69
57
52
52
44
33
29
21
15
12
-3
-14
-16
-27
-41
-53
-65
-83
-93
-96
-108
-118
-123
-133
-140
-148
-158
-164
-165
-170
-178
-173
-169
-174
-168
-161
-166
-161
-154
-153
-147
-137
-129
-116
-103
-92
-82
-64
-48
-33
-13
4
20
38
56
74
90
111
125
140
160
169
179
195
200
203
213
221
227
233
238
232
233
239
231
221
216
201
193
186
171
161
149
137
120
103
96
77
56
46
29
7
-7
-18
-41
-59
-63
-89
-109
-114
-141
-160
-167
-186
-200
-209
-217
-226
-233
-239
-244
-250
-252
-249
-253
-254
-246
-247
-240
-223
-223
-217
-192
-187
-178
-153
-151
-142
-115
-107
-98
-75
-63
-57
-34
-16
-8
13
35
47
67
91
105
126
147
162
178
197
212
228
242
252
260
267
274
281
282
284
288
282
281
276
269
268
263
255
248
236
225
216
202
188
172
152
132
110
84
56
29
1
-24
-54
-85
-108
-130
-158
-178
-198
-220
-235
-250
-267
-278
-288
-296
-300
-307
-308
-310
-317
-304
-298
-298
-281
-272
-263
-250
-243
-232
-216
-197
-184
-167
-147
-129
-114
-97
-80
-60
-46
-24
-8
0
24
40
46
70
90
94
113
134
140
151
169
172
181
196
203
212
222
228
235
246
248
245
250
255
247
247
253
241
234
236
226
213
219
210
188
184
173
151
135
125
111
92
79
63
42
25
-1
-22
-36
-64
-79
-88
-114
-133
-148
-159
-181
-193
-192
-215
-221
-217
-234
-236
-237
-238
-239
-239
-225
-233
-236
-220
-224
-221
-211
-210
-201
-197
-187
-176
-168
-158
-152
-136
-122
-111
-89
-75
-65
-47
-30
-16
2
21
34
44
57
70
76
88
101
109
120
129
136
144
151
163
171
178
187
196
208
212
218
230
227
231
236
232
227
224
219
208
202
196
187
172
157
142
126
110
98
85
66
49
34
14
-3
-19
-35
-47
-66
-83
-94
-107
-121
-130
-138
-155
-167
-175
-184
-193
-197
-200
-205
-211
-210
-202
-200
-198
-191
-190
-186
-172
-160
-151
-142
-134
-126
-118
-104
-91
-81
-70
-61
-47
-36
-25
-7
2
11
19
28
40
46
55
68
64
68
78
80
85
93
99
97
97
103
107
115
122
116
118
124
120
122
123
122
123
124
123
118
119
124
115
113
106
94
89
80
71
61
51
46
35
23
11
-1
-5
-16
-28
-36
-46
-49
-54
-63
-72
-85
-85
-82
-91
-94
-95
-101
-99
-96
-95
-98
-95
-88
-95
-94
-91
-91
-82
-74
-72
-71
-68
-62
-58
-50
-47
-46
-39
-32
-26
-18
-13
-10
-8
-1
7
8
16
18
15
19
22
28
35
36
31
32
35
34
38
42
43
46
48
48
49
49
54
56
55
56
56
53
54
55
51
48
52
50
47
43
40
38
35
30
29
25
19
20
18
14
11
4
0
2
0
-7
-11
-14
-21
-25
-28
-33
-33
-33
-37
-39
-38
-42
-45
-45
-49
-49
-48
-45
-43
-43
-43
-40
-41
-40
-36
-31
-29
-26
-25
-23
-21
-20
-17
-13
-14
-11
-6
-3
-2
1
-2
-3
1
4
7
11
12
13
16
19
18
18
19
21
22
23
26
27
26
27
27
26
27
26
25
25
26
30
31
27
24
25
23
21
22
21
18
15
12
6
4
5
3
2
1
-2
-1
-1
-1
-4
-5
-6
-6
-8
-8
-12
-17
-16
-18
-20
-23
-24
-29
-31
-29
-28
-26
-23
-21
-21
-19
-19
-19
-21
-20
-18
-18
-18
-18
-15
-11
-7
-4
0
2
3
5
7
8
12
13
11
10
11
12
10
12
13
13
14
14
15
16
15
15
15
13
12
12
9
9
10
9
