0
3
5
6
5
4
3
0
-4
-5
-6
-7
-3
-1
0
-1
-3
-3
-2
-1
-2
-2
-4
-6
-3
-3
-1
-5
-6
-5
-5
-4
-5
-2
0
-1
1
-1
1
0
-3
-1
1
2
1
-1
-2
0
-3
0
1
2
2
4
7
7
9
9
8
6
2
0
2
4
6
4
5
5
4
4
4
0
0
0
1
4
5
6
5
2
0
-2
-3
-1
1
4
4
4
3
-1
-2
-7
-7
-7
-7
0
3
4
2
-3
-6
-5
-9
-8
-9
-9
-8
-6
-2
-4
-9
-9
-6
-4
-2
2
0
-1
-2
-4
-4
0
0
2
4
7
8
6
7
7
6
6
5
4
5
6
5
4
4
0
0
-1
-6
-4
-6
-7
-5
-8
-3
-4
-5
-3
-5
-3
-3
-5
-6
-7
-5
-6
-7
-7
-9
-7
-5
-5
-1
-1
1
5
5
4
5
7
9
13
14
14
13
13
8
5
5
2
3
4
16
29
33
30
27
23
22
15
6
2
-2
-5
-1
5
11
15
19
21
18
11
3
-7
-21
-34
-47
-58
-65
-79
-81
-70
-55
-26
5
50
92
132
163
192
229
239
235
224
200
180
136
68
-16
-114
-237
-391
-529
-665
-778
-880
-1013
-1046
-1022
-970
-868
-798
-685
-538
-415
-302
-227
-175
-135
-110
-97
-82
-63
-22
37
120
219
346
498
641
798
935
1097
1262
1339
1392
1401
1379
1328
1250
1159
1068
982
909
855
820
799
788
778
761
734
689
615
510
374
213
39
-132
-295
-443
-566
-660
-724
-764
-793
-812
-832
-855
-877
-905
-934
-959
-974
-978
-969
-946
-909
-855
-780
-687
-568
-425
-257
-65
144
363
580
788
971
1114
1205
1228
1171
1027
797
489
108
-327
-788
-1249
-1680
-2054
-2346
-2535
-2609
-2574
-2436
-2212
-1919
-1587
-1244
-905
-583
-297
-46
173
366
538
692
834
969
1103
1233
1359
1478
1589
1681
1756
1817
1864
1895
1905
1898
1876
1840
1787
1715
1628
1520
1396
1250
1092
930
768
609
462
330
217
123
42
-22
-75
-127
-180
-239
-307
-387
-480
-584
-691
-806
-924
-1040
-1150
-1251
-1345
-1425
-1485
-1523
-1538
-1529
-1494
-1433
-1352
-1253
-1141
-1015
-885
-760
-644
-542
-453
-375
-299
-216
-117
7
168
368
602
853
1109
1351
1555
1703
1773
1748
1620
1386
1051
631
148
-376
-915
-1436
-1911
-2312
-2623
-2825
-2908
-2879
-2746
-2520
-2219
-1862
-1468
-1060
-645
-247
131
479
796
1078
1322
1529
1702
1845
1960
2044
2108
2154
2179
2190
2189
2173
2138
2083
2009
1911
1791
1647
1483
1304
1117
926
742
572
421
296
200
131
87
68
58
47
33
8
-35
-98
-179
-280
-399
-530
-670
-813
-953
-1092
-1222
-1339
-1442
-1527
-1592
-1632
-1645
-1632
-1595
-1536
-1458
-1368
-1273
-1176
-1084
-1001
-927
-859
-787
-713
-626
-517
-379
-206
2
248
526
824
1121
1400
1637
1814
1910
1905
1790
1561
1214
769
245
-335
-937
-1531
-2080
-2557
-2934
-3191
-3316
-3310
-3180
-2939
-2606
-2201
-1749
-1265
-770
-281
191
635
1051
1434
1782
2094
2367
2604
2801
2955
3064
3126
3140
3108
3029
2908
2755
2568
2356
2129
1887
1643
1396
1154
924
709
512
337
188
65
-31
-103
-154
-192
-221
-249
-279
-316
-359
-414
-480
-549
-631
-715
-802
-897
-995
-1095
-1201
-1308
-1416
-1522
-1623
-1712
-1786
-1837
-1861
-1858
-1824
-1762
-1677
-1576
-1470
-1363
-1257
-1156
-1052
-944
-821
-671
-490
-262
11
329
675
1036
1392
1715
1979
2158
2226
2170
1978
1654
1210
671
55
-601
-1254
-1872
-2416
-2862
-3181
-3363
-3401
-3304
-3086
-2755
-2338
-1858
-1343
-812
-276
244
738
1201
1624
2005
2343
2637
2890
3098
3261
3382
3460
3496
3493
3445
3350
3212
3021
2777
2490
2166
1810
1429
1044
673
324
12
-248
-452
-599
-693
-742
-749
-730
-695
-661
-628
-601
-586
-585
-600
-620
-648
-682
-721
-764
-804
-858
-928
-1004
-1087
-1179
-1283
-1390
-1490
-1579
-1655
-1715
-1746
-1748
-1730
-1694
-1638
-1561
-1482
-1401
-1308
-1209
-1102
-978
-823
-623
-386
-101
236
624
1033
1435
1820
2160
2413
2542
2539
2404
2117
1674
1114
490
-181
-883
-1561
-2148
-2620
-2985
-3223
-3299
-3222
-3042
-2772
-2401
-1942
-1451
-963
-464
54
550
986
1389
1779
2126
2392
2603
2795
2959
3060
3112
3164
3211
3216
3176
3123
3056
2929
2720
2458
2161
1797
1359
890
428
-22
-463
-844
-1124
-1302
-1400
-1413
-1321
-1148
-946
-739
-521
-310
-150
-59
-17
-11
-65
-182
-330
-482
-639
-814
-988
-1131
-1249
-1367
-1474
-1544
-1586
-1624
-1658
-1661
-1639
-1616
-1591
-1550
-1490
-1437
-1398
-1353
-1286
-1223
-1158
-1068
-922
-727
-506
-216
166
619
1081
1536
2003
2444
2779
2954
3004
2925
2655
2162
1531
853
108
-733
-1574
-2274
-2828
-3304
-3652
-3762
-3649
-3451
-3187
-2765
-2196
-1629
-1139
-627
-54
465
858
1213
1606
1954
2165
2315
2510
2696
2784
2813
2898
3023
3087
3095
3143
3228
3231
3107
2943
2769
2492
2054
1548
1062
557
-21
-582
-1007
-1303
-1560
-1743
-1743
-1580
-1369
-1151
-860
-504
-196
-4
130
247
276
155
-51
-258
-483
-776
-1100
-1364
-1566
-1762
-1950
-2061
-2085
-2085
-2090
-2048
-1936
-1812
-1721
-1626
-1487
-1344
-1261
-1215
-1150
-1065
-1010
-980
-899
-746
-577
-400
-111
351
882
1367
1835
2376
2913
3289
3476
3566
3514
3154
2512
1818
1148
330
-691
-1675
-2410
-3007
-3583
-3974
-4017
-3857
-3712
-3492
-2972
-2258
-1648
-1176
-637
3
533
890
1243
1652
1932
2000
2040
2210
2395
2432
2401
2478
2651
2790
2900
3092
3331
3456
3428
3369
3321
3134
2716
2160
1590
975
255
-463
-1046
-1514
-1950
-2290
-2388
-2261
-2050
-1807
-1445
-970
-520
-172
130
416
567
517
353
159
-103
-490
-927
-1311
-1636
-1958
-2254
-2440
-2527
-2570
-2583
-2515
-2366
-2217
-2093
-1945
-1731
-1498
-1321
-1179
-1049
-910
-806
-716
-599
-465
-334
-224
-19
365
889
1422
1898
2416
2999
3538
3918
4152
4265
4120
3628
2934
2261
1545
567
-603
-1661
-2470
-3191
-3849
-4233
-4280
-4219
-4163
-3882
-3241
-2501
-1939
-1453
-820
-130
382
760
1201
1645
1866
1900
2014
2261
2400
2342
2300
2416
2568
2641
2766
3036
3285
3347
3331
3394
3415
3167
2666
2111
1526
781
-87
-864
-1485
-2080
-2654
-2999
-3008
-2846
-2653
-2329
-1780
-1162
-660
-235
228
631
781
707
583
416
70
-438
-918
-1293
-1683
-2119
-2443
-2546
-2544
-2555
-2499
-2285
-1998
-1766
-1558
-1277
-973
-773
-663
-547
-416
-362
-393
-407
-384
-364
-355
-270
-49
292
747
1307
1939
2600
3282
3952
4513
4866
5010
4941
4575
3903
3057
2124
1026
-272
-1570
-2644
-3531
-4352
-4993
-5266
-5237
-5127
-4907
-4386
-3637
-2953
-2404
-1769
-995
-328
111
509
982
1360
1518
1622
1838
2046
2087
2086
2241
2498
2693
2847
3108
3437
3654
3731
3784
3800
3599
3135
2564
1959
1224
324
-569
-1313
-1966
-2574
-2998
-3106
-2977
-2756
-2405
-1830
-1130
-502
31
555
1017
1248
1237
1128
950
604
84
-443
-887
-1318
-1775
-2136
-2307
-2372
-2415
-2386
-2205
-1939
-1715
-1511
-1256
-960
-748
-648
-573
-500
-472
-552
-646
-690
-701
-690
-636
-410
-12
515
1115
1761
2512
3283
3985
4502
4831
5000
4879
4406
3638
2756
1740
468
-945
-2237
-3274
-4236
-5112
-5661
-5787
-5694
-5556
-5172
-4444
-3619
-2937
-2287
-1455
-617
-15
425
939
1470
1769
1896
2080
2348
2488
2473
2550
2778
2994
3105
3270
3576
3850
3961
3981
4017
3950
3618
3079
2486
1831
986
20
-868
-1599
-2268
-2893
-3264
-3312
-3164
-2924
-2499
-1815
-1074
-447
125
728
1230
1431
1404
1303
1098
666
82
-437
-890
-1403
-1931
-2283
-2407
-2489
-2565
-2493
-2248
-1973
-1784
-1546
-1197
-897
-752
-707
-610
-563
-652
-814
-926
-985
-1083
-1120
-1009
-689
-239
342
1075
1856
2724
3603
4439
5067
5416
5589
5464
4954
4096
3116
2006
592
-981
-2394
-3496
-4548
-5533
-6111
-6222
-6123
-6013
-5584
-4744
-3849
-3134
-2415
-1453
-532
80
556
1143
1704
1957
2057
2267
2535
2610
2540
2628
2861
3031
3103
3290
3636
3887
3965
4006
4090
4013
3629
3088
2505
1810
870
-143
-1009
-1763
-2506
-3169
-3495
-3484
-3332
-3051
-2527
-1759
-1006
-384
243
891
1365
1517
1484
1389
1137
657
96
-371
-821
-1354
-1851
-2129
-2220
-2291
-2308
-2162
-1905
-1692
-1541
-1290
-976
-775
-747
-771
-765
-828
-1001
-1170
-1257
-1338
-1433
-1455
-1263
-826
-268
426
1183
2025
2984
3911
4728
5312
5683
5814
5530
4840
3966
3000
1723
140
-1460
-2757
-3870
-5039
-5926
-6317
-6351
-6330
-6167
-5512
-4592
-3770
-3084
-2188
-1137
-339
241
801
1495
1967
2100
2290
2527
2703
2670
2638
2806
2963
3012
3098
3437
3707
3878
3947
3987
4149
3828
3404
2967
2267
1533
457
-482
-1193
-2057
-2847
-3375
-3535
-3509
-3346
-3039
-2341
-1501
-912
-181
540
1167
1571
1587
1604
1551
1173
583
79
-423
-932
-1465
-1980
-2064
-2183
-2344
-2234
-2058
-1723
-1515
-1344
-1005
-692
-596
-591
-481
-559
-682
-942
-1180
-1202
-1437
-1542
-1459
-1219
-777
-213
524
1328
2274
3133
4054
4791
5177
5532
5433
5003
4265
3279
2224
801
-801
-2249
-3400
-4560
-5597
-6213
-6441
-6334
-6263
-5839
-4942
-4067
-3275
-2473
-1466
-482
222
756
1392
1988
2240
2406
2574
2758
2825
2703
2744
2870
2940
2999
3146
3383
3580
3684
3736
3800
3677
3351
2915
2350
1675
818
-84
-899
-1645
-2348
-2913
-3180
-3205
-3050
-2762
-2237
-1500
-806
-176
443
1040
1447
1549
1505
1393
1120
608
48
-410
-857
-1321
-1746
-1921
-1949
-2000
-1943
-1773
-1474
-1254
-1113
-876
-683
-558
-599
-648
-689
-881
-1102
-1356
-1508
-1693
-1832
-1810
-1679
-1302
-864
-124
711
1540
2544
3473
4434
5052
5430
5672
5518
4980
4037
3050
1835
317
-1309
-2750
-3843
-5012
-5971
-6484
-6545
-6403
-6250
-5634
-4719
-3777
-3002
-2159
-1080
-225
403
893
1490
1973
2107
2238
2386
2567
2534
2463
2600
2743
2860
2942
3231
3563
3775
3890
4021
4180
3976
3623
3152
2579
1850
817
-61
-848
-1646
-2397
-2933
-3089
-3074
-2917
-2595
-1935
-1190
-584
60
662
1214
1487
1473
1408
1241
830
263
-243
-710
-1152
-1644
-2006
-2068
-2118
-2126
-2006
-1755
-1459
-1262
-1070
-814
-581
-560
-597
-621
-769
-958
-1220
-1422
-1568
-1786
-1874
-1768
-1526
-1171
-540
246
1069
1961
2819
3860
4629
4971
5284
5320
4981
4192
3163
2169
908
-739
-2275
-3359
-4401
-5467
-6243
-6466
-6243
-6140
-5840
-4958
-3947
-3148
-2418
-1438
-360
372
761
1310
1939
2174
2230
2360
2587
2686
2523
2550
2813
2957
2994
3174
3537
3828
3940
4023
4222
4237
3890
3447
2981
2360
1462
462
-366
-1106
-1916
-2627
-2970
-3024
-2972
-2794
-2322
-1590
-923
-370
241
856
1249
1323
1262
1179
907
373
-178
-605
-1032
-1522
-1939
-2087
-2098
-2152
-2119
-1880
-1554
-1352
-1217
-998
-755
-680
-773
-815
-886
-1103
-1417
-1668
-1781
-1958
-2123
-2117
-1881
-1489
-974
-200
676
1592
2497
3473
4395
4969
5305
5374
5156
4529
3579
2553
1276
-250
-1795
-3051
-4088
-5095
-5841
-6139
-6038
-5838
-5448
-4654
-3706
-2851
-2078
-1138
-150
555
1029
1512
2007
2243
2279
2363
2491
2504
2380
2408
2610
2761
2860
3088
3473
3810
3993
4154
4331
4317
4025
3588
3085
2390
1448
436
-474
-1325
-2187
-2899
-3306
-3461
-3437
-3220
-2720
-2041
-1375
-716
-24
630
1065
1249
1295
1220
961
490
-21
-498
-996
-1481
-1882
-2055
-2117
-2154
-2083
-1868
-1534
-1272
-1041
-808
-589
-447
-478
-483
-598
-818
-1117
-1443
-1618
-1866
-2019
-2075
-1935
-1560
-1048
-248
538
1461
2419
3370
4271
4777
5212
5305
5011
4389
3508
2596
1262
-263
-1713
-2897
-3961
-5069
-5704
-5935
-5890
-5784
-5383
-4461
-3563
-2800
-2040
-1021
-76
479
949
1448
1952
2031
1992
2170
2275
2262
2058
2162
2437
2529
2647
2903
3457
3768
3959
4216
4439
4582
4156
3813
3401
2591
1667
507
-312
-1185
-2250
-2974
-3389
-3506
-3595
-3389
-2815
-2082
-1401
-802
111
835
1221
1441
1492
1512
1182
614
114
-373
-1005
-1594
-1963
-2200
-2241
-2365
-2283
-1904
-1649
-1308
-1030
-714
-406
-346
-299
-320
-404
-722
-1028
-1262
-1578
-1761
-2058
-2038
-1811
-1587
-930
-292
528
1428
2261
3274
3965
4451
4744
4713
4339
3645
2852
1786
461
-1023
-2276
-3282
-4379
-5226
-5650
-5688
-5603
-5376
-4717
-3769
-2911
-2253
-1327
-343
400
939
1322
1892
2181
2151
2234
2334
2410
2299
2244
2420
2644
2788
2970
3403
3764
4027
4235
4396
4531
4304
3913
3490
2868
2013
1009
81
-786
-1664
-2492
-3002
-3234
-3388
-3304
-2923
-2269
-1599
-1016
-314
403
934
1177
1284
1272
1012
534
-58
-555
-1122
-1735
-2171
-2477
-2573
-2662
-2587
-2266
-1976
-1607
-1297
-898
-548
-405
-242
-209
-221
-485
-777
-1007
-1315
-1519
-1858
-1836
-1741
-1537
-956
-474
414
1160
1971
2922
3465
4083
4317
4341
4056
3418
2780
1806
636
-720
-1809
-2770
-3804
-4579
-5032
-4993
-4976
-4794
-4156
-3308
-2499
-1886
-1017
-123
556
965
1364
1905
2039
2043
2071
2176
2229
2029
2079
2276
2425
2544
2805
3294
3632
3853
4071
4337
4408
4087
3744
3317
2622
1692
676
-164
-1027
-2004
-2748
-3137
-3327
-3414
-3265
-2750
-2060
-1452
-847
-94
586
958
1100
1137
1072
705
79
-471
-986
-1588
-2213
-2652
-2790
-2845
-2857
-2662
-2213
-1736
-1351
-908
-393
54
259
305
377
318
46
-311
-639
-892
-1194
-1470
-1473
-1253
-872
-444
129
895
1660
2384
2901
3380
3702
3649
3362
2796
2209
1398
237
-878
-1882
-2732
-3591
-4320
-4587
-4553
-4461
-4227
-3628
-2796
-2025
-1400
-648
190
784
1133
1440
1797
1957
1875
1799
1805
1792
1647
1579
1727
1904
2095
2371
2778
3246
3540
3796
4068
4094
3917
3489
2968
2341
1366
430
-443
-1262
-1996
-2675
-2916
-2944
-2875
-2560
-2040
-1295
-647
-67
573
1093
1382
1398
1289
1051
569
-70
-704
-1316
-1930
-2485
-2864
-3042
-3103
-3010
-2726
-2301
-1846
-1338
-782
-269
159
395
613
678
546
361
6
-229
-525
-824
-877
-906
-578
-211
205
899
1504
2241
2703
2958
3265
3188
2855
2170
1378
629
-478
-1692
-2715
-3497
-4163
-4832
-5153
-4941
-4607
-4259
-3661
-2738
-1718
-988
-271
613
1341
1750
1922
2196
2381
2221
1972
1841
1798
1590
1380
1464
1694
1862
2055
2467
2997
3355
3547
3819
3990
3847
3414
2873
2329
1447
401
-521
-1305
-1978
-2671
-2968
-2855
-2617
-2227
-1666
-797
38
644
1228
1749
2061
1990
1694
1364
865
111
-696
-1380
-1980
-2573
-3092
-3291
-3286
-3207
-2996
-2627
-2050
-1547
-1069
-562
-118
197
303
361
320
171
-126
-318
-480
-640
-621
-503
34
431
921
1654
2309
3031
3198
3451
3594
3179
2476
1400
574
-555
-2098
-3441
-4428
-5096
-5870
-6357
-6131
-5513
-5014
-4376
-3267
-1915
-870
-185
784
1749
2316
2464
2621
2941
2836
2444
2180
2148
1992
1654
1556
1821
2053
2162
2545
3076
3550
3644
3793
4051
3851
3382
2664
2111
1289
52
-878
-1672
-2261
-2951
-3360
-3055
-2668
-2159
-1470
-436
722
1432
2028
2647
3015
2930
2412
1896
1334
426
-586
-1411
-2021
-2632
-3272
-3545
-3441
-3303
-3177
-2889
-2354
-1824
-1514
-1147
-693
-451
-464
-595
-591
-615
-938
-1101
-1112
-1002
-787
-506
373
1173
1875
2676
3446
4362
4577
4609
4526
3934
2987
1508
297
-1037
-2803
-4451
-5750
-6465
-7121
-7551
-7233
-6436
-5569
-4636
-3353
-1728
-433
413
1334
2191
2774
2844
2846
3038
2911
2566
2280
2314
2389
2274
2307
2697
3110
3371
3710
4124
4540
4479
4288
4098
3547
2762
1611
625
-428
-1689
-2690
-3477
-3837
-4072
-3996
-3368
-2527
-1537
-481
712
1875
2654
3131
3404
3367
2953
2189
1353
485
-510
-1451
-2170
-2610
-2911
-3095
-3011
-2649
-2247
-1857
-1476
-1057
-729
-656
-633
-742
-918
-1328
-1785
-2096
-2404
-2546
-2691
-2461
-2038
-1432
-500
583
1944
3036
4106
5124
5889
6291
6061
5640
4753
3374
1650
-134
-1770
-3624
-5406
-6738
-7437
-7763
-7853
-7352
-6285
-5010
-3826
-2524
-1024
238
992
1454
1910
2164
1969
1647
1484
1420
1238
1126
1453
1969
2530
3083
3871
4785
5368
5847
6130
6241
5874
5025
4129
2922
1493
-156
-1694
-2952
-4168
-5025
-5415
-5274
-4783
-4032
-2815
-1347
111
1427
2616
3595
4094
4110
3803
3205
2270
1098
-43
-1039
-1913
-2593
-2907
-2875
-2615
-2223
-1658
-991
-416
26
256
370
224
-129
-610
-1264
-1904
-2667
-3252
-3715
-4004
-3992
-3786
-3136
-2318
-1138
297
1856
3414
4675
5909
6780
7208
7006
6306
5329
3750
1841
-242
-2108
-3904
-5697
-6969
-7617
-7637
-7445
-6793
-5560
-4132
-2801
-1692
-497
428
816
808
693
575
132
-343
-533
-382
-104
279
1098
2221
3376
4433
5547
6635
7338
7579
7499
7151
6269
4892
3291
1632
-138
-1995
-3547
-4674
-5434
-5875
-5794
-5090
-4061
-2843
-1443
141
1581
2640
3420
3902
3955
3443
2642
1768
780
-270
-1176
-1687
-1933
-1993
-1768
-1217
-536
10
481
903
1128
989
577
53
-604
-1437
-2268
-2903
-3385
-3779
-4010
-3906
-3576
-3153
-2619
-1870
-932
12
1042
2175
3317
4193
4778
5232
5430
5208
4481
3515
2367
967
-564
-1981
-3127
-4236
-5196
-5743
-5760
-5482
-5126
-4501
-3660
-2849
-2285
-1821
-1387
-1236
-1407
-1628
-1598
-1447
-1277
-862
-39
1035
2120
3289
4599
5805
6624
7121
7460
7506
7059
6209
5209
4087
2729
1267
-44
-1148
-2174
-3055
-3552
-3649
-3541
-3311
-2814
-2058
-1259
-531
180
873
1364
1586
1681
1720
1592
1254
890
637
443
252
158
225
324
372
429
514
459
163
-256
-707
-1239
-1891
-2504
-2955
-3291
-3499
-3494
-3255
-2973
-2704
-2342
-1884
-1464
-1177
-849
-412
71
628
1366
2243
3017
3644
4236
4749
4895
4548
3896
2993
1740
191
-1325
-2659
-3975
-5197
-5966
-6123
-5965
-5668
-5047
-4065
-3102
-2433
-1854
-1238
-872
-934
-1088
-992
-793
-658
-311
528
1643
2697
3791
5097
6341
7126
7492
7678
7569
6900
5801
4599
3316
1796
190
-1150
-2192
-3112
-3848
-4160
-4054
-3765
-3338
-2646
-1762
-933
-220
504
1185
1615
1775
1840
1849
1674
1333
1034
848
670
487
455
611
774
837
880
916
790
403
-133
-710
-1392
-2199
-2952
-3482
-3810
-4017
-4032
-3805
-3435
-3023
-2543
-1961
-1419
-1030
-697
-220
461
1296
2239
3178
3992
4625
5128
5429
5280
4556
3329
1751
-31
-1811
-3370
-4717
-5923
-6805
-7070
-6698
-5974
-5051
-3886
-2625
-1614
-985
-557
-311
-491
-1083
-1657
-1886
-1836
-1564
-802
578
2269
3965
5676
7404
8787
9465
9495
9072
8165
6703
4894
3032
1169
-652
-2193
-3227
-3815
-4153
-4189
-3856
-3312
-2745
-2160
-1488
-874
-472
-149
231
597
810
967
1265
1591
1759
1809
1885
1976
1902
1709
1546
1358
1010
531
124
-206
-625
-1111
-1532
-1854
-2191
-2558
-2810
-2958
-3091
-3219
-3260
-3195
-3123
-3000
-2748
-2408
-2063
-1748
-1297
-566
489
1855
3287
4541
5484
6120
6463
6284
5446
3984
1998
-276
-2521
-4330
-5601
-6547
-7192
-7326
-6778
-5741
-4546
-3269
-2037
-1113
-682
-657
-772
-1078
-1654
-2247
-2513
-2209
-1409
-148
1622
3655
5636
7308
8587
9408
9492
8813
7557
5960
4264
2595
1169
78
-753
-1260
-1439
-1371
-1263
-1317
-1496
-1857
-2417
-3031
-3533
-3796
-3841
-3575
-2818
-1659
-284
1141
2521
3725
4484
4706
4473
3812
2799
1595
455
-418
-1070
-1452
-1477
-1230
-812
-442
-173
-45
-273
-758
-1453
-2236
-2970
-3701
-4144
-4271
-4101
-3550
-2818
-1833
-848
-88
513
832
1259
1907
2638
3378
3772
4096
4397
4455
4331
3750
2717
1094
-1024
-2823
-4183
-5276
-6316
-7199
-7348
-6975
-6277
-5150
-3759
-2380
-1598
-1270
-868
-580
-617
-971
-1189
-940
-487
336
1744
3505
5172
6374
7343
8114
8269
7723
6644
5281
3744
2167
998
321
-180
-614
-880
-858
-791
-951
-1212
-1572
-2128
-2793
-3236
-3168
-2816
-2361
-1603
-458
864
2000
2898
3638
3940
3653
2982
2223
1457
529
-305
-682
-669
-462
-198
196
595
611
268
-282
-1010
-1946
-3048
-3892
-4291
-4350
-4039
-3397
-2459
-1461
-589
218
800
961
673
143
-127
110
855
1937
2948
3802
4437
4786
4760
4049
2584
336
-2398
-4858
-6537
-7361
-7717
-7786
-7289
-6225
-4809
-3245
-1675
-396
9
-453
-1122
-1553
-1840
-2199
-2283
-1679
-490
1128
3180
5540
7553
8515
8549
8100
7274
5974
4278
2614
1201
138
-300
-63
541
958
958
710
234
-430
-1195
-2006
-2828
-3594
-3875
-3351
-2239
-868
573
2035
3285
3985
4206
4061
3425
2239
795
-324
-952
-1282
-1302
-909
-182
522
953
1180
1092
483
-599
-1824
-2842
-3627
-4141
-4184
-3681
-2772
-1713
-658
282
896
1053
804
269
-478
-1328
-1906
-1669
-440
1400
3260
4731
5673
5884
5238
3822
1766
-868
-3933
-6738
-8396
-8686
-8093
-7126
-5900
-4497
-3276
-2386
-1624
-1006
-955
-1690
-2625
-2982
-2633
-1834
-675
838
2436
3810
5064
6328
7232
7241
6338
5058
3863
2922
2315
2024
1883
1761
1792
2114
2472
2403
1714
560
-799
-2070
-2891
-3100
-2938
-2697
-2283
-1392
-78
1247
2277
2951
3206
2980
2487
2097
1836
1390
697
139
25
211
392
474
453
202
-331
-949
-1494
-2063
-2780
-3439
-3701
-3484
-2939
-2206
-1377
-608
-84
214
387
404
182
-236
-658
-943
-983
-485
744
2406
3887
4755
5029
4716
3663
1937
-131
-2277
-4457
-6357
-7268
-6898
-5837
-4877
-4224
-3737
-3562
-3844
-4198
-4152
-3873
-3808
-3772
-3118
-1738
-163
1275
2645
3821
4420
4518
4665
5018
5108
4652
4042
3734
3694
3732
3819
3831
3431
2580
1738
1230
792
82
-772
-1414
-1696
-1584
-1003
-113
574
748
695
825
1105
1247
1243
1236
1173
998
961
1292
1693
1657
1191
739
508
313
48
-170
-424
-959
-1676
-2141
-2216
-2290
-2636
-3014
-3114
-2962
-2675
-2210
-1620
-1178
-996
-794
-349
188
572
772
831
810
1029
1890
3244
4344
4636
4217
3356
2040
332
-1409
-2998
-4624
-6153
-6790
-6076
-4688
-3688
-3344
-3368
-3746
-4526
-5152
-4933
-4065
-3316
-2781
-1838
-301
1227
2284
2976
3342
3147
2562
2366
2973
3867
4361
4423
4414
4415
4276
3958
3420
2467
1107
-148
-719
-571
-138
202
349
386
484
806
1280
1547
1337
821
476
590
1106
1770
2263
2314
1890
1309
935
775
526
19
-528
-742
-499
41
568
746
332
-647
-1808
-2704
-3205
-3506
-3752
-3831
-3560
-2906
-2000
-1066
-383
-158
-302
-456
-352
-20
315
537
769
1277
2300
3706
4910
5250
4471
2875
940
-943
-2552
-3852
-4939
-5767
-6016
-5434
-4313
-3380
-3200
-3811
-4824
-5676
-5810
-4968
-3456
-1926
-794
32
852
1726
2430
2730
2576
2171
1944
2341
3476
4896
5858
5891
5106
3976
2872
1880
924
-35
-876
-1300
-1016
-49
1120
1833
1767
1136
455
141
301
754
1207
1515
1806
2296
2942
3376
3193
2264
835
-550
-1330
-1277
-668
-8
407
635
826
982
939
471
-551
-1966
-3253
-3857
-3627
-2953
-2356
-2086
-2067
-2069
-1904
-1568
-1237
-1113
-1148
-1024
-471
419
1267
1793
2068
2381
2932
3663
4269
4311
3535
2062
349
-1163
-2369
-3402
-4373
-5171
-5583
-5496
-5033
-4519
-4324
-4589
-5061
-5217
-4624
-3309
-1760
-574
-46
-13
-65
133
637
1237
1721
2104
2626
3509
4660
5660
6002
5411
4081
2565
1401
781
535
403
271
169
194
408
669
675
250
-395
-773
-534
306
1454
2520
3187
3371
3251
3032
2702
2095
1207
283
-360
-517
-160
480
957
911
386
-253
-699
-932
-1076
-1220
-1406
-1605
-1678
-1507
-1200
-1108
-1448
-2072
-2609
-2767
-2482
-1840
-1060
-389
21
222
389
631
976
1445
2045
2710
3300
3602
3459
2765
1546
15
-1554
-2914
-3934
-4569
-4844
-4856
-4761
-4702
-4771
-4977
-5195
-5186
-4692
-3660
-2309
-1021
-136
235
243
177
254
539
978
1525
2165
2890
3663
4354
4728
4544
3769
2666
1620
933
704
851
1154
1364
1358
1211
1056
918
713
424
192
204
562
1218
1989
2596
2788
2512
1958
1404
1022
849
813
854
939
1052
1150
1124
852
275
-514
-1275
-1727
-1720
-1360
-948
-734
-744
-858
-997
-1181
-1424
-1694
-1927
-2019
-1835
-1305
-595
-13
197
46
-262
-476
-356
222
1162
2118
2700
2697
2183
1360
360
-732
-1847
-2831
-3501
-3730
-3528
-3101
-2817
-3014
-3724
-4647
-5320
-5398
-4780
-3632
-2296
-1126
-332
103
297
365
406
502
715
1101
1726
2592
3510
4138
4209
3721
2875
1928
1137
726
737
1002
1325
1598
1770
1755
1520
1178
881
721
733
962
1401
1899
2250
2324
2107
1646
1060
555
305
348
598
941
1262
1423
1319
934
357
-281
-832
-1140
-1125
-857
-505
-243
-185
-378
-781
-1248
-1607
-1765
-1719
-1518
-1195
-809
-438
-127
96
163
11
-309
-555
-445
144
1052
1890
2254
1905
957
-198
-1150
-1742
-2118
-2458
-2797
-3005
-2964
-2757
-2649
-2930
-3667
-4599
-5261
-5232
-4397
-3070
-1786
-974
-697
-725
-772
-660
-334
183
791
1404
2047
2774
3474
3851
3700
3099
2339
1691
1337
1374
1739
2175
2413
2403
2251
2032
1730
1398
1192
1213
1423
1715
1994
2154
2086
1766
1293
806
407
149
72
202
494
829
1056
1060
844
505
157
-117
-251
-219
-63
81
94
-63
-371
-808
-1316
-1745
-1960
-1934
-1742
-1458
-1130
-837
-667
-624
-633
-632
-635
-671
-736
-776
-735
-554
-207
234
601
697
443
-75
-679
-1175
-1498
-1700
-1881
-2076
-2245
-2333
-2321
-2280
-2319
-2512
-2803
-2979
-2851
-2386
-1748
-1174
-837
-766
-854
-906
-748
-335
248
864
1419
1882
2234
2457
2539
2483
2314
2105
1949
1927
2034
2215
2400
2535
2580
2497
2299
2051
1838
1740
1792
1936
2021
1915
1594
1155
737
420
208
67
-57
-175
-235
-173
-9
128
137
22
-114
-153
-20
301
703
984
979
670
186
-347
-838
-1207
-1397
-1427
-1392
-1364
-1347
-1336
-1365
-1449
-1542
-1582
-1570
-1532
-1439
-1242
-982
-762
-649
-612
-612
-644
-667
-628
-543
-519
-626
-803
-957
-1059
-1111
-1100
-1041
-995
-990
-985
-929
-880
-909
-996
-1057
-1045
-962
-825
-692
-656
-749
-876
-886
-715
-403
-2
432
839
1180
1483
1773
1996
2106
2119
2098
2098
2142
2253
2413
2560
2627
2607
2534
2414
2238
2016
1777
1537
1271
985
699
413
110
-192
-437
-594
-674
-690
-630
-491
-309
-118
58
191
271
318
384
514
690
867
1007
1076
1046
903
659
323
-118
-655
-1222
-1726
-2089
-2256
-2211
-2001
-1739
-1547
-1464
-1465
-1510
-1563
-1580
-1528
-1418
-1289
-1153
-1007
-882
-826
-854
-929
-999
-1037
-1023
-937
-797
-663
-567
-512
-478
-464
-464
-436
-355
-257
-221
-294
-483
-753
-1031
-1207
-1201
-1018
-722
-369
8
391
743
1045
1303
1533
1747
1970
2208
2429
2581
2644
2655
2667
2692
2703
2662
2554
2393
2209
2020
1808
1521
1128
654
173
-223
-485
-621
-666
-664
-661
-676
-724
-804
-898
-968
-958
-811
-510
-76
425
901
1278
1501
1553
1453
1238
945
603
234
-137
-478
-781
-1038
-1255
-1430
-1549
-1605
-1603
-1566
-1536
-1535
-1565
-1608
-1627
-1602
-1532
-1427
-1295
-1142
-988
-862
-805
-848
-979
-1140
-1244
-1225
-1078
-862
-669
-561
-530
-531
-519
-492
-482
-519
-602
-698
-751
-743
-692
-654
-660
-675
-634
-463
-141
296
773
1204
1542
1790
1974
2132
2280
2414
2531
2626
2715
2811
2900
2954
2929
2801
2575
2275
1952
1642
1349
1056
750
452
190
-20
-182
-316
-451
-606
-771
-910
-992
-1026
-1032
-1023
-966
-822
-575
-245
124
477
750
912
955
891
733
492
190
-134
-441
-709
-937
-1115
-1240
-1326
-1392
-1459
-1510
-1531
-1513
-1466
-1426
-1416
-1451
-1510
-1537
-1486
-1357
-1218
-1140
-1141
-1176
-1168
-1084
-948
-832
-796
-833
-876
-849
-725
-564
-456
-453
-513
-543
-468
-289
-81
60
75
-21
-140
-178
-79
149
454
790
1128
1447
1725
1943
2074
2107
2061
1985
1961
2041
2217
2428
2583
2609
2482
2232
1920
1612
1341
1119
948
824
750
710
663
564
399
182
-45
-239
-382
-480
-568
-687
-827
-951
-1001
-949
-796
-564
-296
-32
189
339
403
364
212
-21
-270
-476
-614
-704
-783
-879
-991
-1094
-1164
-1201
-1225
-1267
-1335
-1429
-1542
-1658
-1760
-1825
-1823
-1741
-1591
-1408
-1224
-1061
-923
-807
-730
-706
-737
-788
-821
-807
-748
-666
-589
-522
-439
-321
-175
-46
28
37
8
-4
40
158
350
602
904
1237
1565
1836
1997
2030
1960
1835
1715
1638
1630
1696
1824
1985
2117
2164
2085
1895
1647
1396
1183
1025
920
864
844
839
802
700
531
339
188
102
61
15
-77
-221
-386
-529
-625
-689
-739
-768
-740
-626
-432
-228
-105
-130
-313
-582
-834
-994
-1045
-1027
-969
-890
-804
-735
-719
-793
-978
-1255
-1553
-1789
-1900
-1876
-1745
-1553
-1353
-1183
-1056
-958
-866
-774
-690
-624
-586
-574
-591
-636
-692
-746
-785
-778
-703
-552
-363
-192
-81
-52
-90
-156
-188
-133
24
273
587
934
1258
1514
1683
1771
1791
1767
1740
1747
1799
1866
1926
1965
1956
1884
1763
1632
1519
1417
1334
1287
1243
1148
972
744
515
317
198
195
286
396
460
466
417
304
122
-100
-309
-470
-561
-548
-442
-310
-241
-278
-409
-595
-803
-996
-1145
-1232
-1261
-1228
-1128
-981
-827
-729
-720
-803
-959
-1158
-1364
-1541
-1666
-1714
-1668
-1534
-1344
-1145
-980
-859
-765
-661
-528
-375
-239
-159
-143
-179
-239
-302
-352
-387
-406
-397
-345
-247
-134
-47
-17
-42
-104
-157
-163
-106
18
200
430
698
969
1199
1341
1376
1327
1251
1211
1251
1375
1554
1740
1891
1982
1993
1915
1753
1529
1290
1086
951
882
827
729
560
346
158
55
56
116
165
150
75
-23
-92
-120
-140
-182
-246
-295
-281
-196
-88
-43
-134
-357
-646
-889
-1009
-1007
-947
-906
-918
-952
-956
-907
-840
-833
-936
-1126
-1310
-1387
-1338
-1223
-1146
-1152
-1205
-1207
-1080
-834
-546
-326
-216
-179
-138
-50
50
90
23
-118
-248
-285
-198
-41
100
161
152
128
128
138
116
26
-100
-191
-181
-48
164
367
508
579
621
672
728
761
753
731
747
843
1020
1224
1389
1468
1461
1411
1353
1297
1221
1101
941
768
616
507
439
392
335
245
121
-22
-147
-231
-259
-236
-198
-185
-207
-239
-248
-218
-158
-97
-61
-65
-93
-119
-148
-198
-294
-431
-575
-680
-714
-686
-638
-619
-641
-695
-743
-754
-736
-714
-726
-767
-820
-860
-878
-878
-859
-812
-713
-547
-329
-102
70
136
84
-52
-206
-327
-376
-346
-252
-136
-34
31
46
17
-50
-130
-202
-241
-231
-168
-65
56
176
277
355
411
447
468
478
474
461
448
443
461
516
609
733
862
972
1048
1085
1080
1045
988
915
840
772
715
668
611
523
404
269
139
22
-71
-136
-167
-167
-137
-93
-63
-68
-105
-131
-107
-21
102
214
269
249
166
39
-114
-289
-466
-610
-685
-671
-581
-460
-358
-314
-341
-433
-570
-724
-871
-984
-1041
-1038
-977
-876
-762
-639
-519
-412
-328
-281
-267
-276
-286
-284
-277
-269
-269
-270
-262
-231
-179
-119
-70
-56
-81
-129
-168
-170
-117
-17
109
234
342
425
478
498
496
470
440
418
415
430
456
489
520
535
536
542
578
659
762
858
903
871
775
654
556
506
490
477
440
384
321
257
193
118
27
-69
-138
-148
-100
-26
34
70
90
124
183
247
275
229
104
-58
-200
-281
-311
-315
-310
-294
-259
-225
-234
-311
-455
-617
-738
-783
-753
-694
-660
-658
-660
-636
-582
-533
-510
-509
-500
-464
-406
-343
-311
-331
-385
-430
-423
-375
-319
-286
-273
-267
-254
-229
-201
-181
-179
-180
-151
-74
32
134
213
264
287
284
277
284
312
343
367
391
426
469
515
560
599
624
631
635
663
704
741
740
690
615
533
470
437
432
443
459
469
459
411
300
131
-50
-177
-197
-105
50
205
303
318
266
187
113
56
11
-25
-52
-62
-53
-42
-41
-77
-156
-273
-392
-473
-503
-489
-470
-488
-552
-652
-744
-784
-770
-729
-706
-714
-734
-742
-718
-660
-578
-498
-444
-416
-397
-373
-342
-308
-274
-236
-189
-143
-95
-44
-1
10
-25
-82
-131
-144
-108
-21
105
252
376
446
454
409
337
273
256
302
391
484
557
600
611
596
556
496
445
437
499
625
757
828
802
697
568
470
420
415
435
463
483
484
455
372
219
22
-148
-217
-170
-56
44
75
33
-36
-94
-123
-152
-209
-291
-363
-377
-327
-256
-225
-269
-358
-426
-416
-323
-215
-166
-213
-313
-408
-465
-500
-545
-620
-709
-764
-744
-649
-525
-431
-410
-449
-503
-527
-502
-445
-391
-349
-315
-258
-173
-81
-19
-24
-89
-170
-205
-162
-55
64
145
190
230
302
406
497
519
467
383
332
355
429
498
514
468
401
362
369
392
389
344
286
276
334
432
511
503
435
361
336
393
486
560
590
558
493
418
336
253
157
58
-12
-29
7
60
80
43
-39
-135
-213
-261
-282
-283
-268
-246
-220
-200
-202
-220
-249
-263
-241
-182
-108
-48
-28
-58
-136
-241
-337
-419
-465
-470
-450
-391
-328
-285
-276
-320
-401
-490
-563
-584
-543
-455
-351
-274
-220
-189
-170
-161
-163
-157
-131
-79
-8
67
124
152
161
169
190
229
270
293
291
277
274
295
337
373
386
364
326
296
279
266
243
205
151
105
90
104
129
141
126
95
78
101
170
255
316
337
331
328
336
351
344
303
228
146
86
55
45
32
0
-52
-116
-175
-220
-260
-292
-316
-319
-290
-245
-199
-172
-158
-145
-130
-117
-115
-133
-157
-178
-181
-174
-168
-167
-183
-199
-208
-202
-185
-185
-222
-296
-374
-416
-395
-323
-235
-171
-148
-160
-195
-228
-245
-247
-242
-234
-211
-158
-70
37
130
183
186
153
112
87
91
126
183
247
300
341
371
384
379
350
307
265
236
222
220
220
219
210
191
160
120
86
70
85
135
207
274
318
322
302
274
255
254
256
245
221
198
197
215
227
206
144
62
-16
-71
-94
-101
-110
-134
-163
-179
-174
-143
-111
-101
-126
-181
-235
-270
-288
-295
-296
-298
-295
-283
-266
-247
-245
-259
-300
-348
-376
-381
-369
-350
-323
-296
-257
-219
-198
-210
-251
-310
-356
-373
-357
-307
-245
-179
-123
-83
-54
-38
-30
-26
-19
1
38
89
146
194
232
254
264
265
266
276
291
304
308
306
306
305
298
289
277
269
264
259
260
260
256
242
224
213
212
215
213
197
174
157
148
145
140
130
118
106
94
82
65
43
19
-7
-26
-30
-19
-2
11
16
15
18
23
19
-5
-47
-92
-128
-157
-175
-188
-199
-214
-234
-250
-264
-272
-286
-308
-327
-325
-299
-261
-231
-212
-204
-198
-192
-191
-199
-210
-219
-217
-200
-175
-147
-126
-112
-99
-85
-66
-48
-33
-21
-7
7
31
58
78
87
84
78
75
80
93
111
128
144
156
162
170
175
177
170
163
161
172
191
214
237
250
261
265
257
244
224
203
186
173
163
156
145
130
110
88
67
43
22
7
-6
-13
-6
9
30
49
59
58
52
46
43
43
44
36
18
-9
-34
-54
-74
-97
-129
-165
-201
-230
-246
-249
-251
-256
-266
-279
-285
-285
-279
-275
-275
-277
-271
-260
-244
-229
-216
-210
-202
-193
-180
-160
-143
-124
-106
-83
-57
-31
-4
14
28
40
57
75
89
99
105
113
122
132
148
166
176
179
177
173
169
168
171
178
190
208
231
260
286
308
325
333
336
332
324
313
297
276
253
223
193
162
127
90
48
8
-27
-54
-72
-77
-72
-61
-49
-37
-28
-24
-28
-39
-55
-72
-86
-96
-100
-101
-102
-104
-109
-126
-149
-181
-218
-253
-282
-295
-296
-289
-272
-253
-239
-235
-249
-274
-303
-330
-347
-359
-357
-338
-307
-273
-240
-214
-191
-172
-156
-143
-127
-102
-72
-36
6
44
79
108
132
148
160
171
176
185
197
210
228
243
252
250
239
227
213
205
203
216
244
284
322
353
378
391
385
373
364
357
357
359
364
370
370
357
325
275
216
153
94
43
6
-15
-24
-26
-29
-39
-54
-75
-101
-128
-150
-163
-171
-167
-159
-149
-139
-136
-144
-162
-186
-217
-244
-272
-297
-311
-320
-314
-305
-296
-284
-279
-272
-266
-268
-264
-259
-249
-231
-215
-199
-184
-172
-159
-150
-147
-146
-145
-139
-127
-111
-90
-64
-30
1
33
64
92
117
134
149
165
180
195
201
204
203
199
190
175
163
157
157
169
190
216
242
267
285
294
291
280
267
251
243
237
235
236
235
229
214
190
157
116
74
36
4
-19
-33
-40
-40
-41
-46
-57
-75
-97
-118
-137
-148
-150
-145
-131
-113
-99
-87
-82
-86
-95
-113
-137
-164
-189
-212
-228
-237
-244
-246
-244
-238
-231
-224
-217
-207
-197
-182
-168
-154
-138
-124
-108
-96
-87
-81
-78
-71
-60
-50
-34
-19
-5
11
24
35
44
50
58
71
88
109
126
141
152
156
152
137
120
105
97
98
110
131
159
186
207
221
222
214
203
186
172
166
170
181
196
208
210
200
180
151
116
76
39
8
-11
-23
-29
-34
-39
-46
-54
-58
-68
-74
-82
-87
-87
-84
-77
-64
-54
-41
-29
-20
-19
-23
-31
-44
-63
-85
-109
-133
-156
-174
-186
-196
-202
-208
-208
-205
-200
-193
-187
-181
-175
-170
-160
-148
-134
-117
-101
-85
-68
-51
-35
-23
-14
-8
-5
-3
0
6
13
25
44
65
83
101
111
114
110
102
90
81
73
72
79
96
122
145
170
189
200
206
202
190
178
167
164
165
174
187
201
213
220
212
195
168
135
102
71
43
25
13
7
6
4
-3
-15
-31
-52
-70
-87
-97
-99
-90
-73
-55
-37
-22
-14
-13
-22
-39
-62
-84
-106
-130
-149
-168
-185
-205
-221
-235
-245
-253
-251
-239
-230
-218
-206
-190
-171
-157
-147
-141
-135
-123
-110
-95
-74
-56
-36
-20
-13
-10
-14
-20
-24
-27
-23
-13
5
26
47
65
76
79
76
70
65
63
64
73
87
109
133
153
170
174
169
164
154
142
130
122
123
127
133
140
144
148
145
139
124
104
87
76
67
62
58
55
53
52
45
35
21
8
-5
-16
-24
-26
-25
-23
-19
-17
-16
-17
-22
-27
-36
-44
-52
-60
-68
-78
-92
-108
-121
-131
-137
-142
-144
-143
-136
-128
-120
-114
-112
-111
-111
-109
-107
-103
-97
-90
-81
-69
-57
-47
-40
-34
-33
-34
-37
-41
-42
-41
-36
-26
-16
-6
5
15
20
23
22
22
25
30
41
56
74
93
112
126
134
141
141
140
138
135
136
139
141
146
148
149
148
145
138
129
118
106
91
81
72
66
61
55
53
52
49
47
43
41
38
32
25
18
11
4
-3
-10
-19
-30
-37
-48
-59
-68
-81
-95
-113
-133
-152
-170
-187
-199
-205
-207
-203
-194
-184
-175
-167
-164
-164
-165
-163
-157
-148
-136
-120
-105
-90
-76
-60
-48
-42
-36
-31
-27
-20
-8
4
20
35
48
59
70
81
87
95
101
106
110
114
119
122
125
125
128
128
130
133
133
137
142
144
143
144
142
139
137
134
130
126
121
113
103
95
85
76
66
55
43
34
27
23
19
17
15
13
8
4
0
-6
-12
-17
-24
-30
-35
-42
-52
-64
-76
-90
-106
-121
-134
-149
-163
-175
-188
-197
-205
-210
-212
-209
-205
-199
-194
-187
-178
-169
-159
-149
-137
-121
-105
-89
-70
-52
-36
-20
-5
7
17
28
38
47
58
66
72
76
81
87
93
97
100
103
107
113
115
117
121
123
125
126
126
128
130
133
134
134
132
131
130
124
124
123
119
114
106
99
92
83
76
68
57
47
36
27
18
8
2
-6
-13
-19
-23
-28
-32
-36
-38
-42
-46
-49
-51
-54
-58
-60
-63
-64
-66
-73
-75
-79
-86
-91
-96
-98
-100
-103
-104
-107
-107
-103
-102
-100
-97
-97
-93
-88
-83
-77
-70
-62
-54
-49
-42
-36
-33
-28
-24
-21
-14
-10
-6
-3
2
9
16
21
28
31
35
42
48
54
58
64
67
70
68
67
70
70
70
71
68
69
67
66
66
63
61
61
59
60
58
54
51
50
48
45
42
41
37
32
29
23
20
20
18
18
13
9
5
1
-2
-4
-9
-12
-15
-19
-21
-23
-24
-25
-27
-30
-31
-31
-33
-35
-36
-35
-35
-37
-37
-39
-38
-35
-36
-38
-37
-37
-33
-32
-32
-32
-31
-27
-20
-18
-13
-12
-11
-8
-6
-7
-6
-6
-6
-3
-3
1
2
3
4
3
6
6
8
11
8
9
10
10
11
11
12
13
14
14
16
17
18
19
19
19
18
18
16
15
14
14
15
13
13
12
11
10
8
7
5
5
3
0
2
1
2
1
3
2
1
0
-1
-1
0
-1
0
0
-1
-2
-2
-2
-2
-2
-3
-7
-8
-11
-11
-12
-14
-15
-15
-15
-17
-18
-18
-19
-20
-18
-20
-20
-20
-18
-16
-15
-12
-11
-11
-9
-10
-8
-7
-6
-5
-6
-5
-4
-4
-4
-5
-4
-2
-3
-1
-2
1
2
2
5
7
6
8
7
9
10
12
13
15
17
16
15
15
14
15
15
17
17
19
20
18
18
17
16
16
14
14
15
12
10
8
7
4
3
3
0
-1
-2
-2
-2
0
1
-1
-1
-2
-1
0
-1
-1
0
-3
-3
-4
