0
5
8
12
-13
18
17
-24
3
11
-6
2
14
-7
4
2
-11
15
5
-6
7
-2
-8
3
-8
4
-1
-20
-4
12
-11
-23
20
-15
-16
4
-7
-5
0
-11
-1
8
-15
0
1
-8
-7
5
-10
5
8
-15
7
-8
-7
7
3
-12
-2
15
-16
0
9
-8
5
15
-12
3
24
-18
6
22
-27
0
32
-12
-11
24
-3
-1
19
-19
10
21
-22
-7
25
-18
-7
22
-27
2
18
-22
8
23
-22
4
22
-10
-5
15
2
1
-5
-3
19
-10
-9
14
-6
-7
11
-2
-1
12
-12
-16
31
-7
-34
20
7
-30
8
25
-7
9
-25
-20
81
-19
-89
89
46
-132
-23
131
-37
-50
59
-39
-2
35
-26
-17
118
-102
-96
164
-1
-161
78
105
-176
0
137
-83
2
73
-195
115
96
-175
93
97
-108
-135
131
5
96
-82
-127
164
-138
68
169
-246
100
234
-471
116
486
-409
-212
558
-179
-556
692
46
-558
431
54
-522
416
322
-674
370
170
-468
221
136
-147
63
-59
28
-2
-23
87
-160
126
4
-40
-88
71
165
-283
107
158
-222
16
194
-209
-6
288
-276
-73
383
-314
-123
413
-271
-62
255
-180
-74
101
70
-144
66
122
-287
137
145
-225
104
84
-140
20
94
-48
-14
14
-20
43
-39
16
-31
57
-42
-80
175
-88
16
-51
-81
218
-50
-158
223
-122
-149
191
35
-56
-44
53
-26
-34
-13
169
64
-247
-90
261
1
-164
182
-36
-209
162
113
-285
270
36
-356
205
96
-218
225
48
-365
139
154
-74
-40
44
-20
-7
-78
13
145
107
-365
60
274
-293
100
305
-295
-299
422
55
-303
179
180
-358
-42
294
-56
-2
-104
32
55
-143
55
122
123
-214
-164
195
41
0
53
-15
-217
138
25
-12
252
-360
-164
440
15
-379
194
211
-269
-111
228
147
-153
-122
33
107
-137
91
201
-290
-9
199
-360
115
617
-574
-163
431
-398
160
344
-309
-17
70
-240
151
356
-386
-54
402
-409
-142
402
-22
-80
-19
-170
-21
325
-130
-111
326
-351
-170
391
-29
5
3
-256
115
149
-225
159
269
-474
-59
233
122
-41
-70
85
-221
52
171
-50
168
-25
-368
118
15
110
192
-302
15
172
-345
84
530
-275
-243
258
-128
-196
353
169
-287
-266
206
62
-131
220
-66
-50
-117
-134
353
95
-305
163
-110
-192
379
-136
-120
221
-254
-123
319
-15
-181
88
175
-177
-339
376
357
-331
-233
69
222
-74
-148
238
28
-236
-80
137
22
125
104
-268
-60
93
-31
149
93
-142
-143
-36
186
82
-170
143
6
-436
278
374
-316
1
170
-286
41
217
-116
-39
64
-127
63
177
-73
-210
167
82
-361
201
100
-89
134
16
-124
-35
-53
71
31
-135
35
18
125
38
-156
124
-6
-308
134
181
-60
-41
32
23
-70
-26
128
-59
-315
180
180
13
-68
-14
102
-181
12
7
96
-2
-70
25
91
28
-114
5
-66
1
73
12
-15
94
-81
56
17
-220
287
71
-353
195
85
-215
153
156
-174
-168
179
-51
61
103
-180
12
55
-127
39
201
-79
-146
118
27
-139
54
30
35
-129
-100
186
100
-117
-8
97
-93
-37
-19
100
43
-140
-104
175
97
-210
16
48
-33
-58
-6
87
111
-77
-98
109
-112
-142
235
64
-152
11
43
107
-78
-80
33
77
-13
-84
143
28
-65
-85
1
71
-92
-111
194
39
-84
72
36
-22
-100
32
-9
-71
85
44
139
-217
-221
244
45
-47
91
68
-117
-37
102
56
112
-169
-152
131
-98
104
180
-69
-136
-118
52
31
104
119
-62
-174
-166
111
26
78
43
-267
68
77
-135
266
214
-303
-167
137
-47
2
204
-14
-206
-183
35
237
135
-105
-85
-121
-76
314
284
-179
-130
-4
-273
143
290
-47
-122
-69
6
143
152
140
-178
-209
31
25
193
106
-128
-282
-114
48
14
-61
106
-44
-289
69
472
30
-276
32
-187
-204
134
298
236
-216
-342
135
158
72
275
168
-65
-101
120
411
371
-2
-147
-135
-13
217
313
203
-106
-339
-5
247
-24
-82
-191
-283
-295
-180
34
-175
-559
-639
-409
-279
-273
-217
-304
-721
-646
-140
-201
-161
-260
-401
-135
-123
-105
377
303
-263
69
284
510
565
270
446
327
300
604
718
563
381
373
599
593
463
799
521
144
161
278
543
305
41
190
172
-62
106
122
-16
-142
-358
-147
-156
-304
-241
-109
-282
-491
-320
-242
-399
-358
77
356
594
602
400
270
-58
-202
-30
71
-24
-123
-152
-138
-145
-313
-556
-935
-1220
-1141
-839
-702
-861
-1090
-1388
-1682
-1760
-1643
-1591
-1580
-1471
-1217
-746
-400
-277
-217
-252
-32
557
1264
1772
1856
1682
1527
1594
1756
2023
2097
1881
1670
1582
1606
1635
1353
854
585
391
496
737
744
472
15
-335
-221
-136
-256
-152
-311
-368
-341
-309
-182
-478
-643
-397
-211
-110
-123
-212
-282
-554
-589
-237
-161
-225
-446
-586
-526
-651
-540
-407
-800
-1196
-1025
-644
-455
-633
-818
-846
-1037
-969
-285
784
1690
1938
1718
1195
496
165
182
426
765
849
711
394
212
179
-199
-892
-1350
-1282
-1000
-631
-373
-404
-936
-1994
-2642
-2621
-2384
-2050
-1874
-1855
-1655
-1300
-877
-661
-789
-756
-411
236
1187
2098
2482
2101
1567
1692
2413
3057
3370
3400
3148
2729
2452
2397
2176
1619
996
664
779
1022
950
522
-191
-762
-796
-565
-350
-382
-539
-726
-949
-889
-615
-512
-755
-997
-864
-477
-276
-357
-457
-665
-763
-507
-71
149
-156
-547
-646
-744
-817
-637
-559
-725
-949
-947
-729
-794
-1089
-1130
-1056
-1089
-932
-651
-578
-472
515
2237
3006
2146
888
198
97
390
1146
1939
1492
91
-416
321
749
38
-1063
-1757
-1971
-1596
-575
167
-490
-2175
-3351
-3486
-3022
-2322
-1900
-2131
-2602
-2383
-1246
-381
-608
-1025
-897
-259
927
2385
3371
3059
1728
1173
2253
3829
4746
4717
4099
3391
2905
3000
3328
2956
1824
765
601
1262
1717
1227
60
-1048
-1379
-828
-69
222
-262
-1164
-1663
-1445
-837
-503
-872
-1498
-1660
-1141
-366
-133
-560
-1097
-1309
-923
-145
404
310
-399
-1136
-1241
-748
-280
-418
-1039
-1507
-1551
-1295
-1062
-1157
-1508
-1823
-1780
-1227
-680
-812
-1246
-669
1295
3043
3050
1684
256
-457
-232
994
2433
2498
884
-447
-53
923
854
-244
-1431
-2132
-2013
-897
434
365
-1461
-3423
-4056
-3382
-2246
-1509
-1738
-2644
-2940
-1817
-293
146
-406
-817
-447
694
2421
3952
3968
2374
1031
1723
3922
5582
5581
4441
3179
2537
2859
3728
3928
2599
638
-150
680
1773
1710
394
-1187
-1943
-1505
-400
238
-331
-1566
-2309
-2008
-1082
-409
-578
-1428
-2130
-1877
-843
-127
-399
-1143
-1410
-892
-31
551
458
-313
-1227
-1443
-739
141
273
-454
-1317
-1720
-1668
-1387
-1137
-1199
-1473
-1530
-1279
-1173
-1359
-875
868
2542
2576
1312
170
-313
-316
432
1880
2462
1073
-652
-526
767
1000
-122
-1225
-1716
-1846
-1325
-101
398
-1001
-3150
-4071
-3450
-2330
-1563
-1550
-2282
-2878
-2261
-782
97
-47
-271
45
788
2038
3638
4294
3071
1406
1604
3672
5497
5776
4987
3871
2823
2562
3395
4113
3226
1134
-181
257
1365
1628
660
-882
-1998
-1995
-1025
-105
-178
-1135
-2086
-2276
-1616
-733
-499
-1141
-1848
-1716
-929
-392
-495
-908
-1168
-966
-223
652
863
114
-921
-1323
-865
-96
276
-10
-729
-1467
-1866
-1792
-1389
-1098
-1168
-1340
-1452
-1659
-1626
-361
1970
3273
2080
-251
-1416
-981
152
1542
2637
2040
-338
-1994
-1054
817
1015
-354
-1546
-1980
-1930
-1178
-97
-224
-2029
-3782
-3864
-2715
-1651
-1309
-1785
-2705
-2914
-1656
-16
415
-149
-319
299
1243
2511
3865
4013
2477
1188
2199
4641
5958
5388
4207
3346
2844
3040
4072
4606
3242
934
50
1075
2151
1809
449
-882
-1582
-1285
-142
694
132
-1394
-2436
-2289
-1418
-581
-342
-915
-1777
-2025
-1565
-1194
-1312
-1428
-1139
-672
-277
17
-33
-699
-1509
-1507
-557
355
360
-395
-1286
-1937
-2184
-1892
-1222
-791
-1034
-1595
-1951
-2034
-1604
36
2471
3537
1893
-815
-1945
-1010
658
2159
2919
1835
-819
-2353
-1009
1214
1435
-143
-1487
-1957
-1969
-1298
-194
-226
-1971
-3658
-3657
-2560
-1733
-1566
-1919
-2552
-2598
-1379
200
622
16
-274
257
1258
2621
4005
4133
2587
1317
2392
4946
6350
5770
4452
3351
2631
2770
3835
4364
2978
749
31
1130
2128
1652
243
-958
-1336
-712
482
1065
154
-1614
-2704
-2396
-1270
-322
-253
-1138
-2221
-2532
-1933
-1247
-1054
-1119
-1071
-945
-801
-566
-506
-959
-1623
-1570
-643
182
-41
-1032
-1890
-2235
-2054
-1351
-461
-328
-1206
-2252
-2467
-1754
-134
2152
3597
2530
-420
-2322
-1685
390
2174
3024
2295
-200
-2475
-2047
484
1857
843
-887
-1839
-2165
-1818
-619
157
-916
-2907
-3661
-2938
-2076
-1728
-1674
-1986
-2376
-1850
-393
505
130
-297
226
1287
2392
3559
4080
3016
1456
1773
4166
6214
6294
5112
3765
2610
2235
3230
4549
4290
2430
909
807
1236
1164
648
62
-399
-404
154
513
-195
-1647
-2603
-2392
-1426
-500
-266
-1032
-2350
-3092
-2626
-1565
-928
-937
-1173
-1351
-1392
-1205
-900
-908
-1363
-1743
-1476
-768
-393
-739
-1449
-1993
-2153
-1846
-1173
-628
-678
-1262
-1871
-1908
-883
1127
2861
2652
484
-1660
-1979
-473
1690
3216
2870
441
-2093
-2169
150
2176
2044
367
-1437
-2465
-2053
-250
1290
762
-1444
-3274
-3536
-2646
-1427
-575
-691
-1547
-1951
-1250
-234
173
183
427
1019
1883
2936
3456
2620
1134
976
2880
5234
6146
5298
3459
1633
1059
2424
4536
5088
3371
1029
-173
-73
594
1263
1390
635
-434
-825
-507
-410
-971
-1614
-1776
-1540
-1184
-937
-1140
-1898
-2638
-2639
-1929
-1212
-1018
-1257
-1521
-1483
-1116
-687
-561
-878
-1367
-1521
-1045
-271
65
-437
-1383
-2026
-1958
-1318
-547
-102
-347
-1217
-2005
-1645
269
2499
3014
1247
-1210
-2390
-1572
654
2920
3393
1190
-1929
-2902
-934
1692
2584
1413
-797
-2708
-2817
-668
1835
2084
-188
-2893
-4179
-3612
-1649
440
898
-624
-2363
-2578
-1466
-164
815
1296
1079
682
1103
2124
2364
1508
995
1908
3543
4646
4633
3461
1619
511
1456
3831
5337
4533
2219
246
-240
706
2186
2947
2180
369
-998
-938
86
796
389
-857
-2022
-2302
-1589
-554
-179
-896
-2177
-2962
-2636
-1599
-777
-691
-1141
-1670
-1945
-1783
-1292
-957
-1089
-1297
-1083
-706
-778
-1247
-1555
-1533
-1314
-867
-320
-248
-938
-1783
-1971
-1333
-147
1148
1704
741
-1191
-2356
-1675
209
1897
2364
1270
-795
-2213
-1646
419
2152
2225
783
-1052
-1977
-1240
635
2051
1789
34
-1972
-2880
-2072
-117
1485
1526
140
-1456
-2131
-1452
236
1912
2451
1609
333
-255
84
872
1689
2329
2567
2331
1892
1574
1420
1457
1877
2634
3174
2944
2057
1153
752
982
1646
2258
2271
1551
601
50
51
292
447
348
-45
-568
-866
-789
-652
-798
-1146
-1443
-1646
-1789
-1723
-1396
-1155
-1330
-1761
-2065
-2153
-2110
-1854
-1408
-1176
-1437
-1858
-1974
-1781
-1533
-1292
-1046
-1004
-1280
-1492
-1348
-1110
-1052
-1015
-854
-846
-1147
-1281
-740
192
727
562
40
-407
-475
46
1015
1708
1447
469
-232
57
1103
2129
2489
1964
900
42
57
1030
2275
2857
2305
974
-217
-507
143
1141
1790
1636
676
-500
-1047
-647
180
687
614
168
-349
-666
-577
-169
178
256
208
224
299
359
420
514
576
583
610
681
758
866
1035
1124
954
625
435
500
690
884
996
877
465
23
-101
31
66
-86
-230
-350
-591
-878
-993
-997
-1106
-1242
-1193
-1103
-1272
-1581
-1652
-1477
-1400
-1509
-1594
-1609
-1647
-1601
-1340
-1094
-1179
-1432
-1453
-1242
-1101
-1091
-1007
-810
-665
-601
-537
-482
-467
-369
-91
226
370
342
279
307
489
797
1071
1126
988
860
829
891
1121
1560
1974
2061
1824
1539
1381
1360
1507
1789
1965
1795
1339
860
492
268
280
539
787
682
192
-407
-823
-877
-539
-56
153
-90
-551
-861
-896
-736
-472
-225
-138
-191
-203
-131
-142
-292
-377
-229
40
233
300
243
58
-113
-48
239
453
361
89
-109
-142
-43
111
184
30
-279
-495
-461
-299
-210
-252
-384
-575
-756
-820
-762
-702
-700
-681
-622
-650
-815
-969
-990
-936
-874
-756
-570
-475
-593
-816
-933
-866
-641
-315
-43
-19
-281
-578
-585
-227
310
755
896
691
316
74
169
576
1083
1428
1422
1097
736
648
901
1277
1497
1427
1128
806
650
663
713
696
632
572
493
358
178
1
-101
-40
183
375
318
51
-181
-226
-145
-48
15
-7
-137
-255
-213
-67
-21
-136
-242
-217
-136
-115
-174
-275
-356
-341
-228
-162
-309
-632
-896
-899
-621
-253
-94
-327
-809
-1142
-1056
-652
-237
-28
-95
-387
-713
-808
-582
-232
26
155
188
79
-170
-351
-241
97
389
458
322
89
-123
-172
12
296
442
356
185
108
113
88
28
31
144
296
405
422
298
28
-211
-152
254
692
801
552
190
-30
30
377
791
916
615
177
-14
75
214
256
215
123
-13
-114
-113
-113
-206
-281
-181
24
108
8
-134
-192
-163
-87
-9
-1
-111
-244
-251
-108
62
137
89
-37
-157
-167
-49
110
215
253
228
91
-141
-324
-331
-188
-12
92
33
-270
-700
-943
-803
-440
-189
-211
-413
-665
-863
-887
-679
-379
-198
-169
-172
-154
-187
-261
-234
-30
242
425
469
410
289
186
234
463
726
842
772
632
528
483
484
521
591
657
668
614
487
305
118
23
99
297
432
355
100
-157
-246
-126
108
283
254
39
-185
-251
-172
-97
-126
-232
-317
-305
-219
-152
-189
-316
-435
-451
-350
-192
-71
-66
-180
-327
-445
-536
-579
-515
-334
-160
-109
-196
-336
-454
-472
-309
-14
202
183
25
-62
-4
109
177
166
75
-39
-47
115
274
206
-74
-323
-330
-134
79
152
34
-212
-424
-441
-267
-69
-4
-58
-105
-67
10
50
38
31
82
205
366
500
541
480
404
433
603
806
908
866
742
612
536
552
644
713
652
461
246
93
17
17
83
155
143
-1
-193
-299
-268
-151
-49
-39
-135
-289
-405
-409
-325
-262
-303
-402
-450
-406
-336
-322
-370
-441
-508
-538
-479
-339
-226
-239
-366
-509
-613
-669
-641
-492
-297
-201
-263
-396
-493
-501
-396
-168
86
188
79
-93
-130
3
191
321
334
256
162
152
256
368
367
267
203
254
359
408
358
249
148
100
116
160
162
97
19
19
106
184
173
87
13
12
86
210
310
318
233
163
216
378
522
562
503
407
344
365
473
592
611
495
318
175
103
93
129
173
172
75
-95
-254
-321
-288
-211
-172
-229
-359
-475
-501
-428
-342
-353
-460
-547
-505
-353
-222
-213
-320
-464
-534
-463
-270
-84
-50
-186
-379
-513
-546
-491
-363
-217
-134
-160
-261
-370
-422
-381
-243
-59
67
65
-28
-104
-80
31
160
233
223
178
160
189
232
238
195
156
175
258
344
355
277
164
81
62
95
146
188
204
199
181
146
95
51
49
101
187
267
299
270
211
180
227
353
508
606
596
493
374
328
384
498
588
590
504
365
224
122
69
61
91
121
97
-26
-217
-385
-440
-375
-265
-221
-298
-451
-580
-610
-549
-463
-409
-399
-423
-465
-519
-578
-605
-565
-456
-320
-230
-236
-330
-446
-514
-500
-423
-324
-231
-163
-128
-132
-173
-217
-227
-174
-59
69
144
131
65
28
72
188
307
356
317
230
177
208
296
365
356
280
201
183
235
302
305
217
81
-15
-11
79
188
241
206
112
19
-19
9
77
159
238
294
310
275
208
168
212
351
526
627
585
422
259
220
339
533
661
614
404
160
20
38
150
241
219
77
-127
-299
-370
-345
-281
-248
-287
-397
-541
-660
-702
-655
-562
-494
-488
-535
-604
-664
-692
-667
-588
-491
-420
-393
-409
-451
-486
-466
-376
-267
-204
-210
-246
-248
-195
-111
-40
-10
-18
-24
22
122
215
239
211
202
259
356
434
455
428
394
391
437
486
476
406
339
344
410
457
425
308
170
86
107
204
288
281
178
49
-20
6
81
140
146
105
67
74
131
197
225
203
181
210
285
351
370
345
307
287
298
330
329
255
136
42
19
32
24
-32
-138
-278
-408
-472
-452
-407
-408
-473
-568
-663
-732
-734
-650
-530
-471
-510
-599
-660
-657
-594
-492
-396
-358
-395
-442
-432
-359
-275
-219
-197
-191
-195
-192
-149
-52
61
137
160
151
133
140
209
341
474
517
456
365
335
389
500
610
656
604
479
364
330
361
405
420
406
369
316
256
197
135
66
22
35
95
140
104
-6
-124
-174
-129
-29
47
46
-32
-112
-114
-19
103
167
150
104
94
135
208
278
317
317
291
272
263
236
176
118
107
126
112
37
-75
-194
-305
-383
-403
-386
-389
-449
-531
-591
-629
-660
-663
-624
-571
-552
-564
-564
-538
-512
-491
-453
-391
-333
-288
-235
-169
-127
-144
-183
-181
-122
-37
49
119
142
103
30
-7
29
111
208
298
346
328
242
160
162
261
405
527
584
556
460
348
292
328
417
496
523
494
429
358
314
307
293
232
138
75
92
160
210
179
66
-66
-139
-116
-31
34
20
-63
-134
-121
-43
19
16
-33
-65
-45
31
121
163
125
38
-14
7
66
93
67
10
-51
-91
-94
-61
-41
-88
-201
-320
-388
-387
-344
-289
-270
-336
-466
-582
-605
-543
-459
-400
-381
-407
-462
-506
-491
-415
-317
-227
-159
-123
-139
-186
-212
-172
-72
41
128
157
116
41
-2
39
143
249
308
299
249
202
197
248
329
386
396
372
347
346
368
397
408
388
347
303
278
281
309
336
339
297
214
115
48
44
94
151
151
74
-38
-114
-116
-65
-6
14
-16
-63
-76
-28
45
97
108
100
98
105
127
161
190
200
193
181
154
107
52
17
12
11
-13
-67
-134
-206
-276
-336
-389
-437
-470
-476
-459
-450
-475
-517
-531
-506
-460
-428
-416
-405
-350
-227
-88
-39
-158
-403
-663
-796
-751
-556
-263
34
281
432
464
358
131
-158
-412
-523
-422
-152
179
444
555
501
346
186
99
105
184
321
506
695
827
845
725
508
275
116
86
157
273
375
445
507
585
686
769
760
598
287
-109
-481
-729
-772
-596
-256
122
402
501
411
206
-28
-234
-392
-487
-476
-320
-19
332
569
560
293
-108
-440
-554
-431
-153
162
412
523
479
301
33
-254
-486
-584
-525
-375
-224
-137
-156
-287
-495
-709
-844
-853
-748
-590
-445
-356
-332
-349
-380
-404
-399
-349
-252
-130
-23
19
-19
-100
-166
-185
-154
-83
12
106
192
262
295
282
220
145
96
100
142
215
303
386
449
467
446
402
360
314
281
264
261
282
335
409
479
541
556
527
432
295
159
102
144
260
381
413
343
212
100
49
76
88
67
9
-38
-10
81
164
168
86
-91
-245
-323
-282
-140
26
108
81
-31
-193
-303
-364
-360
-332
-258
-220
-216
-260
-357
-450
-544
-604
-649
-654
-646
-523
-413
-358
-364
-479
-605
-634
-608
-568
-383
-306
-248
-140
-104
-172
-107
13
48
184
268
237
124
61
-93
-80
38
77
236
489
462
307
400
379
306
358
413
425
615
625
520
552
261
207
187
136
447
670
672
764
723
360
343
325
256
228
203
59
232
295
-70
169
70
-266
-227
-43
-274
-277
30
-140
-238
-431
-630
-85
133
-538
-222
189
-278
-393
-355
-233
98
150
-309
-182
-39
-544
-83
158
-255
-20
-308
-623
-45
-214
-215
31
-349
-375
-373
-450
-265
-368
-494
-233
-411
-543
-277
28
-134
-298
-305
-68
59
-334
-338
22
170
-102
-108
408
490
20
77
356
3
312
744
435
255
211
208
432
338
207
776
638
-294
-9
884
199
72
796
269
191
644
132
206
436
196
320
456
-105
20
587
60
-451
421
459
-114
-79
-31
-101
-321
-316
-63
-87
-343
-205
-14
-221
-466
110
-346
-793
-139
-141
-717
-373
-106
-189
-79
-326
-540
-180
-139
-266
245
-173
-304
-188
-216
-24
74
62
-114
-311
-245
-30
-200
-200
200
283
-512
-278
418
-351
-489
153
224
-476
-2
451
-626
-15
414
16
-8
155
-31
290
139
116
308
145
38
399
443
-144
556
350
383
344
133
-114
439
286
-387
631
592
-90
352
301
-477
171
398
94
7
-46
280
225
-49
-213
386
189
-439
224
293
-467
116
298
-452
100
223
-449
157
297
-397
-183
-107
-345
-230
78
-172
-98
-63
-235
-125
-308
-331
-259
-95
-59
-201
-51
-490
-429
-37
-345
16
59
-303
83
-111
-373
2
33
-88
-299
-88
166
-332
67
28
-555
154
103
-392
480
15
-242
580
212
-404
-118
247
-173
116
198
-269
150
350
-2
223
315
145
-22
358
352
31
504
404
-118
141
-91
50
324
-103
552
542
-40
40
34
-66
413
348
-146
106
234
46
-219
271
320
-193
151
75
-391
39
104
-145
247
281
-127
-176
-161
116
85
-484
8
38
-751
-158
492
-415
-277
361
-483
-633
134
-31
-253
91
-331
-390
263
-197
-468
150
-294
-697
116
203
-178
94
-105
-679
-330
129
-187
282
255
-645
-153
346
-208
-79
389
-590
-477
89
7
297
164
156
-14
-528
-241
460
146
-117
231
314
-378
43
667
-139
350
311
-369
240
502
94
308
334
-150
359
348
463
345
216
140
141
184
252
713
129
-158
103
417
77
331
524
-94
61
383
-233
-5
725
-502
117
108
-321
302
69
-228
-337
110
-495
-209
138
-362
-173
268
-799
-273
45
-871
-109
-364
-333
-259
-264
-378
-347
-109
-536
-348
-18
-347
-383
-112
-464
-164
-80
-283
-181
-408
68
38
-100
141
-181
-243
-98
-220
49
181
157
182
-320
152
-5
7
383
31
146
98
296
174
170
290
107
93
151
205
681
131
28
600
28
5
540
301
187
421
465
228
156
266
-82
198
553
286
276
593
103
-353
380
196
-142
479
122
140
45
-109
249
-224
-76
262
-212
-302
186
-145
-167
194
-724
-131
341
-751
-303
295
-786
-243
207
-533
-504
135
-360
-1011
149
-264
-531
199
-411
-576
-66
-421
-226
-63
-514
-160
28
-722
179
113
-713
214
-159
-422
316
-116
-379
52
-43
82
67
64
-96
53
167
-189
67
310
36
93
470
-66
107
432
-249
344
558
-208
507
358
-122
500
547
252
-110
607
387
-64
511
448
57
488
265
47
660
68
161
560
228
15
257
68
66
195
121
154
154
156
15
206
-369
-292
102
-161
-194
292
7
-378
-111
-564
-244
-87
-233
-260
-117
-549
-148
-222
-704
88
-564
-539
-48
-419
-294
-83
-622
-439
-429
-177
-176
-315
-42
-321
-392
-287
-172
-43
-338
-294
364
-312
32
276
-253
27
-292
71
309
77
383
-38
239
330
-131
137
600
193
-22
529
260
8
493
592
170
229
35
502
378
160
391
179
420
163
222
514
297
-82
374
203
-113
309
136
37
118
135
175
-38
55
-71
-325
257
-16
-402
146
-208
-314
156
-89
-301
-82
-353
-466
24
-196
-221
-80
-224
-100
-405
-129
-72
-357
-153
-221
-155
-290
-118
-172
-42
-158
-210
7
-2
-196
-317
-173
56
-131
-131
272
103
-316
-244
184
-40
-129
93
293
-147
-89
319
-125
-86
245
53
-10
228
96
69
50
-218
283
7
78
363
-29
180
93
-207
302
-4
-395
517
176
39
208
66
15
-145
-16
294
54
-31
425
43
72
119
-285
271
211
-368
341
578
-457
181
370
-438
68
359
-189
-138
528
-150
-219
205
46
-262
81
33
-298
432
-195
-75
198
-674
-210
191
-134
208
98
-198
-69
-518
-386
285
120
-302
-3
48
-253
-144
-11
66
-289
-240
24
-234
-36
153
-6
-135
-31
-202
-230
102
-96
-285
344
165
-385
88
230
-421
-27
309
-51
327
186
12
-100
-124
90
268
171
238
37
-69
336
-277
202
454
-262
-140
326
-115
25
176
-147
121
-201
-21
186
70
-348
106
190
-428
266
26
-57
223
-62
-160
-153
200
241
-70
-99
76
-128
30
144
341
-73
-55
59
-311
96
-82
5
297
34
-3
37
-117
-304
-98
263
-180
233
282
-176
56
-219
-178
24
113
203
50
-70
-70
-130
27
97
-225
70
212
-371
-173
485
-111
-444
327
-201
-534
250
456
-539
32
221
-563
149
125
-53
-163
-68
-39
105
259
69
-164
-213
-194
179
274
12
346
-36
-353
21
92
29
167
213
18
-193
104
-19
25
177
-78
-106
148
-135
-84
279
-135
-95
218
32
-299
324
-126
-20
172
-265
142
196
-184
-38
393
-368
78
229
-190
9
59
121
-35
-9
-57
10
116
-107
-276
411
-127
-481
494
-49
-362
332
45
-408
167
78
-315
54
282
-388
29
230
-469
-38
79
-6
184
109
-43
-94
-321
-119
20
-15
-128
-14
-118
-336
373
-75
-280
189
-267
-409
268
227
-195
104
-110
-192
-36
231
-5
202
47
-199
315
341
108
225
267
-268
352
348
-19
161
221
74
-250
230
225
-43
237
14
-10
130
-113
-21
116
-80
-307
211
-36
-360
389
-375
-427
296
-169
-137
322
-148
-255
216
-80
-364
155
313
-291
-246
186
-36
-393
122
201
-373
-54
46
-84
1
-13
63
-262
-92
159
-170
-233
230
89
-245
-36
202
-146
-65
330
-42
-151
74
127
-13
197
87
-337
208
150
-250
326
158
-194
-4
-46
47
248
-145
43
130
-293
119
86
-115
172
-97
-116
133
54
151
-105
160
-29
-254
236
181
-22
-51
297
-173
-86
243
70
144
48
-153
11
196
-8
-113
373
261
-428
-101
185
-163
-180
422
185
-199
3
1
-438
148
54
-118
191
-38
-147
-330
210
-134
-329
121
260
-339
-198
110
-276
-264
-44
119
-249
-45
-87
-43
136
-207
-357
-66
-50
-386
178
148
-119
23
-138
-119
172
-183
-290
336
38
-313
232
382
-318
49
272
-231
41
262
130
45
207
79
-36
20
240
156
96
313
16
20
224
122
-24
132
212
56
52
236
93
24
33
35
60
78
124
-89
63
251
-164
-17
61
-170
50
-37
-110
58
158
-223
-141
293
-309
-277
175
-212
-212
218
88
-330
29
-54
-309
71
-231
-123
168
-286
51
24
-189
-137
-250
12
1
50
-151
-16
21
-438
9
146
-166
-48
38
63
-204
-56
106
-94
-55
-141
233
69
-172
122
35
30
-53
-41
144
116
-97
2
293
30
-61
113
104
19
51
43
70
164
73
41
3
66
227
-102
54
301
-150
-82
280
53
-147
311
90
-277
155
162
-288
218
277
-279
188
198
-426
32
347
-149
-60
198
-50
-265
163
136
-188
41
16
-165
-44
61
-37
107
-45
-281
101
-32
-242
115
-11
-108
-8
-125
-11
40
-69
-158
-82
-14
-7
-54
20
-15
-187
-27
-5
-128
-7
108
-142
-95
22
-48
22
-67
-24
-48
-77
73
-32
36
20
-142
-36
10
3
46
160
-27
-116
38
32
-39
100
142
-16
55
33
30
-7
108
156
-35
82
147
-85
71
205
-59
-19
171
159
-59
12
171
-112
23
240
-73
23
139
-59
-93
134
39
-76
24
16
-14
-21
76
17
-117
35
-24
-154
10
-5
-59
5
82
-141
-120
64
-221
-124
115
-33
-83
31
-63
-41
-23
-197
-17
3
-131
81
99
-168
-40
42
-99
-74
140
-102
-98
189
-41
11
65
-188
-2
170
-120
-34
178
23
-188
102
279
-148
-96
98
-70
-68
203
154
-33
52
26
-110
23
0
2
125
74
17
-39
62
30
-89
80
121
-167
22
133
-63
-32
180
-68
-129
251
-138
-72
132
-206
42
102
-80
91
8
-88
-46
-1
72
-108
22
67
-157
96
15
-120
174
-37
-175
95
-22
-39
16
-18
162
-112
-39
114
-88
-94
123
85
-189
132
143
-245
63
211
-254
75
170
-233
41
135
-96
-104
179
33
-197
83
118
-151
-49
86
-13
-73
44
70
-96
-4
69
-133
-32
180
-122
-81
136
-45
-125
103
95
-147
-45
122
-38
-147
69
117
-57
-50
80
-65
-100
135
4
-59
63
71
-140
3
158
-127
-98
150
41
-145
136
79
-121
-9
17
-68
28
108
-76
36
155
-93
-136
81
25
-77
42
67
-36
37
94
-43
-44
-16
-19
3
33
23
34
74
-58
-119
114
62
-130
2
117
-70
-7
140
-104
3
18
-91
28
80
16
-53
16
16
-36
-18
52
-7
-54
29
19
-52
1
12
13
-2
-51
-18
20
46
-23
-63
18
-21
-26
32
6
-5
-11
-59
-24
36
-8
-11
48
-27
-40
41
-44
-24
31
-5
-17
38
24
-67
11
42
-28
13
5
18
2
-41
68
17
-47
36
61
-27
-33
54
-1
-15
52
4
-11
56
-18
-30
71
28
-59
48
33
-71
41
-1
-24
56
0
-16
5
-7
-13
-7
-19
1
46
4
-64
31
37
-83
0
23
-53
-9
27
-40
31
16
-85
44
1
-104
27
46
-46
-9
22
-20
-11
-14
-34
11
22
-43
-20
47
-20
-61
29
45
-22
-26
-7
-2
-49
3
75
-14
-4
53
-47
-25
73
-20
-52
100
29
-62
69
41
-60
23
78
-22
-2
56
52
4
0
41
-11
23
50
11
7
21
14
-4
46
34
-38
-10
39
8
16
27
23
-36
-54
23
-9
-33
36
40
-52
-35
4
-48
-5
3
-29
-21
-20
-50
-33
34
-57
-88
-8
-16
-25
12
-28
-30
-40
-42
-37
-13
20
-50
-34
5
-44
-37
25
-17
-27
3
20
-2
-1
37
-18
-33
0
8
-12
49
20
-24
38
0
-30
10
66
31
-4
45
22
-13
22
29
17
16
32
36
4
41
23
-11
52
36
-4
27
48
-3
9
41
32
4
12
31
7
28
30
-2
19
37
-11
-14
58
-7
-27
31
-17
-17
-1
-12
3
-9
-3
-5
-36
-15
-15
-34
-9
-14
-37
-19
-9
-46
-46
-18
-35
-33
-18
-33
-46
-17
-49
-44
-6
-46
-41
-23
-28
-20
-16
-27
-43
-4
-13
-39
13
0
-18
13
-10
-13
-14
6
18
7
31
-2
0
40
15
10
47
30
20
40
52
42
19
39
55
28
28
40
30
42
47
24
30
24
3
2
31
24
5
42
10
-15
14
3
-12
3
-2
-1
5
0
-18
-6
-12
-28
0
-12
-27
1
-17
-39
-7
-20
-47
-8
4
-42
-11
-10
-38
-15
-19
-18
-21
-20
-5
-11
-11
-5
-15
-13
-8
-2
-19
8
11
-21
-5
9
-11
-11
19
0
-13
16
