6
-6
-13
-12
-2
12
22
28
22
9
-8
-24
-29
-23
-10
4
17
24
20
9
-6
-19
-25
-25
-18
-7
7
15
14
9
-1
-8
-15
-16
-8
1
10
15
14
8
0
-7
-6
13
27
27
13
-4
-10
-13
-18
-25
-21
-10
7
16
12
0
-9
-13
-10
-7
-1
6
9
0
-17
-25
-20
-11
3
13
21
26
26
20
9
0
-9
-8
1
8
16
14
10
5
0
2
8
10
6
-2
-6
-3
-2
3
5
4
-4
-14
-15
-15
-10
-8
-3
-1
-7
-8
-10
-13
-11
-11
-7
-4
-4
-1
3
2
-2
-5
-7
-5
-3
4
11
12
11
10
3
-1
-2
-4
-2
0
2
2
-1
-1
-2
-3
-4
-5
-9
-11
-5
4
9
15
18
17
20
21
23
30
24
13
2
-3
1
15
35
55
64
68
58
29
5
-8
-5
7
24
44
62
67
62
38
11
-4
0
19
41
62
84
108
129
149
152
153
163
175
192
177
132
74
4
-68
-142
-192
-225
-244
-268
-339
-425
-525
-639
-735
-867
-954
-963
-942
-872
-838
-829
-784
-752
-703
-642
-578
-444
-272
-84
89
249
398
532
662
770
865
966
1086
1216
1321
1375
1384
1352
1283
1187
1082
991
924
864
782
679
580
501
441
363
245
109
-10
-91
-139
-183
-227
-271
-318
-362
-384
-343
-197
45
324
560
704
742
673
503
258
-10
-235
-385
-464
-491
-499
-522
-597
-741
-963
-1226
-1490
-1735
-1962
-2180
-2384
-2545
-2646
-2680
-2643
-2527
-2330
-2061
-1746
-1410
-1072
-745
-428
-128
165
479
827
1221
1643
2059
2437
2745
2976
3129
3208
3229
3195
3107
2960
2758
2518
2267
2029
1797
1556
1281
950
554
114
-330
-732
-1044
-1242
-1327
-1333
-1310
-1299
-1323
-1379
-1455
-1521
-1544
-1519
-1443
-1319
-1154
-955
-738
-517
-312
-144
-33
25
52
76
107
139
162
157
111
28
-70
-165
-255
-340
-398
-393
-290
-50
331
806
1262
1566
1662
1558
1289
935
572
265
52
-72
-101
-14
137
268
302
194
-64
-455
-930
-1420
-1900
-2398
-2882
-3251
-3426
-3377
-3100
-2627
-2056
-1531
-1142
-853
-616
-424
-267
-102
114
383
733
1231
1894
2616
3250
3697
3911
3877
3638
3300
2965
2652
2357
2098
1923
1835
1794
1761
1670
1427
966
318
-409
-1105
-1694
-2109
-2321
-2347
-2226
-1994
-1675
-1329
-1047
-902
-925
-1096
-1359
-1618
-1767
-1753
-1565
-1229
-783
-279
224
663
974
1107
1038
790
431
53
-258
-441
-490
-428
-300
-153
-17
75
120
144
172
227
338
536
781
1014
1196
1313
1354
1294
1134
906
635
317
0
-239
-385
-472
-532
-554
-554
-581
-651
-768
-995
-1421
-2040
-2724
-3326
-3733
-3853
-3635
-3137
-2509
-1860
-1197
-552
-7
370
580
651
609
539
597
881
1360
1946
2582
3218
3761
4145
4366
4429
4282
3907
3378
2818
2302
1863
1540
1343
1200
1017
788
528
212
-193
-670
-1162
-1644
-2090
-2432
-2597
-2578
-2439
-2220
-1942
-1660
-1446
-1320
-1255
-1251
-1326
-1435
-1494
-1458
-1318
-1062
-693
-264
141
473
709
818
782
626
397
131
-133
-349
-472
-506
-472
-346
-122
189
554
953
1339
1608
1696
1632
1460
1198
879
539
213
-106
-392
-540
-508
-346
-137
53
176
167
17
-212
-501
-903
-1458
-2102
-2707
-3189
-3479
-3504
-3259
-2838
-2343
-1788
-1150
-499
62
473
706
748
636
509
525
721
1053
1486
2016
2598
3173
3730
4230
4558
4606
4362
3920
3371
2784
2232
1772
1382
997
624
330
127
-39
-204
-386
-618
-951
-1355
-1729
-2016
-2235
-2402
-2489
-2507
-2492
-2451
-2343
-2155
-1947
-1764
-1583
-1387
-1198
-1029
-849
-638
-431
-254
-80
102
262
366
426
463
475
460
446
439
406
337
264
231
254
339
486
685
871
1008
1112
1182
1182
1080
887
625
308
-19
-273
-425
-511
-564
-583
-555
-514
-477
-431
-418
-538
-825
-1210
-1621
-2037
-2428
-2719
-2879
-2935
-2872
-2599
-2084
-1410
-687
21
649
1117
1418
1622
1774
1837
1817
1782
1793
1886
2091
2439
2884
3306
3618
3815
3897
3848
3645
3301
2843
2255
1572
872
227
-328
-796
-1159
-1400
-1528
-1563
-1515
-1406
-1301
-1279
-1355
-1501
-1696
-1941
-2206
-2446
-2629
-2738
-2732
-2556
-2217
-1765
-1255
-729
-224
210
552
804
949
960
838
619
357
91
-134
-289
-373
-396
-360
-242
-39
221
512
802
1044
1186
1205
1133
995
789
532
270
39
-139
-248
-245
-142
-9
96
165
202
185
106
-20
-195
-462
-831
-1242
-1639
-1998
-2302
-2516
-2617
-2618
-2512
-2265
-1862
-1365
-853
-376
45
380
631
843
1031
1177
1271
1349
1467
1663
1944
2302
2692
3053
3338
3555
3715
3800
3773
3610
3318
2910
2424
1920
1432
964
498
50
-356
-693
-953
-1140
-1280
-1406
-1544
-1683
-1811
-1932
-2067
-2230
-2413
-2595
-2738
-2809
-2780
-2655
-2456
-2206
-1906
-1554
-1167
-770
-396
-80
151
287
342
330
255
129
-28
-179
-292
-327
-253
-61
236
601
1000
1379
1694
1912
2004
1965
1795
1510
1139
720
301
-66
-345
-529
-620
-635
-591
-510
-417
-333
-291
-330
-481
-734
-1065
-1430
-1786
-2101
-2348
-2512
-2575
-2499
-2271
-1892
-1395
-834
-263
273
749
1160
1502
1773
1969
2099
2186
2262
2355
2479
2639
2810
2972
3113
3224
3299
3322
3278
3156
2938
2621
2223
1755
1242
695
128
-428
-949
-1411
-1791
-2086
-2295
-2434
-2515
-2539
-2518
-2475
-2425
-2393
-2381
-2387
-2398
-2389
-2343
-2248
-2105
-1907
-1655
-1356
-1014
-648
-275
82
396
649
835
959
1007
986
905
783
645
522
458
469
560
721
915
1122
1309
1441
1495
1457
1313
1067
744
388
40
-282
-562
-799
-993
-1141
-1224
-1237
-1187
-1111
-1053
-1046
-1102
-1216
-1368
-1540
-1720
-1892
-2034
-2107
-2066
-1883
-1572
-1160
-693
-208
279
770
1256
1723
2138
2478
2732
2912
3042
3149
3241
3308
3339
3333
3304
3264
3211
3125
2985
2771
2477
2128
1752
1360
944
499
20
-483
-978
-1433
-1837
-2190
-2500
-2764
-2970
-3104
-3160
-3157
-3115
-3060
-3006
-2942
-2855
-2732
-2580
-2413
-2230
-2023
-1773
-1457
-1087
-680
-271
109
440
714
926
1071
1150
1159
1122
1068
1035
1060
1139
1262
1402
1539
1663
1761
1821
1817
1732
1555
1294
979
645
318
14
-262
-505
-702
-851
-947
-997
-1023
-1060
-1132
-1244
-1385
-1542
-1703
-1851
-1977
-2074
-2125
-2113
-2021
-1844
-1588
-1269
-893
-471
-7
484
989
1475
1911
2277
2563
2769
2908
2986
3015
2996
2943
2871
2797
2735
2678
2612
2527
2407
2246
2040
1794
1499
1147
747
304
-158
-624
-1074
-1491
-1863
-2188
-2459
-2671
-2816
-2894
-2912
-2882
-2825
-2757
-2685
-2613
-2542
-2468
-2384
-2279
-2144
-1964
-1725
-1425
-1070
-673
-257
154
542
887
1174
1389
1533
1609
1628
1611
1586
1566
1575
1617
1686
1783
1892
1988
2046
2035
1931
1731
1438
1073
658
217
-216
-620
-973
-1263
-1481
-1632
-1733
-1810
-1884
-1970
-2074
-2199
-2335
-2471
-2585
-2660
-2678
-2617
-2468
-2230
-1911
-1525
-1082
-599
-89
437
966
1485
1981
2439
2846
3186
3450
3631
3721
3730
3665
3544
3382
3193
3000
2807
2620
2438
2254
2057
1838
1584
1288
946
560
132
-322
-789
-1249
-1679
-2065
-2392
-2654
-2842
-2960
-3012
-3012
-2972
-2896
-2799
-2685
-2557
-2418
-2264
-2095
-1910
-1706
-1484
-1246
-995
-733
-469
-206
54
304
544
767
969
1150
1317
1468
1608
1735
1839
1920
1974
1996
1980
1924
1816
1653
1440
1179
885
567
231
-110
-448
-773
-1079
-1356
-1597
-1809
-2003
-2180
-2343
-2491
-2618
-2713
-2769
-2776
-2725
-2605
-2410
-2134
-1784
-1376
-924
-440
60
570
1074
1561
2021
2449
2836
3176
3468
3707
3894
4013
4061
4041
3959
3818
3617
3365
3070
2742
2391
2029
1669
1310
958
614
279
-51
-389
-735
-1092
-1460
-1826
-2181
-2508
-2796
-3039
-3225
-3340
-3371
-3323
-3204
-3035
-2837
-2632
-2427
-2224
-2021
-1813
-1610
-1409
-1210
-1015
-818
-607
-387
-168
41
243
444
649
865
1109
1388
1683
1960
2217
2444
2619
2719
2737
2672
2504
2233
1891
1520
1133
733
329
-58
-428
-784
-1116
-1402
-1646
-1888
-2143
-2394
-2621
-2831
-3007
-3126
-3189
-3199
-3157
-3027
-2791
-2464
-2062
-1598
-1089
-551
5
584
1176
1751
2292
2785
3226
3603
3907
4138
4285
4338
4302
4195
4034
3831
3591
3335
3061
2771
2470
2161
1838
1488
1103
684
227
-255
-749
-1233
-1695
-2113
-2469
-2752
-2958
-3094
-3163
-3174
-3149
-3088
-2994
-2871
-2733
-2582
-2407
-2214
-2003
-1777
-1538
-1292
-1054
-834
-639
-460
-308
-190
-87
19
134
261
426
640
896
1184
1489
1801
2092
2332
2498
2581
2566
2443
2217
1911
1547
1128
679
227
-208
-618
-991
-1314
-1585
-1814
-2015
-2188
-2337
-2473
-2604
-2717
-2799
-2844
-2850
-2791
-2657
-2442
-2151
-1788
-1355
-866
-337
218
788
1356
1901
2417
2900
3330
3693
3982
4192
4313
4344
4295
4178
3995
3758
3481
3182
2869
2549
2234
1926
1617
1295
954
597
213
-195
-629
-1081
-1537
-1984
-2402
-2764
-3057
-3268
-3391
-3422
-3369
-3241
-3056
-2835
-2597
-2362
-2139
-1936
-1752
-1583
-1429
-1285
-1148
-1014
-879
-743
-609
-475
-340
-205
-63
92
280
505
771
1065
1380
1702
2008
2279
2492
2626
2655
2570
2374
2084
1716
1295
836
367
-90
-522
-910
-1242
-1519
-1751
-1953
-2127
-2273
-2398
-2498
-2576
-2627
-2645
-2625
-2546
-2402
-2191
-1917
-1583
-1194
-753
-267
256
804
1356
1905
2432
2923
3363
3735
4028
4226
4325
4327
4240
4076
3846
3565
3251
2911
2557
2200
1843
1484
1122
757
387
16
-357
-734
-1107
-1481
-1843
-2182
-2489
-2749
-2953
-3094
-3165
-3164
-3090
-2949
-2752
-2512
-2243
-1961
-1676
-1405
-1158
-938
-757
-611
-502
-424
-375
-350
-340
-338
-329
-301
-236
-125
37
255
515
810
1118
1426
1707
1934
2089
2154
2127
2010
1808
1538
1211
846
464
76
-305
-657
-983
-1277
-1536
-1767
-1963
-2126
-2257
-2350
-2405
-2421
-2395
-2327
-2209
-2040
-1819
-1546
-1230
-870
-474
-40
423
903
1398
1891
2370
2825
3243
3609
3910
4133
4266
4304
4249
4107
3881
3586
3238
2847
2426
1995
1562
1135
718
312
-79
-456
-821
-1171
-1512
-1839
-2153
-2444
-2702
-2918
-3085
-3197
-3254
-3248
-3178
-3043
-2844
-2588
-2291
-1961
-1608
-1254
-908
-587
-305
-75
97
208
263
267
238
191
144
117
122
181
298
475
697
954
1224
1485
1718
1903
2015
2042
1975
1815
1580
1277
927
544
147
-245
-617
-956
-1247
-1493
-1699
-1867
-1999
-2103
-2184
-2245
-2284
-2303
-2296
-2257
-2177
-2047
-1859
-1615
-1318
-967
-572
-143
314
786
1260
1730
2183
2612
3003
3348
3636
3851
3989
4044
4021
3916
3735
3488
3185
2842
2467
2074
1667
1256
842
430
26
-373
-766
-1146
-1506
-1844
-2149
-2419
-2638
-2807
-2917
-2969
-2962
-2900
-2786
-2623
-2421
-2189
-1932
-1657
-1370
-1077
-786
-502
-236
0
203
363
474
530
538
512
461
400
355
343
383
479
623
812
1023
1236
1420
1555
1618
1595
1479
1280
1009
673
296
-95
-479
-837
-1151
-1413
-1622
-1779
-1894
-1978
-2039
-2086
-2122
-2150
-2159
-2143
-2101
-2018
-1887
-1702
-1471
-1195
-876
-520
-131
282
713
1155
1599
2037
2454
2843
3182
3465
3678
3811
3867
3846
3752
3595
3382
3130
2847
2540
2221
1887
1538
1176
800
409
6
-398
-799
-1182
-1539
-1863
-2145
-2373
-2548
-2670
-2739
-2757
-2729
-2657
-2544
-2388
-2195
-1967
-1707
-1425
-1126
-824
-530
-258
-24
161
294
375
409
405
378
347
325
326
355
421
512
624
749
869
979
1055
1098
1092
1034
918
754
543
287
-5
-323
-656
-999
-1329
-1638
-1907
-2134
-2311
-2428
-2488
-2486
-2431
-2322
-2167
-1981
-1766
-1522
-1260
-981
-685
-378
-55
283
639
1012
1396
1786
2179
2572
2953
3306
3617
3873
4055
4152
4167
4091
3925
3678
3355
2978
2568
2144
1722
1312
920
546
197
-125
-433
-733
-1034
-1338
-1650
-1956
-2248
-2517
-2752
-2948
-3096
-3176
-3182
-3110
-2963
-2754
-2499
-2204
-1881
-1534
-1173
-814
-484
-196
46
240
396
510
580
600
577
532
496
491
533
610
708
827
964
1121
1278
1408
1473
1443
1320
1122
870
575
240
-136
-538
-934
-1293
-1598
-1846
-2052
-2237
-2390
-2503
-2560
-2561
-2515
-2443
-2354
-2228
-2037
-1776
-1443
-1061
-657
-231
221
703
1205
1695
2147
2553
2917
3263
3590
3878
4109
4256
4314
4297
4212
4062
3845
3547
3179
2756
2308
1860
1410
962
506
45
-396
-807
-1178
-1512
-1824
-2119
-2399
-2650
-2860
-3033
-3167
-3270
-3338
-3349
-3292
-3163
-2963
-2711
-2428
-2112
-1770
-1401
-1009
-616
-232
112
417
684
902
1075
1197
1258
1272
1255
1228
1216
1215
1218
1230
1238
1259
1281
1298
1298
1253
1165
1028
844
619
346
26
-335
-735
-1144
-1542
-1917
-2251
-2559
-2824
-3031
-3175
-3239
-3227
-3147
-2988
-2775
-2495
-2148
-1756
-1314
-842
-352
160
668
1177
1681
2157
2625
3067
3479
3864
4192
4458
4646
4736
4743
4651
4472
4213
3874
3492
3069
2610
2130
1622
1114
608
117
-337
-764
-1147
-1497
-1827
-2121
-2395
-2646
-2870
-3081
-3265
-3411
-3502
-3517
-3467
-3353
-3179
-2970
-2714
-2424
-2096
-1723
-1329
-916
-505
-116
253
580
857
1076
1224
1329
1407
1470
1544
1612
1672
1722
1739
1748
1733
1680
1600
1455
1261
1033
775
507
224
-91
-422
-783
-1144
-1474
-1791
-2072
-2347
-2618
-2858
-3073
-3230
-3321
-3368
-3345
-3271
-3130
-2880
-2548
-2122
-1624
-1096
-513
88
710
1366
1995
2608
3173
3665
4114
4488
4783
5007
5110
5123
5037
4861
4643
4352
4014
3642
3207
2763
2302
1821
1351
845
332
-175
-694
-1168
-1623
-2053
-2430
-2788
-3083
-3316
-3508
-3626
-3711
-3752
-3729
-3669
-3536
-3352
-3139
-2865
-2574
-2241
-1869
-1499
-1099
-715
-344
33
361
683
971
1207
1437
1608
1761
1909
1996
2086
2130
2132
2136
2067
1976
1838
1625
1408
1133
830
528
170
-176
-531
-904
-1233
-1577
-1897
-2190
-2501
-2766
-3021
-3248
-3408
-3548
-3606
-3592
-3515
-3319
-3054
-2695
-2250
-1765
-1205
-607
16
678
1318
1961
2583
3145
3685
4145
4535
4855
5061
5188
5215
5146
5006
4771
4471
4112
3697
3258
2785
2299
1812
1317
838
369
-89
-522
-949
-1349
-1730
-2093
-2421
-2731
-3007
-3242
-3441
-3582
-3676
-3702
-3657
-3554
-3372
-3137
-2849
-2510
-2157
-1778
-1400
-1039
-677
-353
-44
251
510
773
1015
1239
1470
1662
1841
2001
2104
2192
2212
2176
2099
1939
1740
1491
1191
874
517
148
-217
-605
-969
-1334
-1694
-2025
-2356
-2661
-2935
-3193
-3393
-3557
-3671
-3702
-3686
-3580
-3393
-3143
-2792
-2383
-1909
-1362
-785
-152
510
1168
1852
2508
3129
3726
4234
4682
5039
5275
5434
5459
5388
5229
4956
4645
4263
3828
3391
2908
2443
1985
1513
1089
651
231
-155
-567
-943
-1321
-1705
-2039
-2385
-2692
-2946
-3196
-3357
-3475
-3554
-3537
-3495
-3382
-3202
-3007
-2739
-2444
-2144
-1787
-1452
-1112
-744
-430
-90
237
515
831
1093
1327
1571
1716
1864
1965
1968
1989
1909
1786
1661
1427
1210
950
623
340
-19
-374
-703
-1091
-1411
-1753
-2104
-2382
-2701
-2960
-3169
-3387
-3491
-3566
-3583
-3475
-3346
-3096
-2760
-2394
-1902
-1390
-832
-197
413
1067
1716
2314
2920
3445
3917
4352
4667
4929
5100
5164
5177
5074
4898
4665
4333
3973
3560
3104
2652
2163
1687
1232
765
339
-74
-472
-825
-1174
-1496
-1793
-2080
-2327
-2546
-2745
-2891
-3001
-3067
-3075
-3048
-2967
-2848
-2705
-2521
-2325
-2115
-1883
-1643
-1382
-1099
-815
-503
-195
124
453
745
1040
1285
1501
1677
1775
1824
1790
1686
1538
1327
1085
823
521
237
-61
-351
-613
-894
-1149
-1413
-1678
-1921
-2170
-2400
-2618
-2836
-3016
-3168
-3274
-3295
-3258
-3118
-2898
-2597
-2191
-1720
-1172
-577
45
692
1335
1955
2559
3090
3561
3958
4250
4486
4624
4698
4714
4647
4550
4399
4196
3972
3683
3363
3014
2611
2213
1775
1326
892
420
-13
-438
-849
-1202
-1550
-1847
-2099
-2331
-2498
-2642
-2752
-2801
-2839
-2811
-2746
-2665
-2513
-2370
-2179
-1969
-1769
-1530
-1301
-1061
-792
-535
-256
45
306
604
849
1064
1273
1378
1470
1476
1407
1306
1125
902
667
373
98
-178
-477
-711
-979
-1206
-1414
-1649
-1836
-2044
-2239
-2396
-2562
-2681
-2763
-2833
-2813
-2767
-2661
-2467
-2254
-1943
-1587
-1182
-711
-216
323
888
1447
2011
2553
3039
3496
3862
4154
4366
4475
4515
4458
4330
4142
3901
3627
3335
3017
2699
2378
2048
1734
1406
1083
760
422
91
-247
-589
-917
-1241
-1546
-1818
-2067
-2263
-2420
-2532
-2591
-2609
-2581
-2515
-2423
-2298
-2146
-1976
-1785
-1574
-1347
-1091
-817
-530
-225
82
386
681
939
1166
1338
1446
1498
1475
1387
1236
1029
784
506
209
-89
-395
-689
-970
-1243
-1491
-1733
-1956
-2156
-2351
-2517
-2667
-2794
-2870
-2924
-2925
-2868
-2771
-2595
-2364
-2074
-1714
-1317
-860
-365
145
684
1221
1743
2256
2717
3138
3500
3782
4004
4145
4211
4212
4133
4004
3823
3591
3337
3051
2744
2433
2103
1776
1451
1119
800
486
176
-115
-401
-672
-917
-1151
-1355
-1533
-1692
-1810
-1903
-1969
-1994
-2011
-1995
-1954
-1906
-1824
-1735
-1632
-1495
-1358
-1176
-967
-751
-480
-214
60
343
581
808
985
1098
1171
1162
1094
983
803
607
382
134
-97
-337
-562
-768
-980
-1172
-1369
-1574
-1765
-1978
-2184
-2377
-2570
-2718
-2837
-2906
-2900
-2843
-2699
-2474
-2194
-1826
-1408
-945
-430
87
623
1149
1638
2103
2512
2869
3179
3413
3589
3707
3756
3762
3717
3624
3496
3322
3123
2898
2645
2378
2085
1769
1443
1088
731
369
9
-329
-655
-951
-1207
-1427
-1587
-1708
-1787
-1824
-1835
-1810
-1762
-1694
-1604
-1513
-1410
-1298
-1183
-1044
-897
-728
-538
-335
-109
118
350
575
774
950
1080
1157
1183
1148
1061
927
751
548
324
99
-120
-332
-524
-709
-879
-1040
-1208
-1371
-1543
-1719
-1890
-2072
-2249
-2411
-2562
-2663
-2723
-2731
-2663
-2539
-2338
-2057
-1722
-1319
-879
-416
66
534
992
1419
1793
2133
2404
2612
2767
2856
2904
2903
2865
2810
2725
2625
2517
2388
2260
2112
1947
1778
1582
1379
1161
920
676
412
140
-127
-395
-643
-873
-1078
-1243
-1375
-1468
-1519
-1533
-1508
-1447
-1356
-1236
-1088
-914
-718
-504
-285
-58
161
366
553
711
839
935
989
1003
979
919
827
706
566
409
240
64
-120
-301
-484
-668
-846
-1027
-1205
-1376
-1544
-1707
-1859
-1997
-2115
-2212
-2281
-2317
-2315
-2277
-2195
-2066
-1898
-1683
-1426
-1138
-820
-481
-131
224
569
897
1195
1454
1676
1854
1985
2078
2127
2140
2122
2075
2010
1922
1818
1706
1585
1460
1327
1185
1048
906
768
638
509
390
275
172
81
-10
-93
-175
-254
-327
-401
-469
-529
-579
-607
-617
-598
-548
-466
-347
-204
-42
139
315
485
637
751
825
850
821
746
622
464
277
69
-143
-351
-544
-713
-862
-980
-1074
-1147
-1203
-1252
-1296
-1337
-1383
-1436
-1492
-1552
-1607
-1651
-1674
-1673
-1633
-1557
-1440
-1277
-1069
-825
-546
-245
66
381
683
960
1202
1399
1551
1649
1698
1697
1654
1577
1473
1349
1214
1077
947
828
719
624
546
480
421
366
308
246
177
96
6
-90
-191
-292
-384
-466
-531
-579
-602
-601
-572
-518
-443
-346
-230
-101
47
203
365
525
682
826
950
1050
1118
1151
1147
1106
1021
900
745
562
357
139
-86
-309
-526
-727
-913
-1076
-1217
-1332
-1420
-1486
-1533
-1556
-1562
-1549
-1518
-1470
-1404
-1326
-1233
-1119
-989
-844
-680
-500
-305
-96
124
357
591
818
1040
1242
1415
1554
1653
1710
1717
1679
1594
1465
1301
1104
885
652
412
179
-43
-249
-428
-575
-692
-777
-832
-859
-860
-840
-805
-758
-703
-641
-575
-504
-432
-359
-286
-211
-134
-53
29
122
225
341
467
598
729
854
970
1069
1146
1195
1207
1186
1123
1023
890
722
532
320
93
-138
-367
-584
-784
-964
-1118
-1250
-1361
-1446
-1512
-1555
-1576
-1571
-1537
-1477
-1392
-1281
-1142
-977
-788
-576
-346
-105
142
390
633
863
1073
1255
1409
1532
1621
1674
1689
1663
1608
1528
1422
1297
1159
1007
846
680
512
340
168
-5
-177
-345
-512
-669
-813
-942
-1051
-1136
-1194
-1224
-1224
-1198
-1148
-1076
-984
-875
-755
-623
-483
-334
-176
-10
162
337
504
670
822
952
1058
1130
1167
1161
1114
1026
897
737
548
341
127
-85
-290
-482
-657
-815
-955
-1083
-1203
-1313
-1416
-1508
-1586
-1648
-1687
-1698
-1675
-1615
-1511
-1359
-1158
-913
-629
-312
28
386
746
1098
1434
1741
2011
2233
2405
2521
2583
2586
2536
2439
2297
2119
1911
1676
1420
1156
884
609
338
67
-192
-443
-678
-901
-1105
-1281
-1435
-1557
-1648
-1703
-1723
-1705
-1655
-1572
-1463
-1331
-1183
-1024
-855
-679
-495
-306
-112
85
283
483
679
868
1039
1182
1293
1366
1390
1366
1292
1170
1007
808
584
336
76
-186
-449
-702
-945
-1176
-1390
-1587
-1768
-1925
-2055
-2155
-2224
-2254
-2242
-2186
-2084
-1936
-1742
-1508
-1234
-931
-600
-249
112
477
836
1185
1518
1823
2102
2349
2556
2723
2848
2930
2969
2959
2906
2811
2672
2491
2274
2022
1739
1427
1096
750
398
45
-302
-631
-935
-1211
-1451
-1650
-1807
-1921
-1991
-2018
-2012
-1970
-1897
-1798
-1674
-1529
-1369
-1191
-995
-779
-547
-302
-42
225
496
760
1011
1239
1434
1581
1677
1716
1692
1606
1463
1266
1020
740
438
120
-200
-518
-826
-1115
-1383
-1627
-1848
-2045
-2219
-2368
-2490
-2582
-2639
-2657
-2631
-2558
-2434
-2257
-2032
-1756
-1435
-1074
-680
-260
174
611
1040
1452
1839
2187
2495
2757
2969
3126
3231
3282
3283
3235
3142
3006
2831
2619
2378
2110
1820
1510
1186
854
517
185
-140
-449
-736
-997
-1227
-1426
-1588
-1712
-1798
-1850
-1869
-1857
-1816
-1745
-1649
-1530
-1385
-1225
-1048
-850
-633
-404
-165
77
316
546
753
937
1088
1197
1261
1279
1251
1176
1057
900
714
500
265
15
-241
-498
-752
-1002
-1243
-1467
-1674
-1862
-2023
-2155
-2254
-2313
-2333
-2311
-2245
-2133
-1973
-1769
-1526
-1248
-943
-619
-281
58
390
709
1009
1287
1543
1774
1976
2153
2305
2427
2520
2580
2610
2606
2566
2490
2374
2225
2039
1823
1585
1325
1052
770
484
203
-66
-319
-555
-771
-961
-1127
-1263
-1374
-1452
-1502
-1520
-1504
-1456
-1373
-1263
-1125
-963
-784
-592
-391
-191
7
192
361
507
630
726
794
832
840
820
773
702
607
494
362
212
52
-117
-294
-479
-663
-847
-1023
-1190
-1347
-1484
-1598
-1683
-1737
-1757
-1743
-1696
-1615
-1501
-1358
-1192
-1010
-815
-609
-399
-183
30
235
436
631
817
995
1164
1319
1456
1575
1674
1750
1799
1820
1812
1774
1707
1609
1489
1349
1193
1030
866
700
540
385
237
97
-32
-153
-269
-383
-490
-592
-687
-774
-850
-912
-956
-978
-973
-939
-877
-786
-667
-518
-348
-167
15
187
340
469
570
636
668
664
631
574
496
407
312
215
116
17
-82
-182
-284
-388
-496
-608
-719
-829
-931
-1020
-1095
-1152
-1184
-1187
-1161
-1104
-1023
-922
-803
-668
-523
-376
-229
-85
53
185
306
413
510
596
671
739
795
843
883
917
945
967
981
984
979
962
930
884
824
750
662
564
458
346
229
116
6
-96
-191
-278
-355
-424
-484
-536
-581
-616
-639
-645
-640
-623
-590
-543
-482
-410
-328
-243
-154
-65
19
94
158
209
249
280
296
303
300
290
272
244
210
166
114
55
-11
-81
-151
-221
-287
-347
-397
-437
-462
-470
-468
-451
-420
-376
-323
-263
-197
-129
-58
15
84
158
231
303
374
443
506
563
610
647
673
687
683
665
630
581
518
445
365
279
189
102
17
-63
-134
-196
-253
-302
-340
-370
-398
-418
-437
-449
-461
-471
-477
-484
-488
-490
-490
-487
-479
-466
-445
-423
-392
-355
-314
-267
-218
-169
-120
-78
-35
1
30
52
66
71
69
66
61
50
36
18
5
-7
-11
-7
3
26
56
96
144
199
256
318
380
442
506
566
617
662
697
727
749
762
767
764
754
745
733
714
691
664
635
602
563
517
460
397
327
250
162
63
-47
-164
-288
-416
-544
-673
-795
-912
-1015
-1107
-1185
-1241
-1282
-1299
-1299
-1280
-1244
-1192
-1121
-1041
-952
-856
-757
-655
-554
-450
-350
-249
-149
-51
45
139
229
310
384
447
499
541
567
581
580
561
526
477
414
347
271
192
111
32
-37
-95
-141
-174
-190
-191
-170
-136
-82
-12
69
160
261
364
465
565
661
752
836
909
971
1026
1073
1110
1135
1153
1159
1156
1145
1122
1086
1036
972
894
801
694
573
435
284
125
-44
-217
-392
-569
-744
-913
-1075
-1223
-1359
-1478
-1578
-1660
-1720
-1760
-1779
-1776
-1754
-1713
-1656
-1582
-1493
-1390
-1275
-1151
-1018
-874
-725
-565
-399
-233
-63
97
250
394
525
640
731
801
850
875
876
858
823
772
710
634
551
465
381
304
235
171
121
82
55
40
38
51
75
108
144
183
225
270
318
365
413
467
525
585
650
718
787
861
938
1014
1084
1147
1197
1230
1246
1241
1212
1163
1087
992
879
749
608
454
295
127
-45
-215
-385
-549
-707
-860
-1008
-1151
-1286
-1411
-1524
-1624
-1707
-1776
-1822
-1849
-1855
-1841
-1808
-1753
-1681
-1594
-1489
-1369
-1240
-1101
-960
-817
-671
-527
-381
-241
-107
24
146
262
367
463
548
618
675
718
745
761
764
757
739
717
689
662
632
604
579
559
543
533
531
535
541
553
568
583
600
618
636
655
671
685
698
710
725
742
760
775
790
802
808
810
805
791
769
738
698
648
586
517
443
358
268
174
77
-23
-125
-231
-338
-446
-554
-661
-771
-883
-996
-1105
-1208
-1306
-1392
-1466
-1524
-1566
-1589
-1590
-1571
-1533
-1478
-1410
-1331
-1243
-1146
-1049
-949
-854
-759
-669
-583
-502
-424
-347
-273
-200
-126
-50
25
101
179
263
349
435
524
608
688
762
831
892
945
989
1022
1046
1059
1064
1063
1053
1036
1018
998
975
952
928
905
878
852
829
802
775
744
713
677
639
595
550
500
444
385
322
258
189
121
54
-13
-76
-136
-190
-237
-279
-316
-347
-376
-404
-429
-456
-485
-516
-548
-582
-616
-648
-680
-713
-746
-782
-813
-843
-868
-888
-902
-914
-924
-931
-934
-935
-931
-924
-917
-903
-884
-862
-837
-806
-770
-730
-684
-631
-570
-500
-421
-332
-236
-135
-27
85
202
320
437
551
661
767
868
959
1042
1114
1177
1229
1270
1300
1320
1332
1335
1325
1308
1280
1246
1200
1148
1091
1027
955
877
795
706
612
519
423
326
227
127
33
-61
-148
-232
-312
-384
-453
-510
-561
-604
-638
-668
-692
-709
-718
-720
-720
-713
-701
-684
-662
-638
-615
-591
-565
-537
-514
-491
-471
-454
-436
-421
-409
-403
-404
-405
-410
-416
-426
-433
-438
-443
-448
-450
-450
-445
-433
-415
-390
-359
-320
-273
-220
-163
-100
-31
38
110
184
259
330
400
466
529
584
637
684
725
760
789
810
826
837
844
844
840
829
814
798
775
746
705
660
614
560
504
447
385
320
255
193
127
63
3
-57
-114
-166
-215
-260
-302
-340
-379
-413
-441
-467
-491
-510
-523
-528
-526
-516
-504
-488
-472
-452
-429
-403
-375
-346
-318
-295
-271
-253
-238
-224
-215
-210
-208
-208
-209
-208
-210
-211
-211
-209
-204
-197
-186
-172
-158
-139
-117
-95
-68
-40
-11
17
45
76
106
133
156
181
205
227
247
259
272
284
292
300
301
297
298
301
304
303
295
293
291
288
285
273
260
251
237
224
208
185
169
149
128
110
87
66
47
27
8
-10
-27
-43
-56
-70
-83
-93
-109
-121
-132
-144
-151
-163
-176
-186
-197
-201
-205
-212
-216
-219
-215
-206
-206
-200
-192
-183
-167
-152
-140
-127
-110
-91
-74
-56
-37
-18
2
23
45
67
88
107
123
141
154
165
173
174
176
179
176
171
159
144
127
105
83
59
35
15
-8
-31
-53
-69
-84
-98
-109
-118
-119
-116
-112
-106
-99
-91
-82
-72
-58
-44
-29
-18
-10
-1
7
15
21
24
29
31
34
37
39
40
42
44
45
46
47
48
48
47
42
36
30
20
10
0
-12
-20
-30
-42
-54
-60
-67
-74
-79
-81
-81
-76
-71
-65
-53
-41
-26
-10
8
25
43
61
83
100
118
136
149
164
174
182
189
190
194
192
188
181
170
160
144
124
104
79
55
29
3
-23
-52
-81
-113
-144
-172
-195
-219
-240
-258
-271
-280
-287
-293
-296
-289
-279
-264
-246
-228
-205
-180
-153
-126
-99
-72
-47
-24
0
22
42
56
66
74
81
86
87
91
90
87
87
85
82
79
74
70
68
66
63
62
60
58
58
57
57
60
65
72
81
94
106
119
137
154
172
192
214
242
261
278
293
304
319
323
318
312
299
285
267
239
207
171
133
90
41
-4
-51
-97
-142
-186
-231
-271
-310
-348
-384
-410
-433
-452
-467
-481
-488
-491
-489
-481
-474
-456
-432
-402
-369
-338
-304
-263
-223
-179
-132
-88
-41
1
40
79
116
146
168
189
205
217
229
231
228
219
210
199
180
160
137
115
100
84
67
54
45
35
30
31
36
44
57
73
93
115
136
159
183
209
232
256
280
307
330
348
360
368
375
382
386
385
376
364
352
330
304
272
231
189
145
96
48
-6
-61
-116
-172
-229
-287
-340
-388
-433
-468
-501
-527
-546
-559
-563
-561
-553
-539
-520
-492
-460
-424
-386
-346
-304
-261
-216
-174
-132
-91
-51
-16
14
42
65
87
104
117
125
128
131
130
123
116
105
96
84
71
58
44
32
21
8
-1
-7
-10
-6
-1
7
21
39
61
87
121
157
193
228
266
303
337
367
390
408
425
435
440
434
421
405
388
371
351
324
296
269
243
214
180
148
115
80
44
2
-40
-85
-130
-180
-230
-274
-317
-358
-392
-422
-444
-461
-477
-485
-486
-480
-467
-453
-430
-404
-374
-338
-305
-271
-234
-198
-162
-127
-95
-67
-40
-15
6
28
47
68
85
97
108
115
118
120
114
105
98
90
80
70
53
39
29
20
15
9
5
5
9
15
22
33
46
61
78
95
112
132
149
166
180
188
199
210
218
224
225
226
228
225
222
213
201
192
179
167
152
132
115
97
78
59
37
15
-10
-31
-52
-71
-88
-107
-125
-144
-160
-170
-181
-190
-197
-202
-201
-199
-201
-198
-194
-185
-175
-169
-160
-148
-135
-119
-105
-92
-80
-67
-52
-41
-31
-21
-14
-9
-2
5
8
11
14
16
18
22
23
23
21
21
23
22
28
33
34
36
38
42
45
49
52
52
56
58
59
62
61
63
65
64
64
62
62
63
62
63
63
62
62
62
63
63
62
62
59
58
59
57
56
56
55
52
49
45
38
33
27
20
15
9
3
-3
-8
-15
-26
-36
-46
-52
-59
-66
-73
-80
-86
-90
-96
-99
-100
-100
-98
-96
-92
-87
-82
-75
-69
-63
-60
-56
-52
-48
-42
-39
-36
-34
-33
-30
-25
-22
-19
-17
-12
-6
1
7
12
17
20
23
29
35
39
44
47
50
50
45
42
39
38
39
36
32
30
26
21
18
13
10
10
10
10
8
11
11
15
16
13
9
6
8
11
14
20
24
23
22
22
20
19
22
28
32
34
34
32
30
29
25
19
14
10
9
6
3
0
-7
-14
-19
-23
-28
-33
-38
-42
-42
-45
-46
-48
-50
-49
-49
-48
-43
-38
-33
-28
-24
-20
-16
-12
-9
-2
4
6
6
8
11
11
12
10
11
12
14
14
13
14
16
17
18
16
15
12
11
10
7
4
-1
-6
-9
-16
-22
-26
-31
-35
-37
-38
-41
-43
-40
-34
-30
-24
-21
-16
-11
-5
2
7
12
19
27
34
36
42
47
50
53
55
60
63
67
70
75
76
75
76
76
74
71
68
65
60
53
45
36
25
18
10
3
-8
-19
-25
-33
-38
-43
-48
-53
-56
-55
-56
-56
-57
-56
-52
-49
-49
-47
-46
-43
-42
-43
-42
-44
-44
-45
-48
-48
-48
-49
-48
-47
-45
-44
-46
-43
-39
-37
-34
-32
-28
-28
-25
-23
-25
-23
-22
-22
-21
-24
-26
-26
-22
-19
-17
-13
-9
-3
5
13
23
34
45
56
67
78
90
101
109
115
120
122
122
125
124
120
114
110
105
99
91
83
75
67
59
51
42
32
26
17
10
3
-4
-10
-17
-22
-25
-30
-34
-43
-47
-50
-53
-55
-58
-59
-61
-60
-58
-56
-54
-52
-48
-45
-41
-41
-39
-37
-38
-36
-39
-41
-42
-44
-44
-47
-47
-48
-47
-45
-43
-44
-45
-45
-44
-41
-39
-36
-32
-29
-27
-26
-25
-22
-19
-19
-16
-15
-13
-8
-3
3
9
14
22
29
37
45
52
61
69
76
81
87
89
90
90
91
92
93
93
89
86
83
78
71
64
57
52
47
40
33
23
18
12
5
-4
-10
-19
-27
-34
-39
-40
-44
-46
-45
-48
-51
-53
-52
-51
-49
-46
-46
-43
-42
-41
-41
-42
-43
-43
-41
-42
-41
-42
-42
-40
-42
-44
-46
-48
-49
-47
-45
-42
-39
-37
-35
-35
-34
-33
-29
-24
-20
-15
-8
-3
2
6
9
11
15
20
26
31
35
36
38
41
46
51
57
60
62
65
65
65
68
72
79
83
79
74
69
68
65
64
64
57
52
46
42
36
29
20
9
2
-3
-11
-17
-21
-26
-31
-35
-41
-46
-50
-54
-55
-58
-58
-57
-59
-56
-56
-60
-59
-59
-56
-51
-47
-41
-38
-39
-37
-37
-36
-32
-28
-24
-24
-22
-19
-16
-14
-14
-14
-12
-11
-8
-8
-8
-7
-6
-1
1
3
6
13
16
19
21
20
23
27
34
38
41
42
43
46
45
44
43
44
45
45
43
42
38
38
34
35
33
27
26
22
18
16
12
10
6
2
-3
-7
-9
-11
-11
-12
-16
-18
-21
-21
-21
-20
-20
-21
-23
-24
-24
-25
-25
-23
-19
-18
-18
-19
-19
-18
-16
-17
-18
-18
-16
-14
-13
-12
-11
-10
-11
-10
-10
-8
-8
-10
-6
-4
-4
-3
-4
-4
-3
-3
-1
1
3
3
2
2
3
6
9
10
9
8
11
14
16
15
16
18
19
21
19
20
21
19
20
18
14
13
14
13
13
13
11
11
9
6
5
0
-2
-2
-3
-4
-4
-6
-8
-8
-8
-8
-8
-8
-9
-10
-11
-10
-10
-9
-8
-7
-10
-8
-9
-9
-9
-6
-6
-5
-5
-5
-6
-6
-8
-8
-9
-10
-8
-6
-7
-7
-7
-8
-7
-6
