6
3
-2
-6
1
4
7
20
12
-2
-2
-3
3
11
7
0
-9
-15
-12
-4
0
-3
-6
-9
-10
-9
0
8
1
-9
-9
-7
-3
2
-3
-4
0
-7
3
16
13
9
5
2
8
14
15
15
6
4
7
8
11
9
1
2
0
-2
5
5
-2
-10
-10
-2
1
1
-3
-9
-9
-9
-9
-6
-8
-9
-10
-9
-8
-10
-11
-7
-4
2
1
0
0
-5
-1
4
3
2
0
-4
-4
-1
5
9
4
0
1
1
2
2
-1
0
-1
-1
-1
1
0
2
2
2
2
1
1
-2
-1
-1
2
8
7
2
1
0
4
11
11
6
-1
-1
5
8
11
4
-4
-3
-2
4
7
4
2
-1
-4
-5
-2
2
-2
-7
-7
-9
-11
-8
-8
-8
-8
-13
-9
-5
-5
-4
-6
-6
-7
-10
-8
-4
0
12
20
17
10
12
39
74
91
86
88
101
105
138
164
164
142
77
53
74
87
71
3
-83
-137
-140
-127
-152
-213
-297
-345
-361
-386
-374
-387
-445
-490
-522
-461
-364
-345
-348
-363
-312
-145
19
93
79
76
177
353
492
514
486
449
459
548
618
644
590
470
396
389
448
503
426
248
103
78
137
153
70
-62
-179
-228
-165
-34
4
-95
-220
-238
-121
-3
40
13
-52
-96
-50
78
173
160
125
160
209
186
109
46
-20
-82
-45
121
273
268
137
-27
-93
211
1023
1746
1427
128
-857
-516
638
1296
888
-219
-1350
-1827
-1283
-212
241
-476
-1679
-2357
-2194
-1482
-757
-695
-1584
-2671
-2811
-1911
-1047
-961
-1313
-1568
-1589
-1258
-462
316
352
-179
-271
461
1260
1461
1318
1313
1479
1721
2134
2586
2614
2122
1697
1802
2203
2437
2372
2089
1627
1178
1095
1369
1509
1189
656
263
4
-230
-325
-239
-271
-618
-1013
-1132
-1041
-992
-1000
-948
-944
-1132
-1348
-1310
-1083
-963
-998
-1028
-1008
-1000
-958
-792
-591
-534
-593
-557
-391
-310
-366
-366
-265
-194
-157
-47
59
18
-64
-6
153
229
151
78
104
110
95
147
174
121
106
91
29
449
1698
2690
2052
307
-486
562
2061
2432
1664
485
-677
-1151
-286
1089
1215
-139
-1516
-1974
-1676
-849
67
-55
-1648
-3193
-2983
-1627
-1038
-1485
-1858
-1991
-2326
-2202
-971
152
-237
-1255
-1103
61
733
613
657
1103
1318
1344
1851
2600
2623
1998
1797
2287
2743
2830
2783
2577
1989
1406
1555
2180
2224
1450
651
352
194
-98
-162
-68
-427
-1118
-1447
-1220
-941
-1055
-1278
-1270
-1329
-1590
-1648
-1322
-1065
-1305
-1653
-1571
-1224
-977
-878
-800
-756
-883
-932
-566
-107
-59
-379
-555
-370
-201
-96
128
193
-15
-256
-223
196
404
217
187
187
75
52
110
365
439
56
-221
-354
96
1734
2952
2251
185
-1268
-147
2257
3155
2240
356
-1346
-1455
-42
1708
2092
232
-1975
-2654
-1890
-223
1041
429
-1770
-3750
-3544
-1401
-4
-491
-1672
-2669
-3004
-2153
-407
873
323
-1334
-1693
-314
996
1320
1143
1006
1035
1226
1901
2905
3119
2433
2000
2236
2796
3208
3168
2851
2239
1587
1701
2211
2184
1559
752
351
237
-95
-297
-359
-747
-1289
-1694
-1662
-1380
-1532
-1869
-1963
-2014
-2056
-2066
-1945
-1788
-2046
-2399
-2234
-1745
-1368
-1332
-1465
-1437
-1369
-1199
-673
-180
-183
-570
-837
-556
33
446
642
515
55
-185
153
854
1274
968
501
357
382
690
1103
1108
708
93
-241
-200
221
2174
4778
4720
1261
-2142
-1428
2650
5135
4030
1295
-1350
-2571
-1274
1800
3712
1782
-2245
-4205
-3287
-1093
1092
1516
-1071
-5001
-6249
-3217
91
-170
-2341
-3693
-4201
-3971
-2073
795
1360
-1468
-3579
-1865
1022
1721
959
898
1392
1320
1526
3138
4506
3670
2075
2103
3389
4176
3980
3614
3269
2360
1721
2441
3218
2663
1392
625
610
240
-599
-687
-485
-1098
-2052
-2339
-1862
-1798
-2584
-2840
-2298
-2164
-2588
-2768
-2423
-2311
-2856
-2947
-1977
-1213
-1494
-1951
-1740
-1221
-933
-582
171
527
-232
-1036
-616
487
1116
1058
760
447
-4
-59
893
1805
1535
642
106
234
543
675
1040
1274
622
-213
-330
110
416
85
-115
998
2836
3722
2581
115
-989
668
3276
4357
2992
292
-1611
-1561
303
2502
2635
252
-2489
-3544
-2470
-309
1125
403
-2436
-5105
-4926
-2500
-862
-1296
-2696
-3910
-4507
-3840
-1615
363
-211
-2344
-2845
-1104
602
956
899
1216
1358
1347
2276
3874
4339
3339
2578
3070
3977
4366
4395
4178
3271
2112
2015
2878
3161
2257
1056
402
-38
-661
-942
-798
-1023
-1766
-2283
-2233
-2184
-2567
-2759
-2265
-1862
-2245
-2916
-3075
-2679
-2229
-1915
-1611
-1572
-1975
-2182
-1550
-445
197
14
-435
-583
-440
-11
701
1159
860
140
-171
235
796
1057
1151
1069
615
78
-12
410
873
892
529
165
-50
-112
35
216
230
163
401
1629
3334
3506
1526
-542
-180
2405
4151
3264
1083
-758
-1503
-680
1238
2496
1163
-2152
-4202
-3367
-1094
633
464
-1865
-4883
-6033
-4013
-1004
-435
-2395
-4372
-4948
-4126
-2181
39
787
-831
-2729
-2169
242
1918
2114
1938
2007
2022
2273
3535
5088
5215
4028
3356
3953
4828
5013
4562
3913
3092
2345
2400
2843
2502
1351
157
-437
-640
-1079
-1479
-1703
-2190
-2670
-2771
-2564
-2510
-3097
-3583
-3141
-2377
-2108
-2536
-3207
-3410
-3056
-2223
-1111
-587
-1126
-1999
-2076
-1058
244
904
733
76
-668
-843
91
1332
1683
998
-12
-315
64
463
1013
1275
762
25
-480
-248
437
573
442
280
-153
-407
-395
-41
771
1636
2732
3536
2661
724
-168
1138
3573
4418
2874
647
-912
-1026
397
2052
2265
265
-2513
-3498
-2382
-717
212
-467
-2637
-4899
-5364
-3438
-1368
-1480
-3134
-4456
-4580
-3618
-1886
-82
183
-1468
-2690
-1542
914
2317
2130
1772
1918
2269
3089
4432
5281
4682
3507
3654
4956
5576
4932
3911
3315
3008
2786
2917
2885
1850
366
-368
-231
-315
-1169
-1955
-2225
-2464
-2744
-2655
-2359
-2674
-3555
-3747
-2919
-2213
-2422
-3057
-3290
-3141
-2806
-1997
-1020
-823
-1525
-2064
-1518
-372
313
397
220
-201
-686
-603
313
1346
1474
643
-194
-430
-105
626
1301
1285
358
-734
-818
1
690
818
429
-150
-614
-681
115
1155
1917
2959
3513
2412
281
-623
1465
4277
4300
2145
149
-718
-392
737
2223
2407
-117
-2955
-3201
-1495
198
569
-803
-3306
-5438
-4968
-1983
-272
-1765
-4084
-4904
-4187
-2720
-865
581
-181
-2616
-3137
-595
2099
2579
1715
1437
1823
2270
3415
5147
5628
4257
3043
3738
5303
5725
4926
4021
3284
2572
2364
2772
2722
1545
111
-445
-385
-796
-1637
-2136
-2364
-2652
-2849
-2775
-2755
-3338
-3987
-3660
-2805
-2576
-3115
-3612
-3411
-2931
-2595
-2054
-1490
-1527
-1965
-1930
-1020
-46
111
-156
-256
-295
-279
158
994
1408
897
195
124
501
786
939
1126
947
259
-67
324
766
749
409
314
424
143
-15
468
1234
2564
3920
3663
1578
-716
-391
2843
4989
3865
1175
-1046
-1459
-145
1827
3163
1698
-2064
-4244
-3243
-609
1345
753
-2082
-5264
-6404
-4003
-625
-164
-2474
-4894
-5656
-4527
-2163
375
1017
-1338
-3849
-3088
181
2627
2718
1809
1360
1375
2105
3974
5725
5619
4048
3170
3989
5166
5464
5082
4342
3299
2400
2317
2749
2526
1443
431
-62
-531
-1256
-1738
-1793
-1986
-2471
-2804
-2850
-3029
-3476
-3579
-3142
-2882
-3138
-3442
-3383
-3103
-2878
-2466
-1738
-1351
-1627
-1942
-1647
-810
-79
216
310
136
-333
-483
113
1101
1594
1111
263
-251
-203
482
1284
1459
760
-301
-751
-376
254
709
745
299
-391
-819
-382
1050
2923
4064
3277
848
-983
-94
2896
4957
4080
1271
-1060
-1355
296
2450
3183
1460
-1533
-3279
-2614
-510
1135
714
-1893
-4827
-5501
-3315
-835
-700
-2543
-4339
-4902
-4101
-2138
-15
318
-1568
-3200
-2334
137
1829
2049
1840
1697
1560
2133
3829
5444
5410
4106
3431
3990
4781
5098
4954
4376
3293
2277
2192
2663
2522
1590
548
-244
-938
-1462
-1446
-1272
-1758
-2714
-3264
-3272
-3281
-3404
-3237
-2916
-3133
-3768
-3854
-3211
-2682
-2644
-2584
-2145
-1747
-1739
-1654
-1164
-707
-501
-151
462
775
356
-179
62
847
1374
1367
975
429
78
304
1051
1455
845
-113
-407
-27
378
427
278
134
-130
-280
458
2165
3515
2946
716
-796
192
2547
3746
2777
727
-798
-952
281
1983
2395
642
-1823
-2787
-1792
-108
803
79
-2221
-4619
-4883
-2686
-575
-806
-2675
-4155
-4412
-3558
-1678
298
396
-1665
-3228
-2082
561
2066
1985
1731
1757
1710
2215
3830
5376
5315
4110
3670
4410
4954
4889
4812
4587
3814
2885
2631
2893
2538
1552
903
486
-372
-1394
-1794
-1585
-1671
-2346
-2912
-3222
-3737
-4123
-3782
-3144
-3188
-3979
-4448
-3992
-3317
-3019
-2795
-2527
-2494
-2507
-2056
-1155
-559
-685
-805
-302
313
502
485
612
837
947
1041
1259
1227
755
483
800
1179
1108
650
283
226
197
223
459
522
219
-1
553
2052
3237
2622
670
-596
252
2418
3556
2604
607
-955
-1020
463
2163
2453
712
-1748
-2671
-1545
287
1239
212
-2350
-4398
-4222
-2130
-473
-1028
-2812
-4077
-4214
-3085
-1172
126
-414
-2320
-3190
-1647
600
1670
1652
1152
704
916
2212
4302
5338
4253
2853
2901
4144
5443
5716
4922
3703
2569
2485
3503
4040
3349
1938
508
-285
-403
-109
174
-518
-2080
-3108
-3122
-2766
-2650
-2889
-3248
-3779
-4468
-4551
-3795
-3140
-3164
-3473
-3499
-3176
-2808
-2325
-1527
-939
-1073
-1377
-1074
-240
520
835
832
688
431
453
1112
1860
1950
1358
619
341
571
991
1364
1296
598
-239
-559
-178
509
1028
1459
1892
1812
894
-174
-206
1038
2278
2155
808
-608
-1153
-532
788
1695
1183
-533
-1929
-1818
-578
589
761
-400
-2350
-3560
-2849
-1058
-309
-1322
-2725
-3172
-2708
-1762
-539
183
-515
-1959
-2206
-646
1077
1429
903
696
991
1619
2774
4084
4371
3260
2233
2834
4417
5271
4945
4102
3314
2799
2877
3605
3946
2997
1480
621
550
504
110
-289
-739
-1573
-2296
-2362
-2219
-2589
-3337
-3664
-3521
-3672
-4104
-4150
-3872
-3786
-3922
-3830
-3442
-3259
-3145
-2472
-1564
-1266
-1613
-1761
-1110
-118
558
911
885
404
64
541
1734
2608
2283
1322
699
645
1131
1786
2086
1660
533
-290
1
831
1506
2040
2395
2094
654
-873
-552
1353
2620
1947
41
-1447
-1709
-935
576
1677
899
-1293
-2842
-2395
-582
838
843
-656
-2970
-4123
-2726
-229
607
-1004
-3051
-3537
-2605
-1058
551
1120
-122
-1993
-2142
-66
1944
2122
1309
853
966
1487
2610
4081
4538
3392
2202
2476
3760
4656
4608
4020
3242
2547
2546
3301
3702
2910
1532
622
323
183
107
91
-385
-1507
-2406
-2372
-2027
-2308
-2988
-3327
-3483
-3995
-4529
-4370
-3757
-3587
-3915
-4087
-3994
-3910
-3641
-2836
-1861
-1550
-1937
-2140
-1715
-954
-82
722
1022
605
34
240
1348
2386
2616
2164
1453
992
1192
1997
2719
2551
1536
658
605
1179
2138
3234
3687
2622
381
-1030
-126
1994
3000
1924
-283
-2063
-2412
-1146
811
1555
31
-2480
-3650
-2649
-640
727
446
-1538
-3909
-4472
-2513
-76
305
-1388
-3106
-3429
-2397
-583
1064
1186
-483
-2040
-1464
717
2246
2159
1425
1000
1028
1693
3093
4279
3989
2605
1896
2678
3899
4340
3946
3149
2328
2016
2554
3359
3293
2189
1098
667
496
247
101
14
-477
-1370
-1917
-1839
-1824
-2246
-2613
-2646
-2828
-3465
-3980
-3844
-3441
-3350
-3456
-3462
-3560
-3762
-3498
-2572
-1703
-1674
-2208
-2312
-1776
-1072
-326
288
466
162
-231
155
1234
1955
2076
1794
1315
1154
1341
1874
2479
2238
1504
1212
1302
1795
2612
3362
3744
2717
670
-183
658
2035
2498
1299
-386
-1531
-1959
-1099
260
466
-769
-2610
-3416
-2561
-1310
-531
-731
-2261
-3907
-4168
-2853
-1184
-913
-1913
-2750
-2920
-2211
-656
752
900
-296
-1212
-278
1550
2465
2280
1835
1713
1940
2627
3865
4670
4070
2844
2513
3347
4222
4302
3819
3128
2388
2036
2437
3044
2805
1707
743
336
116
-123
-200
-247
-794
-1682
-2119
-2016
-2026
-2362
-2573
-2588
-2945
-3642
-3984
-3687
-3290
-3244
-3304
-3366
-3665
-3874
-3360
-2257
-1497
-1705
-2276
-2323
-1843
-1121
-309
192
78
-389
-509
226
1253
1702
1662
1384
1043
1081
1548
2242
2623
2094
1429
1475
1934
2654
3422
3918
3780
2365
767
780
2007
2935
2476
816
-675
-1433
-1367
-323
485
-157
-1845
-3293
-3309
-2178
-1164
-906
-1840
-3712
-4808
-4011
-2179
-1179
-1875
-3095
-3560
-3122
-1823
-71
896
213
-1194
-1285
446
2337
2939
2526
2045
1867
2218
3370
4700
4935
3818
2709
2930
3971
4530
4259
3492
2644
2091
2157
2781
3021
2166
909
206
121
148
-62
-394
-834
-1471
-1883
-1806
-1735
-2118
-2697
-2894
-2734
-2807
-3210
-3503
-3511
-3400
-3248
-3029
-2945
-3181
-3369
-2959
-2069
-1466
-1575
-1928
-1989
-1656
-985
-224
259
139
-417
-502
245
1153
1614
1465
1054
858
975
1523
2206
2271
1849
1656
1966
2735
3514
4000
3987
2941
1484
1097
1951
2895
2728
1395
4
-849
-1109
-595
44
-235
-1505
-2880
-3265
-2653
-1997
-1797
-2329
-3621
-4664
-4505
-3346
-2369
-2519
-3226
-3541
-3316
-2476
-1184
-238
-285
-967
-975
241
1594
2212
2346
2442
2638
2985
3746
4743
5034
4377
3765
3984
4669
4969
4677
4134
3459
2815
2655
3001
3151
2493
1351
515
192
85
-8
-204
-694
-1462
-2041
-2055
-1846
-1970
-2396
-2738
-2901
-3069
-3247
-3271
-3216
-3310
-3415
-3270
-3040
-3046
-3187
-3015
-2449
-1984
-1880
-1880
-1800
-1639
-1353
-881
-351
-160
-343
-411
-102
417
850
996
891
767
842
1199
1513
1470
1392
1617
2075
2667
3344
3961
3892
2692
1410
1427
2562
3381
2844
1384
62
-661
-568
282
867
115
-1704
-3094
-2968
-1909
-1175
-1367
-2537
-4115
-4875
-4091
-2570
-1956
-2779
-3889
-4135
-3369
-1904
-400
98
-827
-1990
-1598
423
2254
2657
2124
1644
1768
2693
4262
5518
5261
3789
2894
3575
4963
5667
5235
4112
2884
2183
2558
3545
3816
2745
1114
97
-29
210
374
180
-597
-1684
-2338
-2183
-1736
-1751
-2290
-2873
-3224
-3344
-3269
-3110
-3080
-3267
-3442
-3328
-3055
-2941
-2965
-2817
-2415
-1989
-1769
-1734
-1740
-1697
-1445
-871
-268
-89
-326
-525
-287
277
776
1041
1030
797
607
775
1334
1921
2115
2019
2234
3041
3910
3837
2654
1464
1371
2233
2926
2667
1579
227
-724
-628
363
1022
251
-1561
-2929
-2923
-1886
-852
-887
-2405
-4394
-5065
-3855
-2179
-1722
-2608
-3809
-4365
-3677
-1747
198
461
-1010
-2194
-1426
674
2400
2932
2502
1660
1284
2341
4501
5879
5201
3463
2643
3366
4675
5519
5398
4235
2670
1969
2714
3858
3849
2504
973
177
158
517
742
291
-880
-1951
-2091
-1546
-1278
-1732
-2534
-3168
-3429
-3293
-2948
-2870
-3317
-3855
-3851
-3337
-2912
-2894
-3038
-3048
-2831
-2377
-1818
-1512
-1731
-2116
-1967
-1197
-411
-125
-271
-443
-394
-7
706
1332
1379
918
523
723
1493
2326
2762
2805
2869
3273
3601
3228
2410
1996
2263
2600
2417
1787
957
66
-427
-89
591
541
-582
-1919
-2544
-2331
-1634
-1035
-1350
-2806
-4315
-4450
-3220
-2062
-1975
-2670
-3475
-3843
-3189
-1485
45
17
-1201
-1795
-890
662
1852
2446
2432
1889
1586
2438
4006
4750
4121
3214
3060
3500
3972
4259
4190
3525
2659
2486
3092
3506
3039
2070
1300
914
816
950
987
427
-573
-1219
-1143
-866
-1004
-1496
-2001
-2462
-2821
-2874
-2711
-2758
-3184
-3550
-3464
-3177
-3112
-3218
-3212
-3034
-2807
-2562
-2266
-2097
-2203
-2303
-2001
-1339
-731
-540
-690
-822
-680
-147
643
1234
1223
668
225
621
1775
2941
3634
3881
3770
3129
2179
1836
2541
3391
3250
2144
943
155
-218
-5
697
912
-95
-1620
-2339
-1990
-1365
-1010
-1097
-1976
-3438
-4197
-3378
-1951
-1564
-2334
-3086
-3213
-2847
-1923
-609
48
-636
-1566
-1142
425
1593
1791
1710
1726
1724
2080
3196
4264
4024
2777
2145
2781
3718
4030
3753
3104
2175
1558
2025
3188
3606
2666
1308
612
671
1061
1491
1535
730
-549
-1178
-713
-22
-85
-829
-1610
-2140
-2409
-2305
-1990
-2056
-2774
-3534
-3582
-3066
-2746
-2914
-3243
-3423
-3408
-3128
-2586
-2177
-2313
-2729
-2723
-2093
-1329
-863
-684
-657
-729
-675
-191
584
1063
962
685
800
1415
2284
3305
4355
4863
4187
2700
1774
2242
3368
3836
3203
1906
456
-602
-571
489
1264
556
-1155
-2400
-2527
-1949
-1194
-787
-1451
-3134
-4376
-3897
-2393
-1567
-1898
-2567
-2979
-2976
-2200
-714
268
-246
-1343
-1292
72
1410
1924
1925
1721
1438
1644
2789
4026
3989
2755
1813
2036
2847
3421
3504
2985
1870
967
1306
2578
3244
2509
1213
447
375
723
1325
1696
1148
-119
-888
-483
310
432
-177
-946
-1564
-1891
-1720
-1270
-1302
-2131
-3027
-3182
-2756
-2465
-2587
-2911
-3232
-3396
-3176
-2621
-2255
-2471
-2928
-2955
-2382
-1626
-1113
-976
-1129
-1287
-1008
-148
738
918
430
103
592
1736
3065
4244
4845
4340
2931
1902
2333
3687
4408
3741
2213
694
-227
-164
765
1463
753
-1093
-2544
-2627
-1786
-994
-856
-1663
-3216
-4409
-4092
-2627
-1620
-1943
-2890
-3370
-3016
-1942
-552
251
-220
-1281
-1396
-84
1531
2284
2143
1672
1329
1557
2618
3897
4162
3079
1789
1544
2322
3182
3406
2808
1606
546
569
1753
2864
2662
1325
60
-280
260
1184
1819
1499
252
-858
-785
228
971
753
-89
-936
-1424
-1340
-761
-360
-855
-1992
-2727
-2539
-1992
-1843
-2205
-2765
-3231
-3320
-2872
-2236
-2108
-2667
-3268
-3211
-2497
-1660
-1141
-1086
-1404
-1712
-1471
-599
297
558
303
260
864
2044
3470
4593
4636
3395
1975
1865
3118
4294
4190
2900
1227
-54
-264
695
1739
1395
-394
-2151
-2607
-1902
-976
-654
-1407
-3001
-4248
-3989
-2576
-1576
-1875
-2836
-3401
-3088
-1934
-438
369
-236
-1463
-1622
-159
1715
2611
2338
1536
948
1250
2653
4207
4402
2953
1319
1002
1967
3094
3449
2740
1245
-67
-47
1337
2625
2410
927
-427
-705
-16
1037
1745
1455
212
-868
-664
515
1300
973
80
-611
-859
-650
-104
194
-381
-1491
-2045
-1626
-1037
-1124
-1804
-2498
-2871
-2802
-2280
-1738
-1889
-2784
-3516
-3284
-2345
-1532
-1306
-1578
-2022
-2191
-1734
-857
-276
-310
-429
66
1309
2846
3928
3812
2502
1234
1441
2980
4244
4037
2596
866
-280
-164
1128
2188
1504
-611
-2316
-2443
-1448
-393
-112
-1136
-3112
-4433
-3804
-2031
-1077
-1621
-2680
-3242
-2969
-1736
58
1041
262
-1186
-1284
307
2061
2807
2674
2148
1590
1697
2924
4313
4278
2744
1369
1380
2277
2920
2811
1995
708
-314
-133
1137
2072
1510
-68
-1255
-1319
-555
405
936
562
-525
-1282
-857
302
991
690
-91
-693
-844
-469
243
638
136
-889
-1414
-1040
-432
-309
-702
-1295
-1878
-2194
-1950
-1383
-1265
-1913
-2681
-2788
-2267
-1679
-1365
-1369
-1669
-2026
-1987
-1430
-810
-527
-378
86
1018
2173
3026
2965
1945
969
1205
2510
3513
3228
1946
541
-288
-110
945
1788
1229
-550
-2063
-2210
-1299
-388
-337
-1401
-2997
-3870
-3241
-1820
-1093
-1624
-2646
-3098
-2499
-1048
431
851
-61
-1145
-945
626
2322
3043
2703
1920
1487
2025
3394
4455
4113
2612
1338
1322
2264
3070
2891
1703
262
-415
118
1241
1759
1048
-381
-1430
-1421
-563
345
545
-135
-1097
-1448
-839
140
564
168
-504
-837
-674
-209
261
353
-114
-733
-813
-266
212
41
-590
-1152
-1400
-1341
-1028
-768
-1032
-1825
-2455
-2318
-1644
-1135
-1129
-1452
-1814
-1983
-1737
-1078
-426
-210
-304
-60
927
2239
2910
2366
1120
391
880
2075
2816
2408
1077
-348
-977
-450
656
1175
428
-1089
-2219
-2231
-1338
-464
-578
-1837
-3253
-3573
-2654
-1548
-1230
-1678
-2267
-2438
-1826
-507
700
811
-66
-629
76
1590
2772
3082
2762
2309
2247
2917
4000
4524
3866
2537
1678
1869
2650
3102
2647
1452
294
-45
513
1242
1284
432
-744
-1454
-1333
-664
-97
-133
-764
-1451
-1599
-1099
-456
-279
-652
-1114
-1230
-974
-602
-342
-339
-625
-960
-942
-487
-41
-97
-619
-1116
-1225
-971
-622
-491
-818
-1505
-2017
-1860
-1178
-643
-683
-1126
-1552
-1665
-1296
-450
466
910
923
1117
1734
2159
1838
1210
1128
1673
2134
1994
1332
466
-252
-418
36
503
273
-608
-1479
-1862
-1729
-1248
-850
-1170
-2279
-3216
-3019
-2009
-1348
-1546
-2080
-2304
-2023
-1266
-271
345
152
-368
-269
665
1755
2366
2458
2297
2196
2505
3282
3969
3891
3131
2455
2401
2761
3000
2785
2111
1258
715
829
1322
1439
733
-404
-1153
-1122
-626
-239
-298
-783
-1371
-1591
-1205
-565
-341
-764
-1362
-1563
-1310
-918
-649
-628
-901
-1277
-1317
-854
-294
-186
-557
-977
-1107
-939
-648
-484
-653
-1106
-1481
-1419
-967
-504
-393
-722
-1248
-1527
-1281
-665
-104
142
194
369
843
1494
1953
1871
1322
831
927
1599
2251
2215
1332
153
-469
-139
698
1148
708
-335
-1240
-1440
-966
-397
-406
-1138
-2043
-2424
-2093
-1440
-1032
-1169
-1700
-2072
-1783
-937
-212
-130
-555
-937
-841
-179
797
1560
1669
1260
1004
1372
2151
2776
2894
2539
2011
1716
1907
2371
2562
2215
1621
1240
1223
1371
1391
1098
517
-48
-226
4
262
198
-145
-470
-581
-487
-310
-250
-450
-832
-1116
-1127
-980
-889
-946
-1124
-1341
-1452
-1312
-1005
-847
-1023
-1340
-1465
-1299
-1034
-905
-1020
-1315
-1563
-1509
-1140
-758
-683
-924
-1223
-1293
-1015
-520
-104
-19
-204
-343
-190
247
785
1268
1573
1634
1498
1309
1207
1254
1444
1685
1783
1559
1062
615
528
795
1099
1122
783
265
-118
-147
106
282
74
-452
-942
-1107
-965
-781
-828
-1166
-1561
-1665
-1376
-976
-828
-987
-1155
-1002
-480
151
510
434
148
85
455
1018
1324
1146
658
297
426
990
1517
1557
1091
554
388
674
1132
1369
1165
638
186
134
451
801
874
641
298
70
39
137
221
173
7
-168
-287
-386
-524
-671
-737
-707
-665
-713
-869
-1080
-1256
-1312
-1260
-1201
-1243
-1367
-1460
-1446
-1369
-1317
-1299
-1261
-1152
-958
-724
-551
-520
-578
-555
-317
84
487
764
882
908
968
1159
1433
1618
1604
1438
1256
1158
1165
1239
1301
1260
1101
900
744
666
659
688
691
573
283
-108
-457
-640
-623
-489
-412
-554
-892
-1227
-1344
-1213
-979
-834
-873
-1038
-1164
-1111
-883
-622
-453
-366
-274
-134
4
66
38
-12
38
247
527
664
542
273
113
242
602
965
1078
864
515
354
553
959
1235
1180
867
548
450
623
901
1020
848
511
261
222
308
337
213
-36
-280
-379
-310
-233
-353
-699
-1056
-1175
-1016
-776
-711
-943
-1367
-1690
-1630
-1186
-699
-546
-808
-1202
-1363
-1128
-623
-153
7
-173
-439
-461
-141
324
665
770
709
618
592
658
758
808
795
798
852
881
787
592
452
491
675
866
916
738
406
129
99
291
471
425
150
-194
-426
-471
-377
-298
-374
-584
-766
-791
-696
-602
-576
-602
-626
-606
-537
-466
-463
-527
-552
-458
-291
-192
-239
-377
-472
-408
-166
135
312
263
85
3
174
537
888
1046
961
759
631
702
928
1141
1199
1092
915
775
725
753
799
796
716
584
432
270
100
-57
-169
-233
-277
-358
-506
-717
-930
-1051
-1027
-901
-792
-808
-959
-1152
-1244
-1151
-911
-676
-594
-690
-837
-868
-703
-407
-132
3
-4
-60
-56
42
175
263
290
308
355
420
455
428
374
372
481
662
800
791
648
491
444
537
684
751
656
444
246
177
229
287
243
85
-103
-228
-250
-210
-201
-270
-388
-472
-477
-438
-426
-472
-537
-560
-515
-442
-408
-458
-555
-602
-526
-357
-209
-172
-237
-306
-262
-72
196
406
461
392
318
353
506
693
812
818
742
668
660
701
725
692
625
561
514
456
348
187
19
-84
-85
-33
-42
-182
-408
-597
-640
-528
-372
-316
-421
-617
-757
-733
-569
-388
-313
-368
-478
-540
-501
-375
-235
-145
-114
-123
-133
-129
-103
-44
51
158
238
258
217
165
163
244
382
498
529
467
373
325
366
474
577
611
551
440
345
313
340
382
375
285
132
-31
-140
-175
-166
-172
-239
-374
-528
-640
-668
-621
-560
-550
-616
-724
-809
-812
-738
-635
-558
-544
-564
-565
-511
-406
-286
-181
-89
0
105
217
315
381
431
487
568
671
751
770
725
658
630
650
688
709
671
593
505
423
371
339
320
305
272
210
112
-5
-94
-123
-94
-53
-53
-126
-249
-351
-377
-316
-225
-184
-224
-318
-399
-408
-355
-279
-229
-231
-261
-286
-283
-257
-225
-191
-150
-102
-54
-34
-54
-90
-100
-47
54
145
164
107
35
16
94
225
331
355
298
222
198
250
348
410
382
277
154
83
81
116
127
70
-44
-166
-246
-261
-233
-210
-234
-303
-384
-440
-439
-403
-369
-350
-355
-363
-366
-365
-346
-308
-252
-180
-114
-66
-47
-42
-24
30
110
190
246
260
244
234
242
272
300
311
313
311
308
298
275
247
233
234
259
277
262
209
140
96
99
134
163
150
87
12
-32
-22
13
32
9
-46
-98
-115
-95
-71
-76
-120
-169
-192
-180
-148
-134
-154
-189
-207
-190
-147
-112
-113
-132
-134
-100
-38
13
30
16
0
24
94
179
227
217
170
134
144
198
259
279
233
151
85
63
78
92
75
22
-48
-103
-133
-146
-169
-207
-246
-270
-276
-282
-301
-331
-356
-352
-318
-276
-259
-274
-294
-283
-233
-158
-105
-95
-115
-121
-84
-9
69
103
89
55
45
82
147
197
202
168
136
135
164
199
215
206
198
210
245
281
285
260
228
228
275
339
372
340
260
187
163
191
235
238
178
80
-8
-47
-37
-21
-36
-92
-166
-217
-231
-220
-216
-238
-273
-298
-293
-269
-249
-251
-266
-267
-236
-176
-117
-94
-100
-106
-73
9
101
167
174
143
124
148
220
295
319
278
200
137
126
154
182
168
99
7
-65
-91
-87
-82
-103
-153
-210
-246
-248
-231
-218
-222
-235
-245
-238
-218
-198
-184
-177
-172
-156
-135
-113
-103
-103
-104
-94
-69
-46
-38
-48
-66
-70
-55
-26
-4
-2
-18
-32
-24
5
49
84
96
97
105
137
189
241
273
286
294
314
351
394
429
439
425
407
387
381
386
382
366
320
250
183
127
90
66
36
-16
-87
-166
-235
-273
-284
-287
-297
-333
-373
-397
-393
-360
-320
-289
-266
-249
-220
-172
-114
-58
-12
24
55
93
135
169
185
184
174
170
179
191
188
158
107
50
8
-3
1
-6
-42
-107
-176
-224
-236
-216
-194
-191
-216
-255
-284
-281
-246
-199
-159
-145
-151
-162
-162
-144
-111
-78
-60
-59
-73
-89
-102
-107
-103
-96
-97
-110
-131
-150
-158
-145
-123
-101
-87
-80
-68
-36
19
86
146
192
225
258
308
377
454
515
554
566
563
565
581
605
625
612
566
502
433
385
354
323
281
203
103
3
-73
-116
-142
-176
-233
-313
-391
-436
-436
-410
-381
-374
-393
-414
-409
-358
-268
-181
-125
-110
-116
-108
-60
25
108
146
122
65
19
21
63
106
112
60
-29
-100
-115
-80
-36
-29
-75
-149
-205
-206
-152
-85
-56
-81
-133
-166
-146
-76
5
48
33
-19
-59
-54
-4
53
74
46
-18
-78
-103
-91
-71
-77
-119
-182
-245
-279
-285
-275
-271
-289
-319
-339
-336
-303
-246
-185
-133
-94
-58
-8
65
158
259
344
404
445
476
515
565
618
660
678
668
638
598
566
539
519
490
440
367
280
196
131
87
55
16
-45
-124
-198
-242
-251
-235
-222
-233
-263
-288
-286
-246
-188
-140
-127
-137
-147
-133
-88
-33
0
-3
-35
-64
-65
-38
-7
-2
-31
-81
-122
-136
-121
-104
-107
-137
-182
-218
-221
-197
-164
-145
-153
-173
-182
-166
-122
-71
-31
-15
-19
-26
-22
8
50
82
86
61
23
-5
-12
-4
6
-1
-32
-81
-128
-151
-150
-140
-137
-153
-180
-204
-211
-192
-158
-125
-106
-98
-86
-59
-11
47
99
136
159
182
217
259
304
331
342
340
337
347
360
365
355
323
288
260
246
237
221
192
151
109
79
62
53
44
27
1
-26
-43
-49
-48
-45
-45
-48
-58
-66
-69
-65
-54
-43
-37
-40
-49
-61
-71
-71
-61
-54
-58
-79
-111
-139
-148
-138
-125
-126
-150
-186
-211
-209
-183
-155
-143
-155
-174
-177
-153
-110
-68
-47
-45
-50
-45
-18
24
57
70
63
48
42
51
66
73
65
44
17
-4
-17
-25
-35
-50
-68
-85
-100
-110
-117
-120
-118
-113
-105
-96
-89
-76
-60
-37
-13
11
36
53
71
90
113
137
156
171
184
190
193
195
196
200
201
194
182
165
152
145
143
141
133
119
101
83
77
79
85
84
73
55
33
23
28
40
48
40
19
-6
-19
-14
-3
2
-7
-33
-57
-72
-72
-66
-66
-81
-109
-136
-149
-144
-139
-141
-155
-177
-190
-194
-178
-159
-152
-154
-166
-169
-153
-126
-94
-74
-70
-73
-71
-51
-23
6
26
29
25
21
27
44
59
70
69
57
44
37
40
46
51
49
37
23
9
5
7
15
17
12
2
-8
-10
-1
11
20
25
21
15
16
27
40
51
54
53
51
49
54
60
64
64
57
49
45
39
35
32
31
30
27
24
19
14
13
17
25
29
30
23
16
14
18
26
32
30
21
13
9
14
20
24
16
4
-7
-12
-8
-5
-7
-17
-32
-41
-45
-40
-39
-45
-56
-71
-78
-74
-67
-61
-64
-72
-81
-82
-73
-60
-50
-48
-50
-52
-48
-37
-23
-11
-7
-9
-8
-3
6
16
23
28
27
24
24
24
26
28
29
27
22
14
7
1
-1
0
-2
-6
-13
-20
-23
-23
-22
-18
-16
-20
-21
-20
-17
-12
-8
-4
2
6
11
18
25
31
35
36
41
47
51
52
51
49
47
47
47
48
49
47
43
43
43
45
44
42
42
42
43
46
46
45
42
41
43
47
47
43
37
32
29
29
27
22
14
5
-5
-11
-13
-17
-22
-34
-47
-53
-54
-54
-57
-65
-76
-85
-87
-83
-77
-76
-76
-79
-82
-77
-68
-57
-47
-45
-47
-46
-37
-27
-15
-8
-4
-1
0
2
7
17
21
22
22
20
18
14
18
22
23
19
14
9
6
7
12
17
17
11
5
1
4
10
14
18
15
9
6
9
14
20
21
19
16
18
23
28
32
31
28
25
24
26
29
27
24
20
16
14
14
15
13
10
9
8
8
7
7
7
8
6
6
5
4
6
11
14
15
13
10
7
6
9
10
9
4
-3
-13
-17
-16
-15
-17
-26
-34
-47
-51
-46
-42
-43
-48
-58
-64
-62
-53
-42
-36
-37
-46
-49
-44
-30
-15
-5
-1
-3
-7
-5
1
11
21
23
22
17
13
13
16
21
23
20
13
3
-3
-4
-1
2
3
-2
-9
-16
-20
-15
-9
-3
-3
-8
-14
-15
-11
-2
4
4
-1
-5
-6
1
7
11
13
9
5
6
13
18
19
19
15
13
13
18
21
22
21
18
16
16
15
17
17
16
16
14
14
14
14
15
15
18
21
19
18
18
19
20
22
21
20
16
13
12
12
10
4
-3
-8
-13
-16
-20
-24
-28
-34
-38
-38
-39
-39
-40
-39
-39
-40
-39
-35
-33
-31
-28
-26
-22
-20
-17
-15
-10
-7
-4
0
1
3
3
3
7
9
7
5
2
1
2
2
4
1
-4
-9
-11
-12
-14
-13
-17
-19
-20
-19
-14
-10
-7
-8
-7
-5
0
6
13
16
19
22
24
29
33
34
34
37
37
34
35
36
34
30
28
27
25
24
23
22
22
21
19
20
20
21
22
24
25
24
24
25
25
27
26
27
26
24
22
21
20
19
16
13
9
1
-4
-6
-10
-16
-19
-22
-27
-32
-38
-42
-45
-51
-51
-54
-55
-55
-55
-54
-55
-55
-51
-48
-44
-41
-38
-34
-29
-24
-20
-15
-10
-7
-5
-3
2
5
10
14
15
14
16
17
17
18
19
18
17
17
17
17
17
16
18
17
18
17
15
15
15
15
16
15
14
12
9
9
10
12
13
13
13
9
8
9
9
11
13
11
10
9
9
8
7
5
5
6
4
4
2
5
4
3
2
3
3
2
3
3
1
-2
-2
-2
-1
0
0
-2
-4
-7
-7
-7
-8
-9
-13
-13
-16
-17
-19
-20
-20
-23
-25
-25
-25
-26
-26
-27
-28
-29
-27
-25
-22
-22
-22
-21
-19
-17
-14
-11
-10
-9
-6
-3
0
4
5
6
6
10
13
15
17
16
16
16
20
23
22
20
16
14
16
17
19
18
16
12
11
11
11
11
9
7
5
4
2
3
2
-2
-3
-5
-6
-7
-8
-7
-6
-8
-8
-8
-10
-11
-11
-9
-10
-10
-9
-8
-7
-4
-1
0
2
4
4
7
9
12
14
15
17
20
23
23
24
19
18
18
19
19
18
15
15
10
7
4
1
1
0
-4
-7
-13
-15
-15
-16
-17
-20
-22
-23
-23
-21
-20
-22
-22
-22
-20
-17
-16
-14
-16
-16
-13
-10
-6
-5
-5
-5
-5
0
3
5
4
3
1
2
5
7
7
6
4
4
5
9
10
8
7
4
3
7
7
9
9
6
4
4
4
7
9
9
8
6
7
4
3
4
5
4
2
1
0
-1
-1
-1
0
0
-1
-3
-2
-3
-3
-2
-2
2
4
2
-1
-2
0
5
12
17
23
23
23
26
27
35
39
41
48
47
48
47
38
34
29
23
16
6
-2
-10
-16
-27
-37
-42
-47
-45
-41
-37
-33
-40
-54
-71
-91
-103
-105
-100
-88
-84
-79
-74
-78
-82
-83
-75
-59
-49
-43
-40
-39
-36
-32
-25
-9
6
21
35
54
65
61
56
67
98
118
115
114
117
111
97
102
139
160
130
93
100
135
129
112
245
576
818
560
-223
-1018
-1257
-879
-344
-156
-411
-777
-847
-520
-39
232
145
-85
-50
442
1043
1120
445
-459
-837
-461
254
743
802
590
314
130
178
523
942
970
415
-285
-451
41
550
379
-430
-1129
-1057
-348
267
257
-255
-728
-785
-445
16
306
262
-84
-469
-541
-154
450
798
613
89
-298
-249
103
359
254
-90
-340
-264
52
295
239
-74
-399
-524
-437
-266
-166
-208
-382
-595
-683
-541
-197
125
197
19
-169
-149
65
268
290
173
74
88
201
345
448
483
430
303
186
160
232
315
305
186
35
-50
-26
59
120
93
-11
-113
-136
-62
41
79
27
-64
-110
-73
17
85
90
38
-26
-55
-36
3
28
14
-39
-99
-129
-110
-64
-41
-79
-164
-238
-252
-209
-162
-144
-162
-186
-178
-139
-78
-21
21
46
56
63
81
120
171
211
215
185
163
168
195
216
199
151
94
41
7
-16
-37
-63
-95
-131
-154
-156
-143
-133
-134
-139
-132
-108
-70
-31
-3
7
1
-8
-5
23
60
75
55
14
-10
11
69
116
114
58
-9
-29
7
57
67
16
-57
-98
-78
-26
4
-14
-57
-78
-56
-4
54
85
77
55
32
35
62
94
100
64
19
3
27
64
69
37
-14
-45
-39
-12
7
-6
-47
-88
-108
-101
-85
-81
-95
-117
-121
-96
-58
-31
-30
-44
-49
-29
15
65
96
101
83
62
51
54
62
62
49
34
27
39
57
60
42
19
10
15
26
29
22
9
-6
-20
-28
-25
-8
2
-2
-22
-37
-29
-12
2
-1
-12
-14
1
20
28
21
1
-18
-31
-36
-32
-27
-21
-24
-33
-40
-38
-25
-10
-4
-5
-11
-16
-13
-8
-2
0
-1
1
2
2
-2
-3
0
5
10
15
18
20
20
17
9
2
0
1
4
1
-9
-20
-27
-19
-6
5
8
3
0
5
17
26
22
10
4
6
13
20
20
16
11
6
2
3
6
10
7
-1
-8
-9
-4
3
5
-1
-6
-6
-1
3
8
7
2
-1
-1
1
6
11
11
12
17
19
19
13
5
-1
0
4
2
-5
-13
-18
-17
-15
-17
-21
-25
-24
-16
-14
-17
-22
-24
-21
-12
-9
-6
-5
-6
-5
-6
-8
-4
4
6
3
-3
-3
5
11
12
7
3
2
2
2
0
-3
-3
-1
2
4
3
0
0
0
-1
0
1
3
5
6
10
12
14
16
16
14
13
13
14
16
14
12
9
11
13
10
4
0
-2
-3
-1
-3
-5
-7
-4
-2
-2
-4
-7
-7
-8
-6
-6
-4
-5
-8
-12
-11
-7
-4
-3
-5
-5
-7
-6
-5
-2
-2
-1
1
-2
-1
-1
-2
-1
-3
-5
-6
-3
-2
-4
-5
-7
-8
-4
-2
1
0
-3
-3
-2
2
6
6
3
1
1
3
7
8
10
7
3
4
8
11
11
8
4
3
3
3
