6
5
6
6
6
3
2
2
0
0
1
2
1
2
1
1
1
-1
2
1
1
1
-1
-2
-2
-3
-1
-1
-2
-3
-2
-2
0
2
1
0
-1
-1
-1
-1
0
-1
-1
-1
0
1
2
3
2
0
2
2
3
3
2
-1
-1
-2
-3
-2
-4
-4
-5
-7
-8
-6
-3
-3
-2
-4
-5
-4
-3
-2
-2
0
1
1
4
5
6
6
4
5
4
3
4
5
7
6
3
4
3
5
3
3
2
2
3
4
5
4
3
5
6
7
8
9
11
9
4
1
-4
-5
-5
-5
-4
-5
-4
-3
-3
1
0
2
4
3
4
3
1
-1
-5
-8
-11
-16
-16
-18
-18
-19
-20
-19
-18
-15
-15
-14
-15
-17
-19
-22
-23
-24
-24
-19
-17
-14
-9
-6
0
2
7
10
12
14
17
16
27
45
47
50
49
57
88
99
102
107
104
130
144
133
131
117
123
132
119
112
103
95
97
83
66
49
25
0
-35
-70
-103
-125
-155
-186
-194
-200
-199
-198
-215
-214
-208
-205
-199
-214
-223
-223
-234
-239
-261
-288
-285
-276
-252
-226
-200
-148
-81
4
104
227
356
449
515
519
485
399
237
49
-148
-345
-555
-718
-833
-906
-919
-936
-884
-754
-604
-424
-260
-123
-27
-2
-40
-115
-199
-265
-293
-271
-192
-55
136
370
628
880
1103
1277
1397
1460
1461
1399
1281
1121
951
799
687
624
596
593
604
624
649
661
646
590
490
364
227
89
-55
-212
-382
-545
-672
-737
-737
-691
-632
-583
-559
-557
-570
-600
-649
-719
-796
-856
-873
-838
-759
-655
-555
-467
-394
-338
-300
-276
-262
-245
-224
-199
-178
-173
-178
-184
-175
-142
-97
-55
-31
-20
-8
22
79
154
238
320
425
585
808
1068
1300
1444
1460
1346
1135
861
547
201
-173
-547
-869
-1095
-1208
-1225
-1183
-1112
-1017
-890
-724
-530
-355
-256
-260
-361
-522
-688
-806
-846
-797
-652
-422
-116
241
620
979
1272
1470
1550
1519
1405
1250
1091
958
868
822
817
855
940
1066
1214
1347
1428
1427
1332
1147
894
592
256
-94
-441
-753
-988
-1118
-1139
-1064
-935
-796
-674
-593
-557
-580
-660
-801
-985
-1176
-1333
-1418
-1414
-1330
-1192
-1026
-851
-675
-508
-357
-236
-162
-138
-151
-183
-210
-214
-204
-184
-162
-142
-116
-73
-12
64
142
207
255
290
314
332
341
346
342
335
334
345
377
432
524
667
853
1074
1315
1540
1723
1833
1849
1754
1543
1225
827
386
-61
-478
-842
-1137
-1354
-1492
-1548
-1515
-1396
-1201
-955
-706
-501
-387
-386
-497
-697
-940
-1178
-1352
-1408
-1320
-1082
-720
-282
174
589
922
1144
1258
1275
1218
1121
1014
919
846
802
791
808
852
930
1037
1159
1268
1329
1305
1177
945
631
273
-85
-401
-648
-804
-863
-828
-712
-556
-401
-287
-239
-265
-353
-491
-665
-859
-1053
-1226
-1341
-1370
-1309
-1166
-976
-768
-560
-367
-191
-44
58
109
101
52
-18
-91
-151
-194
-216
-221
-201
-152
-76
14
99
162
194
200
187
168
148
135
131
135
144
153
164
192
263
401
623
919
1252
1579
1847
2014
2051
1948
1705
1341
884
374
-143
-628
-1048
-1383
-1628
-1780
-1823
-1745
-1541
-1227
-851
-483
-191
-37
-45
-214
-502
-847
-1178
-1428
-1538
-1476
-1233
-835
-336
203
711
1136
1441
1610
1651
1586
1450
1287
1127
991
890
826
806
838
924
1052
1197
1316
1368
1324
1175
932
610
230
-173
-560
-884
-1107
-1208
-1193
-1089
-940
-784
-656
-570
-537
-569
-668
-822
-1003
-1178
-1311
-1378
-1367
-1279
-1132
-940
-713
-467
-232
-33
115
201
236
228
198
164
132
110
93
80
77
78
78
70
54
36
20
10
9
23
39
46
41
25
11
8
21
60
140
276
475
738
1055
1411
1769
2082
2299
2381
2296
2034
1613
1072
474
-139
-722
-1240
-1668
-1976
-2141
-2147
-1987
-1683
-1268
-802
-355
1
196
192
-15
-386
-832
-1258
-1566
-1690
-1600
-1304
-842
-280
306
842
1263
1526
1626
1582
1434
1226
1004
800
632
518
469
496
595
757
954
1151
1300
1366
1314
1130
819
407
-60
-525
-926
-1214
-1356
-1349
-1204
-960
-667
-374
-132
23
65
-8
-181
-423
-693
-951
-1154
-1274
-1296
-1220
-1055
-822
-550
-270
-6
218
383
472
488
440
345
224
94
-25
-120
-180
-203
-182
-124
-53
12
55
71
62
27
-28
-90
-149
-186
-193
-168
-122
-63
6
113
282
530
845
1202
1572
1927
2225
2408
2420
2222
1803
1210
533
-130
-738
-1293
-1794
-2232
-2549
-2694
-2631
-2367
-1961
-1485
-988
-500
-70
224
307
134
-247
-724
-1140
-1359
-1328
-1071
-672
-198
321
855
1350
1736
1952
1962
1793
1537
1288
1096
955
842
758
724
771
923
1171
1453
1687
1817
1814
1670
1391
992
513
-6
-522
-978
-1310
-1470
-1461
-1324
-1110
-875
-667
-518
-435
-423
-504
-685
-935
-1193
-1393
-1505
-1521
-1451
-1310
-1107
-852
-574
-312
-94
60
145
166
131
64
-21
-117
-207
-272
-297
-307
-332
-366
-379
-342
-271
-200
-145
-100
-65
-38
-2
60
127
166
177
202
280
416
593
789
981
1195
1491
1890
2324
2665
2787
2633
2204
1574
864
165
-512
-1186
-1819
-2308
-2558
-2549
-2323
-1950
-1506
-1036
-541
-12
496
848
889
549
-84
-804
-1378
-1659
-1637
-1381
-965
-438
172
821
1427
1874
2055
1937
1596
1177
810
551
395
318
315
399
570
815
1105
1394
1627
1750
1724
1533
1171
670
94
-474
-952
-1291
-1467
-1484
-1350
-1091
-761
-444
-229
-163
-251
-448
-702
-956
-1179
-1363
-1507
-1583
-1556
-1417
-1193
-940
-708
-532
-415
-343
-294
-256
-240
-248
-273
-290
-261
-184
-76
39
131
183
195
187
174
153
115
61
7
-26
-19
44
161
314
471
619
771
935
1103
1276
1479
1747
2079
2414
2658
2725
2557
2146
1537
831
117
-569
-1226
-1832
-2318
-2613
-2685
-2569
-2317
-1978
-1570
-1091
-551
-17
388
522
326
-125
-661
-1097
-1320
-1312
-1117
-782
-336
205
800
1341
1697
1771
1562
1171
739
378
143
40
38
126
312
606
986
1385
1725
1952
2044
1993
1788
1417
890
258
-393
-942
-1289
-1396
-1293
-1045
-722
-389
-98
97
158
71
-148
-443
-738
-982
-1154
-1259
-1306
-1287
-1204
-1070
-909
-745
-605
-511
-468
-452
-446
-443
-449
-447
-418
-359
-288
-205
-117
-28
39
60
40
-7
-64
-125
-173
-180
-151
-102
-49
18
129
301
525
802
1163
1626
2159
2665
3012
3081
2806
2191
1325
367
-538
-1318
-1953
-2446
-2769
-2872
-2739
-2404
-1928
-1373
-787
-181
397
856
1076
948
441
-335
-1141
-1721
-1902
-1667
-1120
-392
416
1230
1958
2491
2726
2603
2156
1514
842
301
-25
-151
-121
41
337
776
1320
1874
2329
2594
2623
2397
1931
1268
486
-302
-976
-1433
-1617
-1544
-1288
-942
-584
-262
-18
98
48
-181
-546
-966
-1357
-1650
-1817
-1869
-1827
-1717
-1545
-1323
-1072
-846
-697
-646
-683
-778
-879
-948
-953
-893
-780
-638
-481
-322
-188
-102
-72
-76
-78
-63
-36
-7
23
70
150
263
389
497
583
678
839
1126
1570
2142
2745
3245
3496
3401
2931
2128
1102
6
-1018
-1858
-2459
-2814
-2915
-2773
-2416
-1890
-1249
-543
181
857
1371
1595
1432
866
15
-909
-1653
-2030
-1979
-1555
-871
-50
800
1570
2142
2408
2316
1886
1240
549
-16
-348
-443
-340
-84
307
816
1394
1953
2376
2572
2484
2113
1507
740
-72
-811
-1374
-1692
-1742
-1542
-1137
-624
-134
209
334
235
-36
-411
-825
-1198
-1470
-1609
-1602
-1470
-1239
-950
-684
-519
-481
-542
-648
-754
-864
-979
-1068
-1101
-1045
-901
-698
-467
-244
-61
72
146
145
75
-51
-193
-292
-319
-257
-112
54
189
277
354
488
681
902
1190
1636
2253
2929
3439
3587
3311
2607
1558
372
-731
-1610
-2259
-2756
-3085
-3134
-2853
-2290
-1562
-800
-61
625
1189
1557
1615
1253
463
-604
-1663
-2356
-2472
-2031
-1210
-263
633
1405
1995
2309
2252
1787
1018
168
-536
-930
-954
-648
-113
547
1269
2041
2811
3445
3771
3686
3219
2460
1514
480
-521
-1316
-1789
-1907
-1711
-1302
-790
-273
130
337
352
190
-113
-515
-977
-1409
-1716
-1867
-1879
-1771
-1561
-1285
-998
-778
-667
-651
-713
-819
-919
-977
-982
-935
-848
-713
-521
-328
-208
-175
-210
-263
-277
-227
-95
101
284
404
476
516
518
436
230
-28
-198
-204
13
547
1450
2616
3718
4351
4340
3698
2502
916
-785
-2288
-3392
-4103
-4464
-4376
-3795
-2856
-1778
-742
209
1102
1889
2463
2653
2275
1313
-30
-1394
-2356
-2629
-2196
-1258
-165
826
1654
2269
2582
2477
1874
877
-236
-1150
-1591
-1472
-909
-54
918
1837
2643
3300
3729
3846
3538
2831
1926
1007
220
-364
-737
-845
-696
-381
11
362
551
536
298
-122
-621
-1134
-1602
-1966
-2196
-2251
-2081
-1724
-1312
-973
-782
-745
-816
-999
-1270
-1518
-1683
-1751
-1684
-1511
-1237
-883
-584
-398
-302
-320
-386
-438
-484
-450
-299
-75
251
626
893
1029
1007
808
524
185
-125
-189
4
432
1268
2504
3871
4899
5078
4355
2979
1068
-1077
-2995
-4387
-5100
-5252
-4991
-4180
-2886
-1460
-168
774
1392
1890
2226
2281
1973
1172
27
-1132
-2015
-2245
-1677
-563
736
1808
2420
2671
2606
2184
1442
428
-621
-1344
-1591
-1311
-569
381
1278
1907
2186
2250
2254
2188
1976
1605
1155
754
473
300
258
382
607
839
971
893
618
188
-349
-861
-1262
-1513
-1585
-1534
-1417
-1229
-991
-759
-600
-596
-759
-1022
-1295
-1513
-1627
-1637
-1601
-1516
-1368
-1181
-994
-869
-859
-912
-1018
-1195
-1317
-1318
-1164
-800
-346
160
721
1113
1255
1175
826
384
-34
-411
-458
-94
535
1531
2842
4222
5372
5684
4932
3462
1440
-857
-2943
-4554
-5394
-5445
-5078
-4267
-3006
-1684
-547
169
423
604
799
879
870
602
59
-506
-972
-1062
-551
314
1244
1927
2117
1978
1702
1330
930
459
-12
-236
-99
383
1084
1756
2217
2365
2156
1712
1227
849
615
481
448
541
748
991
1132
1158
1150
1123
1093
999
735
318
-227
-832
-1334
-1644
-1733
-1624
-1445
-1280
-1118
-958
-797
-679
-679
-807
-1013
-1217
-1336
-1332
-1217
-1072
-992
-1024
-1147
-1324
-1484
-1622
-1751
-1788
-1685
-1426
-980
-453
59
504
702
614
387
51
-324
-676
-987
-976
-470
387
1629
3250
4975
6380
6751
5746
3809
1381
-1212
-3500
-5133
-5801
-5475
-4638
-3507
-2076
-695
298
696
530
283
200
158
114
-120
-653
-1254
-1701
-1737
-1178
-256
734
1608
2090
2179
2096
1932
1727
1422
962
625
675
1026
1502
1910
2116
2143
1980
1634
1288
1079
969
886
773
679
726
892
1057
1163
1218
1271
1315
1265
1059
708
250
-274
-822
-1293
-1594
-1736
-1791
-1816
-1803
-1731
-1632
-1552
-1492
-1431
-1366
-1291
-1190
-1069
-967
-930
-987
-1139
-1363
-1641
-1913
-2097
-2186
-2146
-1911
-1507
-944
-274
348
879
1176
1076
743
262
-292
-725
-1069
-1139
-677
143
1391
3063
4667
5859
6087
5023
3203
960
-1409
-3266
-4460
-4829
-4290
-3363
-2211
-918
2
475
534
244
151
363
616
829
627
-110
-971
-1741
-2109
-1851
-1316
-691
-57
407
927
1627
2276
2761
2827
2384
1858
1489
1322
1414
1523
1492
1372
1107
844
778
819
874
873
733
602
623
746
917
1082
1163
1190
1178
1062
847
561
161
-296
-693
-959
-1031
-968
-946
-1049
-1252
-1515
-1729
-1841
-1893
-1850
-1691
-1484
-1251
-1012
-787
-623
-667
-1020
-1541
-1996
-2295
-2468
-2531
-2430
-2084
-1531
-926
-318
320
863
1158
1166
928
608
323
102
132
541
1365
2717
4363
5643
5837
4533
2148
-476
-2845
-4550
-5225
-4814
-3529
-1985
-705
308
889
770
99
-693
-941
-268
921
2044
2568
2083
768
-890
-2409
-3331
-3539
-3122
-2209
-1126
-52
1039
2037
2713
2819
2372
1815
1533
1593
1912
2333
2741
2979
2767
2044
1030
-4
-802
-1280
-1421
-1108
-396
474
1303
1890
2160
2123
1717
1027
265
-431
-882
-932
-629
-78
509
826
785
403
-263
-950
-1460
-1738
-1750
-1601
-1385
-1077
-759
-570
-547
-711
-1015
-1349
-1683
-1947
-2030
-1956
-1814
-1692
-1660
-1687
-1670
-1579
-1413
-1155
-852
-499
-61
339
630
985
1538
2315
3360
4536
5576
6078
5384
3310
511
-2300
-4573
-5886
-6154
-5331
-3657
-1878
-407
589
918
732
253
-104
255
1208
2243
2905
2572
1218
-607
-2450
-3687
-3972
-3525
-2427
-944
406
1372
1787
1702
1344
755
198
121
642
1713
3044
4153
4809
4820
3967
2448
706
-881
-1927
-2212
-1807
-867
330
1360
1965
2076
1715
1068
392
-156
-480
-560
-469
-279
-58
95
84
-108
-408
-692
-818
-711
-397
12
339
406
111
-431
-983
-1407
-1571
-1446
-1189
-904
-667
-622
-744
-958
-1318
-1736
-2087
-2315
-2206
-1747
-1192
-699
-488
-573
-687
-845
-794
-141
896
2357
4246
5917
6963
6682
4476
1269
-1999
-4840
-6409
-6640
-5814
-4104
-2490
-1427
-672
-523
-745
-805
-497
800
2901
4716
5694
5157
2851
-222
-3213
-5337
-5832
-5009
-3306
-1067
858
2104
2614
2220
1290
149
-880
-1010
-91
1477
3314
4655
5068
4685
3530
2048
898
208
47
395
973
1592
1946
1741
1060
164
-649
-1108
-1120
-698
-56
401
452
155
-337
-835
-1210
-1408
-1358
-1037
-565
-79
332
493
310
-155
-792
-1393
-1734
-1708
-1300
-713
-234
5
-35
-312
-752
-1241
-1552
-1594
-1495
-1343
-1231
-1189
-1110
-1042
-1064
-1113
-1211
-1118
-453
733
2450
4598
6441
7175
6085
3156
-337
-3291
-5288
-5992
-5516
-4155
-2370
-1122
-744
-1024
-1956
-3032
-3443
-2588
-68
3394
6314
7611
6567
3394
-544
-3860
-5574
-5349
-3740
-1413
972
2597
3167
2764
1557
6
-1457
-2317
-1919
-315
1780
3562
4336
3953
2703
965
-572
-1239
-819
477
2123
3621
4555
4508
3400
1598
-222
-1432
-1786
-1331
-331
710
1255
1048
267
-704
-1549
-2051
-2111
-1711
-883
90
817
987
409
-751
-2039
-2962
-3108
-2454
-1313
-85
751
963
615
-164
-1039
-1747
-2193
-2150
-1585
-728
108
474
193
-586
-1667
-2660
-3140
-2714
-1181
1138
3830
6397
8074
8205
6279
2615
-1426
-4634
-6253
-6032
-4481
-2264
-329
352
-302
-1914
-3849
-5133
-5081
-3290
49
3686
6269
6874
5165
1842
-1838
-4630
-5546
-4445
-1977
950
3313
4333
3854
2250
215
-1476
-2256
-1814
-165
2123
4144
5161
4806
3212
931
-1347
-2853
-3017
-1820
296
2573
4158
4544
3638
1757
-287
-1630
-1773
-705
988
2424
2917
2178
477
-1500
-3057
-3685
-3218
-1880
-122
1472
2426
2479
1543
-134
-2009
-3461
-3932
-3312
-1951
-351
872
1351
1071
164
-964
-1865
-2284
-2093
-1427
-532
300
702
458
-414
-1620
-2771
-3476
-3201
-1746
666
3575
6128
7555
7240
4916
1416
-2039
-4507
-5434
-5037
-3718
-1966
-690
-421
-1158
-2572
-3837
-4176
-3045
-287
3286
6256
7292
5710
2038
-2310
-5741
-7039
-5945
-3143
200
2900
4150
3749
2159
235
-1186
-1604
-969
539
2501
4227
5067
4640
3099
1108
-611
-1494
-1271
-53
1680
3190
3878
3567
2420
791
-862
-1980
-2123
-1172
529
2214
3156
2932
1501
-614
-2585
-3682
-3576
-2555
-1178
46
759
917
595
-86
-864
-1544
-1975
-1947
-1471
-807
-284
-93
-251
-645
-1014
-1172
-1070
-700
-275
-3
42
-166
-515
-986
-1512
-1807
-1823
-1487
-650
543
2093
3797
4963
5079
3792
1318
-1361
-3474
-4440
-4121
-3119
-1894
-927
-734
-1267
-2362
-3595
-4174
-3602
-1631
1435
4480
6284
5986
3550
8
-3191
-4837
-4409
-2287
532
2886
3945
3458
1763
-373
-2153
-2936
-2390
-642
1822
4153
5476
5335
3787
1513
-549
-1676
-1515
-332
1294
2783
3621
3683
3034
1822
489
-545
-926
-448
606
1738
2353
2004
790
-803
-2102
-2565
-2141
-1168
-187
315
193
-372
-1072
-1649
-1949
-1954
-1713
-1280
-825
-541
-527
-823
-1325
-1778
-1931
-1667
-1105
-485
-11
138
-90
-508
-943
-1241
-1314
-1342
-1326
-941
-52
1398
3225
4803
5472
4693
2509
-289
-2859
-4455
-4747
-4130
-3039
-1908
-1213
-1089
-1685
-2893
-3954
-4076
-2685
143
3392
5826
6403
4709
1422
-2097
-4407
-4751
-3325
-851
1673
3412
4015
3438
2026
417
-760
-1098
-521
799
2331
3464
3872
3388
2244
974
71
-80
444
1305
2181
2655
2613
2121
1248
385
-134
-229
61
512
926
1162
1067
622
-62
-803
-1407
-1700
-1611
-1213
-665
-214
-83
-298
-750
-1289
-1723
-1909
-1861
-1635
-1364
-1150
-961
-911
-1024
-1174
-1370
-1514
-1555
-1549
-1395
-1180
-960
-634
-335
-94
-30
-250
-299
140
1159
2695
4114
4763
4207
2379
-89
-2442
-4081
-4626
-4181
-3089
-1835
-911
-616
-1209
-2567
-3971
-4485
-3437
-947
2092
4499
5276
4176
1763
-883
-2597
-2794
-1630
269
2058
3039
2938
1925
500
-748
-1300
-858
441
2058
3389
4000
3717
2744
1526
475
-77
62
816
1880
2807
3156
2759
1768
556
-365
-620
-107
920
1824
2076
1565
482
-749
-1686
-2034
-1722
-975
-177
292
191
-385
-1082
-1566
-1690
-1484
-1038
-479
-8
182
21
-424
-1032
-1710
-2250
-2460
-2329
-1926
-1448
-1165
-1211
-1509
-1829
-2049
-2075
-1790
-1291
-688
94
1074
2223
3476
4511
4846
4143
2530
507
-1413
-2790
-3309
-3066
-2531
-2126
-2053
-2372
-3018
-3758
-4119
-3626
-2149
25
2231
3614
3607
2278
219
-1686
-2623
-2197
-613
1455
3230
4140
3932
2753
1152
-250
-1042
-994
-197
918
1898
2487
2581
2220
1576
949
656
850
1486
2363
3122
3441
3173
2356
1237
148
-615
-782
-303
554
1371
1770
1548
767
-294
-1240
-1774
-1829
-1523
-1077
-721
-570
-656
-919
-1260
-1603
-1781
-1624
-1128
-437
223
624
630
243
-371
-961
-1371
-1538
-1479
-1384
-1470
-1797
-2260
-2655
-2811
-2652
-2166
-1419
-486
624
1898
3166
4072
4203
3351
1742
-66
-1482
-2169
-2153
-1737
-1312
-1139
-1266
-1709
-2458
-3317
-3887
-3720
-2595
-724
1241
2495
2515
1351
-372
-1793
-2250
-1569
-64
1684
3079
3702
3406
2336
919
-314
-939
-808
-80
897
1778
2329
2473
2255
1790
1257
862
773
1062
1660
2334
2768
2748
2292
1576
854
385
368
808
1461
1972
2050
1569
655
-363
-1116
-1390
-1218
-824
-491
-391
-527
-839
-1284
-1772
-2177
-2349
-2177
-1651
-852
5
626
770
355
-380
-1056
-1406
-1377
-1120
-874
-812
-986
-1357
-1882
-2475
-2912
-2913
-2328
-1163
388
1926
2971
3163
2501
1324
69
-888
-1365
-1392
-1112
-747
-512
-544
-918
-1600
-2436
-3165
-3419
-2946
-1821
-475
520
795
352
-498
-1283
-1592
-1214
-205
1117
2356
3236
3625
3499
2921
2040
1145
548
375
560
899
1173
1296
1289
1192
1071
998
1046
1260
1590
1934
2192
2260
2040
1496
785
207
29
315
852
1345
1600
1513
1117
566
26
-322
-427
-358
-211
-125
-192
-433
-835
-1263
-1600
-1801
-1848
-1809
-1714
-1518
-1212
-823
-501
-424
-604
-929
-1228
-1375
-1391
-1315
-1219
-1188
-1215
-1278
-1317
-1305
-1247
-1038
-561
172
1009
1660
1877
1562
799
-109
-814
-1112
-1010
-696
-345
-74
12
-136
-514
-1001
-1398
-1576
-1475
-1158
-796
-580
-685
-1120
-1677
-2083
-2111
-1676
-851
196
1237
2051
2523
2679
2606
2391
2104
1824
1598
1434
1334
1300
1351
1410
1328
1066
744
550
647
1034
1596
2180
2565
2583
2223
1661
1140
815
697
715
805
897
869
654
291
-130
-533
-895
-1152
-1200
-1022
-745
-555
-569
-742
-966
-1205
-1461
-1685
-1771
-1634
-1299
-911
-617
-511
-653
-1019
-1482
-1857
-1993
-1856
-1541
-1183
-872
-673
-620
-695
-799
-750
-399
221
905
1386
1489
1217
722
184
-254
-519
-578
-430
-164
61
110
-34
-263
-420
-440
-367
-280
-250
-311
-458
-671
-911
-1121
-1276
-1351
-1297
-1095
-762
-346
71
450
787
1057
1243
1328
1292
1168
1057
1058
1244
1573
1878
2011
1924
1662
1350
1104
980
1016
1211
1501
1815
2064
2171
2121
1937
1673
1401
1188
1049
951
803
537
173
-236
-645
-1037
-1395
-1647
-1730
-1619
-1337
-966
-623
-446
-515
-807
-1201
-1554
-1776
-1837
-1750
-1563
-1353
-1217
-1201
-1281
-1405
-1534
-1640
-1673
-1563
-1285
-904
-538
-260
-83
36
159
331
536
697
731
637
495
410
426
510
611
660
556
253
-179
-584
-808
-804
-661
-488
-370
-380
-512
-672
-757
-704
-540
-388
-321
-331
-407
-499
-523
-431
-204
162
613
1091
1547
1884
2054
2089
2014
1865
1707
1558
1447
1397
1380
1370
1359
1303
1193
1100
1097
1247
1538
1853
2063
2068
1815
1361
830
326
-57
-278
-386
-439
-498
-607
-750
-924
-1162
-1456
-1742
-1951
-2010
-1892
-1642
-1333
-1063
-941
-975
-1091
-1239
-1378
-1490
-1589
-1651
-1648
-1608
-1544
-1450
-1348
-1210
-980
-649
-238
180
489
655
732
762
807
868
864
751
546
306
157
167
248
275
145
-170
-543
-826
-948
-909
-803
-748
-779
-867
-945
-931
-790
-562
-299
-54
154
334
447
446
346
231
230
435
818
1262
1659
1946
2108
2187
2207
2172
2085
1940
1777
1691
1741
1886
1993
1913
1609
1219
915
801
876
1019
1108
1087
941
724
484
210
-118
-490
-871
-1186
-1369
-1443
-1469
-1521
-1638
-1772
-1858
-1865
-1780
-1621
-1445
-1315
-1301
-1409
-1562
-1692
-1793
-1893
-1986
-2007
-1868
-1563
-1190
-848
-592
-412
-246
-50
203
501
751
872
868
826
870
1028
1191
1258
1196
1027
783
458
43
-383
-707
-896
-975
-1005
-1002
-950
-879
-861
-907
-960
-960
-893
-811
-745
-652
-491
-271
-31
160
291
396
496
649
925
1306
1704
2005
2132
2148
2192
2331
2527
2678
2681
2532
2292
2016
1757
1539
1347
1186
1086
1084
1215
1425
1578
1539
1261
811
340
-24
-253
-407
-580
-823
-1103
-1365
-1574
-1746
-1928
-2137
-2354
-2511
-2544
-2421
-2164
-1848
-1561
-1356
-1242
-1202
-1212
-1259
-1320
-1366
-1375
-1347
-1281
-1202
-1117
-1028
-948
-844
-678
-423
-83
284
608
846
985
1034
1024
1003
1004
1021
1002
899
676
353
-23
-394
-687
-870
-956
-990
-1025
-1092
-1182
-1263
-1307
-1265
-1111
-842
-494
-119
222
485
637
661
614
587
644
825
1116
1455
1778
2033
2200
2316
2421
2525
2611
2652
2642
2602
2553
2479
2370
2202
1941
1612
1273
1004
861
820
801
724
573
375
186
53
-35
-115
-251
-493
-841
-1246
-1656
-2034
-2366
-2637
-2806
-2840
-2749
-2571
-2362
-2172
-2025
-1919
-1843
-1764
-1662
-1547
-1441
-1360
-1291
-1214
-1105
-961
-769
-524
-254
-3
164
212
165
85
36
56
140
247
341
407
471
559
684
806
850
764
532
194
-174
-515
-807
-1031
-1183
-1259
-1252
-1179
-1077
-970
-871
-765
-604
-350
-21
315
575
717
783
864
1054
1385
1795
2184
2460
2588
2605
2592
2610
2676
2755
2790
2747
2627
2451
2257
2061
1850
1623
1386
1162
1000
916
880
834
710
483
185
-103
-310
-408
-430
-459
-570
-798
-1142
-1565
-2031
-2487
-2869
-3116
-3193
-3109
-2919
-2692
-2485
-2314
-2158
-1984
-1769
-1537
-1325
-1161
-1050
-971
-899
-811
-698
-556
-393
-230
-93
-2
28
17
5
27
106
225
354
461
532
576
603
619
617
580
510
404
266
96
-110
-356
-620
-867
-1059
-1171
-1197
-1153
-1061
-931
-766
-564
-319
-48
219
458
644
779
883
998
1165
1406
1710
2037
2327
2535
2648
2684
2681
2685
2712
2740
2739
2673
2521
2294
2019
1730
1454
1204
978
764
570
401
257
129
5
-141
-306
-465
-593
-682
-745
-831
-1004
-1272
-1611
-1957
-2242
-2421
-2501
-2528
-2539
-2556
-2588
-2602
-2563
-2455
-2265
-1981
-1633
-1266
-919
-650
-491
-413
-363
-292
-167
13
186
296
323
256
112
-46
-170
-238
-218
-108
40
185
296
339
332
329
351
393
445
461
391
236
13
-263
-559
-833
-1062
-1215
-1251
-1169
-1004
-779
-529
-291
-60
173
397
611
823
1016
1193
1385
1606
1846
2103
2331
2477
2528
2504
2439
2392
2400
2434
2431
2336
2134
1863
1587
1354
1178
1035
894
734
542
330
106
-124
-352
-558
-714
-794
-803
-764
-728
-749
-871
-1101
-1404
-1711
-1950
-2071
-2076
-2017
-1942
-1914
-1961
-2050
-2138
-2167
-2089
-1893
-1595
-1231
-866
-581
-424
-393
-421
-423
-337
-148
112
384
602
702
653
472
225
-10
-150
-163
-74
51
146
179
167
140
128
113
73
10
-68
-142
-212
-292
-409
-573
-763
-944
-1070
-1109
-1045
-883
-637
-346
-57
185
370
515
659
830
1031
1253
1480
1702
1908
2086
2210
2266
2260
2216
2171
2151
2151
2143
2080
1937
1734
1520
1343
1219
1125
1017
872
695
500
302
104
-104
-323
-540
-715
-812
-827
-786
-758
-803
-948
-1177
-1441
-1675
-1827
-1873
-1823
-1723
-1632
-1595
-1615
-1667
-1720
-1743
-1711
-1604
-1418
-1167
-899
-676
-557
-552
-631
-713
-716
-600
-375
-94
162
332
395
376
320
269
235
207
167
113
74
84
158
264
350
362
279
134
-23
-152
-234
-281
-314
-345
-374
-399
-419
-433
-430
-399
-332
-216
-58
136
352
582
816
1039
1238
1400
1516
1590
1626
1635
1632
1634
1658
1710
1778
1839
1855
1798
1663
1474
1275
1113
1010
954
918
873
792
670
512
320
94
-150
-388
-579
-693
-723
-699
-680
-719
-844
-1046
-1281
-1498
-1650
-1727
-1743
-1725
-1701
-1684
-1660
-1618
-1550
-1464
-1383
-1319
-1264
-1201
-1114
-1009
-911
-850
-832
-829
-794
-690
-513
-285
-48
159
317
429
501
546
556
518
438
335
242
198
235
356
525
672
731
673
515
308
106
-55
-166
-239
-298
-351
-391
-395
-358
-296
-234
-189
-146
-73
53
239
467
711
941
1138
1282
1379
1438
1462
1457
1438
1437
1477
1551
1617
1622
1542
1391
1212
1058
964
934
944
947
897
768
579
376
193
39
-108
-272
-450
-623
-755
-816
-810
-788
-822
-960
-1187
-1433
-1616
-1709
-1745
-1773
-1814
-1840
-1798
-1668
-1481
-1294
-1167
-1118
-1102
-1066
-985
-878
-799
-770
-765
-749
-697
-608
-495
-365
-219
-60
110
287
459
605
698
743
743
700
644
610
624
683
748
790
804
800
772
699
586
441
289
158
69
20
-21
-83
-175
-258
-292
-281
-256
-238
-218
-160
-36
141
339
524
678
791
879
962
1041
1113
1165
1205
1243
1267
1245
1163
1045
922
831
786
786
816
853
862
819
723
577
394
202
26
-112
-218
-315
-422
-542
-658
-755
-839
-929
-1036
-1165
-1306
-1446
-1578
-1693
-1782
-1832
-1821
-1739
-1590
-1412
-1247
-1127
-1049
-991
-933
-867
-812
-781
-778
-776
-739
-650
-519
-372
-232
-96
46
203
374
561
748
913
1023
1058
1015
926
839
792
804
852
910
952
965
947
891
793
669
537
415
313
215
112
-5
-119
-207
-254
-254
-229
-197
-171
-142
-95
-26
66
162
238
286
309
333
386
491
644
817
962
1040
1031
938
800
658
558
513
511
532
547
542
515
466
398
312
217
126
58
16
-19
-76
-177
-327
-507
-691
-855
-990
-1100
-1199
-1290
-1366
-1417
-1435
-1424
-1395
-1363
-1338
-1323
-1300
-1246
-1154
-1029
-900
-790
-721
-696
-695
-685
-631
-519
-358
-180
-17
111
199
261
323
407
520
639
745
830
895
943
994
1049
1105
1156
1185
1178
1127
1027
885
726
576
464
394
358
330
281
205
96
-31
-149
-237
-292
-316
-324
-320
-311
-296
-275
-247
-211
-166
-113
-46
47
159
277
391
483
556
608
649
686
715
732
722
687
624
541
456
382
342
334
353
385
399
381
322
228
117
8
-94
-194
-313
-462
-645
-847
-1032
-1169
-1246
-1263
-1244
-1220
-1215
-1238
-1277
-1311
-1317
-1279
-1198
-1094
-992
-900
-825
-759
-687
-607
-513
-420
-328
-241
-149
-45
67
175
267
330
369
395
430
505
624
784
955
1097
1191
1228
1218
1184
1138
1096
1054
1001
933
854
772
690
602
502
383
252
116
-9
-111
-185
-239
-295
-366
-443
-506
-535
-527
-480
-404
-311
-223
-150
-84
-17
45
92
129
163
204
242
265
272
267
252
230
213
230
288
364
431
459
454
422
373
331
314
330
354
344
275
148
-22
-214
-402
-561
-668
-726
-753
-765
-772
-780
-801
-831
-872
-910
-922
-904
-858
-794
-729
-674
-636
-612
-595
-577
-547
-513
-476
-436
-388
-333
-277
-219
-167
-116
-65
-10
59
144
246
351
471
602
743
887
1010
1088
1111
1088
1035
970
912
855
797
731
658
582
514
467
431
390
324
216
66
-100
-256
-373
-430
-423
-360
-261
-149
-46
32
78
89
72
41
16
6
21
52
79
87
66
16
-50
-108
-141
-142
-109
-56
7
75
139
198
251
296
321
326
301
247
184
113
46
-23
-96
-178
-268
-357
-440
-502
-547
-577
-586
-592
-595
-601
-617
-637
-657
-672
-668
-651
-615
-560
-500
-444
-402
-379
-364
-360
-359
-353
-340
-314
-267
-202
-116
-14
97
209
315
409
492
564
618
656
673
670
661
646
631
615
596
578
556
525
486
437
385
332
281
237
199
169
140
107
76
49
30
26
43
73
116
161
202
233
248
253
242
217
181
136
88
40
-1
-37
-67
-90
-114
-140
-163
-184
-192
-184
-164
-134
-102
-82
-76
-85
-105
-132
-167
-207
-254
-309
-373
-441
-503
-553
-583
-593
-586
-566
-542
-521
-500
-479
-461
-443
-429
-422
-417
-411
-402
-377
-339
-283
-217
-146
-71
1
73
145
220
294
360
418
461
490
511
525
536
546
557
569
577
574
556
532
500
457
406
339
264
192
121
58
4
-43
-83
-118
-146
-166
-179
-181
-177
-163
-143
-113
-73
-22
46
130
218
310
401
477
535
567
568
553
520
471
416
345
277
215
148
81
15
-52
-120
-182
-242
-290
-327
-357
-381
-397
-411
-412
-413
-420
-422
-426
-433
-444
-472
-508
-544
-574
-579
-582
-570
-540
-500
-440
-382
-319
-253
-196
-145
-111
-89
-71
-50
-14
34
98
164
216
251
254
240
227
218
233
266
313
365
404
426
421
395
363
332
313
302
300
299
290
268
229
179
127
87
64
54
54
52
41
20
-10
-40
-63
-73
-73
-63
-43
-18
8
38
62
88
110
132
155
180
209
235
248
250
236
205
162
108
55
7
-35
-70
-99
-130
-164
-205
-247
-290
-321
-343
-357
-356
-348
-331
-312
-299
-288
-283
-279
-275
-274
-272
-267
-259
-250
-239
-231
-218
-199
-178
-150
-111
-72
-36
-2
26
50
69
87
109
136
161
179
195
202
203
193
167
139
111
88
77
69
76
90
110
135
158
179
197
208
219
225
226
228
231
241
253
262
266
268
261
249
226
197
172
152
143
143
142
140
130
114
95
73
60
62
75
101
132
161
183
192
188
172
136
92
38
-19
-76
-130
-176
-219
-258
-301
-346
-384
-428
-471
-521
-570
-602
-621
-621
-601
-561
-518
-477
-446
-429
-423
-425
-428
-419
-400
-362
-311
-254
-197
-148
-109
-83
-63
-43
-21
4
37
73
109
139
166
184
193
199
203
211
221
231
238
242
235
221
204
186
170
162
167
180
204
233
262
286
303
311
315
320
329
346
371
399
434
459
474
475
457
433
402
373
350
332
323
314
299
275
233
182
127
74
31
-1
-21
-35
-51
-74
-103
-144
-192
-244
-296
-345
-389
-426
-460
-491
-518
-539
-554
-561
-567
-568
-567
-563
-557
-549
-534
-511
-479
-438
-393
-350
-312
-282
-265
-258
-258
-256
-248
-225
-191
-150
-107
-67
-36
-15
-6
-6
-5
1
18
52
96
145
194
235
261
272
275
278
286
302
329
361
391
415
424
426
415
403
394
394
404
418
434
448
456
459
466
469
472
477
477
474
462
440
405
361
314
270
229
200
179
160
138
108
63
8
-55
-116
-168
-206
-229
-238
-241
-244
-257
-284
-327
-378
-429
-477
-511
-533
-547
-547
-548
-554
-570
-602
-629
-655
-671
-671
-666
-650
-627
-607
-588
-573
-563
-540
-507
-462
-410
-356
-298
-242
-190
-142
-104
-68
-32
7
52
102
159
215
268
317
360
395
422
448
473
497
529
557
581
605
626
649
671
680
681
674
658
641
611
580
552
527
515
506
492
485
472
459
441
413
384
352
322
299
278
261
243
220
190
151
108
61
15
-30
-74
-113
-149
-185
-222
-260
-296
-327
-356
-384
-411
-440
-463
-495
-528
-567
-609
-648
-686
-715
-739
-762
-774
-786
-798
-813
-837
-859
-873
-881
-876
-863
-836
-789
-733
-669
-600
-535
-465
-392
-320
-244
-164
-76
17
119
221
317
410
486
550
602
638
670
687
700
714
722
735
743
744
747
743
741
742
735
732
730
727
728
721
709
688
661
614
564
519
470
428
385
345
318
293
274
255
228
205
180
152
125
96
68
39
10
-19
-54
-92
-139
-192
-248
-299
-343
-387
-425
-458
-483
-500
-518
-538
-553
-568
-573
-573
-581
-584
-586
-582
-566
-557
-548
-534
-521
-495
-474
-458
-438
-422
-398
-366
-341
-311
-276
-239
-196
-157
-121
-84
-48
-9
25
61
99
134
166
195
223
249
269
286
295
310
324
334
344
342
339
336
328
320
310
299
291
287
281
280
276
274
277
281
285
284
284
286
285
286
277
264
252
237
217
196
170
146
124
99
76
51
28
5
-19
-41
-62
-84
-106
-125
-144
-161
-174
-192
-209
-221
-235
-241
-248
-254
-257
-261
-260
-256
-254
-248
-244
-238
-229
-218
-211
-200
-191
-180
-169
-164
-153
-140
-127
-111
-95
-84
-74
-66
-59
-50
-41
-30
-18
-7
5
13
23
28
33
36
39
43
46
50
55
61
64
64
62
59
54
50
51
51
51
54
57
60
63
66
68
74
81
90
101
113
122
133
141
151
158
163
168
172
173
174
174
174
171
166
160
150
138
126
115
105
94
85
71
55
37
23
9
-8
-24
-41
-57
-72
-85
-97
-110
-121
-132
-138
-144
-149
-154
-159
-163
-171
-172
-173
-172
-169
-167
-165
-162
-159
-155
-149
-147
-142
-139
-130
-121
-110
-100
-92
-85
-77
-67
-58
-48
-39
-31
-25
-22
-20
-18
-13
-7
-1
4
8
13
16
18
24
26
29
32
37
42
50
58
66
73
80
88
98
109
118
126
132
137
146
156
167
176
183
189
195
196
196
195
191
186
176
165
153
143
129
113
97
78
60
42
24
10
-7
-26
-45
-60
-72
-84
-98
-107
-116
-124
-133
-142
-147
-151
-153
-151
-152
-152
-152
-151
-147
-149
-148
-145
-140
-133
-124
-120
-117
-114
-110
-102
-97
-92
-82
-73
-65
-55
-48
-42
-35
-28
-20
-15
-9
-3
4
10
15
19
22
30
34
35
39
42
46
49
51
56
56
59
62
64
64
66
68
70
72
76
77
78
75
75
73
73
74
74
74
72
74
73
74
70
64
58
55
52
51
48
45
39
35
29
22
15
10
5
0
-4
-8
-12
-17
-20
-24
-28
-30
-33
-33
-35
-37
-40
-44
-45
-49
-52
-52
-54
-52
-53
-53
-53
-55
-54
-52
-53
-52
-54
-54
-53
-53
-52
-53
-53
-50
-50
-49
-48
-45
-42
-44
-42
-40
-38
-34
-31
-27
-24
-21
-17
-15
-14
-13
-12
-6
0
5
10
14
18
23
28
32
36
43
46
49
55
60
65
66
70
72
75
75
74
76
78
77
78
79
80
81
82
83
82
80
80
79
80
80
75
70
66
61
56
52
49
43
34
23
13
4
-2
-12
-22
-34
-47
-57
-67
-80
-91
-102
-113
-120
-125
-129
-133
-135
-138
-139
-140
-139
-137
-135
-131
-124
-116
-109
-100
-91
-82
-72
-62
-53
-43
-35
-25
-15
-5
4
11
18
24
29
35
43
48
54
58
60
61
63
64
65
68
71
73
78
80
80
80
78
78
77
76
76
73
72
72
72
69
65
59
54
47
42
36
32
30
29
27
25
20
18
16
15
14
12
13
14
15
17
19
19
19
17
13
10
7
4
2
-2
-7
-14
-22
-28
-40
-47
-55
-63
-68
-76
-84
-90
-94
-99
-103
-107
-109
-110
-112
-112
-112
-109
-107
-102
-98
-93
-87
-81
-76
-71
-64
-55
-45
-34
-23
-13
-4
4
11
17
23
30
38
49
58
67
75
80
80
79
77
75
75
76
83
89
95
98
97
94
88
81
75
69
67
67
70
72
73
68
60
52
43
35
26
22
20
18
16
14
12
11
9
4
0
-5
-9
-14
-17
-20
-22
-24
-26
-28
-30
-31
-33
-39
-43
-45
-48
-47
-49
-49
-51
-54
-56
-57
-61
-63
-65
-66
-64
-63
-61
-58
-56
-53
-49
-46
-44
-40
-35
-31
-27
-22
-17
-12
-8
-4
-2
-1
3
7
10
15
19
25
28
30
33
34
37
39
38
39
41
43
45
45
43
41
40
41
40
39
37
37
36
35
32
27
24
20
17
14
10
7
6
3
0
-4
-7
-10
-12
-12
-12
-13
-15
-14
-14
-16
-14
-13
-13
-9
-7
-7
-8
-3
-1
-2
-3
0
0
-2
-2
-6
-6
-3
-4
-5
-7
-9
-12
-14
-17
-18
-20
-20
-21
-22
-25
-25
-25
-26
-25
-23
-20
-18
-17
-15
-16
-15
-13
-10
-6
-5
-3
0
0
1
3
2
2
2
5
6
10
12
13
15
13
14
15
15
19
18
19
20
19
20
19
19
18
17
18
16
12
12
8
7
6
5
5
2
1
-3
-3
-2
-3
-5
-6
-8
-8
-8
-8
-8
-9
-11
-12
-10
-8
-7
-6
-4
-2
-1
0
0
4
3
3
5
5
7
8
8
8
8
7
7
7
7
6
6
6
4
3
0
-3
-5
-5
-4
-5
-5
-8
-7
-6
-7
-8
-9
-11
-11
-11
-9
-9
-10
-10
-11
-10
-10
-9
-8
-9
-9
-10
-11
-9
-7
-5
-3
-3
-2
-3
-3
-1
0
3
4
4
3
5
6
7
