6
8
7
4
5
6
5
5
4
3
1
-1
0
-1
-2
-1
-1
-2
-3
-2
-4
-3
-4
-5
-4
-7
-7
-7
-8
-8
-7
-6
-6
-6
-6
-7
-6
-5
-4
-4
-4
-5
-3
-1
0
-1
-2
-1
0
0
-1
0
-1
0
2
1
3
2
1
2
3
5
5
4
4
4
4
6
4
3
4
3
3
4
9
18
15
2
-7
-3
9
16
9
1
-9
-12
-6
5
9
1
-11
-14
-11
-6
8
10
0
-10
-14
-4
5
6
6
4
-6
-12
-6
6
15
7
-3
-7
-8
0
6
8
5
-6
-10
-5
-4
-2
1
-3
-10
-13
-11
-2
-2
-4
-5
-6
-5
-4
1
9
6
-10
-8
4
8
14
13
6
12
11
15
30
24
17
27
19
18
14
11
20
14
17
41
38
24
9
-1
31
25
15
30
-17
-64
-24
31
96
131
85
102
118
114
150
150
133
113
79
75
42
-28
3
3
-38
-49
-116
-175
-201
-269
-271
-263
-390
-448
-480
-547
-521
-530
-540
-505
-551
-527
-410
-356
-273
-220
-212
-136
-56
56
212
301
363
442
470
609
863
975
900
732
683
882
1080
1075
882
591
440
500
634
701
505
146
-66
-164
-120
62
44
-228
-566
-794
-710
-458
-389
-518
-727
-906
-934
-783
-539
-437
-528
-674
-739
-600
-360
-177
-79
-119
-245
-209
13
248
374
342
233
133
141
251
399
586
564
317
60
-52
608
2119
2892
1702
-226
-791
619
2292
2462
1345
-70
-1093
-1142
42
1437
1428
-217
-1784
-2221
-1734
-549
448
53
-1799
-3479
-3378
-1961
-1087
-1163
-1663
-2450
-3042
-2681
-1328
-254
-485
-1257
-1360
-929
-417
161
733
998
812
826
1441
1980
2031
1952
2010
2199
2346
2424
2469
2242
1904
1975
2276
2296
1943
1555
1451
1358
999
701
616
449
110
-229
-285
-319
-622
-782
-800
-928
-1137
-1302
-1293
-1216
-1386
-1595
-1474
-1313
-1295
-1276
-1160
-1134
-1247
-1186
-851
-580
-586
-749
-865
-733
-481
-264
-17
-35
-374
-485
-228
90
229
143
-60
-224
-291
-153
211
387
151
-162
-187
5
230
434
513
321
36
-58
122
381
488
505
385
239
173
306
600
607
866
1707
1975
1340
434
379
1464
2199
1921
1277
539
-30
5
707
1465
1083
-158
-993
-1229
-1000
-336
136
-322
-1666
-2805
-2571
-1637
-1300
-1440
-1765
-2356
-2797
-2501
-1429
-605
-844
-1288
-1261
-1036
-615
-5
602
855
620
597
1091
1504
1681
1837
1957
1980
1881
1895
2079
2039
1907
2050
2107
1779
1352
1178
1311
1261
794
368
32
-363
-589
-519
-383
-661
-1321
-1724
-1680
-1500
-1290
-1227
-1445
-1815
-2155
-2020
-1441
-1054
-1050
-1210
-1425
-1432
-1079
-471
81
175
-65
-309
-295
38
473
863
965
551
129
116
552
1076
1147
967
579
97
89
466
801
841
269
-197
-271
101
1781
3212
2360
-87
-1566
-127
2464
2939
1546
0
-1239
-1444
-182
1775
2356
384
-1973
-2406
-1560
-262
1025
835
-1204
-3611
-3937
-1894
-408
-758
-1583
-2527
-3482
-3395
-1820
104
80
-1600
-2315
-1665
-819
-7
724
1033
602
20
684
1995
2441
2229
2024
2044
2232
2470
2915
3090
2496
2098
2418
2648
2479
2271
2258
2032
1207
571
697
804
313
-308
-583
-741
-1241
-1583
-1317
-1166
-1628
-2170
-2237
-2107
-2147
-2214
-2058
-1968
-2168
-2240
-1896
-1479
-1403
-1401
-1116
-798
-702
-571
-270
-91
-56
40
318
588
539
450
599
817
872
850
866
755
599
577
850
895
598
343
227
263
302
128
47
-254
-137
1909
3046
1585
-1063
-1905
549
2936
2544
960
-285
-1430
-1420
158
2389
2505
-296
-2524
-2417
-1217
353
1627
902
-1801
-4396
-3820
-789
491
-413
-1695
-2846
-3542
-2855
-634
1138
55
-2122
-2366
-1322
-240
593
1134
1192
210
-414
930
2512
2830
2479
2051
1915
1987
2387
3342
3529
2624
2163
2416
2576
2241
2088
2410
2083
815
-44
107
318
116
-198
-410
-1034
-2167
-2464
-1574
-939
-1313
-2147
-2750
-3114
-3220
-2480
-1382
-1295
-2277
-3151
-3059
-2074
-1121
-502
-242
-937
-1922
-1879
-680
649
1112
532
-274
-759
-582
635
1862
2050
1078
-121
-325
360
1266
1955
1758
717
-358
-646
258
1220
1750
2611
2894
1512
-409
-675
1460
3569
3133
1226
-256
-874
-453
968
2501
2409
24
-2239
-2285
-982
370
1027
282
-1804
-3854
-3833
-1728
-305
-860
-2215
-3329
-3796
-3311
-1738
-174
-446
-2106
-2894
-2186
-945
91
672
710
8
-491
525
2183
2855
2464
1906
1821
2182
2784
3539
3773
3186
2601
2786
3202
3077
2869
2953
2732
1791
879
724
920
703
249
-144
-751
-1602
-2076
-1623
-1158
-1608
-2461
-3014
-3250
-3140
-2726
-2268
-2326
-3044
-3459
-3083
-2315
-1727
-1446
-1375
-1485
-1756
-1517
-541
183
391
202
11
156
504
997
1579
1605
1126
841
803
1273
1655
1614
1380
863
355
381
797
1301
2074
2681
2401
874
-592
-159
1776
2847
1852
27
-1174
-1263
-486
965
1968
962
-1483
-2966
-2238
-459
703
637
-719
-2902
-4175
-3192
-1014
6
-999
-2659
-3565
-3440
-2222
-384
439
-646
-2284
-2616
-1421
85
932
1111
636
-131
23
1396
2703
2852
2236
1889
2103
2536
3074
3621
3708
3120
2671
2988
3257
3138
3057
2889
2366
1446
744
900
1125
713
149
-468
-1156
-1670
-1698
-1217
-1138
-1989
-2892
-3116
-2926
-2638
-2388
-2373
-2788
-3283
-3185
-2450
-1830
-1799
-1915
-1881
-1738
-1510
-1049
-438
-347
-675
-726
-377
159
494
513
477
328
272
581
1003
1232
967
612
462
454
596
672
760
835
1100
2106
2692
1678
133
-138
1392
2863
2374
926
-94
-520
-160
1049
2226
1898
-174
-1947
-1569
-22
1112
1240
50
-2011
-3433
-2853
-824
280
-666
-2302
-3378
-3430
-2304
-591
380
-677
-2642
-3118
-1874
-279
667
645
-56
-801
-633
997
2591
2640
1790
1345
1677
2406
3080
3724
3868
2942
2273
2680
3299
3507
3255
2873
2291
1229
573
931
1372
1035
62
-751
-1244
-1681
-1583
-1039
-1129
-2057
-3038
-3338
-2980
-2727
-2628
-2698
-3208
-3629
-3423
-2648
-1922
-1907
-2162
-2114
-2001
-1681
-979
-326
-200
-578
-763
-264
478
876
1020
938
741
695
966
1495
1681
1416
1135
953
831
711
885
1435
1828
2336
2618
1761
405
-49
1172
2880
2714
892
-455
-781
-289
795
1816
1723
-129
-2233
-2267
-573
839
1006
-163
-2021
-3467
-3321
-1538
-103
-643
-2323
-3453
-3399
-2374
-935
117
-414
-2187
-2974
-1916
-252
700
610
70
-379
-374
777
2403
2866
2087
1288
1468
2430
3202
3668
3811
3104
2302
2442
3253
3793
3419
2664
2106
1414
860
968
1326
1147
128
-908
-1340
-1502
-1418
-1104
-1193
-2031
-3144
-3530
-2990
-2474
-2408
-2699
-3289
-3774
-3640
-2734
-1606
-1334
-1968
-2469
-2347
-1639
-591
290
430
-280
-1008
-702
540
1658
1900
1348
581
80
424
1478
2303
2251
1294
315
91
502
1357
2166
2234
2087
1865
1141
411
424
1560
2753
2091
73
-1092
-916
3
947
1303
725
-1004
-2579
-2169
-443
679
444
-1038
-2805
-3681
-2938
-1032
-126
-1311
-3037
-3700
-3165
-1927
-633
70
-662
-2357
-2858
-1499
221
999
737
124
-337
-293
962
2798
3415
2476
1314
1255
2388
3768
4506
4205
3189
2400
2625
3683
4381
4099
3256
2207
1308
1106
1498
1830
1432
274
-787
-1303
-1387
-1115
-893
-1244
-2203
-3281
-3651
-3176
-2648
-2497
-2837
-3540
-4116
-4037
-3124
-1997
-1610
-2089
-2794
-3000
-2268
-1109
-129
185
-419
-1214
-1243
-291
1038
1771
1398
528
-117
114
1120
2111
2241
1371
350
-21
780
1979
2456
2150
1995
2054
1662
873
638
1662
2565
1907
371
-478
-486
-67
558
1043
720
-761
-2050
-1809
-665
97
199
-511
-2056
-3388
-3036
-1273
-263
-1053
-2477
-3103
-2903
-2170
-821
293
-252
-1883
-2472
-1409
143
930
956
641
14
-244
865
2585
3286
2707
1718
1411
1994
3087
4165
4272
3266
2321
2378
3113
3667
3694
3301
2340
1074
494
900
1496
1231
190
-738
-1422
-1776
-1570
-1109
-1098
-1976
-3222
-3809
-3546
-3018
-2557
-2569
-3201
-4018
-4270
-3498
-2290
-1635
-1883
-2539
-2911
-2455
-1382
-311
185
-119
-677
-857
-260
811
1721
1782
1115
541
583
1378
2062
2212
1920
1296
824
1079
1855
2445
2679
2666
2633
1965
790
525
1589
2604
2107
606
-518
-819
-641
132
954
664
-912
-2454
-2436
-1285
-280
-4
-742
-2523
-3977
-3611
-1802
-557
-1195
-2611
-3381
-3279
-2333
-710
285
-386
-1882
-2352
-1198
256
958
1058
777
178
87
1151
2644
3224
2619
1837
1690
2221
3220
4098
4125
3347
2451
2371
3098
3574
3539
3218
2329
1180
602
878
1420
1273
406
-607
-1325
-1526
-1341
-1016
-995
-1838
-3018
-3582
-3376
-2726
-2328
-2551
-3196
-3888
-3983
-3130
-2056
-1583
-1916
-2679
-2930
-2266
-1215
-304
7
-504
-1013
-891
-210
796
1444
1387
907
381
496
1259
1948
2121
1588
978
984
1451
2108
2731
3099
3060
2136
856
619
1502
2491
2387
1056
-239
-834
-871
-108
797
580
-772
-2331
-2777
-1856
-790
-352
-803
-2354
-3846
-3772
-2325
-1022
-1157
-2246
-3032
-3170
-2521
-1061
211
79
-1224
-1991
-1225
198
1162
1427
1231
830
558
1133
2473
3302
3055
2380
2079
2500
3207
3761
3933
3349
2577
2507
2967
3319
3187
2647
2030
1365
876
900
1035
717
-42
-713
-998
-1101
-1245
-1364
-1541
-2013
-2604
-2929
-2892
-2749
-2711
-2795
-2949
-3130
-3165
-2908
-2431
-2019
-1969
-2123
-2148
-1944
-1478
-895
-562
-517
-614
-684
-418
81
523
899
986
808
626
604
1034
1529
1626
1567
1527
1600
1970
2608
3407
3366
1938
694
942
2160
2735
1886
596
-223
-689
-484
428
860
-84
-1816
-2739
-2305
-1392
-817
-959
-2119
-3701
-4294
-3266
-1801
-1577
-2403
-3086
-3231
-2788
-1679
-397
25
-867
-1739
-1138
241
1208
1566
1528
1328
1210
1690
2868
3663
3341
2676
2649
3308
3910
4120
3989
3397
2761
2765
3345
3679
3202
2290
1654
1312
1108
1069
1018
585
-321
-1077
-1176
-965
-1048
-1466
-1956
-2385
-2799
-2952
-2759
-2693
-2945
-3284
-3330
-3054
-2921
-2963
-2828
-2572
-2371
-2176
-1956
-1795
-1740
-1544
-1113
-711
-585
-669
-576
-247
98
379
626
625
453
566
901
1168
1385
1525
1762
2266
2978
3731
3600
2227
1180
1744
3073
3468
2442
1081
231
-84
391
1475
1758
262
-1897
-2767
-2040
-801
-54
-529
-2410
-4536
-4950
-3150
-1243
-1270
-2710
-4017
-4490
-3788
-1852
84
167
-1656
-3020
-2178
-88
1478
1982
1645
774
214
1081
3112
4434
3941
2605
2012
2583
3670
4597
4744
3791
2555
2248
2961
3694
3590
2834
1958
1147
727
898
1185
932
44
-823
-1125
-1156
-1250
-1346
-1533
-1965
-2531
-2877
-2855
-2723
-2719
-2781
-2773
-2847
-3067
-3073
-2681
-2239
-2043
-2074
-2051
-1921
-1833
-1532
-988
-601
-579
-767
-782
-454
-78
330
619
483
248
191
501
1036
1419
1713
1976
2296
2975
3553
3114
2006
1459
2243
3321
3153
1966
821
151
110
840
1739
1528
-304
-2171
-2440
-1489
-456
-167
-1053
-2942
-4613
-4428
-2517
-1178
-1737
-3231
-4272
-4206
-3119
-1480
-364
-841
-2263
-2696
-1497
233
1307
1415
980
504
673
1888
3298
3658
2959
2293
2489
3333
4012
4173
3717
2931
2592
3014
3642
3688
2981
2167
1689
1389
1321
1418
1300
689
-189
-622
-472
-393
-682
-1102
-1497
-1819
-2100
-2202
-2132
-2279
-2646
-2801
-2662
-2527
-2588
-2704
-2645
-2512
-2380
-2141
-1913
-1861
-1895
-1738
-1318
-989
-878
-812
-839
-868
-635
-172
336
493
191
19
252
732
1424
2099
2687
3312
3423
2612
1621
1515
2580
3671
3332
1773
322
-245
195
1279
2011
1300
-707
-2414
-2518
-1239
26
45
-1332
-3450
-4875
-4194
-2144
-919
-1504
-3219
-4522
-4298
-2720
-746
183
-839
-2550
-2847
-1324
767
1985
1825
879
147
545
2256
3981
4159
2922
1761
1830
3031
4259
4561
3777
2444
1663
2172
3327
3839
3176
1907
982
814
1231
1752
1743
904
-299
-851
-398
173
82
-547
-1265
-1671
-1749
-1632
-1378
-1498
-2147
-2599
-2548
-2317
-2231
-2426
-2646
-2698
-2635
-2319
-1950
-2004
-2323
-2331
-1871
-1384
-1203
-1226
-1382
-1540
-1427
-890
-96
283
-26
-319
-171
392
1298
2163
2879
3382
3123
2213
1609
2013
3206
3900
3149
1629
462
132
715
1775
2205
1148
-856
-2255
-2088
-846
189
66
-1386
-3456
-4482
-3409
-1540
-859
-1717
-3143
-3955
-3533
-2011
-202
348
-1036
-2573
-2253
-370
1404
1973
1462
589
136
864
2632
3923
3570
2158
1294
1753
2829
3669
3763
2875
1629
1090
1577
2485
2769
2083
1111
367
75
412
1010
1150
620
-218
-679
-566
-304
-161
-224
-540
-963
-1242
-1284
-1169
-1143
-1191
-1250
-1430
-1724
-1921
-1838
-1627
-1551
-1583
-1609
-1710
-1845
-1899
-1700
-1304
-1188
-1423
-1559
-1512
-1274
-780
-358
-188
-309
-604
-447
324
1070
1980
3131
3404
2301
853
675
2258
3784
3589
2347
875
-394
-497
908
2457
2174
-153
-2434
-2929
-1934
-513
427
-146
-2684
-5118
-4846
-2530
-804
-992
-2443
-3744
-4151
-3306
-950
1060
493
-1586
-2508
-1345
745
2170
2452
1939
931
581
1968
3961
4557
3508
2178
1680
2185
3120
3781
3520
2155
701
596
1653
2411
2215
1315
218
-562
-582
256
1166
995
-149
-1052
-1107
-584
54
392
89
-743
-1471
-1335
-429
198
-16
-656
-1246
-1469
-1141
-606
-356
-723
-1545
-2051
-1846
-1358
-1027
-1146
-1704
-2226
-2303
-1825
-1223
-1080
-1394
-1748
-1818
-1498
-936
-290
74
89
532
1658
2594
2376
1286
850
1723
2721
2927
2471
1594
581
62
685
1932
2106
594
-1236
-1970
-1516
-581
119
-239
-2039
-4001
-4274
-2811
-1340
-1296
-2351
-3349
-3756
-3097
-1287
235
47
-1313
-2026
-1077
607
1724
2166
2071
1494
1308
2334
3909
4622
3866
2586
2161
2662
3395
3891
3545
2216
905
652
1530
2383
2107
886
-381
-992
-771
-4
595
288
-779
-1619
-1662
-938
-115
26
-414
-1119
-1608
-1320
-529
40
48
-549
-1157
-1161
-718
-147
92
-298
-1037
-1491
-1311
-723
-365
-657
-1412
-2030
-2010
-1544
-963
-753
-1216
-1943
-2252
-1896
-1108
-329
42
112
247
912
1784
1914
1199
843
1478
2257
2297
1726
1122
508
95
508
1547
1691
358
-1198
-1636
-1091
-426
-19
-398
-1968
-3752
-3908
-2427
-1142
-1286
-2211
-2919
-3182
-2634
-1085
384
239
-1032
-1560
-583
851
1790
2261
2334
1982
1831
2704
4050
4519
3731
2947
2893
3109
3272
3344
3074
2177
1089
861
1558
1817
1112
43
-667
-953
-937
-524
-165
-519
-1423
-1948
-1617
-973
-762
-870
-1110
-1411
-1542
-1264
-650
-303
-508
-858
-820
-580
-420
-288
-198
-334
-624
-798
-640
-407
-541
-814
-1002
-1154
-1307
-1228
-916
-815
-1091
-1406
-1473
-1252
-1025
-716
-116
219
508
1360
2236
2167
1107
367
1168
2450
2702
2075
1220
306
-408
-81
1234
1948
823
-1212
-2315
-1947
-911
51
187
-1308
-3601
-4485
-3187
-1306
-695
-1597
-2777
-3400
-3139
-1548
408
816
-443
-1689
-1421
198
1754
2602
2707
2040
1435
2099
3819
5003
4532
3149
2335
2531
3213
3740
3620
2538
987
280
961
1907
1866
710
-730
-1589
-1581
-796
130
74
-1170
-2410
-2507
-1503
-494
-312
-879
-1702
-2207
-1874
-795
62
-73
-916
-1501
-1295
-578
80
296
-98
-909
-1347
-901
-99
183
-326
-1158
-1595
-1414
-831
-181
-148
-891
-1675
-1764
-1100
-243
335
535
605
1034
1907
2395
1911
1045
1062
1962
2483
2184
1524
681
-208
-421
430
1366
810
-981
-2324
-2431
-1733
-807
-320
-1159
-3197
-4627
-3900
-2028
-999
-1313
-2176
-2932
-3098
-1976
67
1118
204
-1150
-1164
117
1471
2357
2747
2364
1696
2058
3647
4922
4550
3159
2357
2589
3280
3881
3827
2693
935
15
783
2129
2348
1090
-682
-1873
-1972
-1021
229
441
-861
-2537
-3054
-2062
-604
139
-278
-1492
-2536
-2489
-1282
59
343
-497
-1587
-1995
-1397
-313
496
446
-504
-1484
-1594
-832
62
251
-369
-1261
-1802
-1522
-602
163
116
-702
-1496
-1638
-1020
250
1415
1885
1936
1866
1625
1138
932
1865
3143
3114
1842
575
3
-25
415
1334
1656
199
-2024
-3009
-2335
-1213
-596
-682
-1925
-4116
-5265
-4027
-1858
-1059
-1913
-2866
-3218
-3124
-1967
153
1294
368
-1119
-1030
588
1959
2472
2637
2465
2082
2409
3783
4917
4434
2973
2243
2752
3574
3825
3414
2379
946
251
1000
2241
2464
1189
-584
-1592
-1521
-658
334
448
-666
-2168
-2719
-1903
-568
152
-185
-1195
-2107
-2247
-1428
-313
97
-457
-1376
-1829
-1496
-748
-176
-128
-657
-1397
-1737
-1437
-819
-471
-761
-1390
-1808
-1833
-1409
-794
-482
-679
-1287
-1700
-1194
56
1549
2781
3068
2076
389
-324
1074
3294
4188
3163
1251
-299
-816
162
2119
3063
1658
-1062
-2858
-2604
-1119
321
652
-966
-3706
-5169
-4106
-1898
-840
-1444
-2515
-3265
-3281
-2007
24
1000
50
-1302
-1123
385
1775
2373
2398
2136
1894
2363
3618
4421
3849
2558
1941
2523
3423
3716
3178
1940
679
316
1086
2182
2340
1179
-375
-1326
-1313
-557
231
297
-594
-1802
-2236
-1621
-745
-363
-541
-1048
-1643
-1909
-1527
-788
-425
-744
-1244
-1418
-1304
-990
-589
-427
-703
-1211
-1516
-1433
-1205
-1071
-1012
-1015
-1177
-1399
-1430
-1267
-1076
-989
-894
-553
-95
521
1627
2727
2642
1208
-8
556
2201
3100
2778
1851
691
-350
-298
1199
2471
1783
-223
-1684
-1838
-1083
97
858
-142
-2673
-4260
-3412
-1615
-897
-1306
-1939
-2581
-2898
-1872
198
1131
-38
-1438
-1161
288
1453
1999
2187
1834
1195
1466
2923
4025
3504
2078
1318
1700
2518
3075
2977
1965
483
-239
498
1838
2261
1290
-199
-1181
-1293
-663
236
605
-121
-1462
-2187
-1685
-609
5
-165
-775
-1424
-1726
-1364
-551
-32
-313
-990
-1263
-973
-554
-312
-273
-419
-763
-1092
-1070
-819
-781
-1014
-1141
-1002
-899
-988
-1057
-1055
-1152
-1267
-1046
-491
148
1100
2306
2570
1113
-663
-463
1668
3246
2881
1472
62
-982
-963
691
2633
2451
-32
-2444
-2938
-1663
324
1726
982
-2089
-4845
-4533
-1902
28
-135
-1409
-2718
-3463
-2605
14
2153
1598
-652
-1672
-455
1445
2599
2888
2441
1507
1135
2212
3907
4376
3128
1594
1224
1981
2896
3163
2448
998
-249
-227
1025
2089
1746
313
-1034
-1616
-1393
-547
368
335
-952
-2295
-2403
-1448
-560
-302
-471
-996
-1791
-2129
-1452
-360
46
-417
-945
-1073
-952
-594
15
404
68
-729
-1148
-959
-627
-376
-219
-316
-793
-1330
-1254
-651
-330
-557
-1029
-1335
-1210
-348
1547
3237
2659
-32
-2099
-1175
1708
3531
3109
1180
-1087
-2333
-1447
1247
3226
2297
-606
-3043
-3471
-1730
1055
2627
950
-2952
-5237
-3934
-1119
349
-53
-1342
-2753
-3355
-1981
760
2220
1085
-833
-1208
161
1908
2983
3035
2065
1063
1446
3158
4548
4251
2759
1623
1613
2521
3561
3712
2549
727
-300
364
1870
2611
1871
191
-1302
-1858
-1365
-265
410
-176
-1651
-2783
-2717
-1756
-857
-598
-1047
-1960
-2699
-2628
-1777
-908
-746
-1197
-1666
-1788
-1494
-847
-172
26
-389
-913
-967
-628
-340
-200
-103
-95
-313
-598
-562
-271
-102
-197
-423
-545
-495
18
1324
2588
2353
430
-1394
-1083
1030
2782
2774
1142
-932
-2006
-1220
938
2506
1951
-109
-1962
-2493
-1469
563
2069
1282
-1571
-3827
-3388
-1208
283
84
-1079
-2121
-2270
-1270
216
879
263
-573
-566
199
1104
1718
1822
1365
908
1383
2713
3605
3127
1844
1127
1649
2863
3700
3427
2138
788
442
1292
2501
2950
2184
696
-626
-1115
-621
345
882
333
-1066
-2281
-2441
-1648
-751
-495
-1075
-2149
-2987
-3024
-2333
-1505
-1177
-1465
-2004
-2420
-2365
-1732
-895
-428
-689
-1375
-1736
-1435
-771
-216
-33
-211
-578
-795
-542
30
428
376
28
-383
-685
-551
183
1155
1773
1727
1127
255
-378
-55
1244
2383
2193
742
-725
-1010
59
1615
2350
1536
-134
-1167
-828
339
1287
1374
509
-899
-1889
-1653
-536
292
132
-659
-1291
-1327
-813
-143
129
-210
-673
-584
66
598
497
4
-192
327
1299
2002
1881
1066
329
418
1374
2474
2813
2099
926
267
666
1825
2850
2906
1843
398
-357
21
956
1502
1233
387
-539
-1072
-934
-337
28
-343
-1203
-1912
-2122
-1923
-1566
-1354
-1558
-2100
-2464
-2285
-1805
-1548
-1673
-1910
-1996
-1866
-1543
-1163
-1003
-1203
-1490
-1432
-960
-423
-143
-154
-375
-670
-779
-480
89
496
473
156
-137
-117
373
1203
1877
1875
1210
465
283
841
1756
2366
2171
1283
453
453
1297
2167
2283
1603
710
217
376
996
1474
1249
394
-398
-587
-313
-78
-181
-567
-966
-1051
-725
-357
-437
-971
-1404
-1248
-604
-17
4
-554
-1178
-1238
-566
318
739
431
-257
-668
-384
468
1275
1506
1134
562
269
450
963
1390
1413
1048
593
355
396
599
762
734
525
239
23
-93
-165
-210
-204
-176
-251
-486
-772
-925
-892
-787
-703
-717
-850
-1051
-1224
-1242
-1101
-921
-825
-906
-1111
-1239
-1155
-924
-788
-875
-1050
-1131
-1025
-786
-569
-477
-540
-628
-555
-318
-1
293
466
506
458
486
689
911
1011
1022
1070
1198
1296
1309
1260
1148
1080
1142
1271
1325
1194
967
764
617
566
585
552
381
94
-125
-174
-137
-113
-193
-425
-733
-939
-868
-599
-420
-461
-637
-781
-771
-595
-299
-63
-91
-283
-347
-150
136
300
360
394
352
251
253
427
589
574
502
537
589
496
339
315
424
507
515
514
473
311
86
-32
26
148
203
151
-22
-265
-419
-333
-77
54
-128
-488
-741
-741
-575
-425
-467
-752
-1099
-1239
-1111
-936
-920
-1043
-1211
-1379
-1436
-1230
-847
-643
-806
-1103
-1194
-983
-589
-174
82
57
-158
-255
-15
475
928
1118
1023
773
601
726
1134
1532
1612
1354
1004
813
876
1134
1383
1378
1048
620
409
499
710
808
660
274
-169
-396
-260
60
195
-34
-462
-750
-697
-372
-49
-1
-269
-594
-651
-385
-36
152
113
-88
-324
-396
-154
271
506
325
-105
-416
-363
-17
322
370
98
-251
-375
-187
138
327
218
-99
-349
-313
-28
261
349
226
33
-62
33
245
403
403
283
146
60
52
62
-22
-220
-385
-390
-335
-413
-645
-890
-1022
-1019
-905
-783
-800
-989
-1204
-1262
-1135
-941
-800
-763
-812
-858
-788
-589
-363
-173
9
187
281
287
373
626
892
991
971
982
1042
1087
1135
1218
1289
1294
1264
1239
1195
1133
1084
1021
874
668
503
410
332
230
92
-90
-262
-315
-228
-157
-256
-480
-647
-627
-440
-184
15
23
-212
-537
-663
-415
62
397
314
-126
-584
-713
-432
11
245
86
-335
-708
-774
-491
-63
167
-20
-482
-792
-662
-227
130
198
34
-209
-364
-283
40
393
532
444
292
180
143
232
434
587
531
316
96
-54
-121
-86
-3
7
-123
-320
-485
-607
-665
-632
-541
-474
-510
-646
-780
-810
-702
-531
-403
-337
-333
-358
-297
-86
158
252
203
192
284
406
527
645
696
637
594
700
862
924
892
824
701
548
511
624
671
499
239
84
51
75
130
140
-18
-304
-483
-434
-265
-126
-68
-90
-198
-319
-319
-183
-23
77
118
118
47
-68
-125
-56
90
190
155
3
-184
-296
-255
-127
-74
-193
-398
-509
-465
-362
-290
-254
-253
-290
-336
-304
-179
-44
63
164
238
215
110
68
190
396
552
567
432
220
62
80
255
397
333
59
-251
-401
-356
-222
-161
-265
-500
-727
-775
-630
-455
-433
-561
-692
-720
-618
-405
-169
-49
-94
-171
-123
33
187
296
356
344
294
314
447
586
629
605
567
510
458
485
583
622
508
308
171
181
301
419
403
202
-71
-216
-144
50
201
218
104
-72
-199
-167
30
251
330
232
66
-43
-50
19
103
135
74
-55
-181
-261
-282
-254
-224
-274
-431
-594
-637
-552
-437
-372
-375
-440
-532
-573
-508
-364
-219
-123
-83
-78
-67
-12
101
241
364
433
433
387
337
329
369
431
467
438
346
228
129
62
13
-26
-58
-109
-180
-248
-295
-336
-385
-402
-370
-321
-297
-298
-297
-286
-247
-157
-47
23
31
20
18
19
38
108
214
294
308
254
160
92
121
234
333
305
146
-47
-134
-46
154
294
233
4
-206
-231
-59
193
354
312
123
-24
16
224
442
527
444
269
151
186
323
411
352
193
51
4
37
65
20
-110
-262
-352
-360
-343
-364
-437
-517
-546
-509
-445
-419
-454
-505
-501
-408
-271
-172
-147
-167
-167
-110
2
123
203
222
204
193
206
233
263
289
298
285
252
205
149
93
68
77
93
80
24
-64
-149
-192
-169
-110
-68
-69
-103
-145
-162
-131
-54
24
63
61
36
17
20
53
108
147
137
93
34
-13
-25
-1
35
34
-29
-126
-205
-218
-161
-78
-37
-82
-183
-258
-241
-128
22
134
154
101
48
73
188
336
432
429
354
284
284
353
427
434
361
259
191
193
235
250
184
50
-88
-162
-159
-128
-137
-212
-324
-412
-435
-393
-325
-290
-307
-341
-346
-305
-234
-162
-117
-109
-117
-99
-47
20
68
83
65
35
23
51
110
149
132
63
-15
-57
-39
19
62
41
-37
-119
-153
-124
-63
-6
14
1
-19
-28
-16
17
69
128
185
220
211
159
106
96
136
192
217
183
85
-40
-122
-124
-83
-56
-85
-175
-300
-392
-390
-306
-221
-203
-264
-353
-398
-338
-180
-11
71
48
-17
-34
52
219
384
463
436
354
307
342
429
512
535
491
405
320
276
284
309
305
251
166
78
17
2
17
24
-11
-80
-150
-193
-188
-144
-94
-88
-137
-202
-230
-203
-155
-117
-110
-143
-189
-216
-206
-182
-187
-225
-268
-279
-263
-243
-244
-279
-336
-371
-342
-272
-212
-198
-223
-257
-262
-210
-99
24
82
65
39
64
132
208
286
356
380
332
275
285
350
385
352
292
254
222
175
134
112
78
10
-71
-133
-158
-160
-168
-197
-244
-286
-283
-248
-222
-212
-190
-139
-76
-25
9
39
72
110
167
245
312
336
307
258
239
279
353
404
388
307
214
153
156
216
276
269
162
15
-81
-72
15
98
102
7
-134
-223
-199
-85
30
63
-8
-131
-216
-200
-90
24
55
-20
-143
-238
-249
-188
-123
-122
-207
-328
-415
-428
-393
-369
-393
-462
-526
-531
-479
-414
-388
-403
-409
-362
-258
-142
-60
-33
-29
6
109
257
371
397
356
326
365
468
569
594
522
405
330
351
425
457
391
249
111
41
60
119
125
35
-112
-218
-227
-157
-79
-58
-113
-195
-232
-187
-85
8
49
32
-10
-35
-6
76
160
188
157
107
71
71
107
159
181
136
54
-6
-10
17
43
44
6
-69
-134
-134
-73
-24
-35
-85
-131
-137
-98
-24
43
39
-23
-67
-40
38
106
127
95
26
-40
-51
-6
36
20
-47
-121
-178
-215
-221
-210
-210
-238
-273
-289
-295
-306
-306
-268
-199
-142
-124
-134
-153
-144
-77
43
153
184
127
54
40
112
234
341
356
267
144
83
135
241
318
311
217
87
-2
10
95
162
144
49
-55
-115
-116
-69
-13
-2
-50
-118
-152
-132
-84
-38
1
8
-20
-50
-43
4
53
77
79
63
35
12
22
63
92
80
44
16
6
6
21
41
46
22
-6
-11
0
10
17
24
27
17
6
14
35
51
56
55
54
52
53
60
70
74
65
50
31
14
-1
-13
-22
-37
-65
-104
-138
-154
-153
-147
-158
-194
-232
-246
-224
-179
-156
-168
-205
-231
-208
-143
-76
-45
-67
-108
-123
-82
-6
65
86
50
3
-10
30
102
154
157
122
76
59
87
136
171
165
127
87
70
88
121
139
128
97
68
64
76
96
103
92
75
63
63
70
73
71
65
58
53
48
40
32
23
18
15
10
-2
-21
-38
-47
-42
-34
-35
-48
-71
-85
-86
-74
-55
-46
-57
-79
-97
-94
-71
-42
-27
-35
-55
-70
-66
-42
-13
2
-2
-18
-28
-26
-11
4
10
2
-9
-17
-20
-18
-19
-21
-26
-32
-32
-32
-33
-34
-40
-40
-37
-32
-24
-21
-18
-18
-21
-18
-10
1
11
14
14
10
9
15
26
39
46
43
37
33
37
48
62
68
63
48
40
39
48
61
67
58
42
31
30
41
51
55
45
27
16
15
23
32
30
20
4
-7
-6
-3
2
-2
-12
-21
-28
-29
-30
-32
-36
-41
-45
-47
-47
-50
-50
-52
-52
-48
-43
-42
-44
-45
-42
-33
-25
-17
-13
-17
-19
-20
-12
-2
6
10
6
3
3
7
14
20
24
21
17
13
12
16
18
20
18
16
14
8
8
10
13
11
8
3
-1
0
2
4
2
-2
-3
-4
-4
-2
-1
-1
-3
-6
-3
5
10
12
10
5
3
4
9
13
11
4
-3
-4
-5
-1
1
-3
-6
-9
-9
-4
-1
-2
-4
-6
-7
-3
1
3
4
3
4
5
8
9
8
7
4
5
8
6
5
1
-4
-4
-3
-2
-2
-2
-4
-7
-9
-11
-11
-10
-9
-7
-5
-5
-5
-6
-8
-6
-1
5
9
10
6
2
2
9
16
20
19
13
9
7
10
15
18
16
10
4
1
3
5
7
5
-3
-9
-12
-13
-9
-8
-9
-12
-17
-20
-20
-17
-13
-12
-13
-13
-15
-16
-10
-6
-4
-3
-4
-6
-6
-6
-4
-3
-2
-3
-7
-8
-8
-5
-2
-4
-4
-7
-6
-1
3
5
8
5
5
4
6
12
16
22
19
15
13
13
18
21
25
23
18
13
10
12
17
17
15
9
3
2
2
3
2
1
-2
-5
-5
-7
-4
-4
-3
-6
-9
-9
-5
-5
-6
-7
-6
-6
-4
0
1
2
0
-2
-2
0
1
2
-1
-4
-7
-8
-6
-4
-4
-4
-7
-9
-11
-9
-9
-8
-8
-9
-10
-11
-10
-10
-9
-6
-4
-3
-1
-3
-3
-2
1
4
6
4
1
1
1
4
6
6
5
1
-4
-3
0
4
6
5
2
-1
-3
2
5
7
7
4
2
2
3
8
11
12
8
5
3
5
10
12
11
10
5
4
5
7
9
9
7
4
3
2
4
4
2
2
0
2
1
-1
-3
-4
-2
-4
-6
-5
-7
-8
-9
-10
-6
-4
-5
-6
-8
-12
-11
-8
-5
-5
-5
-7
-9
-6
-4
-2
-2
-4
-7
-6
-2
0
1
-2
-4
-4
-3
-2
0
0
-2
-2
-2
1
4
6
4
3
1
2
3
4
5
5
3
4
2
2
3
4
3
2
1
0
1
2
4
3
2
2
0
2
3
5
5
3
-2
-2
-2
0
2
1
2
-2
-2
0
2
4
2
0
-2
2
1
3
5
3
1
0
0
0
2
4
6
4
0
-4
-5
-2
3
8
5
1
-3
-4
-1
1
3
3
0
-1
-4
-4
1
0
0
-1
-6
-8
-8
-5
-4
-4
-4
-6
-7
-6
-6
-4
-4
-2
-3
-6
-5
-3
-2
1
2
4
4
3
3
5
7
6
7
4
3
4
6
6
7
4
3
1
0
2
1
0
-2
-5
-4
-4
-3
-3
-3
-3
-5
-6
-6
-7
-6
-4
0
-1
-3
-3
-4
-3
-2
1
2
1
0
-2
-1
4
6
7
4
0
2
4
5
5
4
3
2
3
7
8
8
8
6
5
7
8
10
10
8
7
6
5
6
6
6
3
0
1
0
-1
-3
-3
-4
-8
-11
-11
-11
-8
-7
-9
-10
-11
-11
-10
-8
-6
-6
-7
-8
-7
-8
-6
-3
-2
-1
-2
-2
-2
-1
2
3
4
4
2
3
3
2
2
3
3
2
0
0
-1
1
1
1
2
0
-1
0
0
1
1
0
-2
-2
-1
-1
0
-1
-1
-1
-1
0
2
3
3
2
2
4
6
7
8
7
3
1
3
3
5
5
3
3
0
0
3
4
5
4
3
2
3
5
8
7
5
2
1
3
5
6
7
5
2
2
2
1
1
-1
-4
-7
-9
-10
-8
-7
-7
-9
-11
-13
-10
-8
-7
-7
-9
-10
-9
-10
-8
-3
-3
-3
-5
-7
-5
-4
-3
-3
-3
-7
-5
-3
-1
1
0
-1
-2
-2
1
3
3
2
2
3
6
6
6
5
3
2
4
6
9
8
7
6
6
7
8
10
8
6
7
8
11
10
8
6
3
3
4
7
6
3
0
0
0
0
2
0
-1
-2
-3
0
1
-1
-3
-4
-5
-4
-1
-1
-2
-2
-6
-5
-2
-2
-4
-4
-5
-8
-8
-6
-4
-4
-6
-6
-7
-6
-6
-6
-5
-6
-5
-6
-3
-2
-2
-2
-2
-4
-3
0
1
1
2
2
1
0
1
2
3
3
4
2
1
3
5
5
4
2
1
3
4
5
4
2
2
3
3
5
6
5
2
0
2
1
0
3
4
5
4
4
4
4
4
2
3
2
2
1
0
-3
-4
-2
-1
1
0
-3
-6
-5
-6
-4
-4
-4
-5
-7
-7
-5
-3
-1
0
-1
-1
-2
-2
0
1
0
-2
-3
-3
-1
0
0
0
-2
-1
1
0
0
1
0
1
2
0
2
-1
-4
-1
8
14
13
11
12
15
16
22
32
30
27
25
22
19
20
26
24
9
-9
-18
-15
-11
-7
-9
-21
-36
-53
-52
-41
-37
-44
-66
-80
-74
-72
-55
-29
-28
-54
-70
-63
-46
-21
-3
-7
-8
-2
4
11
20
30
34
27
21
53
102
121
109
109
107
95
89
87
79
67
63
61
59
75
93
66
16
7
37
11
26
425
1064
1021
-155
-1511
-1759
-760
361
447
-421
-1131
-898
29
710
473
-217
-356
153
603
654
436
65
-452
-963
-955
-164
729
873
344
-213
-332
156
890
1111
522
-345
-623
42
981
1208
565
-371
-933
-712
83
688
591
-30
-702
-1016
-807
-282
110
-10
-582
-969
-650
58
495
399
-35
-435
-500
-231
90
204
106
-32
-82
-42
169
564
811
597
127
-114
1
201
285
229
13
-272
-336
-50
282
268
-67
-373
-450
-354
-141
78
44
-294
-587
-493
-96
275
437
386
165
-69
-84
152
380
390
272
185
154
168
251
318
226
26
-71
-1
116
155
84
-92
-308
-409
-296
-60
107
100
-41
-219
-316
-258
-90
55
85
13
-82
-114
-51
49
108
107
66
11
-11
20
54
14
-88
-165
-146
-57
14
-2
-115
-262
-344
-299
-160
-32
7
-56
-160
-207
-146
-15
110
178
193
176
141
119
149
209
239
195
123
98
134
175
161
84
-14
-56
-22
33
47
5
-61
-116
-144
-141
-113
-81
-70
-85
-122
-152
-135
-70
15
88
126
122
94
100
160
220
215
160
115
115
124
116
99
70
16
-48
-83
-66
-32
-45
-114
-188
-198
-133
-60
-65
-147
-222
-225
-152
-47
51
107
87
-1
-70
-36
77
180
192
110
5
-36
18
101
116
26
-91
-150
-120
-35
28
3
-113
-242
-295
-216
-46
97
119
17
-106
-137
-53
33
17
-77
-121
-25
147
237
193
103
81
165
276
303
234
155
133
148
124
51
3
16
25
-39
-155
-224
-192
-110
-75
-137
-233
-262
-171
-25
68
56
-24
-90
-86
-24
28
23
-8
-9
20
56
75
66
27
-16
-6
67
125
85
-22
-92
-79
-21
15
8
-19
-34
-38
-57
-89
-93
-49
18
71
95
92
65
31
25
62
113
135
106
47
7
22
69
96
77
30
3
25
62
52
-18
-93
-110
-74
-38
-31
-30
-23
-30
-61
-93
-93
-67
-51
-60
-78
-69
-39
-15
-20
-37
-34
-3
37
66
69
52
15
-19
-37
-33
-12
3
-3
-24
-28
12
65
75
18
-61
-81
-25
56
86
39
-35
-66
-30
34
60
27
-17
-18
22
55
49
20
4
14
30
30
18
13
15
1
-32
-63
-56
-19
18
20
-14
-40
-30
14
59
74
60
41
23
0
-24
-24
11
52
59
28
-12
-29
-22
-7
0
3
5
8
6
-3
-16
-34
-44
-44
-36
-26
-18
-20
-28
-35
-34
-24
-11
-3
-2
-6
-9
-4
7
20
29
29
17
1
-3
9
32
48
39
8
-21
-24
7
34
24
-19
-59
-62
-34
-10
-10
-29
-40
-35
-21
-13
-9
-1
9
16
21
29
44
54
48
26
4
-3
13
30
25
5
-15
-17
-3
10
11
3
-4
-5
2
12
13
5
-10
-26
-25
-10
11
19
7
-10
-13
1
21
32
29
15
-3
-10
-5
7
12
4
-10
-21
-20
-10
-2
0
-1
-3
-1
1
-3
-11
-16
-20
-20
-17
-11
-6
-2
-4
-13
-20
-19
-9
4
8
2
-8
-10
-5
5
10
13
14
19
19
11
5
0
3
6
7
8
6
3
0
-4
-5
-6
-4
-4
-3
-1
0
2
2
0
-1
1
4
7
7
6
5
4
6
6
2
2
1
3
4
4
2
-1
-2
-1
1
2
0
0
-2
-3
-4
-4
-4
-3
-4
-5
-6
-6
-6
-5
-4
-2
-3
-3
-3
-1
1
4
3
1
0
2
4
2
1
0
-1
0
1
1
0
-1
-2
-2
-4
-3
-4
-5
-5
-6
-4
-3
-4
-3
-2
-3
-2
-1
1
3
2
3
1
3
5
8
6
7
9
9
11
8
9
8
6
5
3
2
2
3
2
0
0
-3
-3
-4
-6
-5
-3
-3
-5
-2
-2
0
0
-1
-3
-3
-2
-1
-1
-1
-3
-4
-4
0
2
2
-2
-6
-5
-5
-4
-4
-6
-5
-2
-1
-1
-4
-4
-3
-2
2
4
3
2
0
1
3
5
7
8
6
7
5
4
5
5
5
5
4
3
3
2
0
0
-2
-4
-2
-5
-3
-3
-3
-4
-4
-5
-3
-1
-2
-2
-1
1
2
0
-3
-2
2
4
4
1
0
0
1
0
2
5
6
5
4
3
4
3
3
1
-1
0
0
0
-2
-3
-5
-3
-3
-2
-1
-3
-3
-4
-6
-5
-3
-1
-1
-1
-1
-1
0
-1
-3
-5
-2
-1
-1
-2
-2
-1
2
2
1
-1
1
3
4
2
1
-1
-1
-1
0
0
1
0
-2
-3
-4
-3
-1
1
2
2
2
3
3
5
4
1
3
1
4
5
4
2
2
3
7
6
5
4
4
5
3
1
1
0
-4
-3
-2
0
1
0
-2
-2
