-1
-2
0
1
1
2
2
2
1
0
0
-2
0
-1
1
3
4
4
3
3
5
4
4
5
4
3
4
4
4
4
5
4
4
4
4
4
2
2
2
3
2
2
1
1
1
-1
0
-2
-4
-3
-2
-3
-3
-4
-4
-5
-6
-6
-5
-6
-7
-7
-7
-9
-10
-9
-10
-10
-10
-10
-6
-7
-5
-5
-5
-4
-3
-2
-1
0
2
1
1
1
1
3
4
4
7
8
9
9
8
7
6
6
6
7
6
6
6
5
6
5
3
4
3
2
3
4
4
5
5
5
4
4
6
4
16
23
9
-12
-19
-6
11
14
3
-14
-23
-23
-10
4
5
-8
-17
-22
-20
-8
2
5
-8
-21
-25
-18
-4
6
7
-3
-13
-8
4
7
6
6
8
6
4
6
10
12
13
18
18
13
3
3
7
6
8
11
8
1
-7
-5
3
6
1
-4
-14
-25
-25
-12
-1
-11
-18
-22
-34
-33
-26
-7
9
3
-15
-28
-30
-21
10
41
33
2
-6
8
28
83
185
208
93
-44
-97
-13
115
126
15
-127
-227
-235
-78
86
60
-51
-151
-214
-154
-4
111
105
-24
-179
-232
-128
38
139
148
37
-86
-46
102
217
249
240
196
90
52
100
159
225
222
191
149
57
-9
-10
57
75
19
-24
-131
-242
-257
-171
-60
-81
-202
-304
-357
-323
-301
-323
-321
-306
-234
-195
-216
-171
-92
41
124
121
242
416
469
382
251
265
376
448
410
258
139
92
113
184
165
47
-85
-184
-225
-234
-224
-246
-348
-486
-592
-556
-403
-300
-347
-500
-585
-495
-289
-117
-88
-100
-66
13
171
332
437
500
574
669
758
788
761
703
667
690
659
632
576
421
249
163
187
176
118
10
-111
-121
-142
-220
-319
-433
-548
-282
908
1783
981
-741
-1425
-283
1109
1331
638
-305
-1186
-1468
-691
531
716
-254
-1156
-1684
-1734
-1095
-143
129
-843
-2062
-2392
-1951
-1264
-697
-641
-1227
-1838
-1619
-858
-442
-404
-198
156
150
-112
-51
378
803
1172
1671
1971
1664
1190
1141
1530
1930
2165
2285
1932
1158
669
921
1587
1891
1667
1171
536
70
62
465
766
407
-265
-657
-816
-814
-562
-220
-258
-772
-1157
-1172
-1048
-878
-694
-598
-810
-1246
-1373
-1007
-646
-602
-613
-584
-692
-816
-629
-272
-91
-87
-85
-34
-101
-207
-33
290
399
223
-24
-108
-149
-68
257
338
169
-108
-197
-100
-34
1010
2514
2527
777
-883
-383
1398
2198
1777
867
-238
-1147
-1038
398
1449
796
-428
-1314
-1725
-1478
-529
405
31
-1500
-2601
-2531
-1828
-1030
-537
-834
-1752
-2222
-1645
-817
-527
-379
54
224
-125
-362
11
716
1221
1657
2037
1877
1314
1015
1339
1955
2313
2427
2300
1657
890
779
1413
2076
2066
1538
945
306
-97
107
578
684
114
-631
-1043
-1279
-1227
-829
-501
-637
-1292
-1843
-1832
-1547
-1140
-776
-783
-1187
-1695
-1695
-1165
-640
-317
-291
-602
-960
-940
-464
91
291
133
-118
-237
-246
-80
400
705
568
209
-23
19
101
271
496
573
425
14
-219
-196
-110
1395
3532
3308
593
-1748
-792
1942
3065
2309
971
-518
-1801
-1610
545
2267
1255
-721
-1993
-2487
-1917
-276
1239
570
-2017
-3770
-3301
-1965
-801
-274
-925
-2305
-3009
-2066
-705
-336
-315
120
173
-458
-798
-129
961
1480
1869
2336
2111
1401
1122
1639
2474
2864
2989
2875
1963
938
936
1961
2835
2614
1747
1086
462
34
348
894
914
126
-793
-1246
-1428
-1282
-680
-326
-809
-1853
-2486
-2167
-1687
-1397
-1139
-1241
-1878
-2503
-2334
-1518
-842
-694
-950
-1357
-1687
-1566
-808
89
257
-175
-492
-589
-539
-65
662
969
745
224
112
335
559
849
1015
811
409
164
395
607
402
423
340
1756
3751
3333
750
-1499
-285
2762
3767
2292
553
-815
-1623
-1016
1301
2990
1365
-1361
-2724
-2499
-1291
436
1498
189
-2952
-4937
-3896
-1716
-285
-147
-1545
-3501
-4091
-2551
-442
134
-413
-603
-934
-1426
-1045
263
1462
1537
1377
1784
1823
1413
1475
2195
3015
3241
3086
2852
2068
1340
1857
3034
3551
2854
1591
984
667
669
1244
1308
507
-852
-1640
-1246
-778
-770
-821
-1213
-2046
-2732
-2567
-1686
-1410
-1731
-2043
-2468
-2845
-2675
-1726
-792
-891
-1729
-2047
-1615
-1011
-452
58
202
-334
-795
-545
155
743
991
964
645
279
261
777
1219
1225
887
561
427
357
580
800
713
299
453
2083
3671
2893
327
-983
486
2759
3161
1942
400
-990
-1605
-564
1617
2376
557
-1832
-2814
-2322
-927
643
1040
-804
-3677
-4834
-3462
-1233
-19
-539
-2422
-4171
-4007
-1935
-81
110
-595
-1170
-1474
-1442
-569
836
1506
1274
1122
1444
1755
1745
1932
2634
3051
2989
2980
2891
2531
2289
2726
3459
3421
2472
1809
1883
1754
1206
847
646
154
-525
-870
-846
-1078
-1510
-1687
-1668
-1877
-2435
-2511
-2092
-2188
-2579
-2514
-2350
-2499
-2591
-2202
-1533
-1316
-1584
-1644
-1345
-1009
-669
-83
309
29
-390
-223
322
758
1085
1156
847
379
444
995
1365
1261
1002
887
673
527
642
807
663
618
1018
2242
3223
2282
324
-646
587
2538
2773
1236
-348
-1244
-1260
-295
1170
1663
-130
-2389
-2974
-2010
-633
209
-113
-1699
-3729
-4481
-3181
-1362
-635
-1380
-2975
-4053
-3534
-1712
-121
-89
-920
-1292
-1274
-950
-34
1047
1547
1363
1370
2029
2400
2275
2398
2924
3477
3622
3563
3656
3404
2892
3084
3699
3904
3315
2385
1848
1479
1153
1121
997
330
-636
-1349
-1290
-1081
-1350
-1636
-1931
-2470
-2922
-2838
-2348
-2252
-2729
-3019
-3068
-3170
-2961
-2279
-1555
-1513
-2104
-2262
-1692
-964
-370
-39
-138
-537
-729
-310
417
844
993
931
542
206
429
1057
1456
1320
941
694
614
604
630
913
1208
1267
1870
2852
2690
1060
-337
342
2373
3035
1558
-260
-1037
-953
-415
714
1523
398
-1899
-2949
-2160
-767
85
-90
-1333
-3239
-4336
-3428
-1602
-672
-1138
-2458
-3617
-3627
-2179
-293
304
-544
-1349
-1348
-928
-205
940
1821
1639
1126
1494
2457
2934
2833
2889
3296
3584
3666
3874
3854
3275
2985
3613
4238
3749
2496
1695
1653
1642
1398
961
176
-853
-1497
-1266
-830
-1135
-1925
-2516
-2944
-3176
-2938
-2462
-2486
-3242
-3855
-3753
-3311
-2907
-2571
-2299
-2237
-2424
-2255
-1535
-1020
-872
-709
-490
-307
-275
-138
330
628
738
938
1063
1027
879
921
1264
1428
1381
1420
1252
926
625
764
1477
1844
2057
2712
2799
1534
93
193
1937
2933
1809
129
-856
-1018
-538
367
1100
428
-1569
-2788
-2347
-1238
-321
-316
-1408
-3054
-4119
-3578
-2077
-1163
-1361
-2332
-3387
-3540
-2380
-662
141
-416
-1238
-1432
-990
-166
893
1774
1779
1202
1251
2202
3169
3436
3215
3131
3229
3522
4058
4290
3917
3375
3373
3892
3829
3031
2438
2074
1722
1407
943
360
-418
-1114
-1097
-846
-1163
-1898
-2554
-2890
-2994
-2889
-2590
-2713
-3450
-4006
-3956
-3532
-3033
-2782
-2846
-2919
-2774
-2376
-1826
-1411
-1346
-1326
-1066
-721
-257
200
308
204
212
661
1295
1368
1114
996
1002
1224
1449
1529
1508
1177
791
892
1411
1734
1995
2834
3339
2265
399
-146
1482
3141
2622
757
-710
-1143
-774
66
1116
1076
-782
-2611
-2745
-1671
-460
72
-661
-2459
-4074
-4058
-2458
-1029
-1017
-2040
-3239
-3759
-2874
-1037
197
-82
-1064
-1481
-1203
-528
636
1853
2101
1387
1058
1771
2745
3312
3451
3318
3113
3067
3611
4324
4115
3412
3220
3522
3707
3306
2781
2399
1711
1115
931
639
20
-769
-1202
-1176
-1394
-1860
-2258
-2642
-2999
-3231
-3125
-2993
-3356
-3783
-3858
-3785
-3635
-3358
-3022
-2800
-2724
-2569
-2205
-1790
-1458
-1158
-858
-632
-429
-107
228
325
422
892
1366
1502
1333
1087
1234
1449
1597
1980
1932
1446
1029
785
1360
2160
2236
2544
3125
2896
1713
368
658
2511
3117
1665
-151
-1071
-907
-320
412
1045
148
-2045
-3158
-2479
-1092
-157
-388
-1711
-3592
-4667
-3700
-1769
-854
-1504
-2949
-3983
-3884
-2450
-516
124
-741
-1638
-1736
-1140
-131
1124
2035
1736
956
1200
2315
3268
3623
3537
3336
3137
3350
4208
4676
4124
3474
3481
3774
3767
3385
3017
2521
1542
898
865
638
-61
-852
-1199
-1230
-1566
-1959
-2213
-2733
-3198
-3315
-3118
-2968
-3421
-3960
-3991
-3852
-3621
-3191
-2848
-2682
-2748
-2729
-2322
-1798
-1286
-924
-838
-829
-571
-51
529
746
717
917
1199
1355
1476
1584
1461
1345
1478
1820
1975
1515
978
1203
1829
2216
2938
3664
3142
1271
-244
624
2841
3372
1676
-355
-1493
-1441
-452
902
1437
-133
-2645
-3609
-2599
-958
108
-266
-2152
-4332
-5032
-3559
-1444
-712
-1678
-3316
-4371
-3825
-1813
59
183
-1036
-1833
-1618
-816
344
1594
2197
1592
846
1389
2650
3508
3762
3598
3367
3098
3196
4191
4870
4337
3582
3281
3461
3590
3344
3188
2617
1476
817
671
579
228
-479
-868
-1150
-1727
-1960
-2024
-2419
-2893
-3167
-3143
-3200
-3549
-3651
-3575
-3673
-3600
-3273
-2913
-2737
-2743
-2487
-2101
-1971
-1736
-1245
-892
-662
-476
-180
59
-39
221
963
1409
1322
980
836
1191
1378
1461
1744
1632
1360
1252
1426
1964
2749
3640
3878
2398
408
254
1884
3247
2604
720
-770
-1492
-1254
51
1110
487
-1553
-3239
-3184
-2077
-868
-217
-1122
-3271
-4873
-4449
-2408
-884
-1093
-2410
-3810
-4002
-2472
-395
547
-133
-1220
-1408
-724
373
1666
2456
2187
1517
1459
2365
3498
3931
4300
4419
3602
2978
2982
3660
4523
4302
3614
2805
1676
1575
2360
2989
2613
885
-515
-931
-765
38
580
-114
-1802
-3293
-3201
-2081
-1297
-1388
-2578
-4073
-4770
-3969
-2192
-1415
-2453
-3826
-4334
-3699
-2221
-874
-666
-1755
-2965
-2778
-1181
274
830
229
-871
-1410
-817
830
2238
1908
625
-145
-47
1349
2650
3088
2760
2395
3037
3556
2798
1883
2068
2770
2881
1726
659
267
-267
-515
53
554
-250
-1930
-3069
-2847
-2021
-1329
-1195
-2266
-4066
-5030
-4153
-2292
-1209
-1716
-3061
-4104
-3707
-1802
17
470
-314
-1048
-885
-90
1166
2529
2904
2236
1673
2089
3257
3956
4010
3934
3429
2892
3213
3847
4151
3711
2955
2995
2903
2348
2075
1940
1902
1540
762
284
-173
-526
-196
55
-245
-1000
-1784
-2048
-1953
-1641
-1299
-1544
-2440
-3237
-3370
-2831
-2293
-2205
-2457
-3046
-3442
-3113
-2328
-1768
-1864
-2306
-2428
-2095
-1601
-1068
-769
-802
-1025
-921
-338
264
534
367
223
262
613
948
1481
1961
2236
3550
4688
4284
2538
1137
2082
4454
4988
3219
942
-778
-597
796
2189
2298
49
-2974
-4014
-2776
-754
468
-743
-3538
-5959
-6106
-3728
-1237
-907
-2747
-4990
-5762
-4100
-1181
698
97
-1812
-2738
-1919
-41
1707
2608
2394
1369
916
2128
3830
4535
4186
3410
3112
3196
3632
4347
4206
3222
2383
2454
3154
3172
2604
2083
1358
771
606
723
819
343
-211
-401
-638
-876
-840
-673
-753
-1126
-1477
-1662
-1834
-2002
-1831
-1599
-1843
-2273
-2501
-2540
-2384
-2143
-1933
-1889
-2242
-2596
-2451
-2028
-1647
-1340
-1367
-1694
-1877
-1533
-810
-296
-473
-695
-521
-420
-131
-15
484
1354
2229
3648
4278
3163
1427
1056
2792
4826
4508
2526
559
-568
-58
1449
2751
2167
-554
-3118
-3364
-1777
256
968
-763
-3795
-6004
-5366
-2672
-631
-900
-3019
-5249
-5677
-3557
-466
1047
-80
-2077
-2760
-1716
308
2186
2938
2314
1104
1034
2549
4107
4570
3994
3369
3110
3128
3612
4046
3858
3185
2563
2653
2816
2350
2002
1795
1535
1192
639
301
119
-212
-195
-43
-326
-722
-1051
-1116
-1093
-1086
-951
-1051
-1583
-2071
-2076
-1816
-1717
-1882
-1995
-2247
-2613
-2606
-2243
-1958
-2062
-2374
-2443
-2249
-2020
-1657
-1450
-1585
-1784
-1632
-1151
-785
-650
-514
-385
-460
-659
-447
526
1807
3343
4359
3781
1953
752
1926
4501
5661
4258
1713
-331
-710
706
2863
3582
1504
-1921
-3885
-2997
-553
1343
986
-1867
-5290
-6371
-4270
-1082
225
-1410
-4339
-6158
-5137
-1865
1037
1151
-1126
-3153
-3062
-937
1656
3116
2677
993
34
1227
3496
4777
4376
3035
2131
2134
2983
4211
4423
3241
1874
1376
1890
2654
2749
2389
1558
432
-111
142
765
964
510
-90
-554
-777
-532
-212
-152
-459
-892
-1084
-1216
-1282
-1147
-1033
-1228
-1628
-1932
-1867
-1783
-1910
-1950
-2048
-2336
-2570
-2503
-2181
-1969
-1994
-2018
-2102
-2175
-1929
-1472
-1020
-975
-1197
-1018
-798
-689
-522
-155
586
1580
2946
4143
3858
2183
1248
2273
4323
5031
3764
1824
280
-90
925
2564
2931
1038
-1876
-3321
-2493
-487
966
352
-2299
-5175
-5783
-3688
-981
-163
-1749
-4295
-5608
-4305
-1240
1119
830
-1269
-2727
-2197
-211
1908
2939
2366
1013
616
1922
3709
4353
3620
2607
2108
2275
3085
3773
3476
2329
1218
1153
1773
2085
1936
1408
588
-111
-223
207
577
399
-74
-502
-682
-575
-143
269
67
-430
-755
-840
-704
-558
-504
-591
-1040
-1403
-1316
-1138
-1161
-1395
-1677
-1876
-2038
-2090
-1877
-1784
-1947
-2139
-2153
-1984
-1939
-1883
-1635
-1417
-1321
-1060
-826
-773
-935
-939
-113
1158
2600
3800
3837
2448
1100
1427
3427
5019
4402
2371
295
-644
138
2006
3123
1964
-1012
-3356
-3301
-1471
501
814
-1181
-4299
-6057
-4897
-2032
-172
-815
-3200
-5237
-5088
-2557
513
1566
104
-1925
-2386
-876
1426
3104
3312
2196
1108
1520
3216
4543
4492
3437
2431
2179
2545
3230
3460
2636
1504
851
885
1262
1323
1158
753
-106
-755
-779
-417
-23
19
-163
-476
-872
-838
-333
116
145
-127
-395
-576
-689
-510
-163
-144
-547
-1068
-1267
-1134
-960
-906
-1102
-1579
-1976
-1994
-1807
-1638
-1702
-1916
-2126
-2268
-2054
-1598
-1263
-1252
-1423
-1481
-1299
-1078
-757
-186
700
2157
3502
3668
2385
1026
1383
3320
4738
4242
2398
406
-553
62
1858
3101
2042
-964
-3420
-3455
-1562
542
935
-1058
-4288
-6267
-5240
-2191
-24
-564
-3121
-5375
-5155
-2481
643
1776
393
-1619
-2241
-863
1641
3609
3867
2626
1367
1776
3612
5086
5086
3842
2538
2148
2703
3531
3609
2457
954
245
496
1020
1049
548
-230
-1059
-1443
-1164
-621
-358
-599
-1025
-1260
-1257
-896
-328
-15
-131
-488
-695
-608
-382
-101
59
-136
-519
-758
-711
-509
-430
-581
-928
-1335
-1566
-1418
-1179
-1302
-1617
-1875
-1943
-1757
-1591
-1449
-1342
-1503
-1542
-1202
-921
-715
-529
-43
1390
2999
3632
2840
1315
940
2422
4157
4519
3195
1005
-506
-513
1021
2772
2650
212
-2684
-3746
-2423
-94
1070
-200
-3304
-5860
-5789
-3268
-629
-224
-2185
-4711
-5510
-3586
-369
1531
985
-935
-2164
-1520
563
2847
3931
3176
1750
1544
3016
4860
5416
4429
2944
2067
2361
3460
4047
3196
1360
-42
-39
749
1214
848
-291
-1547
-2069
-1648
-811
-389
-728
-1321
-1719
-1698
-1150
-409
-47
-279
-768
-1011
-808
-369
101
362
177
-298
-565
-436
-116
134
88
-240
-719
-1047
-959
-684
-703
-1072
-1455
-1573
-1394
-1144
-1002
-1079
-1318
-1497
-1334
-860
-449
-197
69
909
2407
3412
2858
1364
673
1740
3439
3893
2850
1045
-607
-1132
-98
1646
2123
250
-2598
-4059
-3273
-1195
256
-306
-2811
-5444
-5910
-3894
-1249
-214
-1523
-3853
-4970
-3634
-695
1449
1305
-223
-1365
-1141
384
2433
3798
3605
2429
1976
3085
4658
5242
4609
3482
2616
2579
3421
4099
3464
1621
142
172
1058
1551
1106
-222
-1736
-2375
-1732
-426
88
-718
-1840
-2309
-1862
-793
99
82
-780
-1609
-1491
-665
33
217
-138
-815
-1278
-983
-189
231
-113
-705
-1056
-1123
-978
-596
-351
-791
-1606
-1975
-1556
-902
-565
-671
-977
-1431
-1663
-1334
-599
258
888
1655
2585
3021
2284
1192
1102
2438
3857
3791
2430
606
-578
-627
521
1741
1505
-602
-3027
-3886
-2890
-1000
-12
-924
-3526
-5796
-5760
-3528
-1154
-577
-2003
-4036
-4680
-3097
-210
1684
1396
-74
-983
-532
956
2644
3566
3270
2413
2405
3590
4736
4783
3995
3236
2956
3183
3643
3611
2564
1032
276
722
1489
1530
691
-648
-1839
-2080
-1283
-302
-161
-984
-1958
-2224
-1640
-612
168
-49
-1017
-1707
-1495
-646
53
60
-495
-1172
-1529
-1062
-186
217
-208
-973
-1388
-1238
-810
-472
-466
-942
-1565
-1894
-1564
-1027
-746
-864
-1141
-1339
-1314
-1174
-773
57
1015
2332
3407
3368
1984
610
891
2977
4593
4148
2258
95
-982
-477
1356
2752
1883
-1107
-3709
-4062
-2360
-211
520
-1085
-4377
-6645
-5913
-3016
-630
-605
-2616
-4716
-5024
-2832
459
2062
1110
-714
-1408
-375
1578
3284
3836
2946
1826
2168
3850
5163
4902
3642
2654
2578
3377
4316
4154
2462
418
-215
855
2080
2180
974
-855
-2220
-2225
-967
267
131
-1226
-2445
-2638
-1725
-448
256
-173
-1353
-2134
-1797
-789
-47
-53
-713
-1497
-1755
-1148
-198
198
-291
-1078
-1529
-1382
-881
-436
-466
-1029
-1666
-1838
-1453
-1049
-865
-941
-981
-1031
-1160
-1302
-1055
-184
1149
2708
3720
3478
1777
266
676
3001
4918
4587
2315
-226
-1420
-616
1790
3548
2651
-754
-3803
-4167
-1980
607
1393
-533
-4089
-6429
-5686
-2661
-293
-365
-2409
-4536
-4899
-2845
248
1865
1037
-833
-1600
-742
1015
2694
3350
2683
1689
1874
3296
4428
4189
3220
2547
2534
2983
3423
3246
2083
665
263
964
1694
1609
724
-399
-1273
-1429
-721
30
-72
-874
-1573
-1601
-1186
-684
-306
-433
-993
-1364
-1161
-701
-519
-713
-901
-1069
-1151
-920
-557
-389
-691
-1127
-1237
-1081
-954
-829
-830
-1006
-1237
-1445
-1352
-1237
-1160
-942
-681
-739
-1092
-1468
-1294
-405
952
2719
3941
3553
1595
-76
433
2852
4705
4418
2329
-210
-1626
-1052
1253
3164
2502
-518
-3313
-3922
-2243
151
1284
-119
-3481
-6006
-5469
-2613
-186
-2
-1850
-3978
-4570
-2748
263
1957
1301
-431
-1355
-782
816
2500
3313
2783
1943
2150
3281
4053
3728
2910
2377
2334
2709
3160
2879
1652
411
213
956
1551
1378
562
-489
-1244
-1210
-522
55
-126
-840
-1331
-1276
-834
-379
-251
-540
-977
-1127
-826
-456
-373
-559
-818
-1018
-1050
-835
-455
-308
-596
-1029
-1264
-1200
-1063
-968
-1014
-1194
-1482
-1666
-1665
-1542
-1318
-1034
-842
-1015
-1424
-1684
-1300
-286
1288
3007
3857
2822
554
-591
862
3603
4894
3777
1265
-980
-1731
-316
2252
3455
1646
-1811
-3946
-3364
-942
1233
1304
-1315
-4791
-6170
-4326
-1224
383
-473
-2780
-4589
-4157
-1364
1537
2188
669
-922
-1074
128
1920
3403
3605
2598
1942
2744
4177
4665
3891
2826
2297
2474
3153
3583
2909
1321
99
197
1124
1690
1306
199
-1037
-1694
-1398
-515
-9
-441
-1368
-1990
-1855
-1174
-537
-466
-995
-1592
-1682
-1279
-805
-570
-667
-984
-1251
-1179
-756
-323
-281
-603
-955
-1131
-1100
-989
-953
-1034
-1228
-1447
-1520
-1469
-1410
-1349
-1272
-1208
-1284
-1508
-1470
-867
306
1867
3159
3109
1480
-224
16
2188
4114
4134
2438
238
-1181
-819
1231
3137
2727
90
-2535
-3178
-1632
694
1814
361
-2916
-5270
-4718
-2151
-46
33
-1654
-3710
-4321
-2509
435
2004
1262
-384
-1110
-421
1158
2830
3536
2901
2059
2319
3530
4399
4178
3368
2701
2545
3018
3594
3362
2112
748
343
919
1567
1519
635
-719
-1786
-1856
-1066
-382
-623
-1641
-2521
-2627
-2050
-1273
-916
-1261
-1961
-2392
-2164
-1498
-972
-890
-1207
-1598
-1595
-1041
-275
129
-134
-722
-951
-615
-189
-212
-677
-1096
-1118
-828
-517
-477
-833
-1291
-1375
-1027
-669
-644
-802
-585
563
2408
3539
2560
156
-1062
355
2876
4088
3249
1174
-855
-1466
93
2644
3605
1820
-1165
-2999
-2428
102
2444
2058
-1322
-4753
-5129
-2653
-29
667
-843
-3431
-4937
-3590
-239
2063
1515
-614
-2019
-1679
141
2415
3526
2569
845
616
2294
4129
4564
3635
2282
1540
2155
3730
4596
3587
1537
284
578
1704
2561
2370
920
-1032
-2065
-1474
-131
436
-376
-1900
-3011
-2977
-1928
-812
-697
-1720
-2896
-3185
-2487
-1482
-883
-1048
-1826
-2470
-2197
-1058
6
170
-472
-1216
-1454
-993
-127
495
390
-291
-880
-917
-537
-151
-20
-178
-495
-763
-803
-602
-201
579
1801
2794
2526
897
-725
-738
956
2883
3399
1976
-370
-1808
-1158
1002
2774
2642
700
-1654
-2690
-1516
962
2427
1217
-1849
-4214
-4106
-1938
369
902
-788
-3148
-3886
-2298
74
1285
824
-493
-1524
-1354
123
1814
2328
1561
781
1039
2130
3113
3248
2483
1560
1499
2518
3636
3716
2678
1438
945
1474
2512
3066
2376
706
-757
-1001
-130
846
932
-111
-1618
-2492
-2094
-894
-118
-572
-1911
-3046
-3160
-2315
-1273
-882
-1445
-2446
-2927
-2351
-1148
-286
-341
-1087
-1833
-1988
-1391
-444
123
-106
-828
-1334
-1217
-642
-86
82
-171
-583
-862
-917
-804
-510
4
668
1311
1660
1356
379
-508
-261
1209
2675
2776
1350
-445
-1107
-8
1954
2995
2162
306
-914
-686
543
1752
1974
812
-1054
-2165
-1697
-330
575
339
-735
-1824
-2053
-1145
78
388
-390
-1196
-1126
-410
160
164
-190
-312
278
1357
2032
1689
755
227
639
1733
2772
2978
2116
894
463
1248
2517
3155
2636
1304
60
-236
560
1608
1806
866
-427
-1069
-768
-59
274
-166
-1118
-1894
-1983
-1500
-1062
-1172
-1785
-2378
-2433
-1898
-1244
-1040
-1433
-2047
-2347
-2069
-1385
-798
-761
-1239
-1734
-1789
-1402
-890
-530
-449
-641
-956
-1170
-1134
-864
-484
-166
-73
-195
-327
-243
145
747
1317
1512
1180
675
594
1153
1960
2417
2213
1536
981
1135
1952
2695
2651
1870
1045
788
1139
1610
1597
906
-18
-510
-351
81
228
-171
-918
-1477
-1395
-788
-319
-517
-1212
-1742
-1614
-899
-154
17
-487
-1107
-1146
-482
351
728
467
-88
-350
45
891
1554
1584
1099
578
414
691
1186
1491
1293
686
121
-30
230
592
717
466
-36
-475
-592
-389
-99
-2
-225
-643
-940
-882
-552
-262
-234
-459
-786
-1021
-989
-696
-407
-401
-665
-938
-1036
-984
-894
-826
-800
-838
-952
-1123
-1281
-1326
-1204
-968
-753
-676
-779
-995
-1117
-933
-451
83
416
479
390
361
551
913
1246
1410
1466
1535
1624
1670
1654
1637
1688
1784
1829
1718
1446
1101
816
698
781
924
874
501
-40
-429
-490
-323
-171
-264
-667
-1203
-1525
-1381
-897
-499
-534
-946
-1350
-1370
-952
-357
37
13
-293
-499
-327
128
509
580
399
192
153
312
531
616
467
232
157
313
516
535
319
37
-91
30
296
470
368
49
-230
-226
70
416
553
426
189
43
90
299
508
544
381
161
48
35
-11
-152
-324
-427
-469
-566
-798
-1098
-1301
-1312
-1189
-1065
-1074
-1273
-1568
-1746
-1657
-1373
-1090
-930
-888
-894
-851
-652
-301
72
343
488
546
561
618
805
1094
1322
1355
1245
1142
1123
1147
1146
1114
1101
1114
1089
962
757
566
445
375
307
195
0
-247
-415
-391
-250
-188
-294
-480
-596
-562
-376
-120
56
48
-83
-154
-50
155
308
314
213
123
138
235
306
245
60
-120
-150
-9
149
121
-122
-389
-463
-306
-67
50
-78
-371
-543
-372
28
318
316
152
59
154
417
725
890
798
567
441
530
695
728
549
236
-44
-169
-169
-201
-374
-640
-860
-949
-934
-932
-1047
-1275
-1490
-1568
-1516
-1424
-1360
-1345
-1354
-1342
-1266
-1115
-893
-627
-364
-172
-66
-3
85
254
487
713
845
870
852
853
891
966
1094
1244
1332
1288
1112
889
744
757
877
937
797
499
232
159
262
377
355
177
-40
-145
-65
130
286
306
222
164
216
337
405
351
240
181
206
246
208
53
-150
-276
-256
-166
-163
-321
-559
-727
-745
-656
-579
-603
-724
-851
-866
-730
-530
-387
-352
-366
-344
-252
-100
73
206
264
271
284
335
406
473
512
496
416
287
162
78
39
35
35
-15
-157
-367
-549
-617
-589
-555
-597
-708
-819
-861
-818
-725
-642
-609
-589
-508
-333
-123
23
64
50
65
161
328
504
599
563
454
395
483
688
878
919
774
537
363
360
504
643
606
368
77
-57
44
261
386
285
16
-214
-222
-3
281
428
360
170
35
74
257
444
493
376
194
75
69
123
145
96
-2
-102
-180
-249
-320
-394
-451
-489
-534
-619
-739
-834
-836
-730
-591
-511
-533
-611
-639
-535
-307
-67
58
36
-49
-63
70
297
495
559
493
382
332
378
463
505
460
361
269
203
143
61
-33
-109
-157
-191
-242
-319
-389
-412
-377
-319
-285
-286
-294
-263
-176
-59
38
77
65
39
43
102
191
250
232
141
45
31
126
262
320
224
23
-142
-147
-4
143
132
-60
-290
-360
-203
52
176
54
-204
-364
-265
29
309
396
272
94
42
185
432
615
620
473
309
246
302
393
424
365
262
181
138
105
52
-32
-128
-212
-272
-312
-345
-389
-444
-487
-485
-426
-346
-308
-343
-403
-404
-293
-118
28
76
36
-5
29
154
309
412
420
343
233
155
142
185
239
239
152
3
-143
-227
-236
-214
-219
-273
-348
-399
-403
-384
-373
-372
-343
-261
-151
-80
-87
-146
-180
-129
-6
127
198
183
102
5
-49
-17
102
242
302
208
3
-177
-203
-61
122
179
40
-209
-371
-308
-61
177
217
40
-189
-260
-91
215
454
493
365
223
218
385
633
811
827
704
550
469
489
562
608
574
465
333
226
163
124
66
-30
-149
-256
-329
-382
-436
-501
-552
-571
-557
-534
-510
-487
-464
-434
-405
-376
-349
-314
-262
-197
-140
-112
-115
-121
-104
-65
-32
-39
-81
-131
-149
-131
-110
-123
-177
-239
-267
-247
-199
-156
-155
-182
-200
-176
-112
-41
13
54
101
171
247
298
311
300
306
353
434
502
505
426
304
226
250
340
394
331
160
-19
-106
-64
34
72
-15
-186
-322
-326
-203
-63
-24
-109
-236
-269
-148
61
226
264
193
118
131
245
387
478
484
439
393
364
349
344
341
333
304
239
144
47
-24
-63
-93
-145
-218
-294
-353
-390
-416
-440
-467
-484
-481
-463
-432
-399
-374
-352
-329
-304
-273
-231
-183
-141
-119
-121
-141
-167
-173
-145
-99
-66
-75
-130
-199
-241
-223
-154
-88
-77
-129
-193
-206
-140
-24
72
101
74
52
95
211
346
438
458
428
408
440
529
623
672
650
570
476
422
432
475
485
410
256
84
-32
-55
-17
0
-73
-230
-398
-482
-445
-334
-246
-262
-369
-464
-451
-308
-117
5
5
-73
-119
-59
94
243
302
260
178
130
150
204
241
226
169
100
44
3
-29
-55
-74
-99
-134
-183
-229
-254
-246
-217
-196
-203
-221
-224
-195
-140
-89
-63
-63
-66
-48
-11
28
51
50
37
26
23
18
-4
-40
-72
-86
-89
-101
-143
-206
-257
-268
-235
-195
-185
-219
-257
-247
-175
-74
1
26
17
25
95
218
346
415
409
365
348
402
510
612
634
554
417
320
326
416
489
442
259
36
-100
-88
-1
32
-73
-281
-465
-517
-438
-332
-306
-386
-496
-527
-445
-300
-181
-142
-162
-178
-139
-38
78
153
166
135
106
113
153
197
215
191
138
83
52
57
79
89
56
-13
-85
-121
-101
-47
3
1
-53
-113
-126
-68
34
125
154
120
62
34
71
158
236
259
208
118
49
35
68
97
82
18
-74
-149
-187
-199
-212
-245
-289
-328
-355
-371
-390
-404
-393
-352
-301
-265
-261
-267
-242
-163
-46
59
114
110
92
107
188
315
421
453
401
311
263
296
390
462
436
312
152
51
57
130
169
104
-54
-210
-271
-217
-119
-74
-127
-232
-301
-268
-152
-28
27
5
-47
-64
-13
84
161
179
146
102
88
112
148
161
139
95
61
49
56
57
35
-3
-39
-52
-51
-49
-61
-87
-106
-108
-95
-83
-79
-81
-79
-62
-34
-10
2
0
7
22
43
61
62
55
43
32
18
0
-21
-39
-60
-89
-131
-181
-220
-236
-234
-239
-267
-315
-348
-331
-275
-219
-205
-232
-251
-218
-121
-4
72
82
51
46
108
218
324
373
353
296
263
284
346
406
416
365
282
208
184
213
253
255
193
91
10
-11
26
70
74
22
-52
-101
-98
-56
-10
2
-24
-71
-97
-88
-50
-8
9
-5
-36
-56
-48
-21
5
9
-14
-42
-54
-49
-37
-42
-69
-101
-122
-125
-115
-117
-137
-162
-178
-169
-146
-126
-118
-123
-124
-110
-79
-43
-16
-1
10
21
37
59
81
98
104
98
82
68
63
67
71
60
34
2
-22
-31
-30
-29
-43
-64
-84
-89
-78
-67
-58
-59
-66
-64
-52
-30
-8
6
11
14
23
41
68
92
101
97
90
93
110
127
136
127
106
91
87
97
107
98
73
45
27
29
40
45
32
9
-11
-12
-4
5
4
-5
-15
-21
-20
-14
-13
-17
-22
-23
-22
-24
-28
-35
-46
-52
-51
-47
-49
-59
-76
-90
-91
-86
-79
-78
-89
-103
-111
-107
-90
-75
-67
-71
-81
-82
-63
-33
-6
5
2
-2
3
23
51
74
82
79
72
74
82
93
101
99
90
79
71
65
63
60
55
47
34
24
16
11
6
4
1
-6
-14
-19
-20
-18
-18
-18
-19
-26
-29
-31
-28
-22
-21
-24
-27
-27
-27
-26
-24
-25
-26
-23
-20
-17
-16
-18
-18
-16
-10
0
1
-1
-2
0
8
18
22
21
16
13
16
27
32
32
28
21
19
21
27
31
27
17
7
2
7
12
10
0
-13
-25
-27
-21
-15
-17
-27
-39
-44
-37
-23
-11
-12
-20
-27
-25
-9
7
17
16
9
3
6
18
28
31
25
16
11
13
20
27
23
14
7
3
5
6
7
6
-1
-8
-12
-12
-12
-13
-13
-15
-18
-19
-18
-20
-20
-22
-20
-20
-22
-21
-17
-14
-9
-8
-7
-4
-3
1
7
6
2
-2
-3
2
5
5
1
-10
-14
-11
-2
6
5
-1
-6
-5
6
20
27
26
20
18
20
27
36
39
37
30
24
25
29
29
25
19
14
15
16
12
9
1
-5
-5
-4
-3
-4
-10
-17
-21
-21
-20
-20
-22
-28
-31
-32
-30
-24
-22
-24
-23
-22
-19
-13
-10
-9
-8
-6
-4
-2
-1
-1
0
0
4
5
1
2
2
2
4
5
4
0
0
0
1
4
4
3
1
0
2
3
5
4
1
0
1
7
11
13
10
5
4
8
10
13
10
5
5
8
10
9
4
-1
-3
-2
1
3
1
-4
-6
-5
-2
2
1
-1
-2
-4
0
3
5
3
0
-2
-2
2
5
6
4
0
-2
-2
1
1
1
0
-3
-4
-6
-3
-1
-4
-7
-9
-9
-7
-6
-5
-7
-11
-10
-8
-3
-3
-4
-7
-8
-8
-3
1
1
-2
-5
-5
-2
-1
0
1
-1
-4
-1
2
4
5
4
4
5
7
9
9
7
6
6
6
6
7
7
6
6
3
5
6
4
7
8
7
5
5
5
6
5
5
4
0
-4
-4
-2
-2
-2
-4
-6
-7
-6
-6
-5
-6
-10
-11
-11
-7
-6
-6
-9
-12
-10
-6
-4
-1
-5
-6
-7
-6
-5
-2
-1
-4
-6
-4
-3
-1
-1
1
2
0
1
3
7
7
6
5
3
5
8
12
12
10
8
7
6
9
11
13
13
10
9
7
7
8
9
10
6
2
1
2
3
3
2
-2
-5
-8
-8
-5
-5
-5
-6
-8
-8
-7
-6
-4
-6
-9
-7
-5
-3
-1
-4
-5
-5
-3
-2
-1
0
-1
-2
-4
-5
-4
-6
-8
-7
-8
-7
-8
-9
-7
-8
-11
-10
-8
-5
-5
-6
-6
-6
-6
-3
0
1
-2
-1
-2
-1
1
3
5
5
5
7
10
13
14
13
12
12
13
14
15
15
12
10
10
10
11
11
11
10
11
12
12
11
9
8
8
8
9
9
8
6
3
0
1
1
0
1
-2
-5
-8
-8
-9
-11
-13
-14
-17
-18
-17
-16
-17
-18
-18
-17
-16
-17
-17
-17
-18
-19
-17
-15
-14
-11
-10
-9
-9
-8
-6
-3
-2
0
2
5
2
1
1
2
3
5
9
9
9
7
4
1
0
2
5
6
6
4
0
-2
1
8
12
14
12
8
7
9
14
18
17
14
10
10
15
20
20
17
13
8
10
14
16
15
10
6
4
5
5
7
5
2
-3
-4
-2
-1
0
1
-1
-5
-4
-2
-1
-3
-3
-7
-8
-9
-8
-5
-6
-7
-9
-11
-12
-10
-7
-7
-10
-11
-13
-13
-13
-15
-13
-13
-13
-14
-13
-14
-13
-12
-11
-9
-8
-5
-4
-4
-6
-3
-1
0
3
4
5
4
7
10
12
14
13
12
13
11
11
14
15
14
13
10
9
11
13
12
12
7
5
3
3
5
7
6
0
-2
-2
0
2
1
-2
-5
-7
-6
-3
-2
-6
-9
-11
-12
-9
-6
-3
-6
-10
-12
-9
-8
-7
-7
-7
-8
-7
-5
-1
0
-1
0
1
1
4
7
9
11
8
8
9
9
7
8
9
9
5
4
4
4
4
4
4
1
-1
-1
-1
-1
-2
-1
-2
-4
-3
-5
-7
-6
-5
-3
-3
-4
-4
-4
-5
-4
-4
-3
-3
-2
-1
-2
-1
0
-2
-3
-2
-1
1
2
2
3
2
1
1
1
1
2
1
1
-2
-4
-4
-3
-1
-1
-4
-5
-5
-3
-1
1
2
0
-4
-4
-1
2
2
0
-2
-6
-4
-2
-1
-1
-3
-6
-5
-3
-1
2
1
0
1
0
1
4
5
5
6
7
8
8
8
9
9
12
11
12
14
13
11
10
11
11
11
9
8
6
5
4
5
2
1
0
0
1
3
0
-2
-3
-4
-5
-6
-6
-7
-9
-12
-13
-14
-14
-13
-12
-14
-16
-16
-16
-14
-14
-15
-16
-15
-14
-13
-12
-11
-8
-7
-8
-7
-4
-3
-1
1
1
2
2
2
6
6
7
7
9
10
10
10
14
14
14
13
12
13
14
12
11
9
7
6
9
8
8
7
5
3
1
1
2
3
2
1
0
2
3
4
4
2
2
-1
-4
1
10
12
10
6
5
4
2
6
16
11
-3
-14
-16
-22
-30
-30
-25
-18
-18
-22
-24
-20
-10
-11
-18
-13
2
8
6
4
-1
1
1
-6
-13
-22
-21
-22
-31
-46
-46
-34
-36
-42
-40
-41
-49
-58
-52
-40
-38
-45
-48
-56
-61
-59
-40
-9
3
16
64
111
112
116
194
326
476
585
793
903
286
-911
-1379
-508
389
115
-931
-1402
-795
36
329
349
393
342
287
397
606
844
794
38
-982
-1292
-650
289
679
226
-439
-543
5
710
878
267
-420
-341
401
966
771
26
-612
-782
-491
141
703
717
213
-421
-776
-533
148
581
275
-512
-950
-495
344
588
118
-464
-773
-657
-172
253
213
-261
-781
-914
-583
-99
288
426
155
-281
-357
-36
224
126
-152
-263
-89
250
570
700
517
119
-161
-61
357
735
771
439
-43
-320
-190
184
463
462
233
-6
-61
30
128
161
81
-84
-176
-91
95
217
152
-49
-212
-218
-59
165
257
97
-181
-354
-327
-173
-23
29
-15
-104
-156
-121
-35
-5
-84
-203
-263
-204
-54
53
12
-126
-248
-266
-144
51
161
92
-85
-211
-202
-87
43
115
101
21
-42
-19
56
108
95
42
10
46
126
181
153
55
-32
-25
56
126
124
45
-61
-143
-159
-91
26
117
130
58
-22
-46
5
101
186
235
249
229
181
123
82
71
74
77
62
19
-22
-54
-110
-196
-224
-128
11
41
-56
-135
-111
-63
-69
-105
-115
-115
-142
-163
-106
6
48
-42
-149
-125
-4
71
40
-22
-42
-39
-47
-52
-42
-31
-42
-56
-32
39
104
84
2
-39
6
61
70
49
39
36
24
21
27
-2
-68
-116
-86
8
96
118
67
-18
-78
-60
55
219
310
250
109
44
98
147
86
-41
-118
-104
-46
-13
-44
-113
-152
-119
-34
43
85
84
47
-4
-31
-14
34
69
57
3
-38
-26
26
64
44
-18
-77
-95
-58
7
51
50
3
-77
-154
-164
-94
-19
-13
-63
-93
-72
-29
1
4
-13
-25
4
62
87
51
4
-3
23
46
46
26
-4
-43
-64
-41
6
30
12
-21
-24
15
65
76
39
-13
-48
-51
-25
10
32
31
12
-15
-37
-39
-14
25
56
61
43
10
-13
-8
17
32
33
39
58
67
56
46
40
19
-23
-47
-26
19
35
0
-55
-80
-71
-49
-27
-11
-12
-36
-70
-76
-42
2
21
8
-13
-10
28
79
105
80
21
-30
-28
13
46
36
-5
-42
-56
-45
-30
-19
-18
-26
-35
-35
-26
-13
-7
-11
-20
-17
1
18
23
11
-7
-15
1
25
29
8
-15
-16
3
20
26
26
19
10
0
-5
-1
5
11
15
13
13
18
27
29
21
10
7
11
15
11
4
-1
-3
-4
-10
-10
-5
0
-4
-10
-10
-6
-4
-13
-14
-7
3
6
4
0
-6
-10
-10
-4
-1
-4
-11
-16
-13
-12
-18
-23
-22
-9
3
1
-18
-35
-35
-14
11
21
16
2
-8
-10
-3
6
13
10
0
-4
5
17
28
28
19
4
-6
-3
10
17
9
-8
-14
0
19
25
20
14
11
13
14
16
16
7
-8
-19
-12
6
14
5
-9
-8
6
14
12
4
-4
-8
-12
-9
-4
-5
-13
-22
-26
-22
-15
-12
-15
-16
-13
-7
-3
-3
-5
-8
-9
-7
-2
0
1
-1
-4
-7
-9
-9
-1
7
9
5
1
2
5
7
5
4
6
6
8
12
13
10
5
1
1
5
10
11
9
6
3
1
1
1
1
3
5
6
4
2
0
0
3
7
9
8
6
4
2
1
1
-1
-1
3
4
3
2
-1
-2
1
3
4
2
-3
-5
-4
-2
-2
-4
-6
-8
-6
-6
-6
-8
-11
-11
-10
-9
-7
-7
-8
-7
-8
-10
-11
-8
-6
-5
-4
-5
-6
-7
-4
-4
-5
-4
-5
-3
-1
1
2
0
-3
-3
-3
2
8
12
12
10
9
10
11
14
14
12
10
7
10
10
9
7
7
8
9
10
9
8
9
8
7
5
3
2
2
1
-1
-1
-1
-1
-1
-4
-4
-2
