-8
0
-5
-8
2
-3
-6
0
-1
-13
-8
2
-3
-3
0
-5
-5
-6
0
2
-2
10
9
1
8
9
-3
1
10
2
3
12
10
4
10
15
11
10
11
5
5
10
7
8
7
2
5
7
2
0
9
12
7
7
5
-1
3
0
-2
-2
-2
-6
-8
0
-7
-7
6
-2
-6
-6
-1
2
-3
-3
-6
-18
-14
-5
-5
-7
-6
-8
-12
-9
-7
-6
-5
-11
-7
-6
-9
-6
-8
-12
-13
-14
-8
-1
-3
0
1
-2
0
-2
1
4
1
3
9
9
10
16
11
10
14
5
7
18
13
8
12
13
6
7
15
11
7
6
5
5
5
4
3
-4
-10
-6
4
5
2
5
3
-3
-7
-4
3
0
-3
1
-5
-6
-3
-8
-9
-7
-10
-10
-4
-3
-8
-5
-1
-4
-11
-4
-3
-12
-9
-6
-5
-6
-2
2
3
0
-4
-3
-5
-3
-2
-2
2
1
1
8
4
0
0
0
-6
-6
10
28
36
39
41
41
44
52
56
62
68
77
85
90
85
76
78
72
60
49
45
32
5
-18
-47
-84
-117
-160
-194
-224
-257
-265
-279
-302
-297
-282
-273
-269
-268
-243
-209
-184
-146
-112
-84
-55
-21
11
42
79
114
150
174
193
229
247
260
286
306
344
372
379
381
364
349
344
335
331
336
347
367
358
329
289
239
192
142
97
64
32
-4
-37
-64
-99
-123
-130
-141
-131
-109
-120
-178
-283
-390
-455
-466
-398
-295
-201
-133
-124
-183
-277
-354
-333
-130
323
957
1662
2086
1972
1340
379
-620
-1389
-1720
-1694
-1490
-1313
-1267
-1352
-1599
-1957
-2272
-2496
-2418
-1959
-1245
-494
5
100
-190
-659
-1056
-1181
-953
-357
436
1275
1979
2459
2515
2143
1593
1074
833
948
1331
1760
1986
1878
1481
945
484
263
341
659
1048
1329
1400
1248
947
647
511
593
861
1196
1442
1480
1240
781
260
-171
-408
-429
-301
-174
-184
-351
-619
-915
-1166
-1323
-1397
-1432
-1435
-1386
-1307
-1240
-1231
-1296
-1389
-1431
-1334
-1062
-676
-313
-80
8
0
-52
-99
-146
-239
-363
-454
-449
-317
-152
-133
-331
-615
-740
-627
-407
-239
-207
-150
341
1633
3517
5066
5309
3993
1748
-500
-1983
-2340
-1905
-1442
-1442
-1723
-1873
-1924
-2177
-2612
-2979
-3078
-2639
-1420
257
1449
1463
533
-615
-1455
-1751
-1372
-441
579
1430
2221
2936
3138
2479
1243
86
-506
-341
493
1528
2065
1764
960
289
60
231
648
1168
1660
2025
2271
2350
2095
1468
787
537
896
1606
2191
2252
1651
638
-297
-806
-888
-782
-680
-646
-663
-713
-838
-1089
-1445
-1783
-1936
-1824
-1534
-1234
-1054
-1016
-1098
-1246
-1364
-1366
-1203
-903
-559
-270
-158
-293
-597
-916
-1151
-1295
-1357
-1290
-1101
-903
-811
-843
-952
-1084
-1100
-808
-235
254
328
89
-9
261
713
1035
1014
685
515
1388
3689
6272
7271
5814
2666
-676
-2966
-3518
-2640
-1666
-1731
-2509
-2853
-2347
-1611
-1253
-1306
-1581
-1594
-583
1529
3545
3988
2656
657
-845
-1430
-1140
-311
503
1021
1498
2187
2600
1929
184
-1646
-2487
-1966
-474
1107
1898
1595
766
324
627
1285
1770
1961
2081
2281
2489
2421
1768
563
-645
-1124
-592
486
1313
1332
536
-576
-1416
-1681
-1486
-1195
-1045
-1022
-1016
-974
-982
-1162
-1529
-1943
-2168
-2064
-1704
-1312
-1077
-1045
-1137
-1210
-1140
-919
-663
-479
-365
-270
-202
-233
-432
-807
-1273
-1632
-1680
-1391
-949
-569
-297
-59
252
650
1015
1161
984
681
590
844
1188
1266
1015
690
574
740
1010
1100
1084
1620
3416
6011
7750
7134
4106
104
-3170
-4603
-4098
-2755
-1958
-2110
-2523
-2490
-2097
-1804
-1720
-1759
-1704
-959
818
2886
3700
2510
193
-1824
-2791
-2712
-1969
-1096
-421
196
1025
1666
1232
-400
-2140
-2733
-1865
-129
1602
2598
2559
1896
1472
1710
2234
2509
2463
2311
2124
1842
1417
771
-149
-1064
-1376
-788
312
1161
1260
669
-168
-735
-798
-607
-623
-992
-1385
-1384
-1027
-737
-828
-1226
-1563
-1585
-1362
-1135
-1074
-1151
-1197
-1026
-652
-327
-293
-480
-617
-572
-464
-435
-529
-723
-908
-927
-693
-344
-188
-357
-631
-643
-198
562
1214
1397
1098
591
189
48
132
337
543
701
792
702
388
71
-67
-85
66
1087
3752
7234
9161
7875
3932
-530
-3724
-5041
-4754
-3882
-3411
-3387
-3156
-2463
-1810
-1668
-1822
-1931
-1757
-680
1683
4390
5447
3787
493
-2457
-3954
-3993
-3003
-1591
-310
699
1584
2132
1680
95
-1681
-2397
-1576
294
2287
3547
3669
2934
2110
1738
1710
1706
1689
1798
1928
1720
940
-303
-1618
-2481
-2395
-1231
509
1960
2442
1915
928
68
-415
-647
-839
-941
-774
-347
8
-130
-826
-1658
-2097
-1950
-1487
-1123
-1022
-1028
-913
-667
-481
-549
-858
-1197
-1333
-1160
-826
-601
-643
-865
-1009
-934
-737
-656
-826
-1064
-1016
-507
285
953
1181
919
388
-89
-271
-166
-11
95
285
727
1271
1426
915
21
-563
-376
264
758
1183
2578
5685
9235
10641
8266
2986
-2520
-6012
-6781
-5590
-4013
-3267
-3484
-3832
-3385
-2131
-837
-344
-837
-1314
-297
2526
5471
6110
3584
-571
-3851
-4761
-3547
-1573
-176
350
632
1265
1985
1896
616
-1195
-2305
-1806
189
2618
4164
4134
2902
1432
490
285
594
1003
1145
866
302
-346
-1018
-1634
-1896
-1386
16
1870
3365
3793
3025
1580
215
-620
-983
-1158
-1298
-1374
-1375
-1460
-1763
-2243
-2714
-2981
-2913
-2453
-1650
-676
185
641
562
67
-538
-870
-763
-376
-29
68
-57
-302
-617
-980
-1349
-1605
-1597
-1226
-520
297
878
976
591
-43
-552
-635
-279
214
508
544
533
687
970
1185
1166
861
401
72
178
731
1338
1499
1159
1013
2033
4512
7231
8125
6023
1652
-2809
-5533
-6191
-5651
-5091
-5019
-4966
-4152
-2270
18
1491
1491
468
-311
327
2422
4694
5415
3737
461
-2587
-4066
-3922
-3006
-2179
-1586
-837
308
1550
2116
1428
-192
-1602
-1624
-3
2319
3979
4149
2965
1328
213
80
706
1461
1802
1583
1002
318
-322
-867
-1244
-1233
-607
630
2055
2935
2763
1624
122
-1029
-1480
-1390
-1188
-1216
-1532
-1973
-2343
-2525
-2466
-2177
-1696
-1079
-457
0
171
78
-95
-197
-252
-345
-536
-827
-1188
-1585
-1908
-2038
-1975
-1777
-1458
-996
-454
-1
228
251
148
-33
-200
-168
192
729
1094
1086
812
481
245
209
473
1001
1522
1704
1460
918
322
-9
100
441
600
718
1831
4730
8318
10048
8230
3519
-1727
-5432
-6737
-5930
-4358
-3404
-3274
-2921
-1429
570
1621
1113
-333
-1425
-874
1706
5010
6471
4425
-25
-4093
-5922
-5604
-4224
-2693
-1448
-483
593
1906
2654
1891
-136
-1956
-2235
-870
1343
3369
4229
3433
1550
-109
-682
-395
39
293
369
213
-166
-599
-999
-1446
-1765
-1336
227
2367
3942
4201
3163
1338
-594
-1963
-2420
-2233
-1949
-1810
-1699
-1549
-1441
-1447
-1511
-1525
-1411
-1037
-310
555
1119
1023
313
-552
-1104
-1163
-884
-566
-380
-337
-392
-497
-641
-758
-726
-458
16
479
656
464
62
-275
-346
-136
219
559
832
1056
1163
1076
955
1082
1421
1591
1327
736
97
-432
-673
-524
-264
-50
769
3213
6831
9186
8211
4188
-772
-4727
-6725
-6442
-4628
-3050
-2820
-3138
-2496
-851
491
768
282
-443
-739
347
2879
4951
4218
672
-3261
-5444
-5671
-4703
-3141
-1500
-287
568
1562
2454
2227
586
-1273
-1807
-590
1661
3913
5191
4850
3091
1072
-40
-104
218
357
210
-108
-523
-931
-1258
-1553
-1695
-1227
296
2622
4650
5226
4040
1781
-434
-1769
-2052
-1712
-1378
-1429
-1762
-2081
-2277
-2374
-2357
-2159
-1748
-1183
-532
82
370
139
-436
-932
-1041
-799
-461
-317
-568
-1083
-1414
-1220
-638
-166
-89
-194
-110
240
543
466
-30
-594
-791
-421
406
1237
1486
857
-191
-712
-184
986
1965
2209
1635
610
-107
29
561
641
682
2490
6485
10061
10058
5919
-38
-5190
-7998
-7710
-5108
-2663
-2306
-3329
-3448
-1901
40
1231
1485
936
256
894
3438
5954
5498
1626
-3119
-6178
-6871
-5674
-3402
-1260
-306
-229
241
1281
1680
783
-510
-943
-212
1376
3439
5126
5255
3654
1637
551
412
450
308
20
-544
-1392
-1980
-1857
-1341
-955
-485
657
2270
3382
3434
2752
1782
629
-542
-1283
-1426
-1406
-1635
-2016
-2269
-2445
-2676
-2785
-2539
-2053
-1596
-1123
-457
166
245
-313
-991
-1232
-944
-354
268
629
436
-312
-1150
-1545
-1382
-910
-414
10
357
588
704
736
682
517
265
122
320
804
1163
970
328
-136
-13
581
1258
1688
1724
1342
868
750
909
960
1179
2590
5400
7996
8271
5631
1219
-3332
-6547
-7346
-5885
-3882
-3090
-3422
-3411
-2345
-861
263
792
731
382
678
2345
4431
4788
2440
-1321
-4430
-5810
-5465
-3865
-1877
-520
-89
103
578
857
304
-739
-1197
-462
1214
3175
4657
4899
3732
2016
948
908
1259
1242
672
-266
-1282
-2014
-2184
-1764
-1013
-127
922
2062
2948
3166
2596
1580
580
-186
-759
-1255
-1747
-2229
-2648
-2842
-2705
-2415
-2231
-2111
-1731
-914
57
747
983
758
179
-447
-679
-366
38
19
-402
-831
-1045
-1145
-1150
-976
-723
-559
-416
-11
688
1278
1367
954
301
-229
-416
-260
75
284
267
81
-111
-68
220
532
741
983
1318
1460
1492
2533
5345
8445
9157
6364
1592
-2906
-6028
-7305
-6658
-5181
-4510
-4864
-4727
-3069
-909
345
684
738
873
1601
3552
6052
6786
4246
-150
-3576
-4739
-4312
-3391
-2516
-1895
-1466
-664
764
1941
1687
102
-1314
-1171
603
3036
4992
5628
4767
3085
1653
1086
1183
1344
1156
605
-68
-615
-1032
-1521
-1999
-1994
-1114
464
2021
2811
2470
1126
-538
-1640
-1810
-1450
-1240
-1420
-1779
-2147
-2511
-2745
-2673
-2378
-2076
-1745
-1131
-248
484
704
415
-210
-978
-1551
-1520
-882
-231
-150
-609
-1147
-1450
-1488
-1248
-722
-117
276
418
604
1016
1457
1629
1428
994
474
-53
-398
-347
102
658
991
1105
1100
964
651
378
475
784
1044
1717
3839
7283
9973
9716
6260
1248
-3397
-6339
-6829
-5363
-3836
-3750
-4560
-4547
-3205
-1589
-562
-114
2
223
1489
4229
6838
6743
3319
-1290
-4504
-5438
-4566
-2803
-1292
-948
-1426
-1369
-323
535
87
-1170
-1823
-1114
782
3251
5268
5651
4131
1947
655
588
1011
1293
1216
641
-455
-1654
-2400
-2648
-2602
-2118
-942
682
1996
2474
2202
1405
294
-732
-1218
-1026
-497
-96
-110
-701
-1808
-2978
-3627
-3498
-2837
-1975
-1022
-34
813
1255
1143
565
-99
-381
-94
471
799
592
-116
-1027
-1706
-1834
-1440
-898
-519
-259
63
573
1219
1802
2121
2084
1775
1329
791
225
-224
-489
-570
-401
68
652
1002
999
747
347
270
1615
4824
8319
9566
7482
3257
-1276
-4911
-6726
-6435
-5173
-4540
-4716
-4438
-3186
-2009
-1671
-1739
-1660
-1224
166
3058
6248
7070
4393
40
-3414
-4965
-4837
-3422
-1539
-475
-620
-842
-232
419
-53
-1307
-1961
-1318
340
2591
4841
5925
5065
3094
1700
1486
1647
1486
1121
736
183
-458
-780
-805
-1021
-1372
-1027
454
2284
3265
2979
1827
359
-915
-1512
-1323
-847
-665
-781
-825
-766
-958
-1563
-2306
-2831
-2971
-2615
-1655
-298
831
1156
651
-219
-919
-1108
-718
-10
486
329
-400
-1226
-1740
-1886
-1789
-1505
-1069
-539
44
654
1137
1282
1035
582
150
-137
-134
185
500
390
-104
-476
-430
-119
308
786
1085
1137
1781
4034
7132
8753
7421
3888
-125
-3557
-5625
-5669
-4400
-3658
-4098
-4275
-2979
-1255
-675
-1108
-1539
-1567
-871
1377
4921
7261
6124
2371
-1219
-3139
-3674
-3136
-1606
-56
347
-29
107
695
339
-1306
-2762
-2719
-1339
710
3077
5054
5439
4045
2303
1627
1853
1975
1696
1339
934
283
-451
-956
-1363
-1959
-2339
-1737
-129
1534
2263
1914
913
-281
-1266
-1694
-1504
-1063
-778
-642
-441
-252
-430
-1166
-2225
-3179
-3646
-3311
-2099
-445
857
1242
796
23
-584
-760
-476
-8
236
79
-299
-665
-999
-1349
-1663
-1820
-1687
-1110
-63
1129
1917
1961
1366
536
-22
25
570
1076
1075
741
487
450
503
494
409
351
865
2778
5800
8097
7817
4839
737
-2830
-4871
-4998
-3878
-3103
-3622
-4509
-4092
-2318
-781
-573
-1366
-2234
-2273
-661
2585
5653
6137
3643
180
-2178
-2993
-2803
-2056
-1168
-598
-226
556
1605
1677
27
-2394
-3780
-3132
-775
2205
4469
4941
3625
1786
856
1247
2243
2923
2886
2251
1433
765
239
-401
-1228
-1847
-1709
-653
899
2115
2289
1296
-281
-1560
-2048
-1843
-1345
-891
-606
-474
-403
-336
-462
-994
-1852
-2593
-2709
-2089
-1019
20
541
346
-330
-972
-1152
-856
-371
-23
-27
-342
-739
-991
-1084
-1190
-1382
-1551
-1527
-1154
-372
614
1360
1520
1240
909
690
543
486
563
584
347
8
-134
-52
247
1175
3056
5253
6484
5979
3974
1104
-1906
-4017
-4517
-3857
-3212
-3078
-2919
-2350
-1759
-1480
-1408
-1456
-1621
-1382
56
2435
4223
4238
2795
922
-735
-1830
-1959
-1163
-186
440
1035
1934
2546
1963
250
-1601
-2740
-2830
-1736
397
2697
3984
3930
3227
2576
2066
1597
1394
1628
1962
1944
1552
957
107
-1043
-2009
-2088
-1238
-120
653
986
965
521
-260
-976
-1381
-1654
-2000
-2200
-1925
-1363
-1059
-1219
-1570
-1816
-1926
-1896
-1627
-1214
-955
-948
-928
-626
-219
-105
-391
-826
-1128
-1221
-1123
-868
-609
-547
-701
-756
-390
235
651
569
286
307
708
1215
1509
1390
810
-54
-577
-239
672
1475
2074
3159
5012
6724
7098
5741
3077
-148
-2953
-4276
-3970
-3242
-3279
-3818
-3677
-2531
-1273
-721
-962
-1714
-2437
-2150
-147
2721
4403
3795
1723
-266
-1408
-1750
-1468
-859
-386
-32
803
2289
3382
2755
419
-2229
-3687
-3321
-1423
1097
2971
3318
2419
1405
1107
1355
1541
1480
1406
1552
1925
2322
2365
1650
208
-1227
-1805
-1293
-243
581
788
403
-272
-847
-1102
-1120
-1150
-1250
-1219
-925
-522
-337
-616
-1389
-2413
-3197
-3273
-2582
-1503
-519
105
338
250
5
-213
-343
-449
-534
-478
-254
-121
-402
-1096
-1870
-2313
-2196
-1522
-493
539
1254
1524
1478
1305
1095
854
619
531
693
1015
1416
2051
3159
4551
5488
5307
3955
1847
-470
-2432
-3550
-3813
-3797
-3930
-3890
-3081
-1596
-267
222
-192
-1160
-2108
-2268
-1133
803
2274
2439
1567
417
-624
-1527
-2150
-2221
-1635
-429
1310
3173
4209
3551
1360
-1148
-2675
-2761
-1739
-225
1209
2199
2701
2937
3037
2809
2059
1063
473
734
1628
2494
2785
2367
1474
507
-172
-452
-551
-771
-1111
-1246
-938
-381
-17
-88
-456
-791
-835
-512
2
281
-22
-827
-1641
-2015
-1951
-1789
-1831
-2117
-2432
-2457
-1980
-1104
-264
91
-92
-425
-470
-125
340
558
334
-272
-988
-1494
-1605
-1445
-1261
-1159
-985
-558
9
387
354
-14
-356
-196
888
2949
5327
6942
7018
5570
3215
630
-1662
-3297
-4194
-4544
-4492
-3904
-2682
-1288
-476
-623
-1422
-2219
-2436
-1708
-101
1689
2768
2773
2109
1352
636
-138
-896
-1373
-1333
-650
673
2252
3280
3122
1912
433
-600
-976
-826
-369
178
697
1290
2132
3064
3552
3203
2198
1166
620
651
1072
1563
1839
1853
1833
1996
2162
1810
669
-917
-2257
-2856
-2675
-2019
-1367
-1146
-1402
-1743
-1728
-1346
-1000
-1007
-1284
-1513
-1462
-1096
-567
-189
-296
-907
-1621
-1970
-1856
-1556
-1363
-1345
-1427
-1499
-1430
-1135
-713
-419
-393
-496
-468
-257
-29
68
63
60
107
195
286
276
80
-151
54
1106
2808
4402
5101
4643
3296
1560
-63
-1253
-2008
-2531
-2844
-2637
-1647
-168
1028
1292
493
-960
-2359
-3010
-2619
-1545
-485
97
287
413
632
845
876
660
322
165
499
1341
2309
2891
2849
2335
1666
1055
509
-84
-771
-1381
-1555
-1014
156
1471
2368
2552
2125
1459
937
743
833
1065
1370
1763
2206
2497
2341
1582
341
-998
-1976
-2329
-2119
-1663
-1298
-1145
-1111
-1060
-966
-950
-1148
-1576
-2095
-2462
-2491
-2175
-1662
-1139
-702
-367
-130
-9
-23
-174
-414
-643
-738
-621
-352
-89
-7
-183
-571
-1008
-1296
-1335
-1179
-975
-830
-696
-457
-44
477
933
1166
1168
1120
1294
1774
2376
2759
2682
2174
1435
681
-8
-716
-1537
-2374
-2890
-2673
-1623
-103
1230
1791
1425
463
-498
-957
-848
-470
-207
-235
-443
-624
-676
-679
-796
-1056
-1266
-1136
-519
407
1248
1671
1625
1376
1273
1481
1844
2042
1874
1430
1021
909
1119
1424
1544
1372
1065
901
1034
1366
1639
1684
1535
1390
1424
1609
1721
1480
780
-192
-1092
-1649
-1844
-1888
-1984
-2172
-2293
-2125
-1597
-881
-339
-270
-692
-1350
-1898
-2118
-2035
-1830
-1663
-1559
-1405
-1081
-616
-206
-84
-318
-758
-1111
-1154
-868
-437
-116
-50
-184
-332
-344
-224
-95
-93
-235
-402
-434
-252
73
374
508
458
350
346
547
941
1399
1780
2011
2094
2046
1813
1320
548
-386
-1218
-1671
-1585
-1019
-242
432
808
871
749
570
399
234
46
-135
-246
-252
-197
-194
-350
-660
-996
-1177
-1103
-812
-454
-171
-25
-5
-39
-53
-5
114
318
643
1109
1658
2168
2507
2595
2454
2161
1836
1577
1432
1395
1419
1453
1454
1377
1206
955
670
397
152
-75
-298
-550
-858
-1239
-1659
-2040
-2287
-2333
-2166
-1844
-1501
-1274
-1211
-1274
-1377
-1475
-1560
-1620
-1616
-1495
-1247
-937
-694
-636
-768
-955
-1003
-831
-534
-307
-287
-450
-623
-613
-357
49
418
624
701
760
864
966
956
782
500
238
113
123
172
184
197
347
719
1263
1794
2112
2117
1831
1361
822
274
-239
-647
-835
-725
-359
91
433
541
414
152
-119
-324
-483
-636
-778
-853
-802
-642
-462
-363
-383
-490
-574
-554
-435
-314
-314
-466
-705
-894
-905
-675
-235
325
923
1506
2038
2463
2701
2691
2460
2118
1809
1628
1561
1489
1293
951
563
284
208
289
396
382
194
-104
-390
-587
-724
-898
-1178
-1546
-1892
-2094
-2098
-1937
-1696
-1447
-1205
-957
-716
-541
-505
-626
-840
-1014
-1045
-932
-777
-704
-770
-940
-1096
-1138
-1042
-860
-673
-512
-326
-55
316
751
1165
1468
1624
1632
1514
1294
976
599
246
4
-85
-52
36
125
212
324
490
704
888
963
891
706
484
268
55
-161
-356
-444
-340
-53
300
520
468
155
-283
-679
-957
-1159
-1346
-1526
-1605
-1477
-1122
-652
-263
-91
-138
-275
-354
-322
-231
-186
-223
-269
-205
41
431
846
1185
1419
1613
1847
2127
2371
2462
2344
2060
1725
1442
1247
1103
954
781
621
523
509
540
545
473
312
88
-167
-439
-719
-996
-1220
-1337
-1313
-1167
-972
-823
-794
-901
-1101
-1307
-1441
-1461
-1388
-1275
-1183
-1126
-1084
-1030
-949
-867
-822
-845
-922
-999
-1026
-975
-862
-714
-533
-297
26
433
860
1190
1315
1213
953
661
428
262
126
-18
-145
-168
-14
301
660
915
981
886
720
562
413
238
4
-242
-379
-309
-44
276
475
462
277
36
-161
-305
-458
-679
-950
-1167
-1221
-1091
-849
-595
-381
-193
11
245
452
553
491
301
101
22
117
352
648
925
1163
1364
1544
1695
1773
1750
1642
1512
1424
1399
1401
1373
1281
1130
966
838
766
713
630
466
214
-102
-434
-724
-929
-1028
-1022
-939
-819
-724
-702
-786
-971
-1222
-1484
-1703
-1842
-1880
-1836
-1741
-1637
-1548
-1472
-1385
-1253
-1062
-828
-603
-445
-394
-435
-515
-574
-569
-496
-380
-257
-147
-54
41
144
246
349
452
560
670
755
800
804
802
845
966
1157
1345
1440
1398
1229
980
700
402
86
-234
-499
-633
-587
-384
-112
117
244
261
202
90
-95
-379
-737
-1073
-1255
-1193
-907
-520
-173
29
96
103
114
134
124
61
-11
-9
125
389
699
954
1100
1166
1216
1284
1348
1347
1255
1108
972
914
931
971
984
962
948
985
1059
1087
980
709
340
-14
-259
-387
-463
-572
-737
-911
-1018
-1016
-952
-903
-918
-1003
-1109
-1201
-1280
-1389
-1556
-1757
-1893
-1866
-1642
-1281
-919
-661
-540
-509
-476
-381
-234
-111
-72
-128
-237
-337
-384
-379
-346
-314
-282
-239
-166
-70
17
84
149
262
482
825
1254
1674
1981
2105
2048
1852
1569
1216
787
286
-254
-758
-1139
-1323
-1301
-1118
-849
-565
-308
-123
-47
-100
-258
-473
-652
-713
-620
-402
-152
45
152
180
164
140
115
81
30
-29
-51
-1
136
348
598
858
1097
1298
1448
1533
1548
1509
1442
1377
1338
1305
1260
1185
1093
999
928
884
855
819
765
687
583
443
256
22
-240
-497
-715
-866
-952
-993
-1020
-1059
-1133
-1262
-1441
-1657
-1882
-2063
-2155
-2118
-1947
-1667
-1342
-1045
-823
-706
-687
-726
-772
-769
-700
-573
-417
-266
-157
-116
-142
-216
-315
-418
-491
-508
-459
-345
-178
27
270
549
874
1252
1656
2020
2277
2369
2273
1985
1534
977
383
-180
-640
-932
-1013
-907
-696
-475
-321
-282
-359
-512
-678
-797
-839
-778
-604
-333
-22
251
430
492
452
361
285
276
337
445
571
692
786
838
834
772
666
547
462
463
562
733
926
1094
1201
1242
1227
1174
1101
1016
931
847
782
736
695
638
554
434
274
83
-129
-350
-572
-774
-934
-1028
-1045
-1011
-967
-976
-1077
-1286
-1583
-1902
-2163
-2303
-2276
-2070
-1733
-1335
-966
-702
-577
-585
-683
-801
-866
-819
-645
-387
-105
117
225
201
75
-89
-230
-308
-309
-234
-82
167
546
1079
1728
2374
2868
3082
2961
2528
1846
1028
199
-528
-1038
-1241
-1106
-706
-232
97
140
-128
-601
-1106
-1484
-1657
-1641
-1477
-1195
-808
-352
73
366
448
320
84
-113
-152
-9
253
530
763
931
1038
1085
1045
896
656
409
260
285
469
716
900
942
850
702
590
565
640
789
985
1206
1413
1555
1577
1439
1150
774
389
63
-168
-306
-358
-336
-268
-184
-156
-247
-480
-835
-1240
-1607
-1867
-1986
-1961
-1813
-1569
-1289
-1039
-870
-798
-800
-818
-804
-736
-648
-579
-555
-572
-604
-644
-687
-726
-742
-709
-631
-523
-391
-214
104
685
1527
2474
3242
3547
3290
2536
1492
409
-553
-1334
-1884
-2106
-1879
-1250
-490
22
3
-594
-1505
-2280
-2554
-2263
-1649
-1039
-623
-372
-198
-61
7
-75
-286
-435
-265
364
1293
2099
2408
2109
1421
732
341
297
436
551
600
702
979
1404
1757
1804
1478
945
513
415
668
1101
1492
1738
1888
2018
2129
2105
1824
1284
648
170
25
190
465
612
517
241
-81
-352
-589
-876
-1271
-1715
-2049
-2145
-2011
-1795
-1655
-1634
-1637
-1536
-1289
-990
-804
-854
-1091
-1316
-1351
-1194
-1028
-1028
-1199
-1395
-1452
-1335
-1153
-1046
-1013
-822
-87
1270
2826
3881
3882
2821
1154
-478
-1570
-2020
-2085
-2053
-1943
-1518
-727
90
426
-27
-1098
-2189
-2616
-2002
-605
804
1522
1371
715
50
-341
-454
-447
-406
-205
379
1406
2552
3209
2920
1710
103
-1198
-1672
-1243
-242
848
1671
2144
2344
2322
2044
1473
738
131
-13
475
1432
2434
3019
2963
2398
1667
1086
799
736
756
767
773
805
809
644
215
-416
-1012
-1301
-1193
-833
-533
-574
-1020
-1671
-2230
-2473
-2359
-1987
-1466
-885
-331
69
168
-101
-682
-1369
-1895
-2099
-1974
-1665
-1357
-1175
-1191
-1400
-1679
-1763
-1323
-116
1698
3524
4587
4350
2873
747
-1227
-2471
-2894
-2795
-2527
-2217
-1775
-1202
-769
-821
-1514
-2524
-3158
-2793
-1317
677
2218
2599
1786
395
-777
-1244
-994
-323
494
1390
2378
3317
3842
3523
2220
322
-1376
-2091
-1526
-62
1503
2422
2410
1705
813
189
-4
132
438
843
1355
1937
2409
2489
2026
1178
369
55
438
1315
2201
2607
2332
1531
572
-198
-656
-858
-880
-762
-505
-188
-15
-192
-776
-1585
-2230
-2365
-1896
-1057
-249
207
204
-106
-448
-628
-600
-460
-351
-360
-503
-731
-992
-1323
-1803
-2420
-2918
-2847
-1812
232
2661
4395
4503
2804
62
-2493
-3850
-3721
-2630
-1496
-964
-1031
-1275
-1430
-1579
-1946
-2595
-3181
-3099
-1915
141
2070
2735
1730
-362
-2383
-3300
-2724
-1044
874
2296
3031
3291
3251
2846
1988
819
-251
-700
-172
1186
2660
3384
2962
1737
492
-86
248
1221
2197
2595
2280
1569
902
525
468
663
1013
1410
1788
2095
2210
1937
1217
266
-554
-959
-879
-456
-9
115
-259
-982
-1746
-2299
-2524
-2410
-2030
-1546
-1097
-739
-490
-390
-441
-513
-428
-100
420
957
1231
1001
296
-552
-1189
-1522
-1664
-1719
-1657
-1301
-304
1433
3308
4257
3594
1595
-792
-2588
-3168
-2556
-1539
-1144
-1707
-2624
-3148
-3172
-2963
-2714
-2521
-2367
-1972
-920
570
1501
1079
-430
-2056
-2963
-2730
-1339
638
2173
2644
2335
1876
1480
1039
626
373
253
272
679
1533
2325
2487
2017
1360
901
854
1374
2312
3034
2946
2123
1161
531
396
837
1769
2718
3148
2952
2435
1841
1198
607
237
98
1
-123
-149
-97
-218
-689
-1368
-1979
-2365
-2470
-2274
-1881
-1566
-1517
-1643
-1714
-1598
-1325
-1009
-745
-542
-355
-218
-264
-542
-888
-1124
-1291
-1415
-1399
-1244
-1081
-727
424
2388
4087
4357
3184
1364
-500
-1892
-2143
-1211
-279
-476
-1395
-1894
-1862
-2006
-2358
-2388
-2148
-2012
-1586
-302
1059
1039
-514
-2244
-3156
-3249
-2495
-777
1184
2106
1792
1240
1017
752
295
151
487
805
982
1454
2161
2343
1703
909
563
594
883
1623
2602
2973
2332
1312
683
522
669
1281
2334
3211
3357
2969
2487
1922
1158
515
395
636
780
716
614
415
-65
-724
-1261
-1603
-1863
-2007
-1893
-1592
-1353
-1291
-1332
-1384
-1367
-1201
-908
-637
-482
-452
-619
-1028
-1468
-1670
-1715
-1890
-2205
-2408
-2361
-1934
-747
1206
2922
3157
1781
-218
-1889
-2770
-2574
-1472
-477
-525
-1271
-1632
-1370
-1180
-1390
-1680
-1803
-1688
-992
418
1634
1436
-183
-2000
-2955
-2772
-1544
369
2080
2742
2458
1998
1727
1449
1150
1096
1285
1467
1671
2076
2447
2306
1641
951
572
507
781
1437
2135
2289
1736
909
289
37
209
848
1779
2558
2868
2777
2489
2070
1552
1120
948
942
854
573
164
-310
-835
-1331
-1698
-1929
-2089
-2165
-2089
-1895
-1715
-1619
-1596
-1580
-1460
-1142
-673
-242
19
93
-70
-541
-1157
-1578
-1703
-1760
-1910
-2064
-2144
-2098
-1581
-288
1272
1980
1325
-125
-1541
-2433
-2474
-1630
-637
-467
-1081
-1508
-1227
-748
-625
-848
-1265
-1697
-1630
-609
788
1305
434
-1099
-2300
-2674
-2064
-623
965
1888
2067
2026
2041
1955
1740
1668
1857
2175
2555
2997
3263
3067
2500
1932
1568
1394
1480
1906
2468
2751
2502
1777
816
-32
-348
65
925
1722
2105
2026
1610
1052
572
281
149
121
202
360
437
269
-160
-740
-1347
-1853
-2132
-2165
-2062
-1969
-1942
-1951
-2007
-2118
-2193
-2098
-1812
-1444
-1112
-879
-799
-925
-1231
-1584
-1847
-1977
-1965
-1789
-1485
-1177
-988
-857
-618
-201
254
529
509
201
-275
-667
-745
-498
-196
-84
-122
-80
155
469
710
754
575
312
241
478
760
681
115
-632
-1117
-1088
-593
74
531
579
397
326
524
832
1012
990
858
768
841
1078
1336
1434
1340
1190
1127
1201
1377
1579
1710
1659
1392
1001
637
451
544
902
1364
1693
1741
1540
1261
1075
1052
1132
1177
1068
804
493
229
23
-192
-459
-739
-949
-1024
-1004
-992
-1076
-1264
-1446
-1490
-1365
-1148
-971
-897
-881
-861
-841
-909
-1141
-1506
-1870
-2078
-2071
-1925
-1816
-1846
-1942
-1930
-1679
-1239
-778
-455
-333
-358
-427
-454
-438
-422
-401
-314
-112
165
385
443
336
174
109
209
404
504
346
-72
-568
-893
-905
-650
-317
-92
-49
-97
-78
90
354
572
649
613
585
669
869
1078
1169
1092
933
842
924
1165
1458
1672
1724
1623
1461
1331
1290
1359
1526
1754
1970
2083
2040
1871
1669
1557
1605
1766
1883
1810
1515
1102
733
510
422
381
295
141
-42
-202
-342
-491
-677
-887
-1074
-1206
-1295
-1390
-1526
-1691
-1854
-2012
-2180
-2363
-2538
-2655
-2697
-2686
-2675
-2691
-2670
-2496
-2124
-1651
-1257
-1071
-1075
-1117
-1061
-905
-778
-799
-940
-1021
-866
-488
-84
103
1
-223
-305
-108
240
460
340
-74
-511
-682
-501
-118
218
366
393
449
622
844
978
952
850
836
1018
1338
1607
1674
1535
1334
1231
1286
1457
1644
1788
1892
1976
2020
1947
1730
1460
1321
1439
1782
2159
2334
2187
1802
1389
1130
1053
1054
1030
970
918
903
866
700
363
-58
-390
-501
-420
-321
-385
-653
-1005
-1264
-1336
-1267
-1189
-1204
-1317
-1460
-1560
-1616
-1690
-1852
-2095
-2342
-2497
-2498
-2346
-2081
-1773
-1523
-1403
-1420
-1508
-1574
-1544
-1409
-1228
-1083
-1007
-937
-787
-542
-306
-207
-294
-501
-666
-664
-501
-317
-276
-427
-667
-850
-901
-844
-756
-657
-497
-210
177
530
698
644
507
492
719
1132
1550
1799
1853
1824
1854
1979
2108
2130
2021
1884
1851
1982
2188
2288
2157
1848
1556
1481
1679
2022
2292
2326
2126
1828
1593
1480
1434
1370
1262
1156
1106
1099
1033
800
384
-96
-452
-574
-510
-450
-586
-965
-1464
-1872
-2035
-1958
-1783
-1674
-1701
-1813
-1915
-1978
-2054
-2222
-2474
-2666
-2627
-2282
-1742
-1266
-1082
-1210
-1464
-1599
-1495
-1241
-1036
-1009
-1102
-1137
-969
-632
-320
-217
-339
-525
-577
-428
-204
-125
-304
-659
-969
-1060
-939
-770
-722
-829
-940
-855
-513
-59
265
324
182
61
170
543
1031
1423
1616
1675
1756
1945
2190
2353
2352
2234
2141
2185
2359
2536
2573
2437
2224
2093
2134
2310
2486
2551
2472
2290
2069
1835
1578
1290
1008
806
732
764
800
717
457
73
-317
-609
-764
-829
-894
-1034
-1277
-1580
-1869
-2087
-2208
-2236
-2189
-2086
-1961
-1876
-1881
-1994
-2172
-2319
-2306
-2062
-1654
-1261
-1049
-1077
-1265
-1469
-1571
-1555
-1490
-1442
-1401
-1284
-1038
-716
-439
-296
-275
-275
-194
-31
95
49
-185
-473
-616
-515
-256
-32
2
-156
-345
-402
-295
-136
-53
-73
-113
-55
139
395
589
675
726
882
1191
1580
1893
2032
2022
1976
1998
2105
2218
2242
2163
2062
2046
2153
2311
2412
2395
2286
2170
2105
2072
1996
1806
1508
1185
929
784
705
608
452
256
76
-52
-143
-259
-463
-759
-1096
-1388
-1578
-1691
-1802
-1962
-2163
-2331
-2401
-2360
-2267
-2209
-2214
-2210
-2073
-1729
-1267
-878
-717
-789
-962
-1071
-1055
-1001
-1053
-1254
-1477
-1522
-1297
-920
-629
-583
-743
-894
-838
-553
-234
-120
-286
-589
-788
-747
-538
-356
-347
-465
-514
-342
18
347
434
260
21
-41
193
632
1027
1184
1109
993
1025
1247
1564
1822
1934
1948
1975
2088
2246
2332
2263
2073
1879
1795
1852
1979
2066
2039
1914
1757
1639
1564
1489
1371
1211
1034
885
773
668
529
326
71
-194
-426
-609
-759
-903
-1057
-1207
-1329
-1426
-1522
-1641
-1787
-1922
-2008
-2041
-2044
-2052
-2053
-1977
-1762
-1423
-1071
-841
-777
-813
-823
-722
-561
-456
-500
-673
-838
-865
-756
-635
-636
-784
-979
-1073
-1000
-841
-758
-843
-1034
-1164
-1099
-868
-622
-515
-580
-703
-726
-588
-384
-261
-285
-371
-366
-170
164
485
665
709
752
920
1216
1519
1695
1712
1668
1709
1902
2171
2370
2403
2310
2241
2308
2505
2712
2801
2719
2535
2375
2307
2285
2213
2022
1751
1485
1290
1148
984
727
375
12
-267
-436
-552
-706
-939
-1209
-1443
-1590
-1660
-1716
-1817
-1957
-2073
-2108
-2062
-1994
-1973
-2005
-2029
-1956
-1767
-1529
-1349
-1293
-1333
-1371
-1316
-1157
-966
-838
-800
-789
-712
-539
-343
-239
-295
-486
-696
-807
-797
-756
-796
-939
-1103
-1171
-1086
-904
-740
-679
-698
-694
-579
-366
-163
-69
-94
-137
-85
100
364
588
708
766
856
1035
1273
1487
1608
1651
1686
1785
1946
2089
2149
2124
2094
2140
2275
2429
2519
2502
2423
2364
2369
2398
2361
2212
1983
1755
1592
1474
1336
1117
813
499
250
72
-87
-295
-568
-847
-1069
-1203
-1294
-1406
-1564
-1732
-1841
-1861
-1824
-1791
-1802
-1837
-1825
-1736
-1613
-1534
-1552
-1649
-1748
-1775
-1719
-1632
-1578
-1568
-1555
-1468
-1283
-1068
-911
-872
-923
-986
-993
-938
-886
-911
-1031
-1176
-1248
-1205
-1083
-977
-947
-976
-976
-869
-659
-414
-228
-127
-47
89
317
599
839
980
1041
1099
1212
1379
1545
1646
1676
1685
1742
1870
2031
2160
2218
2231
2253
2310
2383
2434
2426
2374
2321
2301
2301
2273
2192
2071
1959
1880
1808
1686
1473
1183
876
614
411
219
-11
-280
-532
-717
-834
-936
-1090
-1307
-1519
-1645
-1650
-1586
-1544
-1568
-1624
-1622
-1515
-1350
-1234
-1241
-1362
-1498
-1553
-1518
-1465
-1477
-1567
-1661
-1659
-1530
-1360
-1267
-1316
-1459
-1586
-1606
-1525
-1437
-1439
-1539
-1660
-1704
-1640
-1531
-1459
-1459
-1472
-1400
-1204
-936
-736
-672
-708
-718
-595
-303
81
433
685
859
1027
1229
1457
1659
1802
1897
1994
2115
2246
2342
2369
2339
2324
2401
2590
2833
3038
3119
3056
2894
2709
2571
2502
2477
2456
2400
2295
2130
1913
1663
1406
1169
966
794
612
387
102
-230
-569
-864
-1088
-1232
-1319
-1375
-1432
-1516
-1634
-1775
-1889
-1919
-1828
-1647
-1466
-1379
-1428
-1583
-1760
-1876
-1903
-1857
-1787
-1725
-1676
-1629
-1598
-1606
-1649
-1695
-1704
-1649
-1535
-1428
-1394
-1460
-1580
-1668
-1652
-1530
-1351
-1185
-1076
-1018
-975
-915
-839
-769
-702
-608
-456
-246
-23
157
269
340
438
624
893
1181
1414
1553
1622
1677
1771
1915
2079
2225
2327
2389
2425
2445
2451
2446
2447
2471
2522
2585
2613
2573
2459
2297
2135
2011
1927
1858
1761
1605
1389
1134
873
630
421
247
94
-59
-234
-445
-685
-930
-1148
-1310
-1405
-1444
-1459
-1470
-1478
-1473
-1464
-1452
-1451
-1457
-1461
-1457
-1441
-1431
-1449
-1509
-1583
-1634
-1628
-1563
-1478
-1418
-1413
-1471
-1566
-1660
-1725
-1750
-1737
-1693
-1628
-1551
-1481
-1428
-1384
-1338
-1264
-1146
-989
-820
-678
-586
-532
-496
-435
-321
-150
58
277
479
653
792
902
1006
1117
1256
1419
1595
1761
1895
1986
2045
2095
2159
2246
2351
2450
2507
2499
2430
2319
2196
2097
2031
1994
1967
1915
1818
1673
1495
1309
1135
990
868
747
607
431
221
-1
-208
-377
-495
-576
-643
-721
-827
-950
-1070
-1160
-1196
-1175
-1121
-1066
-1045
-1069
-1132
-1210
-1275
-1308
-1295
-1249
-1189
-1132
-1094
-1090
-1124
-1185
-1257
-1326
-1389
-1443
-1501
-1569
-1651
-1745
-1826
-1872
-1872
-1830
-1748
-1647
-1540
-1442
-1352
-1263
-1167
-1054
-914
-747
-555
-351
-148
43
215
371
518
662
802
938
1064
1176
1267
1345
1422
1505
1602
1717
1848
1987
2116
2226
2314
2378
2422
2444
2451
2443
2415
2358
2270
2156
2020
1872
1725
1583
1441
1291
1124
935
726
505
292
101
-63
-205
-333
-456
-578
-697
-803
-879
-924
-940
-938
-930
-933
-959
-1011
-1087
-1176
-1261
-1327
-1372
-1398
-1412
-1420
-1423
-1410
-1380
-1341
-1293
-1245
-1206
-1181
-1174
-1181
-1200
-1228
-1254
-1274
-1285
-1286
-1285
-1282
-1279
-1273
-1259
-1226
-1175
-1104
-1022
-935
-839
-731
-606
-462
-297
-120
58
232
397
546
685
811
929
1038
1141
1235
1327
1415
1495
1569
1640
1712
1786
1859
1928
1989
2039
2072
2088
2089
2074
2046
2008
1962
1898
1813
1702
1567
1410
1232
1045
857
676
504
337
169
3
-161
-317
-452
-561
-648
-716
-766
-804
-832
-852
-861
-864
-864
-871
-883
-897
-919
-950
-992
-1035
-1080
-1122
-1152
-1169
-1179
-1194
-1215
-1239
-1263
-1284
-1301
-1309
-1309
-1304
-1292
-1271
-1246
-1218
-1186
-1145
-1093
-1032
-969
-905
-840
-784
-732
-679
-616
-540
-456
-365
-265
-162
-58
52
163
276
393
513
636
759
878
994
1106
1216
1322
1425
1522
1608
1679
1729
1761
1776
1770
1752
1720
1681
1633
1583
1531
1477
1417
1350
1274
1191
1106
1016
922
823
714
592
459
324
193
67
-49
-155
-256
-350
-441
-520
-586
-637
-668
-693
-710
-726
-746
-762
-776
-784
-782
-774
-761
-745
-734
-728
-731
-745
-775
-812
-856
-905
-954
-1006
-1062
-1118
-1167
-1205
-1230
-1243
-1244
-1236
-1215
-1185
-1144
-1094
-1032
-966
-894
-814
-733
-651
-565
-480
-391
-303
-215
-124
-32
59
150
240
327
417
507
601
700
798
899
999
1093
1188
1281
1367
1443
1508
1558
1597
1618
1620
1600
1562
1512
1449
1374
1286
1181
1078
974
865
761
650
548
455
369
299
232
172
120
72
24
-22
-59
-91
-122
-156
-188
-222
-267
-326
-391
-463
-526
-582
-632
-668
-698
-718
-721
-715
-700
-675
-652
-623
-600
-591
-583
-585
-591
-607
-640
-674
-713
-751
-781
-819
-857
-887
-911
-913
-906
-897
-873
-839
-788
-720
-653
-576
-493
-408
-319
-241
-164
-93
-29
32
88
140
187
232
275
317
362
408
460
515
568
629
691
749
804
843
880
918
947
972
981
976
980
969
949
917
865
814
760
702
647
585
524
470
417
370
326
285
251
219
186
156
130
110
91
66
36
3
-33
-74
-111
-154
-196
-242
-292
-337
-383
-426
-461
-501
-541
-580
-615
-635
-650
-668
-678
-686
-682
-670
-664
-651
-639
-626
-607
-593
-582
-572
-565
-550
-537
-525
-505
-483
-451
-414
-380
-338
-291
-237
-181
-125
-65
-9
49
107
162
214
257
300
337
369
402
429
456
473
480
497
511
521
530
523
520
520
517
513
498
474
457
436
417
392
356
325
297
268
243
218
191
171
148
128
109
91
76
61
43
26
8
-8
-19
-30
-43
-58
-71
-81
-92
-98
-100
-100
-103
-105
-109
-115
-123
-137
-156
-175
-194
-210
-229
-256
-280
-303
-317
-318
-322
-323
-321
-315
-297
-284
-271
-259
-248
-230
-210
-194
-178
-161
-147
-132
-122
-109
-95
-81
-66
-52
-36
-19
5
30
54
76
95
119
141
157
174
190
205
215
217
223
228
227
224
218
212
208
196
187
174
159
146
133
123
109
92
79
69
60
56
50
44
41
39
38
37
37
33
30
26
19
12
3
-6
-13
-25
-36
-43
-52
-59
-64
-65
-64
-69
-71
-72
-72
-68
-70
-72
-73
-73
-72
-71
-73
-76
-78
-77
-78
-81
-85
-85
-83
-77
-73
-72
-68
-63
-58
-49
-40
-33
-27
-19
-10
-1
7
12
17
19
22
26
32
37
39
42
43
46
49
50
52
55
56
56
56
53
49
46
43
41
37
34
31
27
22
14
8
5
2
1
-1
-2
-4
-10
-14
-16
-17
-17
-21
-22
-22
-22
-22
-19
-17
-18
-20
-22
-19
-16
-14
-11
-10
-7
-7
-5
0
3
5
4
2
2
2
2
1
-1
-3
-5
-5
-4
-2
0
0
-1
-2
0
-1
1
-1
-3
-5
-6
-6
-2
0
2
4
3
4
6
8
12
15
15
16
20
22
24
25
25
22
20
19
19
18
18
17
15
15
15
16
15
14
11
5
2
0
-5
-8
-13
-21
-26
-29
-34
-38
-41
-42
-42
-40
-41
-42
-43
-45
-43
-42
-42
-40
-40
-37
-34
-31
-27
-26
-22
-18
-14
-10
-6
-3
0
3
6
9
13
17
21
26
28
28
31
31
33
34
34
37
38
41
41
38
38
37
36
34
32
32
32
31
28
23
20
19
20
20
19
19
18
15
15
15
16
14
13
11
12
12
11
11
11
9
5
1
3
2
-2
-4
-9
-10
-15
-16
-15
-15
-15
-17
-23
-30
-36
-41
-48
-51
-53
-56
-61
-68
-74
-80
-84
-88
-91
-93
-94
-96
-97
-97
-98
-99
-97
-92
-85
-79
-77
-72
-66
-60
-50
-42
-35
-23
-13
-3
8
17
26
33
42
55
69
79
89
98
105
115
124
132
141
149
157
168
172
176
177
176
178
177
177
174
172
170
163
152
141
128
119
108
96
81
68
51
36
21
5
-8
-23
-37
-47
-60
-71
-81
-93
-104
-113
-121
-128
-134
-143
-146
-151
-155
-160
-167
-172
-176
-178
-181
-189
-196
-200
-202
-205
-207
-212
-213
-210
-207
-202
-201
-197
-187
-175
-164
-151
-136
-120
-105
-88
-70
-55
-36
-16
1
23
41
60
78
96
112
130
153
171
189
205
221
242
255
266
279
291
305
313
316
319
318
322
327
324
319
309
303
300
292
279
264
250
237
221
202
183
164
145
125
99
74
48
25
2
-22
-48
-73
-99
-127
-152
-173
-196
-215
-238
-260
-279
-297
-312
-327
-344
-356
-365
-373
-378
-390
-397
-394
-395
-393
-395
-395
-387
-380
-372
-363
-352
-340
-325
-308
-291
-274
-252
-228
-203
-177
-149
-120
-88
-55
-25
7
40
72
103
135
163
192
220
248
274
299
321
342
360
376
392
406
418
423
430
435
438
441
439
433
427
423
412
403
388
372
357
339
323
302
277
251
223
199
173
148
119
89
58
28
2
-24
-51
-79
-107
-133
-157
-178
-198
-221
-243
-262
-280
-295
-309
-322
-334
-348
-359
-367
-375
-380
-384
-386
-387
-387
-387
-385
-382
-378
-372
-365
-353
-342
-330
-314
-300
-281
-262
-243
-224
-204
-182
-157
-132
-104
-77
-50
-22
4
31
58
89
116
142
168
194
218
242
263
284
306
322
337
353
369
380
388
395
403
404
403
403
402
396
389
381
372
361
344
332
318
302
284
264
246
224
202
180
157
134
109
84
62
41
17
-7
-33
-55
-81
-107
-130
-153
-175
-196
-214
-232
-250
-267
-283
-295
-306
-319
-330
-338
-344
-347
-351
-354
-356
-359
-358
-355
-351
-344
-336
-324
-312
-304
-292
-278
-262
-243
-225
-204
-184
-163
-138
-115
-92
-69
-46
-19
8
33
56
81
102
121
141
159
178
197
212
227
240
250
259
263
270
277
278
281
284
282
284
286
286
281
273
265
260
251
243
233
222
210
197
184
170
156
140
125
110
95
79
64
49
33
17
2
-12
-25
-37
-49
-60
-72
-83
-94
-105
-117
-127
-136
-144
-150
-157
-163
-169
-174
-179
-183
-184
-187
-191
-194
-195
-197
-194
-192
-189
-190
-189
-186
-180
-176
-173
-170
-165
-156
-149
-142
-132
-124
-113
-103
-92
-79
-69
-58
-44
-32
-20
-8
5
21
35
48
61
73
84
94
104
117
127
133
138
146
155
160
164
168
172
174
176
180
180
179
179
178
178
173
169
164
159
155
147
140
134
128
119
110
98
87
75
65
56
47
38
27
18
10
3
-9
-20
-25
-32
-37
-42
-50
-60
-72
-79
-84
-89
-96
-103
-110
-115
-122
-128
-132
-140
-144
-147
-149
-149
-151
-154
-155
-156
-158
-157
-157
-156
-156
-154
-149
-145
-140
-133
-126
-119
-113
-103
-95
-84
-74
-65
-52
-39
-27
-15
-4
10
23
36
49
62
72
84
95
105
114
123
132
139
146
151
155
160
163
163
164
166
167
167
168
168
165
164
161
159
156
147
140
133
127
121
114
104
94
84
74
66
55
44
32
22
12
1
-10
-21
-31
-41
-51
-59
-68
-75
-83
-95
-106
-115
-124
-133
-139
-146
-152
-157
-162
-165
-168
-171
-176
-176
-177
-175
-176
-176
-174
-172
-170
-166
-162
-156
-152
-148
-142
-133
-124
-113
-106
-100
-89
-78
-63
-50
-38
-26
-13
-1
11
26
39
53
67
80
95
108
121
134
145
155
167
177
187
194
199
205
212
218
222
225
227
229
227
226
224
222
220
216
210
203
195
191
180
167
155
143
132
119
103
89
72
54
38
21
3
-15
-31
-49
-68
-84
-102
-118
-135
-150
-163
-177
-190
-202
-216
-230
-240
-249
-257
-264
-271
-276
-279
-280
-281
-281
-279
-272
-266
-258
-251
-243
-232
-221
-211
-199
-183
-169
-155
-138
-122
-105
-89
-69
-50
-31
-12
9
28
47
66
84
103
119
137
155
172
188
203
219
231
244
257
266
273
280
287
293
295
298
300
297
294
293
286
282
275
266
257
247
236
224
211
200
184
167
152
135
119
103
85
66
45
25
4
-15
-35
-55
-75
-95
-112
-132
-150
-169
-187
-201
-215
-229
-241
-255
-267
-277
-287
-296
-301
-307
-312
-317
-317
-317
-317
-317
-313
-309
-305
-296
-287
-274
-262
-251
-236
-222
-207
-188
-171
-148
-126
-105
-85
-65
-41
-18
6
32
56
82
107
130
154
176
194
215
233
249
263
276
289
298
306
314
319
322
325
327
325
326
322
317
311
303
295
285
274
262
247
232
219
203
186
167
149
129
111
92
73
53
34
15
-3
-20
-38
-55
-74
-91
-109
-124
-140
-157
-172
-188
-201
-211
-224
-233
-243
-252
-258
-264
-268
-270
-274
-275
-275
-276
-275
-272
-268
-261
-256
-248
-241
-234
-216
-205
-195
-183
-173
-156
-140
-127
-114
-102
-86
-67
-54
-41
-25
-8
6
21
39
53
67
76
86
100
113
127
135
139
149
155
163
169
165
169
174
176
181
173
168
172
170
172
165
153
153
149
146
142
125
121
117
109
104
90
77
69
60
52
41
27
20
10
1
-8
-15
-22
-28
-35
-42
-43
-46
-52
-56
-60
-59
-53
-55
-56
-58
-57
-45
-44
-46
-46
-47
-47
-45
-44
-42
-43
-43
-41
-40
-40
-36
-34
-33
-29
-26
-24
-22
-19
-17
-13
-10
-6
-3
1
5
6
6
8
13
15
17
20
22
22
23
26
28
30
33
34
36
35
35
37
37
39
39
37
39
40
39
39
37
36
34
32
30
31
28
27
26
25
22
19
19
17
13
11
7
4
3
0
-3
-4
-3
-5
-7
-9
-14
-16
-19
-20
-22
-22
-23
-24
-27
-29
-33
-34
-33
-33
-34
-34
-34
-34
-32
-32
-32
-31
-30
-30
-31
-28
-27
-28
-26
-24
-23
