-1
2
2
3
2
0
0
3
5
3
0
0
1
3
4
2
-1
-4
-5
-4
-3
-3
1
5
7
7
5
2
-2
-2
0
1
0
-2
-2
1
4
4
3
1
0
-2
-4
-6
-4
-2
0
3
5
4
5
4
4
3
0
-3
-5
-1
4
4
1
-1
-1
1
4
5
4
3
4
6
7
4
-1
-2
-4
-4
-1
3
4
1
0
-2
-4
-3
0
2
2
1
0
-3
-2
-2
0
3
3
1
-2
-5
-8
-8
-7
-2
2
3
3
5
1
-3
-6
-6
-1
3
2
2
0
-6
-9
-11
-8
-5
0
3
3
1
-2
-3
-3
-5
-6
-6
-5
-3
-1
1
0
-1
0
2
1
-3
-4
0
4
7
6
6
5
4
1
-2
-1
2
1
-1
0
1
3
5
2
1
3
5
3
2
3
6
7
7
8
6
4
4
4
7
7
9
8
7
6
4
5
3
3
3
2
3
2
-3
-4
0
5
7
4
-3
-8
-10
-10
-8
-6
-6
-3
0
0
-3
-3
-4
-7
-8
-8
-8
-9
-8
-6
-2
-1
-1
-3
-4
-5
-7
-6
-2
1
1
-1
-1
-3
-3
-2
-3
0
2
7
10
8
7
4
0
-3
-3
-2
0
-1
-5
-8
-9
-13
-16
-17
-22
-21
-20
-20
-19
-18
-17
-17
-21
-21
-18
-13
-8
-1
3
8
9
8
7
7
10
17
28
33
38
41
43
44
48
64
65
65
67
63
79
91
83
77
72
75
71
64
61
44
40
38
22
1
-19
-30
-39
-55
-73
-77
-85
-114
-130
-134
-154
-161
-173
-196
-199
-207
-213
-208
-230
-251
-249
-252
-252
-249
-253
-242
-219
-201
-185
-164
-135
-109
-80
-52
-20
12
44
79
105
137
172
195
215
226
240
262
272
278
284
278
286
284
264
249
230
211
191
154
112
67
19
-27
-76
-123
-161
-192
-215
-232
-244
-245
-240
-220
-190
-159
-121
-77
-23
27
76
130
180
226
264
299
331
353
373
382
381
378
370
356
333
300
271
241
207
173
137
102
74
45
15
-13
-40
-66
-92
-109
-125
-140
-157
-170
-190
-210
-213
-221
-228
-241
-251
-246
-245
-256
-256
-248
-259
-253
-239
-236
-233
-225
-215
-198
-181
-177
-169
-144
-124
-126
-107
-83
-83
-64
-42
-30
-17
-1
12
21
35
38
47
70
78
89
113
124
134
152
174
185
189
215
230
233
246
253
258
260
268
264
246
242
235
221
205
188
162
142
124
92
61
27
-4
-47
-87
-116
-163
-203
-232
-274
-306
-322
-341
-359
-363
-366
-362
-340
-316
-292
-262
-219
-180
-145
-91
-49
-7
54
97
137
188
233
254
283
313
314
327
338
334
328
333
323
293
291
264
245
226
199
185
114
149
82
8
98
-56
-29
-26
-139
-47
-204
-119
-152
-307
-90
-311
-270
-158
-381
-241
-324
-334
-291
-396
-246
-393
-394
-233
-425
-350
-260
-375
-301
-257
-281
-257
-237
-203
-188
-174
-86
-105
-93
43
-20
35
143
103
181
208
246
298
287
376
389
388
476
470
458
508
506
501
523
517
514
471
471
488
407
419
411
323
333
296
225
185
137
89
0
-45
-100
-204
-262
-331
-413
-484
-522
-575
-649
-660
-688
-716
-697
-674
-650
-614
-559
-505
-443
-350
-263
-187
-90
1
68
150
220
274
333
367
419
427
428
493
438
426
460
416
405
355
378
331
225
308
220
154
183
94
98
50
33
-14
-44
28
-174
-109
0
-257
-170
-76
-230
-254
-154
-196
-328
-178
-241
-365
-141
-297
-387
-139
-273
-408
-206
-190
-389
-271
-121
-320
-264
-124
-261
-179
-96
-189
-95
-8
-85
-73
77
45
-42
138
158
63
175
204
190
217
230
270
257
278
286
286
337
285
314
348
292
334
322
317
338
296
294
280
265
207
188
191
71
43
40
-66
-126
-138
-205
-313
-304
-333
-448
-401
-412
-501
-451
-435
-465
-421
-372
-343
-309
-231
-171
-124
-27
16
78
156
202
245
244
371
367
274
440
442
341
338
464
412
184
437
366
157
349
232
167
202
76
90
89
-25
-47
-17
-63
-211
-178
-61
-275
-337
-110
-306
-348
-245
-434
-209
-386
-502
-178
-455
-358
-357
-453
-211
-519
-315
-275
-487
-92
-410
-359
-7
-394
-202
-80
-213
-27
-107
-42
47
20
96
55
164
211
120
255
277
244
345
289
316
430
322
350
452
379
397
423
401
447
421
395
456
427
401
424
408
377
331
336
324
222
214
205
76
40
10
-88
-144
-208
-274
-312
-372
-429
-445
-470
-532
-531
-509
-537
-519
-487
-435
-393
-376
-273
-238
-178
-94
-135
5
61
1
89
113
192
98
86
317
112
123
264
125
245
143
152
263
47
216
129
-31
283
-14
-65
236
-71
-11
40
-2
-4
-113
149
-171
-94
189
-312
-49
72
-256
-86
7
-239
-161
88
-316
-215
78
-292
-198
-129
-166
-130
-283
-96
-191
-156
-88
-329
98
-90
-325
117
-57
-130
-3
63
56
13
166
119
120
202
144
181
292
226
234
381
276
266
350
287
320
356
331
369
389
371
374
375
333
239
269
293
164
140
188
62
-55
-81
-190
-282
-398
-464
-489
-590
-616
-664
-656
-740
-810
-647
-729
-674
-492
-553
-366
-257
-218
-111
-113
143
82
51
401
287
342
438
445
537
327
611
594
304
677
487
472
529
244
656
192
130
548
-55
262
43
-35
258
-370
125
-186
-235
134
-692
127
-155
-711
75
-393
-280
-471
-246
-103
-922
129
-523
-837
206
-963
-473
-229
-762
-383
-734
-170
-686
-725
145
-914
-271
-38
-646
106
-384
-154
224
-392
100
203
18
150
152
401
216
277
459
325
574
395
420
748
464
512
709
681
633
664
895
707
713
972
721
776
899
728
712
662
669
474
339
432
113
-13
15
-247
-395
-430
-545
-756
-738
-798
-952
-854
-982
-926
-833
-932
-704
-703
-610
-471
-514
-213
-265
-254
63
-44
-38
217
203
52
312
403
101
315
511
264
157
427
460
-64
186
509
-133
-76
359
-142
-119
160
-181
-1
-16
-42
-156
-44
313
-591
137
440
-736
328
265
-423
179
195
-12
-249
268
225
-579
213
269
-620
106
107
-561
26
-135
-373
-141
-291
-14
-405
-346
178
-546
-210
-28
-409
41
-316
-131
94
-263
70
-89
28
214
-117
170
362
103
106
467
309
60
450
420
176
349
534
365
239
626
490
211
567
501
286
382
412
303
143
212
105
-130
-115
-204
-372
-442
-418
-561
-631
-529
-703
-635
-552
-675
-476
-415
-435
-291
-200
-98
-120
-85
250
103
13
505
297
282
445
437
644
208
613
644
206
737
157
502
530
-137
565
-31
185
57
-281
460
-572
5
30
-579
291
-619
-109
59
-746
112
-333
-356
-141
-396
-191
-367
-152
-548
-247
-27
-1044
-36
-92
-1198
-53
-221
-1024
-184
-201
-884
-163
52
-887
-65
383
-708
-122
545
-288
-187
492
12
-26
434
46
140
538
195
145
570
500
216
444
696
495
389
648
625
498
588
542
670
650
456
738
701
428
698
569
339
545
366
210
217
156
-130
-286
-204
-562
-632
-605
-755
-801
-916
-812
-957
-971
-741
-1029
-636
-569
-824
-209
-461
-283
-149
-142
96
-113
554
115
143
949
260
271
903
581
408
719
674
668
441
537
604
470
176
157
843
-49
-327
742
144
-519
162
34
-230
106
-549
-156
626
-846
-712
735
-580
-850
245
-373
-520
-21
-535
-775
223
-702
-1246
437
-643
-1154
178
-583
-917
-196
-356
-804
-290
100
-604
-251
213
-402
-154
61
-212
15
234
92
7
399
321
-146
292
573
84
440
811
400
664
611
364
642
410
518
753
697
845
769
810
714
468
595
524
501
572
498
510
281
-88
-201
-365
-759
-703
-475
-753
-818
-636
-876
-1102
-970
-921
-837
-581
-486
-366
-138
-217
-398
-132
151
-39
129
701
463
380
678
255
440
671
294
559
886
761
226
542
748
-280
359
492
-65
729
63
121
414
-482
15
-114
-182
171
-177
137
-72
-306
-416
-389
-203
-786
10
62
-997
-157
-181
-1334
-838
-160
-1030
-842
-31
-822
-858
-375
-924
-1080
-218
-284
-909
123
109
-774
-203
-232
-402
19
70
110
451
457
-92
214
481
8
450
718
654
927
680
657
721
372
455
763
650
705
1043
832
551
704
758
417
511
935
562
505
746
418
265
86
-57
-257
-458
-328
-572
-638
-607
-1014
-1110
-1074
-1218
-1169
-892
-912
-803
-571
-814
-565
-377
-509
-114
85
375
452
276
817
730
195
757
1133
658
817
1273
966
711
863
669
587
889
456
434
886
168
29
269
-154
-34
-26
-412
-189
176
-641
-740
163
-724
-1043
-225
-481
-725
-413
-425
-1100
-694
-714
-1583
-154
-365
-1600
-247
-647
-1549
-669
-415
-824
-834
-280
-761
-714
231
-502
-298
211
-686
-250
310
149
387
502
446
182
284
641
587
810
961
830
990
957
857
936
773
697
836
873
904
1000
884
630
665
611
430
582
574
352
368
405
182
4
-25
-378
-662
-615
-767
-842
-687
-862
-1181
-1087
-1193
-1478
-1106
-943
-1059
-738
-694
-712
-447
-266
-137
49
296
330
476
741
784
927
987
1012
1019
1019
1209
1101
995
1046
962
886
812
865
673
473
481
218
260
310
-12
-170
-207
-377
-562
-390
-374
-710
-835
-834
-1000
-1091
-789
-888
-1151
-863
-1099
-1218
-812
-905
-981
-942
-891
-794
-818
-597
-451
-498
-610
-668
-295
-312
-418
-99
-137
-92
-103
-80
551
481
145
654
785
416
593
1146
1216
1117
1446
1406
1026
898
803
886
1098
1165
1096
883
710
445
314
668
645
234
172
138
-117
-253
-72
-249
-936
-1126
-1040
-1229
-1183
-1026
-1286
-1670
-1737
-1614
-1376
-1132
-1110
-1091
-980
-909
-633
-44
225
157
456
771
906
1219
1491
1570
1361
1384
1818
1818
1772
1967
1738
1466
1513
1571
1548
1340
985
754
655
451
245
322
117
-396
-480
-623
-723
-626
-1105
-1149
-853
-1382
-1425
-1062
-1316
-1454
-1455
-1484
-1252
-995
-1297
-1367
-792
-1249
-1473
-652
-702
-862
-875
-903
-589
-687
-652
-260
-67
-428
-611
-192
-330
-274
-14
94
592
432
175
429
513
530
848
1600
1815
1499
1304
958
889
1087
1322
1652
1584
1122
744
698
806
878
950
741
227
-23
74
140
74
-208
-742
-1281
-1550
-1413
-1072
-1021
-1403
-1752
-1913
-1966
-1650
-1242
-1124
-1185
-1285
-1187
-806
-358
-82
133
327
449
877
1408
1647
1781
1772
1781
2084
2450
2636
2531
2195
1812
1740
2087
2284
2170
1768
1051
604
514
577
724
492
-157
-835
-1123
-992
-967
-1086
-1221
-1407
-1685
-1959
-1602
-1297
-1875
-2148
-1890
-1611
-1360
-1563
-1823
-1833
-1957
-2018
-1241
-250
-744
-1695
-1621
-1250
-819
-370
-76
76
-512
-1207
-817
48
312
135
312
570
283
69
488
1097
1333
1544
2080
2090
1355
915
1216
1801
2175
2262
2084
1437
719
813
1583
1921
1443
755
223
-75
88
565
558
-396
-1578
-2092
-1878
-1435
-1133
-1212
-1932
-2774
-2871
-2300
-1722
-1518
-1611
-1735
-1704
-1430
-866
-301
-181
-189
295
1065
1582
1787
1810
1694
1721
2225
2982
3353
3071
2470
2078
2149
2555
2934
2930
2411
1584
975
927
1187
1312
1073
425
-395
-932
-1072
-1013
-846
-781
-1174
-1850
-2276
-2411
-2453
-2304
-2001
-1869
-2008
-2272
-2518
-2529
-2262
-1938
-1577
-1264
-1356
-1721
-1829
-1592
-1152
-621
-299
-460
-773
-868
-806
-526
-74
248
357
306
164
64
124
396
951
1701
2220
2114
1485
882
818
1434
2308
2748
2348
1406
650
672
1531
2455
2491
1490
194
-448
-11
1004
1548
1021
-349
-1780
-2387
-1922
-1072
-763
-1320
-2265
-2845
-2751
-2267
-1808
-1611
-1700
-1784
-1578
-1202
-953
-891
-728
-177
638
1260
1424
1221
1011
1255
2093
3078
3504
3099
2291
1823
2104
2935
3694
3810
3150
2125
1394
1322
1742
2136
2089
1502
578
-277
-768
-839
-634
-462
-637
-1195
-1942
-2594
-2888
-2738
-2320
-2000
-2104
-2632
-3211
-3454
-3216
-2596
-1921
-1619
-1910
-2457
-2613
-2186
-1497
-867
-527
-663
-1115
-1335
-977
-351
27
103
137
114
-50
-31
398
945
1406
1892
2249
1967
1135
688
1173
2093
2637
2494
1770
807
334
982
2264
2844
2104
770
-54
63
837
1646
1669
533
-1034
-1831
-1511
-768
-442
-835
-1686
-2427
-2557
-2115
-1625
-1511
-1672
-1796
-1730
-1525
-1293
-1099
-873
-390
336
897
947
690
691
1210
2030
2760
3026
2644
1989
1790
2324
3106
3490
3306
2806
2298
2014
2076
2241
2121
1681
1229
918
591
155
-257
-510
-623
-710
-890
-1305
-1954
-2509
-2622
-2354
-2134
-2321
-2859
-3385
-3568
-3283
-2741
-2393
-2501
-2843
-2975
-2648
-2032
-1496
-1305
-1455
-1597
-1405
-921
-489
-375
-404
-259
98
499
738
751
699
909
1603
2408
2598
1942
1127
1022
1749
2648
2930
2304
1172
434
795
1979
2853
2527
1247
92
-93
646
1519
1617
629
-840
-1805
-1770
-1099
-615
-872
-1710
-2511
-2776
-2497
-2080
-1872
-1892
-2002
-2052
-1967
-1799
-1561
-1171
-558
151
607
614
422
521
1170
2173
2983
3099
2533
1883
1874
2687
3731
4184
3738
2803
2131
2190
2845
3432
3299
2438
1440
887
899
1138
1157
766
94
-587
-1045
-1278
-1443
-1658
-1920
-2198
-2529
-2926
-3325
-3592
-3604
-3407
-3220
-3200
-3356
-3535
-3509
-3194
-2700
-2263
-2035
-1992
-1991
-1869
-1534
-1053
-660
-531
-549
-399
17
495
815
936
989
1124
1597
2417
3032
2783
1852
1317
1815
2761
3154
2730
1900
1155
973
1639
2618
2731
1577
216
-118
527
1184
1237
610
-521
-1691
-2177
-1719
-1051
-1080
-1854
-2705
-3112
-3054
-2710
-2297
-2094
-2197
-2382
-2401
-2194
-1793
-1218
-540
59
401
462
418
623
1362
2438
3213
3220
2667
2216
2381
3181
4143
4575
4150
3283
2752
2898
3383
3693
3525
2903
2097
1509
1323
1309
1137
749
291
-165
-635
-1065
-1407
-1711
-2000
-2244
-2508
-2889
-3324
-3599
-3650
-3615
-3633
-3697
-3768
-3823
-3759
-3532
-3246
-3047
-2941
-2814
-2629
-2375
-2063
-1766
-1541
-1282
-876
-416
-83
135
380
641
946
1493
2259
2714
2454
1903
1852
2401
2932
3044
2838
2500
2131
1971
2240
2649
2536
1850
1262
1182
1305
1188
822
355
-238
-917
-1357
-1371
-1290
-1541
-2105
-2584
-2772
-2753
-2615
-2417
-2293
-2358
-2487
-2396
-1989
-1452
-986
-613
-274
32
295
615
1118
1759
2341
2680
2760
2726
2776
3106
3681
4164
4172
3726
3271
3198
3440
3641
3554
3125
2468
1865
1559
1501
1358
896
251
-296
-698
-1043
-1336
-1562
-1819
-2240
-2719
-2997
-3041
-3073
-3246
-3499
-3713
-3861
-3879
-3709
-3455
-3357
-3509
-3695
-3609
-3186
-2663
-2310
-2236
-2265
-2099
-1617
-953
-355
9
139
222
540
1234
1927
2050
1680
1548
2041
2688
2871
2643
2421
2320
2364
2702
3184
3171
2420
1647
1577
1957
1998
1542
959
334
-389
-880
-817
-600
-883
-1661
-2323
-2558
-2571
-2493
-2339
-2261
-2439
-2707
-2685
-2330
-1929
-1575
-1153
-698
-378
-197
50
533
1190
1849
2305
2431
2377
2471
2898
3479
3846
3839
3600
3407
3446
3638
3712
3527
3178
2814
2497
2195
1906
1631
1291
845
327
-198
-666
-1026
-1268
-1493
-1851
-2328
-2760
-3004
-3090
-3129
-3184
-3280
-3454
-3685
-3815
-3724
-3466
-3231
-3180
-3278
-3341
-3214
-2866
-2397
-1971
-1693
-1543
-1360
-973
-453
-17
303
689
1200
1496
1336
1084
1325
2044
2580
2549
2198
1921
1848
2008
2477
2937
2776
1996
1361
1387
1693
1676
1373
1036
507
-292
-841
-736
-449
-695
-1408
-1962
-2206
-2374
-2409
-2148
-1872
-2005
-2366
-2417
-2070
-1650
-1229
-713
-282
-210
-310
-65
618
1349
1854
2119
2157
2031
2042
2500
3260
3775
3743
3373
3039
2972
3185
3540
3747
3502
2822
2101
1732
1724
1777
1589
1087
380
-342
-831
-991
-1008
-1213
-1708
-2252
-2607
-2798
-2933
-2999
-3003
-3055
-3236
-3417
-3420
-3290
-3177
-3115
-3044
-2939
-2840
-2705
-2450
-2129
-1868
-1657
-1336
-866
-455
-248
-65
358
966
1326
1257
1112
1297
1757
2096
2119
1970
1771
1596
1634
1979
2293
2079
1431
934
908
1066
1030
805
428
-201
-921
-1230
-984
-731
-1041
-1738
-2223
-2342
-2280
-2079
-1786
-1654
-1885
-2185
-2082
-1566
-976
-529
-211
-26
26
187
750
1573
2176
2363
2351
2421
2642
2978
3397
3725
3737
3506
3343
3405
3541
3509
3338
3157
2913
2562
2205
1924
1669
1328
913
497
45
-477
-950
-1263
-1502
-1849
-2311
-2712
-2972
-3164
-3308
-3392
-3429
-3478
-3557
-3586
-3497
-3324
-3120
-2949
-2835
-2719
-2531
-2268
-2028
-1812
-1540
-1189
-787
-369
-31
134
209
549
1333
2061
2054
1451
1086
1441
2157
2573
2493
2051
1444
1069
1380
2188
2568
1973
933
323
326
521
637
528
-78
-1149
-1998
-2008
-1506
-1359
-1814
-2355
-2612
-2687
-2662
-2439
-2108
-1961
-2006
-1936
-1663
-1392
-1141
-663
72
699
937
994
1211
1692
2372
3067
3507
3505
3209
3157
3638
4296
4608
4408
3966
3609
3458
3515
3654
3576
3080
2339
1735
1486
1434
1236
747
53
-655
-1137
-1389
-1607
-1963
-2492
-3025
-3408
-3657
-3799
-3891
-4002
-4119
-4196
-4171
-4028
-3867
-3695
-3456
-3190
-2969
-2812
-2609
-2259
-1836
-1425
-1097
-886
-680
-353
194
835
1193
1169
1140
1500
2228
2759
2603
2079
1836
2121
2646
2903
2685
2177
1687
1537
1892
2336
2242
1550
760
402
456
524
432
92
-653
-1586
-2143
-2047
-1660
-1684
-2247
-2814
-3109
-3116
-2817
-2362
-2011
-2046
-2329
-2270
-1786
-1197
-647
-210
145
403
565
974
1652
2237
2682
3020
3227
3322
3328
3557
4079
4412
4364
4093
3766
3583
3535
3561
3591
3268
2533
1821
1372
1179
1032
678
142
-566
-1366
-1892
-2061
-2110
-2296
-2801
-3439
-3942
-4219
-4139
-3859
-3765
-4001
-4419
-4620
-4373
-3866
-3331
-2974
-2924
-3003
-2886
-2363
-1614
-1077
-853
-713
-563
-366
-44
503
1132
1488
1627
1782
1921
2003
2299
3054
3794
3620
2641
2029
2414
3193
3478
3176
2571
1789
1188
1404
2338
2763
1914
566
-121
-52
128
229
267
-299
-1740
-3049
-3085
-2204
-1753
-2272
-3092
-3692
-4115
-4110
-3364
-2400
-2144
-2658
-3030
-2706
-2035
-1310
-454
307
530
356
557
1431
2320
2749
3003
3323
3537
3554
3644
3970
4221
4189
4106
4141
3993
3505
3046
2926
2948
2730
2208
1586
924
273
-107
-149
-236
-777
-1658
-2384
-2742
-2879
-2932
-3006
-3281
-3806
-4272
-4322
-4027
-3758
-3691
-3695
-3659
-3595
-3424
-3008
-2469
-2100
-1937
-1727
-1349
-955
-634
-271
147
437
545
695
1074
1523
1801
1974
2172
2298
2332
2525
3080
3600
3427
2690
2210
2424
2922
3107
2864
2309
1541
964
1128
1861
2149
1390
206
-499
-565
-379
-203
-243
-951
-2336
-3474
-3498
-2737
-2261
-2582
-3354
-4077
-4479
-4266
-3375
-2414
-2146
-2596
-3035
-2883
-2175
-1186
-174
517
649
459
555
1268
2299
3180
3666
3726
3490
3293
3477
4051
4599
4716
4422
3948
3494
3227
3224
3327
3195
2654
1891
1231
779
481
263
-6
-488
-1165
-1771
-2109
-2282
-2505
-2795
-3060
-3297
-3535
-3699
-3703
-3634
-3649
-3707
-3624
-3371
-3125
-2970
-2791
-2489
-2134
-1838
-1554
-1182
-781
-481
-275
-55
221
465
665
949
1281
1497
1580
1708
1954
2175
2321
2610
3059
3195
2738
2139
2048
2479
2834
2700
2171
1521
1006
937
1358
1743
1471
585
-266
-605
-516
-323
-293
-732
-1731
-2819
-3287
-2964
-2434
-2345
-2801
-3493
-4016
-4032
-3447
-2589
-2015
-1979
-2245
-2392
-2138
-1395
-334
613
1048
968
804
1023
1732
2676
3448
3713
3486
3155
3119
3456
3916
4194
4141
3793
3333
2992
2844
2705
2460
2146
1809
1396
846
250
-245
-598
-802
-869
-975
-1400
-2149
-2838
-3072
-2858
-2557
-2522
-2839
-3375
-3822
-3834
-3372
-2758
-2434
-2531
-2773
-2810
-2477
-1871
-1228
-756
-574
-650
-748
-590
-119
422
760
844
830
814
863
1143
1656
2114
2240
2174
2292
2498
2405
2064
1959
2245
2454
2228
1847
1620
1382
1083
1093
1510
1674
1054
128
-300
-217
-198
-386
-593
-1028
-1969
-2940
-3130
-2609
-2316
-2700
-3262
-3567
-3729
-3782
-3415
-2636
-2068
-2084
-2261
-2070
-1572
-988
-251
648
1327
1440
1286
1441
2038
2806
3469
3880
3893
3504
3109
3189
3739
4267
4349
3942
3263
2594
2209
2248
2472
2385
1763
865
113
-297
-434
-427
-444
-717
-1309
-1956
-2330
-2415
-2404
-2398
-2433
-2599
-2951
-3303
-3385
-3172
-2891
-2671
-2501
-2386
-2355
-2316
-2076
-1631
-1172
-836
-613
-494
-479
-453
-283
20
313
556
745
830
831
916
1177
1495
1786
2107
2359
2232
1733
1396
1612
2049
2200
2049
1794
1384
841
653
1151
1758
1616
766
-5
-303
-386
-391
-251
-328
-1148
-2421
-3121
-2815
-2261
-2223
-2575
-2899
-3202
-3508
-3443
-2769
-1985
-1707
-1809
-1793
-1554
-1265
-812
48
1070
1661
1679
1563
1713
2163
2813
3545
4075
4048
3525
3050
3065
3490
3923
4049
3766
3133
2389
1930
1943
2143
2064
1556
839
192
-277
-546
-628
-679
-915
-1360
-1824
-2148
-2370
-2534
-2574
-2504
-2496
-2660
-2861
-2947
-2944
-2886
-2677
-2310
-2028
-2018
-2108
-2014
-1741
-1471
-1217
-928
-712
-709
-813
-747
-467
-142
125
339
464
460
454
620
1026
1604
2122
2252
1904
1377
1173
1448
1905
2246
2357
2154
1607
1058
1004
1424
1687
1407
897
563
345
71
-156
-292
-659
-1440
-2159
-2288
-2025
-1965
-2251
-2542
-2703
-2879
-2987
-2715
-2124
-1661
-1515
-1420
-1142
-794
-482
-28
653
1307
1674
1824
1981
2197
2440
2762
3171
3446
3400
3152
2976
2993
3100
3175
3150
2911
2425
1878
1535
1434
1350
1093
676
197
-297
-734
-1001
-1094
-1169
-1347
-1598
-1852
-2121
-2384
-2540
-2528
-2440
-2376
-2329
-2316
-2434
-2628
-2666
-2429
-2076
-1805
-1618
-1472
-1470
-1632
-1688
-1425
-1020
-740
-600
-485
-411
-431
-387
-136
186
353
421
638
1067
1566
1954
2109
1935
1537
1249
1316
1705
2172
2501
2539
2210
1695
1345
1292
1321
1243
1124
1072
983
716
309
-189
-828
-1558
-2023
-1963
-1626
-1497
-1775
-2245
-2648
-2872
-2810
-2373
-1736
-1285
-1229
-1374
-1379
-1107
-637
-26
678
1291
1600
1605
1580
1757
2109
2470
2742
2876
2819
2586
2360
2329
2446
2505
2376
2097
1751
1409
1168
1069
968
664
172
-294
-570
-678
-724
-807
-1018
-1348
-1635
-1731
-1661
-1551
-1493
-1560
-1775
-2014
-2061
-1894
-1791
-1867
-1865
-1669
-1553
-1651
-1647
-1349
-1124
-1255
-1363
-1040
-584
-522
-700
-618
-405
-495
-716
-540
-11
292
282
473
1019
1485
1595
1600
1700
1655
1410
1337
1657
2056
2127
1939
1779
1705
1612
1493
1403
1281
1054
798
643
561
374
-54
-712
-1444
-2039
-2316
-2261
-2062
-1928
-1973
-2183
-2470
-2704
-2721
-2439
-1957
-1482
-1132
-871
-614
-351
-59
343
888
1452
1848
2044
2159
2284
2410
2515
2642
2782
2837
2755
2631
2570
2529
2371
2043
1639
1296
1074
947
833
599
170
-386
-871
-1116
-1135
-1072
-1078
-1192
-1396
-1623
-1800
-1888
-1894
-1865
-1828
-1766
-1647
-1538
-1495
-1498
-1488
-1444
-1453
-1486
-1404
-1154
-843
-631
-524
-529
-660
-822
-840
-607
-296
-98
-53
-80
-122
-113
99
573
1217
1783
2051
1932
1495
1065
920
1111
1506
1899
2141
2111
1793
1386
1062
793
471
157
56
175
300
215
-150
-801
-1677
-2515
-2977
-2928
-2557
-2141
-1846
-1750
-1858
-2091
-2276
-2249
-1942
-1387
-691
7
578
957
1170
1293
1453
1746
2178
2670
3117
3440
3566
3448
3121
2719
2399
2228
2180
2169
2100
1897
1534
1063
548
46
-386
-709
-919
-1060
-1182
-1336
-1570
-1851
-2085
-2170
-2098
-1930
-1738
-1585
-1493
-1458
-1434
-1379
-1309
-1259
-1217
-1119
-921
-648
-378
-193
-153
-235
-343
-360
-248
-71
59
62
-33
-162
-259
-294
-279
-210
-81
127
438
819
1230
1543
1639
1491
1182
899
704
613
638
796
1069
1318
1395
1220
786
148
-530
-1001
-1085
-834
-507
-385
-615
-1189
-1985
-2772
-3293
-3390
-3100
-2572
-1958
-1375
-932
-734
-770
-900
-945
-769
-333
362
1262
2197
2918
3264
3275
3109
2911
2820
2957
3314
3699
3839
3607
3107
2526
1985
1509
1097
737
405
89
-207
-470
-728
-1052
-1486
-1972
-2336
-2465
-2397
-2278
-2181
-2047
-1829
-1582
-1401
-1315
-1291
-1301
-1311
-1203
-877
-374
107
356
340
168
-30
-166
-186
-77
108
229
179
-19
-260
-420
-503
-575
-673
-771
-780
-589
-112
613
1404
1938
1973
1565
984
552
338
262
295
478
819
1182
1388
1323
901
118
-825
-1571
-1838
-1669
-1319
-1008
-872
-1014
-1520
-2297
-3077
-3574
-3673
-3405
-2808
-1944
-957
-75
527
803
781
547
272
271
802
1820
2994
3973
4604
4898
4878
4555
4026
3433
2903
2515
2316
2332
2434
2342
1850
972
-46
-930
-1592
-2039
-2321
-2454
-2462
-2401
-2294
-2178
-2131
-2230
-2446
-2605
-2517
-2145
-1610
-1048
-553
-171
79
197
234
242
242
250
285
405
624
877
1066
1094
927
554
18
-547
-950
-1078
-1013
-933
-933
-922
-736
-298
321
993
1534
1769
1673
1388
1160
1023
830
512
200
139
364
699
937
914
507
-291
-1272
-2048
-2387
-2393
-2281
-2221
-2244
-2378
-2663
-3008
-3275
-3417
-3477
-3424
-3051
-2206
-1031
137
1036
1590
1839
1855
1817
1964
2379
2914
3391
3828
4354
4930
5316
5316
4900
4176
3273
2342
1593
1127
836
540
166
-208
-502
-808
-1236
-1815
-2445
-2965
-3257
-3222
-2857
-2296
-1723
-1291
-1030
-861
-739
-658
-617
-588
-479
-252
72
453
815
1080
1163
1050
831
611
414
209
-7
-189
-293
-369
-448
-538
-696
-966
-1343
-1634
-1621
-1213
-496
390
1283
1958
2252
2133
1781
1333
795
202
-298
-498
-349
12
412
658
515
-108
-1090
-2073
-2774
-3194
-3425
-3554
-3591
-3527
-3401
-3192
-2938
-2767
-2744
-2782
-2606
-2002
-1051
40
1074
1937
2608
3059
3388
3733
4077
4318
4385
4387
4514
4751
4917
4873
4588
4104
3432
2604
1776
1042
330
-416
-1141
-1643
-1814
-1820
-1816
-1862
-1940
-2019
-2150
-2260
-2219
-2031
-1744
-1423
-1059
-593
-126
232
469
612
722
744
623
431
232
92
40
43
112
198
193
57
-234
-622
-1037
-1464
-1816
-2037
-2124
-2062
-1896
-1567
-972
-130
915
1881
2509
2727
2522
2096
1542
881
257
-283
-592
-553
-235
263
557
310
-435
-1466
-2394
-3053
-3547
-3897
-4186
-4389
-4404
-4230
-3842
-3372
-3022
-2751
-2423
-1853
-997
-60
839
1642
2338
3012
3665
4302
4879
5263
5444
5535
5656
5836
5905
5692
5205
4522
3765
2982
2164
1305
365
-622
-1488
-2038
-2205
-2151
-2117
-2193
-2291
-2285
-2141
-1930
-1739
-1617
-1544
-1419
-1128
-638
-76
368
589
645
652
653
614
470
206
-146
-511
-803
-968
-1036
-1079
-1154
-1278
-1423
-1602
-1843
-2137
-2440
-2684
-2797
-2685
-2253
-1446
-322
963
2178
3140
3753
3962
3809
3297
2487
1522
587
-61
-283
-116
246
497
430
34
-618
-1393
-2256
-3200
-4147
-5003
-5609
-5825
-5620
-5050
-4310
-3568
-2854
-2133
-1348
-510
294
1033
1693
2309
2955
3646
4351
4961
5382
5622
5756
5852
5906
5859
5657
5280
4724
3983
3053
1942
716
-504
-1556
-2301
-2694
-2797
-2720
-2540
-2290
-1975
-1650
-1386
-1235
-1187
-1167
-1079
-856
-503
-82
328
696
1029
1329
1546
1596
1419
1020
488
-65
-550
-937
-1257
-1548
-1810
-2033
-2190
-2292
-2395
-2533
-2742
-2996
-3189
-3179
-2817
-2038
-945
287
1436
2375
3080
3550
3751
3585
3010
2144
1222
513
142
33
3
-141
-424
-721
-937
-1095
-1363
-1919
-2765
-3754
-4647
-5277
-5617
-5713
-5594
-5181
-4337
-3023
-1395
248
1607
2544
3116
3473
3727
3887
3922
3858
3820
3984
4428
5067
5677
6025
6009
5633
4967
4040
2818
1315
-349
-1926
-3144
-3846
-4019
-3785
-3282
-2601
-1800
-955
-211
276
438
330
120
-31
-53
49
239
534
975
1578
2266
2854
3140
3019
2508
1732
827
-120
-1036
-1880
-2570
-3032
-3221
-3144
-2906
-2644
-2478
-2465
-2518
-2512
-2320
-1875
-1251
-557
113
725
1306
1818
2148
2174
1837
1253
626
125
-205
-479
-817
-1232
-1633
-1870
-1912
-1889
-1976
-2302
-2808
-3327
-3734
-4000
-4204
-4415
-4540
-4393
-3775
-2660
-1226
290
1695
2933
4021
4927
5550
5771
5547
5019
4439
4041
3920
3993
4115
4188
4193
4126
3921
3445
2572
1294
-242
-1789
-3116
-4070
-4616
-4756
-4477
-3786
-2734
-1486
-263
743
1431
1799
1890
1759
1468
1106
798
686
852
1268
1811
2316
2682
2870
2861
2610
2065
1208
119
-1046
-2109
-2925
-3442
-3685
-3711
-3555
-3202
-2621
-1825
-886
42
800
1298
1519
1533
1386
1047
513
-173
-864
-1373
-1587
-1504
-1272
-1092
-1070
-1219
-1449
-1720
-2090
-2628
-3363
-4188
-4903
-5348
-5460
-5328
-5082
-4723
-4163
-3283
-2077
-712
617
1775
2755
3637
4434
5073
5444
5494
5322
5107
5001
5046
5145
5185
5107
4916
4632
4195
3512
2513
1231
-181
-1546
-2694
-3537
-4063
-4261
-4129
-3667
-2916
-2015
-1109
-318
311
788
1113
1280
1293
1191
1077
1061
1222
1537
1903
2221
2442
2577
2634
2554
2245
1648
793
-180
-1100
-1850
-2414
-2860
-3189
-3342
-3158
-2540
-1540
-339
770
1624
2173
2455
2521
2274
1627
608
-599
-1652
-2309
-2525
-2436
-2306
-2237
-2183
-2070
-1878
-1812
-2063
-2698
-3611
-4519
-5231
-5703
-6012
-6267
-6369
-6093
-5270
-3884
-2204
-521
1001
2310
3513
4574
5349
5700
5560
5125
4683
4423
4408
4490
4551
4594
4630
4707
4697
4397
3707
2621
1341
66
-1107
-2110
-2955
-3551
-3752
-3512
-2835
-1914
-980
-132
556
1132
1594
1831
1821
1548
1144
810
632
666
827
1006
1216
1444
1714
1974
2026
1773
1150
245
-700
-1595
-2325
-2898
-3364
-3532
-3314
-2572
-1346
-16
1222
2121
2654
3025
3108
2880
2226
1056
-244
-1450
-2295
-2655
-2864
-2974
-3079
-3124
-2825
-2412
-2021
-1880
-2251
-2859
-3604
-4312
-4842
-5458
-6045
-6466
-6542
-5882
-4657
-3029
-1198
493
2158
3710
5024
6057
6466
6314
5801
5087
4522
4063
3688
3467
3297
3335
3544
3717
3757
3395
2672
1777
733
-300
-1323
-2299
-3036
-3499
-3516
-3050
-2294
-1368
-478
367
1222
1926
2393
2548
2383
2040
1568
1123
835
627
490
427
501
768
1021
1102
977
632
147
-499
-1255
-1983
-2683
-3225
-3445
-3169
-2318
-1205
-46
1061
2056
2930
3425
3444
3003
2056
793
-546
-1648
-2370
-2955
-3443
-3695
-3605
-3158
-2623
-2132
-1786
-1831
-2216
-2793
-3382
-3956
-4739
-5567
-6115
-6193
-5706
-4766
-3406
-1732
-27
1681
3381
4906
6022
6478
6435
6147
5644
5011
4310
3665
3134
2672
2437
2485
2614
2598
2344
2021
1697
1213
552
-202
-950
-1669
-2315
-2668
-2655
-2441
-2134
-1672
-936
-56
688
1239
1669
1973
2074
1976
1810
1581
1184
683
326
234
235
109
-110
-259
-364
-547
-810
-1086
-1400
-1801
-2119
-2009
-1425
-683
-8
643
1416
2180
2668
2853
2736
2230
1326
276
-531
-1099
-1729
-2455
-3001
-3132
-2958
-2707
-2394
-2097
-2047
-2302
-2663
-2907
-3191
-3811
-4639
-5284
-5520
-5366
-4889
-4035
-2881
-1642
-315
1220
2882
4279
5071
5376
5421
5261
4864
4275
3623
2917
2195
1707
1631
1830
1970
1918
1851
1818
1697
1423
1037
589
24
-586
-974
-1069
-1040
-1032
-937
-575
-45
443
872
1306
1683
1875
1911
1936
1891
1601
1126
717
478
218
-195
-587
-828
-1029
-1314
-1619
-1821
-1986
-2158
-2079
-1562
-819
-172
328
930
1619
2072
2163
1944
1461
694
-203
-847
-1195
-1589
-2156
-2617
-2660
-2392
-2103
-1806
-1502
-1371
-1508
-1746
-1890
-2162
-2872
-3819
-4546
-4852
-4868
-4646
-4028
-3050
-1927
-666
849
2454
3662
4244
4443
4489
4296
3750
3022
2298
1575
911
578
737
1110
1333
1425
1606
1848
1902
1687
1351
927
364
-204
-511
-519
-482
-495
-330
141
725
1186
1554
1949
2275
2395
2388
2372
2250
1880
1403
1089
918
622
147
-304
-615
-893
-1215
-1487
-1672
-1860
-1983
-1806
-1277
-691
-307
-35
309
665
858
840
654
257
-338
-865
-1141
-1311
-1644
-2090
-2349
-2330
-2172
-1962
-1699
-1489
-1476
-1584
-1591
-1568
-1823
-2419
-3069
-3488
-3684
-3711
-3452
-2891
-2183
-1375
-324
978
2180
2965
3408
3710
3832
3624
3140
2576
1949
1236
636
380
383
356
278
382
705
1012
1144
1179
1166
995
681
436
342
221
-54
-283
-225
46
337
639
1042
1488
1837
2104
2378
2566
2493
2185
1842
1507
1065
502
-22
-428
-778
-1094
-1273
-1258
-1116
-847
-420
108
548
786
912
960
853
520
16
-551
-1145
-1685
-2041
-2210
-2321
-2441
-2468
-2272
-1940
-1618
-1332
-1087
-932
-922
-994
-1082
-1295
-1728
-2253
-2616
-2725
-2674
-2495
-2103
-1499
-795
-46
742
1474
1948
2088
2046
1923
1680
1280
824
465
222
81
93
266
501
685
829
1011
1168
1185
1049
846
639
426
239
149
154
201
279
443
731
1038
1259
1392
1481
1538
1526
1456
1370
1257
1087
890
735
625
477
244
-15
-234
-414
-561
-625
-541
-334
-51
295
680
1035
1239
1281
1193
952
542
-27
-643
-1220
-1770
-2259
-2637
-2872
-2948
-2870
-2609
-2173
-1688
-1241
-875
-586
-392
-385
-572
-883
-1239
-1544
-1707
-1643
-1331
-856
-261
471
1268
1992
2483
2675
2609
2277
1718
1020
258
-465
-1092
-1516
-1647
-1540
-1266
-885
-442
29
419
662
751
674
483
229
-23
-212
-343
-372
-254
24
453
947
1432
1874
2218
2440
2514
2417
2160
1744
1225
681
157
-313
-718
-1012
-1156
-1163
-1044
-816
-493
-105
282
640
930
1105
1152
1054
851
562
191
-201
-562
-834
-1007
-1116
-1153
-1132
-1101
-1068
-1059
-1072
-1117
-1227
-1367
-1505
-1624
-1700
-1745
-1730
-1640
-1481
-1217
-847
-385
152
712
1273
1808
2255
2580
2740
2719
2531
2193
1754
1251
714
192
-273
-641
-896
-1054
-1123
-1119
-1075
-1014
-966
-954
-987
-1068
-1177
-1282
-1348
-1341
-1245
-1047
-742
-337
142
659
1170
1629
2009
2286
2437
2464
2366
2158
1861
1493
1085
667
261
-109
-411
-620
-717
-695
-563
-339
-55
244
507
694
765
706
517
199
-206
-656
-1100
-1486
-1777
-1951
-2001
-1930
-1749
-1487
-1180
-866
-586
-378
-263
-260
-364
-565
-833
-1122
-1383
-1555
-1586
-1442
-1100
-575
97
875
1674
2416
3029
3437
3612
3527
3204
2686
2034
1329
647
59
-378
-645
-735
-668
-496
-269
-54
93
130
28
-213
-565
-994
-1439
-1838
-2136
-2278
-2239
-2008
-1593
-1037
-385
290
923
1463
1855
2073
2102
1949
1651
1248
796
355
-26
-309
-464
-480
-361
-125
192
549
895
1174
1353
1398
1298
1051
677
211
-303
-816
-1286
-1670
-1943
-2089
-2116
-2041
-1891
-1698
-1491
-1304
-1152
-1057
-1021
-1034
-1084
-1153
-1227
-1282
-1290
-1232
-1096
-875
-573
-196
236
696
1162
1597
1973
2264
2445
2517
2470
2319
2081
1775
1441
1107
813
580
421
344
340
391
464
527
550
510
399
217
-21
-289
-556
-787
-956
-1038
-1020
-910
-730
-492
-219
64
326
547
712
803
818
754
621
437
216
-19
-248
-439
-573
-628
-587
-455
-241
29
321
601
824
961
981
876
653
324
-71
-502
-919
-1284
-1570
-1758
-1844
-1839
-1752
-1613
-1445
-1277
-1135
-1036
-988
-991
-1039
-1114
-1201
-1269
-1298
-1263
-1144
-931
-628
-250
177
623
1052
1427
1709
1884
1942
1882
1725
1499
1239
982
754
587
496
484
545
656
791
916
998
1019
968
843
646
395
125
-132
-350
-499
-559
-520
-390
-189
63
338
595
805
943
991
945
814
616
377
121
-121
-321
-460
-524
-513
-437
-310
-152
18
177
310
399
434
409
325
194
20
-183
-396
-608
-796
-950
-1069
-1148
-1195
-1212
-1211
-1194
-1171
-1151
-1133
-1122
-1114
-1109
-1105
-1093
-1067
-1022
-958
-870
-763
-637
-498
-348
-192
-39
106
243
365
479
578
660
737
803
864
914
947
974
988
997
996
984
960
922
867
800
719
628
531
431
340
257
189
142
122
124
147
187
239
303
364
423
471
505
522
515
494
459
414
368
318
274
240
219
216
227
256
301
358
414
452
465
441
369
242
61
-170
-441
-741
-1048
-1336
-1582
-1768
-1885
-1927
-1890
-1784
-1627
-1437
-1239
-1060
-910
-802
-738
-712
-711
-730
-748
-748
-718
-639
-512
-340
-132
97
327
536
700
804
842
817
742
629
506
395
323
303
348
458
618
806
989
1149
1260
1308
1282
1188
1038
846
645
461
311
211
167
171
218
290
366
424
441
405
314
177
8
-176
-351
-496
-585
-608
-558
-449
-296
-117
68
243
395
501
558
562
512
427
311
184
51
-79
-199
-311
-411
-502
-590
-673
-755
-835
-908
-975
-1031
-1071
-1098
-1105
-1092
-1054
-993
-910
-809
-694
-568
-442
-314
-191
-78
20
99
157
193
214
225
225
223
220
219
221
228
242
262
284
309
333
357
381
405
434
468
509
554
608
664
717
759
785
787
759
706
628
539
446
359
290
240
219
218
229
240
240
219
167
83
-27
-160
-299
-429
-532
-587
-588
-530
-416
-262
-82
102
264
392
460
466
410
296
141
-44
-229
-397
-533
-627
-676
-684
-663
-627
-589
-564
-559
-577
-616
-664
-715
-753
-768
-749
-685
-580
-440
-280
-109
57
203
321
400
438
435
397
335
260
177
102
42
-2
-26
-28
-13
12
46
83
126
173
221
267
308
344
374
393
405
408
403
391
381
370
361
351
343
340
336
333
320
299
270
230
181
124
55
-21
-101
-185
-264
-329
-374
-401
-394
-355
-286
-182
-53
91
232
359
460
524
539
505
424
306
166
14
-130
-253
-346
-401
-415
-388
-330
-248
-164
-89
-42
-35
-66
-127
-216
-317
-409
-480
-512
-490
-422
-315
-180
-37
95
192
241
238
177
72
-63
-215
-355
-471
-536
-543
-506
-422
-306
-177
-50
57
131
164
157
108
42
-31
-97
-141
-154
-134
-77
10
117
232
334
422
488
525
535
513
470
423
364
305
243
184
134
85
36
-11
-60
-108
-153
-189
-215
-222
-213
-181
-127
-55
28
116
200
274
329
355
351
329
286
232
177
131
104
99
112
138
171
202
227
237
220
179
109
26
-60
-146
-218
-265
-286
-283
-257
-211
-160
-110
-73
-51
-44
-57
-84
-121
-162
-198
-226
-242
-246
-245
-238
-227
-213
-202
-205
-218
-245
-279
-313
-355
-394
-425
-447
-444
-423
-384
-323
-243
-149
-41
69
173
265
337
379
394
382
347
295
226
163
112
78
68
74
97
124
152
170
180
177
162
135
107
78
57
48
53
72
104
144
188
230
273
303
320
323
317
309
293
276
253
231
215
195
177
155
129
106
76
45
7
-31
-68
-103
-134
-161
-183
-198
-205
-210
-212
-206
-196
-182
-169
-155
-141
-134
-132
-139
-150
-167
-190
-213
-241
-265
-281
-297
-311
-321
-327
-330
-332
-325
-314
-295
-267
-232
-182
-124
-65
-6
51
100
139
161
167
161
136
103
67
36
10
0
5
23
55
92
129
160
179
188
182
161
130
95
65
42
31
39
63
103
154
208
268
324
364
394
405
398
372
328
282
236
198
170
149
140
145
157
171
175
165
148
115
71
12
-56
-123
-180
-224
-253
-261
-253
-235
-207
-175
-148
-128
-126
-143
-176
-216
-253
-297
-335
-363
-380
-369
-348
-322
-286
-248
-202
-156
-118
-86
-61
-39
-22
-8
5
18
35
52
62
70
75
75
74
64
55
48
41
37
36
46
60
74
88
96
102
104
103
100
92
82
74
67
63
61
62
65
76
87
102
116
128
137
141
139
128
111
96
82
66
48
32
19
13
9
9
13
16
20
22
23
24
20
13
4
-10
-25
-41
-56
-70
-77
-82
-83
-82
-85
-89
-98
-105
-112
-124
-134
-144
-152
-155
-153
-146
-133
-117
-93
-65
-38
-10
13
34
48
52
55
50
42
32
22
12
7
4
3
8
16
23
29
30
29
29
26
21
14
9
4
1
-1
-1
4
14
28
36
40
45
50
54
54
51
47
44
49
52
56
59
57
55
56
53
48
40
30
19
8
0
-6
-8
-9
-9
-6
-5
-4
1
6
9
10
7
6
3
-4
-16
-28
-40
-51
-62
-75
-84
-91
-91
-86
-79
-74
-67
-61
-53
-48
-43
-40
-34
-26
-18
-8
4
15
23
30
38
37
35
32
26
17
3
-6
-14
-17
-18
-15
-10
-4
4
14
21
27
29
29
26
22
18
17
13
11
12
16
21
20
22
24
26
24
18
14
12
7
5
1
-2
1
1
3
9
14
18
19
21
20
20
19
17
19
22
25
26
26
27
27
29
27
25
22
16
8
-3
-15
-25
-37
-47
-56
-67
-73
-74
-73
-69
-57
-46
-36
-25
-15
-4
6
11
9
4
1
-1
-2
-1
1
-1
-2
2
5
7
9
7
2
-4
-7
-10
-13
-12
-10
-6
-1
3
3
5
11
14
17
17
14
10
7
4
4
7
9
13
17
23
27
30
31
32
30
24
16
9
0
-4
-7
-10
-10
-12
-12
-13
-11
-8
-5
-4
-2
-1
1
2
0
-1
-1
1
3
5
3
0
0
-2
-6
-10
-12
-16
-18
-20
-20
-20
-18
-14
-13
-10
-9
-11
-7
-5
-1
0
1
5
3
3
2
3
4
2
4
2
0
-3
-5
-5
-5
-6
-4
-4
0
3
2
2
0
-1
-2
-3
-1
0
2
3
6
7
7
11
13
14
15
15
14
13
10
11
13
14
15
14
12
10
9
10
9
7
4
3
4
7
7
5
3
5
6
6
7
4
3
2
-4
-9
-14
-17
-20
-20
-16
-15
-14
-13
-10
-11
-10
-12
-13
-13
-16
-14
-18
-18
-16
-15
-13
-16
-16
-16
-15
-15
-10
-5
-5
-3
0
1
1
3
1
3
6
7
10
14
17
19
18
16
14
15
16
17
14
10
6
8
8
10
12
9
9
11
10
9
7
8
9
11
9
4
1
-1
-1
-4
-4
-5
-5
-6
-7
-4
-2
3
5
5
3
3
1
2
5
4
1
-3
-7
-9
-10
-11
-9
-9
-8
