-8
-9
-9
-8
-6
-7
-7
-5
-5
-5
-2
-1
2
3
3
3
4
4
3
3
5
6
7
6
4
6
5
3
3
4
1
5
5
5
6
4
5
5
2
1
1
2
2
0
1
2
2
2
0
-3
-4
-3
-5
-3
-1
0
0
-2
-1
0
1
0
0
1
0
0
1
3
3
1
1
2
-1
-1
3
3
2
1
1
0
0
-2
-2
-2
-3
-3
-2
0
2
0
0
-4
-3
-2
-1
-1
-2
-4
-2
-2
-2
0
-1
-3
-2
0
-1
-2
-1
-2
1
0
-1
1
1
-1
0
-1
-1
0
-1
-1
-1
-1
0
0
0
0
1
-1
1
1
2
1
-1
-2
-2
-3
-3
-2
-3
0
2
2
1
-1
-2
-2
1
0
-1
2
0
-1
-1
0
1
1
3
1
0
2
2
3
2
3
4
4
4
4
3
3
6
8
6
3
3
3
6
5
5
7
7
6
5
4
4
5
6
4
3
4
1
-1
-4
-2
-3
-5
-4
-7
-9
-9
-9
-8
-7
-6
-5
-5
-5
-5
-7
-5
-6
-6
-5
-6
-5
-2
0
2
6
11
13
13
12
11
8
4
1
-4
-9
-11
-17
-21
-22
-25
-25
-25
-24
-23
-23
-22
-19
-17
-15
-15
-17
-16
-16
-14
-11
-9
-12
-7
2
10
16
33
50
63
80
87
114
154
158
168
169
171
204
201
189
183
165
174
170
148
135
117
114
118
109
105
103
105
115
112
101
87
67
48
21
-12
-48
-80
-120
-167
-202
-236
-267
-300
-358
-389
-413
-436
-444
-480
-498
-483
-477
-453
-452
-463
-448
-444
-433
-425
-432
-402
-348
-274
-172
-50
102
261
420
554
678
769
771
724
620
480
326
134
-58
-232
-378
-488
-561
-593
-591
-558
-504
-440
-381
-339
-320
-328
-360
-407
-458
-501
-526
-526
-490
-419
-310
-169
-7
176
372
575
783
980
1157
1295
1390
1436
1430
1384
1302
1192
1076
965
869
796
748
716
696
674
651
617
570
512
446
371
292
207
123
42
-38
-113
-183
-250
-308
-361
-411
-460
-515
-580
-659
-751
-851
-954
-1051
-1130
-1186
-1215
-1215
-1190
-1142
-1085
-1027
-974
-931
-895
-861
-825
-781
-723
-647
-561
-471
-379
-291
-218
-154
-98
-49
-9
26
50
70
96
138
207
317
479
691
950
1231
1493
1694
1801
1806
1711
1525
1268
949
590
227
-107
-380
-580
-701
-747
-723
-624
-460
-258
-68
61
93
26
-110
-285
-475
-659
-827
-957
-1016
-978
-843
-631
-379
-113
166
462
765
1041
1246
1344
1336
1249
1115
963
797
623
448
308
236
234
286
355
410
438
456
467
466
434
354
227
75
-69
-177
-242
-265
-257
-220
-163
-95
-37
-15
-46
-137
-273
-438
-618
-798
-972
-1126
-1243
-1311
-1320
-1280
-1208
-1120
-1028
-937
-852
-776
-717
-676
-644
-603
-538
-454
-363
-280
-207
-134
-50
43
126
177
194
194
204
248
330
448
615
855
1187
1575
1944
2196
2265
2163
1943
1646
1282
833
306
-248
-745
-1109
-1321
-1408
-1411
-1335
-1143
-817
-393
15
271
296
113
-178
-467
-699
-890
-1068
-1229
-1314
-1245
-994
-611
-180
231
610
982
1350
1669
1849
1829
1610
1277
923
610
351
128
-49
-147
-127
17
240
472
657
776
849
893
899
838
686
458
193
-49
-223
-305
-292
-205
-72
78
227
345
395
343
182
-73
-393
-746
-1089
-1392
-1626
-1790
-1876
-1880
-1784
-1596
-1354
-1102
-883
-719
-612
-557
-531
-518
-501
-473
-439
-395
-333
-239
-122
-8
66
94
98
91
68
21
-28
-28
79
339
801
1471
2221
2821
3078
3003
2734
2359
1825
1062
134
-789
-1550
-2081
-2368
-2415
-2270
-2010
-1639
-1078
-300
527
1116
1272
1040
604
115
-387
-893
-1374
-1767
-1973
-1888
-1451
-724
102
836
1422
1915
2344
2631
2658
2381
1876
1269
672
155
-246
-520
-666
-648
-422
-3
512
976
1288
1435
1462
1395
1230
945
541
63
-389
-707
-822
-746
-538
-258
63
381
646
805
814
647
298
-184
-722
-1251
-1726
-2123
-2400
-2514
-2469
-2305
-2073
-1797
-1481
-1146
-830
-586
-444
-385
-371
-362
-340
-314
-285
-238
-156
-53
21
19
-53
-147
-219
-247
-238
-178
-15
366
1077
2097
3179
3941
4145
3865
3325
2621
1665
384
-1079
-2418
-3377
-3848
-3846
-3478
-2888
-2182
-1331
-239
1029
2152
2725
2578
1882
961
56
-769
-1522
-2177
-2616
-2652
-2116
-1017
398
1749
2728
3270
3473
3422
3092
2402
1378
204
-839
-1528
-1809
-1764
-1503
-1067
-425
412
1316
2072
2489
2500
2181
1675
1113
551
-5
-555
-1023
-1279
-1223
-861
-314
254
719
1030
1189
1199
1044
712
228
-338
-900
-1400
-1827
-2171
-2403
-2485
-2419
-2251
-2034
-1797
-1543
-1280
-1021
-781
-558
-344
-133
67
240
360
408
371
238
39
-197
-449
-711
-971
-1177
-1232
-1087
-774
-334
304
1307
2714
4208
5266
5555
5139
4277
3077
1466
-538
-2632
-4382
-5486
-5855
-5517
-4585
-3295
-1892
-480
991
2450
3564
3916
3341
2056
465
-1057
-2289
-3125
-3532
-3472
-2836
-1534
314
2273
3790
4516
4457
3827
2824
1566
170
-1198
-2309
-2909
-2806
-2000
-738
612
1781
2681
3310
3611
3486
2879
1865
644
-497
-1287
-1596
-1477
-1070
-467
302
1166
1951
2466
2601
2352
1779
1011
218
-463
-996
-1405
-1686
-1788
-1709
-1576
-1546
-1675
-1901
-2135
-2320
-2420
-2371
-2129
-1726
-1248
-733
-187
341
720
835
705
438
108
-323
-857
-1377
-1739
-1893
-1852
-1644
-1285
-763
9
1208
2874
4596
5647
5571
4603
3305
1895
156
-2047
-4338
-6050
-6732
-6394
-5298
-3770
-2162
-716
614
1989
3325
4175
4045
2842
1003
-810
-2105
-2723
-2795
-2548
-2058
-1134
403
2319
3954
4653
4264
3141
1788
554
-400
-1034
-1356
-1326
-779
392
1940
3279
3887
3716
3066
2220
1254
215
-765
-1552
-2041
-2072
-1463
-261
1111
2173
2758
3008
3058
2845
2294
1500
644
-160
-823
-1242
-1395
-1417
-1485
-1640
-1772
-1835
-1941
-2159
-2382
-2423
-2231
-1902
-1502
-1017
-468
-6
186
69
-282
-826
-1496
-2140
-2539
-2597
-2356
-1938
-1404
-747
-41
549
866
1011
1310
2118
3363
4413
4554
3709
2384
1010
-476
-2345
-4491
-6287
-7070
-6650
-5275
-3408
-1547
-55
1086
2133
3239
4114
4246
3362
1735
-5
-1253
-1770
-1716
-1442
-1178
-808
-25
1211
2452
3047
2656
1552
375
-299
-316
104
646
1207
1888
2821
3832
4466
4324
3370
1948
544
-506
-1158
-1543
-1752
-1734
-1333
-435
807
1993
2747
2965
2789
2448
2014
1437
679
-188
-974
-1512
-1679
-1534
-1309
-1233
-1317
-1415
-1416
-1364
-1440
-1669
-1893
-1953
-1771
-1404
-964
-591
-364
-295
-368
-557
-922
-1447
-2045
-2508
-2715
-2683
-2469
-2194
-1880
-1545
-1211
-921
-515
378
2103
4481
6619
7499
6747
4825
2427
-177
-3038
-6015
-8443
-9458
-8630
-6266
-3232
-466
1402
2373
2944
3584
4243
4448
3776
2269
541
-609
-790
-333
26
-218
-878
-1255
-805
301
1321
1638
1255
665
459
867
1626
2217
2394
2307
2282
2466
2641
2397
1554
403
-592
-1111
-1103
-754
-396
-162
143
786
1746
2687
3164
2930
2122
1134
227
-576
-1288
-1896
-2320
-2417
-2042
-1315
-571
-86
37
-122
-385
-639
-939
-1307
-1582
-1590
-1355
-991
-663
-512
-564
-654
-700
-759
-869
-1044
-1265
-1451
-1458
-1395
-1426
-1575
-1755
-2059
-2404
-2262
-967
1688
4975
7419
7886
6568
4442
1999
-911
-4245
-7366
-9265
-9153
-7066
-3963
-1047
826
1439
1328
1363
1875
2487
2666
2210
1265
358
90
493
871
472
-736
-1971
-2248
-1312
178
1309
1708
1547
1285
1319
1743
2204
2336
2240
2397
3081
3922
4134
3177
1259
-924
-2651
-3552
-3591
-3002
-2021
-668
1198
3442
5457
6433
5975
4411
2443
667
-694
-1661
-2371
-2901
-3207
-3120
-2659
-2126
-1827
-1709
-1471
-877
48
965
1508
1475
952
181
-614
-1355
-2030
-2573
-2839
-2641
-1969
-1030
-203
278
364
236
0
-418
-1015
-1750
-2541
-3187
-3134
-1478
2197
6492
9017
8636
6031
2719
-478
-3849
-7493
-10517
-11592
-9944
-6076
-1587
1823
3018
2116
719
370
1333
2825
3800
3617
2501
1241
466
225
-319
-2035
-4449
-5898
-5086
-2203
1199
3490
4217
3751
2873
2427
2572
2813
2631
2165
2344
3662
5121
5340
3733
706
-2477
-4648
-5343
-4525
-2684
-644
1279
3374
5690
7469
7638
5927
3110
324
-1441
-1976
-1739
-1303
-1164
-1524
-2010
-2326
-2734
-3291
-3669
-3399
-2241
-449
1361
2604
2875
2099
562
-1213
-2725
-3685
-4119
-3904
-2974
-1666
-282
750
1113
780
90
-886
-1785
-2421
-2858
-3011
-2780
-1442
1785
6144
9156
9176
6328
2282
-1343
-4370
-7213
-9514
-10536
-9491
-6262
-2022
1521
2957
1848
-374
-1369
-350
2064
4603
5933
5427
3604
1403
-259
-1320
-2739
-4847
-6344
-5639
-2392
1979
5269
6095
4604
1963
-259
-919
-12
1539
2832
3949
5394
6874
7141
5435
1986
-2081
-5218
-6235
-4922
-2039
1094
3273
4376
5046
5587
5468
4316
2472
599
-607
-670
142
831
542
-1018
-3276
-5110
-5864
-5688
-4815
-3201
-1119
987
2601
3290
2863
1442
-556
-2546
-3830
-4120
-3482
-2533
-1682
-1217
-1281
-1574
-1728
-1696
-1495
-1169
-981
-801
-557
-604
-924
-229
2489
6075
7955
6977
3928
527
-2211
-4535
-6895
-8857
-9588
-8610
-5902
-2257
713
1415
152
-1097
-552
2037
5464
7915
8183
6194
2907
-120
-1776
-2605
-3851
-5500
-6071
-4326
-465
3754
6109
5696
3309
608
-653
347
2609
4390
4945
4939
4919
4560
3062
174
-3292
-5789
-5997
-3811
-196
3284
5222
5365
4694
4133
3816
3376
2579
1629
931
730
852
776
-79
-1909
-4089
-5466
-5463
-4482
-3169
-2025
-1060
-204
424
570
192
-561
-1257
-1420
-998
-323
-32
-282
-987
-1797
-2641
-3208
-3471
-3411
-2943
-2064
-989
-258
-67
21
1584
4802
7430
7427
4831
1082
-2201
-4592
-6517
-8001
-8558
-7928
-6113
-3658
-1448
-577
-1450
-2677
-2298
300
4196
7649
8859
7246
3564
-300
-2595
-2973
-2623
-2558
-2346
-1029
1400
3915
4980
3866
1285
-1296
-2330
-947
2235
5279
6864
7042
6443
5231
3292
614
-2423
-4646
-4987
-3321
-332
2684
4167
3543
1823
672
794
1800
3030
3972
4461
4531
4114
2914
867
-1796
-4521
-6215
-6018
-4351
-2439
-1017
-476
-826
-1505
-2264
-2868
-3028
-2747
-2001
-574
1358
2736
2897
1855
125
-1759
-3392
-4286
-4515
-4009
-3171
-2369
-1677
-584
1455
4420
7148
7568
5104
1127
-2504
-4885
-6196
-6904
-7100
-6471
-4779
-2603
-950
-600
-1718
-3643
-4428
-2679
1261
5794
8730
8386
4867
4
-4051
-5877
-5502
-4089
-2527
-545
2154
4943
6548
6008
3185
-669
-3316
-3008
214
4530
7654
8243
6772
4476
2163
79
-1644
-2761
-2933
-1822
500
3122
4528
3863
1652
-573
-1209
132
2540
4784
5979
5824
4647
3000
1141
-961
-3157
-4790
-5047
-3677
-1543
21
275
-637
-2031
-3014
-3047
-2366
-1767
-1630
-1656
-1358
-722
-219
-166
-463
-587
-212
482
868
491
-779
-2548
-3646
-2649
853
4918
6580
4819
1048
-2688
-5215
-6694
-7779
-8397
-7896
-5801
-2371
949
2274
762
-2428
-4642
-3847
-315
3930
6518
6130
3129
-927
-4004
-4877
-4161
-3264
-2512
-1266
969
3519
4907
4178
1766
-798
-1962
-831
2335
5874
7744
7349
5574
3400
1244
-687
-2275
-3024
-2332
-257
2335
4212
4436
2906
718
-518
2
1800
3816
5110
5236
4366
3115
1862
631
-550
-1574
-2040
-1489
-285
496
173
-1138
-2756
-3861
-3932
-3119
-1872
-737
-114
239
431
454
240
-308
-872
-1211
-1233
-900
-401
-231
-652
-964
99
3212
6354
6677
3675
-1123
-5367
-7746
-8543
-8380
-7534
-6316
-4774
-2977
-1532
-1262
-2559
-4471
-4727
-2176
2364
6776
8562
6644
1787
-3866
-7521
-7850
-5821
-3159
-1196
219
1761
3188
3619
2454
17
-2343
-2912
-712
3606
7650
9125
7565
4372
1626
402
192
235
309
687
1576
2712
3447
2936
1124
-903
-1801
-606
2355
5222
6302
5250
2932
861
137
701
1666
2018
1496
585
-147
-611
-1296
-2452
-3562
-3857
-3041
-1477
-38
282
-658
-2016
-2878
-2694
-1443
21
1032
1563
1502
1245
1096
602
-45
-128
1259
4280
6687
6305
3011
-1764
-6092
-8840
-10128
-10032
-8835
-7195
-5216
-3235
-1972
-1723
-2586
-3548
-2564
758
5187
8374
7987
3897
-1960
-7000
-8694
-6903
-3640
-900
212
344
623
875
574
-562
-2074
-2380
-819
2129
5343
6966
6094
3505
776
-268
572
2055
3173
3302
2765
2324
2036
1863
1591
1072
899
1525
2947
4712
5614
4995
3197
1008
-407
-591
124
1137
1752
1657
1040
155
-797
-1462
-1861
-2110
-2102
-1772
-1163
-607
-506
-754
-1202
-1693
-1782
-1596
-1114
-346
-40
-113
-386
-602
290
2680
6246
8725
7819
3613
-1681
-5525
-6964
-6908
-6778
-6665
-6309
-5715
-4876
-4487
-5047
-6226
-6895
-5192
-755
4770
8607
8510
4312
-1871
-7025
-8639
-6232
-1916
1590
2968
2633
1659
623
-634
-1960
-2686
-2374
-869
1644
4308
5734
4718
1966
-558
-1430
-314
1624
3218
4020
3832
2873
1643
902
969
1311
1852
2729
3741
4407
4277
3396
2225
1317
1031
1463
2294
2876
2566
1320
-101
-1133
-1730
-1852
-1555
-1070
-603
-663
-1267
-1829
-2311
-2354
-1673
-709
310
778
472
-265
-1126
-1796
-2290
-1730
871
5321
9179
9576
5997
1
-5430
-7925
-7809
-6508
-5160
-4175
-3400
-2952
-3380
-4699
-6335
-7339
-6105
-2273
2854
6949
7746
4567
-1132
-6672
-9212
-7548
-3345
715
2548
1944
397
-838
-1476
-1832
-2032
-1477
379
3107
5637
6656
5352
2340
-713
-2167
-1329
903
2812
3480
3213
2568
1874
1237
833
702
798
1482
2868
4485
5445
5055
3537
1963
1369
1760
2476
2787
2249
1172
1
-948
-1466
-1598
-1514
-1491
-1419
-1160
-1007
-1115
-1366
-1455
-1144
-465
277
545
250
-531
-1528
-2324
-2690
-2099
58
4012
7844
8961
6562
1742
-2995
-5543
-5557
-4594
-4311
-4612
-4823
-4752
-5141
-6507
-8281
-9115
-7312
-2726
3180
7839
8951
5980
359
-4953
-7303
-5809
-1911
1499
2532
1380
-291
-1105
-1052
-1018
-1621
-2384
-2100
-210
2382
3903
3139
794
-1299
-1596
274
3037
4769
4577
3095
1717
1243
1392
1520
1230
665
494
1174
2444
3656
3919
2968
1700
1220
2012
3515
4620
4649
3487
1809
458
-227
-384
-494
-869
-1333
-1511
-1429
-1473
-1836
-2280
-2412
-2034
-1037
317
1326
1521
772
-104
225
2336
4989
6120
4960
1897
-1797
-4411
-5032
-4378
-4130
-4515
-4623
-3849
-2882
-3140
-4934
-7166
-7715
-5403
-880
3579
5373
3713
-285
-4463
-6908
-6782
-4429
-1342
1144
2254
1978
1061
174
-623
-1452
-1993
-1661
7
2593
4629
4613
2592
102
-1400
-1348
-61
1385
2015
1797
1372
1100
982
821
381
-66
11
989
2593
4128
5096
5173
4537
3613
2651
1942
1481
1049
647
509
674
865
810
376
-141
-420
-442
-318
-255
-308
-535
-916
-1121
-917
-342
202
576
695
637
914
2053
3868
5031
4534
2489
-125
-2137
-2824
-2503
-2528
-3399
-4203
-4030
-3191
-2868
-3892
-5867
-7235
-6611
-3670
126
2500
2385
267
-2392
-4036
-3921
-2442
-600
731
1241
1200
1005
751
101
-1235
-2930
-4238
-4224
-2501
112
1990
2182
1353
702
776
1501
2321
2538
2170
1940
2244
2616
2387
1401
94
-898
-1059
-442
395
948
1151
1350
1902
2755
3427
3554
3257
2830
2520
2507
2652
2507
1785
746
-131
-617
-827
-1080
-1525
-2025
-2198
-1822
-1182
-703
-494
-375
-305
-165
496
1898
3682
4946
5029
3879
1895
-22
-1100
-1376
-1595
-2288
-3128
-3318
-2703
-2303
-3028
-4615
-5927
-5684
-3486
-221
2354
2869
1464
-689
-2380
-3005
-2713
-2015
-1423
-988
-460
257
842
764
-70
-1289
-2288
-2358
-1184
665
1917
1827
726
-533
-1196
-1061
-366
307
561
728
1272
2135
2607
2126
909
-336
-812
-238
893
1581
1355
632
56
197
929
1679
1999
1841
1660
1717
1970
2085
1677
837
102
25
478
976
1064
573
-199
-843
-995
-866
-832
-1008
-1309
-1461
-1382
-1149
-999
-908
-529
347
1588
2588
2953
2647
1894
1153
713
567
293
-365
-1191
-1848
-2146
-2131
-1937
-1824
-1835
-1666
-1040
30
1034
1436
1029
119
-607
-750
-532
-464
-746
-1204
-1541
-1583
-1494
-1633
-2193
-2818
-2845
-1951
-465
829
1303
874
46
-459
-261
402
952
1063
868
757
908
1040
799
126
-659
-1063
-810
9
946
1448
1300
718
194
93
372
708
853
874
994
1302
1614
1672
1414
983
589
273
14
-99
-13
185
361
457
460
299
-17
-360
-597
-747
-880
-952
-861
-518
-18
438
703
753
701
667
716
841
882
612
95
-289
-296
-15
260
214
-242
-840
-1050
-608
141
596
484
24
-372
-460
-366
-397
-733
-1258
-1662
-1780
-1686
-1612
-1722
-1965
-2126
-2008
-1664
-1335
-1210
-1250
-1243
-992
-448
231
779
970
836
628
535
594
688
718
721
798
978
1124
1070
779
422
268
451
820
1087
1114
955
828
984
1418
1860
1988
1728
1262
836
610
570
557
414
172
3
45
214
267
98
-219
-522
-632
-509
-316
-247
-336
-463
-557
-608
-666
-764
-889
-967
-878
-590
-112
433
863
1012
825
395
-104
-479
-642
-642
-603
-601
-619
-634
-684
-816
-997
-1142
-1192
-1132
-1020
-935
-887
-880
-936
-1079
-1257
-1424
-1496
-1372
-1061
-635
-210
159
407
566
729
893
990
929
798
785
1005
1357
1561
1415
940
460
281
422
663
778
734
670
790
1090
1301
1212
910
699
773
1094
1458
1647
1612
1440
1232
1011
729
347
-114
-525
-805
-935
-951
-920
-859
-697
-408
-129
-39
-265
-778
-1306
-1515
-1327
-979
-758
-755
-839
-778
-501
-176
-22
-107
-283
-295
-11
424
690
530
-64
-809
-1358
-1526
-1351
-1015
-738
-627
-598
-566
-590
-763
-1046
-1253
-1193
-861
-457
-260
-396
-708
-866
-625
-59
520
851
910
812
659
503
378
343
497
896
1426
1805
1793
1395
890
618
721
1085
1485
1746
1779
1576
1182
692
274
129
360
892
1469
1801
1720
1291
718
193
-195
-441
-555
-550
-478
-406
-403
-498
-668
-830
-881
-761
-508
-218
-2
38
-146
-509
-919
-1239
-1404
-1419
-1318
-1127
-901
-724
-664
-716
-782
-773
-676
-563
-512
-548
-619
-661
-663
-631
-545
-366
-113
86
72
-206
-619
-935
-993
-807
-520
-292
-209
-290
-500
-766
-976
-1012
-815
-390
194
843
1441
1844
1955
1784
1475
1235
1205
1387
1645
1802
1764
1561
1301
1067
860
633
357
109
6
92
308
559
787
1015
1265
1478
1549
1432
1195
942
734
538
286
-40
-371
-625
-756
-765
-692
-624
-670
-910
-1298
-1631
-1695
-1427
-976
-555
-266
-65
115
239
179
-136
-608
-1031
-1248
-1223
-1053
-936
-1043
-1416
-1938
-2374
-2470
-2172
-1653
-1121
-714
-474
-351
-300
-351
-468
-511
-388
-62
412
838
1002
870
539
176
-22
-8
105
276
491
693
849
914
836
706
674
780
1004
1304
1546
1645
1678
1734
1861
2070
2251
2243
2039
1741
1401
1068
771
457
112
-177
-337
-366
-315
-309
-446
-614
-608
-344
84
468
591
404
72
-203
-302
-236
-150
-215
-456
-773
-1063
-1265
-1365
-1370
-1293
-1136
-918
-700
-535
-471
-542
-719
-878
-913
-830
-739
-775
-1014
-1403
-1821
-2145
-2280
-2213
-2015
-1789
-1569
-1314
-993
-636
-338
-187
-149
-79
154
574
1047
1346
1322
1042
776
763
1024
1373
1600
1626
1529
1417
1329
1254
1193
1155
1149
1182
1262
1350
1369
1243
997
807
848
1142
1549
1869
1955
1791
1444
1014
596
260
23
-133
-217
-261
-340
-529
-824
-1101
-1185
-999
-605
-174
107
148
8
-157
-220
-195
-214
-375
-644
-892
-1033
-1094
-1145
-1203
-1200
-1070
-847
-641
-561
-664
-909
-1196
-1441
-1611
-1698
-1716
-1687
-1637
-1599
-1607
-1674
-1759
-1808
-1761
-1601
-1359
-1102
-891
-739
-619
-483
-270
67
511
990
1413
1728
1947
2106
2198
2171
2017
1833
1754
1827
1969
2040
1986
1857
1754
1727
1721
1639
1450
1229
1067
988
947
887
801
755
826
993
1149
1180
1034
747
426
165
-27
-217
-461
-745
-1025
-1234
-1325
-1286
-1115
-847
-567
-388
-382
-516
-669
-720
-651
-538
-475
-490
-545
-602
-670
-782
-935
-1058
-1065
-925
-699
-509
-480
-663
-1013
-1413
-1723
-1851
-1803
-1677
-1585
-1576
-1610
-1608
-1530
-1410
-1316
-1278
-1235
-1104
-873
-611
-418
-325
-240
-32
344
804
1213
1477
1614
1732
1928
2184
2377
2384
2192
1931
1782
1828
1983
2092
2060
1913
1752
1632
1529
1397
1232
1087
1021
1014
963
778
484
185
-14
-79
-68
-47
-21
49
170
282
295
145
-132
-431
-657
-790
-864
-934
-1014
-1082
-1117
-1102
-1045
-923
-739
-533
-364
-286
-304
-397
-533
-679
-803
-851
-801
-712
-706
-860
-1136
-1413
-1568
-1585
-1552
-1568
-1632
-1657
-1569
-1367
-1143
-1003
-961
-917
-772
-518
-248
-90
-101
-191
-220
-109
114
363
571
746
944
1188
1431
1594
1658
1677
1738
1899
2131
2342
2427
2334
2081
1752
1442
1213
1068
966
846
679
490
339
271
267
260
184
50
-77
-138
-134
-119
-136
-173
-185
-144
-82
-63
-132
-266
-400
-490
-538
-591
-693
-843
-976
-1020
-949
-793
-629
-504
-407
-292
-139
8
52
-71
-335
-628
-827
-884
-865
-881
-1018
-1255
-1477
-1560
-1456
-1227
-992
-846
-800
-792
-755
-668
-557
-449
-332
-170
47
284
451
500
454
409
478
688
971
1205
1313
1294
1218
1154
1136
1151
1173
1203
1265
1365
1480
1553
1533
1425
1293
1201
1173
1156
1063
854
556
247
-7
-196
-348
-483
-604
-708
-798
-885
-959
-993
-942
-799
-596
-409
-307
-319
-436
-595
-727
-780
-739
-629
-495
-379
-321
-359
-514
-753
-995
-1129
-1096
-919
-700
-557
-532
-593
-664
-696
-684
-641
-570
-460
-323
-219
-204
-297
-440
-538
-540
-447
-300
-128
70
299
536
752
934
1097
1250
1375
1437
1424
1362
1303
1268
1246
1221
1190
1157
1133
1110
1081
1049
1045
1077
1129
1172
1189
1169
1117
1030
884
673
425
193
1
-156
-304
-453
-599
-727
-850
-999
-1170
-1317
-1376
-1324
-1193
-1055
-972
-952
-969
-1012
-1088
-1208
-1359
-1490
-1546
-1508
-1385
-1236
-1098
-961
-809
-646
-506
-450
-495
-587
-647
-612
-518
-458
-489
-599
-706
-735
-692
-630
-576
-506
-356
-88
240
524
696
770
837
970
1181
1407
1566
1649
1710
1781
1854
1888
1848
1744
1633
1552
1500
1466
1454
1475
1533
1609
1660
1638
1524
1349
1168
1015
916
856
791
686
530
327
96
-147
-388
-594
-735
-791
-783
-766
-798
-895
-1038
-1193
-1329
-1433
-1519
-1604
-1694
-1786
-1884
-1973
-2030
-2053
-2017
-1913
-1761
-1603
-1484
-1411
-1354
-1250
-1079
-880
-733
-701
-776
-899
-1002
-1061
-1100
-1134
-1123
-1004
-752
-413
-90
131
247
330
437
570
672
699
671
669
769
961
1175
1332
1428
1525
1687
1904
2097
2198
2208
2198
2231
2306
2358
2323
2201
2077
2037
2091
2167
2162
2036
1830
1624
1445
1253
982
622
239
-58
-212
-266
-309
-409
-542
-640
-653
-612
-611
-719
-922
-1126
-1243
-1267
-1287
-1405
-1633
-1888
-2063
-2116
-2101
-2119
-2206
-2308
-2340
-2276
-2166
-2094
-2094
-2115
-2079
-1937
-1716
-1493
-1323
-1206
-1101
-982
-873
-833
-894
-1023
-1133
-1133
-983
-717
-408
-127
97
289
474
672
871
1060
1242
1434
1643
1847
1997
2047
2006
1929
1886
1921
2034
2172
2298
2395
2463
2502
2490
2416
2297
2178
2100
2072
2058
2010
1904
1753
1594
1448
1326
1216
1097
956
788
583
343
75
-195
-434
-629
-789
-946
-1127
-1331
-1528
-1689
-1790
-1839
-1855
-1858
-1863
-1882
-1927
-2008
-2110
-2197
-2225
-2184
-2107
-2049
-2043
-2091
-2148
-2168
-2132
-2049
-1943
-1835
-1764
-1745
-1774
-1816
-1798
-1662
-1406
-1081
-767
-518
-341
-201
-61
97
264
433
592
739
871
980
1064
1147
1283
1510
1828
2176
2467
2635
2675
2628
2554
2488
2427
2357
2277
2212
2192
2221
2269
2280
2221
2089
1926
1783
1697
1671
1668
1638
1550
1395
1191
962
723
485
258
52
-127
-276
-417
-568
-750
-960
-1174
-1373
-1543
-1690
-1814
-1913
-1986
-2020
-2018
-2003
-2008
-2064
-2183
-2335
-2461
-2503
-2442
-2307
-2165
-2079
-2072
-2112
-2143
-2123
-2041
-1917
-1762
-1593
-1423
-1281
-1198
-1181
-1188
-1141
-979
-705
-390
-116
73
209
353
547
788
1050
1310
1550
1760
1916
1988
1976
1928
1912
1985
2142
2335
2491
2562
2546
2484
2415
2371
2360
2369
2383
2371
2310
2181
1985
1749
1510
1313
1187
1115
1065
997
881
709
497
273
63
-105
-229
-319
-397
-491
-600
-722
-842
-961
-1099
-1268
-1469
-1684
-1891
-2076
-2246
-2404
-2539
-2615
-2599
-2488
-2323
-2176
-2094
-2084
-2094
-2059
-1954
-1805
-1678
-1626
-1645
-1689
-1704
-1658
-1557
-1418
-1230
-978
-670
-363
-143
-56
-76
-96
-3
229
539
823
1016
1129
1222
1334
1459
1565
1637
1702
1797
1929
2054
2117
2097
2033
1992
2017
2095
2175
2206
2176
2108
2036
1972
1914
1850
1777
1687
1573
1428
1233
1005
768
558
412
333
296
257
177
42
-131
-316
-483
-605
-674
-701
-734
-825
-1016
-1289
-1577
-1797
-1902
-1906
-1878
-1880
-1940
-2041
-2146
-2229
-2286
-2313
-2297
-2217
-2080
-1933
-1839
-1836
-1900
-1946
-1885
-1685
-1390
-1086
-841
-668
-536
-411
-283
-162
-51
73
235
438
632
768
832
866
937
1083
1275
1444
1529
1533
1512
1526
1597
1702
1799
1867
1912
1955
2000
2024
2002
1922
1801
1676
1578
1517
1466
1393
1281
1143
1010
901
819
753
692
636
576
500
392
240
63
-105
-244
-350
-450
-571
-729
-903
-1066
-1188
-1258
-1287
-1296
-1299
-1306
-1332
-1388
-1479
-1602
-1725
-1809
-1837
-1828
-1824
-1850
-1902
-1950
-1958
-1915
-1844
-1767
-1692
-1602
-1480
-1333
-1174
-1008
-830
-623
-384
-137
79
248
376
500
640
791
928
1035
1117
1194
1273
1342
1382
1403
1430
1495
1600
1710
1787
1808
1792
1774
1779
1810
1837
1827
1757
1635
1493
1363
1260
1179
1103
1024
931
831
726
613
485
341
193
59
-41
-104
-148
-210
-309
-440
-577
-689
-778
-863
-973
-1113
-1248
-1336
-1365
-1360
-1373
-1431
-1523
-1612
-1668
-1686
-1682
-1675
-1663
-1633
-1580
-1526
-1495
-1495
-1514
-1518
-1468
-1351
-1174
-968
-769
-600
-479
-396
-343
-311
-276
-212
-89
112
362
597
749
802
793
794
870
1032
1251
1487
1704
1875
1976
1988
1918
1811
1729
1712
1754
1804
1809
1742
1622
1491
1367
1254
1144
1047
979
944
927
886
792
654
509
390
296
207
94
-42
-181
-303
-406
-514
-634
-754
-859
-935
-1003
-1092
-1216
-1356
-1469
-1526
-1541
-1555
-1598
-1669
-1732
-1749
-1728
-1694
-1674
-1665
-1635
-1561
-1454
-1361
-1316
-1301
-1268
-1169
-1006
-834
-714
-657
-619
-536
-386
-200
-32
95
202
334
501
673
801
867
899
958
1087
1269
1443
1531
1503
1393
1278
1227
1259
1346
1452
1561
1671
1770
1819
1779
1652
1486
1366
1342
1392
1437
1402
1266
1071
878
724
603
491
373
254
137
19
-103
-228
-341
-437
-512
-589
-689
-808
-911
-961
-959
-941
-946
-990
-1067
-1155
-1258
-1387
-1535
-1665
-1733
-1722
-1669
-1638
-1674
-1754
-1816
-1811
-1736
-1633
-1534
-1437
-1315
-1149
-963
-805
-700
-623
-526
-371
-175
7
130
190
230
297
409
547
675
777
868
973
1096
1210
1277
1289
1278
1300
1390
1524
1647
1714
1712
1670
1623
1579
1517
1426
1330
1273
1276
1311
1307
1217
1046
856
722
675
676
670
610
495
359
222
96
-32
-162
-279
-372
-440
-504
-588
-694
-803
-883
-930
-961
-1005
-1077
-1167
-1255
-1322
-1358
-1362
-1345
-1322
-1306
-1318
-1362
-1420
-1455
-1436
-1360
-1251
-1147
-1072
-1035
-1029
-1040
-1042
-1005
-910
-753
-565
-387
-250
-161
-90
-11
92
217
353
495
640
775
879
935
937
916
914
964
1060
1163
1229
1234
1187
1125
1085
1086
1126
1184
1237
1278
1295
1281
1230
1142
1039
956
915
916
920
887
793
657
524
429
375
328
257
155
35
-81
-190
-300
-404
-499
-565
-602
-635
-689
-783
-898
-999
-1056
-1065
-1053
-1051
-1074
-1114
-1149
-1167
-1182
-1212
-1259
-1294
-1287
-1227
-1139
-1065
-1033
-1030
-1018
-963
-863
-734
-607
-491
-376
-256
-134
-24
69
152
240
343
451
544
614
660
692
717
741
765
785
822
866
901
921
914
909
918
932
952
951
923
891
848
809
772
730
695
657
609
559
507
463
425
382
337
283
227
172
112
43
-40
-130
-216
-279
-316
-342
-369
-419
-491
-562
-613
-623
-602
-585
-581
-603
-638
-668
-690
-700
-700
-702
-690
-670
-640
-591
-535
-487
-456
-447
-435
-405
-349
-278
-217
-167
-124
-70
-3
64
112
130
137
150
188
241
278
284
266
247
259
294
340
376
393
415
452
491
516
500
449
405
379
381
393
374
329
269
219
201
206
215
208
181
153
135
130
129
112
82
48
22
1
-26
-67
-114
-150
-166
-171
-181
-214
-263
-306
-331
-327
-308
-291
-281
-290
-300
-298
-292
-276
-269
-273
-278
-275
-258
-240
-228
-221
-209
-180
-130
-75
-28
0
8
6
4
15
34
57
78
89
98
106
119
131
137
139
137
133
148
171
203
233
240
228
211
204
221
243
258
257
242
223
203
177
146
110
85
80
90
107
114
99
71
42
20
2
-15
-36
-56
-66
-72
-76
-92
-118
-146
-170
-181
-185
-189
-194
-199
-207
-211
-216
-219
-221
-220
-218
-218
-222
-226
-226
-223
-211
-198
-181
-159
-135
-108
-84
-63
-49
-39
-25
-3
26
53
73
78
74
70
75
89
103
111
111
113
122
136
151
164
174
185
201
220
228
224
199
163
139
137
154
173
182
174
158
145
139
136
133
130
123
120
117
103
79
40
2
-26
-32
-22
-14
-20
-41
-73
-102
-129
-145
-150
-150
-146
-142
-141
-153
-178
-203
-223
-226
-216
-200
-188
-186
-191
-200
-211
-221
-225
-218
-204
-188
-172
-160
-150
-140
-128
-116
-103
-89
-71
-51
-27
-8
6
14
26
50
79
108
127
132
130
130
139
156
174
190
195
192
191
192
196
197
196
199
209
227
244
249
237
214
199
196
202
204
197
182
166
152
140
120
91
62
38
25
17
8
-14
-46
-78
-102
-108
-106
-110
-120
-134
-149
-155
-161
-168
-174
-182
-187
-184
-185
-191
-211
-237
-257
-262
-241
-213
-190
-181
-184
-191
-193
-190
-179
-166
-152
-132
-109
-88
-80
-87
-97
-108
-108
-87
-56
-26
-4
10
17
29
49
68
88
99
105
109
120
134
151
168
181
197
211
221
222
217
204
188
187
201
226
254
268
265
250
228
210
196
185
176
167
160
160
156
145
123
106
99
106
119
121
105
75
41
13
-2
-6
-11
-30
-62
-102
-147
-188
-218
-232
-234
-227
-218
-219
-232
-253
-284
-306
-311
-297
-271
-252
-249
-264
-293
-315
-329
-332
-330
-320
-299
-272
-251
-238
-236
-236
-226
-203
-169
-132
-96
-64
-32
-7
5
9
14
33
71
119
163
192
205
217
236
267
305
339
365
381
384
378
359
334
324
338
374
410
418
398
361
328
319
331
351
368
369
356
325
282
232
179
134
109
104
110
108
77
22
-38
-84
-104
-107
-111
-130
-156
-190
-226
-271
-320
-366
-396
-400
-382
-373
-381
-408
-446
-470
-478
-468
-446
-429
-410
-397
-390
-390
-399
-410
-407
-381
-327
-269
-233
-222
-230
-232
-214
-176
-124
-78
-43
-20
3
27
55
78
103
133
175
220
255
273
269
268
285
321
372
413
435
438
437
440
448
459
470
481
493
505
513
508
483
446
416
399
397
398
390
367
330
284
231
179
141
118
102
86
57
11
-45
-109
-164
-204
-233
-250
-263
-284
-315
-358
-406
-447
-477
-487
-486
-480
-474
-476
-486
-499
-512
-510
-495
-470
-442
-417
-400
-390
-383
-370
-350
-324
-296
-262
-227
-199
-178
-158
-135
-109
-76
-41
-1
35
70
98
124
148
176
209
244
282
317
343
361
374
381
393
405
429
460
480
492
485
467
450
439
438
439
436
431
416
384
347
304
263
236
217
204
187
154
114
61
10
-29
-53
-68
-82
-101
-129
-162
-197
-231
-260
-281
-290
-293
-299
-307
-321
-341
-357
-371
-379
-374
-366
-350
-338
-334
-332
-330
-324
-310
-293
-268
-241
-215
-196
-184
-175
-164
-149
-127
-100
-73
-53
-39
-29
-16
-1
16
40
64
86
107
122
133
142
152
170
195
219
243
255
260
265
268
275
285
293
305
310
307
299
284
270
265
262
260
252
235
216
191
168
150
135
123
109
89
64
32
0
-25
-45
-60
-74
-90
-111
-135
-155
-172
-182
-191
-203
-217
-230
-236
-244
-250
-253
-256
-248
-239
-234
-231
-234
-237
-229
-219
-200
-178
-160
-145
-136
-128
-116
-98
-76
-57
-42
-28
-12
8
25
39
51
62
75
87
101
114
123
129
133
140
153
159
164
165
156
157
164
168
172
169
164
161
154
148
140
130
126
121
118
113
103
89
75
59
46
34
24
15
4
-9
-20
-32
-44
-55
-65
-72
-78
-81
-84
-88
-92
-100
-110
-114
-113
-107
-100
-97
-102
-108
-114
-114
-106
-99
-94
-93
-97
-95
-87
-77
-65
-60
-59
-57
-54
-42
-27
-16
-11
-12
-15
-11
-1
12
24
28
29
30
34
43
51
52
51
52
59
72
84
87
85
73
67
71
79
89
94
90
85
77
70
68
66
67
69
72
73
69
58
46
32
23
18
17
23
20
13
2
-13
-24
-32
-35
-37
-40
-45
-49
-54
-62
-67
-71
-75
-76
-77
-80
-85
-92
-97
-93
-85
-75
-70
-67
-68
-72
-70
-62
-55
-45
-36
-28
-21
-17
-17
-23
-33
-35
-30
-16
5
20
29
36
40
45
52
56
62
65
64
67
70
70
71
66
60
60
56
58
63
64
69
64
59
56
51
51
52
45
40
33
22
17
10
6
8
3
0
-4
-8
-10
-14
-21
-28
-35
-35
-27
-26
-26
-29
-39
-45
-48
-51
-46
-42
-41
-40
-41
-41
-41
-44
-49
-55
-54
-44
-37
-32
-29
-34
-37
-38
-34
-27
-21
-18
-13
-13
-12
-7
-6
-3
-2
0
4
8
12
15
18
20
23
23
27
32
36
39
40
37
36
38
42
48
49
46
41
38
37
39
41
43
42
35
29
24
23
24
25
25
22
17
14
12
10
9
4
-2
-5
-9
-10
-8
-10
-14
-16
-22
-27
-29
-30
-34
-36
-35
-36
-38
-37
-38
-39
-38
-37
-38
-37
-33
-32
-33
-31
-29
-27
-26
-27
-30
-29
-25
-16
-11
-10
-14
-18
-14
-5
4
11
13
11
9
9
10
12
16
20
23
25
26
24
24
24
25
29
33
34
31
29
27
26
31
34
37
38
33
28
25
22
19
19
17
19
18
14
10
6
6
5
5
2
-2
-3
-5
-7
-9
-13
-16
-17
-16
-14
-13
-16
-21
-25
-25
-23
-21
-19
-22
-27
-30
-34
-30
-25
-23
-22
-25
-27
-26
-27
-26
-24
-20
-15
-11
-11
-13
-11
-8
-6
-3
0
2
3
6
7
8
8
9
11
10
12
14
16
20
21
19
17
17
17
17
18
21
25
27
27
22
14
11
11
15
20
24
24
18
