6
7
6
9
9
9
9
8
8
7
7
11
11
10
11
13
11
10
11
12
12
12
11
11
8
7
6
6
4
3
2
2
1
-2
-3
-4
-6
-8
-9
-8
-9
-10
-10
-10
-9
-11
-11
-8
-10
-11
-10
-10
-11
-11
-11
-9
-8
-9
-7
-6
-6
-7
-5
-4
-5
-5
-4
-2
-4
-3
-1
-2
-2
-1
0
1
0
1
0
1
1
2
7
5
5
5
5
7
5
6
8
8
8
9
12
11
11
11
11
10
8
9
10
8
7
9
7
6
7
6
7
5
3
5
4
2
2
4
1
0
-1
-1
-3
-4
-4
-4
-7
-9
-10
-10
-10
-12
-12
-10
-12
-12
-11
-11
-10
-9
-10
-9
-9
-9
-6
-8
-5
-8
9
26
5
-20
-28
-10
13
22
8
-17
-29
-24
-4
21
24
-8
-29
-28
-16
21
47
33
-9
-31
-14
15
33
24
2
-14
-16
-5
25
40
20
-6
-13
-3
8
22
27
5
-11
-6
6
17
16
3
-4
-5
-3
6
20
15
-4
-4
7
11
8
11
15
9
3
3
9
15
12
9
7
-5
-23
-21
-1
4
-6
-27
-46
-63
-64
-55
-47
-79
-134
-135
-140
-119
-59
-28
-26
-81
-143
-111
-25
16
-2
-32
-63
-104
-93
4
49
-20
-100
-142
-143
-105
-46
-1
-35
-118
-171
-149
-53
17
18
0
-27
-26
30
98
113
97
114
158
201
202
214
248
258
304
350
389
438
407
396
449
489
511
460
371
285
237
302
351
289
185
95
50
71
131
112
40
-43
-101
-77
8
55
0
-35
-78
-105
-5
-5
-80
-104
-194
-194
-179
-208
-147
-172
-231
-224
-277
-286
-312
-384
-395
-454
-511
-597
-735
-702
-642
236
1644
1458
-133
-1403
-944
767
1740
1252
74
-1062
-1662
-1050
598
1606
553
-1346
-2332
-2073
-857
589
1043
-241
-2249
-3070
-1928
-333
112
-295
-983
-1855
-2153
-1084
506
1004
137
-621
-483
47
661
1254
1598
1385
1013
1278
1971
2396
2232
1943
1887
1939
2093
2303
2155
1617
1242
1430
2023
1785
1120
800
584
525
428
196
-123
-499
-883
-901
-637
-745
-1350
-1690
-1550
-1565
-1550
-1328
-1349
-1734
-2063
-1990
-1525
-1004
-1027
-1361
-1398
-1384
-1351
-826
-207
-199
-554
-818
-784
-329
204
518
483
117
-282
-187
512
1101
968
576
326
74
292
853
1162
1001
436
-29
109
588
780
765
580
205
-177
-224
652
2034
2244
983
-391
-512
775
1979
1988
1025
-323
-1146
-773
432
1372
866
-725
-1894
-2052
-1236
25
543
-391
-2133
-3091
-2404
-1127
-652
-990
-1660
-2362
-2588
-1866
-610
-45
-607
-1310
-1217
-552
98
564
830
767
613
995
1792
2304
2190
1832
1808
2105
2401
2827
3020
2500
1844
1715
2108
2322
1972
1468
1001
558
258
127
228
106
-546
-1010
-1132
-1231
-1292
-1207
-1100
-1359
-1894
-2137
-1879
-1495
-1487
-1698
-1727
-1737
-1756
-1425
-921
-774
-991
-1129
-911
-544
-262
-148
-199
-284
-331
-111
345
554
296
105
271
398
411
406
436
393
366
446
392
370
177
8
137
299
172
46
1278
2875
2672
636
-970
-148
2076
3034
2087
722
-455
-1206
-578
1441
2541
948
-1749
-3083
-2394
-643
923
1149
-639
-3357
-4370
-2621
-442
-114
-1141
-2296
-3277
-3432
-1964
205
819
-569
-1801
-1518
-468
432
1161
1638
1312
643
898
2176
3071
2869
2398
2355
2579
2746
3102
3201
2842
2609
2579
2608
2097
1543
1736
2008
1390
202
-560
-680
-650
-717
-746
-1111
-1873
-2723
-2987
-2272
-1608
-1816
-2389
-2882
-3291
-3274
-2575
-1747
-1474
-1818
-2454
-2506
-1837
-1121
-567
-204
-296
-797
-923
-374
337
764
872
700
376
175
386
965
1428
1285
890
733
712
558
711
1177
1400
1173
494
222
162
338
642
796
644
120
652
2355
3204
1756
-294
-453
1388
2805
2418
1242
48
-814
-796
633
2148
1540
-928
-2833
-2779
-1353
267
851
-455
-3127
-4741
-3735
-1510
-578
-1476
-2713
-3682
-3977
-2761
-677
297
-762
-2227
-2135
-871
233
912
1264
1184
766
944
2250
3468
3492
2826
2468
2775
3250
3812
4273
3709
2685
2202
2423
2725
2549
2065
1493
699
-215
-674
-477
-218
-779
-1604
-2090
-2478
-2641
-2380
-1936
-1958
-2672
-3410
-3414
-2800
-2275
-2118
-2033
-2104
-2399
-2246
-1481
-711
-405
-524
-607
-460
-155
270
737
1018
871
566
649
970
1064
1159
1306
1226
920
702
722
879
910
743
590
491
317
143
156
99
-147
-154
310
672
1296
2016
1812
738
-99
463
2071
2810
1723
284
-429
-318
318
1233
1616
181
-2045
-2794
-1781
-293
413
-291
-1919
-3718
-4474
-3157
-1256
-1035
-2450
-3792
-4162
-3633
-2344
-701
-13
-1104
-2466
-2316
-801
799
1555
1656
1423
1068
1437
2820
4156
4456
3808
3128
3193
3685
4575
5126
4619
3668
2815
2742
2976
2974
2763
2127
872
-368
-835
-503
-168
-595
-1464
-2440
-3141
-3327
-2980
-2320
-2069
-2722
-3727
-4263
-4062
-3306
-2362
-1877
-2263
-2910
-3122
-2463
-1308
-466
-239
-507
-906
-1055
-529
514
1283
1265
720
247
358
875
1363
1619
1478
1010
419
188
467
788
882
701
134
-89
-23
110
394
241
57
245
424
619
1454
2467
2466
1128
-24
585
2208
2953
2091
757
32
-127
270
1389
1880
496
-1555
-2409
-1646
-297
285
-292
-1766
-3589
-4197
-2865
-1302
-1269
-2515
-3538
-3613
-3108
-2077
-743
-299
-1176
-2042
-1616
-148
1023
1448
1614
1564
1514
2028
3162
4170
4193
3459
3002
3204
4015
4777
4710
3777
2527
2097
2629
2918
2454
1638
633
-447
-1047
-888
-664
-1032
-1965
-2991
-3269
-2930
-2788
-2804
-2835
-3175
-3642
-3677
-3320
-2963
-2698
-2564
-2537
-2301
-1986
-1757
-1263
-718
-570
-541
-357
-141
129
519
843
1047
1061
887
831
1028
1295
1436
1399
1166
797
551
658
942
1091
884
385
19
6
379
718
674
323
70
320
779
1728
2798
2664
1162
-102
326
2093
3129
2299
838
-299
-731
-242
996
1682
485
-1832
-3113
-2439
-939
72
-285
-2063
-4191
-4932
-3486
-1502
-1164
-2512
-3947
-4416
-3639
-1925
-277
20
-1287
-2428
-1897
-142
1539
2243
2001
1391
1149
1970
3633
4807
4724
3855
3048
3101
4059
5193
5400
4474
2957
2137
2528
2950
2837
2166
1069
-156
-978
-1075
-726
-758
-1458
-2507
-3162
-3078
-2951
-2778
-2541
-2796
-3395
-3808
-3900
-3522
-2853
-2466
-2353
-2408
-2589
-2491
-1825
-994
-443
-190
-267
-527
-529
-62
629
1193
1259
807
420
471
737
1184
1581
1482
941
455
243
508
892
968
849
473
35
-100
124
429
740
859
811
954
1765
2562
2125
807
180
1229
2670
2564
1135
75
-187
-49
531
1350
1189
-597
-2539
-2849
-1455
38
191
-1148
-3225
-4755
-4282
-2163
-807
-1460
-3069
-4116
-3948
-2612
-697
557
-98
-1837
-2333
-911
1042
2093
2202
1875
1370
1371
2707
4492
5073
4199
3096
2958
3726
4604
4909
4602
3442
2228
2260
2584
2381
1945
1266
516
-433
-1242
-1305
-1155
-1366
-2054
-2671
-2812
-3195
-3511
-3048
-2666
-2760
-3126
-3624
-3794
-3521
-3008
-2299
-1657
-1738
-2427
-2546
-1796
-912
-154
179
-196
-701
-764
-201
849
1546
1257
492
-9
67
614
1364
1680
1182
437
1
226
820
1125
1011
670
212
17
167
528
674
741
873
1019
1555
2243
2649
2117
1108
811
1889
2998
2697
1325
154
-41
276
949
1311
573
-1115
-2519
-2519
-1227
-107
-386
-1889
-3653
-4382
-3574
-2043
-1357
-2102
-3447
-4148
-3656
-2194
-551
-34
-981
-1992
-1767
-336
1238
1951
1950
1635
1473
1988
3227
4401
4573
3849
3189
3259
4005
4634
4629
4015
2888
2249
2463
2642
2342
1623
647
-178
-756
-1072
-1168
-1299
-1721
-2435
-2829
-2881
-3010
-3046
-2885
-2913
-3075
-3166
-3336
-3397
-3170
-2731
-2163
-1746
-1876
-2187
-1970
-1323
-686
-145
33
-248
-497
-397
166
920
1204
940
502
186
255
700
1344
1533
1069
403
-55
206
789
1160
1141
575
-59
-196
292
937
1021
735
615
844
1759
2742
3017
2220
921
616
1755
2980
2797
1427
50
-481
-117
880
1543
789
-1285
-3002
-2860
-1296
81
-181
-1999
-4094
-5030
-3995
-1982
-1053
-1923
-3652
-4638
-3956
-2109
-180
365
-849
-2204
-2103
-383
1560
2397
2186
1641
1449
2136
3593
4847
4916
3949
3146
3174
4149
4924
4751
4046
2766
2055
2177
2353
2204
1523
547
-384
-1077
-1274
-1181
-1323
-1684
-2476
-2988
-2913
-2889
-2873
-2744
-2798
-2975
-3068
-3178
-3144
-2861
-2429
-1991
-1573
-1540
-1805
-1695
-1263
-703
-213
10
-103
-385
-429
-61
590
1015
864
394
60
57
389
859
978
683
225
-85
83
518
691
685
500
173
54
259
481
586
837
1074
1742
2397
2603
2195
1369
1149
1815
2887
3065
1951
480
-96
231
961
1457
869
-676
-2293
-2783
-1755
-342
-146
-1421
-3294
-4476
-4082
-2587
-1462
-1741
-3054
-4097
-3942
-2676
-935
133
-248
-1383
-1804
-698
1154
2284
2392
2084
1860
2206
3235
4409
4926
4341
3356
3140
3538
4132
4640
4222
3123
2054
1551
1900
2212
1747
779
-326
-1296
-1804
-1686
-1293
-1520
-2311
-3048
-3461
-3392
-2991
-2562
-2424
-2765
-3304
-3381
-2929
-2514
-2346
-2084
-1805
-1738
-1728
-1526
-1038
-587
-344
-195
-138
-101
-107
7
386
618
551
387
291
147
222
452
575
606
403
281
272
317
465
617
630
493
343
349
611
695
773
1143
1768
2604
3071
2935
2042
1291
1537
2687
3574
2951
1334
-65
-355
368
1367
1560
364
-1831
-3372
-2956
-1276
-39
-577
-2588
-4595
-5240
-4053
-2161
-1400
-2320
-3981
-4720
-3834
-1943
-222
233
-753
-1941
-1765
-65
1898
2747
2412
1831
1817
2657
4006
5001
4919
4042
3255
3344
3991
4437
4597
3942
2792
1896
1581
1851
1936
1463
565
-576
-1561
-1992
-1738
-1213
-1445
-2367
-3124
-3539
-3395
-2808
-2221
-2064
-2594
-3245
-3308
-2740
-2064
-1745
-1622
-1558
-1679
-1656
-1177
-616
-327
-382
-559
-531
-368
-140
65
203
224
148
144
138
10
-50
162
314
323
173
-67
-168
18
273
603
650
258
135
299
579
863
1169
1782
2831
3265
3010
2152
1372
1792
2874
3640
3257
1757
218
-177
401
1459
1863
674
-1447
-3165
-3162
-1545
-37
-224
-2143
-4487
-5378
-4217
-2377
-1362
-1993
-3619
-4611
-4121
-2252
-162
497
-416
-1592
-1655
-92
1871
2859
2726
2088
1928
2801
4168
5087
4965
4007
3275
3409
4081
4552
4114
3178
2557
2224
2004
1815
1324
747
182
-633
-1383
-1831
-2069
-2184
-2214
-2368
-2823
-3370
-3679
-3533
-2953
-2336
-2271
-2798
-3290
-3321
-2760
-1865
-1257
-1318
-1699
-1981
-1728
-870
-71
136
-287
-815
-951
-481
283
741
548
-55
-485
-391
169
747
883
547
57
-257
-5
634
1000
889
549
202
296
720
1085
1342
1414
1463
2249
3513
4125
3571
2046
1394
2343
3713
4210
3233
1399
131
-22
837
2013
1706
-195
-2422
-3548
-2740
-974
-106
-1115
-3558
-5588
-5471
-3719
-2098
-1968
-3343
-4831
-5097
-3826
-1603
-131
-499
-1777
-2311
-1327
576
2030
2358
1899
1371
1832
3325
4650
4999
4228
3187
3070
3753
4555
4751
3657
2230
1799
2029
2388
2089
1140
404
-285
-925
-1235
-1338
-1532
-1908
-2225
-2268
-2392
-2732
-2957
-2803
-2276
-1896
-1899
-2189
-2516
-2490
-1991
-1189
-687
-841
-1218
-1435
-1096
-231
472
509
-85
-741
-827
-235
511
762
390
-222
-709
-638
-12
494
565
62
-622
-836
-487
145
466
467
85
-299
-326
37
678
1078
1215
1407
2408
3448
3635
2616
1519
1713
2810
3731
3437
2243
792
37
355
1420
1896
759
-1366
-3049
-3100
-1764
-430
-571
-2428
-4726
-5577
-4458
-2672
-1853
-2543
-4039
-4987
-4396
-2340
-296
121
-990
-2044
-1651
72
1936
2800
2486
1707
1604
2852
4657
5590
5077
3786
2988
3394
4554
5339
4829
3148
1735
1603
2222
2617
2091
932
-199
-1076
-1364
-1211
-1220
-1708
-2422
-2824
-2761
-2686
-2781
-2813
-2774
-2623
-2349
-2189
-2241
-2430
-2480
-1986
-1255
-854
-917
-1249
-1380
-1041
-336
355
437
-274
-971
-979
-410
330
565
182
-433
-952
-821
-143
361
312
-216
-656
-758
-447
75
322
265
-62
-168
-37
378
767
1102
1411
1924
3137
3960
3773
2485
1589
2226
3583
4299
3685
2166
619
51
621
1867
2178
579
-1833
-3400
-3080
-1405
-190
-749
-2973
-5253
-5696
-4214
-2405
-1808
-2792
-4414
-5112
-4152
-1857
80
95
-1235
-2084
-1330
606
2387
2926
2368
1574
1689
3179
4969
5649
4904
3486
2780
3419
4646
5271
4522
2648
1279
1392
1956
2215
1669
431
-814
-1629
-1876
-1578
-1475
-2074
-2754
-3009
-2855
-2788
-2764
-2717
-2725
-2576
-2212
-1974
-1986
-2193
-2217
-1643
-951
-629
-671
-839
-929
-687
-22
624
587
-41
-620
-746
-285
404
657
291
-451
-1062
-869
-120
439
385
-144
-759
-1016
-593
171
655
388
-263
-719
-453
352
1122
1670
2171
2888
3410
3238
2360
1981
2650
3714
4123
3407
2116
942
463
926
1898
1964
514
-1688
-3068
-2753
-1384
-284
-698
-2780
-5064
-5705
-4433
-2636
-1953
-2787
-4267
-5103
-4362
-2248
-268
36
-1126
-2016
-1534
162
1975
2788
2429
1647
1635
2904
4592
5321
4792
3669
3053
3483
4496
5162
4525
3005
1897
1689
1975
2087
1573
631
-423
-1361
-1713
-1570
-1611
-2098
-2590
-2801
-2759
-2779
-2869
-2829
-2630
-2344
-2125
-1982
-2037
-2152
-2054
-1530
-866
-475
-487
-737
-830
-490
221
729
656
122
-395
-520
-165
298
500
327
-265
-783
-750
-268
79
22
-378
-780
-815
-581
-296
-108
-273
-612
-718
-468
146
1093
2477
3572
3394
1893
637
1112
2990
4444
4235
2686
791
-180
412
2134
3262
2216
-527
-2913
-3243
-1507
614
994
-1070
-4172
-5829
-4803
-2456
-993
-1441
-3287
-5044
-5141
-3128
-448
660
-429
-2060
-2291
-857
1245
2755
2908
1957
1193
1907
3861
5368
5213
3872
2710
2815
4028
5225
5257
3761
1980
1479
2031
2641
2460
1334
-147
-1354
-1797
-1367
-951
-1471
-2641
-3584
-3628
-3189
-2779
-2623
-2876
-3271
-3245
-2715
-2142
-1975
-2221
-2287
-1918
-1345
-801
-469
-511
-738
-662
-27
728
931
613
124
-238
-77
464
872
810
198
-398
-415
-65
177
188
-34
-350
-566
-444
-75
56
-188
-537
-625
-384
167
1246
2840
3728
2913
1120
276
1387
3319
4282
3726
2115
369
-229
793
2585
3251
1644
-1120
-2909
-2676
-732
1144
930
-1609
-4608
-5616
-4092
-1868
-905
-1727
-3725
-5293
-4883
-2465
-2
357
-1199
-2564
-2288
-582
1402
2520
2314
1288
929
2169
4057
4985
4386
3074
2373
2879
4206
5164
4640
2974
1710
1691
2409
2786
2366
1279
-197
-1359
-1511
-910
-681
-1403
-2490
-3046
-3041
-2855
-2713
-2694
-2848
-3062
-2941
-2481
-2166
-2281
-2493
-2388
-1833
-1086
-488
-390
-773
-1042
-667
250
1024
1161
744
144
-203
93
901
1545
1360
462
-281
-353
144
719
835
365
-374
-790
-526
29
216
-57
-501
-742
-406
939
2833
3605
2208
-47
-728
854
3034
3907
2994
921
-1025
-1310
576
2912
3188
835
-2183
-3541
-2456
71
1889
1094
-2142
-5188
-5479
-3184
-741
-107
-1523
-3846
-5202
-4168
-1305
862
489
-1518
-2770
-2115
-100
1904
2681
1881
605
639
2459
4536
5081
3975
2479
1941
2885
4643
5623
4767
2723
1353
1646
2786
3506
3179
1771
-127
-1382
-1204
-149
238
-733
-2194
-3103
-3184
-2731
-2202
-2120
-2732
-3567
-3790
-3206
-2490
-2245
-2468
-2771
-2770
-2240
-1337
-642
-652
-1077
-1192
-673
156
750
883
570
86
-40
445
1169
1569
1377
826
352
114
345
842
1051
714
116
-346
-447
-374
-282
-90
158
971
2234
2786
1657
-219
-930
378
2201
2851
2123
396
-1349
-1841
-378
1889
2672
832
-1985
-3517
-2714
-204
1880
1619
-1048
-3963
-4697
-2990
-704
419
-356
-2459
-4058
-3456
-895
1250
1054
-704
-1941
-1615
-42
1724
2508
1748
371
269
2121
4262
4726
3346
1630
1152
2376
4433
5610
4701
2297
538
824
2528
3942
3844
2092
-279
-1700
-1221
417
1284
365
-1564
-3096
-3448
-2733
-1730
-1391
-2210
-3548
-4178
-3710
-2878
-2472
-2632
-3065
-3374
-3158
-2299
-1335
-1039
-1428
-1768
-1503
-737
84
612
655
225
-141
143
986
1731
1875
1512
1049
740
827
1300
1667
1557
1030
515
307
290
297
385
786
1842
2986
2889
1183
-648
-793
729
2193
2384
1283
-643
-2313
-2371
-521
1532
1603
-536
-3012
-3911
-2578
-5
1631
731
-2008
-4048
-3746
-1911
-303
114
-804
-2424
-3210
-1948
444
1592
602
-982
-1423
-510
988
2169
2192
968
-184
375
2511
4279
4157
2418
616
324
2006
4463
5520
4112
1530
22
564
2404
3994
4023
2117
-591
-2003
-1137
803
1751
876
-1056
-2753
-3255
-2327
-855
-345
-1451
-3260
-4229
-3818
-2696
-1843
-1876
-2786
-3820
-4000
-2998
-1561
-799
-1068
-1862
-2338
-1904
-628
662
1051
471
-235
-270
474
1511
2174
2087
1362
673
784
1565
2188
2117
1455
753
454
743
1931
3653
4415
3105
534
-1019
-289
1553
2571
2027
242
-1888
-3104
-2382
-309
914
-217
-2810
-4708
-4525
-2511
-231
420
-1340
-3986
-5007
-3615
-1291
130
-128
-1677
-3217
-3077
-752
1865
2391
846
-665
-672
683
2391
3410
3004
1461
484
1437
3477
4517
3719
1973
753
960
2558
4366
4695
3009
788
3
1017
2706
3766
3398
1619
-448
-1213
-172
1386
1793
759
-848
-2052
-2224
-1382
-302
-139
-1238
-2700
-3380
-3089
-2451
-2111
-2331
-2937
-3443
-3393
-2887
-2423
-2399
-2613
-2656
-2383
-1916
-1462
-1223
-1260
-1299
-938
-109
645
814
530
285
406
890
1565
2031
1899
1238
767
1034
1980
3423
4859
5205
3578
1081
2
1255
3105
3640
2505
355
-1895
-2927
-1748
482
1228
-643
-3512
-5253
-4843
-2685
-303
103
-2221
-5186
-5935
-4051
-1539
-140
-405
-2012
-3738
-3503
-812
2041
2478
838
-549
-375
1010
2785
4096
3918
2430
1400
2259
4150
5087
4251
2496
1203
1335
2932
4614
4582
2521
183
-568
491
2226
3306
2800
719
-1491
-1967
-383
1519
1937
695
-1081
-2231
-2119
-912
290
243
-1160
-2647
-3070
-2522
-1853
-1677
-2117
-2903
-3445
-3247
-2509
-2108
-2491
-3127
-3250
-2743
-1958
-1377
-1353
-1861
-2265
-1832
-710
144
162
-281
-522
-247
495
1349
1741
1303
558
490
1586
3624
5597
6027
4121
1315
236
1908
4321
5084
3719
1247
-1056
-1900
-562
1685
2292
128
-3015
-4768
-4159
-1994
-11
-99
-2566
-5341
-5902
-4081
-1903
-938
-1444
-2826
-3988
-3417
-1076
989
876
-599
-1260
-377
1194
2535
3127
2556
1417
1292
2945
4872
5173
3706
1934
1221
2051
3898
5158
4348
1805
-228
-184
1421
2884
3077
1779
-357
-1912
-1618
186
1603
1253
-413
-1829
-2040
-1122
97
617
-149
-1627
-2489
-2054
-1031
-641
-1261
-2325
-3005
-2813
-1918
-1192
-1502
-2663
-3481
-3105
-1970
-1103
-1034
-1646
-2437
-2644
-1752
-274
488
-95
-1229
-1674
-987
330
1393
1502
642
-343
-330
1187
3747
5865
5799
3232
375
6
2378
4892
5270
3452
765
-1318
-1471
513
2735
2673
-43
-3209
-4511
-3231
-552
1182
-4
-3397
-5905
-5449
-3134
-1293
-922
-1943
-3796
-4950
-3620
-524
1246
105
-2007
-2541
-1228
765
2454
2990
1836
190
263
2497
4788
5153
3698
1835
948
1833
3994
5442
4545
2068
268
319
1608
3007
3554
2548
320
-1403
-1119
595
1823
1504
173
-1111
-1609
-1151
-188
311
-201
-1250
-1898
-1795
-1355
-1118
-1295
-1711
-2043
-1998
-1686
-1557
-1929
-2484
-2585
-2087
-1498
-1320
-1578
-1988
-2215
-1952
-1202
-503
-427
-910
-1300
-1120
-456
258
587
347
-206
-442
299
2171
4295
4998
3323
636
-446
1123
3578
4592
3459
1063
-1198
-1872
-368
1954
2705
897
-2062
-4013
-3606
-1123
1425
1380
-1627
-4755
-5102
-3034
-971
-261
-859
-2454
-4068
-3778
-1174
1273
1063
-1034
-2398
-1841
-82
1769
2661
1891
285
-89
1572
3666
4366
3520
2080
1020
1276
3022
4734
4423
2248
438
436
1628
2797
3324
2777
1081
-669
-906
469
1901
2068
1049
-276
-1122
-1029
-175
533
276
-730
-1563
-1742
-1560
-1412
-1424
-1639
-2023
-2278
-2126
-1825
-1955
-2546
-2946
-2675
-2021
-1585
-1607
-1969
-2347
-2305
-1624
-764
-438
-794
-1251
-1263
-753
14
638
695
133
-399
10
1707
3873
4927
3779
1226
-432
405
2853
4545
3972
1564
-968
-1889
-605
1616
2588
1249
-1397
-3462
-3581
-1594
1041
1779
-563
-3924
-5022
-3166
-627
455
-193
-1815
-3325
-3318
-1306
1064
1550
15
-1642
-1860
-573
1345
2590
2121
471
-347
821
2782
3656
3023
1705
591
426
1602
3267
3690
2301
493
-160
480
1613
2499
2504
1330
-306
-1006
-195
1246
2029
1621
409
-735
-966
-180
820
1050
323
-767
-1480
-1477
-938
-456
-592
-1338
-2121
-2379
-2080
-1646
-1559
-1925
-2394
-2510
-2215
-1856
-1773
-1951
-2084
-1861
-1302
-811
-752
-1005
-1083
-722
-70
544
853
676
180
-4
823
2598
4226
4333
2591
347
-395
1076
3353
4255
2825
86
-1889
-1656
338
2115
1983
46
-2206
-3307
-2637
-654
1042
713
-1648
-3942
-4123
-2345
-422
147
-829
-2419
-3139
-2065
-5
1105
405
-987
-1511
-774
610
1794
1971
954
-175
90
1769
3201
3010
1503
7
-348
773
2593
3501
2464
357
-862
-259
1384
2710
2895
1865
290
-669
-254
1094
2191
2233
1324
188
-365
40
986
1603
1396
642
-49
-324
-229
-54
-116
-540
-1091
-1425
-1517
-1662
-2053
-2510
-2665
-2413
-2081
-2112
-2603
-3180
-3326
-2832
-1989
-1363
-1369
-1882
-2301
-2033
-1071
16
609
479
-101
-526
-231
802
1899
2320
2040
1703
1757
1988
1955
1591
1200
1090
1309
1592
1527
933
146
-229
73
681
942
503
-389
-1072
-986
-230
436
307
-547
-1400
-1616
-1179
-531
-156
-307
-827
-1194
-959
-289
220
260
102
83
205
333
434
462
340
193
267
503
530
179
-257
-409
-203
173
452
388
-36
-435
-313
346
1018
1221
993
713
686
951
1332
1568
1521
1340
1280
1403
1550
1572
1461
1274
1092
990
949
817
497
107
-153
-271
-439
-787
-1239
-1619
-1845
-1996
-2198
-2469
-2703
-2788
-2735
-2643
-2603
-2626
-2614
-2432
-2036
-1559
-1217
-1107
-1143
-1132
-891
-359
321
855
1035
935
799
810
1015
1382
1780
1958
1757
1312
943
873
1098
1435
1625
1459
999
564
432
572
777
867
757
426
-11
-293
-277
-92
37
48
-29
-227
-536
-759
-678
-304
137
395
328
-62
-520
-620
-161
507
781
404
-311
-823
-846
-466
-27
99
-245
-868
-1372
-1464
-1116
-558
-127
-104
-467
-838
-801
-299
355
794
856
639
407
441
810
1288
1576
1590
1455
1323
1297
1422
1604
1653
1475
1185
947
801
712
616
425
95
-286
-566
-722
-851
-1015
-1219
-1465
-1726
-1886
-1854
-1709
-1635
-1707
-1824
-1835
-1688
-1433
-1190
-1070
-1057
-989
-737
-371
-64
103
158
165
191
319
548
761
860
834
750
686
710
825
929
920
840
784
776
755
697
609
475
319
229
250
310
290
148
-63
-242
-282
-148
55
150
42
-196
-367
-311
-28
291
414
257
-68
-330
-353
-156
51
51
-188
-512
-738
-781
-688
-589
-580
-624
-638
-642
-665
-606
-371
-63
106
104
74
132
278
480
708
886
938
880
842
945
1172
1388
1455
1361
1218
1140
1138
1136
1077
952
777
562
340
168
52
-71
-252
-460
-637
-774
-902
-1042
-1183
-1293
-1357
-1381
-1382
-1372
-1361
-1374
-1397
-1364
-1228
-1017
-810
-680
-683
-793
-850
-691
-378
-133
-66
-77
-66
-25
65
249
486
660
719
680
564
458
499
711
926
963
830
656
550
558
638
657
527
330
219
245
357
471
500
379
168
50
144
359
489
404
151
-95
-158
-29
114
79
-140
-392
-539
-539
-453
-402
-460
-585
-687
-709
-636
-478
-299
-224
-311
-457
-496
-350
-86
135
186
94
-3
6
132
340
571
709
670
538
500
614
759
828
826
791
732
643
532
405
309
287
307
270
131
-55
-216
-329
-384
-370
-337
-365
-476
-607
-690
-719
-702
-652
-593
-562
-568
-596
-669
-793
-883
-842
-675
-495
-396
-409
-512
-619
-587
-345
-4
226
244
102
-55
-67
141
467
688
673
515
405
453
610
738
723
574
425
392
473
563
573
492
388
359
436
535
538
410
237
138
169
266
279
126
-129
-323
-351
-253
-167
-222
-427
-646
-708
-587
-421
-351
-396
-495
-575
-582
-512
-411
-339
-306
-288
-273
-265
-262
-249
-222
-153
-21
124
198
183
144
165
265
419
576
676
674
576
449
387
464
637
753
663
397
148
86
208
373
417
270
21
-147
-135
-15
69
72
12
-91
-191
-220
-175
-148
-201
-283
-335
-362
-380
-400
-440
-515
-568
-528
-438
-408
-452
-500
-508
-466
-362
-210
-110
-131
-186
-145
-8
124
192
194
145
91
116
236
354
375
313
240
203
243
362
470
468
363
280
286
329
323
254
158
78
48
53
36
-36
-136
-214
-238
-213
-181
-185
-236
-301
-340
-340
-315
-300
-301
-291
-251
-205
-215
-282
-328
-287
-168
-43
12
-34
-133
-173
-76
123
302
367
308
178
94
166
376
569
594
448
261
178
262
446
569
513
306
104
44
160
351
446
340
104
-60
-15
175
333
336
188
5
-86
-38
81
156
114
-31
-217
-347
-355
-272
-220
-278
-417
-547
-594
-552
-467
-417
-452
-532
-565
-511
-402
-312
-303
-373
-446
-427
-281
-85
41
30
-74
-155
-110
80
319
458
421
272
164
197
339
472
490
385
245
171
188
248
264
188
61
-32
-25
52
107
50
-97
-232
-270
-204
-128
-119
-180
-265
-326
-339
-309
-262
-215
-177
-145
-115
-93
-71
-40
17
117
254
374
408
345
250
225
322
479
571
518
349
198
167
244
333
342
263
159
97
104
146
161
117
41
-8
12
77
119
80
-12
-80
-65
17
90
89
19
-63
-93
-61
-2
21
-20
-104
-186
-224
-217
-187
-178
-233
-351
-477
-535
-498
-415
-386
-471
-624
-730
-719
-611
-491
-426
-419
-441
-455
-425
-318
-144
38
148
174
178
224
328
442
525
575
610
626
613
573
532
519
524
508
455
379
307
247
196
145
85
18
-51
-109
-147
-185
-242
-314
-368
-368
-320
-281
-301
-374
-427
-383
-236
-68
15
-21
-112
-149
-58
139
339
421
341
174
66
114
284
435
440
287
78
-53
-48
53
147
138
23
-127
-203
-164
-60
23
29
-14
-32
14
96
142
126
92
113
210
320
348
258
131
92
200
375
467
383
177
-2
-36
77
216
236
70
-210
-452
-538
-466
-361
-359
-513
-740
-905
-920
-813
-681
-601
-590
-607
-595
-522
-392
-231
-75
51
141
197
238
284
349
439
536
602
598
517
409
344
361
430
477
424
262
63
-65
-68
10
58
-15
-200
-398
-489
-436
-305
-208
-229
-343
-441
-422
-268
-60
82
94
13
-46
10
179
370
469
427
305
215
238
349
455
466
375
245
157
141
168
181
141
63
-16
-69
-95
-118
-143
-157
-147
-114
-89
-97
-131
-140
-80
43
175
247
235
179
157
225
364
491
532
467
355
270
256
296
329
294
180
27
-111
-205
-265
-325
-409
-514
-623
-713
-791
-855
-908
-940
-936
-889
-820
-758
-714
-675
-610
-493
-330
-157
-16
69
117
170
255
368
478
550
568
548
523
514
522
526
508
462
393
322
256
198
138
75
10
-47
-93
-139
-188
-230
-252
-246
-209
-161
-126
-114
-115
-96
-28
79
184
252
265
246
237
267
336
407
437
412
343
268
214
190
182
170
131
65
-22
-112
-180
-211
-204
-175
-156
-172
-224
-280
-295
-241
-138
-39
5
-10
-44
-49
19
137
249
302
287
253
247
285
347
388
374
311
232
176
155
139
88
-14
-140
-246
-316
-357
-403
-484
-593
-702
-767
-775
-742
-713
-716
-740
-748
-708
-610
-485
-369
-288
-236
-182
-96
23
149
246
303
335
369
414
461
493
495
478
454
439
433
417
374
312
255
223
220
219
196
147
89
54
64
105
137
130
83
34
25
64
129
175
164
105
42
24
62
122
156
133
64
-14
-63
-64
-38
-20
-41
-100
-172
-227
-251
-248
-229
-213
-216
-234
-256
-259
-239
-201
-161
-124
-87
-57
-34
-12
23
62
99
128
165
209
246
261
251
247
255
272
294
312
310
269
202
142
117
124
122
87
15
-78
-167
-215
-214
-190
-192
-248
-340
-410
-422
-378
-311
-267
-276
-326
-377
-374
-305
-205
-129
-122
-159
-190
-178
-111
-27
33
38
0
-32
-23
28
88
120
119
96
77
79
107
144
166
163
149
142
149
153
148
144
142
144
145
141
130
110
82
65
69
87
92
73
37
1
-24
-26
-9
10
10
-19
-61
-85
-76
-40
-3
19
23
11
-7
-2
44
110
156
162
145
128
133
153
188
226
232
198
152
125
134
151
153
135
99
51
5
-13
-3
9
-3
-47
-92
-120
-125
-112
-96
-99
-128
-172
-201
-194
-157
-125
-130
-167
-214
-243
-231
-191
-155
-150
-189
-244
-271
-259
-213
-174
-167
-185
-222
-240
-216
-164
-110
-89
-108
-129
-120
-74
-15
27
43
35
31
45
90
146
187
199
193
194
208
235
263
284
292
285
277
272
267
253
229
207
196
194
187
161
113
59
21
9
19
27
11
-33
-82
-114
-110
-83
-57
-53
-69
-87
-88
-66
-30
2
11
5
4
22
55
82
88
75
58
55
68
85
81
51
8
-26
-32
-23
-28
-57
-107
-153
-168
-159
-154
-166
-200
-232
-239
-217
-187
-173
-186
-203
-198
-162
-114
-85
-86
-99
-97
-66
-19
8
2
-32
-52
-36
5
32
15
-39
-94
-106
-68
-13
10
-27
-96
-141
-124
-57
13
38
13
-29
-38
8
86
150
176
169
166
193
251
308
333
328
314
324
360
396
406
375
321
283
270
281
281
244
174
94
27
-9
-26
-47
-90
-151
-212
-262
-296
-318
-326
-328
-324
-323
-327
-328
-322
-304
-261
-206
-151
-112
-94
-87
-65
-20
43
100
132
129
111
101
112
144
170
171
139
86
41
24
28
33
21
-16
-61
-96
-106
-98
-87
-88
-95
-101
-94
-75
-51
-30
-11
4
25
52
77
95
103
108
117
127
133
131
118
100
83
73
65
44
9
-36
-74
-92
-99
-107
-132
-176
-223
-247
-241
-214
-185
-176
-190
-207
-204
-163
-96
-29
16
22
14
21
63
136
206
245
241
213
190
200
241
286
300
269
203
134
98
103
127
132
91
8
-83
-140
-146
-116
-90
-103
-158
-228
-267
-251
-192
-123
-85
-89
-115
-127
-96
-27
49
100
120
114
109
126
162
203
228
224
204
183
171
165
158
138
106
74
49
32
13
-16
-54
-87
-107
-111
-106
-109
-124
-146
-165
-163
-144
-120
-103
-101
-101
-97
-80
-55
-33
-19
-13
-7
1
11
16
10
1
-8
-9
-8
-15
-39
-72
-100
-115
-114
-113
-126
-151
-179
-196
-189
-166
-144
-134
-139
-140
-124
-86
-35
12
44
63
75
94
125
168
208
237
250
248
242
238
240
246
252
253
239
210
172
140
121
113
109
95
66
23
-19
-43
-52
-44
-37
-42
-60
-83
-93
-82
-57
-32
-17
-11
-8
0
16
37
54
63
66
71
77
83
80
63
42
24
16
16
10
-8
-42
-82
-109
-118
-115
-111
-127
-158
-188
-205
-202
-183
-167
-163
-177
-188
-182
-163
-131
-106
-94
-90
-90
-80
-58
-31
-7
4
4
0
1
8
19
29
32
24
16
7
1
1
1
1
-4
-10
-12
-12
-11
-10
-5
1
10
19
30
39
45
57
71
86
102
116
133
145
151
159
163
167
174
174
174
171
157
142
125
113
105
95
83
62
39
18
1
-7
-12
-18
-26
-40
-52
-62
-63
-58
-55
-52
-53
-57
-60
-61
-58
-53
-45
-39
-38
-42
-46
-45
-39
-33
-30
-32
-38
-44
-47
-46
-42
-38
-41
-49
-59
-65
-64
-59
-53
-51
-56
-63
-68
-66
-56
-45
-36
-33
-35
-38
-36
-29
-16
-1
7
10
9
9
16
28
43
55
59
58
54
49
50
58
65
67
61
52
42
38
38
38
38
35
26
16
9
5
6
7
6
3
-2
-7
-7
-4
-2
-2
-3
-3
-2
-1
1
4
3
4
3
3
4
4
3
3
4
4
2
0
0
0
1
1
-1
-2
-5
-7
-4
-3
-4
-7
-9
-10
-8
-5
-3
-1
-3
-6
-3
0
3
5
7
8
6
4
5
6
8
10
7
6
1
-1
-2
-2
-2
-3
-6
-8
-11
-12
-12
-14
-12
-13
-13
-13
-15
-16
-16
-15
-14
-13
-13
-13
-14
-13
-13
-9
-7
-7
-5
-7
-7
-5
-3
0
3
7
8
6
5
5
9
11
15
17
13
12
12
12
11
8
11
11
10
4
-2
-6
-9
-7
-5
-4
-5
-11
-16
-18
-16
-12
-7
-6
-7
-9
-9
-7
-1
6
12
13
12
11
12
17
23
26
30
31
29
26
26
30
35
37
37
33
30
27
27
27
27
23
17
10
4
1
0
-2
-6
-12
-18
-21
-24
-24
-23
-25
-26
-28
-29
-27
-27
-25
-23
-24
-23
-21
-19
-18
-19
-18
-18
-18
-19
-20
-21
-22
-24
-22
-22
-23
-22
-22
-21
-21
-21
-21
-18
-19
-15
-13
-10
-7
-5
1
4
8
11
16
20
25
29
32
34
36
39
44
45
43
40
37
36
36
35
33
29
23
18
15
13
12
8
6
1
-7
-9
-14
-14
-17
-19
-18
-19
-20
-20
-19
-18
-14
-9
-7
-2
-2
0
4
9
12
14
14
13
11
10
11
13
11
9
5
1
-3
-5
-5
-6
-7
-9
-12
-13
-15
-16
-16
-16
-15
-15
-13
-12
-9
-9
-8
-5
-3
-1
-1
0
2
3
2
3
3
3
1
0
-1
-1
-2
-2
-5
-6
-9
-12
-15
-14
-14
-15
-14
-16
-18
-19
-17
-13
-9
-6
-3
-2
1
5
7
10
17
22
27
29
30
29
31
34
34
34
33
28
25
20
16
13
10
7
3
0
-4
-10
-14
-16
-16
-16
-16
-17
-19
-19
-17
-16
-13
-11
-10
-8
-5
-4
-1
2
3
6
7
8
12
13
11
11
10
8
5
3
2
4
2
0
-3
-5
-7
-6
-5
-3
-2
-2
-4
-6
-7
-4
0
2
5
5
2
1
5
7
11
14
13
11
8
6
8
10
9
6
3
-1
-3
-5
-11
-17
-23
-25
-26
-26
-27
-32
-36
-38
-40
-36
-31
-28
-27
-27
-27
-25
-21
-17
-10
-5
0
3
7
14
20
24
28
31
32
33
35
35
33
34
35
30
24
18
18
19
17
17
15
15
6
-7
-9
-5
3
11
15
14
9
6
16
29
36
39
42
45
48
54
66
68
60
61
68
70
64
58
50
30
14
11
13
10
-1
-10
-11
-12
-17
-24
-31
-42
-55
-55
-62
-67
-85
-122
-119
4
151
88
-203
-447
-377
-58
167
90
-9
166
431
232
-482
-1106
-1106
-532
35
74
-355
-708
-674
-413
-303
-427
-348
132
648
663
330
163
24
-398
-914
-970
-365
412
742
516
43
-204
35
540
819
685
526
734
1058
1035
676
321
131
65
159
514
972
1113
733
91
-343
-322
44
404
411
35
-327
-318
-108
-119
-386
-551
-427
-229
-213
-343
-424
-449
-530
-651
-648
-424
-89
141
105
-165
-405
-371
-124
59
28
-80
-64
57
120
91
75
102
99
66
101
209
253
129
-99
-271
-272
-103
137
291
245
50
-115
-146
-93
-44
6
93
165
159
88
12
-39
-66
-46
44
166
229
172
23
-133
-203
-146
-12
99
119
69
-8
-87
-146
-154
-115
-62
-19
14
17
-31
-118
-181
-170
-93
11
91
111
55
-36
-97
-101
-53
34
123
171
154
99
50
27
33
69
121
139
107
63
43
31
0
-17
27
106
133
67
-37
-101
-101
-65
-30
-8
7
22
11
-35
-82
-78
-4
83
129
129
98
47
-9
-39
-24
13
34
31
14
-30
-102
-174
-185
-107
12
96
92
22
-50
-68
-37
-2
12
8
3
-13
-38
-47
-31
-17
-27
-40
-13
47
87
82
55
36
25
11
2
4
11
7
-3
-5
10
33
36
4
-50
-83
-59
4
43
14
-52
-94
-105
-110
-126
-117
-71
-33
-29
-35
-27
-31
-85
-157
-166
-80
55
161
174
92
-21
-76
-45
6
14
-5
14
78
109
55
-33
-61
-7
90
180
226
215
156
85
39
20
20
42
76
97
79
21
-37
-60
-54
-30
-2
21
33
40
43
40
23
-9
-39
-57
-51
-19
18
19
-23
-72
-90
-68
-40
-27
-12
19
43
28
-23
-66
-66
-29
11
23
11
-11
-26
-32
-35
-34
-28
-7
11
12
1
-4
-6
-16
-28
-23
-1
20
27
17
3
-8
-12
-15
-15
-7
4
15
16
4
-12
-15
-10
-4
0
2
3
2
1
-3
-4
-3
1
2
1
1
1
0
0
-1
0
1
2
6
7
9
10
11
9
6
4
7
12
15
14
11
11
11
12
10
8
9
12
13
13
9
4
2
2
1
-1
-1
-1
-1
-2
-5
-9
-9
-9
-9
-8
-11
-13
-11
-11
-12
-15
-18
-15
-13
-11
-11
-12
-10
-11
-8
-7
-5
-4
-4
-6
-8
-5
-4
1
5
7
6
4
2
3
4
6
10
10
10
9
6
7
7
6
7
6
7
6
6
5
2
2
3
5
4
2
1
2
3
3
2
1
0
1
1
0
0
2
2
0
-3
-5
-3
-1
1
0
-4
-8
-6
-3
-3
-3
-4
-5
-4
-5
-5
-5
-4
-1
1
0
2
3
4
5
4
2
1
3
4
4
1
2
2
1
1
1
3
4
2
2
0
-1
-1
1
-1
-3
-3
-2
-2
-3
-5
-5
-3
-3
-1
0
0
-1
-3
-1
-1
-1
-2
-4
-4
-4
1
3
3
4
4
7
8
7
4
6
5
5
5
4
2
2
1
-2
0
2
5
5
5
1
-2
-4
-4
-2
1
1
0
1
0
-3
-6
-7
-4
-2
-2
-1
0
-2
-6
-9
-10
-8
-6
-5
-6
-7
-7
-7
-7
-9
-9
-6
-2
1
1
-1
-1
-2
-1
0
1
4
6
6
5
4
4
5
6
7
7
10
12
11
10
11
12
13
11
10
10
10
7
5
3
1
0
2
0
-2
-4
-2
-2
-4
-7
-9
-9
-5
-4
-5
-5
-6
-7
-7
-4
-3
-1
0
0
-2
-3
-1
-1
-1
1
1
3
4
4
0
-1
0
1
1
0
-1
-3
-6
-8
-6
-4
-4
-4
-2
1
-1
0
-1
-1
-1
-2
-2
-2
-2
-1
-2
-3
-5
-5
-2
-1
0
-2
-2
1
2
2
1
1
3
2
2
3
4
5
2
