1
-1
-2
-3
-4
-5
-6
-7
-9
-10
-12
-11
-11
-14
-15
-18
-18
-19
-20
-19
-18
-18
-17
-18
-17
-15
-15
-16
-14
-12
-9
-6
-4
-3
0
0
2
5
7
9
8
5
5
6
5
7
7
6
5
5
5
5
3
3
1
-1
-4
-7
-8
-9
-11
-13
-14
-16
-16
-15
-15
-15
-13
-13
-10
-8
-6
-4
-1
2
5
9
14
17
21
23
26
28
29
30
30
30
30
32
33
33
33
33
34
31
29
28
28
27
27
25
23
21
20
18
14
11
7
3
0
-4
-7
-12
-16
-18
-21
-25
-28
-32
-38
-40
-42
-43
-46
-49
-51
-50
-51
-53
-51
-53
-51
-49
-47
-45
-43
-40
-34
-29
-23
-17
-7
4
9
14
16
15
15
15
17
21
22
23
25
25
28
32
32
31
31
26
21
18
16
12
8
4
2
-1
-2
-4
-5
-5
-4
0
5
6
7
5
4
5
8
15
21
26
30
30
32
33
33
32
27
24
21
20
21
21
21
19
17
17
15
14
12
10
7
6
4
4
4
2
1
-1
-5
-9
-8
-7
-8
-10
-14
-19
-20
-26
-26
-30
-30
-36
-45
-44
-46
-46
-50
-63
-69
-70
-71
-70
-78
-82
-79
-79
-73
-76
-78
-70
-64
-56
-51
-49
-42
-35
-29
-25
-20
-12
-2
8
19
33
48
57
66
73
79
97
111
132
157
178
212
235
237
238
225
221
219
206
199
191
188
193
186
168
147
118
94
64
35
10
-16
-44
-76
-111
-146
-181
-214
-254
-273
-277
-274
-259
-251
-239
-223
-215
-204
-200
-190
-169
-142
-107
-65
-24
17
51
72
81
84
84
82
82
90
104
123
140
154
163
167
167
160
153
148
149
156
161
164
162
151
142
128
110
93
78
67
58
48
36
16
-8
-42
-83
-124
-164
-197
-226
-252
-266
-279
-288
-298
-321
-341
-360
-378
-386
-394
-390
-370
-346
-320
-301
-286
-265
-251
-234
-216
-196
-165
-130
-95
-60
-28
-4
19
40
66
101
152
224
310
402
496
590
648
672
668
642
599
559
535
520
518
517
512
512
496
464
410
334
260
184
113
50
-11
-75
-149
-232
-321
-401
-466
-517
-546
-551
-528
-484
-439
-401
-376
-365
-354
-337
-306
-254
-188
-116
-48
12
62
101
123
120
97
67
48
57
87
130
171
189
190
180
164
152
137
119
103
96
109
137
168
182
174
152
127
116
113
114
107
82
52
34
40
54
67
37
-52
-161
-231
-226
-166
-112
-104
-154
-233
-297
-314
-282
-246
-260
-299
-331
-326
-271
-205
-153
-137
-167
-208
-231
-215
-170
-129
-90
-56
-25
-8
-17
-41
-69
-76
-36
49
162
277
399
536
661
763
810
783
695
529
350
213
144
149
209
300
398
454
447
360
198
27
-110
-192
-242
-262
-282
-311
-341
-381
-438
-520
-641
-747
-799
-748
-574
-359
-175
-86
-94
-155
-210
-221
-185
-113
1
155
345
539
705
781
708
529
316
150
82
120
224
345
431
485
508
504
475
408
331
267
250
311
406
468
453
356
216
74
-21
-46
-24
-24
-72
-132
-160
-155
-147
-168
-231
-341
-473
-591
-674
-743
-835
-964
-1070
-1094
-1035
-902
-750
-622
-555
-568
-630
-690
-712
-687
-626
-534
-426
-342
-297
-281
-290
-318
-341
-318
-224
-92
60
240
419
505
486
467
597
998
1759
2812
3796
4133
3547
2217
623
-727
-1575
-1871
-1837
-1763
-1682
-1241
-270
806
1284
872
-125
-1166
-1696
-1323
-141
1125
1668
1345
636
-55
-721
-1393
-1887
-1992
-1654
-868
285
1373
1750
1161
57
-849
-1200
-1046
-532
224
1061
1836
2497
2933
2855
2002
538
-939
-1840
-1929
-1347
-411
505
1091
1259
1135
871
510
91
-237
-284
-4
466
913
1132
979
434
-331
-1082
-1618
-1813
-1637
-1195
-698
-342
-239
-384
-712
-1126
-1443
-1517
-1304
-901
-437
-25
203
158
-142
-537
-906
-1225
-1431
-1392
-1073
-692
-476
-441
-479
-551
-638
-589
-321
9
206
338
556
726
607
313
228
443
632
630
627
714
711
610
741
1218
1740
2264
3313
4988
6247
5893
3902
1202
-1426
-3542
-4599
-4304
-3332
-2634
-2115
-984
646
1614
1262
173
-827
-1409
-1245
44
1931
2943
2259
600
-954
-2216
-3427
-4282
-4230
-3281
-1782
95
1993
2975
2323
556
-999
-1552
-1253
-439
738
2002
2908
3312
3376
3017
1857
-59
-1938
-2934
-2868
-2071
-901
347
1282
1650
1607
1472
1316
1049
787
789
1082
1377
1390
1060
443
-382
-1250
-1935
-2308
-2381
-2184
-1708
-1038
-399
-19
11
-259
-686
-1040
-1111
-898
-577
-304
-115
-14
-73
-327
-679
-1014
-1285
-1445
-1361
-988
-534
-280
-298
-438
-534
-531
-409
-184
44
168
235
423
756
1018
1009
779
568
506
551
654
820
988
970
743
549
578
858
1498
2848
4899
6582
6535
4493
1471
-1356
-3522
-4868
-5149
-4504
-3585
-2717
-1386
694
2574
2877
1411
-534
-1601
-1447
-450
920
2078
2293
1187
-781
-2662
-3935
-4770
-5272
-4864
-2869
305
3083
4146
3524
2101
517
-893
-1554
-980
380
1477
1972
2462
3166
3198
1762
-566
-2416
-3114
-2921
-2115
-696
985
2113
2254
1855
1536
1313
897
429
396
871
1310
1202
609
-112
-829
-1602
-2283
-2496
-2102
-1404
-785
-345
-62
-70
-497
-1108
-1429
-1237
-735
-214
223
550
618
315
-240
-788
-1182
-1406
-1434
-1211
-796
-388
-197
-304
-609
-897
-945
-673
-198
285
673
955
1121
1118
905
558
263
169
281
525
840
1169
1348
1185
756
386
239
300
860
2541
5298
7637
7757
5415
1926
-1449
-4341
-6391
-6862
-5776
-4314
-3167
-1487
1353
3906
4026
1740
-734
-1798
-1773
-1206
175
2051
2766
1266
-1312
-3193
-4323
-5710
-6956
-6303
-3165
855
3837
5224
5215
3790
1246
-1120
-1999
-1434
-459
378
1392
2687
3581
3296
1765
-392
-2383
-3529
-3412
-2076
-44
1992
3456
4017
3655
2672
1509
474
-277
-517
-79
742
1289
1162
564
-123
-854
-1723
-2429
-2457
-1753
-802
-21
508
699
267
-807
-1893
-2277
-1926
-1317
-726
-61
655
1055
818
65
-830
-1634
-2234
-2437
-2087
-1325
-589
-235
-243
-382
-498
-609
-729
-764
-577
-129
451
984
1360
1497
1340
958
600
465
473
425
346
409
568
565
379
259
323
683
1872
4399
7397
8771
7372
4165
777
-2310
-5128
-6858
-6741
-5595
-4608
-3189
-87
3663
5193
3521
784
-865
-1534
-1846
-1184
693
2119
1494
-426
-1933
-3045
-4921
-7113
-7526
-5181
-1342
2256
4845
6033
5328
3022
515
-985
-1532
-1700
-1440
-354
1347
2856
3496
2971
1243
-1218
-3341
-4161
-3594
-2174
-242
2080
4251
5388
5185
4134
2760
1176
-427
-1395
-1354
-805
-462
-363
-127
91
-294
-1251
-1965
-1844
-1157
-429
240
893
1230
880
10
-844
-1463
-2000
-2420
-2337
-1518
-304
670
1020
768
127
-674
-1410
-1885
-2021
-1868
-1547
-1116
-561
7
293
87
-450
-888
-945
-692
-258
346
1045
1564
1653
1358
933
536
175
-81
-64
278
683
803
646
541
554
447
472
1661
4511
7585
8641
7083
4156
998
-2307
-5400
-7041
-6862
-6092
-5408
-3566
281
4212
5381
3531
898
-904
-1966
-2251
-1035
1245
2642
2061
454
-1003
-2642
-5079
-7315
-7521
-5205
-1480
2311
5256
6531
5687
3354
859
-1010
-2301
-3023
-2723
-1209
985
3028
4213
3950
2015
-886
-3362
-4479
-4278
-3118
-1029
1786
4432
5902
5914
4800
2918
633
-1344
-2271
-2120
-1496
-847
-199
396
548
-55
-1143
-2078
-2396
-1976
-954
329
1409
1908
1692
879
-278
-1490
-2423
-2808
-2550
-1718
-559
502
1046
947
408
-297
-1057
-1834
-2416
-2471
-1860
-797
288
968
993
422
-363
-900
-949
-586
-22
602
1222
1708
1891
1686
1125
400
-237
-579
-513
-45
611
1093
1209
1075
892
739
793
1712
3990
6681
7852
6628
3913
946
-2012
-4940
-6939
-7215
-6417
-5450
-3756
-497
3184
4837
3674
1391
-254
-1169
-1619
-1085
471
1755
1605
344
-1113
-2708
-4800
-6714
-7024
-5133
-1766
1891
4742
5879
5058
3013
859
-866
-2177
-2870
-2441
-867
1167
2952
4026
3858
2089
-716
-3188
-4307
-4123
-3076
-1181
1523
4210
5769
5809
4712
3014
1072
-683
-1704
-1817
-1380
-792
-173
364
512
33
-926
-1859
-2269
-1945
-959
333
1380
1815
1627
941
-112
-1285
-2185
-2498
-2261
-1720
-961
-9
794
969
436
-414
-1156
-1701
-2061
-2044
-1463
-510
333
748
760
526
140
-325
-696
-707
-262
410
953
1175
1121
907
517
-32
-494
-579
-241
309
837
1203
1389
1380
1093
643
591
1734
4201
6646
7291
5725
2980
41
-2915
-5613
-7099
-6964
-6067
-5015
-2978
628
4229
5407
3787
1264
-533
-1564
-1992
-1330
305
1589
1444
206
-1267
-2925
-5021
-6818
-6921
-4770
-1163
2537
5155
5983
5020
2989
775
-1158
-2602
-3160
-2447
-687
1405
3202
4226
3909
1985
-828
-3162
-4165
-3945
-2811
-743
2095
4782
6219
6068
4786
2947
915
-914
-2016
-2085
-1326
-272
646
1199
1200
510
-733
-1983
-2545
-2124
-1045
117
1000
1526
1623
1128
32
-1287
-2275
-2652
-2489
-1917
-1012
0
654
600
-22
-769
-1436
-2081
-2613
-2671
-1985
-788
334
966
1048
684
32
-688
-1184
-1235
-907
-451
29
556
1044
1278
1060
451
-166
-515
-513
-80
628
1236
1473
1320
1029
926
1206
2209
4144
6096
6582
5137
2590
-1
-2333
-4486
-5902
-5914
-4990
-3817
-2025
783
3628
4750
3555
1356
-265
-1060
-1268
-684
490
1298
1049
-97
-1569
-3106
-4694
-5774
-5412
-3393
-375
2723
4881
5281
3970
1855
-80
-1462
-2376
-2646
-1862
-203
1551
2832
3421
2991
1286
-1232
-3328
-3955
-3179
-1728
64
2167
4122
5126
4777
3446
1820
259
-1083
-1830
-1668
-844
-2
373
242
-170
-756
-1463
-2035
-2123
-1569
-547
511
1200
1367
1038
271
-818
-1881
-2432
-2240
-1578
-894
-334
156
454
298
-310
-1005
-1472
-1723
-1832
-1622
-884
147
881
961
571
138
-177
-482
-735
-694
-296
213
598
903
1208
1320
951
254
-257
-332
-92
302
740
1117
1321
1343
1364
1557
2149
3537
5448
6543
5699
3234
424
-1984
-4065
-5541
-5656
-4579
-3423
-2442
-702
1922
3794
3418
1465
-191
-853
-1024
-771
185
1255
1257
-104
-1907
-3345
-4531
-5526
-5601
-4072
-1240
1855
4154
4920
3967
1860
-335
-1816
-2447
-2337
-1457
14
1504
2542
3010
2741
1395
-862
-2935
-3680
-3009
-1621
86
2094
3971
4884
4478
3266
1933
677
-431
-1023
-861
-290
110
155
41
-163
-628
-1333
-1859
-1800
-1123
-123
811
1383
1430
963
169
-703
-1459
-1932
-1970
-1543
-806
-50
443
493
94
-570
-1199
-1555
-1600
-1451
-1182
-766
-208
306
548
442
116
-273
-645
-905
-918
-663
-269
164
582
913
1058
936
614
230
-95
-224
-134
-22
-44
-60
236
1022
2273
3950
5763
6863
6352
4191
1310
-1356
-3495
-4930
-5331
-4711
-3596
-2377
-879
932
2237
2169
988
-194
-635
-359
433
1549
2400
2173
661
-1465
-3418
-4921
-5782
-5516
-3809
-1056
1780
3783
4448
3666
1779
-384
-1940
-2434
-1927
-748
720
2060
2904
3015
2300
840
-1002
-2538
-3139
-2661
-1403
198
1753
2886
3247
2844
2085
1368
825
440
293
461
733
737
327
-311
-963
-1567
-2034
-2135
-1665
-765
143
707
827
574
82
-489
-936
-1115
-1051
-866
-644
-377
-79
124
80
-252
-738
-1158
-1366
-1315
-1051
-703
-414
-283
-273
-262
-197
-130
-129
-193
-274
-309
-280
-146
106
404
629
673
560
413
307
226
109
-20
-78
-15
285
1091
2632
4659
6248
6491
5184
2787
18
-2518
-4294
-4945
-4646
-3942
-3107
-1946
-344
1180
1867
1537
688
-49
-335
-15
858
1797
2045
1178
-507
-2317
-3776
-4690
-4872
-4120
-2420
-164
1957
3266
3382
2419
940
-319
-816
-447
474
1404
1930
1982
1713
1224
482
-457
-1284
-1645
-1435
-799
37
834
1357
1483
1354
1273
1395
1610
1742
1740
1606
1275
671
-113
-851
-1363
-1593
-1556
-1289
-907
-614
-544
-662
-817
-903
-907
-830
-635
-313
59
320
338
96
-319
-762
-1088
-1201
-1094
-877
-727
-788
-1059
-1368
-1512
-1420
-1153
-788
-350
103
442
590
581
472
222
-188
-563
-585
-138
539
1078
1263
1105
714
242
-95
-136
60
289
509
1040
2281
4053
5488
5713
4485
2258
-239
-2310
-3359
-3248
-2591
-2212
-2256
-2110
-1340
-315
293
325
102
-70
5
581
1622
2441
2164
646
-1273
-2690
-3364
-3451
-3022
-2097
-919
111
795
1144
1102
628
9
-185
396
1508
2524
2962
2706
1906
849
-112
-689
-772
-477
-84
172
195
39
-190
-404
-479
-230
423
1313
2145
2700
2878
2566
1663
346
-912
-1679
-1873
-1700
-1379
-1068
-962
-1210
-1694
-2080
-2157
-1974
-1636
-1121
-402
304
668
561
130
-374
-791
-1002
-923
-632
-388
-447
-820
-1274
-1577
-1646
-1521
-1263
-898
-461
-14
360
601
696
668
559
450
497
812
1270
1528
1335
823
366
183
238
419
678
929
1093
1380
2295
3950
5508
5757
4240
1629
-969
-2784
-3427
-2870
-1753
-1129
-1453
-2018
-1815
-843
9
162
-152
-466
-557
-227
661
1655
1769
495
-1479
-2967
-3443
-3144
-2375
-1282
-171
482
521
217
-197
-723
-1231
-1253
-444
934
2225
2933
2960
2439
1625
895
569
622
729
568
110
-435
-837
-920
-648
-121
461
900
1133
1241
1346
1490
1595
1537
1298
990
720
483
196
-215
-796
-1517
-2235
-2675
-2617
-2151
-1594
-1221
-1113
-1152
-1189
-1092
-760
-217
345
699
752
567
241
-188
-718
-1275
-1721
-1946
-1905
-1625
-1185
-726
-404
-305
-396
-521
-513
-274
181
702
1135
1397
1446
1284
977
705
628
713
762
689
636
755
1076
1644
2585
3776
4633
4492
3248
1452
-265
-1553
-2186
-2089
-1620
-1452
-1883
-2409
-2325
-1589
-728
-117
244
404
338
219
368
689
563
-404
-1772
-2705
-2799
-2234
-1329
-344
366
415
-158
-833
-1117
-967
-602
-113
519
1155
1511
1521
1441
1543
1849
2176
2334
2212
1715
831
-216
-1027
-1280
-968
-347
306
854
1243
1413
1339
1133
974
932
939
921
901
870
700
298
-237
-692
-990
-1224
-1444
-1593
-1624
-1624
-1703
-1832
-1913
-1890
-1770
-1513
-1093
-599
-216
-70
-102
-172
-230
-334
-533
-818
-1118
-1363
-1495
-1450
-1234
-950
-745
-683
-682
-580
-305
71
438
737
955
1064
1053
1024
1095
1247
1315
1218
1047
987
1163
1635
2473
3531
4312
4267
3240
1658
180
-750
-998
-764
-555
-867
-1729
-2580
-2740
-2055
-981
-102
233
19
-429
-626
-278
383
739
364
-582
-1576
-2166
-2153
-1601
-806
-187
-40
-302
-663
-889
-909
-722
-342
122
483
644
713
870
1214
1686
2129
2350
2167
1559
719
-27
-428
-462
-287
-41
220
465
655
773
852
916
951
980
1076
1231
1269
999
439
-184
-639
-829
-774
-563
-364
-375
-617
-926
-1154
-1314
-1491
-1650
-1675
-1558
-1398
-1242
-1062
-878
-759
-691
-576
-430
-413
-624
-911
-1025
-906
-652
-377
-190
-235
-567
-990
-1209
-1089
-722
-257
223
582
668
537
421
474
636
818
1052
1405
1923
2713
3841
4918
5116
3979
1940
-5
-1027
-885
70
939
651
-1024
-2968
-3709
-2828
-1147
227
645
16
-1173
-1857
-1175
414
1427
949
-574
-2049
-2757
-2463
-1214
410
1322
909
-280
-1249
-1593
-1497
-1042
-186
719
1080
789
338
141
244
671
1527
2534
2985
2433
1215
102
-433
-301
407
1351
1950
1772
986
223
-39
234
824
1447
1775
1555
871
126
-294
-303
-100
87
106
-136
-600
-1084
-1371
-1392
-1285
-1242
-1334
-1500
-1653
-1730
-1699
-1575
-1403
-1233
-1088
-941
-799
-769
-963
-1361
-1777
-1987
-1892
-1552
-1121
-757
-552
-490
-455
-334
-163
-93
-202
-389
-456
-328
-54
359
878
1320
1447
1227
950
970
1462
2502
3952
5153
5248
4012
2231
991
732
1157
1645
1485
223
-1668
-2842
-2350
-725
566
586
-503
-1941
-2782
-2159
-116
1930
2304
764
-1373
-2694
-2743
-1739
-205
914
728
-604
-1868
-2139
-1605
-862
-91
632
863
327
-483
-846
-637
-115
689
1761
2501
2184
952
-235
-625
-243
554
1411
1798
1237
-6
-927
-745
346
1543
2216
2120
1305
199
-451
-192
637
1266
1239
654
-140
-817
-1117
-965
-639
-552
-835
-1265
-1572
-1674
-1582
-1328
-1044
-932
-1050
-1231
-1291
-1183
-951
-633
-349
-296
-547
-922
-1165
-1192
-1093
-978
-909
-938
-1063
-1124
-902
-386
158
408
319
98
-43
-17
198
525
798
962
1270
2086
3317
4209
4089
3055
1829
1171
1392
2247
2901
2341
396
-1753
-2539
-1515
283
1393
987
-798
-2896
-3769
-2531
-21
1732
1434
-431
-2376
-3207
-2532
-734
1093
1680
721
-782
-1621
-1560
-1129
-719
-387
-251
-438
-717
-705
-383
-23
371
1024
1798
2120
1677
848
218
62
339
880
1356
1316
675
-41
-180
376
1198
1801
1928
1532
813
224
186
644
1123
1246
981
503
19
-256
-157
177
309
-51
-754
-1437
-1843
-1897
-1636
-1255
-1077
-1273
-1629
-1765
-1547
-1158
-827
-683
-765
-1030
-1318
-1414
-1282
-1074
-917
-805
-698
-637
-716
-917
-1111
-1169
-1040
-789
-527
-337
-292
-385
-486
-416
-69
499
1239
2130
3004
3447
3164
2401
1757
1639
1990
2463
2577
1914
538
-726
-907
51
1177
1443
585
-894
-2127
-2271
-1069
632
1350
407
-1412
-2708
-2702
-1550
57
1219
1225
191
-855
-994
-323
379
611
435
53
-355
-505
-235
185
335
225
215
411
528
414
281
348
587
892
1190
1320
1053
473
45
136
607
1024
1131
928
538
167
87
402
816
907
591
145
-132
-169
-20
219
342
118
-431
-1001
-1299
-1327
-1267
-1212
-1198
-1308
-1588
-1872
-1927
-1726
-1452
-1239
-1102
-1057
-1161
-1327
-1336
-1136
-924
-856
-863
-805
-655
-448
-200
6
-25
-321
-592
-566
-315
-142
-178
-299
-308
18
865
2082
2981
2905
1973
1045
914
1637
2663
3231
2734
1202
-405
-849
156
1566
2035
1117
-556
-1897
-2005
-728
984
1631
506
-1528
-2877
-2661
-1243
342
1104
604
-696
-1643
-1388
-218
818
996
454
-225
-532
-224
543
1231
1348
960
586
561
702
703
509
245
53
40
239
471
411
0
-390
-345
169
842
1348
1511
1307
902
588
550
663
649
403
63
-214
-350
-360
-282
-212
-275
-492
-756
-978
-1146
-1278
-1367
-1421
-1497
-1628
-1744
-1743
-1606
-1414
-1260
-1201
-1263
-1380
-1377
-1134
-750
-476
-478
-695
-929
-993
-785
-373
-29
-3
-261
-477
-382
-25
311
389
197
6
245
1187
2525
3430
3277
2198
992
477
902
1828
2368
1821
381
-879
-941
211
1592
2106
1339
-217
-1442
-1368
-55
1295
1373
-33
-1948
-3104
-2846
-1452
105
763
203
-831
-1273
-764
167
775
715
146
-470
-607
-86
692
1103
960
599
427
534
778
1006
1075
919
665
535
578
601
463
268
187
240
337
426
491
495
459
485
614
717
646
433
253
201
239
313
379
372
214
-100
-494
-918
-1342
-1670
-1740
-1526
-1234
-1136
-1323
-1675
-1970
-2027
-1780
-1384
-1148
-1257
-1579
-1787
-1677
-1316
-920
-685
-710
-881
-906
-579
-38
336
333
58
-247
-373
-244
48
281
335
439
946
1797
2495
2634
2260
1761
1531
1742
2188
2286
1583
366
-441
-204
788
1646
1608
549
-914
-1730
-1204
231
1246
849
-709
-2282
-2813
-2014
-510
551
323
-915
-1926
-1736
-526
708
1121
556
-481
-1146
-816
324
1376
1623
1205
797
817
1177
1536
1556
1084
372
-32
171
663
890
663
247
-9
66
450
922
1138
938
554
359
442
562
525
363
200
115
163
313
384
186
-209
-504
-552
-522
-661
-1019
-1469
-1857
-2017
-1848
-1493
-1296
-1450
-1768
-1921
-1819
-1600
-1409
-1333
-1435
-1657
-1766
-1585
-1240
-1005
-956
-907
-755
-565
-370
-131
81
129
40
34
202
452
775
1304
1981
2417
2373
2070
1845
1839
2021
2264
2264
1669
641
-56
137
956
1645
1662
933
-197
-1002
-793
300
1225
1032
-200
-1603
-2367
-2166
-1228
-301
-206
-1015
-1872
-1899
-1089
-131
353
176
-446
-983
-872
-87
729
955
643
336
430
886
1420
1697
1469
837
273
201
552
899
939
730
496
408
517
733
829
645
281
50
141
432
654
646
441
199
115
301
655
900
813
447
49
-196
-286
-333
-476
-797
-1241
-1631
-1799
-1770
-1712
-1734
-1801
-1824
-1775
-1686
-1608
-1600
-1675
-1724
-1594
-1272
-922
-719
-706
-818
-940
-939
-752
-464
-270
-271
-375
-389
-129
469
1271
1921
2108
1863
1525
1470
1789
2248
2417
1977
1049
221
64
603
1301
1519
1012
79
-610
-495
336
1119
1050
39
-1247
-1984
-1782
-917
-131
-89
-823
-1646
-1794
-1145
-243
259
109
-443
-873
-758
-145
463
610
341
117
299
845
1401
1602
1327
811
498
649
1087
1368
1229
797
418
374
693
1134
1350
1162
724
390
372
591
805
824
624
344
181
231
389
443
287
2
-240
-320
-250
-147
-168
-399
-785
-1161
-1378
-1412
-1336
-1257
-1259
-1373
-1560
-1730
-1810
-1801
-1764
-1748
-1763
-1782
-1746
-1607
-1379
-1138
-958
-845
-770
-719
-707
-729
-723
-556
-113
578
1242
1542
1373
951
686
839
1294
1629
1420
662
-126
-316
283
1207
1726
1424
514
-290
-319
456
1329
1458
602
-663
-1461
-1294
-396
447
527
-218
-1103
-1316
-654
349
932
739
41
-510
-395
336
1087
1270
837
303
201
627
1227
1516
1266
696
306
446
962
1357
1266
782
314
222
566
1067
1330
1154
721
417
443
663
780
629
274
-62
-180
-57
134
163
-18
-245
-357
-361
-389
-554
-850
-1177
-1386
-1386
-1262
-1204
-1325
-1555
-1732
-1777
-1716
-1625
-1585
-1628
-1700
-1682
-1509
-1257
-1070
-1021
-1069
-1116
-1073
-891
-637
-467
-471
-547
-450
-26
635
1232
1500
1377
1083
971
1190
1526
1535
980
105
-517
-451
225
962
1149
594
-276
-725
-356
504
1062
765
-232
-1201
-1417
-726
322
906
603
-242
-840
-678
54
719
796
288
-306
-406
142
922
1315
1094
610
408
733
1349
1752
1599
982
385
286
706
1216
1343
990
466
202
406
920
1342
1339
954
545
446
671
954
1018
777
385
92
44
169
250
144
-82
-268
-340
-365
-463
-689
-1014
-1340
-1566
-1680
-1747
-1826
-1893
-1890
-1830
-1789
-1816
-1887
-1918
-1836
-1637
-1393
-1234
-1234
-1334
-1375
-1234
-935
-619
-454
-515
-685
-718
-387
305
1052
1446
1315
881
595
771
1311
1746
1590
784
-165
-545
-56
894
1507
1238
246
-720
-887
-121
903
1222
432
-933
-1852
-1658
-567
524
753
2
-997
-1275
-524
641
1262
872
-124
-821
-577
472
1492
1693
1029
228
112
846
1834
2262
1773
750
-1
74
797
1448
1446
820
144
7
530
1296
1719
1511
914
456
493
927
1357
1444
1173
794
581
605
706
665
423
112
-103
-184
-255
-454
-811
-1206
-1495
-1627
-1673
-1744
-1882
-2016
-2036
-1929
-1814
-1841
-2043
-2284
-2364
-2184
-1834
-1536
-1462
-1574
-1652
-1509
-1187
-903
-843
-962
-962
-530
348
1236
1584
1243
621
339
714
1473
1931
1536
409
-634
-758
113
1213
1594
902
-378
-1251
-980
262
1417
1439
261
-1187
-1816
-1240
26
964
832
-190
-1093
-993
19
1033
1226
536
-403
-776
-214
877
1617
1471
794
409
765
1568
2154
2053
1328
537
301
738
1319
1404
890
254
33
356
931
1313
1232
829
544
690
1108
1355
1173
719
350
300
553
853
902
606
184
-35
39
193
160
-142
-586
-957
-1100
-1056
-1047
-1281
-1708
-2068
-2171
-2070
-1997
-2149
-2512
-2834
-2812
-2383
-1846
-1615
-1791
-2085
-2117
-1737
-1154
-760
-786
-1011
-905
-202
757
1331
1199
611
171
349
1068
1683
1517
561
-403
-549
218
1206
1580
1003
-84
-769
-395
760
1632
1378
179
-999
-1278
-522
615
1178
669
-446
-1126
-762
251
982
886
182
-450
-403
353
1219
1483
1033
487
495
1074
1680
1767
1260
562
227
510
1076
1288
858
149
-208
75
709
1152
1062
553
101
152
683
1204
1222
726
154
-23
285
783
1040
830
320
-68
-45
271
483
320
-145
-606
-786
-645
-410
-393
-720
-1206
-1537
-1559
-1393
-1288
-1400
-1682
-1943
-2007
-1871
-1691
-1625
-1694
-1786
-1782
-1669
-1494
-1286
-988
-539
-33
286
248
-57
-307
-186
321
850
900
297
-552
-952
-528
412
1122
1011
121
-865
-1109
-354
804
1391
900
-293
-1275
-1318
-435
662
1127
682
-155
-574
-210
588
1155
1115
649
278
399
927
1390
1398
1052
812
1005
1485
1799
1612
1021
474
397
795
1225
1197
663
50
-141
232
843
1196
1023
484
20
-36
262
571
589
320
20
-75
79
333
490
476
367
287
266
215
62
-147
-301
-342
-334
-384
-548
-760
-879
-819
-656
-577
-720
-1033
-1324
-1436
-1382
-1322
-1406
-1628
-1810
-1763
-1474
-1151
-1027
-1137
-1256
-1096
-574
51
377
195
-313
-690
-584
-60
439
452
-88
-772
-1044
-662
97
655
601
18
-594
-728
-296
309
568
275
-322
-749
-700
-274
143
233
28
-169
-82
264
586
637
438
271
425
904
1388
1525
1251
862
760
1099
1649
1999
1883
1409
953
833
1053
1331
1363
1084
696
464
504
685
790
697
485
335
337
421
433
287
63
-87
-63
88
209
173
1
-171
-211
-117
-11
-31
-223
-497
-708
-772
-720
-660
-676
-765
-858
-899
-904
-937
-1039
-1188
-1307
-1330
-1260
-1164
-1113
-1125
-1165
-1187
-1166
-1121
-1063
-979
-854
-683
-505
-366
-274
-202
-116
-19
38
8
-91
-170
-140
21
232
385
425
381
329
327
367
397
375
307
240
200
183
163
105
25
-47
-74
-46
6
52
69
71
94
153
241
322
361
358
366
441
613
838
1032
1122
1101
1038
1019
1075
1153
1168
1072
892
728
668
721
807
820
719
532
354
259
255
297
303
237
116
-1
-58
-36
33
90
82
-7
-133
-246
-302
-296
-270
-276
-347
-469
-594
-677
-692
-657
-619
-620
-677
-769
-859
-913
-932
-949
-1000
-1096
-1201
-1255
-1238
-1177
-1126
-1119
-1124
-1048
-831
-505
-185
7
41
-14
-36
43
195
327
368
339
316
357
453
540
561
509
425
356
314
257
161
38
-74
-141
-181
-238
-332
-431
-463
-379
-210
-46
27
-10
-81
-101
-29
86
169
179
165
218
393
642
857
948
911
830
815
891
999
1053
1010
923
871
894
963
986
917
781
637
562
558
571
548
460
345
255
216
208
187
134
67
22
21
39
15
-75
-218
-356
-440
-468
-476
-519
-601
-694
-747
-734
-697
-693
-762
-890
-1004
-1043
-999
-922
-904
-974
-1092
-1185
-1177
-1079
-935
-787
-663
-549
-428
-294
-159
-51
9
22
14
12
44
127
250
372
450
463
429
394
385
404
415
386
311
218
149
113
90
43
-31
-117
-178
-175
-111
-28
25
20
-30
-86
-108
-74
-5
80
157
224
288
366
460
545
601
607
580
562
569
617
676
708
704
656
594
542
501
480
466
437
402
360
320
283
248
226
222
229
231
208
159
103
66
57
57
25
-70
-205
-332
-409
-419
-393
-384
-424
-509
-593
-625
-600
-547
-532
-590
-693
-792
-815
-748
-649
-570
-565
-630
-701
-718
-634
-456
-257
-118
-79
-101
-119
-84
4
86
109
69
15
16
99
230
337
359
304
223
183
205
252
268
216
120
32
-17
-19
-16
-42
-92
-136
-131
-75
1
50
44
5
-23
-10
41
99
143
169
194
232
292
345
372
376
361
356
371
384
391
380
360
347
339
335
320
285
251
221
204
209
219
225
213
172
124
89
79
92
103
97
68
30
7
-7
-27
-77
-146
-217
-257
-248
-212
-182
-191
-245
-309
-354
-363
-345
-332
-346
-386
-426
-441
-433
-424
-423
-442
-462
-460
-417
-323
-203
-104
-58
-62
-95
-114
-100
-62
-34
-36
-52
-55
-23
39
105
137
128
100
85
100
134
152
140
97
50
20
12
18
18
5
-10
-14
4
37
68
82
81
70
67
79
106
146
195
241
280
307
324
332
332
330
322
318
318
316
315
303
283
257
231
212
203
200
195
180
150
114
81
54
34
14
-6
-19
-23
-18
-14
-25
-58
-105
-153
-186
-198
-194
-189
-200
-226
-252
-264
-263
-260
-268
-290
-319
-338
-336
-319
-304
-306
-324
-341
-345
-330
-302
-276
-261
-251
-227
-171
-97
-31
4
5
-16
-28
-15
16
40
46
39
31
43
77
119
144
146
132
127
144
173
196
194
165
131
105
99
103
99
82
65
61
79
106
127
125
102
79
71
84
106
124
128
126
128
147
176
198
197
173
139
110
101
110
124
128
118
100
86
80
84
88
81
62
42
30
27
30
30
21
5
-15
-27
-28
-25
-26
-34
-50
-70
-91
-109
-124
-140
-156
-170
-174
-171
-167
-167
-175
-188
-205
-211
-213
-222
-235
-252
-262
-258
-244
-225
-216
-215
-209
-191
-153
-108
-68
-51
-47
-50
-47
-34
-15
-3
2
3
9
24
46
70
89
102
109
113
118
126
128
128
121
107
94
81
75
75
75
75
73
69
67
69
78
88
94
100
101
104
116
136
159
178
187
181
172
167
168
172
169
157
139
125
120
121
120
112
97
83
77
75
71
64
49
32
20
16
13
5
-12
-37
-55
-64
-66
-72
-89
-116
-143
-155
-154
-152
-153
-165
-178
-185
-180
-167
-163
-168
-182
-195
-198
-190
-186
-189
-196
-204
-204
-193
-181
-171
-166
-162
-147
-121
-95
-77
-68
-67
-64
-55
-38
-19
-6
-3
-1
1
10
26
47
64
74
76
77
79
87
96
102
101
92
79
69
71
81
90
92
91
87
90
102
121
138
146
146
149
159
176
196
213
217
215
214
216
224
230
225
206
188
175
170
172
169
154
131
110
98
96
94
84
64
39
20
9
-2
-15
-39
-69
-95
-113
-126
-137
-156
-179
-202
-221
-230
-234
-238
-245
-254
-259
-258
-252
-248
-246
-247
-251
-250
-246
-238
-230
-227
-221
-214
-205
-193
-177
-162
-143
-121
-99
-81
-66
-57
-53
-46
-38
-33
-29
-26
-22
-12
0
13
29
43
58
73
93
115
135
149
157
164
173
181
185
185
178
171
163
160
160
161
160
156
155
156
159
166
173
181
186
192
200
210
220
226
228
228
227
228
229
225
218
207
195
186
175
162
147
128
110
94
75
55
34
8
-19
-45
-72
-96
-122
-149
-178
-206
-230
-251
-268
-284
-301
-316
-327
-331
-331
-325
-321
-319
-315
-311
-305
-299
-288
-280
-274
-268
-262
-250
-234
-216
-198
-181
-160
-140
-115
-90
-66
-43
-21
-4
9
21
32
41
53
64
75
81
88
98
110
125
139
152
162
171
179
187
195
198
198
192
182
172
165
156
151
142
131
120
112
109
108
113
116
118
123
127
135
143
150
154
153
152
147
141
136
128
120
113
106
101
99
98
95
93
92
89
88
85
81
72
59
41
22
3
-17
-40
-62
-84
-107
-130
-152
-172
-191
-205
-217
-229
-241
-252
-258
-263
-269
-272
-273
-273
-270
-267
-259
-252
-246
-231
-219
-208
-194
-179
-161
-146
-130
-110
-93
-78
-61
-48
-35
-24
-13
-2
5
13
21
35
50
66
81
94
107
120
133
149
162
172
179
179
177
176
173
167
160
148
138
127
119
116
114
111
106
100
95
93
94
96
99
97
95
92
90
90
85
78
73
68
64
62
62
62
62
61
62
64
65
64
62
57
54
49
43
36
28
20
13
4
-4
-12
-17
-23
-30
-35
-42
-49
-60
-70
-79
-89
-101
-111
-122
-131
-140
-154
-163
-174
-183
-189
-194
-196
-202
-205
-206
-206
-205
-202
-201
-200
-197
-191
-182
-174
-167
-161
-157
-148
-137
-122
-107
-95
-82
-71
-55
-37
-17
3
21
35
48
61
80
97
114
127
137
147
159
173
187
197
204
207
211
214
218
222
226
222
219
216
214
213
210
205
199
193
185
179
172
164
155
146
136
126
118
109
98
86
75
65
55
47
39
26
13
1
-11
-22
-33
-43
-55
-66
-74
-84
-97
-108
-116
-126
-134
-140
-146
-151
-159
-166
-172
-179
-183
-186
-189
-192
-194
-196
-199
-199
-200
-198
-197
-196
-196
-195
-192
-188
-185
-182
-177
-171
-164
-157
-148
-140
-128
-119
-109
-95
-81
-67
-52
-38
-25
-9
7
25
43
62
77
93
109
124
140
156
170
182
195
207
220
233
244
251
255
256
258
264
265
264
261
255
250
244
238
235
226
212
202
191
181
170
159
142
125
109
93
82
71
58
42
27
12
0
-14
-26
-43
-61
-74
-88
-102
-112
-124
-137
-149
-159
-166
-172
-176
-178
-189
-204
-214
-216
-215
-217
-218
-213
-210
-212
-216
-212
-204
-196
-193
-187
-176
-168
-163
-156
-143
-132
-125
-117
-107
-98
-86
-77
-65
-55
-47
-43
-38
-29
-23
-16
-7
3
15
21
25
28
35
44
58
73
85
96
102
107
116
129
146
157
165
169
174
187
199
210
216
216
214
216
221
230
233
229
221
213
207
202
198
190
174
156
141
133
124
108
85
63
45
33
25
17
3
-19
-43
-61
-71
-77
-84
-97
-113
-128
-137
-142
-145
-152
-164
-171
-178
-181
-178
-175
-172
-174
-179
-180
-176
-169
-160
-158
-157
-154
-148
-138
-130
-122
-115
-109
-99
-89
-79
-66
-56
-46
-35
-27
-19
-10
2
13
23
31
36
42
48
57
65
72
77
78
79
81
84
87
93
94
93
91
91
91
87
84
85
81
76
71
66
64
64
64
62
57
53
49
46
45
44
44
41
38
35
33
31
30
26
24
21
16
13
10
7
7
4
1
-4
-7
-12
-13
-13
-14
-18
-23
-27
-29
-30
-33
-34
-38
-41
-44
-47
-48
-50
-49
-49
-49
-48
-50
-50
-48
-45
-46
-45
-45
-42
-39
-39
-37
-36
-34
-30
-28
-25
-23
-20
-16
-13
-11
-7
-7
-3
-2
1
4
8
11
13
14
17
17
18
22
24
23
23
23
23
24
26
26
25
24
21
21
22
22
22
19
18
15
14
14
12
10
10
9
9
9
8
7
4
1
1
2
4
3
2
0
-2
-3
-4
-1
0
1
-2
-3
-4
-3
-3
-2
-2
-2
-2
-3
-1
0
2
3
3
1
0
-1
1
1
2
2
0
-1
-1
-1
-4
-5
-4
-8
-8
-8
-7
-5
-5
-6
-7
-10
-10
-12
-12
-12
-9
-7
-6
-5
-5
-6
-4
-2
-1
-2
-3
-3
-4
-5
-4
-2
-1
-1
0
0
1
3
5
2
1
1
2
4
6
6
5
3
3
4
6
8
8
7
5
6
6
8
6
5
4
0
1
2
1
4
1
-1
-2
-5
-5
-2
-1
-3
-3
-4
-6
-6
-5
-3
-4
-4
-4
-7
