-14
-15
-12
-10
-4
3
3
2
0
-4
-6
-7
-8
-8
-8
-8
-9
-6
-5
-4
-2
-3
-3
-5
-7
-9
-7
-4
-6
-6
-6
-3
2
4
6
5
1
3
3
4
4
3
1
2
1
2
7
9
8
6
8
9
6
4
4
4
5
1
0
1
4
5
6
9
2
2
2
1
1
-3
-2
-2
1
4
3
1
-2
-3
-4
-2
-4
-4
-4
-4
-4
-4
-3
-5
-4
-4
-2
-1
-3
-5
-4
-2
0
-2
-6
-7
-4
-2
0
0
-1
0
1
1
2
3
3
3
3
1
0
-2
1
5
7
6
6
11
13
12
8
3
-3
-8
-11
-14
-18
-22
-29
-29
-27
-26
-31
-43
-48
-49
-51
-48
-49
-52
-46
-39
-29
-19
-13
-11
-8
-2
6
8
3
-4
-4
9
30
49
61
74
91
124
161
177
178
173
173
189
183
160
135
111
108
108
100
88
72
78
102
119
129
128
131
144
148
132
92
38
-7
-42
-78
-124
-165
-191
-188
-161
-128
-94
-40
49
156
264
363
464
565
649
695
687
635
538
391
185
-80
-378
-683
-981
-1270
-1537
-1754
-1909
-1993
-2007
-1956
-1849
-1699
-1514
-1303
-1083
-872
-674
-495
-340
-203
-80
34
144
252
364
487
625
778
930
1081
1228
1369
1486
1578
1644
1683
1685
1652
1586
1494
1382
1253
1119
988
862
751
661
599
557
534
528
526
527
516
485
432
355
249
112
-52
-234
-425
-609
-786
-944
-1070
-1160
-1212
-1230
-1219
-1188
-1148
-1105
-1063
-1027
-999
-970
-930
-863
-753
-597
-393
-133
175
516
857
1174
1446
1634
1709
1657
1483
1179
739
190
-417
-1049
-1681
-2267
-2756
-3114
-3343
-3431
-3360
-3140
-2819
-2437
-2010
-1563
-1134
-756
-424
-133
105
293
459
637
835
1048
1278
1550
1853
2169
2484
2788
3066
3277
3405
3457
3422
3280
3024
2673
2249
1765
1245
731
259
-158
-509
-760
-884
-889
-815
-673
-467
-240
-35
130
264
351
340
235
82
-91
-298
-538
-761
-938
-1086
-1210
-1278
-1260
-1196
-1139
-1082
-1006
-934
-898
-897
-902
-922
-975
-1045
-1090
-1082
-1055
-1033
-996
-928
-824
-709
-588
-424
-209
34
299
633
1080
1580
2014
2368
2685
2947
3030
2879
2583
2167
1539
680
-224
-1018
-1793
-2643
-3407
-3885
-4123
-4260
-4239
-3914
-3385
-2896
-2456
-1897
-1241
-718
-411
-154
133
325
383
478
720
984
1153
1346
1698
2146
2556
2918
3303
3660
3875
3957
3982
3926
3674
3184
2564
1906
1208
466
-257
-882
-1389
-1776
-1969
-1911
-1646
-1276
-848
-331
240
764
1178
1468
1613
1570
1345
1017
634
189
-320
-824
-1239
-1551
-1766
-1875
-1877
-1806
-1695
-1542
-1341
-1146
-1005
-914
-866
-871
-935
-1024
-1109
-1208
-1326
-1420
-1459
-1468
-1456
-1379
-1203
-978
-734
-424
-29
425
914
1475
2078
2586
2937
3199
3395
3405
3146
2683
2071
1260
261
-738
-1595
-2391
-3204
-3883
-4249
-4354
-4323
-4106
-3623
-3023
-2510
-2028
-1412
-744
-253
38
297
560
721
807
974
1235
1439
1563
1778
2166
2604
2966
3288
3627
3906
4052
4111
4125
3990
3603
3024
2395
1734
976
160
-594
-1244
-1805
-2210
-2343
-2219
-1971
-1634
-1146
-514
131
692
1170
1541
1716
1659
1454
1182
803
281
-323
-879
-1347
-1749
-2064
-2238
-2273
-2235
-2157
-1998
-1752
-1498
-1297
-1144
-1022
-965
-1000
-1093
-1197
-1307
-1439
-1562
-1649
-1703
-1721
-1664
-1489
-1244
-957
-617
-178
339
909
1565
2280
2927
3388
3731
4001
4101
3896
3439
2825
1990
916
-215
-1193
-2088
-3017
-3831
-4292
-4433
-4451
-4293
-3818
-3141
-2546
-2027
-1384
-668
-143
130
380
666
827
841
899
1090
1247
1314
1458
1794
2187
2486
2762
3120
3509
3797
3984
4140
4204
4044
3671
3230
2734
2064
1191
281
-532
-1294
-2008
-2529
-2759
-2794
-2713
-2425
-1853
-1135
-448
192
831
1366
1672
1779
1762
1582
1171
590
-21
-622
-1225
-1791
-2241
-2551
-2743
-2804
-2707
-2480
-2207
-1931
-1651
-1389
-1186
-1071
-1026
-1044
-1137
-1283
-1428
-1542
-1649
-1765
-1835
-1800
-1665
-1466
-1199
-807
-297
286
956
1766
2653
3432
4021
4510
4929
5117
4940
4488
3863
2993
1845
644
-397
-1381
-2449
-3422
-4004
-4230
-4330
-4274
-3876
-3247
-2694
-2226
-1616
-917
-437
-251
-121
56
122
41
24
163
296
335
451
797
1261
1673
2069
2552
3075
3519
3885
4231
4479
4475
4217
3830
3352
2690
1820
866
-64
-962
-1786
-2414
-2781
-2935
-2905
-2634
-2093
-1390
-647
95
808
1412
1822
2026
2034
1824
1400
821
162
-532
-1228
-1864
-2386
-2749
-2943
-2969
-2846
-2616
-2300
-1926
-1538
-1194
-939
-793
-757
-811
-948
-1161
-1417
-1663
-1874
-2044
-2148
-2128
-1974
-1743
-1442
-1022
-464
186
870
1621
2465
3317
4056
4640
5117
5468
5568
5338
4841
4173
3298
2157
910
-241
-1315
-2430
-3478
-4180
-4529
-4741
-4832
-4605
-4082
-3552
-3113
-2556
-1856
-1293
-1005
-772
-432
-165
-93
-33
191
460
623
809
1195
1704
2145
2536
3019
3583
4055
4370
4618
4809
4817
4549
4096
3548
2843
1923
865
-146
-1077
-1974
-2757
-3273
-3477
-3467
-3263
-2793
-2082
-1296
-532
229
944
1476
1728
1786
1703
1418
921
296
-313
-915
-1505
-1988
-2296
-2440
-2510
-2455
-2231
-1903
-1592
-1329
-1066
-855
-741
-747
-802
-918
-1161
-1431
-1680
-1831
-1966
-2077
-2061
-1932
-1663
-1328
-867
-284
371
1051
1783
2609
3468
4255
4808
5268
5615
5776
5632
5161
4568
3720
2584
1269
35
-1076
-2274
-3489
-4431
-4969
-5328
-5529
-5431
-4950
-4394
-3934
-3334
-2578
-1821
-1340
-968
-506
-135
79
206
460
759
915
1028
1290
1695
2072
2397
2788
3286
3707
4011
4286
4534
4609
4369
3960
3488
2870
2021
1030
81
-825
-1744
-2559
-3084
-3329
-3390
-3273
-2856
-2178
-1428
-651
161
963
1596
1977
2175
2203
2014
1608
1060
442
-226
-915
-1512
-1974
-2316
-2525
-2595
-2494
-2294
-2036
-1744
-1440
-1167
-1010
-956
-991
-1087
-1299
-1571
-1820
-2018
-2157
-2283
-2249
-2044
-1706
-1303
-814
-158
543
1232
1902
2715
3601
4394
4989
5416
5784
5927
5791
5363
4758
3916
2747
1428
202
-865
-2032
-3283
-4345
-5008
-5425
-5731
-5732
-5372
-4842
-4373
-3793
-2978
-2143
-1564
-1181
-738
-313
-46
111
364
658
810
896
1113
1497
1833
2114
2463
2909
3305
3599
3917
4223
4347
4188
3919
3631
3185
2478
1609
769
-77
-993
-1857
-2483
-2874
-3151
-3260
-3045
-2508
-1862
-1197
-440
403
1163
1720
2123
2386
2425
2201
1790
1298
698
4
-693
-1306
-1814
-2220
-2449
-2493
-2406
-2259
-2032
-1720
-1424
-1224
-1112
-1024
-1034
-1203
-1473
-1696
-1850
-2008
-2136
-2140
-1973
-1726
-1398
-918
-293
350
927
1531
2203
2931
3618
4237
4728
5037
5208
5240
5123
4739
4111
3264
2206
1013
-188
-1279
-2380
-3538
-4577
-5277
-5672
-5906
-5899
-5574
-5045
-4515
-3932
-3145
-2299
-1638
-1189
-745
-295
12
210
454
765
962
1067
1293
1677
2070
2358
2691
3105
3486
3780
4065
4386
4525
4425
4175
3900
3497
2828
2025
1177
310
-628
-1501
-2139
-2594
-2926
-3085
-2883
-2386
-1777
-1099
-312
570
1327
1898
2328
2615
2639
2348
1900
1375
747
-37
-850
-1527
-2089
-2555
-2867
-2953
-2881
-2764
-2589
-2292
-1958
-1740
-1632
-1559
-1535
-1673
-1913
-2073
-2135
-2211
-2296
-2231
-1987
-1673
-1324
-804
-122
527
1097
1677
2390
3134
3745
4301
4726
5027
5140
5104
4981
4601
3979
3118
2122
1041
-56
-1107
-2166
-3219
-4177
-4812
-5181
-5350
-5310
-5049
-4532
-4008
-3413
-2698
-1973
-1373
-1026
-713
-380
-111
61
211
423
645
828
1068
1435
1844
2216
2589
3024
3485
3888
4187
4444
4529
4431
4183
3776
3284
2511
1658
798
-90
-929
-1790
-2381
-2781
-3035
-3065
-2825
-2246
-1603
-901
-116
765
1561
2088
2438
2602
2593
2275
1747
1159
481
-251
-1058
-1736
-2230
-2601
-2837
-2952
-2880
-2696
-2434
-2138
-1855
-1646
-1525
-1461
-1515
-1657
-1862
-2010
-2137
-2252
-2259
-2139
-1853
-1554
-1116
-549
110
783
1386
2060
2695
3359
3945
4485
4860
5032
5150
5090
4910
4398
3727
2911
1877
782
-351
-1315
-2355
-3416
-4306
-4851
-5103
-5324
-5323
-5056
-4529
-4036
-3537
-2863
-2193
-1678
-1417
-1081
-676
-376
-200
5
357
656
899
1216
1685
2140
2492
2890
3358
3807
4126
4390
4616
4647
4428
4082
3678
3124
2351
1472
635
-206
-1046
-1807
-2327
-2651
-2855
-2855
-2555
-1966
-1300
-592
186
999
1705
2189
2529
2691
2622
2277
1740
1146
444
-323
-1111
-1787
-2306
-2700
-2940
-3031
-2963
-2789
-2547
-2255
-1973
-1746
-1608
-1565
-1611
-1762
-1951
-2155
-2324
-2454
-2501
-2391
-2154
-1768
-1294
-704
-23
659
1379
2054
2799
3530
4182
4728
5040
5347
5440
5389
5052
4492
3844
2873
1794
613
-429
-1475
-2668
-3717
-4501
-4909
-5238
-5390
-5201
-4782
-4278
-3874
-3245
-2541
-1944
-1589
-1307
-896
-605
-427
-295
3
330
558
835
1259
1802
2252
2677
3179
3669
4069
4314
4551
4667
4577
4299
3905
3437
2762
1958
1114
290
-551
-1382
-2039
-2494
-2792
-2926
-2812
-2388
-1809
-1152
-407
439
1268
1925
2401
2723
2846
2687
2298
1748
1082
292
-566
-1371
-2064
-2640
-3048
-3277
-3310
-3187
-2935
-2572
-2204
-1869
-1591
-1377
-1278
-1330
-1504
-1704
-1924
-2163
-2324
-2378
-2286
-2136
-1878
-1377
-743
-29
646
1388
2189
2960
3704
4380
5008
5368
5535
5547
5453
5145
4480
3646
2605
1464
222
-987
-2044
-3122
-4103
-4874
-5266
-5390
-5390
-5179
-4746
-4143
-3588
-2990
-2315
-1671
-1213
-971
-681
-406
-218
-128
-13
240
459
688
1031
1526
2061
2505
2969
3479
3956
4301
4544
4701
4688
4456
4068
3603
2981
2172
1253
343
-524
-1379
-2095
-2607
-2905
-3010
-2879
-2421
-1759
-1005
-190
693
1580
2295
2791
3104
3195
2999
2524
1865
1113
236
-725
-1625
-2375
-2949
-3381
-3617
-3595
-3382
-3065
-2699
-2285
-1883
-1581
-1411
-1361
-1422
-1629
-1904
-2177
-2410
-2570
-2667
-2602
-2408
-2084
-1573
-910
-120
648
1438
2278
3135
3926
4617
5225
5613
5782
5712
5563
5206
4523
3600
2490
1345
91
-1152
-2264
-3301
-4220
-4962
-5329
-5392
-5286
-5017
-4543
-3892
-3267
-2628
-1991
-1377
-967
-750
-537
-350
-239
-237
-162
39
266
515
903
1478
2090
2655
3242
3898
4518
4929
5202
5351
5335
5053
4528
3898
3104
2128
1013
-65
-1044
-1966
-2775
-3332
-3577
-3557
-3295
-2733
-1913
-980
-27
964
1932
2687
3131
3312
3284
2958
2308
1460
548
-434
-1481
-2431
-3132
-3616
-3951
-4096
-3937
-3552
-3083
-2612
-2095
-1597
-1268
-1125
-1133
-1207
-1456
-1845
-2239
-2534
-2692
-2813
-2772
-2542
-2125
-1526
-843
36
900
1818
2696
3615
4544
5305
5924
6214
6383
6291
6039
5475
4606
3555
2275
979
-372
-1596
-2693
-3773
-4619
-5187
-5350
-5276
-5061
-4589
-3935
-3217
-2571
-1893
-1256
-755
-589
-515
-431
-423
-509
-636
-568
-394
-208
112
650
1339
2010
2644
3380
4113
4696
5085
5359
5477
5311
4830
4221
3438
2481
1330
154
-909
-1978
-2878
-3562
-3911
-3989
-3894
-3421
-2688
-1778
-790
202
1269
2125
2752
3138
3290
3161
2687
1982
1152
206
-825
-1799
-2595
-3177
-3597
-3786
-3706
-3375
-2899
-2353
-1761
-1198
-792
-529
-447
-492
-716
-1151
-1594
-2028
-2397
-2623
-2809
-2724
-2492
-2129
-1438
-734
233
1133
2013
3062
3983
4948
5681
6144
6510
6534
6381
5979
5254
4352
3127
1741
374
-985
-2238
-3444
-4562
-5277
-5704
-5811
-5649
-5278
-4605
-3884
-3176
-2389
-1652
-1043
-728
-636
-521
-530
-658
-819
-885
-790
-683
-477
-1
653
1355
2062
2849
3704
4476
5023
5514
5823
5850
5580
5001
4376
3411
2250
1006
-237
-1367
-2543
-3428
-3988
-4264
-4285
-4034
-3335
-2429
-1436
-390
758
1855
2646
3174
3449
3525
3170
2512
1708
786
-200
-1309
-2210
-2863
-3329
-3582
-3625
-3323
-2839
-2301
-1697
-1093
-576
-240
-115
-132
-315
-753
-1258
-1831
-2337
-2774
-3120
-3233
-3218
-2938
-2454
-1671
-780
211
1278
2373
3576
4582
5622
6337
6795
7002
6843
6616
5863
4903
3645
2170
702
-882
-2177
-3426
-4534
-5415
-5911
-5964
-5817
-5381
-4739
-3844
-3051
-2290
-1495
-840
-369
-347
-353
-415
-643
-913
-1197
-1201
-1140
-1024
-649
-13
790
1590
2450
3438
4409
5178
5789
6223
6370
6139
5581
4843
3864
2596
1194
-163
-1442
-2627
-3638
-4284
-4586
-4652
-4371
-3710
-2704
-1587
-463
743
1894
2807
3381
3670
3687
3356
2667
1809
888
-113
-1119
-2041
-2713
-3154
-3406
-3387
-3119
-2638
-2059
-1433
-783
-239
109
253
217
-48
-554
-1222
-1907
-2531
-3115
-3529
-3739
-3723
-3486
-3055
-2271
-1320
-270
850
1973
3243
4370
5436
6301
6848
7161
7057
6802
6167
5232
4053
2597
1117
-504
-1913
-3203
-4375
-5292
-5910
-5995
-5870
-5469
-4811
-3947
-3033
-2291
-1497
-823
-368
-269
-366
-447
-684
-1011
-1354
-1492
-1470
-1369
-1029
-399
490
1407
2370
3424
4473
5367
6000
6434
6599
6389
5824
5034
4021
2778
1309
-144
-1473
-2729
-3755
-4513
-4838
-4861
-4601
-3905
-2932
-1759
-607
579
1790
2779
3464
3789
3845
3578
2969
2136
1184
168
-888
-1847
-2575
-3015
-3232
-3230
-2988
-2526
-1913
-1262
-623
-93
260
399
317
45
-452
-1109
-1862
-2596
-3227
-3738
-4014
-4085
-3871
-3412
-2688
-1693
-580
685
1942
3269
4535
5675
6642
7240
7576
7513
7201
6504
5422
4108
2551
935
-804
-2364
-3693
-4853
-5789
-6393
-6434
-6163
-5681
-4994
-4029
-2996
-2151
-1398
-730
-238
-184
-382
-610
-876
-1264
-1696
-1859
-1805
-1609
-1243
-527
480
1516
2576
3714
4894
5845
6498
6920
7065
6793
6094
5180
4049
2664
1061
-500
-1861
-3106
-4128
-4806
-5013
-4855
-4409
-3567
-2407
-1106
160
1368
2516
3408
3916
4072
3939
3505
2748
1801
810
-204
-1209
-2077
-2656
-2952
-3060
-2945
-2572
-1999
-1379
-791
-205
223
405
319
72
-328
-1017
-1837
-2669
-3386
-4014
-4516
-4699
-4629
-4286
-3723
-2843
-1702
-491
792
2095
3467
4709
5774
6611
7132
7358
7200
6788
6009
4905
3565
2046
502
-1079
-2468
-3670
-4680
-5432
-5835
-5783
-5483
-4972
-4270
-3399
-2514
-1778
-1115
-576
-269
-297
-508
-740
-1022
-1362
-1648
-1699
-1538
-1214
-669
171
1216
2271
3324
4391
5397
6161
6627
6836
6742
6269
5432
4392
3181
1789
285
-1156
-2399
-3461
-4257
-4677
-4676
-4353
-3756
-2836
-1672
-455
681
1733
2631
3228
3462
3410
3123
2554
1739
841
-16
-851
-1637
-2249
-2574
-2683
-2639
-2398
-1969
-1430
-948
-518
-159
48
27
-224
-588
-1096
-1746
-2483
-3143
-3654
-4045
-4265
-4265
-3969
-3469
-2765
-1844
-765
400
1543
2716
3894
4974
5856
6452
6800
6880
6682
6192
5384
4304
3006
1556
52
-1384
-2645
-3741
-4693
-5378
-5665
-5580
-5242
-4719
-3984
-3135
-2374
-1740
-1165
-681
-449
-511
-677
-827
-1018
-1240
-1340
-1198
-882
-464
178
1077
2079
3042
3963
4901
5701
6212
6445
6420
6093
5385
4398
3282
2037
667
-718
-1936
-2937
-3750
-4264
-4385
-4137
-3626
-2892
-1917
-841
190
1111
1921
2552
2861
2877
2661
2265
1661
903
173
-508
-1138
-1694
-2062
-2172
-2149
-2014
-1735
-1334
-931
-641
-437
-294
-289
-483
-802
-1169
-1619
-2157
-2726
-3173
-3459
-3687
-3715
-3565
-3142
-2551
-1918
-1047
-185
806
1724
2613
3671
4515
5340
5810
6156
6391
6190
5817
4996
4082
2890
1414
8
-1363
-2503
-3677
-4665
-5281
-5510
-5477
-5264
-4689
-3936
-3108
-2468
-1772
-1058
-605
-404
-488
-471
-543
-746
-850
-813
-555
-289
102
833
1694
2542
3333
4104
4923
5444
5721
5805
5598
5122
4230
3243
2171
950
-321
-1533
-2479
-3221
-3747
-3942
-3740
-3293
-2628
-1779
-760
275
1096
1808
2338
2646
2632
2355
1975
1436
753
56
-518
-978
-1366
-1641
-1679
-1556
-1396
-1195
-937
-674
-544
-547
-590
-687
-941
-1312
-1712
-2079
-2476
-2872
-3117
-3196
-3174
-3077
-2825
-2384
-1856
-1362
-752
-130
556
1220
1875
2744
3456
4221
4799
5265
5649
5590
5432
4840
4057
3016
1723
449
-969
-2252
-3462
-4441
-5156
-5550
-5604
-5344
-4803
-4106
-3206
-2375
-1558
-888
-380
-16
70
74
-33
-153
-218
-209
-9
325
782
1398
2108
2901
3646
4284
4826
5137
5245
5082
4693
4112
3254
2274
1203
138
-871
-1822
-2527
-3023
-3270
-3245
-2965
-2387
-1693
-927
-122
642
1289
1699
1913
1985
1838
1497
1077
649
265
-164
-511
-705
-824
-876
-923
-851
-765
-767
-824
-919
-1043
-1264
-1573
-1854
-2079
-2353
-2539
-2677
-2656
-2560
-2484
-2194
-1986
-1706
-1492
-1278
-964
-817
-577
-294
132
690
1364
2228
3196
4018
4732
5348
5724
5807
5321
4623
3613
2271
789
-772
-2113
-3457
-4676
-5449
-5740
-5621
-5276
-4651
-3669
-2662
-1790
-1003
-322
149
175
6
-78
-192
-319
-393
-152
369
885
1582
2462
3405
4166
4612
5033
5281
5137
4677
3984
3235
2263
1096
129
-726
-1474
-2140
-2556
-2505
-2375
-2136
-1744
-1218
-635
-246
136
519
702
681
567
507
455
249
83
72
110
188
267
485
673
684
629
526
343
-49
-580
-1132
-1693
-2294
-2766
-3042
-3128
-3114
-2980
-2597
-2146
-1657
-1235
-810
-499
-415
-421
-498
-602
-850
-1092
-1250
-1159
-914
-333
594
1687
2896
3857
4887
5606
5961
5830
5105
4137
2665
1010
-660
-2189
-3470
-4653
-5464
-5673
-5392
-4745
-3880
-2836
-1680
-839
-267
114
219
57
-519
-1049
-1359
-1499
-1328
-845
140
1346
2573
3861
5096
6065
6519
6458
6026
5176
3920
2489
1062
-266
-1482
-2404
-2828
-2841
-2570
-2070
-1356
-583
70
569
951
1116
895
470
-26
-433
-840
-1204
-1291
-1184
-887
-493
97
827
1414
1751
1913
1944
1750
1251
544
-184
-975
-1788
-2483
-2938
-3156
-3243
-3154
-2812
-2334
-1858
-1410
-1013
-632
-482
-409
-458
-569
-750
-977
-1016
-1076
-996
-935
-543
-1
771
1682
2647
3601
4119
4507
4533
4374
3691
2591
1368
26
-1230
-2364
-3105
-3522
-3807
-3901
-3581
-2928
-2192
-1590
-1110
-734
-735
-1001
-1344
-1674
-2051
-2491
-2586
-2161
-1322
-181
1250
2900
4459
5674
6583
7129
7065
6319
5069
3603
2023
421
-893
-1816
-2373
-2589
-2407
-1790
-1048
-345
267
730
915
750
419
41
-403
-893
-1212
-1252
-1051
-741
-260
414
1064
1536
1785
1911
1832
1467
904
327
-229
-778
-1249
-1533
-1618
-1646
-1639
-1591
-1521
-1505
-1571
-1659
-1731
-1850
-1953
-2009
-1909
-1751
-1508
-1191
-830
-436
-142
211
381
463
342
283
408
679
1212
1776
2438
2885
3216
3357
3244
2752
1810
633
-687
-1909
-2921
-3561
-3877
-3962
-3761
-3215
-2375
-1458
-629
-14
241
58
-473
-1104
-1761
-2386
-2873
-2975
-2527
-1581
-130
1667
3573
5201
6381
7094
7288
6871
5854
4446
2780
1123
-312
-1221
-1645
-1763
-1577
-1138
-467
118
562
811
748
310
-333
-811
-1058
-1179
-1196
-906
-352
299
907
1523
2038
2159
1854
1310
730
54
-686
-1318
-1647
-1771
-1727
-1493
-1070
-639
-466
-501
-697
-1049
-1555
-2119
-2540
-2792
-2910
-2747
-2320
-1626
-916
-255
324
727
848
696
379
-91
-602
-1173
-1266
-992
-161
950
2161
3480
4284
4767
4567
3900
2647
811
-1161
-3026
-4380
-5161
-5260
-4727
-3698
-2489
-1132
148
1188
1773
1666
1070
-25
-1286
-2464
-3314
-3612
-3433
-2716
-1452
251
2163
3975
5356
6172
6239
5654
4668
3403
2155
914
-16
-445
-402
117
765
1429
1859
1865
1517
876
88
-788
-1720
-2396
-2605
-2273
-1450
-369
883
1998
2766
3137
3076
2670
1800
616
-643
-1672
-2302
-2518
-2276
-1717
-951
-241
301
560
460
-33
-882
-1899
-2867
-3545
-3836
-3659
-3062
-2105
-959
132
1034
1593
1736
1382
621
-320
-1283
-2069
-2614
-2733
-2454
-1721
-482
1141
2913
4295
5137
5245
4635
3386
1703
-69
-1896
-3555
-4697
-4948
-4326
-3228
-1970
-762
126
485
389
81
-323
-972
-1763
-2396
-2625
-2407
-1832
-857
303
1355
2120
2681
3150
3371
3228
2762
2169
1530
1026
853
1072
1468
1744
2021
2317
2548
2458
1996
1362
484
-492
-1261
-1516
-1302
-999
-602
56
896
1654
2146
2428
2449
2001
1217
462
-55
-424
-780
-981
-936
-727
-463
-183
35
10
-377
-1009
-1685
-2351
-2920
-3365
-3559
-3468
-3068
-2331
-1398
-429
341
891
1132
1123
863
452
-29
-633
-1118
-1436
-1426
-1214
-937
-634
-400
-88
477
1336
2192
2740
2811
2560
1982
1129
202
-770
-1756
-2755
-3350
-3191
-2506
-1739
-1138
-715
-527
-704
-1012
-1098
-1023
-1052
-1256
-1299
-971
-421
241
968
1597
1876
1805
1783
1969
2152
2126
1909
1657
1377
1192
1248
1397
1333
996
685
594
569
478
373
233
13
-182
-12
579
1163
1445
1533
1668
1809
1834
1861
1933
1795
1314
727
424
369
227
-70
-386
-616
-808
-870
-717
-544
-674
-1153
-1725
-2227
-2644
-3031
-3311
-3452
-3376
-2977
-2159
-1080
-72
698
1094
1227
1073
783
449
-16
-438
-780
-866
-689
-400
-155
-77
-73
198
784
1429
1898
1863
1488
745
-215
-1011
-1644
-2157
-2750
-3070
-2740
-1992
-1290
-872
-759
-978
-1527
-2043
-1940
-1298
-585
-141
215
677
1050
1280
1468
1573
1325
822
598
1016
1847
2607
3075
3172
2850
2246
1656
1157
536
-334
-1113
-1406
-1206
-648
84
722
980
828
714
944
1276
1436
1441
1529
1773
2071
2512
3017
3160
2658
1681
795
254
-168
-521
-762
-867
-906
-881
-623
-321
-410
-1074
-2031
-2864
-3354
-3517
-3375
-3019
-2621
-2200
-1661
-972
-341
-65
-209
-508
-756
-720
-375
110
608
822
853
797
642
403
28
-234
-107
340
1028
1708
2037
1879
1020
-191
-1361
-2390
-3173
-3723
-3798
-3334
-2658
-1963
-1378
-1122
-1253
-1704
-1950
-1584
-810
71
774
1245
1460
1411
1316
1332
1283
1062
825
913
1513
2392
3270
3804
3694
2957
1922
996
326
-189
-594
-795
-784
-528
-55
434
642
350
-173
-466
-319
241
1060
1956
2706
3127
3299
3411
3346
2870
1942
879
75
-326
-323
-39
243
239
-117
-618
-1016
-1311
-1655
-2111
-2626
-2988
-3017
-2688
-2165
-1749
-1615
-1706
-1861
-1866
-1634
-1296
-984
-808
-644
-322
111
536
749
641
326
-65
-368
-434
-203
468
1389
2166
2659
2709
2263
1272
-149
-1473
-2448
-3106
-3415
-3305
-2735
-2126
-1986
-2183
-2506
-2925
-3346
-3420
-2635
-1134
434
1684
2458
2667
2233
1357
638
385
465
824
1558
2663
3750
4373
4391
3738
2451
894
-372
-963
-898
-379
405
1171
1561
1442
945
187
-774
-1665
-2009
-1544
-482
844
2194
3231
3580
3184
2416
1699
1117
657
491
718
1158
1481
1534
1319
706
-340
-1482
-2291
-2554
-2369
-1933
-1401
-1049
-1047
-1298
-1660
-2029
-2369
-2566
-2446
-2017
-1383
-679
-103
158
-37
-489
-850
-1009
-939
-685
-306
49
173
121
105
477
1252
1905
2200
2156
1793
1168
370
-253
-629
-1102
-1757
-2298
-2267
-1896
-1960
-2468
-3008
-3474
-3864
-3850
-2847
-1143
245
883
998
941
692
229
139
681
1393
1972
2648
3653
4452
4352
3498
2306
1031
-59
-589
-259
511
1028
1197
1215
1087
588
-248
-1011
-1513
-1729
-1410
-376
1060
2180
2577
2489
2180
1717
1262
1058
1135
1217
1144
1135
1318
1415
1100
427
-248
-785
-1147
-1159
-835
-521
-604
-1086
-1633
-2013
-2234
-2286
-2109
-1728
-1275
-868
-516
-258
-314
-714
-1160
-1421
-1318
-888
-330
170
387
330
67
-345
-767
-1022
-759
165
1286
2166
2539
2169
1239
58
-947
-1468
-1625
-1584
-1388
-1009
-689
-821
-1421
-2242
-3125
-3816
-3961
-3257
-1730
-53
1007
1117
529
-247
-823
-851
-230
833
1975
2941
3627
4069
4108
3450
2236
927
108
6
493
1284
1870
1875
1227
167
-825
-1409
-1652
-1565
-1125
-343
738
1776
2482
2634
2236
1530
853
621
954
1528
1894
1827
1371
833
392
31
-239
-459
-632
-752
-743
-619
-546
-730
-1239
-1846
-2244
-2167
-1699
-1066
-532
-322
-394
-625
-867
-1064
-1162
-1180
-1093
-797
-306
215
476
362
-84
-610
-1033
-1281
-1211
-725
238
1341
2176
2386
1844
813
-359
-1242
-1525
-1263
-850
-569
-508
-633
-936
-1489
-2121
-2656
-2890
-2696
-2008
-816
462
1182
930
-131
-1416
-2232
-2181
-1245
251
1756
2825
3230
3150
2839
2391
1833
1258
924
1016
1514
2103
2423
2221
1441
273
-853
-1451
-1380
-836
-139
503
1031
1394
1502
1374
1160
963
873
974
1294
1700
1891
1682
1110
399
-204
-569
-661
-537
-387
-376
-526
-766
-990
-1191
-1381
-1526
-1573
-1438
-1144
-799
-569
-575
-782
-1030
-1178
-1139
-928
-638
-368
-217
-151
-126
-187
-328
-561
-807
-1003
-1117
-1070
-840
-405
177
798
1266
1402
1136
591
15
-426
-597
-558
-448
-426
-524
-629
-706
-783
-937
-1112
-1176
-1008
-562
60
642
870
588
-109
-878
-1345
-1317
-811
-43
709
1205
1384
1346
1249
1167
1076
968
887
939
1135
1377
1514
1436
1140
708
306
74
69
260
577
936
1227
1365
1323
1162
979
867
887
1028
1188
1223
1035
612
39
-558
-1021
-1243
-1241
-1104
-943
-809
-741
-737
-779
-849
-941
-1027
-1050
-980
-821
-588
-300
-76
-69
-317
-649
-829
-769
-529
-223
21
76
-122
-489
-862
-1141
-1337
-1473
-1523
-1443
-1233
-889
-444
-13
219
161
-67
-235
-193
25
283
445
454
343
211
160
220
383
617
895
1176
1404
1526
1495
1303
1004
697
462
334
308
372
477
536
474
268
-41
-387
-673
-802
-729
-505
-259
-136
-203
-399
-603
-713
-693
-564
-373
-165
35
243
481
718
881
927
905
912
1017
1195
1358
1394
1237
896
454
31
-269
-401
-419
-416
-451
-521
-597
-684
-765
-774
-655
-445
-236
-56
123
277
334
271
169
78
7
-40
3
132
236
222
106
-31
-218
-520
-919
-1311
-1612
-1824
-1932
-1896
-1682
-1339
-935
-508
-123
124
168
81
-2
-21
-3
18
70
174
301
425
548
686
809
888
941
1007
1078
1100
1039
911
767
638
551
519
536
574
579
511
351
113
-172
-467
-727
-892
-931
-853
-710
-569
-462
-412
-422
-460
-467
-407
-304
-198
-85
93
346
615
829
980
1089
1142
1128
1070
996
867
621
303
29
-142
-261
-387
-524
-658
-811
-974
-1070
-1041
-892
-695
-495
-303
-128
20
97
91
54
91
248
466
656
787
869
879
801
675
553
392
120
-256
-624
-898
-1093
-1221
-1249
-1156
-1017
-906
-784
-593
-389
-309
-378
-468
-454
-308
-73
225
524
699
666
489
327
281
341
441
549
650
721
737
718
710
702
627
460
280
180
168
172
137
46
-143
-447
-791
-1039
-1098
-1000
-840
-688
-594
-582
-634
-695
-706
-636
-483
-279
-41
232
537
828
1028
1097
1073
1021
973
969
1033
1125
1135
988
741
507
315
144
-5
-109
-220
-430
-693
-849
-830
-754
-736
-734
-664
-559
-477
-370
-177
22
84
29
41
216
448
599
664
689
655
528
353
206
73
-125
-375
-586
-695
-731
-755
-775
-768
-719
-635
-542
-461
-400
-335
-244
-125
10
141
214
177
44
-87
-118
-46
79
223
372
471
466
376
257
142
23
-61
-57
44
180
290
358
352
233
10
-232
-404
-475
-463
-376
-268
-227
-290
-407
-495
-509
-441
-287
-62
187
424
641
826
934
940
894
879
932
1033
1142
1225
1218
1064
794
510
301
180
115
58
-60
-273
-526
-721
-803
-803
-779
-760
-732
-656
-488
-268
-142
-231
-506
-784
-892
-765
-440
-27
311
457
431
339
240
101
-100
-325
-517
-623
-612
-491
-356
-314
-373
-436
-425
-330
-184
-30
67
76
45
53
101
122
66
-17
-42
25
169
333
435
409
258
64
-81
-159
-208
-251
-262
-196
-28
203
421
554
561
457
304
185
149
165
188
208
239
262
231
149
55
-34
-110
-137
-68
84
224
305
360
436
527
590
642
710
780
829
866
901
869
703
434
181
18
-82
-184
-327
-515
-743
-962
-1082
-1050
-924
-809
-755
-729
-691
-651
-625
-621
-654
-717
-753
-660
-404
-77
177
287
254
100
-116
-300
-378
-352
-310
-303
-308
-294
-255
-201
-137
-79
-61
-76
-64
33
179
309
401
469
504
497
474
492
545
581
581
572
568
531
436
299
148
9
-82
-77
5
84
121
144
184
222
220
199
191
199
228
295
406
506
529
464
344
189
13
-135
-219
-262
-316
-379
-414
-415
-409
-390
-325
-210
-90
-1
69
132
189
244
297
334
315
225
96
-37
-175
-352
-569
-773
-901
-931
-869
-722
-533
-377
-314
-317
-314
-281
-253
-256
-259
-215
-90
119
351
504
491
341
174
92
91
111
98
26
-88
-212
-301
-323
-282
-211
-142
-69
35
174
303
376
386
364
353
383
458
564
654
690
656
588
536
499
446
351
213
58
-88
-197
-245
-240
-217
-204
-186
-155
-142
-171
-226
-262
-259
-232
-173
-74
41
133
181
193
165
74
-46
-125
-133
-104
-84
-85
-113
-184
-268
-290
-226
-143
-107
-103
-61
42
182
336
459
483
362
161
2
-67
-98
-177
-319
-490
-619
-641
-543
-385
-268
-244
-279
-281
-192
-31
129
233
272
271
281
345
477
608
629
505
325
217
209
223
177
24
-230
-508
-676
-659
-534
-447
-450
-474
-444
-361
-244
-110
-1
34
23
85
281
520
683
721
652
514
365
298
326
334
209
2
-122
-94
23
123
148
67
-114
-281
-304
-192
-92
-113
-199
-271
-310
-293
-180
-4
90
15
-143
-237
-222
-137
-24
81
115
41
-67
-84
-3
73
65
11
-19
16
144
365
596
713
676
559
437
327
247
212
171
49
-131
-285
-397
-502
-568
-540
-457
-410
-372
-257
-99
-34
-77
-105
-59
-2
42
145
298
381
341
273
262
250
159
10
-128
-239
-354
-466
-533
-561
-615
-697
-730
-650
-508
-385
-295
-205
-119
-43
51
188
322
403
452
503
540
529
494
470
439
389
347
338
335
290
212
133
63
11
11
68
130
129
64
-13
-61
-96
-144
-191
-225
-249
-252
-226
-184
-156
-159
-166
-148
-102
-36
19
29
-22
-106
-153
-118
-6
130
229
286
324
371
442
512
520
422
238
54
-60
-111
-151
-209
-307
-444
-567
-594
-501
-361
-268
-235
-222
-215
-211
-182
-118
-57
-29
5
116
309
510
640
665
574
390
190
41
-44
-103
-171
-244
-315
-382
-428
-447
-454
-463
-461
-409
-304
-184
-90
-28
8
34
79
182
329
458
515
506
463
404
338
277
223
174
146
162
219
283
317
304
254
194
147
125
107
61
-26
-135
-229
-273
-262
-214
-174
-181
-227
-269
-265
-214
-155
-126
-153
-214
-261
-257
-197
-119
-67
-45
-18
46
163
305
407
417
336
206
80
0
-35
-54
-94
-170
-258
-327
-363
-365
-349
-327
-308
-285
-246
-197
-159
-143
-142
-145
-121
-38
102
273
433
546
596
576
491
372
251
153
92
64
58
47
15
-45
-133
-229
-311
-351
-328
-242
-132
-37
18
28
20
23
62
136
230
311
357
372
353
303
222
130
60
28
52
118
197
247
229
148
36
-65
-133
-163
-160
-139
-124
-137
-173
-220
-282
-351
-399
-406
-370
-309
-245
-188
-161
-178
-231
-287
-313
-286
-191
-33
142
275
342
357
350
334
318
309
295
259
204
144
83
9
-86
-179
-252
-293
-299
-275
-237
-207
-192
-184
-173
-156
-134
-101
-49
29
130
244
345
420
451
441
405
356
307
269
249
248
256
241
175
54
-102
-239
-320
-327
-287
-229
-189
-175
-181
-195
-210
-230
-242
-231
-174
-76
34
117
139
110
69
62
112
205
299
352
348
298
237
184
135
75
-5
-88
-149
-164
-138
-106
-116
-183
-286
-383
-433
-416
-357
-296
-258
-246
-242
-227
-201
-170
-150
-142
-123
-66
40
166
266
312
315
310
337
401
478
531
526
463
369
273
191
110
13
-96
-193
-258
-278
-263
-236
-221
-228
-241
-232
-192
-132
-79
-38
1
47
116
199
276
320
325
294
258
243
252
258
235
172
70
-47
-152
-223
-258
-269
-272
-262
-235
-197
-161
-156
-190
-247
-293
-300
-255
-181
-116
-95
-122
-163
-173
-131
-42
66
168
251
307
341
349
322
264
187
121
99
124
165
179
134
25
-111
-231
-294
-292
-249
-199
-166
-162
-177
-206
-244
-275
-285
-251
-175
-67
46
132
169
167
150
154
197
278
379
477
547
568
529
438
315
194
105
60
58
71
69
33
-40
-131
-217
-280
-313
-319
-298
-256
-202
-148
-112
-101
-113
-125
-113
-55
47
173
289
374
415
406
355
262
135
-11
-152
-260
-316
-322
-301
-284
-292
-329
-379
-418
-434
-421
-381
-329
-275
-224
-185
-162
-152
-140
-109
-45
53
166
272
351
389
383
337
273
211
179
182
204
227
232
222
204
193
188
179
145
77
-5
-74
-109
-115
-108
-111
-128
-145
-139
-97
-43
-6
-13
-61
-108
-109
-39
88
231
357
435
466
456
419
362
285
199
115
53
15
-11
-48
-114
-211
-324
-423
-476
-474
-432
-377
-338
-332
-355
-384
-399
-380
-325
-241
-138
-26
86
183
257
299
312
309
304
307
312
312
290
232
143
50
-23
-75
-109
-127
-153
-190
-212
-223
-232
-241
-261
-292
-299
-253
-168
-62
55
146
204
258
326
385
418
418
370
292
225
191
185
202
224
203
153
107
65
17
-24
-71
-139
-205
-236
-227
-190
-152
-149
-182
-219
-239
-228
-183
-132
-123
-156
-199
-223
-206
-143
-55
24
81
119
148
194
250
288
288
259
210
159
130
116
84
18
-74
-170
-231
-244
-221
-199
-210
-255
-313
-347
-334
-279
-205
-134
-68
2
91
200
308
385
425
428
411
394
379
358
317
258
188
125
79
45
13
-23
-63
-106
-148
-183
-214
-238
-254
-254
-229
-181
-119
-62
-16
21
50
71
80
77
60
28
-8
-44
-67
-73
-68
-56
-43
-30
-23
-29
-48
-73
-99
-127
-152
-172
-176
-165
-140
-106
-65
-27
0
13
12
1
-17
-43
-66
-86
-88
-70
-33
24
87
145
185
208
220
237
263
294
321
340
338
316
279
231
177
124
76
33
3
-16
-30
-50
-88
-147
-218
-284
-323
-322
-284
-211
-123
-37
37
91
121
133
134
132
137
153
180
205
214
190
129
38
-66
-162
-238
-283
-301
-301
-291
-285
-290
-307
-325
-329
-308
-252
-168
-73
18
82
115
118
103
80
59
48
49
63
87
111
125
114
79
30
-16
-33
-23
2
30
44
42
25
6
-4
-9
3
26
56
90
116
123
110
85
56
37
36
46
60
78
101
119
129
136
153
183
209
218
225
236
222
161
97
85
107
92
27
-47
-110
-182
-269
-302
-249
-184
-180
-212
-220
-209
-220
-242
-219
-145
-61
25
136
258
318
267
156
53
-14
-46
-39
8
58
65
17
-63
-152
-244
-332
-394
-411
-368
-284
-193
-125
-104
-117
-148
-180
-184
-147
-66
34
127
201
251
267
243
189
133
97
90
114
160
202
215
190
132
61
-7
-59
-83
-78
-52
-12
37
82
106
98
66
20
-16
-32
-21
11
47
75
87
87
78
60
40
20
15
28
60
104
149
180
191
179
155
123
86
46
5
-29
-57
-80
-108
-141
-180
-226
-274
-313
-329
-323
-305
-272
-229
-176
-114
-56
-1
52
98
140
178
217
251
271
276
262
232
184
124
56
-13
-78
-135
-180
-212
-234
-247
-256
-253
-239
-213
-175
-128
-78
-32
7
40
68
86
96
100
103
107
105
103
105
104
98
87
79
75
73
65
57
56
56
50
40
35
35
32
23
15
13
10
-2
-17
-27
-32
-41
-52
-60
-63
-69
-78
-88
-91
-83
-70
-50
-18
25
65
97
115
128
134
128
109
87
67
40
6
-31
-67
-101
-140
-178
-204
-216
-218
-210
-191
-160
-125
-89
-45
6
60
109
146
172
192
204
216
228
237
236
226
211
195
178
153
109
56
-6
-66
-113
-141
-150
-154
-161
-167
-171
-171
-159
-139
-116
-92
-74
-51
-19
18
49
66
65
54
41
37
38
36
24
-3
-36
-62
-68
-66
-61
-61
-70
-73
-65
-42
-16
0
-2
-18
-39
-47
-41
-27
-14
-14
-20
-26
-22
-10
0
2
-9
-27
-35
-21
16
71
124
162
182
185
181
174
166
151
127
98
71
55
47
40
29
2
-36
-80
-119
-145
-153
-150
-137
-114
-82
-42
5
51
87
111
126
135
143
156
170
182
188
185
174
152
119
71
11
-55
-116
-162
-194
-207
-211
-210
-203
-194
-179
-162
-146
-132
-127
-125
-122
-119
-110
-104
-98
-90
-82
-68
-50
-29
-10
1
2
-2
-15
-22
-23
-19
-4
13
28
44
53
61
61
54
43
28
13
-1
-10
-16
-16
-13
-8
-2
7
18
34
47
59
70
79
88
101
115
130
145
157
169
178
186
191
191
181
167
146
121
95
68
47
24
5
-11
-22
-29
-38
-48
-55
-65
-72
-77
-77
-73
-62
-49
-34
-15
0
13
24
29
28
24
12
-3
-20
-41
-63
-85
-102
-113
-124
-133
-139
-145
-144
-140
-140
-141
-139
-137
-131
-122
-113
-105
-93
-79
-67
-55
-44
-36
-30
-28
-29
-30
-32
-35
-32
-25
-13
3
18
34
47
57
62
66
72
74
83
94
103
113
114
109
102
94
85
71
59
53
50
48
50
50
51
54
59
67
70
75
80
84
86
84
79
76
70
64
53
40
27
11
-3
-16
-29
-40
-51
-58
-64
-65
-65
-63
-60
-53
-42
-31
-28
-27
-29
-34
-36
-36
-37
-34
-30
-25
-23
-23
-30
-41
-52
-65
-75
-77
-73
-66
-48
-33
-24
-17
-17
-23
-31
-39
-42
-41
-35
-28
-20
-14
-4
5
13
19
25
30
33
37
38
37
35
34
34
36
38
38
41
39
35
31
25
18
14
13
14
17
25
29
33
32
30
26
21
13
5
3
2
2
2
2
3
3
3
3
2
2
3
0
-1
-2
-4
-5
-4
-3
-4
-5
-9
-13
-17
-21
-22
-23
-25
-28
-26
-21
-17
-13
-10
-6
-5
-6
-6
-7
-5
-2
0
3
4
6
7
4
2
-4
-11
-13
-16
-12
-4
0
5
8
10
12
12
10
9
7
5
5
4
4
7
6
7
9
11
11
8
6
5
6
4
5
3
2
3
2
3
4
1
0
-1
-3
-4
-5
-4
-2
-1
-3
-5
-9
-10
-11
-11
-10
-9
-7
-6
-8
-6
-5
-5
-6
-6
-7
-7
-6
-4
-2
1
2
3
5
3
3
2
0
1
2
3
6
8
10
11
10
11
9
7
6
6
6
5
5
5
6
7
7
6
5
3
1
-2
-3
-3
-1
0
0
0
0
1
1
2
2
2
1
-2
-3
-5
-3
-1
0
2
2
0
-1
-4
-5
-5
-3
-3
-3
-4
-6
-9
-9
-8
-6
-4
-6
-6
-7
-7
-5
-4
-4
-6
-8
-5
-3
