5
4
-1
0
4
4
7
7
2
-5
-9
-14
-14
-9
-5
0
1
-1
-4
-5
-3
0
2
5
6
9
6
2
0
-2
-5
-7
-10
-14
-12
-6
-1
6
8
5
5
5
7
9
8
5
0
-5
-8
-9
-5
-4
-1
5
9
7
8
10
12
12
14
14
9
7
1
0
2
2
4
4
6
6
2
2
-2
-4
-7
-12
-14
-16
-14
-10
-8
-4
-5
-7
-6
-9
-11
-15
-14
-13
-15
-16
-17
-15
-8
-5
0
5
4
2
2
2
2
2
9
17
25
28
36
42
53
69
70
73
73
75
84
78
68
64
62
70
75
72
71
65
61
55
40
27
12
0
-8
-10
-8
-4
3
14
17
18
15
3
-8
-23
-36
-45
-43
-28
1
51
117
199
289
410
525
606
668
681
688
659
532
363
139
-120
-437
-772
-1099
-1416
-1684
-2013
-2258
-2350
-2412
-2356
-2315
-2226
-1964
-1677
-1351
-1015
-676
-366
-85
160
362
521
646
744
823
896
966
1046
1143
1254
1376
1507
1642
1773
1886
1971
2020
2034
2003
1926
1808
1663
1491
1301
1106
912
731
563
417
295
191
102
25
-41
-104
-167
-236
-313
-397
-486
-586
-692
-798
-902
-996
-1081
-1154
-1208
-1247
-1271
-1278
-1270
-1253
-1223
-1177
-1113
-1039
-945
-831
-685
-506
-294
-42
239
546
850
1147
1415
1625
1766
1805
1740
1562
1263
861
372
-184
-779
-1384
-1956
-2473
-2905
-3228
-3439
-3524
-3486
-3335
-3080
-2744
-2345
-1909
-1459
-1003
-560
-141
247
599
923
1213
1466
1697
1909
2100
2275
2430
2573
2702
2807
2890
2950
2985
2985
2949
2861
2735
2573
2365
2127
1854
1554
1254
948
655
378
115
-112
-308
-472
-608
-722
-805
-866
-909
-935
-948
-952
-950
-949
-950
-949
-950
-966
-993
-1032
-1084
-1142
-1214
-1295
-1373
-1452
-1517
-1565
-1595
-1597
-1568
-1508
-1410
-1281
-1130
-963
-784
-596
-414
-242
-75
81
235
385
540
708
890
1089
1297
1501
1693
1853
1965
2008
1971
1838
1601
1262
841
352
-194
-773
-1351
-1893
-2383
-2803
-3126
-3331
-3423
-3406
-3276
-3036
-2700
-2296
-1840
-1338
-811
-286
217
690
1131
1524
1860
2143
2380
2574
2730
2851
2952
3037
3096
3129
3138
3113
3047
2936
2768
2560
2302
1993
1654
1300
947
609
299
38
-171
-331
-446
-515
-547
-555
-550
-541
-538
-558
-605
-677
-775
-896
-1028
-1164
-1290
-1404
-1501
-1579
-1632
-1661
-1669
-1665
-1648
-1622
-1599
-1581
-1564
-1551
-1546
-1541
-1529
-1509
-1475
-1427
-1361
-1269
-1159
-1031
-884
-720
-537
-339
-127
113
374
668
985
1318
1670
2009
2327
2596
2800
2919
2928
2820
2576
2210
1734
1171
545
-119
-793
-1431
-1996
-2471
-2845
-3095
-3217
-3221
-3116
-2908
-2607
-2236
-1818
-1367
-889
-405
70
520
947
1338
1678
1965
2198
2384
2516
2604
2655
2679
2684
2676
2657
2629
2587
2525
2435
2307
2143
1931
1670
1369
1038
691
339
-8
-325
-603
-831
-1002
-1105
-1147
-1139
-1092
-1014
-920
-826
-750
-692
-659
-657
-686
-739
-818
-913
-1019
-1139
-1255
-1360
-1455
-1534
-1594
-1641
-1672
-1687
-1688
-1673
-1646
-1610
-1568
-1508
-1435
-1348
-1246
-1132
-1003
-860
-703
-524
-323
-101
145
417
720
1046
1380
1730
2069
2383
2655
2857
2989
3013
2929
2728
2407
1974
1439
830
175
-508
-1186
-1820
-2381
-2842
-3194
-3426
-3514
-3474
-3317
-3053
-2696
-2265
-1797
-1310
-812
-321
143
568
948
1286
1578
1830
2054
2249
2432
2597
2744
2884
3007
3109
3180
3215
3201
3123
2983
2776
2498
2157
1761
1321
863
402
-39
-436
-770
-1027
-1201
-1279
-1272
-1195
-1059
-882
-679
-481
-310
-176
-89
-62
-101
-205
-357
-556
-791
-1048
-1311
-1564
-1797
-2006
-2178
-2314
-2411
-2475
-2503
-2494
-2460
-2401
-2315
-2206
-2074
-1931
-1774
-1601
-1417
-1227
-1036
-837
-629
-408
-170
98
412
757
1153
1581
2039
2513
2961
3379
3716
3966
4087
4059
3880
3538
3044
2417
1687
886
51
-787
-1583
-2301
-2918
-3415
-3778
-3992
-4060
-4003
-3817
-3522
-3129
-2669
-2155
-1605
-1034
-466
80
602
1089
1532
1921
2259
2554
2804
3008
3175
3316
3427
3508
3558
3573
3552
3481
3350
3162
2908
2589
2201
1759
1274
760
240
-266
-737
-1150
-1489
-1738
-1889
-1944
-1912
-1799
-1623
-1401
-1163
-932
-729
-573
-481
-468
-526
-651
-835
-1056
-1298
-1537
-1763
-1967
-2135
-2259
-2342
-2395
-2418
-2408
-2383
-2340
-2282
-2207
-2111
-1999
-1858
-1685
-1479
-1239
-979
-690
-383
-64
270
610
969
1345
1742
2167
2608
3064
3497
3899
4237
4489
4629
4615
4447
4106
3601
2946
2155
1274
333
-624
-1556
-2419
-3176
-3795
-4266
-4575
-4716
-4702
-4539
-4247
-3845
-3348
-2794
-2190
-1559
-922
-301
286
836
1333
1769
2134
2441
2693
2890
3043
3163
3259
3335
3386
3417
3421
3388
3312
3182
2987
2722
2377
1962
1482
954
398
-167
-712
-1222
-1666
-2023
-2280
-2419
-2441
-2349
-2159
-1896
-1573
-1225
-867
-536
-256
-47
75
108
48
-94
-303
-561
-848
-1141
-1422
-1672
-1886
-2068
-2205
-2298
-2349
-2370
-2365
-2334
-2271
-2181
-2054
-1895
-1691
-1446
-1157
-825
-465
-80
306
692
1072
1434
1786
2128
2457
2795
3118
3440
3743
4005
4229
4366
4411
4328
4097
3715
3170
2486
1677
776
-183
-1157
-2104
-2977
-3736
-4356
-4816
-5110
-5229
-5181
-4990
-4665
-4233
-3717
-3142
-2529
-1891
-1257
-635
-44
513
1026
1481
1882
2227
2511
2738
2909
3041
3135
3200
3241
3257
3253
3222
3161
3057
2899
2690
2418
2082
1683
1241
769
278
-205
-659
-1053
-1368
-1596
-1717
-1737
-1655
-1483
-1241
-950
-638
-334
-63
156
306
369
345
238
48
-211
-519
-857
-1210
-1558
-1892
-2193
-2451
-2662
-2815
-2914
-2955
-2943
-2876
-2759
-2590
-2369
-2104
-1783
-1419
-1014
-571
-108
367
840
1291
1708
2087
2411
2695
2932
3123
3301
3441
3577
3680
3751
3792
3759
3664
3460
3148
2715
2150
1470
681
-180
-1087
-2006
-2896
-3706
-4403
-4964
-5365
-5590
-5639
-5531
-5276
-4888
-4398
-3822
-3197
-2528
-1833
-1143
-464
185
797
1360
1859
2293
2661
2966
3202
3379
3513
3597
3640
3645
3613
3544
3434
3287
3100
2873
2598
2282
1926
1539
1129
716
318
-53
-372
-623
-798
-884
-890
-815
-673
-480
-254
-18
205
392
523
583
567
462
277
8
-328
-709
-1121
-1541
-1949
-2325
-2660
-2941
-3164
-3325
-3419
-3450
-3431
-3358
-3233
-3051
-2819
-2531
-2182
-1790
-1342
-869
-375
128
608
1064
1475
1831
2136
2382
2587
2751
2891
3010
3126
3221
3293
3336
3322
3250
3073
2796
2398
1877
1255
533
-246
-1061
-1883
-2667
-3379
-3984
-4465
-4807
-4993
-5022
-4907
-4662
-4294
-3825
-3275
-2674
-2030
-1352
-670
2
650
1272
1845
2356
2800
3172
3469
3679
3815
3891
3902
3862
3777
3662
3517
3338
3128
2886
2615
2308
1967
1595
1210
813
426
67
-248
-505
-697
-810
-845
-811
-707
-557
-373
-178
2
149
244
274
221
82
-136
-419
-769
-1163
-1573
-1982
-2376
-2734
-3035
-3277
-3454
-3564
-3609
-3590
-3527
-3420
-3269
-3081
-2855
-2592
-2291
-1943
-1557
-1134
-674
-191
305
796
1263
1709
2113
2473
2796
3076
3326
3548
3743
3914
4030
4107
4119
4052
3884
3591
3191
2650
1993
1236
403
-469
-1361
-2234
-3039
-3748
-4341
-4798
-5098
-5236
-5222
-5068
-4776
-4365
-3859
-3275
-2636
-1946
-1241
-539
147
802
1414
1953
2425
2825
3146
3378
3527
3611
3629
3584
3492
3363
3201
3006
2782
2537
2271
1982
1678
1360
1035
708
385
82
-186
-410
-579
-686
-721
-685
-583
-424
-220
13
248
467
646
762
801
745
596
353
26
-371
-820
-1287
-1755
-2203
-2604
-2942
-3201
-3387
-3502
-3543
-3520
-3447
-3326
-3164
-2964
-2731
-2461
-2142
-1786
-1397
-968
-523
-55
414
865
1311
1723
2118
2482
2817
3153
3449
3736
3979
4168
4312
4352
4307
4115
3785
3315
2679
1922
1044
92
-902
-1908
-2863
-3723
-4457
-5048
-5467
-5701
-5754
-5644
-5390
-4990
-4492
-3911
-3274
-2589
-1865
-1151
-442
247
911
1528
2082
2582
3012
3369
3643
3842
3978
4039
4039
3979
3879
3738
3555
3340
3091
2810
2486
2130
1742
1332
909
480
77
-292
-610
-848
-1000
-1040
-983
-833
-600
-306
28
361
672
933
1114
1186
1141
979
704
322
-141
-653
-1190
-1727
-2242
-2708
-3106
-3438
-3691
-3865
-3960
-3983
-3954
-3863
-3708
-3505
-3256
-2969
-2634
-2268
-1875
-1458
-1019
-554
-88
393
881
1376
1884
2378
2886
3378
3845
4269
4615
4888
5040
5058
4916
4597
4106
3440
2625
1677
647
-429
-1515
-2554
-3503
-4306
-4951
-5416
-5679
-5741
-5622
-5354
-4936
-4403
-3790
-3137
-2459
-1758
-1075
-422
197
789
1346
1840
2289
2699
3063
3363
3608
3821
3990
4110
4182
4209
4191
4108
3964
3761
3497
3159
2750
2287
1775
1232
661
91
-451
-948
-1365
-1688
-1887
-1950
-1891
-1704
-1395
-995
-542
-77
366
758
1048
1208
1230
1111
845
441
-60
-619
-1214
-1812
-2379
-2876
-3290
-3623
-3864
-4008
-4062
-4048
-3971
-3830
-3637
-3406
-3141
-2835
-2494
-2123
-1740
-1335
-901
-460
-3
463
962
1484
2017
2592
3177
3776
4338
4845
5285
5602
5768
5734
5513
5080
4427
3591
2592
1497
320
-892
-2053
-3112
-4026
-4779
-5327
-5643
-5744
-5668
-5418
-5003
-4475
-3876
-3247
-2579
-1904
-1267
-666
-97
454
953
1396
1814
2209
2568
2873
3149
3413
3634
3805
3929
4025
4074
4045
3944
3783
3547
3212
2782
2278
1717
1095
424
-241
-875
-1452
-1952
-2334
-2558
-2628
-2550
-2321
-1931
-1427
-861
-264
332
873
1297
1579
1709
1682
1480
1115
639
84
-529
-1166
-1768
-2298
-2754
-3128
-3405
-3566
-3638
-3643
-3582
-3450
-3269
-3067
-2842
-2583
-2300
-2013
-1718
-1407
-1064
-700
-313
119
608
1153
1746
2393
3095
3809
4482
5101
5621
6010
6204
6166
5916
5414
4671
3707
2571
1331
0
-1353
-2634
-3786
-4768
-5559
-6114
-6403
-6457
-6313
-5971
-5451
-4814
-4118
-3387
-2622
-1862
-1160
-521
77
625
1088
1487
1852
2194
2500
2767
3037
3314
3572
3809
4017
4206
4341
4385
4345
4214
3975
3605
3113
2525
1852
1104
319
-458
-1189
-1847
-2393
-2789
-3008
-3048
-2914
-2606
-2134
-1546
-886
-194
488
1109
1612
1970
2161
2178
2011
1674
1202
630
-13
-686
-1334
-1922
-2427
-2841
-3151
-3341
-3431
-3439
-3375
-3250
-3084
-2907
-2718
-2519
-2322
-2131
-1945
-1748
-1522
-1265
-973
-615
-188
319
912
1578
2330
3120
3904
4661
5325
5872
6238
6364
6245
5846
5172
4243
3091
1788
374
-1089
-2501
-3784
-4887
-5770
-6394
-6732
-6792
-6612
-6216
-5625
-4896
-4097
-3268
-2432
-1622
-879
-230
347
853
1272
1615
1909
2180
2433
2665
2913
3188
3477
3770
4064
4351
4606
4789
4877
4867
4717
4412
3949
3330
2591
1729
790
-173
-1113
-1976
-2732
-3317
-3697
-3871
-3819
-3557
-3091
-2459
-1731
-944
-147
598
1228
1704
2006
2115
2017
1729
1286
730
87
-599
-1263
-1871
-2395
-2821
-3131
-3308
-3379
-3356
-3258
-3102
-2907
-2709
-2506
-2309
-2121
-1949
-1790
-1625
-1447
-1238
-994
-681
-285
198
782
1465
2243
3092
3951
4792
5555
6193
6648
6843
6778
6417
5748
4808
3622
2267
789
-744
-2233
-3605
-4793
-5754
-6452
-6849
-6950
-6798
-6405
-5809
-5073
-4253
-3403
-2547
-1725
-979
-332
228
709
1090
1396
1649
1879
2098
2300
2527
2800
3102
3427
3766
4109
4421
4657
4794
4820
4694
4394
3907
3253
2460
1533
513
-535
-1554
-2486
-3296
-3914
-4294
-4424
-4306
-3940
-3340
-2561
-1674
-730
212
1083
1803
2332
2656
2752
2616
2268
1756
1134
435
-292
-972
-1578
-2088
-2483
-2755
-2888
-2918
-2870
-2756
-2598
-2414
-2241
-2083
-1935
-1811
-1713
-1640
-1560
-1463
-1342
-1174
-930
-580
-127
437
1124
1931
2815
3718
4612
5440
6137
6614
6838
6781
6400
5698
4683
3434
1997
414
-1209
-2780
-4203
-5437
-6429
-7109
-7468
-7519
-7298
-6819
-6118
-5271
-4360
-3414
-2461
-1570
-785
-117
450
912
1249
1496
1698
1885
2049
2228
2461
2757
3113
3498
3926
4372
4777
5102
5309
5384
5274
4951
4415
3694
2802
1758
630
-520
-1620
-2632
-3491
-4123
-4498
-4602
-4442
-4007
-3327
-2480
-1528
-525
471
1357
2077
2597
2896
2953
2758
2355
1791
1109
349
-423
-1138
-1768
-2289
-2685
-2928
-3028
-3026
-2932
-2769
-2560
-2347
-2160
-1993
-1870
-1791
-1766
-1760
-1757
-1738
-1670
-1539
-1289
-911
-385
289
1110
2044
3041
4051
5014
5871
6515
6898
6971
6700
6092
5127
3890
2436
814
-864
-2509
-4003
-5295
-6336
-7048
-7416
-7460
-7214
-6701
-5961
-5069
-4110
-3126
-2144
-1234
-446
212
751
1169
1446
1614
1731
1828
1908
2017
2195
2457
2812
3230
3715
4238
4738
5176
5498
5667
5642
5385
4892
4162
3229
2122
897
-365
-1593
-2718
-3671
-4393
-4822
-4950
-4778
-4317
-3610
-2705
-1688
-633
394
1308
2050
2565
2837
2860
2628
2181
1563
830
40
-748
-1474
-2100
-2598
-2935
-3103
-3115
-3000
-2784
-2494
-2180
-1878
-1618
-1427
-1308
-1283
-1336
-1444
-1574
-1687
-1739
-1691
-1501
-1128
-577
168
1065
2075
3154
4220
5210
6017
6592
6860
6771
6333
5527
4412
3023
1424
-257
-1941
-3519
-4914
-6052
-6855
-7309
-7420
-7194
-6672
-5913
-4991
-3985
-2935
-1915
-986
-186
469
983
1344
1564
1683
1733
1745
1744
1787
1906
2108
2414
2810
3300
3843
4387
4904
5324
5596
5668
5498
5088
4420
3513
2411
1173
-118
-1389
-2555
-3533
-4270
-4715
-4842
-4641
-4137
-3390
-2462
-1424
-359
646
1500
2154
2575
2728
2621
2276
1749
1090
339
-427
-1138
-1762
-2264
-2624
-2830
-2884
-2817
-2650
-2407
-2124
-1847
-1609
-1426
-1318
-1301
-1373
-1515
-1683
-1857
-1987
-2027
-1933
-1651
-1190
-519
336
1323
2403
3490
4521
5395
6036
6381
6388
6039
5328
4307
3023
1547
-29
-1603
-3056
-4327
-5344
-6048
-6413
-6453
-6199
-5684
-4962
-4106
-3199
-2282
-1403
-612
48
570
972
1243
1400
1470
1495
1513
1532
1599
1746
1986
2325
2740
3225
3750
4263
4721
5066
5259
5247
4997
4509
3776
2835
1735
536
-681
-1833
-2840
-3632
-4161
-4381
-4292
-3916
-3294
-2488
-1567
-623
260
1018
1590
1946
2062
1954
1649
1183
615
1
-601
-1145
-1592
-1910
-2097
-2156
-2103
-1956
-1748
-1522
-1309
-1127
-1004
-958
-1001
-1122
-1305
-1547
-1804
-2043
-2208
-2264
-2191
-1927
-1464
-795
34
986
2024
3057
4016
4786
5329
5579
5483
5040
4263
3233
1987
575
-870
-2234
-3424
-4404
-5117
-5485
-5519
-5285
-4822
-4159
-3356
-2534
-1777
-1079
-472
-10
282
449
561
607
600
609
697
871
1097
1425
1879
2428
3013
3594
4188
4734
5142
5377
5426
5270
4855
4172
3289
2251
1093
-119
-1280
-2281
-3079
-3638
-3888
-3804
-3426
-2818
-2037
-1128
-213
592
1230
1676
1890
1820
1502
1015
409
-279
-982
-1589
-2041
-2341
-2478
-2410
-2146
-1761
-1323
-847
-369
24
262
347
303
101
-287
-801
-1349
-1894
-2425
-2890
-3153
-3166
-2964
-2526
-1821
-815
353
1541
2747
3904
4904
5533
5769
5685
5213
4299
2981
1497
-26
-1642
-3230
-4548
-5427
-5955
-6211
-6036
-5371
-4433
-3452
-2431
-1287
-234
457
851
1111
1223
1005
535
145
-110
-358
-576
-507
-44
577
1262
2145
3266
4386
5269
5995
6625
6961
6825
6288
5524
4499
3112
1519
-21
-1425
-2735
-3846
-4518
-4709
-4553
-4089
-3256
-2095
-854
306
1393
2333
2954
3145
2991
2590
1891
920
-152
-1141
-2013
-2783
-3307
-3480
-3354
-3045
-2566
-1874
-1096
-422
113
555
850
863
592
190
-306
-964
-1751
-2471
-3005
-3424
-3732
-3743
-3345
-2671
-1835
-748
657
2135
3425
4549
5554
6252
6350
5918
5186
4102
2529
626
-1196
-2826
-4423
-5840
-6702
-6912
-6770
-6383
-5522
-4195
-2824
-1681
-616
443
1159
1300
1121
905
538
-128
-810
-1131
-1126
-1013
-676
159
1386
2654
3873
5202
6549
7540
8037
8211
8118
7534
6387
4947
3429
1781
-27
-1709
-2994
-3926
-4589
-4845
-4537
-3801
-2883
-1816
-566
677
1639
2268
2670
2770
2432
1749
942
103
-813
-1698
-2314
-2622
-2737
-2678
-2345
-1789
-1237
-783
-360
0
123
-50
-359
-710
-1203
-1848
-2453
-2866
-3171
-3461
-3573
-3375
-2981
-2550
-2003
-1169
-180
748
1631
2632
3638
4346
4738
4987
5062
4686
3833
2814
1719
395
-1146
-2536
-3555
-4394
-5112
-5435
-5195
-4659
-4111
-3421
-2472
-1574
-1049
-783
-542
-453
-755
-1243
-1526
-1594
-1647
-1577
-1039
-59
1023
2137
3464
4947
6177
6982
7566
7959
7904
7273
6343
5342
4116
2627
1147
-33
-993
-1899
-2536
-2694
-2501
-2220
-1830
-1139
-326
306
735
1138
1459
1423
1063
659
271
-267
-929
-1411
-1589
-1676
-1734
-1568
-1129
-679
-419
-212
13
46
-265
-763
-1226
-1741
-2412
-3051
-3442
-3624
-3768
-3801
-3564
-3137
-2701
-2272
-1705
-1014
-337
310
1057
1927
2776
3532
4185
4747
5078
5055
4693
3993
3002
1695
173
-1392
-2882
-4176
-5244
-5958
-6226
-6066
-5554
-4785
-3809
-2730
-1739
-968
-432
-136
-109
-356
-726
-1049
-1251
-1264
-1010
-376
598
1785
3110
4493
5810
6878
7576
7900
7816
7299
6387
5191
3840
2384
933
-382
-1459
-2264
-2796
-3012
-2918
-2576
-2064
-1424
-710
-12
595
1085
1452
1663
1718
1642
1484
1265
1003
749
531
354
212
103
26
-50
-165
-340
-578
-890
-1285
-1739
-2222
-2686
-3107
-3452
-3677
-3766
-3731
-3592
-3367
-3085
-2762
-2431
-2081
-1690
-1232
-651
65
942
1978
3121
4270
5282
6074
6535
6544
6005
4921
3393
1500
-649
-2849
-4851
-6504
-7745
-8480
-8584
-8085
-7178
-6019
-4672
-3275
-2096
-1290
-798
-561
-625
-961
-1302
-1385
-1184
-707
174
1555
3251
4972
6613
8123
9273
9783
9630
8987
7891
6311
4428
2572
911
-585
-1827
-2613
-2924
-2966
-2850
-2521
-2022
-1575
-1282
-1027
-747
-547
-464
-322
-7
379
753
1203
1792
2362
2757
3026
3226
3251
2979
2505
1979
1375
613
-211
-917
-1512
-2107
-2676
-3069
-3292
-3499
-3709
-3802
-3772
-3789
-3900
-3975
-3923
-3828
-3733
-3472
-2906
-2063
-1032
271
1894
3636
5179
6372
7242
7651
7377
6349
4773
2811
501
-1956
-4159
-5812
-6974
-7742
-7962
-7513
-6627
-5657
-4712
-3801
-3150
-3024
-3305
-3655
-3976
-4372
-4679
-4472
-3572
-2128
-252
2100
4754
7216
9165
10634
11584
11735
10947
9491
7715
5753
3763
2082
932
190
-301
-465
-285
-33
-5
-258
-733
-1465
-2407
-3273
-3814
-4038
-3987
-3495
-2434
-977
572
2086
3461
4438
4804
4648
4188
3420
2309
1085
129
-451
-776
-846
-560
-51
341
484
450
193
-492
-1575
-2728
-3724
-4619
-5415
-5870
-5807
-5335
-4606
-3620
-2382
-1108
50
1203
2510
3807
4690
5056
5073
4836
4259
3337
2212
924
-622
-2273
-3573
-4282
-4677
-5093
-5485
-5650
-5585
-5429
-5128
-4648
-4285
-4338
-4579
-4510
-4063
-3590
-3215
-2653
-1735
-559
895
2760
4796
6393
7295
7839
8279
8400
7962
7153
6222
5196
4199
3575
3420
3291
2786
2057
1401
745
-115
-1104
-2072
-3053
-3982
-4429
-4064
-3133
-2085
-975
339
1691
2762
3477
3900
3826
3068
1962
1060
477
-47
-516
-649
-415
-94
212
602
908
699
-113
-1102
-1961
-2787
-3609
-4156
-4220
-3990
-3627
-2951
-1901
-850
-241
-18
121
241
361
726
1566
2615
3421
3949
4448
4807
4589
3629
2100
110
-2297
-4693
-6441
-7381
-7919
-8285
-8200
-7497
-6450
-5343
-4168
-3070
-2530
-2715
-3094
-3122
-2883
-2663
-2298
-1422
-78
1510
3407
5632
7627
8675
8755
8367
7735
6693
5315
4004
2935
2054
1540
1713
2362
2790
2605
2009
1230
214
-1011
-2159
-3071
-3809
-4213
-3837
-2563
-888
672
2029
3170
3868
3997
3772
3328
2500
1301
232
-249
-240
-70
222
686
1071
1104
861
487
-210
-1485
-3061
-4345
-5063
-5324
-5151
-4461
-3442
-2416
-1439
-364
605
988
646
-24
-511
-523
192
1746
3695
5314
6294
6840
6989
6327
4631
2119
-943
-4279
-7196
-8762
-8851
-8300
-7763
-7132
-6252
-5486
-5058
-4681
-4324
-4553
-5513
-6271
-5899
-4605
-3056
-1287
903
3146
4945
6509
8166
9363
9254
7979
6500
5336
4334
3516
3174
3180
3108
3006
3269
3728
3620
2560
933
-753
-2249
-3283
-3573
-3286
-2889
-2440
-1562
-194
1156
2051
2458
2399
1830
1057
665
755
840
654
560
893
1420
1799
2033
2108
1667
549
-757
-1735
-2497
-3405
-4313
-4745
-4584
-4037
-3195
-2095
-1040
-412
-181
-37
74
-35
-409
-835
-964
-357
1276
3581
5643
6785
7003
6430
5011
2921
654
-1694
-4418
-7095
-8408
-7706
-5985
-4566
-3683
-3184
-3452
-4591
-5599
-5633
-5407
-5958
-6701
-6207
-4312
-2044
124
2381
4258
4950
4829
5173
6166
6651
6050
5095
4470
4038
3709
3835
4195
3911
2790
1712
1292
1055
439
-395
-1166
-1891
-2318
-1800
-334
1053
1603
1700
1959
2251
2221
2040
1863
1260
55
-928
-820
9
522
475
408
479
363
116
135
161
-596
-2111
-3336
-3573
-3277
-3079
-2901
-2471
-1974
-1607
-1110
-309
315
238
-281
-565
-341
136
653
1303
2262
3691
5506
7208
8084
7697
6053
3403
263
-2569
-4653
-6314
-7857
-8731
-8143
-6432
-4831
-4033
-3983
-4772
-6476
-8136
-8271
-6771
-5007
-3772
-2455
-537
1396
2776
3853
4657
4472
3228
2285
2815
4318
5575
6216
6425
6047
4983
3816
3019
2147
665
-957
-1793
-1657
-1006
-179
566
729
171
-386
-194
517
1027
1261
1625
2173
2706
3349
4188
4600
3846
2266
990
518
389
209
120
122
-158
-700
-946
-836
-1148
-2400
-3988
-4961
-5088
-4695
-3926
-2850
-1898
-1494
-1459
-1236
-723
-327
-297
-394
-244
280
1091
2175
3628
5375
6931
7657
7358
6281
4566
2126
-712
-3086
-4567
-5604
-6525
-6777
-5948
-4884
-4732
-5468
-6419
-7568
-9060
-9896
-8755
-6029
-3422
-1692
-209
1219
1829
1561
1459
1949
2236
2095
2687
4706
7066
8355
8443
7740
6078
3467
992
-250
-498
-568
-449
323
1446
2063
1918
1336
363
-1017
-2124
-2010
-645
1116
2691
4041
4966
5053
4384
3512
2609
1403
98
-498
-35
884
1572
1902
1826
1003
-527
-1982
-2730
-3037
-3399
-3633
-3280
-2499
-1895
-1668
-1634
-1863
-2624
-3642
-4045
-3381
-2116
-910
78
982
1615
1790
1952
2831
4398
5699
6037
5650
4947
3732
1793
-348
-2074
-3618
-5441
-6944
-7046
-5901
-4943
-5033
-5764
-6685
-7891
-8948
-8592
-6408
-3725
-1958
-990
3
976
1339
1293
1497
1939
2163
2464
3693
5740
7311
7372
6111
4282
2359
659
-317
-287
376
1063
1585
2087
2468
2287
1302
-101
-1174
-1349
-506
1096
2977
4539
5295
5150
4425
3540
2664
1775
980
573
772
1461
2241
2657
2370
1298
-298
-1906
-3030
-3461
-3348
-3012
-2676
-2372
-2076
-1886
-1939
-2206
-2529
-2785
-2848
-2498
-1581
-399
459
708
552
321
258
732
2089
3982
5395
5572
4647
3130
1247
-826
-2619
-3830
-4732
-5580
-5926
-5267
-4125
-3657
-4394
-5875
-7434
-8545
-8503
-6752
-3827
-1296
-261
-412
-787
-881
-689
-128
884
2091
3213
4414
5980
7486
7866
6497
3894
1252
-509
-1049
-460
765
1847
2186
1826
1226
624
-98
-949
-1510
-1224
159
2389
4785
6453
6729
5629
3868
2331
1547
1518
1878
2199
2289
2264
2265
2158
1609
467
-991
-2216
-2751
-2452
-1613
-874
-835
-1629
-2796
-3663
-3848
-3450
-2860
-2382
-1999
-1483
-699
187
810
882
402
-173
-43
1396
3827
6027
6790
5744
3451
809
-1370
-2624
-3090
-3410
-4075
-4844
-5093
-4712
-4357
-4753
-6051
-7740
-8952
-8804
-6865
-3722
-830
462
-86
-1592
-2854
-3088
-2146
-379
1615
3356
4737
5857
6644
6680
5600
3572
1375
-35
-126
884
2194
2923
2602
1360
-233
-1523
-2148
-2153
-1772
-1063
109
1762
3524
4799
5178
4672
3693
2872
2759
3449
4413
4887
4433
3192
1698
444
-313
-587
-582
-499
-402
-275
-178
-311
-902
-1977
-3250
-4206
-4381
-3660
-2415
-1280
-729
-798
-1171
-1442
-1359
-931
-333
254
897
1904
3450
5141
6163
5833
4167
1897
-78
-1137
-1251
-974
-1094
-2042
-3523
-4855
-5595
-5917
-6295
-6935
-7569
-7676
-6827
-5049
-2970
-1583
-1631
-2932
-4382
-4733
-3480
-1074
1512
3439
4358
4443
4202
4048
3985
3705
3069
2406
2231
2698
3388
3631
2963
1408
-526
-2072
-2622
-2126
-1087
-161
338
536
737
1100
1555
1962
2270
2578
3074
3849
4698
5168
4814
3587
1939
578
17
303
1056
1713
1872
1453
666
-190
-960
-1663
-2348
-2920
-3162
-2911
-2245
-1499
-1085
-1226
-1749
-2192
-2094
-1354
-295
587
986
1025
1142
1711
2668
3511
3638
2869
1602
508
60
176
319
-67
-1110
-2405
-3350
-3647
-3558
-3663
-4350
-5464
-6378
-6435
-5474
-3995
-2850
-2666
-3379
-4275
-4469
-3506
-1644
365
1796
2411
2504
2576
2905
3336
3500
3170
2525
2017
2000
2413
2791
2632
1788
577
-418
-778
-504
29
395
426
271
240
515
1021
1527
1828
1945
2053
2311
2698
2976
2874
2294
1440
727
530
933
1669
2274
2383
1907
1056
154
-567
-1073
-1460
-1822
-2131
-2280
-2200
-1930
-1630
-1446
-1409
-1379
-1156
-636
105
855
1405
1672
1739
1759
1841
1924
1848
1480
850
153
-395
-700
-836
-961
-1212
-1560
-1863
-1988
-1955
-1957
-2193
-2708
-3330
-3797
-3936
-3780
-3540
-3423
-3478
-3550
-3408
-2909
-2112
-1222
-442
165
677
1197
1744
2210
2434
2318
1913
1390
967
767
784
930
1089
1187
1179
1044
799
497
238
144
311
748
1356
1967
2435
2694
2763
2694
2538
2323
2081
1854
1690
1619
1619
1617
1532
1337
1083
857
698
568
382
63
-405
-957
-1467
-1832
-2001
-1990
-1854
-1645
-1419
-1229
-1112
-1077
-1094
-1087
-972
-687
-238
302
822
1209
1395
1368
1177
896
601
353
175
53
-63
-230
-471
-770
-1069
-1306
-1429
-1441
-1409
-1431
-1580
-1856
-2193
-2488
-2643
-2620
-2444
-2181
-1894
-1594
-1258
-885
-502
-165
74
217
309
408
540
663
706
628
477
365
396
576
804
927
846
569
215
-58
-149
-43
206
542
928
1352
1778
2133
2338
2349
2209
2016
1878
1856
1918
1979
1966
1864
1715
1554
1390
1178
864
446
-23
-449
-764
-956
-1064
-1121
-1124
-1043
-876
-670
-519
-503
-628
-814
-925
-865
-639
-337
-73
83
133
141
167
243
344
435
502
532
493
336
20
-431
-914
-1283
-1420
-1322
-1124
-1003
-1076
-1336
-1675
-1970
-2154
-2228
-2236
-2189
-2062
-1832
-1517
-1203
-977
-849
-755
-576
-255
169
568
794
796
633
447
361
413
558
710
810
851
855
837
789
674
485
258
63
-19
65
317
686
1092
1473
1785
2018
2171
2250
2265
2219
2116
1987
1863
1774
1715
1644
1491
1203
772
257
-237
-606
-802
-856
-838
-813
-803
-796
-777
-771
-814
-918
-1037
-1057
-893
-555
-173
74
69
-156
-445
-608
-537
-267
70
344
491
510
410
192
-139
-539
-900
-1104
-1090
-916
-755
-782
-1074
-1560
-2042
-2345
-2396
-2236
-1986
-1744
-1549
-1399
-1267
-1162
-1089
-1017
-869
-541
-1
663
1268
1622
1627
1334
926
606
487
553
693
815
894
949
992
989
879
622
262
-51
-148
48
472
946
1284
1403
1337
1199
1092
1037
1006
977
975
1040
1192
1387
1515
1473
1227
845
478
252
203
275
366
390
299
91
-190
-499
-792
-1025
-1154
-1147
-999
-758
-502
-314
-248
-309
-450
-589
-658
-626
-509
-355
-229
-185
-254
-422
-626
-773
-787
-634
-366
-101
36
-25
-275
-627
-960
-1170
-1220
-1138
-992
-854
-784
-822
-987
-1264
-1583
-1824
-1864
-1626
-1116
-438
244
769
1049
1094
993
867
818
884
1030
1178
1244
1179
984
721
451
233
100
72
152
321
541
754
894
906
786
598
446
422
544
748
923
974
866
641
398
207
96
47
23
34
108
254
438
579
591
453
215
-22
-168
-201
-175
-172
-237
-352
-446
-456
-375
-238
-105
-15
27
39
21
-49
-200
-434
-684
-862
-895
-774
-557
-339
-198
-173
-250
-381
-516
-620
-667
-640
-531
-355
-159
-13
31
-44
-211
-411
-589
-698
-731
-702
-627
-516
-375
-216
-54
91
211
320
433
550
646
680
623
480
292
113
-19
-103
-159
-201
-218
-185
-95
27
140
213
236
236
251
300
382
472
558
647
737
813
843
793
652
443
219
48
-31
-30
17
66
95
100
86
56
18
-31
-92
-156
-212
-246
-254
-238
-191
-107
19
181
356
500
571
532
375
132
-142
-370
-484
-440
-253
13
258
394
375
214
-32
-287
-485
-589
-597
-530
-416
-295
-214
-207
-279
-396
-493
-515
-435
-275
-99
17
36
-27
-114
-165
-144
-42
110
263
384
458
481
442
331
150
-61
-253
-387
-440
-422
-375
-347
-358
-401
-453
-493
-521
-529
-528
-508
-454
-356
-204
-9
188
349
451
482
450
386
328
305
323
363
404
429
422
381
309
229
153
88
33
-9
-39
-60
-73
-83
-71
-15
93
239
397
532
593
555
419
229
49
-57
-60
45
232
442
611
671
631
512
346
199
112
101
143
186
181
97
-68
-275
-469
-591
-615
-534
-404
-270
-162
-116
-132
-183
-243
-275
-260
-202
-113
-27
33
54
28
-28
-89
-143
-182
-207
-220
-237
-283
-346
-417
-473
-490
-486
-454
-409
-383
-378
-397
-435
-461
-460
-401
-291
-172
-62
28
90
119
126
131
146
169
191
211
229
237
236
223
214
223
236
264
293
305
312
306
295
299
315
344
382
400
393
346
267
180
108
69
64
97
159
226
270
275
241
193
155
136
152
200
256
296
293
241
150
31
-87
-179
-232
-250
-244
-230
-225
-240
-270
-300
-314
-303
-271
-231
-196
-171
-165
-163
-159
-155
-144
-138
-140
-137
-136
-135
-143
-163
-183
-202
-206
-193
-175
-163
-173
-216
-268
-319
-348
-337
-298
-241
-177
-125
-80
-47
-20
-7
-6
-11
-20
-13
17
62
106
133
149
156
164
176
195
222
247
266
283
311
353
396
418
410
375
319
260
205
162
133
112
96
90
88
92
90
75
54
38
38
58
95
136
169
188
191
184
176
161
134
96
52
4
-49
-111
-174
-222
-258
-275
-268
-242
-212
-201
-205
-216
-226
-225
-212
-187
-157
-130
-118
-114
-112
-116
-118
-114
-106
-96
-79
-61
-50
-58
-93
-140
-182
-213
-227
-221
-202
-178
-164
-158
-149
-141
-137
-136
-124
-101
-71
-37
2
34
53
52
46
54
70
84
97
101
107
120
142
178
217
250
274
285
289
287
275
248
210
166
130
119
133
163
183
187
176
148
119
98
90
95
107
125
148
172
191
196
182
147
100
52
8
-30
-56
-80
-102
-117
-127
-123
-105
-93
-83
-77
-78
-70
-64
-61
-63
-70
-86
-103
-115
-129
-139
-155
-166
-176
-185
-186
-184
-180
-177
-176
-180
-183
-184
-189
-194
-196
-195
-187
-180
-177
-170
-154
-137
-117
-94
-67
-38
-13
6
26
51
73
93
104
115
126
133
143
152
153
153
147
137
127
110
93
78
68
52
36
28
29
42
55
73
92
115
136
150
172
194
209
222
230
235
242
250
249
235
209
181
151
120
87
54
26
-6
-39
-64
-81
-89
-95
-97
-99
-100
-92
-75
-54
-31
-10
4
11
14
15
15
14
3
-19
-49
-83
-110
-134
-154
-176
-200
-228
-255
-271
-282
-293
-297
-295
-295
-292
-283
-266
-248
-233
-214
-195
-178
-158
-130
-96
-58
-24
11
38
55
74
95
120
146
168
190
210
227
233
223
203
169
125
78
38
14
4
2
7
8
2
-7
-6
5
31
72
126
184
240
290
330
357
368
367
359
346
330
316
298
267
212
141
69
9
-26
-32
-21
-5
-3
-22
-60
-108
-148
-164
-152
-118
-53
22
77
100
85
38
-27
-89
-127
-131
-104
-63
-30
-27
-64
-133
-222
-305
-363
-387
-372
-337
-303
-283
-289
-315
-348
-373
-381
-363
-319
-258
-198
-152
-120
-106
-103
-102
-87
-53
-2
55
110
151
171
173
166
163
172
183
197
208
202
180
143
96
46
-2
-36
-52
-51
-33
-3
33
67
91
107
117
134
165
213
269
328
373
398
398
373
330
273
216
172
142
128
126
124
117
97
66
30
-5
-31
-42
-33
-10
16
35
39
31
7
-25
-56
-77
-89
-87
-77
-69
-72
-90
-115
-146
-176
-202
-223
-236
-240
-249
-264
-280
-298
-318
-341
-359
-365
-352
-324
-293
-268
-249
-236
-219
-196
-172
-138
-94
-51
-17
9
33
54
76
93
108
129
151
172
189
196
190
173
146
116
93
71
54
37
24
16
14
17
24
33
39
49
68
100
139
180
223
267
306
334
347
348
339
323
303
282
268
261
250
237
219
192
161
128
104
83
64
47
38
35
35
30
19
3
-17
-39
-62
-83
-96
-108
-124
-146
-167
-187
-203
-219
-238
-256
-270
-281
-293
-308
-323
-340
-360
-379
-393
-397
-390
-382
-376
-369
-361
-349
-330
-305
-276
-246
-214
-176
-136
-93
-52
-15
22
54
87
126
164
198
222
237
243
245
242
235
230
222
214
208
200
191
182
175
166
160
159
165
179
198
225
252
277
298
316
328
332
332
321
310
297
282
264
240
210
173
136
104
74
50
30
12
-1
-13
-21
-25
-26
-28
-36
-45
-57
-67
-77
-90
-105
-122
-142
-167
-191
-215
-240
-267
-295
-318
-333
-346
-354
-357
-361
-362
-356
-347
-335
-328
-323
-320
-318
-313
-306
-297
-286
-277
-265
-250
-228
-199
-168
-138
-103
-66
-26
16
61
106
147
183
214
243
266
283
291
295
295
294
289
282
278
274
270
264
259
256
259
264
271
284
297
308
319
328
332
331
325
316
304
287
270
245
218
188
156
124
93
63
36
11
-15
-40
-63
-82
-102
-120
-137
-153
-167
-174
-176
-175
-173
-179
-185
-192
-201
-209
-220
-230
-243
-259
-276
-290
-302
-315
-325
-332
-335
-331
-319
-307
-294
-285
-283
-281
-277
-269
-261
-253
-245
-234
-221
-203
-183
-160
-133
-104
-68
-27
20
73
126
179
223
260
296
325
349
361
365
362
352
337
319
298
277
251
228
207
191
188
187
190
199
207
217
229
240
255
267
269
270
268
257
241
213
184
154
122
94
68
49
27
4
-17
-36
-51
-64
-78
-90
-104
-115
-125
-136
-146
-157
-168
-180
-197
-210
-219
-226
-233
-245
-256
-265
-271
-274
-278
-279
-277
-276
-268
-259
-249
-240
-231
-218
-204
-191
-177
-163
-148
-134
-121
-112
-105
-96
-85
-75
-64
-51
-36
-16
8
33
62
91
120
149
179
208
236
259
274
284
290
289
284
272
256
237
217
196
175
155
136
121
106
95
90
87
90
96
107
118
129
140
148
152
147
135
125
113
98
81
59
40
23
5
-15
-33
-49
-64
-80
-94
-103
-107
-110
-111
-111
-111
-112
-112
-113
-113
-114
-113
-111
-107
-103
-102
-101
-99
-100
-107
-111
-113
-115
-117
-124
-130
-135
-140
-147
-150
-152
-153
-150
-142
-134
-124
-114
-103
-89
-74
-61
-45
-29
-12
6
27
45
61
75
85
95
104
111
114
115
117
117
114
108
98
88
80
76
72
71
71
74
75
79
85
91
100
110
122
136
150
161
169
174
173
164
152
141
129
117
102
83
63
46
27
7
-15
-39
-61
-80
-97
-107
-114
-116
-117
-115
-114
-113
-107
-99
-88
-77
-67
-52
-40
-30
-19
-14
-6
-4
-8
-9
-18
-27
-35
-47
-60
-75
-87
-102
-115
-123
-133
-140
-147
-149
-148
-147
-140
-128
-116
-102
-89
-72
-55
-37
-19
0
21
44
65
79
92
101
107
109
107
103
96
87
76
68
58
48
38
29
21
14
8
9
15
23
33
45
63
81
97
115
132
144
151
155
159
160
159
154
149
139
128
113
93
72
52
27
4
-19
-36
-48
-60
-69
-78
-85
-93
-94
-95
-94
-91
-85
-74
-63
-50
-39
-31
-23
-18
-15
-16
-14
-15
-16
-20
-28
-36
-47
-59
-66
-78
-89
-99
-110
-115
-119
-121
-122
-120
-113
-105
-98
-86
-73
-60
-50
-38
-22
-7
10
22
31
38
44
49
50
50
48
43
39
32
26
23
19
17
15
12
10
9
10
12
16
19
24
33
42
51
58
65
71
76
77
78
81
78
75
71
67
67
65
63
57
52
43
36
33
27
23
16
12
8
3
-3
-4
-7
-7
-7
-12
-14
-17
-20
-20
-22
-22
-24
-26
-32
-34
-32
-33
-33
-34
-38
-41
-46
-55
-62
-63
-65
-66
-64
-65
-60
-54
-52
-54
-55
-55
-52
-44
-35
-27
-22
-19
-19
-20
-17
-14
-10
-6
-4
-2
1
1
-3
-6
-11
-14
-12
-12
-5
1
6
10
12
12
13
14
18
27
35
43
53
61
69
72
72
74
74
72
69
66
64
62
58
53
48
43
37
32
26
21
19
17
14
9
5
3
1
3
5
5
8
10
21
22
17
15
10
6
3
0
-7
-12
-11
-9
-12
-16
-22
-33
-42
-51
-61
-66
-69
-72
-73
-74
-71
-69
-69
-66
-63
-63
-59
-52
-45
-41
-37
-31
-27
-22
-20
-16
-11
-5
1
3
5
6
7
7
6
4
4
5
8
9
10
13
17
20
20
19
21
27
29
33
35
33
35
39
41
44
47
45
42
40
41
42
41
37
34
32
28
26
25
21
18
13
11
8
5
3
1
-3
-3
0
4
9
11
14
15
14
14
15
14
13
10
8
4
0
-5
-10
-16
-18
-24
-29
-33
-40
-44
-46
-48
-51
-54
-57
-54
-49
-45
-41
-37
-33
-31
-29
-27
-26
-24
-20
-15
-11
-7
-3
1
3
1
-3
-5
-5
-2
1
5
8
8
6
5
3
4
2
2
3
4
10
13
14
16
16
18
21
25
29
32
33
29
29
29
29
30
29
29
30
30
30
25
22
19
16
10
8
7
6
7
5
3
0
-1
0
1
3
5
5
5
4
7
8
7
5
3
0
1
-1
-4
-8
-13
-17
-21
-21
-21
-21
-21
-23
-29
-32
-31
-29
-29
-29
-29
-28
-27
-27
-26
-23
-22
-22
-21
-19
-14
-11
-10
-11
-11
-7
-6
-4
1
2
6
5
5
9
10
13
14
9
9
11
12
13
14
12
13
12
13
13
13
14
15
15
14
11
9
8
9
12
14
17
17
19
18
17
16
13
10
10
9
8
8
8
6
4
3
2
1
2
4
7
8
9
9
7
5
3
0
0
-1
-2
-6
-10
-10
-10
-9
-7
-10
-12
-14
-13
-12
-12
-13
-12
-14
-15
-16
-19
-18
-18
-18
-15
-15
-14
-13
-15
-13
-13
-12
-8
-9
-7
-9
-9
-5
-5
-4
-5
-5
-2
-2
-1
-1
0
2
3
4
6
7
7
8
9
11
11
13
13
11
9
10
13
12
11
9
9
9
11
10
11
11
12
11
9
8
8
11
9
9
7
6
7
6
8
9
11
11
13
16
15
15
15
12
13
10
8
10
8
6
6
4
2
0
0
0
-2
-2
-4
-6
-8
-8
-11
-14
-17
-19
-21
-23
-22
-22
-23
-26
-29
-32
-33
-34
-33
-32
-34
-33
-31
-33
-29
-27
-26
-24
-24
-21
-22
-19
-15
-14
-11
-10
-11
-7
-5
-2
2
3
8
12
12
13
15
18
18
20
22
23
24
28
30
30
31
32
36
36
35
36
34
33
34
40
42
42
43
40
39
35
34
33
32
32
33
31
30
32
30
28
26
21
18
13
14
10
7
6
0
-3
-7
-12
-16
-18
-22
-25
-28
-32
-36
-40
-45
-49
-49
-55
-59
-59
-62
-63
-66
-70
-72
-75
-74
-74
-74
-72
-68
-65
-60
-56
-53
-49
-44
-37
-32
-28
-23
-17
-14
-13
-10
-6
0
4
9
14
20
24
28
30
32
35
36
42
47
52
56
61
62
65
66
68
70
71
73
73
76
81
80
80
78
75
75
73
71
69
67
65
61
57
51
48
42
37
31
25
22
14
8
5
-1
-6
-14
-20
-23
-27
-27
-31
-34
-37
-41
-43
-47
-50
-57
-64
-67
-73
-73
-73
-78
-82
-87
-89
-89
-95
-97
-98
-100
-99
-101
-99
-95
-93
-89
-86
-82
-74
-70
-63
-55
-50
-41
-33
-26
-17
-13
-5
5
14
24
29
33
39
42
47
49
54
60
64
71
75
80
85
84
85
88
87
87
89
90
94
96
92
91
90
87
87
85
81
82
80
77
71
65
62
56
51
48
41
36
31
23
17
11
5
2
-4
-7
-9
-14
-15
-22
-27
-33
-35
-37
-41
-43
-46
-45
-46
-50
-54
-54
-55
-52
-54
-56
-56
-55
-50
-50
-53
-53
-53
-50
-46
-45
-44
-44
-41
-34
-30
-29
-26
-24
-22
-16
-15
-10
-6
-1
2
4
5
7
8
9
10
11
13
15
17
20
22
23
24
22
20
19
20
21
22
22
23
25
25
28
26
24
24
22
20
21
20
20
21
17
15
13
11
10
9
6
5
5
4
2
0
-5
-8
-10
-14
-14
-13
-12
-11
-10
-11
-11
-12
-14
-14
-13
-11
-11
-12
-14
-14
-15
-14
-16
-16
-17
-19
-20
-20
-20
-21
-21
-21
-22
-24
-20
-20
-21
-19
-18
-19
-20
-17
-13
-12
-9
-6
-1
2
3
5
5
6
8
8
11
12
14
16
17
18
20
17
18
18
18
20
20
21
21
20
19
17
18
19
18
20
19
20
19
16
15
15
15
13
9
6
4
5
6
4
3
1
-1
-3
-4
-4
-8
-9
-10
-12
-13
-14
-14
-13
-12
-10
-11
-10
-8
-9
-8
-8
-8
-7
-7
-8
-9
-7
-6
-9
-8
-10
-11
-12
-13
-13
-14
-13
-14
-14
-13
-14
-13
-12
-9
-6
-7
-6
-6
-3
-1
-3
-2
0
1
4
5
6
6
8
6
4
5
5
6
7
6
8
5
3
5
4
4
5
6
6
9
10
11
9
