-20
-25
-27
-24
-19
-13
-7
-2
0
0
4
6
9
17
19
23
31
30
31
30
34
34
26
27
26
25
26
25
25
18
17
15
4
9
-1
1
-1
-10
-12
-18
-17
-30
-20
-17
-31
-30
-27
-33
-38
-36
-31
-30
-36
-29
-25
-23
-39
-36
-23
-33
-39
-26
-9
-24
-29
-22
-21
-17
-23
-16
-5
-1
-2
-1
5
10
11
8
14
28
26
16
20
30
19
7
24
37
28
26
38
46
38
25
28
39
29
21
34
42
28
23
30
31
20
17
22
19
16
12
16
17
4
-2
-2
-10
-24
-27
-24
-30
-35
-35
-37
-43
-48
-47
-47
-52
-52
-44
-38
-40
-37
-27
-24
-21
-11
-4
-1
1
9
16
16
16
21
19
27
28
20
31
38
37
34
36
38
34
36
28
29
37
16
17
24
6
2
4
2
4
2
-4
-10
-2
-7
-26
-22
-7
-21
-26
-23
-22
-24
-37
-37
-30
-25
-42
-41
-17
-36
-54
-25
-26
-42
-33
-19
-16
-18
-13
-7
3
-3
-3
16
12
-1
10
25
14
6
27
27
16
18
27
35
24
23
36
45
41
40
66
57
29
45
62
45
34
46
63
62
48
43
52
38
5
28
45
16
6
27
10
-31
-45
-60
-80
-99
-115
-125
-126
-158
-191
-189
-205
-219
-199
-190
-192
-167
-133
-124
-123
-93
-56
-68
-44
14
20
16
29
65
74
93
115
129
190
168
196
255
183
181
207
202
184
167
201
179
175
107
70
156
86
49
91
85
104
64
28
10
26
2
-71
0
-24
-92
-50
-82
-126
-138
-133
-146
-154
-171
-223
-154
-169
-289
-238
-164
-222
-284
-186
-162
-271
-246
-179
-150
-227
-220
-38
-45
-191
-144
29
-24
-147
-33
109
82
-11
81
224
127
17
135
288
208
155
350
425
278
192
328
393
274
297
411
474
409
333
416
407
252
207
339
342
192
217
263
101
-90
-152
-174
-250
-322
-346
-367
-443
-535
-601
-662
-722
-740
-674
-644
-630
-547
-513
-479
-435
-476
-372
-142
-92
-119
41
269
199
111
347
505
418
349
597
782
501
445
708
700
387
338
758
631
214
369
594
363
-29
225
434
112
-9
124
301
21
-296
-72
93
-222
-469
-131
-57
-408
-611
-400
-207
-651
-695
-430
-370
-573
-920
-428
-382
-864
-775
-474
-203
-750
-756
-116
-317
-563
-535
3
62
-471
-105
225
122
-142
-124
464
316
-62
317
613
428
192
365
632
513
346
554
816
690
545
672
765
617
526
645
756
739
670
773
782
639
589
570
580
464
440
532
370
234
146
-21
-192
-402
-476
-485
-620
-767
-857
-894
-1044
-1228
-1167
-1097
-1150
-1096
-960
-907
-856
-768
-697
-616
-546
-355
-223
-235
-58
92
103
68
156
417
408
236
463
747
448
300
701
795
383
255
701
734
163
261
802
503
6
301
694
336
44
268
582
368
-265
371
653
-132
-77
186
300
-102
-320
100
20
-305
-480
-144
-65
-657
-610
-316
-469
-683
-674
-409
-517
-779
-602
-396
-461
-635
-493
-318
-421
-350
-91
-130
-254
-74
-31
-93
66
233
143
26
250
426
296
180
362
558
266
164
671
814
353
270
731
684
248
450
879
727
396
573
865
573
280
442
524
371
222
344
418
-10
-379
-334
-324
-603
-737
-554
-573
-875
-1026
-910
-989
-1177
-993
-819
-800
-774
-602
-495
-693
-636
-315
-59
-122
-148
203
250
109
132
401
566
420
567
691
604
536
556
627
457
576
786
590
469
512
496
196
155
437
343
187
236
313
94
-70
19
64
95
-121
71
353
-105
-318
-47
81
-237
-446
-147
-27
-255
-687
-498
-54
-703
-945
-358
-325
-701
-853
-402
-367
-768
-703
-450
-162
-549
-624
47
-184
-541
-309
56
-144
-529
27
271
24
-71
2
399
254
58
433
706
642
553
824
825
516
627
826
775
708
801
934
903
682
608
721
669
524
555
679
575
366
318
182
-143
-387
-386
-352
-523
-693
-765
-888
-1086
-1262
-1228
-1175
-1205
-1092
-952
-949
-958
-845
-732
-744
-594
-194
-38
-152
-90
174
162
88
439
632
511
552
640
615
568
673
835
694
536
646
769
603
371
470
400
293
457
329
65
240
371
12
-85
135
291
99
-276
-26
401
71
-437
48
321
-295
-413
-2
130
-355
-684
-349
-94
-517
-775
-275
-315
-883
-762
-381
-486
-800
-520
-123
-609
-765
-192
-123
-558
-492
97
-144
-514
-105
235
-46
-462
82
556
-5
-268
384
691
124
88
794
993
464
196
581
696
350
438
987
1012
447
326
692
687
378
409
688
695
380
223
403
331
-222
-403
-171
-282
-527
-482
-485
-888
-1157
-1003
-846
-874
-968
-864
-772
-887
-795
-473
-298
-332
-365
-165
94
187
240
263
264
374
615
707
630
652
708
722
717
715
860
950
671
474
477
539
568
398
287
328
258
-109
-231
-56
20
-194
-510
-228
106
-347
-890
-401
87
-611
-967
-113
274
-537
-1036
-344
148
-791
-1170
-68
425
-661
-1393
-288
228
-772
-1077
-175
285
-572
-959
-34
328
-340
-668
-19
476
-107
-442
78
484
144
-291
266
789
244
-250
173
709
521
386
944
1217
621
81
448
892
637
654
1090
1067
617
372
651
772
428
403
643
608
404
259
169
-51
-395
-588
-486
-422
-706
-981
-1030
-1155
-1365
-1355
-1161
-1157
-1323
-1275
-1097
-1102
-1062
-764
-579
-552
-302
83
261
191
217
535
755
795
989
1211
1152
1002
1103
1201
1144
1203
1287
1251
1095
913
825
810
706
383
243
448
284
-215
-333
-223
-253
-445
-654
-536
-511
-855
-866
-629
-759
-871
-771
-781
-794
-791
-645
-493
-595
-653
-457
-485
-740
-595
-228
-285
-535
-393
-328
-483
-278
88
15
-198
-318
-308
5
174
136
121
41
29
160
231
411
552
277
68
478
1057
1208
1121
971
594
207
378
916
1173
1063
799
636
575
484
529
598
410
240
316
451
455
242
-197
-704
-952
-814
-601
-624
-881
-1237
-1455
-1467
-1415
-1251
-1113
-1262
-1372
-1171
-971
-864
-745
-624
-418
-130
141
379
516
526
618
936
1331
1656
1703
1386
1151
1276
1501
1666
1843
1850
1449
962
805
922
981
858
766
598
95
-325
-353
-405
-641
-763
-781
-878
-1073
-1283
-1369
-1415
-1445
-1204
-949
-1150
-1386
-1241
-1144
-1074
-731
-582
-738
-774
-765
-695
-429
-255
-123
-75
-398
-425
-96
-123
57
547
356
-127
-54
40
-65
129
437
585
481
245
347
482
305
380
838
1231
1449
1508
1251
654
240
564
1212
1532
1439
1009
494
235
370
782
943
574
108
-112
-69
111
102
-289
-905
-1367
-1436
-1186
-907
-1053
-1635
-1928
-1772
-1611
-1391
-1199
-1274
-1346
-1308
-1140
-754
-542
-539
-295
119
524
829
849
762
861
1224
1766
2157
2154
1804
1372
1313
1698
2134
2295
1986
1412
1040
966
1149
1396
1329
928
380
-62
-204
-269
-440
-586
-741
-966
-1184
-1450
-1728
-1882
-1855
-1618
-1424
-1534
-1817
-2089
-2086
-1667
-1137
-955
-1219
-1485
-1419
-1163
-841
-424
-145
-305
-631
-540
-84
141
52
115
304
414
539
599
469
273
323
686
986
938
641
460
604
935
1378
1838
1971
1517
772
423
861
1620
1795
1298
840
720
721
855
1084
912
231
-256
-63
344
359
52
-409
-1038
-1602
-1764
-1513
-1258
-1377
-1739
-1991
-1979
-1875
-1866
-1750
-1428
-1217
-1122
-1034
-1082
-1077
-764
-211
456
900
853
596
607
1041
1653
2163
2449
2307
1780
1424
1602
2088
2440
2444
2172
1732
1331
1156
1110
1177
1272
1052
584
147
-275
-629
-755
-618
-433
-681
-1365
-1910
-2148
-2107
-1738
-1396
-1424
-1846
-2428
-2624
-2259
-1741
-1364
-1257
-1416
-1587
-1629
-1424
-955
-581
-427
-276
-121
-112
-243
-271
57
593
938
919
630
278
84
269
894
1464
1378
762
309
464
1013
1608
2234
2456
1627
369
51
939
1917
1956
1323
745
390
343
684
1081
1015
290
-470
-498
-42
175
-57
-524
-1087
-1726
-2091
-1764
-1262
-1355
-1851
-2116
-2041
-2029
-2158
-1920
-1328
-980
-996
-1120
-1167
-994
-535
254
1098
1380
1009
551
608
1397
2414
2941
2840
2342
1784
1608
2015
2741
3142
2838
2214
1720
1388
1219
1296
1517
1538
1146
538
-17
-419
-580
-516
-393
-430
-803
-1464
-2091
-2338
-2199
-1987
-1917
-2015
-2333
-2803
-3044
-2789
-2287
-1945
-1858
-1915
-2072
-2163
-1913
-1402
-1007
-878
-840
-709
-506
-309
-127
48
256
483
614
650
711
787
871
1054
1302
1356
1138
987
1167
1538
1967
2489
2711
2052
903
568
1517
2538
2381
1409
734
662
878
1202
1445
1102
63
-761
-553
211
524
112
-664
-1508
-2208
-2340
-1773
-1231
-1454
-2161
-2571
-2507
-2393
-2322
-1922
-1266
-961
-1223
-1594
-1586
-1125
-360
537
1197
1226
728
360
725
1749
2749
3104
2741
2063
1649
1865
2560
3147
3143
2573
1875
1490
1511
1681
1726
1561
1253
818
260
-181
-303
-277
-382
-643
-943
-1312
-1795
-2159
-2135
-1930
-1950
-2270
-2639
-2829
-2822
-2669
-2420
-2203
-2151
-2226
-2230
-2036
-1736
-1475
-1249
-1043
-882
-716
-448
-159
-56
-62
127
475
700
771
824
948
1098
1205
1307
1311
1214
1310
1603
1949
2463
2824
2379
1197
425
1158
2612
2880
1787
663
293
618
1199
1652
1529
396
-951
-1108
-234
486
415
-361
-1396
-2420
-3000
-2513
-1548
-1385
-2093
-2820
-2993
-2853
-2819
-2492
-1681
-1194
-1423
-1877
-1964
-1477
-684
230
1106
1329
808
422
863
2035
3169
3598
3372
2770
2183
2261
3102
3995
4186
3500
2531
1967
1914
2203
2554
2517
1950
1101
310
-85
-77
39
3
-388
-1092
-1774
-2184
-2271
-2126
-2019
-2187
-2649
-3178
-3409
-3210
-2830
-2598
-2616
-2798
-2965
-2885
-2502
-2025
-1719
-1637
-1580
-1423
-1230
-973
-599
-236
15
150
197
184
206
491
1052
1443
1380
1085
939
1111
1445
1782
2248
2813
2932
2133
936
671
1816
3037
2877
1663
732
658
1057
1504
1792
1528
496
-523
-549
201
727
508
-263
-1295
-2362
-2826
-2213
-1285
-1257
-2152
-2968
-3164
-3117
-2996
-2381
-1450
-1164
-1847
-2579
-2381
-1340
-175
699
1088
829
254
219
1201
2636
3513
3492
3011
2587
2523
2925
3630
4180
4089
3369
2582
2224
2332
2584
2666
2460
1908
1050
200
-209
-90
143
10
-552
-1264
-1897
-2310
-2369
-2155
-2074
-2461
-3120
-3550
-3562
-3366
-3160
-2998
-3003
-3247
-3460
-3242
-2647
-2150
-1987
-1951
-1826
-1657
-1471
-1127
-618
-231
-133
-92
118
396
589
787
1078
1315
1386
1452
1649
1799
1883
2317
3119
3416
2562
1393
1371
2522
3317
2820
1786
1273
1366
1635
1896
1962
1414
352
-287
49
700
758
139
-750
-1704
-2485
-2601
-2022
-1587
-2005
-2869
-3336
-3290
-3108
-2828
-2314
-1859
-1930
-2388
-2573
-2133
-1292
-406
289
567
352
58
371
1479
2760
3407
3238
2722
2400
2560
3199
4008
4448
4123
3264
2574
2499
2842
3127
3061
2601
1842
1010
479
424
545
368
-241
-988
-1547
-1898
-2125
-2207
-2186
-2305
-2765
-3366
-3632
-3427
-3122
-3090
-3278
-3407
-3395
-3315
-3101
-2650
-2162
-1955
-2029
-2020
-1675
-1156
-712
-400
-190
-75
-8
164
525
912
1127
1164
1139
1206
1425
1679
1865
2094
2575
3084
2901
1870
1012
1382
2583
3163
2475
1371
872
1045
1474
1811
1730
1044
95
-326
59
568
544
15
-789
-1718
-2436
-2479
-1904
-1520
-1884
-2583
-3030
-3164
-3081
-2683
-2019
-1627
-1921
-2447
-2449
-1800
-895
-102
405
491
190
7
506
1587
2607
3062
2979
2718
2584
2762
3331
4016
4297
3929
3215
2747
2823
3188
3413
3248
2645
1805
1076
728
733
736
417
-162
-738
-1205
-1588
-1942
-2230
-2434
-2666
-3003
-3352
-3550
-3534
-3430
-3437
-3566
-3677
-3660
-3495
-3219
-2857
-2478
-2246
-2187
-2110
-1820
-1368
-994
-772
-531
-197
80
232
389
687
1012
1220
1424
1701
1909
2072
2453
3017
3092
2323
1567
1909
2994
3384
2564
1544
1329
1686
1923
1912
1718
1200
444
-4
136
343
90
-462
-1002
-1628
-2313
-2575
-2207
-1836
-2108
-2722
-3039
-3040
-2990
-2736
-2064
-1464
-1614
-2270
-2424
-1634
-528
150
328
359
466
735
1273
2032
2687
2992
3047
3053
3042
3054
3282
3784
4186
4038
3451
2998
2983
3167
3170
2885
2418
1819
1175
726
583
506
152
-492
-1101
-1480
-1785
-2140
-2466
-2697
-2897
-3147
-3376
-3493
-3606
-3767
-3838
-3764
-3662
-3610
-3497
-3212
-2880
-2671
-2480
-2200
-1904
-1658
-1428
-1154
-872
-665
-397
90
577
798
766
733
1052
1626
2042
2270
2502
2873
3164
2859
2222
2186
2866
3483
3264
2327
1707
1798
2096
2342
2255
1625
742
24
-52
375
432
-74
-839
-1776
-2555
-2837
-2573
-2114
-2269
-3028
-3555
-3637
-3465
-3147
-2711
-2171
-1972
-2283
-2431
-2011
-1198
-290
382
766
857
769
1103
2040
3017
3518
3431
3179
3204
3428
3772
4181
4330
4112
3697
3326
3210
3188
3045
2870
2589
2005
1297
775
592
591
288
-410
-1128
-1686
-2003
-2072
-2164
-2468
-2974
-3507
-3753
-3722
-3675
-3665
-3671
-3738
-3808
-3709
-3391
-3050
-2841
-2703
-2452
-2155
-2077
-1999
-1549
-940
-508
-372
-353
-58
303
480
713
915
1105
1488
1796
2032
2334
2623
3113
3312
2638
2044
2309
3048
3490
2880
1907
1735
1966
2101
2104
1659
957
303
-73
215
568
229
-553
-1457
-2275
-2731
-2743
-2399
-2276
-2855
-3661
-4007
-3773
-3330
-2969
-2574
-2285
-2377
-2595
-2455
-1713
-642
179
601
769
784
993
1690
2655
3408
3613
3424
3341
3528
3805
4159
4560
4658
4262
3593
3097
3122
3353
3318
3039
2480
1597
794
410
522
735
294
-693
-1521
-1915
-1891
-1801
-2057
-2593
-3264
-3792
-3823
-3572
-3411
-3477
-3762
-3975
-3893
-3593
-3207
-2922
-2791
-2653
-2422
-2157
-1893
-1565
-1172
-787
-520
-481
-469
-224
210
710
942
872
1007
1332
1607
1980
2528
3215
3380
2453
1542
1822
2883
3582
3139
2121
1644
1642
1798
2120
2094
1468
546
-113
39
456
334
-193
-1014
-2071
-2882
-3035
-2507
-2104
-2631
-3483
-3813
-3711
-3510
-3264
-2737
-2109
-2072
-2461
-2434
-1747
-751
112
746
1180
1163
947
1367
2554
3758
4196
3921
3638
3612
3723
4064
4606
4927
4580
3727
3085
2950
2987
2938
2806
2509
1797
733
-37
-96
116
-25
-633
-1385
-1940
-2278
-2414
-2339
-2377
-2744
-3223
-3529
-3539
-3433
-3409
-3368
-3275
-3231
-3176
-3098
-3000
-2791
-2444
-1982
-1609
-1570
-1658
-1501
-1062
-597
-411
-461
-393
-151
107
310
470
750
993
1036
1305
2102
2961
2979
1976
1185
1673
2784
3269
2786
1993
1660
1730
1964
2304
2218
1511
682
321
593
862
645
120
-709
-1793
-2549
-2564
-2075
-1872
-2387
-3002
-3283
-3418
-3423
-3107
-2418
-1826
-1833
-2145
-2168
-1711
-911
28
876
1317
1206
990
1355
2387
3485
3976
3778
3324
3059
3266
3891
4501
4555
3931
3135
2743
2766
2805
2684
2415
1957
1281
490
-80
-285
-400
-618
-943
-1410
-1951
-2377
-2552
-2498
-2547
-2853
-3087
-3122
-3125
-3151
-3186
-3120
-2975
-2936
-2841
-2582
-2408
-2311
-2118
-1730
-1203
-973
-1058
-984
-688
-275
58
109
98
163
242
437
611
685
868
1040
1293
1898
2615
2950
2375
1243
900
1786
2872
3048
2212
1317
1104
1379
1785
1958
1500
597
-184
-279
281
678
430
-415
-1574
-2489
-2753
-2445
-2071
-2206
-2750
-3146
-3260
-3260
-3171
-2843
-2205
-1631
-1485
-1631
-1713
-1420
-654
420
1413
1855
1593
1158
1356
2369
3579
4170
3941
3386
3065
3200
3709
4234
4350
3914
3215
2687
2410
2188
2003
1949
1857
1352
419
-430
-767
-705
-619
-753
-1135
-1683
-2240
-2567
-2587
-2472
-2387
-2436
-2662
-3009
-3260
-3172
-2785
-2360
-2077
-1963
-2057
-2315
-2391
-1975
-1253
-796
-851
-1061
-1037
-795
-490
-166
119
209
51
-122
-108
69
375
762
1080
1212
1318
1713
2187
2108
1458
1022
1393
2161
2442
2037
1493
1229
1248
1382
1466
1324
840
248
-6
177
408
201
-562
-1510
-2159
-2336
-2213
-2121
-2247
-2508
-2714
-2735
-2611
-2535
-2543
-2388
-1873
-1197
-825
-894
-966
-577
276
1257
1984
2202
1968
1746
2085
2982
3779
3961
3666
3303
3095
3078
3258
3527
3551
3161
2603
2146
1820
1549
1333
1203
979
476
-188
-788
-1173
-1294
-1226
-1132
-1258
-1764
-2442
-2891
-2841
-2348
-1888
-1929
-2395
-2826
-2849
-2513
-2111
-1781
-1638
-1805
-2080
-2050
-1612
-1124
-951
-956
-824
-619
-530
-480
-299
-25
133
153
191
226
154
114
334
813
1309
1641
1735
1458
879
524
907
1742
2185
1864
1274
980
1002
1166
1366
1419
1098
501
124
203
404
317
-118
-784
-1513
-2008
-2031
-1792
-1767
-2058
-2314
-2330
-2263
-2253
-2205
-2002
-1633
-1132
-653
-491
-685
-777
-278
716
1651
2122
2101
1813
1665
2042
2863
3543
3617
3202
2721
2460
2507
2797
3060
2982
2569
2096
1701
1345
1124
1135
1110
702
35
-473
-753
-1018
-1188
-1061
-877
-1092
-1636
-2068
-2251
-2258
-1945
-1329
-1093
-1702
-2470
-2458
-1905
-1679
-1807
-1759
-1558
-1611
-1738
-1514
-1217
-1330
-1602
-1438
-897
-522
-504
-693
-931
-978
-608
-57
88
-240
-426
-43
636
1124
1332
1323
1042
643
598
1144
1878
2220
2019
1587
1293
1300
1495
1606
1517
1364
1284
1200
965
607
281
-3
-327
-652
-857
-955
-1092
-1324
-1528
-1590
-1564
-1569
-1638
-1718
-1732
-1591
-1240
-818
-635
-793
-939
-626
114
820
1163
1142
921
735
895
1505
2187
2423
2151
1784
1653
1750
1910
2022
2026
1902
1718
1543
1351
1131
955
813
595
342
216
178
-33
-445
-669
-475
-203
-318
-811
-1227
-1271
-1116
-1081
-1238
-1402
-1488
-1578
-1703
-1767
-1658
-1474
-1459
-1656
-1822
-1712
-1466
-1440
-1601
-1529
-1116
-841
-998
-1255
-1231
-986
-724
-428
-109
69
108
191
392
643
969
1350
1523
1324
1040
1101
1513
1887
1999
1945
1849
1678
1443
1317
1408
1552
1497
1214
860
575
372
161
-145
-559
-929
-1078
-1060
-1145
-1474
-1875
-2092
-2067
-1954
-1862
-1773
-1665
-1556
-1473
-1347
-1091
-717
-349
-59
168
350
556
766
1000
1190
1356
1571
1732
1759
1590
1502
1671
1936
2048
1896
1758
1669
1531
1282
1093
1172
1207
987
657
530
628
592
335
-13
-260
-319
-284
-194
-373
-796
-1150
-1219
-1133
-1155
-1039
-934
-983
-1478
-1997
-1928
-1554
-1230
-1341
-1409
-1422
-1501
-1667
-1823
-1478
-1088
-764
-694
-831
-941
-1086
-902
-495
-19
396
633
655
472
404
593
919
1152
1287
1453
1555
1571
1577
1535
1373
1217
1159
1219
1272
1186
1034
730
363
159
47
-190
-671
-1195
-1445
-1380
-1229
-1212
-1465
-1847
-2043
-1963
-1735
-1460
-1181
-964
-867
-897
-899
-732
-456
-35
551
1076
1330
1195
870
832
1171
1671
2018
2052
1969
1871
1778
1756
1778
1779
1709
1628
1530
1396
1275
1155
1017
751
437
324
316
243
37
-256
-308
-143
-136
-432
-794
-831
-711
-867
-1187
-1309
-1259
-1315
-1405
-1370
-1399
-1702
-2029
-1939
-1617
-1422
-1262
-1147
-1316
-1668
-1689
-1242
-880
-942
-1053
-805
-454
-358
-384
-337
-212
1
382
941
1515
1867
1796
1355
855
655
909
1441
1972
2307
2284
1875
1270
701
372
367
619
949
1129
1009
520
-298
-1236
-1961
-2162
-1814
-1254
-874
-859
-1184
-1704
-2172
-2337
-2127
-1674
-1150
-701
-445
-432
-526
-516
-360
-67
391
982
1505
1700
1588
1435
1420
1459
1436
1442
1610
1867
2013
1893
1551
1148
850
845
1091
1321
1334
1112
728
240
-167
-298
-135
155
333
336
199
-93
-479
-782
-896
-861
-669
-306
-49
-204
-796
-1450
-1709
-1620
-1403
-1083
-773
-713
-957
-1351
-1724
-1919
-1847
-1546
-1133
-876
-849
-837
-907
-1170
-1356
-1111
-440
267
734
1014
1286
1458
1357
1168
1103
1241
1504
1705
1795
1881
2011
1994
1675
1165
756
608
566
445
271
122
-70
-419
-952
-1571
-2098
-2430
-2559
-2500
-2229
-1868
-1676
-1782
-2042
-2144
-1946
-1598
-1224
-780
-290
110
340
485
704
1057
1458
1770
1969
2096
2234
2416
2516
2410
2124
1799
1546
1433
1503
1712
1840
1619
1060
465
102
-19
-24
2
20
-47
-256
-503
-651
-696
-705
-682
-577
-398
-236
-156
-144
-160
-239
-423
-641
-746
-655
-428
-225
-176
-308
-571
-894
-1158
-1275
-1219
-1042
-880
-816
-870
-999
-1163
-1278
-1197
-836
-223
487
1175
1692
1835
1490
824
289
143
325
593
916
1361
1751
1760
1164
202
-717
-1329
-1604
-1589
-1271
-795
-475
-686
-1485
-2574
-3533
-4060
-4052
-3496
-2545
-1486
-700
-390
-465
-653
-726
-661
-423
104
1031
2184
3180
3747
3916
3832
3551
3175
2909
2996
3349
3666
3655
3261
2592
1764
950
267
-143
-295
-262
-234
-355
-595
-884
-1138
-1443
-1714
-1842
-1712
-1416
-1136
-890
-689
-483
-379
-348
-337
-288
-148
51
308
519
630
629
537
362
86
-259
-556
-771
-874
-911
-906
-885
-1049
-1346
-1773
-2016
-1953
-1529
-676
349
1409
1910
1811
1202
550
191
-37
-41
26
464
1038
1529
1609
1108
240
-904
-1908
-2629
-2733
-2296
-1567
-1027
-1068
-1658
-2636
-3532
-4135
-4159
-3705
-2890
-1916
-879
223
1120
1688
1713
1449
1132
1084
1516
2366
3558
4674
5523
5820
5579
4921
4041
3232
2515
2014
1610
1364
1179
979
674
131
-581
-1439
-2182
-2715
-2889
-2745
-2352
-1821
-1355
-1024
-933
-967
-1096
-1185
-1186
-1011
-630
-105
493
1007
1369
1456
1289
910
519
212
68
-2
-20
2
2
-1
-219
-518
-1033
-1513
-1924
-2134
-1990
-1660
-892
-10
1087
1868
2152
1950
1389
897
240
-273
-662
-484
174
992
1643
1704
1215
0
-1509
-2988
-3840
-3970
-3602
-3084
-2777
-2609
-2709
-2910
-3315
-3703
-3994
-4036
-3625
-2710
-1165
566
2159
3133
3489
3388
3101
3001
3142
3615
4160
4771
5336
5813
6097
5995
5516
4520
3137
1540
169
-694
-1065
-1112
-1074
-1010
-1103
-1349
-1784
-2243
-2657
-3005
-3133
-3010
-2534
-1898
-1183
-473
133
570
736
733
621
487
347
294
430
699
1026
1214
1251
1111
721
223
-432
-983
-1431
-1720
-1815
-1851
-1709
-1577
-1267
-1004
-551
17
714
1493
1821
2029
1832
1710
1485
1107
788
424
329
254
315
285
162
-344
-1127
-2058
-2929
-3445
-3882
-4111
-4451
-4688
-4752
-4575
-4227
-3954
-3751
-3590
-3161
-2518
-1496
-347
845
1969
2808
3533
4024
4484
4893
5193
5376
5401
5463
5593
5807
5824
5530
4857
3852
2748
1507
357
-730
-1625
-2205
-2530
-2543
-2377
-2127
-1910
-1817
-1906
-1977
-1971
-1825
-1566
-1318
-884
-286
434
1135
1602
1842
1853
1621
1298
984
735
563
333
68
-95
-239
-336
-528
-935
-1378
-1936
-2397
-2688
-2820
-2825
-2721
-2550
-1946
-904
384
1808
2594
3038
2882
2424
2013
1435
1081
666
356
287
449
710
843
480
-257
-1253
-2375
-3160
-3872
-4380
-4994
-5672
-5927
-5779
-5204
-4660
-4301
-3952
-3415
-2647
-1602
-457
644
1628
2303
3004
3747
4481
5150
5473
5688
5888
6064
6310
6334
6038
5503
4615
3682
2773
1741
932
-7
-865
-1599
-2311
-2559
-2624
-2478
-2157
-1963
-1696
-1423
-1121
-699
-485
-356
-240
-28
412
913
1454
1893
2201
2325
2270
2069
1589
1010
267
-373
-766
-1089
-1269
-1523
-1836
-2011
-2194
-2430
-2602
-3077
-3428
-3608
-3624
-2777
-1745
-265
1151
1969
2726
2838
2818
2505
1728
983
77
-559
-698
-577
-142
175
67
-100
-759
-1490
-2279
-3304
-4085
-5090
-5794
-6013
-5927
-5418
-4843
-4166
-3239
-2284
-1219
-14
972
1843
2379
2827
3456
3961
4430
4688
4928
5238
5679
6189
6620
6753
6231
5463
4366
3293
2153
678
-665
-1954
-2793
-3085
-2985
-2556
-2078
-1751
-1462
-1210
-1041
-872
-886
-840
-712
-450
22
582
1253
1895
2472
2921
3195
3192
2966
2479
1860
1195
470
-161
-791
-1334
-1731
-1921
-2024
-2069
-2286
-2561
-2719
-2938
-2942
-2950
-2697
-2074
-1229
-240
698
1525
2083
2404
2188
1675
873
-95
-841
-1470
-1738
-1876
-1973
-2031
-2148
-2218
-2349
-2535
-2900
-3573
-4318
-4989
-5482
-5692
-5866
-5699
-5052
-4049
-2567
-968
670
2274
3566
4604
5431
5874
6026
5836
5424
5120
4950
5067
5403
5761
5945
5964
5806
5400
4664
3371
1798
52
-1734
-3175
-4263
-4680
-4590
-4216
-3438
-2551
-1485
-568
13
440
563
570
372
78
-39
-50
233
766
1461
2236
2702
2988
3152
3042
2681
1845
723
-414
-1582
-2478
-2952
-3183
-3114
-3014
-2842
-2360
-1917
-1499
-1123
-825
-405
110
464
1001
1432
1588
1825
1551
1387
1033
330
2
-546
-888
-1307
-1995
-2479
-3090
-3621
-4032
-4366
-4605
-4945
-5317
-5512
-5550
-5475
-5423
-5351
-4949
-4392
-3459
-2134
-690
1074
2620
3989
5370
6250
6876
7108
6919
6767
6407
6028
5844
5599
5384
5163
4905
4662
4186
3317
2182
930
-371
-1600
-2660
-3485
-3980
-4175
-4022
-3454
-2611
-1704
-778
101
824
1342
1476
1381
1201
907
749
739
862
1044
1129
1286
1578
1843
1907
1672
1142
401
-541
-1477
-2262
-2874
-3362
-3798
-3897
-3727
-3195
-2343
-1371
-121
939
1750
2448
2833
3102
3031
2435
1719
742
-251
-934
-1485
-1628
-1752
-1950
-2019
-2180
-2255
-2458
-2833
-3324
-4148
-5026
-5810
-6429
-6652
-6782
-6615
-5940
-5094
-3754
-2254
-738
999
2395
3710
4904
5652
6113
6150
5904
5715
5507
5315
5282
5193
5060
4930
4804
4674
4330
3563
2422
1196
-195
-1514
-2582
-3465
-3897
-4067
-3886
-3195
-2323
-1396
-478
387
1218
1864
2115
2044
1770
1368
1071
991
1004
1038
1079
1123
1378
1659
1742
1733
1396
739
-4
-938
-1746
-2458
-3338
-3841
-4113
-4071
-3525
-2807
-1604
-204
1021
2163
3080
3630
3848
3520
2810
1902
604
-552
-1435
-1958
-2223
-2573
-2735
-2802
-2730
-2597
-2546
-2504
-2841
-3519
-4204
-4926
-5517
-6127
-6794
-6921
-6671
-5906
-4435
-2711
-662
1285
2959
4705
6041
6814
7029
6659
6148
5499
4851
4461
4149
3919
3674
3649
3880
3926
3731
3054
2144
1127
-165
-1301
-2367
-3315
-3952
-4304
-4067
-3378
-2610
-1697
-749
242
1230
1887
2322
2393
2152
1844
1528
1403
1244
1057
924
874
1026
1211
1376
1439
1213
729
83
-704
-1412
-2123
-2803
-3250
-3630
-3645
-3323
-2662
-1479
-196
1139
2367
3271
3994
4323
4186
3715
2750
1534
326
-774
-1491
-2095
-2630
-3040
-3377
-3454
-3424
-3248
-3075
-3207
-3515
-4014
-4513
-4983
-5630
-6195
-6564
-6642
-6190
-5249
-3795
-1986
-106
1889
3865
5579
6758
7282
7340
7018
6490
5800
5029
4264
3418
2754
2396
2302
2377
2320
2148
1855
1358
758
23
-790
-1632
-2456
-3012
-3276
-3248
-2945
-2419
-1581
-581
461
1443
2135
2560
2707
2662
2572
2300
1902
1442
961
627
386
211
77
-134
-355
-595
-840
-1067
-1366
-1665
-1978
-2265
-2434
-2505
-2302
-1783
-1009
-41
899
1849
2785
3525
3998
4029
3601
2780
1693
689
-144
-962
-1881
-2853
-3600
-4022
-4154
-4017
-3759
-3591
-3653
-3839
-3932
-3983
-4213
-4681
-5239
-5657
-5756
-5395
-4498
-3216
-1811
-315
1360
3160
4852
6110
6856
7142
6984
6590
6020
5265
4335
3250
2336
1759
1432
1275
1122
981
870
732
589
334
-64
-537
-1014
-1378
-1632
-1785
-1786
-1607
-1189
-569
126
798
1391
1955
2495
2902
3080
2993
2674
2199
1636
1025
419
-178
-752
-1248
-1649
-1940
-2131
-2252
-2275
-2229
-2144
-2013
-1870
-1600
-1137
-539
148
795
1413
1997
2439
2741
2847
2687
2224
1532
829
179
-537
-1351
-2160
-2847
-3395
-3802
-4008
-4079
-4178
-4367
-4481
-4422
-4362
-4445
-4630
-4740
-4714
-4598
-4235
-3531
-2569
-1450
-198
1280
2855
4178
5182
5929
6441
6670
6486
6033
5402
4539
3607
2734
2059
1543
1010
583
355
303
325
248
117
-30
-226
-423
-613
-739
-841
-972
-997
-789
-312
281
818
1333
1871
2405
2840
3093
3167
3024
2604
2015
1386
763
98
-695
-1448
-2030
-2440
-2714
-2932
-3003
-2969
-2901
-2709
-2300
-1578
-728
90
895
1651
2309
2686
2774
2660
2256
1608
847
195
-280
-844
-1479
-2051
-2474
-2755
-3039
-3207
-3291
-3505
-3814
-4128
-4265
-4379
-4732
-5121
-5356
-5313
-5017
-4528
-3674
-2625
-1525
-280
1120
2679
3995
4886
5555
5966
6198
6101
5705
5216
4475
3684
2956
2366
1989
1524
1089
792
591
547
411
254
150
-44
-188
-370
-518
-564
-717
-799
-769
-585
-199
148
586
1140
1692
2253
2626
2904
3080
2915
2578
2074
1476
821
-92
-956
-1681
-2327
-2776
-3170
-3330
-3277
-3205
-2843
-2202
-1339
-390
358
1114
1863
2389
2727
2743
2528
2094
1349
666
88
-488
-1086
-1766
-2233
-2486
-2671
-2673
-2623
-2559
-2567
-2777
-2969
-3274
-3794
-4394
-5039
-5418
-5550
-5504
-5084
-4406
-3398
-2098
-668
986
2530
3820
4864
5504
5904
5879
5448
4843
4036
3306
2609
2029
1702
1425
1301
1214
1172
1219
1104
957
756
526
340
-2
-311
-546
-780
-867
-926
-801
-480
-195
239
711
1248
1807
2160
2475
2659
2651
2514
2222
1881
1476
883
231
-433
-1091
-1649
-2190
-2582
-2888
-3087
-3025
-2640
-1949
-1139
-254
618
1509
2200
2652
2877
2695
2251
1523
801
182
-521
-1210
-1853
-2290
-2473
-2513
-2374
-2103
-1904
-1776
-1770
-1864
-2051
-2564
-3229
-3989
-4683
-5155
-5440
-5382
-4983
-4234
-3137
-1734
-208
1322
2667
3728
4617
5135
5349
5133
4505
3737
2880
2137
1493
948
555
349
372
659
1074
1419
1622
1618
1561
1379
1060
611
42
-484
-959
-1189
-1206
-1059
-778
-406
168
838
1477
1983
2333
2499
2526
2411
2168
1844
1290
661
53
-483
-901
-1330
-1707
-2009
-2198
-2219
-1957
-1517
-1015
-492
-57
532
1107
1579
1946
1947
1751
1334
809
363
-165
-765
-1378
-1905
-2180
-2200
-2053
-1760
-1466
-1194
-950
-786
-712
-925
-1361
-1989
-2705
-3325
-3921
-4323
-4497
-4407
-3904
-3054
-1959
-678
608
1768
2883
3673
4212
4425
4102
3644
2897
2073
1394
628
147
-179
-379
-195
79
494
986
1338
1730
1955
1944
1819
1450
1014
492
-75
-528
-925
-1168
-1239
-1023
-563
-18
587
1112
1625
2019
2216
2304
2116
1715
1113
371
-266
-913
-1489
-1944
-2312
-2377
-2287
-1929
-1301
-704
12
560
1044
1538
1692
1781
1575
1141
750
188
-214
-565
-987
-1227
-1465
-1523
-1388
-1260
-1009
-807
-616
-361
-195
-57
-128
-403
-761
-1247
-1659
-2077
-2463
-2699
-2856
-2724
-2346
-1799
-1074
-387
305
1008
1612
2134
2442
2499
2379
2069
1644
1155
622
105
-341
-638
-724
-573
-292
58
486
909
1341
1671
1808
1833
1664
1356
1000
581
207
-144
-460
-578
-527
-325
-12
310
697
1079
1384
1615
1666
1528
1189
675
103
-511
-1131
-1710
-2201
-2477
-2509
-2266
-1757
-1103
-344
392
1063
1661
2040
2202
2076
1649
1071
375
-313
-938
-1525
-1974
-2260
-2338
-2138
-1762
-1278
-755
-275
190
569
788
812
585
180
-310
-828
-1291
-1694
-1990
-2090
-1977
-1617
-1086
-503
120
698
1234
1682
1930
1999
1848
1543
1185
775
376
-3
-351
-561
-644
-593
-418
-207
43
302
550
797
981
1095
1136
1098
1021
910
759
581
375
181
44
-35
-42
4
87
217
379
565
747
854
866
773
579
319
-20
-416
-846
-1295
-1656
-1889
-1951
-1807
-1515
-1054
-473
166
837
1398
1809
2012
1927
1624
1105
435
-307
-1098
-1806
-2373
-2736
-2826
-2668
-2270
-1685
-1004
-286
358
865
1199
1297
1167
823
313
-241
-771
-1205
-1462
-1557
-1427
-1076
-603
2
637
1203
1676
1950
2070
2021
1758
1412
913
350
-126
-588
-914
-1068
-1092
-923
-677
-305
161
560
945
1203
1296
1294
1194
1038
806
534
319
150
57
54
75
132
224
331
452
518
540
540
486
420
308
104
-126
-395
-655
-871
-1099
-1278
-1398
-1429
-1283
-1031
-693
-307
63
450
806
1077
1231
1177
946
587
135
-355
-873
-1378
-1818
-2141
-2287
-2240
-2033
-1695
-1275
-795
-283
207
626
895
1008
989
856
655
396
102
-185
-419
-551
-565
-487
-328
-120
128
404
685
945
1118
1194
1154
1027
825
563
261
-73
-383
-622
-735
-701
-537
-272
81
489
931
1361
1700
1913
1962
1858
1644
1340
969
560
136
-236
-507
-653
-669
-597
-455
-267
-61
140
276
312
227
33
-225
-516
-804
-1062
-1250
-1325
-1256
-1047
-728
-356
26
372
651
831
864
743
476
113
-288
-695
-1085
-1437
-1720
-1897
-1925
-1849
-1662
-1446
-1193
-894
-560
-180
141
416
567
693
759
808
800
668
505
258
114
-9
-62
-93
-141
-103
-37
128
289
436
523
551
573
567
557
479
367
210
65
-24
-71
-54
-38
37
163
349
620
903
1168
1389
1548
1673
1719
1665
1511
1226
904
535
202
-97
-354
-521
-635
-621
-547
-394
-221
-78
36
66
62
-17
-154
-329
-543
-719
-850
-891
-869
-800
-671
-528
-339
-188
-54
-23
-56
-170
-354
-571
-880
-1141
-1465
-1672
-1840
-1903
-1819
-1711
-1399
-1111
-686
-301
59
408
587
798
801
800
684
499
363
137
49
-111
-168
-189
-204
-82
-31
147
250
375
523
587
718
717
754
699
616
560
428
382
278
254
259
312
466
615
841
1050
1267
1467
1599
1695
1686
1606
1474
1256
1029
753
486
242
12
-131
-272
-334
-380
-390
-359
-347
-301
-305
-293
-307
-349
-391
-487
-557
-647
-726
-776
-848
-873
-904
-890
-872
-867
-838
-863
-843
-883
-914
-973
-1081
-1154
-1285
-1334
-1407
-1410
-1362
-1281
-1091
-913
-629
-382
-106
141
326
503
562
615
570
501
404
265
170
42
-16
-66
-57
7
90
247
390
582
741
878
984
1009
1028
958
898
791
684
614
536
562
579
686
802
946
1124
1252
1426
1506
1587
1591
1543
1467
1292
1129
885
655
408
166
-27
-218
-331
-431
-476
-489
-494
-459
-457
-435
-447
-471
-507
-567
-616
-694
-762
-852
-930
-1005
-1083
-1155
-1239
-1304
-1370
-1421
-1464
-1504
-1523
-1530
-1508
-1466
-1405
-1319
-1228
-1111
-993
-858
-716
-579
-428
-293
-140
3
152
298
431
563
665
760
817
852
849
815
767
694
632
571
523
494
487
509
541
593
643
695
737
768
796
807
825
837
852
880
912
965
1020
1090
1155
1211
1257
1274
1271
1232
1168
1075
955
816
655
488
318
151
-10
-162
-304
-437
-553
-653
-737
-805
-853
-882
-894
-894
-883
-869
-861
-863
-878
-910
-955
-1014
-1084
-1157
-1223
-1270
-1305
-1315
-1314
-1297
-1264
-1223
-1170
-1118
-1063
-1010
-949
-890
-821
-747
-664
-566
-458
-333
-198
-48
108
270
435
598
756
896
1018
1109
1169
1188
1171
1120
1036
938
820
706
603
522
478
458
471
498
541
587
629
662
679
685
675
660
644
627
628
641
676
725
780
843
900
946
965
962
920
844
735
597
437
257
83
-86
-240
-372
-494
-590
-678
-747
-805
-856
-897
-938
-967
-994
-1006
-1013
-1010
-989
-974
-949
-931
-909
-887
-875
-862
-859
-853
-848
-842
-834
-827
-810
-791
-758
-722
-677
-631
-584
-530
-478
-418
-355
-283
-197
-97
25
160
315
476
641
799
936
1045
1120
1160
1161
1125
1054
957
838
715
592
481
393
323
278
251
245
249
262
283
300
314
326
338
360
385
418
459
514
580
647
712
766
806
829
829
795
735
655
554
441
318
186
54
-75
-203
-323
-436
-550
-657
-756
-839
-909
-958
-985
-989
-972
-938
-888
-833
-769
-707
-653
-607
-570
-542
-522
-508
-500
-498
-499
-497
-497
-496
-492
-490
-487
-485
-480
-473
-457
-433
-396
-345
-277
-190
-83
36
163
291
417
536
645
738
807
850
862
849
810
746
666
573
473
376
292
219
160
119
92
84
89
104
124
144
166
181
200
218
246
280
319
366
413
466
520
570
613
641
645
632
608
568
513
438
348
244
132
14
-104
-229
-351
-469
-567
-642
-703
-743
-770
-776
-764
-733
-689
-639
-582
-521
-454
-386
-325
-275
-239
-219
-213
-221
-243
-276
-311
-350
-380
-396
-398
-388
-363
-326
-279
-225
-167
-113
-67
-30
-1
26
51
77
110
156
214
284
365
445
516
572
611
626
617
587
531
454
367
282
201
130
74
34
8
-7
-17
-26
-39
-56
-75
-96
-119
-137
-151
-150
-130
-84
-16
63
150
240
319
383
428
440
429
392
347
284
221
167
111
65
23
-19
-65
-114
-172
-230
-278
-323
-353
-363
-357
-322
-265
-206
-138
-73
-16
27
49
50
28
-12
-62
-118
-167
-211
-246
-257
-252
-239
-212
-177
-143
-107
-80
-59
-48
-46
-43
-42
-44
-40
-30
-13
10
42
80
117
153
179
203
212
212
201
176
148
114
79
49
21
-4
-25
-44
-65
-85
-103
-124
-150
-177
-208
-224
-232
-234
-220
-193
-147
-91
-32
28
84
135
173
204
225
237
244
236
230
226
215
211
201
192
187
183
179
169
152
133
113
88
61
34
13
1
-6
-6
-2
3
8
8
8
-2
-20
-48
-83
-120
-157
-185
-207
-220
-222
-210
-183
-151
-121
-91
-68
-47
-36
-40
-50
-68
-90
-107
-120
-127
-122
-107
-81
-46
-9
28
60
81
90
91
83
68
50
28
1
-26
-50
-66
-77
-81
-81
-77
-68
-62
-55
-51
-49
-46
-45
-43
-32
-21
-4
17
40
68
98
124
147
164
171
177
177
167
153
135
118
104
95
91
90
92
97
104
112
120
116
102
83
64
43
21
-2
-28
-47
-58
-62
-58
-54
-52
-46
-41
-36
-35
-40
-49
-60
-72
-85
-96
-101
-104
-105
-105
-104
-97
-91
-85
-83
-87
-94
-98
-100
-94
-86
-78
-66
-52
-34
-15
1
13
15
11
6
-1
-9
-19
-36
-47
-53
-49
-35
-20
-7
2
10
19
26
35
40
39
36
34
33
40
49
59
67
72
77
81
91
96
98
96
88
84
83
84
84
81
71
66
64
68
69
66
63
54
51
49
46
42
31
17
1
-12
-21
-31
-41
-52
-59
-58
-57
-57
-55
-52
-48
-44
-45
-46
-52
-58
-63
-69
-72
-76
-77
-74
-70
-64
-59
-51
-42
-33
-25
-18
-15
-15
-16
-17
-16
-19
-21
-24
-25
-26
-30
-31
-31
-31
-30
-25
-19
-14
-10
-7
-1
5
10
17
25
29
34
41
46
48
51
53
52
50
50
49
50
50
51
57
62
65
66
64
63
62
60
59
55
52
51
51
49
53
54
54
51
49
42
33
25
14
2
-10
-22
-33
-43
-52
-60
-65
-66
-67
-65
-65
-64
-64
-67
-65
-61
-60
-58
-60
-60
-59
-57
-53
-49
-43
-39
-37
-31
-27
-24
-20
-19
-18
-21
-25
-29
-33
-38
-39
-39
-39
-36
-32
-26
-18
-8
1
9
18
25
29
33
35
39
41
42
45
46
48
50
51
54
55
55
55
55
54
55
54
50
49
50
54
54
55
54
50
47
43
38
33
31
28
28
28
25
22
21
18
17
16
11
3
-12
-24
-37
-47
-52
-57
-58
-59
-64
-65
-64
-63
-63
-61
-54
-51
-49
-46
-43
-39
-37
-34
-30
-26
-27
-33
-35
-38
-37
-31
-26
-22
-23
-24
-28
-31
-30
-27
-22
-20
-15
-11
-6
-2
2
10
18
26
34
38
37
40
39
40
41
43
42
39
35
30
29
33
38
44
46
43
43
44
42
39
39
39
41
43
41
39
37
36
35
33
29
22
18
17
17
15
13
10
7
4
0
-7
-16
-22
-28
-37
-44
-49
-52
-55
-60
-65
-68
-73
-72
-71
-68
-63
-58
-52
-46
-41
-36
-32
-29
-26
-23
-20
-19
-17
-14
-13
-11
-10
-9
-6
-1
2
4
7
11
12
12
14
17
18
21
25
28
31
35
37
37
37
40
39
38
37
37
36
33
34
34
34
34
31
31
28
26
25
24
24
25
24
18
11
8
10
13
13
10
4
1
1
4
4
0
-4
-8
-11
-13
-15
-20
-27
-34
-39
-40
-38
-39
-43
-49
-51
-47
-44
-41
-41
-41
-39
-34
-29
-25
-26
-26
-25
-23
-19
-16
-15
-19
-19
-18
-12
-11
-13
-11
-7
-5
2
8
11
13
14
17
23
26
28
29
31
32
34
36
34
33
34
36
40
41
38
37
39
40
40
40
40
36
35
33
29
28
27
27
26
23
18
15
9
6
4
2
3
5
6
7
4
0
-5
-10
-13
-14
-19
-22
-28
-32
-34
-41
-43
-44
-48
-53
-57
-61
-61
-60
-60
-56
-53
-52
-51
-49
-44
-38
-34
-28
-21
-15
-11
-11
-9
-10
-13
-12
-12
-12
-10
-4
-3
-2
-1
2
6
10
15
20
28
36
41
43
42
42
43
46
45
43
46
46
46
45
44
44
46
47
48
48
50
54
53
47
38
36
34
30
25
23
19
17
17
15
14
12
12
12
9
6
2
-3
-5
-9
-12
-16
-22
-30
-37
-46
-54
-53
-55
-54
-55
-58
-56
-57
-60
-60
-60
-57
-57
-53
-54
-54
-54
-54
-54
-54
-53
-52
-49
-46
-42
-35
-28
-21
-14
-10
-6
-5
-5
-4
2
6
10
12
19
22
21
21
24
34
41
47
51
53
58
61
66
68
66
65
63
62
59
61
63
64
62
59
57
54
52
51
47
42
41
39
35
29
24
17
11
6
1
-6
-10
-13
-15
-16
-19
-22
-25
-29
-35
-39
-43
-45
-46
-52
-54
-59
-62
-66
-66
-63
-58
-54
-50
-48
-47
-47
-45
-46
-48
-50
-51
-52
-47
-38
-33
-29
-25
-20
-13
-6
-1
1
6
10
15
16
16
17
18
17
16
17
19
21
25
26
28
32
34
39
39
38
40
39
39
42
40
41
40
37
33
28
24
21
22
24
25
26
27
25
24
24
22
21
19
15
9
1
-2
-7
-11
-11
-13
-15
-15
-14
-15
-14
-14
-14
-17
-18
-18
-19
-22
-26
-28
-31
-32
-28
-29
-26
-24
-24
-23
-20
-19
-19
-16
-15
-16
-16
-15
-16
-18
-20
-20
-19
-14
-10
-7
-4
2
5
7
10
12
8
8
9
10
10
10
8
6
3
5
