-1
1
0
-2
-2
-3
-3
-1
-3
-5
-7
-10
-12
-10
-8
-5
-1
3
8
13
16
17
17
14
7
4
0
-2
-3
-3
-1
0
1
2
3
4
4
2
6
9
7
6
3
3
1
-1
-2
-6
-7
-8
-10
-8
-7
-5
-1
-1
1
3
4
5
5
5
0
-4
-4
-6
-9
-7
-2
-1
2
4
1
1
1
3
2
-1
-2
-4
-3
-3
-5
-6
-8
-6
-3
2
4
4
2
3
1
-1
-2
-2
-5
-7
-7
-4
2
5
10
8
8
9
11
10
8
10
12
10
8
6
2
-1
0
1
3
5
3
12
18
21
27
28
38
48
48
49
49
50
56
43
25
5
-14
-40
-69
-93
-128
-154
-194
-243
-260
-279
-292
-309
-360
-373
-371
-368
-344
-358
-355
-315
-275
-213
-163
-107
-29
43
104
160
227
275
318
354
376
431
481
507
540
552
595
648
640
630
609
592
599
556
503
460
417
402
382
355
346
329
313
293
252
207
148
78
12
-59
-128
-204
-269
-335
-382
-420
-465
-497
-516
-511
-498
-463
-399
-303
-196
-84
52
209
364
475
541
568
537
418
205
-65
-380
-753
-1181
-1610
-1986
-2305
-2575
-2769
-2844
-2807
-2688
-2491
-2197
-1830
-1436
-1047
-656
-264
95
401
662
898
1100
1249
1364
1483
1609
1717
1804
1903
2016
2109
2168
2209
2237
2227
2151
2024
1869
1683
1451
1183
916
671
435
216
42
-67
-129
-168
-168
-127
-74
-34
-12
9
5
-50
-143
-245
-355
-486
-630
-751
-845
-927
-998
-1039
-1046
-1045
-1050
-1050
-1032
-1013
-1010
-1009
-992
-961
-929
-888
-825
-748
-668
-589
-500
-395
-282
-164
-37
127
316
527
767
1032
1318
1589
1834
2029
2153
2183
2100
1900
1574
1133
590
-26
-683
-1352
-1993
-2568
-3046
-3406
-3631
-3713
-3653
-3464
-3165
-2779
-2327
-1835
-1330
-837
-370
61
447
782
1072
1321
1535
1715
1877
2023
2157
2282
2392
2495
2577
2634
2657
2643
2580
2461
2288
2063
1791
1480
1145
804
478
181
-71
-269
-402
-468
-476
-431
-346
-229
-106
14
116
186
225
221
176
93
-28
-178
-349
-530
-716
-896
-1069
-1218
-1348
-1449
-1522
-1567
-1583
-1580
-1551
-1507
-1442
-1367
-1281
-1191
-1089
-983
-885
-796
-718
-634
-566
-500
-432
-335
-207
-51
159
429
757
1105
1458
1801
2124
2368
2498
2500
2372
2092
1644
1069
412
-290
-1040
-1783
-2454
-3001
-3422
-3710
-3822
-3761
-3548
-3236
-2821
-2304
-1729
-1164
-628
-105
394
829
1186
1515
1812
2061
2232
2380
2538
2672
2759
2808
2869
2909
2907
2859
2802
2720
2574
2367
2119
1851
1540
1192
829
480
149
-157
-411
-598
-712
-775
-780
-730
-630
-508
-379
-251
-141
-56
-21
-18
-63
-149
-286
-462
-655
-870
-1087
-1306
-1498
-1670
-1812
-1927
-2002
-2033
-2035
-2006
-1954
-1874
-1797
-1712
-1624
-1516
-1405
-1288
-1175
-1064
-948
-830
-680
-524
-341
-152
79
340
662
1043
1463
1893
2279
2651
2954
3194
3289
3234
3011
2620
2070
1377
635
-166
-974
-1798
-2518
-3090
-3494
-3733
-3810
-3683
-3422
-3047
-2604
-2051
-1452
-882
-375
99
567
952
1278
1538
1804
1998
2134
2244
2361
2494
2561
2620
2674
2744
2772
2771
2756
2713
2604
2395
2137
1818
1449
1004
538
66
-396
-809
-1161
-1387
-1527
-1576
-1527
-1380
-1143
-876
-577
-277
-8
200
332
404
398
308
136
-85
-344
-619
-908
-1173
-1398
-1595
-1741
-1862
-1912
-1934
-1924
-1891
-1865
-1812
-1778
-1722
-1674
-1621
-1552
-1472
-1384
-1292
-1181
-1047
-891
-754
-566
-356
-86
209
547
983
1454
1968
2442
2920
3356
3686
3868
3879
3740
3408
2872
2167
1388
534
-373
-1300
-2126
-2779
-3309
-3694
-3891
-3849
-3654
-3379
-2990
-2475
-1897
-1378
-905
-418
51
424
701
969
1239
1439
1556
1679
1841
1991
2085
2196
2360
2522
2642
2736
2848
2919
2884
2768
2596
2352
1978
1512
1014
487
-70
-620
-1070
-1409
-1657
-1789
-1759
-1583
-1322
-1006
-629
-218
139
409
601
722
732
610
404
155
-138
-484
-829
-1128
-1381
-1604
-1781
-1883
-1925
-1940
-1941
-1907
-1853
-1819
-1806
-1794
-1774
-1763
-1762
-1738
-1682
-1594
-1492
-1361
-1189
-987
-778
-560
-307
-3
337
704
1133
1635
2189
2721
3221
3701
4101
4340
4378
4260
3981
3477
2750
1905
1016
47
-993
-1980
-2797
-3476
-4054
-4454
-4580
-4478
-4273
-3953
-3455
-2826
-2196
-1618
-1014
-387
170
594
953
1313
1616
1802
1916
2057
2209
2316
2383
2504
2690
2872
3016
3153
3317
3417
3391
3260
3053
2739
2261
1670
1035
377
-310
-973
-1516
-1920
-2198
-2346
-2312
-2112
-1811
-1457
-1055
-621
-230
67
279
416
444
343
157
-71
-338
-656
-973
-1246
-1471
-1667
-1822
-1904
-1935
-1946
-1944
-1915
-1872
-1848
-1841
-1836
-1827
-1818
-1805
-1762
-1678
-1549
-1376
-1169
-926
-642
-322
4
331
682
1069
1463
1850
2286
2782
3269
3671
4025
4358
4589
4616
4445
4151
3692
2989
2092
1155
205
-835
-1928
-2886
-3614
-4208
-4699
-4968
-4931
-4718
-4444
-4028
-3394
-2666
-2024
-1424
-752
-65
471
856
1227
1580
1797
1867
1944
2073
2156
2160
2188
2336
2494
2604
2703
2861
2991
2986
2897
2749
2520
2111
1583
1023
428
-214
-869
-1399
-1800
-2097
-2273
-2265
-2069
-1777
-1420
-987
-483
-19
350
640
863
978
924
759
524
235
-135
-540
-913
-1240
-1532
-1788
-1960
-2052
-2086
-2104
-2081
-2038
-2006
-2000
-2020
-2022
-2041
-2046
-2025
-1935
-1761
-1532
-1218
-840
-408
33
487
928
1332
1682
1994
2293
2536
2764
3002
3279
3512
3669
3833
3970
3999
3829
3545
3176
2630
1860
983
120
-800
-1817
-2806
-3571
-4152
-4651
-4996
-5039
-4813
-4513
-4140
-3572
-2842
-2159
-1602
-1025
-388
148
500
790
1123
1401
1524
1596
1755
1934
2012
2033
2142
2330
2453
2511
2598
2729
2769
2668
2540
2369
2081
1618
1099
594
30
-567
-1107
-1500
-1786
-1979
-1991
-1815
-1527
-1189
-769
-259
219
579
856
1087
1205
1146
972
762
489
110
-312
-667
-965
-1280
-1583
-1799
-1911
-2001
-2088
-2118
-2089
-2061
-2064
-2049
-1983
-1903
-1818
-1693
-1501
-1265
-986
-625
-193
253
672
1082
1475
1812
2062
2241
2361
2382
2324
2257
2244
2245
2209
2155
2151
2194
2210
2151
2036
1853
1520
1043
466
-131
-823
-1652
-2488
-3226
-3799
-4309
-4702
-4859
-4799
-4592
-4311
-3843
-3197
-2537
-1929
-1330
-657
-11
484
915
1342
1718
1968
2110
2312
2491
2577
2598
2619
2725
2737
2718
2702
2675
2630
2432
2282
2096
1834
1504
1074
749
362
11
-287
-527
-625
-714
-636
-457
-190
106
371
672
908
1070
1119
1080
942
692
360
3
-354
-739
-1104
-1441
-1695
-1920
-2109
-2261
-2399
-2500
-2621
-2692
-2760
-2811
-2854
-2881
-2828
-2745
-2559
-2321
-1996
-1606
-1161
-614
-58
530
1051
1522
1920
2197
2400
2475
2468
2345
2151
1972
1828
1741
1649
1580
1589
1681
1793
1868
1911
1905
1779
1486
1099
665
110
-633
-1466
-2212
-2842
-3438
-3962
-4282
-4369
-4322
-4170
-3817
-3273
-2683
-2131
-1542
-856
-166
425
955
1477
1963
2336
2603
2822
2969
3017
2969
2890
2787
2633
2460
2286
2126
1944
1753
1576
1395
1194
966
743
513
279
61
-102
-200
-249
-234
-168
-42
116
300
487
628
694
683
621
487
284
2
-319
-661
-1015
-1332
-1606
-1824
-2011
-2178
-2284
-2342
-2376
-2420
-2457
-2482
-2522
-2573
-2588
-2550
-2473
-2355
-2158
-1854
-1502
-1096
-620
-59
497
1002
1449
1878
2198
2388
2476
2455
2369
2142
1909
1712
1559
1447
1385
1392
1519
1680
1847
2046
2141
2180
2044
1754
1381
844
183
-610
-1489
-2288
-3025
-3701
-4246
-4621
-4756
-4695
-4529
-4137
-3584
-2933
-2240
-1559
-783
-11
645
1208
1706
2124
2437
2575
2655
2682
2591
2438
2251
2106
1972
1818
1692
1621
1581
1554
1536
1505
1464
1354
1199
1037
847
666
506
394
340
331
392
498
611
722
821
861
848
762
606
387
94
-202
-500
-777
-1031
-1282
-1507
-1700
-1879
-2015
-2111
-2224
-2349
-2482
-2582
-2641
-2712
-2750
-2751
-2704
-2569
-2386
-2111
-1770
-1398
-1002
-540
4
572
1070
1475
1818
2041
2162
2162
2074
1924
1672
1404
1201
1098
1083
1109
1247
1479
1758
2018
2209
2322
2269
2010
1588
1084
460
-328
-1248
-2128
-2892
-3607
-4238
-4671
-4841
-4846
-4755
-4440
-3855
-3143
-2423
-1648
-762
130
862
1450
1994
2431
2667
2723
2737
2737
2645
2470
2324
2238
2160
2082
2046
2073
2089
2058
1999
1919
1797
1624
1426
1229
1022
818
648
513
399
337
361
435
502
561
641
707
717
675
596
458
230
-64
-363
-651
-970
-1319
-1635
-1900
-2144
-2362
-2512
-2605
-2695
-2796
-2871
-2899
-2916
-2953
-2974
-2928
-2815
-2652
-2414
-2082
-1698
-1287
-819
-269
287
752
1141
1474
1736
1887
1911
1892
1809
1634
1471
1384
1431
1511
1551
1718
1952
2186
2358
2431
2503
2399
2039
1600
1083
475
-329
-1277
-2073
-2795
-3521
-4104
-4463
-4523
-4475
-4358
-3932
-3300
-2620
-1965
-1308
-516
203
748
1284
1768
2154
2377
2481
2643
2728
2681
2623
2572
2552
2493
2420
2437
2428
2352
2280
2206
2117
1907
1606
1336
1027
659
296
-2
-193
-366
-485
-447
-308
-128
54
261
491
618
632
617
572
440
161
-178
-491
-839
-1231
-1619
-1922
-2183
-2471
-2713
-2835
-2875
-2946
-3029
-3054
-3019
-2990
-2952
-2834
-2679
-2511
-2330
-2017
-1627
-1217
-748
-254
311
771
1190
1578
1865
2029
2034
2041
1989
1928
1877
1929
2084
2125
2238
2353
2588
2744
2723
2709
2533
2259
1769
1226
586
-238
-1198
-2119
-2843
-3527
-4084
-4511
-4623
-4568
-4454
-4113
-3592
-2893
-2234
-1527
-687
151
855
1425
1968
2383
2578
2570
2595
2600
2508
2402
2346
2423
2457
2450
2527
2603
2626
2566
2422
2272
1965
1548
1148
697
235
-283
-733
-1020
-1261
-1410
-1392
-1217
-937
-665
-347
80
464
748
913
1027
1062
922
655
326
-51
-514
-1034
-1547
-1965
-2311
-2571
-2757
-2857
-2873
-2887
-2883
-2895
-2853
-2787
-2730
-2648
-2532
-2288
-2013
-1668
-1277
-855
-395
-1
447
889
1302
1661
1915
2112
2275
2347
2428
2546
2610
2760
2770
2856
2998
3037
3128
2999
2867
2626
2165
1645
1025
334
-452
-1375
-2241
-2930
-3625
-4175
-4603
-4805
-4738
-4656
-4303
-3754
-3099
-2403
-1772
-1027
-280
307
802
1272
1672
1975
2108
2247
2388
2381
2362
2361
2404
2423
2385
2434
2539
2546
2504
2425
2291
2057
1647
1239
800
251
-322
-869
-1277
-1598
-1841
-1893
-1750
-1464
-1051
-536
53
651
1104
1473
1713
1782
1724
1494
1183
764
244
-301
-838
-1377
-1897
-2298
-2588
-2721
-2809
-2825
-2703
-2609
-2511
-2486
-2447
-2352
-2299
-2214
-2100
-1926
-1717
-1465
-1122
-700
-245
216
735
1261
1724
2083
2350
2580
2704
2803
2863
2998
3100
3135
3242
3259
3315
3146
2879
2591
2065
1478
744
2
-780
-1717
-2599
-3300
-3906
-4425
-4784
-4923
-4763
-4601
-4314
-3796
-3222
-2576
-2030
-1376
-644
-46
441
865
1265
1573
1760
1914
2148
2336
2462
2556
2668
2819
2915
3008
3083
3112
3012
2803
2516
2122
1646
1054
437
-203
-846
-1404
-1849
-2137
-2275
-2246
-2010
-1568
-1006
-338
388
1120
1791
2299
2689
2859
2810
2515
2024
1457
754
22
-682
-1322
-1866
-2345
-2659
-2793
-2845
-2843
-2799
-2696
-2564
-2473
-2407
-2329
-2307
-2292
-2284
-2253
-2113
-1985
-1729
-1422
-1033
-512
-17
582
1095
1609
2074
2449
2802
3096
3382
3585
3702
3697
3738
3658
3512
3204
2762
2338
1680
992
253
-487
-1265
-2209
-3038
-3652
-4133
-4556
-4829
-4840
-4544
-4231
-3834
-3232
-2623
-2024
-1644
-1169
-589
-123
250
549
937
1322
1586
1858
2190
2499
2759
2960
3195
3473
3602
3715
3742
3669
3510
3116
2738
2157
1469
719
-116
-883
-1701
-2382
-2853
-3165
-3238
-3077
-2646
-1961
-1162
-238
761
1635
2383
2898
3206
3326
3099
2697
2058
1341
616
-154
-842
-1512
-2025
-2371
-2595
-2677
-2677
-2572
-2405
-2257
-2107
-1975
-1894
-1858
-1966
-2085
-2180
-2259
-2268
-2281
-2133
-1873
-1504
-995
-437
226
856
1480
2136
2704
3257
3714
4114
4495
4624
4691
4618
4395
4051
3410
2734
1931
975
34
-947
-1850
-2739
-3645
-4269
-4678
-4942
-5024
-4976
-4604
-4114
-3670
-3099
-2558
-2001
-1580
-1281
-887
-572
-344
-123
130
453
770
1062
1519
1941
2338
2788
3250
3777
4100
4318
4533
4618
4507
4154
3649
3026
2177
1130
117
-913
-1901
-2814
-3498
-3786
-3897
-3725
-3224
-2396
-1365
-318
785
1880
2794
3411
3802
3947
3845
3394
2709
1943
1058
143
-737
-1466
-2040
-2503
-2774
-2792
-2657
-2438
-2173
-1871
-1572
-1416
-1341
-1332
-1441
-1686
-2054
-2369
-2619
-2821
-2912
-2856
-2600
-2242
-1727
-1029
-195
633
1438
2262
3108
3905
4544
5092
5398
5542
5445
5172
4716
3925
3000
1865
701
-506
-1692
-2759
-3769
-4604
-5186
-5450
-5493
-5339
-5011
-4428
-3766
-3128
-2464
-1863
-1308
-1036
-872
-701
-587
-543
-609
-503
-248
70
438
960
1650
2384
3100
3844
4619
5232
5668
5906
5981
5803
5300
4575
3579
2379
1037
-282
-1498
-2680
-3675
-4338
-4591
-4500
-4108
-3344
-2297
-1132
91
1354
2563
3501
4033
4282
4264
3946
3308
2419
1458
437
-560
-1420
-2066
-2498
-2733
-2773
-2585
-2272
-1898
-1507
-1189
-976
-978
-1094
-1348
-1744
-2283
-2868
-3352
-3766
-4071
-4247
-4131
-3790
-3266
-2579
-1685
-609
483
1611
2726
3871
4841
5616
6143
6439
6507
6207
5656
4797
3773
2534
1146
-231
-1534
-2684
-3747
-4607
-5160
-5351
-5298
-5031
-4551
-3889
-3144
-2474
-1817
-1231
-774
-562
-561
-625
-717
-847
-1009
-1065
-962
-681
-250
406
1281
2242
3221
4175
5130
5960
6546
6829
6810
6473
5837
4951
3811
2476
983
-462
-1771
-2925
-3853
-4482
-4718
-4630
-4214
-3471
-2441
-1307
-208
841
1811
2592
3032
3157
3023
2653
2051
1310
545
-215
-938
-1541
-1913
-2053
-2013
-1843
-1579
-1268
-965
-721
-570
-570
-766
-1122
-1593
-2111
-2658
-3193
-3683
-4073
-4291
-4326
-4147
-3753
-3125
-2339
-1444
-460
596
1690
2777
3885
4909
5754
6331
6675
6790
6610
6124
5307
4238
2932
1507
119
-1144
-2314
-3463
-4415
-5007
-5220
-5189
-4927
-4407
-3746
-3113
-2543
-1938
-1368
-1008
-951
-1022
-1072
-1128
-1227
-1261
-1077
-752
-352
198
1019
2014
2964
3826
4631
5353
5874
6163
6225
6000
5421
4541
3503
2342
1075
-227
-1430
-2477
-3353
-3924
-4113
-3961
-3597
-3040
-2242
-1331
-474
273
958
1537
1852
1895
1789
1587
1235
768
334
-2
-294
-537
-639
-574
-420
-266
-130
-48
-73
-176
-327
-551
-932
-1443
-1959
-2422
-2862
-3273
-3552
-3687
-3725
-3655
-3380
-2915
-2399
-1888
-1315
-617
76
704
1330
2111
2991
3790
4476
5083
5642
5970
5998
5760
5259
4423
3226
1900
588
-731
-2146
-3500
-4540
-5196
-5557
-5673
-5448
-4940
-4263
-3541
-2741
-1941
-1330
-944
-724
-535
-455
-493
-546
-481
-280
16
444
1065
1832
2612
3393
4131
4782
5206
5387
5379
5136
4619
3832
2888
1832
699
-429
-1402
-2189
-2775
-3104
-3130
-2865
-2435
-1840
-1117
-380
243
711
1063
1241
1164
911
610
305
-8
-291
-382
-322
-216
-67
162
498
756
861
855
701
387
-134
-737
-1307
-1923
-2487
-2938
-3168
-3205
-3176
-2946
-2617
-2235
-1891
-1585
-1206
-940
-821
-812
-808
-793
-761
-576
2
814
1731
2693
3687
4753
5479
5938
6041
5771
5031
3763
2342
826
-766
-2436
-3952
-5077
-5722
-5989
-5754
-5084
-4156
-3164
-2292
-1356
-590
-115
-8
-174
-415
-749
-1042
-1123
-946
-537
64
882
1983
3158
4241
5105
5650
5861
5653
5099
4280
3179
1905
578
-603
-1520
-2164
-2451
-2418
-2130
-1631
-968
-206
494
988
1295
1402
1279
914
401
-106
-618
-1109
-1463
-1537
-1338
-997
-536
96
816
1386
1697
1782
1679
1292
596
-234
-1090
-1915
-2696
-3235
-3433
-3333
-3063
-2661
-2118
-1559
-992
-524
-111
7
-126
-404
-738
-1093
-1578
-1913
-2107
-2016
-1652
-761
541
1944
3169
4184
5122
5655
5729
5171
4244
2854
1138
-518
-1817
-2748
-3636
-4303
-4461
-3985
-3221
-2290
-1223
-230
320
298
118
-136
-677
-1619
-2610
-3170
-3243
-2851
-1897
-386
1360
3016
4535
5972
7017
7314
6816
5758
4297
2550
737
-794
-1963
-2865
-3336
-3243
-2513
-1535
-506
467
1280
1798
1949
1845
1489
887
99
-633
-1158
-1412
-1418
-1163
-682
-136
380
850
1251
1401
1175
707
175
-359
-948
-1474
-1846
-2062
-2178
-2141
-1890
-1555
-1243
-1050
-885
-799
-818
-949
-1104
-1196
-1279
-1287
-1200
-966
-696
-386
-27
312
543
564
497
403
410
648
1095
1658
2144
2561
2922
3141
3086
2659
1923
866
-346
-1477
-2271
-2783
-3223
-3524
-3499
-3013
-2242
-1303
-325
475
798
657
319
-84
-640
-1430
-2164
-2545
-2393
-1712
-519
1075
2728
4133
5178
5921
6245
5950
4938
3376
1571
-173
-1602
-2561
-3050
-3160
-2934
-2370
-1486
-451
487
1090
1280
1171
931
671
389
115
-68
-78
120
536
1134
1715
2036
1968
1634
1172
642
16
-674
-1314
-1849
-2174
-2249
-2041
-1703
-1384
-1169
-1026
-947
-974
-1112
-1374
-1648
-1878
-1912
-1752
-1412
-1016
-528
5
521
878
1036
1033
828
476
0
-410
-759
-858
-623
159
1259
2400
3316
3872
4073
3690
2820
1447
-183
-1987
-3635
-4745
-5097
-4791
-4122
-3152
-1976
-693
404
1255
1779
1795
1167
50
-1069
-1924
-2475
-2720
-2485
-1692
-460
1066
2762
4401
5512
5853
5494
4742
3689
2387
1016
-233
-1205
-1811
-1843
-1328
-561
53
420
551
509
260
-162
-644
-1155
-1528
-1576
-1079
-115
993
1962
2697
3143
3259
3018
2486
1666
557
-631
-1561
-2009
-2020
-1753
-1343
-857
-442
-192
-174
-408
-906
-1648
-2422
-2995
-3227
-3062
-2556
-1798
-914
-47
780
1349
1553
1303
717
-78
-921
-1635
-2028
-2091
-1884
-1446
-840
134
1326
2697
3788
4411
4419
3809
2750
1388
-27
-1466
-2787
-3844
-4286
-4045
-3248
-2264
-1433
-885
-675
-677
-774
-855
-937
-1107
-1365
-1494
-1293
-720
88
870
1472
1841
2100
2400
2723
2972
2965
2687
2285
1998
1929
2017
2075
1931
1592
1163
847
638
442
112
-338
-753
-978
-896
-565
-124
199
363
504
791
1180
1447
1481
1284
966
615
357
275
248
99
-196
-434
-516
-467
-512
-689
-1033
-1483
-1930
-2323
-2556
-2718
-2791
-2770
-2544
-2070
-1400
-703
-85
334
519
547
362
165
-183
-597
-1010
-1335
-1367
-1204
-929
-659
-417
-258
86
532
1366
2241
2839
3031
2712
2201
1487
605
-381
-1309
-2147
-2601
-2642
-2140
-1361
-890
-764
-1024
-1319
-1481
-1472
-1222
-893
-720
-645
-455
-1
681
1141
1369
1345
1235
1265
1514
2027
2524
2718
2632
2497
2408
2372
2140
1692
1013
199
-382
-557
-324
19
251
414
590
767
991
1163
1165
901
460
232
333
595
831
891
761
443
-21
-333
-476
-656
-958
-1245
-1251
-977
-688
-476
-499
-900
-1611
-2384
-2826
-2935
-2885
-2692
-2278
-1551
-628
293
1032
1326
1134
549
-115
-603
-937
-1099
-1146
-1059
-754
-319
98
370
205
-165
-429
-430
163
890
1721
2218
2162
1725
1097
422
-280
-1111
-1875
-2204
-2215
-1739
-1082
-495
-208
-499
-933
-1103
-963
-621
-390
-326
-371
-561
-598
-291
134
488
539
556
851
1394
2110
2736
3026
2863
2243
1542
1081
812
582
298
69
123
421
927
1499
1822
1761
1305
817
650
711
863
973
1081
1242
1399
1574
1731
1610
1028
119
-747
-1220
-1367
-1317
-1206
-1149
-1172
-1255
-1261
-1228
-1323
-1689
-2214
-2638
-2730
-2460
-1947
-1432
-1063
-851
-687
-442
-186
77
202
201
136
133
285
454
465
209
-177
-693
-1066
-1363
-1354
-931
-301
692
1594
2378
2647
2225
1218
-47
-1266
-2192
-2666
-2760
-2284
-1670
-977
-402
-179
-250
-714
-1232
-1365
-1032
-291
602
1225
1488
1220
616
121
-248
-361
-319
-114
456
1221
2056
2763
2963
2566
1568
341
-550
-957
-885
-477
35
648
1185
1528
1742
1644
1278
756
312
381
923
1738
2579
3068
3189
2915
2334
1682
984
333
-239
-619
-656
-351
26
198
-1
-581
-1264
-1909
-2263
-2310
-2197
-2068
-1987
-1887
-1737
-1608
-1621
-1723
-1896
-1931
-1690
-1160
-388
326
808
995
891
626
311
-3
-324
-603
-875
-906
-843
-582
-43
527
1203
1481
1484
1165
507
-376
-1293
-2031
-2500
-2719
-2765
-2391
-1997
-1674
-1594
-1732
-1819
-1892
-1684
-987
74
1185
1994
2244
2044
1385
566
58
-31
404
1067
1790
2494
2948
3078
2802
2103
1134
70
-761
-988
-661
70
802
1176
1203
854
373
-5
-262
-237
40
562
1394
2328
3141
3584
3389
2758
1983
1328
1068
1076
1256
1374
1205
884
477
35
-473
-1094
-1642
-1934
-1950
-1650
-1230
-980
-1069
-1628
-2289
-2808
-3058
-2984
-2737
-2338
-1897
-1527
-1154
-757
-462
-221
-226
-276
-218
-107
151
331
299
29
-469
-908
-781
-186
852
1812
2239
2228
1601
676
-300
-1226
-1971
-2518
-2905
-2857
-2492
-2102
-1844
-2081
-2521
-2929
-3038
-2448
-1206
337
1670
2347
2343
1922
1294
832
701
961
1541
2201
2837
3342
3526
3232
2502
1541
645
46
-81
201
679
1085
1150
834
250
-378
-851
-1035
-887
-407
288
1090
1845
2316
2493
2316
1867
1362
1025
1016
1247
1550
1750
1672
1253
642
-39
-594
-930
-1080
-1056
-916
-705
-532
-505
-699
-1135
-1747
-2283
-2602
-2653
-2433
-2138
-1926
-1830
-1814
-1744
-1572
-1336
-972
-700
-490
-270
-163
-73
-94
-342
-648
-957
-1026
-505
463
1701
2577
2777
2413
1452
332
-538
-1091
-1341
-1457
-1574
-1507
-1503
-1702
-2129
-2848
-3427
-3728
-3416
-2234
-585
1002
1991
2075
1423
460
-292
-363
157
1137
2315
3277
3929
4079
3774
3090
2126
1211
619
516
844
1327
1670
1692
1211
378
-464
-1008
-1059
-719
-105
603
1162
1462
1493
1266
882
434
59
-14
231
656
1085
1277
1147
698
24
-598
-1000
-1123
-937
-604
-243
2
13
-135
-445
-822
-1196
-1483
-1578
-1496
-1302
-1116
-1065
-1182
-1394
-1576
-1578
-1431
-1120
-793
-563
-404
-451
-546
-672
-885
-1037
-1113
-1020
-523
281
1291
2255
2660
2520
1892
980
233
-280
-519
-499
-500
-562
-641
-880
-1242
-1787
-2473
-2933
-3007
-2561
-1588
-449
421
715
326
-396
-956
-1107
-654
274
1338
2297
2879
3000
2830
2408
1801
1231
798
716
994
1336
1592
1568
1164
505
-188
-595
-529
-116
411
903
1251
1399
1314
1070
818
609
485
459
575
768
869
753
382
-144
-657
-996
-1065
-865
-528
-182
69
139
73
-68
-227
-381
-534
-630
-627
-610
-636
-722
-857
-974
-1110
-1189
-1081
-835
-547
-349
-333
-461
-705
-986
-1148
-1172
-1079
-947
-828
-617
-258
273
912
1408
1571
1395
964
450
21
-278
-440
-490
-557
-615
-565
-532
-640
-939
-1386
-1721
-1798
-1611
-1139
-576
-208
-173
-478
-861
-1076
-1053
-685
-38
694
1355
1744
1862
1815
1611
1359
1159
1058
1104
1228
1371
1477
1446
1216
799
349
53
-2
198
567
982
1344
1543
1596
1564
1426
1213
947
656
427
256
129
10
-189
-444
-683
-850
-881
-807
-673
-526
-438
-426
-439
-439
-411
-365
-323
-272
-215
-186
-182
-200
-254
-351
-477
-582
-618
-622
-641
-710
-862
-1090
-1354
-1555
-1577
-1401
-1064
-650
-258
52
231
308
357
389
408
370
268
154
39
-39
-64
-87
-125
-186
-234
-199
-115
-48
-69
-236
-479
-692
-753
-610
-382
-188
-135
-228
-364
-448
-390
-208
-17
118
173
201
299
471
705
905
967
930
845
814
893
987
1039
970
785
636
586
681
879
1043
1176
1266
1337
1441
1482
1383
1102
645
203
-92
-200
-147
-96
-132
-252
-459
-628
-716
-751
-723
-693
-648
-530
-390
-251
-186
-257
-383
-523
-574
-445
-206
65
225
186
14
-241
-523
-795
-1076
-1337
-1544
-1659
-1634
-1491
-1278
-1044
-796
-482
-106
265
523
554
359
21
-310
-457
-385
-149
156
395
571
686
724
696
541
292
63
-65
12
248
479
605
563
413
286
201
169
145
54
-43
-123
-174
-192
-269
-396
-511
-576
-513
-348
-154
30
127
134
88
1
-52
-32
77
299
571
831
1055
1206
1313
1370
1329
1221
1053
865
712
560
412
241
10
-208
-360
-390
-301
-212
-180
-206
-270
-301
-319
-334
-323
-297
-225
-101
40
163
196
130
43
-8
5
34
1
-106
-280
-503
-748
-998
-1203
-1323
-1358
-1317
-1207
-1042
-843
-639
-441
-264
-121
-41
-34
-52
-51
-10
80
197
346
472
509
464
370
294
247
190
152
184
291
454
585
642
603
434
224
89
88
193
281
297
257
161
29
-122
-285
-432
-564
-638
-605
-481
-334
-237
-226
-275
-351
-378
-294
-96
177
458
712
913
1031
1077
1076
1047
992
917
843
762
637
446
202
-40
-233
-356
-404
-405
-409
-477
-616
-764
-841
-812
-692
-523
-331
-128
71
251
387
449
416
319
241
255
353
459
480
373
161
-102
-353
-558
-724
-882
-1032
-1130
-1121
-1000
-813
-600
-377
-155
39
186
277
294
216
74
-37
-27
95
236
312
299
211
83
-11
-1
106
234
313
348
378
404
380
274
134
28
3
61
176
297
342
244
44
-160
-298
-379
-443
-492
-511
-501
-467
-397
-294
-206
-173
-170
-128
4
215
454
659
798
848
818
745
679
661
690
723
725
677
555
362
120
-134
-364
-549
-674
-731
-727
-709
-721
-755
-773
-734
-628
-485
-350
-256
-201
-159
-97
8
158
349
554
752
899
946
869
666
374
55
-231
-435
-546
-592
-609
-613
-597
-534
-415
-269
-138
-70
-70
-98
-104
-64
8
73
106
119
120
120
128
130
109
57
-16
-78
-101
-84
-50
-11
24
51
92
163
264
357
414
427
405
357
276
176
80
-3
-77
-151
-231
-316
-396
-450
-459
-448
-443
-424
-352
-221
-60
113
312
512
651
692
689
704
734
742
731
720
676
532
316
133
23
-73
-190
-283
-315
-347
-443
-553
-604
-614
-658
-716
-689
-557
-407
-316
-262
-206
-176
-184
-146
11
244
421
461
405
315
201
65
-34
-74
-114
-211
-320
-357
-330
-329
-380
-410
-360
-271
-198
-117
-6
90
107
73
80
143
209
247
290
338
322
197
24
-97
-133
-132
-116
-72
-5
28
16
28
114
234
308
335
383
478
566
602
598
588
544
439
311
208
113
-34
-221
-364
-416
-415
-412
-388
-313
-212
-123
-31
106
268
386
434
475
554
639
659
587
444
256
58
-107
-205
-280
-403
-580
-717
-732
-647
-558
-549
-624
-737
-826
-832
-741
-599
-475
-393
-307
-161
13
136
177
176
160
116
40
-23
-28
-8
-19
-65
-106
-149
-225
-311
-302
-158
44
201
291
353
381
355
311
308
346
376
394
459
586
698
710
622
477
306
133
23
18
58
45
-33
-106
-138
-164
-211
-229
-179
-99
-33
55
215
387
457
409
344
337
349
325
282
241
162
13
-149
-250
-287
-329
-398
-444
-430
-365
-275
-168
-63
-13
-10
6
88
203
272
274
243
178
51
-119
-257
-333
-394
-490
-583
-604
-553
-501
-488
-496
-493
-498
-515
-488
-359
-156
36
158
206
208
177
121
68
45
41
33
5
-44
-101
-147
-180
-223
-302
-402
-456
-411
-275
-83
123
294
374
367
344
388
506
646
766
852
907
935
950
931
827
625
381
191
114
144
221
266
219
97
-43
-154
-225
-258
-252
-232
-217
-191
-122
-32
15
-1
-36
-53
-72
-100
-104
-70
-59
-118
-200
-227
-209
-228
-307
-375
-393
-413
-465
-467
-353
-194
-105
-67
27
165
215
138
44
19
-11
-119
-237
-280
-301
-411
-562
-593
-488
-402
-415
-410
-291
-142
-66
10
191
380
391
260
203
300
408
429
460
559
605
499
338
247
163
-43
-314
-477
-505
-504
-510
-434
-280
-173
-169
-157
-24
176
336
426
508
614
705
751
763
780
800
758
639
526
489
465
333
124
-33
-116
-223
-372
-433
-378
-351
-415
-448
-365
-279
-308
-401
-444
-440
-456
-460
-366
-209
-120
-143
-166
-107
-28
-32
-106
-146
-139
-159
-219
-222
-126
-24
-17
-58
-7
161
334
427
475
524
534
451
306
174
60
-96
-303
-458
-459
-356
-281
-282
-282
-234
-183
-160
-134
-66
16
67
118
216
334
409
451
505
555
550
509
481
466
391
210
-2
-152
-256
-396
-559
-645
-615
-559
-558
-589
-567
-492
-425
-355
-220
-7
207
349
437
516
598
638
590
479
382
346
347
335
304
253
162
33
-91
-157
-159
-137
-129
-130
-142
-178
-240
-300
-344
-387
-418
-404
-324
-212
-120
-68
-43
-31
-40
-62
-72
-61
-37
-17
2
17
17
15
30
83
165
264
390
529
630
628
525
400
311
224
78
-101
-220
-236
-222
-257
-328
-380
-415
-470
-532
-520
-391
-217
-99
-57
-36
10
67
105
148
218
317
412
471
481
449
376
278
162
32
-95
-177
-187
-172
-219
-359
-514
-602
-615
-594
-539
-403
-184
37
163
194
209
265
329
348
341
377
455
497
450
374
339
311
219
94
40
81
126
123
102
88
26
-109
-244
-291
-280
-301
-337
-322
-256
-217
-245
-280
-274
-251
-241
-220
-157
-100
-98
-134
-149
-132
-118
-95
-21
101
212
277
336
411
466
456
396
334
284
244
206
156
71
-42
-144
-200
-229
-269
-316
-339
-342
-357
-377
-344
-244
-130
-70
-59
-48
-3
88
204
316
385
409
417
428
423
387
333
284
221
105
-44
-158
-217
-269
-359
-460
-516
-508
-460
-377
-264
-160
-114
-124
-131
-88
3
114
218
302
339
329
308
314
338
345
324
285
232
177
137
127
135
119
66
14
0
11
1
-51
-120
-181
-254
-343
-419
-428
-362
-274
-206
-165
-147
-154
-194
-243
-264
-244
-205
-165
-117
-43
47
139
222
285
312
296
265
264
300
333
315
232
110
-22
-123
-160
-151
-141
-176
-239
-276
-273
-250
-228
-201
-164
-135
-107
-42
80
210
278
277
270
296
355
418
474
512
498
416
307
223
169
94
-26
-163
-270
-336
-368
-368
-340
-308
-302
-305
-282
-234
-195
-178
-158
-109
-44
20
83
153
211
238
235
230
224
201
157
121
112
109
90
52
16
-11
-40
-66
-75
-71
-75
-97
-132
-167
-203
-249
-288
-301
-302
-303
-303
-283
-234
-185
-162
-156
-147
-125
-101
-63
2
87
169
239
305
375
433
458
455
428
382
320
248
186
118
35
-40
-90
-127
-180
-245
-274
-259
-229
-206
-177
-120
-62
-36
-24
14
85
153
196
240
307
379
427
446
453
437
378
281
181
94
-1
-102
-182
-222
-237
-254
-263
-247
-222
-222
-248
-265
-259
-263
-284
-292
-264
-217
-179
-150
-94
-20
35
55
63
83
87
55
10
-15
-17
-25
-37
-24
6
19
-1
-26
-29
-32
-51
-77
-87
-85
-95
-110
-101
-72
-56
-58
-53
-30
-15
-24
-28
-2
29
34
37
85
171
241
272
306
369
416
405
366
345
336
288
194
111
77
47
-18
-93
-131
-143
-177
-231
-264
-253
-242
-264
-285
-267
-217
-168
-123
-49
60
174
264
330
395
456
480
458
407
351
288
207
102
-6
-94
-165
-233
-291
-323
-329
-329
-342
-358
-357
-345
-348
-364
-369
-346
-296
-241
-180
-109
-33
26
56
81
113
141
136
97
57
29
4
-31
-54
-52
-34
-18
-1
40
90
119
107
82
62
42
6
-22
-31
-29
-29
-33
-24
3
30
42
49
65
92
117
146
186
231
268
291
307
327
346
355
349
331
305
272
234
187
133
75
8
-71
-156
-236
-297
-347
-388
-418
-435
-437
-429
-413
-387
-343
-286
-220
-144
-60
35
130
209
267
304
326
326
303
262
214
171
120
58
-2
-61
-112
-167
-221
-260
-284
-302
-316
-318
-303
-278
-250
-211
-153
-83
-9
55
113
170
210
224
223
209
193
169
141
118
101
92
81
70
60
55
49
42
37
35
36
39
42
42
40
37
25
9
-11
-36
-66
-98
-130
-154
-163
-160
-142
-111
-63
-11
33
74
114
149
172
188
201
212
216
207
192
171
143
101
53
0
-55
-105
-155
-199
-225
-246
-258
-266
-269
-259
-242
-217
-183
-135
-72
-11
45
90
128
163
184
199
207
207
199
172
135
93
52
6
-43
-84
-123
-148
-170
-184
-184
-172
-155
-133
-115
-94
-69
-42
-12
17
47
78
104
127
141
151
155
156
155
147
136
117
96
72
44
17
-5
-19
-34
-46
-56
-57
-53
-45
-31
-18
-8
-1
7
10
9
-2
-19
-37
-53
-69
-89
-108
-118
-120
-115
-102
-81
-52
-25
-1
22
51
80
104
118
124
124
116
100
79
56
32
3
-27
-56
-83
-107
-124
-135
-138
-133
-122
-107
-88
-61
-27
13
55
95
134
166
195
213
225
228
219
202
175
142
104
62
20
-22
-63
-99
-130
-151
-162
-166
-163
-156
-145
-130
-114
-95
-75
-53
-35
-19
-4
6
18
27
33
32
26
20
10
3
-5
-13
-20
-28
-34
-35
-32
-32
-32
-28
-23
-18
-10
0
10
17
22
25
25
26
23
17
11
3
-7
-12
-16
-15
-11
-9
-3
8
19
32
47
67
83
95
107
115
121
124
123
118
107
90
66
41
12
-14
-42
-71
-92
-111
-123
-128
-126
-118
-104
-86
-62
-32
1
34
66
101
129
150
161
164
158
142
119
85
44
3
-42
-83
-122
-153
-176
-195
-204
-199
-191
-177
-160
-137
-112
-86
-62
-39
-17
3
21
34
41
42
39
31
22
9
-3
-11
-19
-25
-28
-28
-25
-18
-10
-2
9
23
37
50
61
69
74
81
83
84
83
80
78
72
68
63
55
51
49
47
49
52
58
64
72
79
85
86
87
85
78
70
59
46
30
12
-11
-31
-51
-72
-90
-103
-115
-125
-132
-132
-130
-125
-117
-108
-95
-79
-58
-37
-12
12
33
53
65
72
75
74
66
53
34
11
-11
-34
-57
-79
-98
-113
-121
-126
-126
-121
-109
-93
-74
-56
-37
-18
2
20
35
50
64
71
76
78
77
73
68
61
51
41
34
28
22
17
12
10
9
8
4
3
0
0
1
6
11
17
21
23
26
25
23
19
15
7
-1
-5
-6
-2
5
13
26
39
50
62
75
87
94
97
96
92
81
67
49
27
3
-21
-46
-68
-88
-106
-117
-128
-135
-137
-135
-126
-114
-98
-81
-63
-40
-19
4
27
42
57
70
76
75
72
63
54
40
24
7
-10
-25
-40
-53
-63
-67
-68
-65
-58
-50
-41
-30
-20
-11
1
10
16
23
29
34
38
37
32
26
17
10
0
-6
-9
-11
-10
-8
-4
2
8
15
20
25
29
33
34
37
36
30
27
22
17
10
3
-4
-10
-17
-21
-22
-24
-23
-19
-12
-4
7
20
30
43
53
58
65
68
69
67
61
51
40
26
10
-6
-26
-45
-62
-81
-95
-107
-116
-122
-125
-122
-117
-106
-87
-66
-40
-14
12
38
63
83
99
108
113
112
109
100
87
72
56
39
22
2
-15
-31
-40
-45
-48
-50
-50
-47
-41
-33
-26
-17
-9
0
4
9
9
8
5
-1
-5
-11
-19
-26
-32
-34
-34
-31
-29
-22
-14
-5
4
12
20
24
28
31
30
25
19
13
6
-1
-6
-13
-21
-29
-36
-42
-44
-46
-43
-38
-31
-18
-2
14
28
43
58
70
80
88
95
98
95
91
86
74
61
45
30
13
-3
-18
-31
-41
-51
-59
-65
-69
-66
-62
-56
-52
-44
-35
-26
-16
-6
2
9
14
19
22
23
23
20
19
13
7
2
-8
-13
-20
-25
-29
-31
-33
-33
-36
-37
-35
-31
-25
-21
-14
-8
-4
0
2
5
7
8
7
5
3
1
-1
-2
-3
-2
-2
1
4
9
11
13
15
17
17
19
21
24
24
23
21
18
14
12
6
1
-3
-6
-4
-4
-1
0
1
7
12
19
25
29
38
42
44
44
45
46
45
42
36
33
28
19
14
6
-1
-8
-15
-21
-27
-31
-33
-35
-36
-39
-39
-37
-37
-36
-33
-29
-28
-25
-24
-21
-20
-22
-25
-28
-30
-29
-28
-28
-27
-29
-27
-24
-20
-17
-16
-15
-12
-10
-10
-8
-5
-2
1
4
5
6
8
12
13
13
14
15
13
12
15
14
16
17
19
18
19
20
19
17
19
20
23
26
27
26
25
25
24
19
16
17
13
11
6
4
1
-2
-5
-6
-7
-5
-5
-4
-5
-4
-2
-2
0
-1
-1
1
2
3
2
2
1
0
0
-1
-5
-5
-7
-9
-9
-12
-12
-13
-15
-13
-13
-12
-11
-8
-9
-9
-9
-8
-10
-10
-10
-11
-10
-10
-10
-10
-11
-12
-12
-11
-6
-6
-5
-2
-2
1
1
1
3
4
6
7
8
8
9
10
9
10
11
11
12
