12
10
8
6
5
3
2
0
-3
-5
-5
-5
-7
-6
-9
-10
-12
-14
-15
-16
-19
-20
-23
-23
-24
-28
-27
-28
-29
-31
-31
-30
-30
-30
-29
-28
-29
-30
-29
-28
-27
-24
-21
-19
-18
-18
-17
-15
-14
-11
-7
-3
-1
1
1
2
5
8
9
15
22
27
36
43
44
43
38
39
35
34
33
31
31
29
30
31
31
30
27
25
20
16
11
7
4
-4
-9
-15
-21
-24
-27
-29
-30
-31
-29
-29
-27
-25
-24
-22
-18
-14
-7
-4
-1
3
4
9
14
16
19
20
19
18
19
19
18
17
16
16
16
19
19
17
13
8
6
5
5
5
5
5
5
4
4
3
0
-1
-2
-4
-6
-9
-12
-14
-14
-16
-16
-18
-21
-23
-25
-26
-26
-28
-30
-30
-31
-31
-28
-28
-27
-27
-25
-23
-21
-19
-18
-18
-17
-17
-16
-13
-10
-8
-7
-5
-3
0
4
6
8
9
11
14
17
20
25
32
40
49
54
55
51
44
39
37
37
38
37
36
34
34
34
35
33
27
18
10
6
3
-2
-7
-17
-27
-35
-38
-39
-41
-44
-47
-50
-49
-46
-44
-41
-38
-37
-30
-21
-14
-9
-4
-2
2
5
9
13
13
14
15
18
20
20
20
23
23
22
23
25
26
22
19
15
12
15
16
15
15
19
24
23
22
22
20
19
14
11
8
3
-2
-5
-11
-17
-23
-33
-45
-50
-56
-59
-69
-89
-97
-105
-107
-103
-109
-108
-106
-112
-114
-124
-128
-120
-120
-119
-125
-129
-116
-98
-83
-77
-86
-85
-76
-55
-27
-7
11
22
34
46
65
101
152
228
305
356
386
350
291
254
244
274
295
284
261
236
240
268
280
265
214
149
98
73
67
45
-11
-108
-207
-271
-293
-294
-306
-335
-365
-370
-341
-299
-271
-270
-281
-274
-230
-154
-75
-22
8
25
50
85
127
162
178
180
180
182
189
190
184
175
168
173
191
212
216
189
140
91
58
48
52
66
79
84
80
71
65
57
45
31
16
0
-20
-42
-58
-75
-90
-112
-142
-174
-205
-225
-236
-242
-248
-271
-305
-330
-336
-324
-307
-294
-282
-277
-274
-266
-255
-235
-215
-199
-182
-162
-139
-117
-97
-74
-46
-19
11
41
63
72
73
83
115
153
185
213
264
347
445
509
511
452
368
317
313
337
354
335
294
266
267
292
313
301
255
183
116
79
69
61
20
-67
-173
-249
-279
-283
-289
-315
-354
-377
-375
-349
-325
-319
-322
-313
-271
-204
-137
-82
-47
-24
0
31
64
93
114
124
125
131
141
151
157
152
143
134
133
142
146
132
103
72
47
32
31
40
51
60
64
58
47
38
29
21
15
8
-7
-27
-37
-41
-43
-51
-75
-103
-128
-137
-132
-135
-150
-184
-227
-255
-265
-259
-234
-217
-214
-224
-243
-247
-239
-229
-223
-232
-234
-210
-172
-130
-104
-105
-111
-102
-71
-37
-17
-11
-1
30
82
144
186
219
285
395
551
685
709
637
516
428
421
453
478
460
401
355
353
393
440
435
369
261
156
114
119
120
60
-82
-256
-393
-453
-474
-485
-518
-575
-609
-597
-547
-499
-489
-506
-505
-456
-344
-213
-103
-31
14
61
127
203
263
292
295
294
310
341
369
373
348
307
275
264
271
268
239
188
128
74
35
7
-15
-23
-12
6
18
9
-24
-56
-72
-74
-83
-112
-152
-184
-188
-167
-148
-152
-190
-242
-282
-293
-286
-285
-312
-361
-405
-417
-383
-337
-313
-319
-341
-353
-346
-335
-326
-321
-312
-285
-244
-199
-156
-124
-109
-112
-109
-84
-40
3
29
49
77
121
165
204
262
392
596
811
935
893
729
567
495
530
596
611
564
492
455
481
526
546
503
396
269
182
163
189
185
88
-94
-287
-411
-451
-451
-479
-538
-596
-602
-542
-470
-438
-472
-530
-535
-455
-315
-170
-72
-23
8
50
109
165
200
213
216
223
242
266
279
266
228
184
156
154
160
146
105
51
1
-29
-43
-53
-63
-63
-48
-31
-27
-33
-38
-38
-31
-27
-44
-74
-101
-110
-94
-63
-40
-40
-75
-120
-158
-173
-171
-176
-212
-264
-310
-322
-299
-273
-261
-272
-287
-285
-271
-259
-256
-266
-272
-264
-238
-199
-167
-137
-118
-103
-80
-45
-11
9
21
35
80
157
225
272
339
475
714
968
1092
1030
809
588
489
522
619
659
601
504
445
478
560
597
546
393
217
123
127
176
165
22
-225
-474
-632
-704
-740
-815
-931
-997
-959
-804
-637
-588
-662
-774
-805
-702
-500
-283
-106
25
139
251
348
410
418
383
340
329
365
438
510
543
522
463
392
334
294
264
230
186
144
106
85
77
71
60
42
7
-44
-84
-88
-45
13
33
-14
-108
-197
-235
-219
-195
-201
-247
-311
-350
-352
-335
-330
-366
-438
-519
-566
-556
-519
-499
-517
-543
-529
-461
-382
-359
-410
-478
-494
-429
-320
-229
-182
-166
-144
-93
-28
20
42
38
44
83
163
258
339
422
570
831
1163
1421
1458
1235
880
599
532
668
850
909
831
718
686
749
807
760
572
301
92
48
131
222
186
-40
-355
-622
-747
-781
-843
-970
-1100
-1122
-1002
-768
-602
-611
-722
-847
-860
-742
-555
-358
-213
-111
23
210
371
424
358
242
150
97
155
303
456
544
550
527
462
404
323
192
93
11
-15
18
93
192
210
191
167
83
-20
-127
-139
-65
-10
54
51
19
-22
-60
-63
-78
-144
-269
-317
-329
-308
-254
-213
-254
-402
-38
293
-217
-1039
-1454
-896
-219
-191
-511
-902
-886
-624
-392
-111
-134
-361
-390
-157
61
-27
-122
61
191
-291
-955
-801
18
617
843
1430
2660
3878
4365
3895
2764
1326
87
-511
-515
-541
-1022
-1336
-988
-173
471
191
-692
-1437
-1723
-1531
-1168
-491
248
354
130
-37
-109
-394
-1149
-1660
-1628
-1366
-873
-146
635
846
325
-265
-530
-584
-725
-735
-232
557
1331
1928
2184
1857
986
199
-79
-27
5
-63
24
390
853
1251
1386
946
213
-189
-53
305
403
321
206
272
646
722
518
223
-136
-202
-119
27
-34
-428
-703
-858
-850
-778
-860
-920
-964
-954
-875
-775
-686
-737
-825
-881
-829
-550
-275
-272
-526
-780
-803
-653
-542
-525
-532
-574
-526
-337
-196
-158
-324
-572
-552
-224
309
797
987
894
600
193
-111
-52
164
487
1999
5054
7852
8324
6050
2392
-987
-3540
-4922
-4860
-4267
-3912
-3297
-1603
582
1404
643
-560
-1648
-2212
-1799
122
2974
4592
4017
2244
343
-1284
-2820
-4284
-4959
-4384
-2605
100
2614
3548
2535
602
-821
-1283
-1135
-553
682
2367
3786
4495
4326
3269
1453
-678
-2177
-2453
-1685
-233
1315
2135
2047
1314
313
-290
-573
-696
-354
146
729
1352
1469
1122
396
-516
-1098
-1322
-1150
-720
-451
-342
-529
-1128
-1835
-2461
-2802
-2677
-2251
-1567
-623
231
685
614
77
-565
-1039
-1265
-1160
-854
-660
-637
-668
-718
-772
-949
-1183
-1100
-670
-134
331
625
755
651
274
-136
-235
25
366
754
1241
1586
1584
1293
842
298
-125
-265
45
813
1755
3719
7061
9513
9129
5880
1344
-2302
-4878
-6596
-6699
-5661
-4305
-3117
-1842
368
2159
2067
615
-1043
-1168
228
1692
3036
3695
2984
1055
-1488
-3537
-5031
-6233
-6930
-6048
-2957
612
3120
3702
2926
1829
543
-125
-134
406
1399
2480
3625
4470
4295
2387
-323
-2565
-3709
-3457
-2455
-983
438
1324
2098
2851
3254
2983
1805
439
-24
13
254
489
104
-537
-1167
-1527
-1337
-929
-776
-971
-1191
-979
-360
75
81
-589
-1507
-1871
-1875
-1600
-1142
-978
-850
-441
-208
-34
160
-89
-607
-1143
-1392
-1153
-767
-673
-676
-401
-19
227
173
-30
-256
-495
-689
-636
-127
364
543
587
762
1082
1237
1134
870
748
808
818
805
626
253
109
361
887
2517
5701
8541
9090
6781
2616
-1099
-4043
-6829
-8197
-7537
-5925
-4096
-1913
989
3625
4091
2454
407
-494
-188
256
1137
2418
2670
1658
-275
-2637
-4670
-6590
-7945
-7185
-4229
-382
2998
4900
5161
4255
2696
1116
71
-410
-335
585
2238
3688
3813
2363
65
-2170
-3771
-4459
-4004
-2562
-836
789
2192
3488
4650
4733
3700
2421
1209
418
-128
-978
-1675
-1993
-2314
-2248
-1718
-1220
-777
-570
-547
-258
267
655
534
-6
-509
-744
-689
-692
-1044
-1393
-1593
-1785
-1733
-1357
-875
-342
-20
-72
-55
33
-101
-429
-848
-929
-465
93
354
329
92
-359
-847
-1154
-1198
-852
-254
277
837
1406
1754
1810
1572
1188
890
778
684
654
837
1017
1001
684
112
-596
-510
1934
5818
8476
8572
6077
2643
-403
-3902
-6958
-7864
-7437
-6389
-4515
-1441
2642
5381
5073
2868
597
-763
-1431
-1377
-162
1111
1446
1001
-251
-2014
-4178
-6759
-8182
-7195
-4438
-700
2988
5346
6084
5433
3885
2133
263
-1692
-2809
-2140
32
2322
3314
2699
1037
-1066
-2906
-3988
-3984
-2876
-1228
576
2577
4751
6271
6251
4895
2744
686
-702
-1877
-2690
-2651
-2179
-1578
-995
-750
-566
-293
-288
-419
-219
289
696
800
614
346
181
-229
-1042
-1742
-2089
-2158
-1922
-1495
-1006
-468
-38
84
33
-55
-223
-343
-390
-422
-293
-53
-42
-293
-711
-1017
-872
-685
-577
-430
-277
137
616
861
1000
1133
1071
818
839
1047
1149
1302
1077
548
390
109
-248
-329
-695
-989
182
3590
7699
9997
9330
6129
2217
-1540
-5621
-8662
-9259
-8589
-7210
-4529
-657
3602
6078
5292
2792
659
-723
-1352
-972
98
1137
1640
1472
422
-1674
-4629
-7418
-8372
-7050
-4087
-125
3657
5972
6396
5335
3683
1911
-258
-2418
-3289
-2182
257
2441
3178
2510
1031
-839
-2643
-3797
-4024
-3319
-1806
293
2869
5484
7049
6848
5132
2645
350
-1310
-2545
-3311
-3360
-2731
-1724
-730
-72
184
120
-205
-519
-429
130
782
1075
872
463
116
-338
-1176
-2200
-2793
-2758
-2292
-1616
-972
-325
232
389
231
34
-100
-226
-439
-552
-254
279
561
409
13
-365
-738
-1078
-1216
-1016
-344
460
1050
1414
1340
1014
859
650
501
714
1039
1380
1430
1071
791
568
91
-598
-1269
-1221
928
4886
8287
9479
7982
4687
1006
-3008
-6944
-9213
-9464
-8492
-6502
-3202
1170
4939
6349
5209
2756
698
-588
-1321
-1160
-462
255
938
901
-398
-2562
-5237
-7399
-7737
-6387
-3685
17
3339
5438
6334
5981
4700
2675
-54
-2427
-3210
-2148
-125
1448
1871
1366
434
-705
-2001
-3070
-3407
-2840
-1482
525
2993
5294
6678
6790
5612
3786
1847
-227
-2113
-3572
-4356
-4073
-3187
-2230
-1174
-152
732
1327
1351
1087
878
638
356
120
-6
-62
-323
-966
-1745
-2268
-2441
-2463
-2379
-2013
-1307
-325
681
1356
1733
1887
1574
912
197
-562
-1161
-1487
-1663
-1427
-830
-334
-4
75
-116
-302
-443
-456
-205
222
879
1669
2106
2070
1837
1398
719
-21
-784
-1279
-1162
-956
-940
-603
-143
455
2484
5751
8361
9083
7380
4139
873
-2657
-6362
-8652
-9095
-8381
-6614
-3526
622
4479
6384
5910
4208
2523
903
-456
-998
-1083
-903
-470
-517
-1239
-2702
-4997
-6672
-6584
-5277
-2975
112
3109
5457
6589
6202
4876
2924
281
-2267
-3514
-3073
-1573
-182
391
358
70
-456
-1226
-2090
-2570
-2167
-945
923
3201
5138
6197
6171
4907
2892
802
-1209
-2998
-4320
-4825
-4181
-2636
-932
341
1197
1742
1749
1350
910
500
173
-167
-530
-562
-340
-357
-725
-1217
-1583
-1621
-1384
-1017
-492
178
776
1196
1429
1309
789
18
-766
-1285
-1420
-1294
-1042
-633
-262
-167
-165
-317
-713
-1002
-1124
-942
-235
621
1309
1796
2038
2043
1840
1291
192
-952
-1722
-2211
-2115
-1633
-1121
-391
476
2375
5853
8933
9865
8369
5178
1717
-1919
-5830
-8709
-9773
-9238
-7539
-4703
-557
3640
6089
6339
4915
3038
1582
301
-581
-761
-714
-412
-148
-881
-2583
-4761
-6632
-6928
-5684
-3613
-746
2384
4873
6230
6149
5029
3498
1412
-983
-2484
-2316
-955
374
748
341
-164
-693
-1534
-2448
-2912
-2687
-1626
229
2461
4695
6339
6630
5648
3871
1537
-849
-2841
-4246
-4734
-4177
-2896
-1377
-55
789
1165
1328
1284
924
483
163
-29
-96
-134
-213
-324
-568
-1036
-1487
-1557
-1280
-833
-373
-57
287
661
670
383
34
-337
-524
-638
-827
-752
-483
-333
-284
-413
-598
-730
-935
-1081
-1057
-798
-256
300
831
1341
1667
1958
1982
1423
700
-115
-900
-1230
-1545
-1715
-1325
-1009
141
3310
6890
9039
8822
6238
3068
-66
-3807
-7097
-8606
-8447
-7312
-5310
-1948
2117
5114
5826
4364
2368
1032
61
-430
-396
-324
85
653
355
-1031
-3301
-5603
-6404
-5728
-4269
-1786
1254
3936
5705
5848
4798
3468
1535
-848
-2490
-2604
-1160
816
1870
1729
1045
141
-1027
-2385
-3539
-3750
-2608
-588
1688
3822
5378
6031
5451
3658
1453
-554
-2251
-3411
-3796
-3266
-1939
-551
248
452
318
62
-244
-486
-472
-163
350
791
905
783
374
-339
-1028
-1553
-1741
-1434
-875
-222
325
547
563
342
-123
-606
-966
-1032
-742
-252
235
478
392
3
-577
-1127
-1587
-1808
-1674
-1287
-587
270
985
1536
1816
1836
1670
1178
509
-65
-404
-519
-718
-993
-1248
-1233
355
3698
6808
8015
6789
4045
1344
-1508
-4813
-7199
-7804
-7064
-5568
-3284
107
3675
5619
5200
3207
1191
-40
-756
-1014
-773
-249
574
1145
520
-1301
-3621
-5329
-5504
-4387
-2422
210
2833
4756
5532
4976
3634
1936
-177
-2159
-2980
-2168
-97
1994
2886
2539
1598
370
-1153
-2848
-4118
-4188
-2849
-563
1988
4173
5472
5491
4256
2331
322
-1442
-2786
-3532
-3357
-2096
-263
1121
1406
816
-131
-1017
-1565
-1818
-1675
-1048
-323
371
1059
1364
1109
333
-750
-1478
-1611
-1414
-1000
-539
-130
263
466
360
7
-537
-1024
-1109
-704
-101
387
670
581
120
-443
-971
-1290
-1371
-1433
-1266
-624
206
910
1318
1370
1194
941
617
261
8
-139
-121
-38
-38
998
3945
7176
8551
7123
3579
-31
-3213
-6611
-8998
-9121
-7508
-5000
-2003
1608
5464
7739
7070
4257
1204
-821
-1675
-1590
-973
-325
313
672
75
-1642
-4163
-6308
-6452
-4669
-1896
1477
4574
6573
7080
5691
3301
1048
-1300
-3461
-4308
-3224
-458
2335
3350
2686
1388
-49
-1530
-2933
-3838
-3696
-2483
-537
1901
4255
5675
5557
3886
1570
-478
-2059
-3073
-3609
-3651
-2769
-1144
486
1569
1720
1084
179
-715
-1313
-1360
-977
-541
-287
-62
221
326
109
-407
-958
-1082
-817
-447
-9
279
357
395
261
-31
-313
-666
-901
-738
-263
370
953
1087
655
-71
-904
-1521
-1713
-1815
-1611
-790
134
935
1382
1288
1219
1061
458
-134
-471
-429
-69
224
402
907
2891
6268
8742
8700
5917
1510
-2503
-6036
-9032
-9757
-8404
-6315
-3855
-1105
2466
5972
6921
5177
2466
358
-258
51
619
1158
1097
426
-772
-2567
-4654
-6635
-7482
-6311
-3495
379
4319
6814
7282
5929
3623
1657
169
-1307
-2325
-2098
-460
1769
3082
2709
1152
-837
-2675
-3835
-4063
-3214
-1555
211
2028
3861
5088
5229
3822
1369
-616
-1669
-1964
-1818
-1852
-1743
-1220
-719
-257
-56
-266
-563
-906
-888
-169
732
1222
748
-416
-1194
-1389
-1284
-1159
-1287
-1170
-571
27
502
647
259
-329
-936
-1362
-1211
-712
-362
-138
178
667
1257
1509
961
-90
-983
-1481
-1525
-1264
-1030
-689
-214
137
465
672
796
1114
1254
1215
1277
1081
679
222
-250
-187
894
3388
6681
8743
8233
5176
860
-3155
-6621
-8977
-9128
-7506
-5120
-2412
560
3622
5411
4738
2381
21
-1097
-786
365
1844
2919
2723
1192
-1182
-3811
-6179
-7829
-7895
-5742
-1930
2299
5459
6488
5579
3490
1223
-177
-653
-633
-136
943
2408
3366
2887
1030
-1376
-3271
-4084
-3799
-2385
-368
1195
1948
2219
2398
2510
2164
1275
437
222
403
433
90
-673
-1537
-2076
-2203
-1753
-881
-172
214
310
292
438
368
-304
-1270
-1910
-1672
-746
149
576
433
70
-314
-813
-1028
-875
-687
-410
-268
-268
-29
-31
-470
-820
-919
-386
728
1416
1479
1083
135
-817
-1495
-1908
-1644
-933
-195
586
1163
1569
1853
1732
1240
476
-207
-440
-344
-143
321
2163
5449
8041
8190
5594
1635
-1909
-4999
-7129
-7163
-5598
-3840
-3010
-2316
-408
1676
2367
1435
116
-12
795
1880
3096
3637
2905
740
-2229
-4423
-5403
-5717
-5302
-3934
-1703
999
3173
3911
3228
1645
144
-214
441
1449
2410
2987
3174
2822
1645
21
-1440
-2426
-2774
-2226
-845
747
1840
1798
949
357
391
916
1516
1919
2245
2138
1354
144
-1154
-2108
-2730
-2965
-2429
-1103
511
1399
1080
132
-740
-1159
-1296
-1366
-1203
-868
-537
-339
-316
-269
-322
-733
-1212
-1290
-843
-221
92
-73
-408
-661
-984
-1242
-1204
-943
-281
485
903
1156
942
255
-378
-1019
-1160
-612
-45
606
999
922
888
642
347
342
286
361
642
830
1132
2456
5166
7730
8207
5709
1418
-2307
-4858
-6062
-5398
-3738
-2379
-2303
-2890
-2297
-765
228
67
-589
-355
885
2487
4113
4942
4031
1221
-2331
-4832
-5547
-5100
-4161
-2829
-1149
661
1966
2148
1514
412
-604
-424
904
2635
4099
4471
3906
2985
1626
59
-1271
-2190
-2393
-1862
-867
353
1099
898
354
0
169
1053
1930
2401
2378
1506
363
-476
-1123
-1415
-1451
-1368
-1150
-963
-817
-826
-1062
-1414
-1686
-1414
-653
-19
357
383
-102
-793
-1411
-1717
-1379
-705
-185
216
405
210
-268
-926
-1594
-1875
-1693
-1292
-625
129
598
755
483
20
-57
58
32
-2
-79
-135
80
342
601
1027
1241
1196
1059
803
686
708
669
682
1665
4292
6997
7757
5836
1926
-1739
-4244
-5584
-4828
-2897
-1696
-1951
-3119
-3184
-1795
-634
-251
-165
252
977
1620
2469
3261
2850
737
-2073
-3736
-3602
-2694
-1932
-1293
-664
-178
77
-48
-265
-270
-268
217
1440
2634
3443
3544
2873
2126
1465
1008
1005
1039
785
245
-387
-755
-901
-1024
-1059
-850
-168
904
1865
2311
2005
1023
-146
-1001
-1196
-715
18
486
389
-89
-498
-772
-1061
-1488
-2028
-2301
-2174
-1898
-1468
-976
-813
-1024
-1287
-1253
-642
153
494
560
592
459
162
-382
-999
-1329
-1485
-1535
-1332
-849
-422
-470
-799
-978
-576
394
1207
1626
1712
1359
674
59
30
476
925
1040
731
588
681
761
1888
4344
6624
7249
5324
1881
-901
-2401
-2646
-1760
-834
-1110
-2919
-4961
-5316
-3786
-1660
-141
490
675
572
525
1172
2110
2167
980
-715
-1739
-1662
-1437
-1625
-1755
-1787
-1697
-1352
-1025
-625
-271
-284
-99
607
1459
2179
2470
2410
2410
2372
2096
1831
1711
1623
1388
810
151
-361
-895
-1454
-1669
-953
485
1756
2436
2331
1668
798
-231
-776
-472
210
702
579
90
-449
-1051
-1493
-1631
-1350
-855
-771
-1044
-1282
-1375
-1323
-1264
-1199
-1046
-943
-1009
-1116
-1047
-880
-799
-761
-629
-310
-58
-163
-418
-639
-729
-613
-488
-316
-270
-633
-1040
-1340
-1243
-496
212
629
666
319
317
637
1124
1763
2001
1856
1668
2333
4399
6311
6450
4259
632
-2181
-3225
-2529
-625
522
-262
-2389
-4313
-4374
-2722
-729
543
550
-323
-1112
-774
833
2319
2383
1062
-585
-1495
-1491
-1085
-677
-271
-97
-242
-358
-585
-861
-885
-764
-178
806
1469
1661
1431
1048
922
1090
1587
2237
2650
2574
1953
1197
711
416
165
15
-12
9
38
-59
-270
-363
-420
-487
-347
-26
372
707
784
650
461
225
-194
-660
-938
-1182
-1553
-2046
-2534
-2579
-2117
-1520
-938
-542
-562
-850
-1091
-1052
-720
-429
-453
-621
-720
-813
-918
-1064
-1258
-1312
-1200
-1005
-645
-220
36
133
177
212
341
423
208
68
194
245
381
604
717
898
1064
1861
3892
5741
5907
4173
1628
209
388
1360
2102
1382
-923
-3644
-5101
-4247
-2052
-139
471
-660
-2539
-3573
-2776
-157
2455
3124
1981
255
-906
-997
-538
-82
224
195
-50
-274
-627
-1058
-1272
-1065
-316
585
1104
1163
829
435
439
924
1664
2122
1902
1221
579
381
610
956
1091
790
332
136
257
623
946
942
728
433
150
10
-82
-271
-519
-650
-458
-35
284
254
-142
-626
-976
-1139
-1102
-1074
-1229
-1492
-1697
-1569
-1106
-694
-662
-981
-1344
-1504
-1273
-804
-497
-454
-667
-984
-976
-659
-401
-432
-866
-1466
-1753
-1513
-823
55
768
1067
905
521
88
-317
-441
-336
129
1801
4211
5778
5394
2774
-226
-1205
-191
1645
2775
1881
-550
-2877
-3548
-2050
283
1633
976
-1305
-3424
-3851
-2033
865
2342
1429
-625
-2193
-2066
-631
570
990
811
213
-14
303
479
444
234
0
295
870
1020
757
246
-69
346
1241
2005
2275
1834
926
304
435
1041
1493
1210
275
-443
-305
493
1398
1858
1450
538
-166
-304
241
993
1154
610
-231
-966
-1218
-937
-508
-242
-313
-751
-1204
-1381
-1391
-1377
-1455
-1603
-1678
-1621
-1435
-1238
-1112
-1107
-1259
-1334
-1216
-1081
-937
-1002
-1236
-1223
-1069
-844
-590
-582
-709
-857
-921
-708
-328
-66
-90
-578
-1199
-1366
-934
-82
779
2160
4310
5771
5164
2756
368
8
1395
2677
2700
1032
-1807
-3916
-3772
-1462
1162
2016
766
-1484
-3086
-2771
-484
2256
3163
1398
-1247
-2442
-1554
256
1272
982
22
-972
-1187
-348
678
1155
1039
802
1028
1433
1410
1056
801
902
1329
1701
1617
947
-29
-648
-329
719
1538
1404
432
-587
-766
170
1630
2577
2267
834
-671
-1127
-535
311
800
627
4
-594
-830
-444
196
391
-4
-723
-1302
-1556
-1647
-1530
-1299
-1207
-1350
-1630
-1766
-1748
-1636
-1383
-1189
-1102
-1085
-1199
-1181
-1024
-977
-1057
-1183
-1296
-1383
-1279
-751
-156
131
-7
-575
-1010
-1040
-943
-607
-69
371
574
721
1821
3846
4948
3981
1611
-182
157
1692
2688
2277
270
-2235
-3419
-2211
545
2246
1598
-408
-2349
-2862
-1384
1057
2653
1751
-1245
-3439
-2926
-612
1378
1637
546
-722
-1287
-513
1031
1782
1216
281
193
1071
1796
1719
1201
720
588
984
1773
2335
1856
569
-174
142
791
1026
653
69
-277
-309
193
1099
1495
842
-224
-705
-348
300
598
375
-28
-315
-325
108
661
730
281
-328
-819
-1074
-1178
-1126
-915
-847
-1158
-1706
-2284
-2724
-2722
-2076
-985
-141
-288
-1192
-1882
-1885
-1236
-307
233
137
-480
-1165
-1174
-659
-297
-375
-776
-1022
-967
-766
-460
-309
-312
-292
-158
1062
3270
4407
3450
1049
-704
87
2308
3578
2724
151
-2318
-3028
-1466
1265
2394
824
-1747
-3626
-3508
-1339
1006
1854
484
-2297
-3752
-2397
301
2045
1526
-330
-1654
-1622
5
2012
2395
1203
-130
-257
1058
2274
2376
1810
1124
940
1415
2001
2186
1545
644
590
1288
1945
1978
1295
481
65
270
1037
1605
1362
644
70
59
459
646
429
-53
-531
-703
-477
-20
164
-152
-590
-828
-832
-857
-1175
-1510
-1507
-1238
-801
-568
-934
-1701
-2394
-2389
-1680
-1118
-1158
-1726
-2480
-2720
-2234
-1464
-748
-548
-1022
-1408
-1379
-946
-400
-281
-480
-703
-590
-164
-8
-63
-71
-69
1057
3085
3838
2939
1165
-8
736
2277
2841
1789
-375
-2206
-2311
-433
1879
2191
390
-1581
-2638
-2094
-231
1387
1548
-73
-2213
-2527
-655
1172
1280
-231
-1910
-2306
-1354
387
1522
779
-886
-1628
-629
1372
2723
2755
2064
1211
929
1627
2536
2754
1842
699
633
1314
1820
1782
1214
540
201
513
1454
2165
1843
879
284
472
949
1105
998
668
139
-177
-65
208
147
-367
-973
-1122
-829
-562
-457
-748
-1472
-2133
-2193
-1706
-1311
-1392
-1838
-2206
-2331
-2242
-1969
-1768
-1821
-2119
-2243
-1886
-1307
-948
-1031
-1261
-1289
-1088
-769
-504
-479
-616
-733
-598
-263
-25
865
2394
2901
1881
390
-46
1117
2423
2396
1057
-692
-1724
-1373
229
1771
1431
-371
-1663
-1753
-771
690
1518
1040
-629
-2204
-1953
-60
1444
1223
-290
-1554
-1445
-51
1728
2322
896
-1152
-1652
-160
1736
2394
1699
626
241
1085
2635
3533
2710
607
-885
-531
906
1950
1882
917
-235
-671
215
1815
2668
2144
972
329
643
1309
1701
1626
971
83
-234
219
801
858
352
-273
-617
-622
-434
-239
-356
-881
-1379
-1575
-1676
-1843
-2012
-2036
-1955
-2036
-2171
-2032
-1793
-1778
-1947
-2052
-2067
-2038
-1781
-1317
-870
-713
-954
-1281
-1436
-1454
-1222
-801
-567
27
1486
2622
2305
807
-354
131
1592
2408
1781
141
-1476
-2105
-1140
730
1326
-60
-1708
-2396
-1879
-432
871
1126
-104
-2118
-2750
-1121
1038
1732
604
-979
-1495
-653
1115
2577
2247
589
-471
148
1814
2760
2337
1486
933
1179
2270
3204
2967
1589
391
529
1513
2100
1777
892
68
-298
63
1167
1985
1599
665
267
679
1309
1469
1055
333
-304
-370
301
1092
1176
503
-205
-445
-339
-96
64
-170
-740
-1228
-1357
-1291
-1420
-1741
-1867
-1828
-1901
-2067
-2222
-2281
-2274
-2296
-2214
-2104
-2223
-2391
-2222
-1671
-1117
-995
-1187
-1325
-1243
-854
-409
311
1553
2108
1298
174
-55
851
1966
2094
1003
-523
-1513
-1360
-213
886
535
-1139
-2158
-1772
-790
212
731
373
-875
-2139
-1947
-293
1033
710
-705
-1771
-1692
-594
896
1726
993
-518
-869
576
2417
2957
2158
1208
946
1596
2945
3923
3407
1830
805
1277
2387
2654
1823
715
45
52
846
2042
2398
1345
36
-264
428
1264
1582
1341
736
148
100
683
1240
986
104
-564
-658
-327
163
406
134
-627
-1314
-1378
-1126
-1000
-1203
-1476
-1633
-1894
-2116
-2305
-2560
-2752
-2704
-2409
-2149
-2206
-2448
-2452
-2096
-1555
-1266
-1305
-1560
-1918
-1832
-1037
664
2221
2025
482
-782
-355
1378
2641
2233
350
-1526
-1918
-400
1697
2313
672
-1562
-2178
-1243
257
1353
1176
-279
-2127
-2693
-1201
790
1217
-135
-1827
-2304
-1192
687
2075
1716
-201
-1425
-503
1482
2624
2211
1138
476
621
1551
2602
2776
1771
701
913
2089
2806
2429
1536
657
216
638
1684
2378
1838
573
-88
327
1051
1356
1187
609
-61
-226
279
951
1013
455
33
73
238
331
426
411
110
-309
-446
-395
-559
-925
-1212
-1341
-1378
-1431
-1532
-1683
-2017
-2395
-2313
-1810
-1453
-1579
-2064
-2393
-2392
-2065
-1617
-1533
-2028
-2169
-965
614
983
-23
-907
-495
671
1381
1002
-179
-1278
-1395
-355
915
909
-616
-1886
-1794
-937
-8
616
504
-603
-1988
-2124
-592
937
1020
-48
-1105
-1208
-335
1052
1965
1354
-229
-791
605
2304
2558
1644
764
624
1242
2347
3080
2579
1170
340
1034
2265
2571
1918
1225
819
703
1240
2134
2300
1355
208
-52
528
1058
1113
761
47
-632
-577
254
890
623
-57
-345
-149
140
378
468
188
-417
-790
-564
-284
-405
-741
-980
-1055
-1135
-1130
-967
-985
-1410
-1864
-1911
-1602
-1224
-1017
-1088
-1497
-1957
-1907
-1290
-772
-904
-1005
-337
317
21
-709
-796
-149
449
360
-358
-1194
-1610
-1174
-159
377
-351
-1619
-1898
-1094
-296
-36
-119
-458
-1137
-1657
-1159
-6
418
-199
-1036
-1319
-837
110
1063
1244
307
-592
-185
1154
2083
1902
1219
962
1226
1830
2645
3003
2296
1241
1164
2075
2798
2650
1973
1340
1045
1235
1841
2322
1949
874
157
385
1007
1350
1248
682
-82
-434
-19
744
1003
557
-8
-241
-168
27
227
201
-317
-1066
-1430
-1366
-1277
-1324
-1402
-1512
-1705
-1786
-1530
-1122
-1009
-1327
-1706
-1756
-1536
-1273
-1053
-984
-1200
-1480
-1499
-1202
-393
669
929
18
-1061
-982
237
1150
739
-711
-2052
-2169
-951
526
771
-663
-2248
-2253
-912
345
624
112
-766
-1675
-1810
-736
513
453
-852
-1925
-1819
-814
386
1120
774
-425
-975
180
2012
2655
1834
903
822
1347
2158
2964
3010
1995
903
1000
1951
2447
2221
1833
1509
1179
1093
1592
2180
2029
1346
961
1044
1110
1008
1075
1206
970
540
420
515
367
86
64
147
-31
-339
-458
-548
-827
-1121
-1241
-1298
-1542
-1846
-1850
-1666
-1624
-1672
-1623
-1570
-1662
-1723
-1579
-1427
-1462
-1552
-1553
-1581
-1670
-1645
-1429
-882
113
948
777
-227
-845
-250
932
1413
616
-873
-1904
-1652
-320
827
495
-1059
-2134
-1702
-440
492
622
55
-972
-1803
-1461
-70
842
269
-1073
-1846
-1464
-225
1130
1608
679
-680
-756
748
2250
2304
1283
511
586
1361
2430
2977
2350
1146
763
1602
2542
2573
1950
1337
933
886
1381
2051
2142
1437
656
542
837
947
900
783
445
51
-2
326
603
541
396
324
118
-160
-173
55
114
-240
-757
-1084
-1264
-1414
-1431
-1388
-1532
-1857
-2084
-2011
-1812
-1773
-1801
-1759
-1814
-1942
-1883
-1619
-1383
-1390
-1381
-781
162
513
2
-648
-600
147
832
843
52
-1104
-1614
-871
348
607
-430
-1551
-1642
-981
-323
102
166
-456
-1487
-1822
-976
75
316
-150
-762
-1127
-874
166
1320
1360
233
-480
229
1489
2068
1851
1458
1246
1297
1851
2638
2658
1777
1147
1447
2047
2115
1800
1662
1543
1218
1113
1428
1668
1448
1137
1171
1186
809
500
618
800
689
404
236
95
-132
-85
305
437
6
-521
-601
-355
-219
-264
-469
-913
-1315
-1276
-915
-795
-1152
-1576
-1734
-1707
-1632
-1589
-1639
-1828
-2079
-2114
-1876
-1657
-1603
-1464
-896
-122
162
-204
-745
-1001
-807
-366
-122
-424
-1150
-1610
-1276
-491
-42
-298
-885
-1224
-1177
-874
-404
-22
-67
-572
-1064
-1058
-674
-296
-66
-12
-135
-294
-159
380
888
979
904
1068
1366
1478
1448
1564
1847
2065
2191
2288
2181
1867
1706
1942
2290
2274
1946
1709
1619
1502
1409
1473
1542
1373
1068
939
982
953
853
783
662
410
168
163
322
380
338
312
219
-43
-299
-258
-45
-66
-399
-784
-1044
-1201
-1274
-1263
-1296
-1493
-1735
-1807
-1722
-1674
-1734
-1801
-1824
-1884
-2003
-2063
-1970
-1767
-1546
-1302
-991
-715
-631
-731
-874
-944
-915
-800
-682
-698
-880
-1052
-1038
-875
-716
-633
-580
-546
-588
-658
-621
-445
-273
-210
-211
-215
-245
-296
-252
-51
216
439
615
758
825
857
1022
1382
1724
1800
1649
1542
1678
2037
2420
2574
2363
1955
1750
1976
2401
2592
2366
1913
1551
1460
1612
1778
1671
1239
778
642
837
1022
912
517
49
-257
-283
-98
55
-32
-291
-464
-410
-221
-102
-200
-496
-823
-978
-928
-858
-942
-1132
-1278
-1334
-1373
-1462
-1599
-1731
-1794
-1765
-1719
-1749
-1835
-1867
-1794
-1658
-1520
-1423
-1376
-1328
-1194
-953
-708
-588
-642
-812
-956
-931
-712
-469
-414
-538
-624
-512
-259
-54
29
27
11
43
147
278
321
245
161
169
248
303
310
296
265
251
311
414
453
419
459
660
903
1024
1024
1007
1026
1122
1340
1616
1759
1670
1504
1482
1630
1823
1947
1915
1691
1395
1228
1215
1163
975
817
829
905
876
749
592
406
235
190
290
349
266
149
117
129
110
80
48
-49
-233
-404
-503
-580
-675
-723
-709
-755
-947
-1192
-1325
-1327
-1295
-1322
-1416
-1574
-1729
-1763
-1644
-1506
-1503
-1569
-1551
-1395
-1232
-1139
-1132
-1182
-1262
-1316
-1261
-1136
-1013
-958
-944
-933
-865
-702
-486
-309
-251
-251
-215
-101
25
83
55
-11
-42
-2
94
158
104
-42
-118
3
285
553
676
654
558
519
627
895
1186
1360
1425
1488
1602
1710
1775
1839
1918
2007
2078
2095
2033
1901
1792
1752
1709
1566
1315
1085
959
934
942
882
728
491
289
227
288
386
396
295
105
-91
-164
-98
-1
-30
-215
-475
-680
-731
-635
-520
-585
-857
-1188
-1358
-1330
-1249
-1240
-1402
-1644
-1819
-1821
-1650
-1490
-1449
-1531
-1592
-1481
-1260
-1073
-1046
-1112
-1142
-1100
-1009
-961
-968
-1014
-1036
-990
-917
-822
-721
-609
-510
-456
-419
-390
-318
-180
-18
90
86
58
82
163
234
256
256
258
307
437
607
721
718
672
680
758
861
970
1082
1169
1204
1234
1307
1399
1446
1448
1461
1509
1559
1570
1528
1431
1313
1245
1267
1339
1347
1251
1096
939
796
681
611
574
538
509
508
515
450
328
245
239
230
132
4
-79
-150
-270
-412
-535
-661
-824
-946
-974
-990
-1092
-1226
-1300
-1358
-1457
-1522
-1466
-1375
-1376
-1405
-1327
-1162
-1018
-938
-911
-983
-1118
-1159
-1045
-920
-903
-919
-869
-831
-905
-999
-986
-866
-740
-667
-655
-714
-762
-671
-460
-322
-374
-488
-499
-405
-298
-204
-115
-60
-12
133
394
635
740
757
779
846
953
1113
1284
1359
1325
1299
1396
1573
1731
1820
1810
1709
1601
1598
1687
1703
1553
1309
1114
1039
1072
1158
1158
961
654
474
523
664
717
627
453
282
207
286
412
408
248
61
-34
-58
-85
-160
-315
-520
-681
-722
-721
-807
-977
-1135
-1201
-1208
-1245
-1332
-1442
-1508
-1496
-1427
-1352
-1275
-1161
-1017
-872
-796
-822
-919
-999
-985
-912
-837
-775
-715
-679
-702
-745
-748
-687
-566
-432
-375
-458
-593
-626
-520
-392
-386
-502
-632
-646
-508
-311
-196
-233
-310
-265
-47
235
449
553
573
587
680
881
1115
1261
1311
1340
1401
1478
1568
1669
1738
1740
1705
1691
1696
1671
1615
1566
1531
1479
1405
1313
1173
966
746
604
541
485
403
321
252
187
148
141
113
21
-64
-61
-1
-6
-126
-307
-459
-518
-508
-531
-653
-836
-995
-1084
-1123
-1127
-1129
-1195
-1318
-1419
-1433
-1366
-1264
-1145
-1032
-950
-907
-905
-966
-1060
-1085
-975
-803
-697
-679
-667
-604
-523
-466
-448
-465
-481
-424
-301
-219
-256
-343
-362
-305
-253
-234
-233
-250
-271
-274
-244
-203
-162
-77
81
247
333
328
312
376
519
686
838
966
1062
1117
1156
1220
1343
1497
1612
1612
1504
1403
1412
1484
1484
1370
1232
1159
1165
1193
1162
1023
815
648
616
697
762
687
482
272
186
228
301
298
164
-51
-228
-279
-247
-254
-385
-607
-815
-925
-911
-826
-788
-885
-1112
-1350
-1469
-1441
-1336
-1267
-1307
-1410
-1439
-1288
-1004
-775
-744
-889
-1067
-1117
-1006
-839
-753
-792
-865
-858
-764
-634
-525
-485
-520
-549
-475
-289
-116
-58
-104
-179
-208
-151
-35
49
29
-43
-28
119
311
456
530
551
557
606
723
819
812
753
767
906
1086
1221
1284
1279
1227
1201
1266
1383
1420
1321
1176
1097
1110
1162
1180
1093
879
651
576
660
733
642
412
173
25
19
137
250
211
25
-139
-161
-94
-51
-73
-165
-308
-427
-433
-372
-387
-523
-664
-715
-706
-702
-716
-771
-893
-1031
-1094
-1075
-1087
-1162
-1193
-1099
-941
-819
-763
-777
-887
-1040
-1089
-989
-868
-853
-898
-924
-933
-919
-837
-692
-600
-621
-648
-566
-404
-252
-145
-103
-147
-226
-213
-58
121
184
151
136
202
344
513
643
674
647
680
835
1023
1112
1105
1101
1188
1366
1576
1732
1769
1703
1636
1637
1674
1668
1592
1481
1379
1290
1201
1098
969
815
662
531
397
246
96
-10
-62
-98
-151
-220
-286
-350
-406
-452
-503
-585
-682
-751
-786
-814
-857
-897
-948
-998
-1020
-1006
-967
-962
-999
-1030
-1029
-993
-960
-967
-991
-996
-920
-742
-533
-403
-421
-541
-632
-627
-530
-413
-355
-379
-442
-467
-409
-316
-268
-275
-308
-320
-277
-197
-112
-70
-77
-100
-102
-82
-56
-31
-4
27
67
114
173
243
307
361
394
414
444
499
588
674
734
769
790
827
883
940
1005
1054
1078
1092
1090
1098
1108
1093
1060
997
926
872
814
740
650
539
445
370
320
285
248
214
178
132
75
21
-17
-50
-114
-223
-353
-468
-547
-589
-618
-665
-740
-829
-901
-939
-943
-918
-885
-881
-906
-941
-961
-956
-944
-921
-874
-807
-728
-675
-662
-673
-664
-601
-503
-429
-402
-405
-401
-365
-309
-258
-234
-224
-196
-134
-63
-3
38
68
99
129
150
159
155
149
150
167
189
216
246
286
330
369
406
441
474
513
556
609
667
710
736
746
757
781
817
849
870
867
860
852
841
822
780
731
690
659
635
597
535
460
389
343
313
277
229
167
109
65
36
13
-10
-41
-83
-138
-198
-252
-290
-320
-360
-422
-502
-571
-620
-653
-685
-728
-768
-780
-768
-740
-731
-759
-800
-819
-795
-732
-677
-658
-678
-708
-708
-675
-635
-611
-605
-596
-552
-491
-435
-417
-428
-419
-366
-279
-203
-174
-176
-172
-131
-60
12
53
70
82
112
157
200
237
275
321
382
448
511
567
611
643
671
709
762
822
870
888
874
852
849
867
891
894
867
824
795
784
778
758
710
650
598
558
516
451
372
302
256
226
185
122
44
-18
-45
-52
-72
-128
-214
-295
-344
-363
-376
-408
-463
-521
-564
-581
-591
-611
-639
-668
-691
-704
-711
-717
-716
-717
-722
-731
-735
-716
-679
-635
-618
-632
-656
-664
-636
-585
-540
-518
-512
-502
-476
-438
-399
-366
-338
-306
-271
-238
-212
-193
-164
-124
-77
-33
-7
14
41
89
153
212
249
271
285
314
378
462
544
599
628
650
697
780
872
938
959
945
949
999
1079
1144
1142
1083
1013
973
984
1011
1004
948
855
771
723
696
657
581
472
373
309
274
235
158
45
-74
-163
-217
-261
-318
-398
-485
-561
-617
-663
-716
-768
-823
-873
-910
-935
-944
-942
-947
-963
-989
-1014
-1017
-997
-957
-909
-873
-841
-819
-802
-781
-752
-708
-650
-592
-546
-514
-487
-456
-410
-353
-302
-276
-271
-265
-233
-171
-104
-61
-55
-60
-43
7
73
124
151
172
209
274
345
396
430
457
503
568
639
698
740
776
813
855
893
930
959
978
988
986
978
980
994
1008
1003
968
917
867
834
820
806
774
718
653
589
535
489
439
374
296
221
145
72
-3
-83
-163
-235
-302
-379
-467
-554
-631
-687
-723
-760
-815
-888
-953
-989
-994
-985
-986
-1013
-1051
-1067
-1042
-1004
-957
-917
-904
-896
-878
-836
-762
-680
-611
-578
-572
-546
-486
-400
-307
-248
-227
-223
-194
-130
-49
20
60
64
65
92
143
199
242
259
258
270
305
353
392
409
422
441
471
513
537
539
545
567
609
649
660
647
625
625
658
694
711
690
641
603
594
610
629
613
561
494
439
422
425
419
387
323
254
206
178
159
128
82
27
-20
-55
-86
-118
-158
-197
-232
-266
-299
-338
-375
-404
-428
-456
-492
-529
-552
-558
-561
-571
-601
-631
-643
-630
-600
-587
-602
-626
-632
-606
-558
-517
-497
-495
-492
-464
-418
-363
-315
-286
-265
-241
-210
-170
-127
-88
-52
-28
-3
24
51
82
115
145
171
196
216
239
264
285
311
343
374
394
402
409
426
450
481
506
519
522
518
520
535
545
548
544
536
530
515
498
487
473
458
437
411
381
346
312
287
264
236
197
149
102
63
33
1
-37
-81
-130
-173
-206
-233
-262
-301
-336
-365
-384
-400
-421
-439
-454
-466
-472
-481
-489
-490
-486
-470
-456
-457
-461
-462
-445
-418
-394
-378
-371
-366
-351
-322
-288
-262
-248
-235
-216
-189
-157
-128
-109
-96
-82
-51
-13
19
33
37
48
70
108
144
163
169
172
186
213
240
264
282
296
307
317
332
348
364
380
387
392
397
403
413
417
416
410
401
398
395
390
380
360
339
319
301
288
271
245
213
180
150
126
104
78
43
3
-31
-59
-84
-111
-142
-174
-206
-229
-249
-268
-290
-317
-337
-350
-362
-370
-384
-393
-396
-393
-384
-380
-384
-385
-379
-360
-340
-326
-322
-322
-313
-292
-264
-237
-219
-214
-208
-192
-166
-134
-107
-90
-80
-70
-51
-26
1
22
39
51
66
85
107
128
144
155
167
182
200
213
221
229
237
249
264
274
277
273
269
274
287
299
300
292
280
274
280
288
293
287
272
255
246
247
250
247
235
215
199
186
176
163
146
125
103
87
70
50
23
-7
-34
-54
-69
-85
-110
-143
-178
-203
-220
-231
-247
-270
-297
-321
-334
-341
-348
-360
-375
-382
-383
-381
-379
-380
-380
-376
-363
-343
-329
-319
-308
-289
-265
-237
-216
-199
-181
-158
-131
-102
-80
-60
-39
-13
17
42
65
81
99
123
150
173
192
204
215
231
250
265
276
284
292
303
313
320
320
317
315
319
323
318
307
297
291
289
286
274
256
243
235
232
221
204
184
164
154
145
133
112
86
66
53
42
27
4
-19
-39
-52
-65
-82
-104
-126
-142
-156
-171
-183
-198
-216
-228
-240
-250
-260
-270
-277
-285
-292
-298
-302
-302
-302
-303
-300
-300
-293
-283
-274
-266
-261
-252
-241
-225
-207
-194
-180
-164
-148
-128
-109
-92
-78
-64
-45
-27
-7
12
26
43
59
77
94
111
128
144
158
177
192
206
220
234
247
260
271
282
291
298
304
306
309
312
313
311
308
301
294
286
278
267
253
238
223
209
193
176
160
140
121
104
87
68
45
24
4
-13
-31
-50
-72
-94
-115
-134
-147
-163
-179
-195
-209
-219
-231
-242
-249
-259
-265
-270
-275
-278
-280
-279
-276
-274
-272
-268
-260
-251
-243
-234
-224
-213
-197
-185
-173
-158
-144
-126
-107
-92
-78
-64
-46
-27
-11
5
24
36
51
65
79
90
101
113
120
130
139
147
155
161
166
169
174
177
180
183
186
186
189
190
191
193
189
185
183
177
175
172
167
165
156
148
143
136
127
118
107
97
88
76
66
57
44
34
24
12
5
-6
-19
-28
-40
-51
-59
-67
-76
-85
-97
-105
-111
-121
-126
-134
-140
-143
-153
-158
-161
-164
-164
-163
-165
-163
-163
-160
-155
-154
-150
-143
-134
-128
-126
-120
-111
-101
-95
-84
-74
-66
-56
-47
-37
-25
-17
-8
0
8
16
25
36
44
51
56
65
73
80
83
84
87
93
99
100
101
103
104
107
109
110
108
107
108
105
104
103
99
97
94
92
89
86
84
80
75
68
62
59
53
48
39
33
27
24
20
14
8
2
-2
-5
-9
-12
-17
-22
-28
-32
-31
-35
-39
-42
-48
-51
-53
-53
-56
-60
-63
-67
-68
-66
-67
-67
-69
-72
-76
-74
-72
-70
-69
-69
-70
-70
-69
-65
-65
-61
-58
-57
-53
-50
-46
-42
-40
-36
-32
-27
-20
-14
-9
-4
-3
2
6
9
15
20
24
28
32
36
41
46
50
54
56
57
60
64
67
67
66
69
71
70
73
72
73
69
67
70
68
64
61
59
57
52
46
44
40
35
30
27
21
15
12
10
6
0
-6
-9
-13
-19
-23
-24
-31
-35
-38
-38
-39
-43
-46
-47
-50
-53
-53
-52
-53
-57
-60
-60
-60
-60
-57
-53
-53
-54
-57
-57
-56
-52
-47
-43
-45
-46
-42
-38
-33
-32
-29
-28
-26
-24
-19
-13
-10
-11
-12
-9
-2
5
7
7
5
9
23
38
34
22
19
22
29
42
58
60
48
38
41
46
54
70
78
70
58
54
64
74
78
73
64
57
58
62
61
56
52
53
55
55
52
46
33
27
26
30
33
30
21
6
-2
1
4
4
-2
-12
-22
-25
-22
-20
-27
-37
-43
-43
-42
-40
-41
-48
-55
-60
-58
-54
-53
-54
-59
-65
-66
-62
-58
-56
-58
-61
-64
-62
-55
-49
-48
-52
-51
-49
-47
-40
-35
-33
-32
-34
-31
-24
-16
-9
-7
-7
-4
-1
5
12
17
19
20
23
28
33
35
36
37
39
45
50
55
58
58
59
58
60
63
66
69
67
64
64
62
63
61
57
53
51
51
49
47
42
39
33
30
30
29
24
16
11
7
4
3
2
-2
-9
-13
-16
-17
-19
-23
-26
-30
-35
-37
-38
-40
-41
-42
-43
-44
-46
-46
-47
-46
-45
-45
-45
-47
-48
-47
-47
-47
-45
-44
-43
-41
-42
-37
-32
-28
-26
-24
-24
-23
-19
-13
-10
-6
-3
-3
-1
1
4
7
10
14
17
19
21
22
24
27
30
34
35
38
38
37
37
38
38
39
42
42
42
42
40
40
39
39
38
35
33
30
29
27
26
23
20
18
16
13
12
11
9
5
3
1
-2
-2
-6
-9
-12
-14
-14
-14
-16
-18
-20
-24
-25
-26
-27
-27
-27
-28
-28
-28
-29
-27
-27
-28
-29
-28
-25
-24
-24
-26
-27
-24
-23
-20
-19
-20
-19
-19
-17
-14
-12
-13
-12
-8
-5
-2
-1
-1
1
2
5
7
7
8
9
10
11
13
15
17
16
16
17
19
21
22
23
21
22
23
26
27
30
31
30
30
29
28
29
27
24
24
22
21
20
17
18
16
14
13
10
11
9
6
2
0
-2
-4
-6
-6
-8
-11
-13
-14
-15
-16
-15
-17
-17
-19
-21
-20
-21
-21
-21
-21
-22
-22
-21
-21
-19
-19
-18
-19
-22
-22
-20
-18
-16
-13
-14
-14
-15
-14
-13
-11
-10
-10
-9
-8
-7
-7
-7
-4
-1
2
4
5
4
4
4
6
9
10
10
9
11
14
15
16
14
16
16
16
18
18
18
16
17
17
17
17
17
17
15
16
17
16
16
15
13
12
13
13
13
11
9
9
7
7
7
5
5
3
2
2
1
1
1
-1
-1
-4
-6
-6
-7
-5
-5
-6
-7
-10
-14
-15
-15
-13
-12
-13
-15
-17
-17
-16
-15
-15
-17
-18
-17
-14
-14
-14
-13
-14
-15
-15
-11
-10
-10
-10
-9
-9
-8
-7
-4
-2
-3
-1
-2
0
1
3
1
0
2
3
5
7
9
7
9
9
11
12
12
13
11
11
13
14
15
14
12
12
11
10
9
7
9
10
10
10
10
7
7
6
6
5
5
5
4
3
5
4
3
2
