1
2
-3
-3
-8
2
4
2
-4
3
11
-12
-6
19
6
-2
7
9
3
0
5
0
-1
-6
-7
10
1
-6
7
2
-2
-4
-2
5
-1
-6
0
1
-4
-4
-3
-8
-8
-10
-9
2
3
-11
-15
-10
-10
-1
3
0
4
2
-7
5
12
-2
-3
10
15
6
6
13
6
3
1
20
25
9
15
15
16
8
1
13
14
5
13
24
4
-5
8
2
-7
2
10
0
-9
-11
-11
-16
-23
-25
-24
-23
-30
-29
-32
-36
-41
-44
-34
-26
-28
-29
-24
-25
-26
-36
-30
-10
-5
-5
4
18
16
41
64
69
114
133
142
173
153
155
186
188
183
205
262
271
187
139
138
142
172
191
181
132
63
50
59
48
27
14
15
1
-22
-38
-61
-100
-163
-201
-187
-137
-61
33
154
234
217
139
81
67
40
-10
-28
-43
-135
-268
-327
-339
-434
-640
-776
-818
-883
-918
-915
-931
-1063
-1311
-1422
-1439
-1518
-1482
-1348
-1204
-1099
-1033
-845
-585
-350
-99
167
466
815
1128
1347
1535
1771
1991
2066
2075
2126
2139
2031
1914
1907
1823
1502
1140
986
918
702
458
334
204
-29
-206
-197
-190
-359
-569
-650
-633
-637
-647
-628
-621
-657
-685
-610
-439
-329
-376
-454
-412
-289
-189
-142
-131
-160
-235
-281
-276
-291
-379
-490
-542
-530
-477
-418
-408
-459
-509
-532
-484
-163
602
1568
2104
1850
1128
455
99
145
614
1176
1226
683
193
91
-40
-520
-1045
-1246
-1185
-1020
-719
-479
-831
-1849
-2864
-3178
-2784
-2169
-1703
-1569
-1788
-2065
-2007
-1566
-1044
-661
-314
108
623
1195
1599
1568
1223
1156
1716
2549
3116
3314
3307
3030
2507
2237
2455
2633
2274
1708
1486
1378
946
486
395
340
-15
-273
-107
-7
-373
-816
-883
-751
-787
-894
-909
-964
-1131
-1244
-1171
-1041
-1019
-1028
-873
-578
-368
-355
-452
-513
-473
-352
-218
-189
-282
-374
-424
-513
-594
-533
-428
-490
-607
-548
-483
-639
-795
-644
-171
751
2093
2896
2199
721
38
303
622
948
1607
1773
685
-446
-281
177
-483
-1439
-1336
-812
-957
-1179
-879
-1151
-2618
-3870
-3670
-2733
-2166
-1964
-1929
-2289
-2769
-2538
-1523
-573
-130
141
491
869
1368
1969
2222
1942
1792
2438
3470
3981
3811
3442
3111
2836
2874
3312
3494
2796
1732
1298
1454
1369
861
443
238
-27
-232
-134
-114
-609
-1205
-1214
-757
-494
-675
-1069
-1450
-1661
-1538
-1138
-845
-943
-1224
-1277
-1039
-757
-645
-739
-913
-951
-736
-440
-351
-529
-786
-968
-1043
-1002
-860
-798
-928
-1049
-972
-898
-1036
-1166
-1018
-601
251
1728
3009
2752
1141
25
327
1042
1456
2009
2399
1533
-5
-290
566
470
-825
-1396
-783
-512
-913
-892
-790
-1934
-3630
-3865
-2655
-1802
-1912
-2195
-2431
-2803
-2679
-1543
-275
58
-168
7
619
1238
1854
2381
2397
2067
2316
3377
4196
4046
3490
3195
3054
3004
3375
3817
3325
1944
988
1057
1282
983
560
268
-239
-822
-863
-490
-540
-1085
-1365
-1172
-1050
-1186
-1250
-1254
-1486
-1722
-1533
-1125
-1029
-1172
-1120
-907
-816
-776
-602
-475
-545
-569
-395
-306
-470
-628
-656
-749
-925
-934
-799
-813
-998
-1101
-1100
-1163
-1227
-1042
-387
879
2339
2828
1720
129
-360
287
1107
1861
2496
2066
359
-810
-127
909
459
-663
-912
-728
-1020
-1110
-554
-767
-2466
-3829
-3256
-1864
-1421
-1903
-2459
-2904
-2998
-2056
-384
550
136
-552
-399
538
1687
2571
2744
2188
1786
2395
3553
4079
3715
3194
2984
2979
3223
3702
3660
2528
1168
860
1386
1501
919
348
-83
-700
-1111
-790
-348
-654
-1302
-1380
-1042
-1011
-1198
-1136
-1035
-1253
-1458
-1240
-936
-977
-1090
-916
-670
-638
-600
-376
-250
-390
-484
-364
-313
-461
-535
-484
-651
-1093
-1299
-1029
-779
-930
-1153
-1147
-1203
-1440
-1120
373
2150
2518
1216
-192
-463
51
729
1674
2458
1800
-123
-1061
35
1249
802
-343
-746
-860
-1261
-1080
-123
-109
-1869
-3540
-3323
-2007
-1279
-1433
-1973
-2693
-3117
-2411
-760
413
216
-660
-978
-247
1137
2344
2612
1902
1197
1571
2884
3942
4009
3468
2929
2625
2832
3671
4257
3466
1844
1120
1626
2010
1648
1258
998
236
-656
-598
93
46
-759
-1096
-800
-860
-1391
-1551
-1280
-1323
-1685
-1664
-1289
-1265
-1605
-1639
-1240
-948
-935
-832
-618
-668
-916
-875
-526
-329
-402
-534
-766
-1148
-1278
-883
-469
-622
-1159
-1534
-1536
-1158
-276
942
1712
1332
169
-615
-283
739
1532
1734
1464
784
-68
-252
614
1456
1034
-164
-763
-632
-497
-388
-99
-346
-1700
-3018
-2896
-1795
-1189
-1447
-1970
-2463
-2783
-2404
-1220
-157
-52
-532
-670
-141
703
1429
1746
1618
1463
1837
2712
3415
3482
3119
2771
2756
3223
3953
4191
3368
2056
1442
1808
2367
2496
2197
1481
374
-442
-256
458
543
-199
-942
-1264
-1427
-1519
-1374
-1282
-1711
-2367
-2508
-2079
-1730
-1771
-1908
-1900
-1821
-1648
-1240
-793
-704
-921
-958
-635
-298
-230
-343
-539
-802
-901
-573
-140
-239
-806
-1095
-804
-310
254
1036
1497
805
-486
-812
125
1045
1243
1180
903
-74
-1012
-458
1134
1722
714
-447
-877
-1008
-842
11
702
-150
-2005
-2957
-2405
-1379
-712
-538
-1073
-2158
-2705
-1933
-552
255
239
-163
-535
-455
361
1441
1884
1588
1373
1727
2293
2684
2963
3100
2878
2600
2914
3607
3642
2755
1953
1952
2266
2360
2381
2261
1495
330
-131
381
849
517
-256
-931
-1424
-1655
-1454
-1132
-1300
-2016
-2702
-2864
-2507
-2008
-1791
-1988
-2313
-2409
-2200
-1762
-1220
-883
-1037
-1405
-1372
-851
-392
-352
-510
-608
-676
-680
-449
-148
-206
-626
-830
-481
69
401
558
645
476
90
4
446
923
991
802
619
377
216
550
1197
1408
932
324
38
49
363
944
1206
576
-508
-1105
-961
-491
-33
151
-300
-1216
-1720
-1330
-552
-70
-29
-297
-732
-953
-532
279
729
580
290
249
444
797
1244
1533
1436
1190
1237
1618
1945
1966
1795
1622
1503
1498
1664
1842
1734
1309
901
759
749
647
465
284
33
-307
-556
-627
-741
-1055
-1335
-1346
-1261
-1364
-1596
-1779
-1925
-2026
-1888
-1482
-1177
-1255
-1499
-1564
-1415
-1171
-860
-578
-541
-748
-897
-831
-693
-555
-381
-278
-351
-460
-467
-469
-536
-438
-42
371
523
504
469
329
82
92
546
1045
1124
858
591
417
368
652
1243
1626
1418
917
663
783
1069
1320
1364
1028
417
-10
26
271
328
91
-299
-660
-808
-676
-471
-473
-698
-919
-960
-807
-549
-361
-418
-670
-810
-639
-254
140
404
465
324
143
178
506
935
1210
1230
1046
782
616
692
982
1280
1358
1160
823
534
421
463
552
617
619
501
219
-144
-444
-627
-688
-571
-325
-259
-606
-1142
-1441
-1363
-1091
-790
-593
-721
-1201
-1636
-1621
-1262
-934
-789
-775
-910
-1174
-1316
-1156
-855
-651
-531
-433
-459
-612
-656
-462
-193
-14
134
277
284
185
222
438
616
688
824
1002
1004
868
878
1088
1274
1368
1478
1521
1325
1047
1007
1178
1256
1163
1044
894
603
291
182
207
121
-68
-188
-254
-416
-644
-772
-795
-828
-856
-769
-638
-623
-727
-812
-812
-738
-569
-311
-100
-74
-214
-372
-404
-240
103
456
605
472
189
-24
-24
215
574
822
787
513
202
18
1
129
352
540
547
351
64
-158
-193
-6
297
471
350
-17
-396
-542
-388
-103
48
-89
-422
-720
-793
-645
-451
-383
-507
-751
-958
-1011
-923
-791
-706
-679
-678
-664
-608
-532
-464
-392
-292
-156
5
159
254
253
215
248
394
599
768
831
760
621
544
616
762
830
767
628
507
463
510
593
604
494
351
290
316
344
314
237
154
116
142
196
204
117
-26
-128
-134
-47
68
123
72
-56
-187
-243
-191
-47
109
181
111
-77
-283
-401
-377
-246
-112
-92
-239
-479
-687
-767
-714
-608
-525
-509
-545
-587
-613
-593
-507
-364
-192
-38
41
12
-66
-84
28
235
413
456
354
196
128
215
402
535
492
273
5
-148
-109
71
231
235
58
-202
-390
-403
-258
-70
33
-11
-145
-248
-235
-115
52
183
230
200
155
146
178
229
282
321
317
267
200
159
163
202
243
259
233
181
150
169
214
230
197
141
100
98
130
154
124
32
-67
-107
-51
61
150
155
61
-64
-132
-98
16
136
181
120
-11
-143
-215
-200
-140
-96
-118
-222
-375
-514
-580
-569
-538
-539
-589
-669
-739
-767
-751
-711
-668
-607
-519
-411
-319
-268
-239
-179
-50
123
276
337
311
279
336
505
701
805
744
568
417
407
550
737
815
715
496
284
198
269
413
506
457
280
74
-47
-24
102
223
248
158
11
-104
-133
-83
-3
45
32
-29
-105
-168
-188
-157
-102
-71
-87
-135
-183
-191
-152
-107
-101
-159
-237
-267
-216
-125
-74
-114
-226
-329
-335
-232
-97
-25
-62
-171
-253
-247
-159
-56
-3
-6
-29
-39
-29
-26
-42
-63
-67
-41
-16
-39
-116
-211
-271
-268
-232
-221
-262
-335
-391
-393
-346
-290
-264
-262
-255
-207
-122
-30
43
94
143
208
291
381
460
522
571
611
641
658
659
651
647
652
656
639
584
498
401
325
298
308
315
280
189
72
-19
-46
-17
23
26
-19
-83
-130
-145
-140
-142
-161
-175
-170
-153
-156
-195
-254
-304
-312
-287
-263
-273
-312
-352
-367
-366
-376
-404
-432
-418
-358
-283
-249
-293
-375
-419
-372
-244
-106
-39
-67
-154
-218
-209
-123
-7
76
103
78
34
8
20
64
112
143
153
138
111
88
76
75
76
71
67
67
67
65
59
50
45
55
86
135
184
211
213
204
205
231
277
328
365
378
364
335
315
319
337
350
346
313
263
216
182
168
159
135
92
40
-7
-44
-72
-94
-115
-135
-157
-187
-226
-270
-301
-299
-274
-247
-248
-288
-347
-380
-367
-316
-258
-222
-226
-259
-296
-302
-265
-204
-144
-112
-116
-150
-179
-172
-123
-55
1
18
-5
-47
-68
-40
29
106
143
127
81
37
34
77
144
195
202
165
115
83
90
129
169
188
168
121
74
45
49
77
105
111
83
37
-7
-23
-10
25
65
89
87
71
59
56
73
107
156
200
227
227
205
175
153
152
180
212
228
209
142
56
-10
-38
-26
1
7
-30
-103
-186
-241
-246
-212
-177
-168
-203
-266
-322
-342
-319
-277
-239
-234
-254
-284
-303
-296
-264
-230
-212
-212
-218
-213
-193
-161
-126
-94
-69
-58
-49
-33
-8
26
73
129
173
195
200
195
208
254
326
383
357
252
107
-4
0
150
377
572
615
480
220
-52
-201
-189
-51
117
238
264
202
86
-46
-170
-259
-285
-233
-114
25
125
133
45
-97
-221
-282
-259
-167
-37
93
191
240
231
167
74
1
-13
43
143
241
288
267
189
90
10
-30
-27
1
35
50
32
-20
-98
-180
-240
-258
-231
-188
-154
-147
-170
-206
-233
-244
-239
-237
-244
-255
-258
-235
-192
-142
-115
-126
-171
-224
-246
-216
-143
-56
13
38
18
-17
-40
-24
29
101
156
174
161
130
113
129
174
229
263
264
228
180
149
142
159
183
189
173
135
90
64
65
91
119
123
89
30
-29
-61
-56
-25
6
23
16
-8
-32
-43
-36
-25
-6
12
26
31
29
32
45
66
93
112
122
118
106
98
99
111
124
119
94
55
19
2
1
3
-14
-52
-102
-148
-170
-172
-160
-159
-178
-201
-219
-215
-194
-177
-167
-164
-162
-150
-139
-133
-132
-129
-111
-87
-62
-44
-46
-62
-76
-77
-56
-25
1
6
-10
-32
-43
-31
-3
33
62
73
71
65
68
72
87
109
139
176
199
210
204
179
160
145
143
155
164
167
157
130
108
98
92
82
54
14
-18
-27
-7
25
45
38
11
-21
-35
-24
13
53
83
98
99
97
99
103
119
136
155
184
218
252
269
249
207
163
152
201
295
391
419
324
114
-177
-452
-619
-628
-498
-285
-57
74
72
-66
-300
-565
-777
-882
-853
-714
-530
-381
-331
-404
-559
-715
-784
-724
-545
-315
-122
-24
-36
-129
-245
-329
-351
-317
-239
-140
-41
41
105
151
184
206
230
254
268
268
266
280
317
373
430
456
433
382
329
306
339
406
476
510
501
459
406
362
327
295
265
234
217
218
228
234
218
180
134
109
121
168
227
268
275
248
199
150
114
82
55
31
12
-1
-6
3
16
23
10
-33
-96
-163
-211
-214
-169
-94
-29
-20
-89
-234
-408
-564
-647
-641
-559
-447
-349
-291
-295
-347
-433
-502
-535
-497
-393
-264
-161
-153
-256
-454
-673
-832
-851
-726
-489
-215
-6
87
40
-93
-260
-386
-404
-301
-121
77
227
289
273
230
216
263
392
563
723
803
833
792
722
658
615
609
608
611
588
604
561
574
546
483
424
289
196
51
5
-56
-1
-4
30
75
10
55
-17
0
-39
-18
-26
-21
-70
-91
-49
-184
-119
-161
-112
-130
-105
-150
-127
-61
-136
20
-29
20
37
13
-111
-80
-149
-223
-190
-266
-231
-228
-127
-334
-283
-297
-322
-342
-320
-316
-358
-225
-423
-295
-149
-162
-229
-215
-396
-408
-279
-217
47
16
12
-16
-59
-211
-178
5
-51
22
130
203
157
169
114
12
-11
-201
-10
237
324
583
206
101
237
17
283
435
151
260
529
389
139
241
188
70
363
32
194
445
-3
359
128
-213
335
85
-108
200
67
-266
-2
3
-536
-53
180
-478
-273
114
-92
-66
-8
-201
-313
-60
-89
-372
130
107
-172
-51
-144
138
-61
2
17
2
99
-77
190
65
269
345
-120
-26
-100
-139
123
-112
-10
-131
-265
69
-467
-128
200
-377
-90
-347
-299
45
-285
-190
-17
-159
-223
41
-253
-486
153
-213
-545
462
-116
41
353
-64
-7
-186
417
-399
186
452
-318
378
-91
-120
204
-456
152
272
-128
446
-39
146
75
-241
121
112
661
-119
-268
255
-5
106
1
136
183
402
233
89
199
156
218
235
-188
111
171
46
75
39
-309
-407
351
-2
435
218
-161
509
-159
-268
106
181
352
170
-89
554
61
-396
293
-45
-166
184
497
-134
557
94
-392
-330
-810
-56
127
59
-314
-466
-348
-514
-734
-209
-337
40
-98
-536
6
71
-339
-915
101
193
-447
171
188
-76
-282
-285
525
217
-471
631
373
-515
15
80
257
-63
175
225
-5
217
-115
278
215
-27
67
136
286
334
103
53
-410
-333
485
85
-43
735
169
-866
241
110
-395
-141
4
261
-244
54
261
83
-471
-394
32
-62
-63
659
216
-513
241
-269
-301
216
233
484
8
6
372
80
134
261
70
97
111
671
534
-35
566
-329
-495
528
268
521
187
-383
-15
-151
-224
-306
-81
-85
-414
-88
-73
-180
-636
-675
-102
-783
-571
434
-583
-536
449
-580
-482
-84
2
134
-218
73
125
-68
-82
517
89
-298
-109
352
-244
203
784
-295
241
26
-102
-303
150
639
52
441
-132
159
200
-218
70
525
166
-571
686
548
-20
327
-269
-106
126
-383
416
283
97
-126
-253
157
-850
-516
400
-67
-258
407
78
-575
55
-91
-502
223
384
-22
178
372
-219
-398
252
-258
-85
411
41
345
-227
250
7
-751
243
29
95
-16
-114
226
-547
-229
344
-747
-383
804
-231
-200
393
-169
-368
-19
-14
55
426
155
-400
21
139
-440
316
323
-136
8
121
451
-418
89
313
-621
706
-39
-119
568
-406
-236
107
-282
117
457
-231
460
-44
-128
80
280
-127
170
738
-569
347
471
-345
89
374
-197
-32
15
150
8
35
-114
-21
199
-464
-146
7
-189
-567
-74
145
-362
-319
76
-225
-623
112
-24
-201
-119
125
-296
-256
308
-354
172
75
-206
614
60
28
269
-242
-209
4
222
246
109
564
-225
-302
-107
-356
381
-227
-199
574
53
-548
64
172
-434
-465
521
-28
-40
544
-153
167
-194
-229
-49
371
140
-54
589
225
41
-317
39
30
16
237
305
345
-199
182
-32
-268
174
129
75
427
-93
156
47
-489
578
-193
-154
584
-389
-331
421
-26
51
49
52
-452
-273
337
-371
360
63
-789
241
-177
-339
308
-11
-295
-179
-213
-376
298
257
-489
154
-217
-620
396
-104
-181
381
-474
-298
728
-567
-411
631
-255
-454
187
94
208
-155
-197
54
-184
-122
-108
674
-47
-353
665
-593
-184
474
-334
432
384
-232
-47
242
-296
296
232
-537
603
272
-353
573
170
-431
393
90
-294
540
187
-136
529
40
-258
761
-225
-368
741
-268
-42
816
-60
-310
365
-111
-126
383
-57
120
159
-328
-102
299
-34
-394
570
-408
-227
294
-448
59
4
-208
-302
54
-203
-221
297
-549
-230
325
-844
-36
186
-555
111
-103
-452
167
-95
-437
-27
-68
-448
20
115
-527
173
259
-404
239
-396
-237
-35
-19
313
-55
349
-322
-151
230
-379
206
408
-117
68
122
188
95
20
-8
123
-39
-38
727
216
-271
494
-39
-102
-114
173
585
-247
319
445
62
-254
18
274
-453
187
769
-11
120
339
-451
-51
174
-32
321
305
188
91
24
-84
-93
602
-604
20
1269
-893
134
623
-591
-50
-80
41
369
-251
-132
-19
-9
-578
-259
736
-630
-294
360
-319
-220
-13
-64
-378
-325
114
4
-164
86
32
-113
-230
-141
12
-159
-90
372
-253
-23
357
-346
67
-327
-65
286
-485
434
310
-570
205
111
-427
120
145
-1
-286
63
473
-307
450
-48
-512
331
-318
4
440
-103
110
116
-187
-56
228
-223
-165
245
-28
227
127
-407
177
184
-471
417
428
-611
216
342
-460
287
342
-370
239
-35
47
199
-14
257
-229
-27
94
-65
203
287
-118
-237
271
49
-158
445
-83
-176
100
-77
-26
272
-202
-9
271
-158
22
-21
-165
24
-140
-175
446
-117
-282
162
-71
-182
-118
267
-399
-63
128
-219
287
-301
-53
-111
-183
162
-244
-47
184
-269
-206
136
77
-422
124
23
-374
44
-38
-39
60
-34
-243
248
-118
-422
54
-20
81
64
133
108
-264
-232
-134
235
-189
83
320
-115
164
30
-193
156
-169
-368
412
213
80
237
-60
-224
-21
-36
-112
666
-11
-356
606
-123
-286
537
-95
-45
305
-315
429
469
-298
-44
250
-157
-269
473
346
-173
-115
34
11
21
14
332
-129
-221
351
-322
93
147
-292
271
-297
-27
381
-241
-18
-246
-96
-179
5
670
-306
8
-96
-327
123
-482
338
149
-213
-11
-21
199
-451
-28
89
-454
85
264
-182
395
-111
-266
-22
-228
-30
173
142
-306
283
-155
-33
52
-184
-96
146
145
-153
303
-117
-160
210
43
-184
94
320
-228
-72
168
-4
-88
14
4
321
87
-216
253
15
-253
-16
-43
209
57
155
373
-307
-66
-43
-184
195
39
-82
265
253
-373
121
304
-558
-178
377
1
-179
694
-117
-450
101
-346
-166
44
168
317
62
-261
414
-312
-421
182
-259
-71
248
222
-228
271
66
-506
-129
96
-45
100
321
-42
-183
20
52
-128
-246
-64
220
56
11
469
58
-480
-168
66
-148
119
167
-86
213
226
-118
-259
45
-260
-83
283
140
224
-22
110
-221
-273
-7
-65
41
102
85
175
176
-335
20
-49
-246
150
70
28
343
180
-658
80
199
-451
186
237
-75
280
-70
-178
176
-86
-291
-178
359
173
-50
95
25
-133
-288
-132
214
246
-236
302
198
-269
-86
-305
131
59
-8
-39
199
65
-316
194
-109
-222
176
81
-184
267
105
-535
252
-65
-230
398
-276
115
171
-386
180
79
-18
64
115
-158
-121
416
-221
-112
360
-214
-211
417
-43
-156
107
-196
59
177
12
-55
-2
-25
-105
97
141
151
-43
-312
113
-36
-206
493
80
-345
82
23
-42
198
-69
-88
-83
-212
304
48
-200
134
-43
-213
92
54
-150
-104
146
69
-155
-78
154
25
-341
30
456
-295
15
378
-289
-27
-149
-10
236
-185
54
139
-124
26
13
-224
47
183
-117
141
182
-319
68
113
-266
254
117
-221
52
113
-105
-2
59
-82
-7
19
98
205
-179
-25
121
-191
-60
103
239
-256
38
408
-413
-69
292
-88
-176
59
54
47
-58
1
225
-134
-2
-110
-73
89
-149
130
100
37
-17
-99
77
25
-102
-84
17
-70
162
207
18
-232
-37
7
-336
278
290
-198
-28
21
-6
-75
-42
35
-140
14
137
116
62
-90
-96
-192
-185
102
238
107
-19
25
-102
-93
-82
4
76
-8
0
94
122
10
-60
-119
-183
30
171
86
117
17
-74
-70
-71
23
-32
-15
122
47
76
128
-156
-179
-62
-4
192
8
102
14
-162
-39
-15
202
-53
-94
133
-153
0
33
81
126
-306
113
114
-172
147
-85
-11
29
-165
146
158
-39
-163
-8
14
-188
190
121
-47
43
-71
-115
-9
-18
-28
267
4
-100
159
-169
-192
104
-79
17
289
-40
-36
167
-65
-238
-27
49
-84
137
109
-23
27
-112
-97
-84
-47
121
11
59
104
27
10
-202
-48
-30
-124
164
73
-65
-3
4
-37
-66
79
-60
-26
262
-18
13
135
-169
-84
-47
-15
160
10
-112
60
59
-122
54
58
-49
120
-26
-86
121
90
-121
-84
-7
-133
4
162
4
35
18
-76
-11
-23
114
75
-51
-67
-1
-2
-13
49
-91
-41
73
-85
31
131
-33
34
-17
-69
26
-36
73
36
-129
-3
56
-34
-4
130
-18
-116
49
-23
18
120
-44
-103
19
-1
-7
7
75
32
-85
-46
-1
-9
-24
111
-27
-79
7
-18
10
-35
-3
52
-14
17
94
38
-42
-95
-45
5
-6
58
0
-38
-12
-57
-3
3
30
37
-21
113
0
-28
5
-87
13
-41
-29
0
-25
45
-40
-32
47
6
3
23
82
21
13
79
-13
7
22
-83
-12
44
39
41
66
-7
-59
48
-7
-29
-3
0
30
-37
-8
10
-29
-57
-97
-7
37
36
37
-38
3
16
-57
20
26
-10
20
28
17
42
51
-45
-46
-15
-40
57
88
-7
-24
15
-14
-51
24
-39
-3
25
-71
13
16
-7
-57
-66
-21
-33
19
5
-28
23
-42
-36
40
-9
-15
12
-2
5
27
41
-20
5
14
-7
67
1
-11
37
-41
2
-19
-12
0
-12
23
-33
0
-9
-4
-39
-40
-24
-4
47
-35
15
24
-71
40
30
-34
92
59
13
16
14
66
13
56
68
12
-5
-12
3
-14
15
59
16
-12
-3
2
-17
-59
7
15
-29
-27
5
39
-49
-45
1
-42
-41
15
37
23
-5
9
25
-36
-25
-10
27
-20
-30
104
-29
-50
18
-97
-70
1
-24
35
30
-65
1
-61
-108
27
-1
-35
45
39
-46
-7
30
-58
11
28
2
96
16
-8
46
-8
-2
36
35
25
38
16
-22
18
38
-4
-7
-1
-21
37
19
-42
4
22
-53
-17
67
-26
-23
36
-15
-20
17
-5
-4
18
-14
40
29
-18
5
-1
3
10
6
-12
39
9
-60
-17
17
-31
-46
18
5
-24
8
20
-28
-27
-12
-14
34
14
-23
5
21
-19
-20
25
11
-28
-39
26
33
-22
14
21
-30
-24
2
-4
0
13
-19
-9
5
-21
-7
2
-16
-17
3
3
6
6
-11
-17
3
19
8
8
11
21
-22
-2
46
-5
-1
18
32
3
13
39
-12
2
2
2
27
1
10
24
-8
-33
-2
42
-13
-28
17
10
-4
-9
7
-14
-16
-9
-18
1
-6
7
