2
0
-2
-5
-8
-11
-13
-11
-10
-11
-12
-16
-19
-21
-23
-22
-22
-20
-18
-16
-14
-11
-8
-8
-7
-5
0
7
14
18
18
18
20
23
26
27
28
29
29
30
32
32
29
28
24
21
20
23
24
24
22
20
18
14
11
10
9
9
10
8
5
0
-3
-10
-15
-18
-17
-19
-23
-21
-20
-21
-23
-24
-28
-31
-29
-26
-26
-27
-27
-27
-26
-26
-25
-23
-22
-23
-25
-23
-21
-18
-12
-7
-3
0
3
4
7
14
17
20
20
20
22
22
22
23
22
20
17
18
18
19
17
15
11
6
0
-3
-7
-12
-14
-18
-24
-27
-29
-32
-33
-33
-34
-32
-29
-24
-19
-16
-15
-15
-11
-5
4
11
15
22
29
33
40
40
41
44
48
54
58
61
61
57
54
51
47
45
43
41
40
39
37
31
23
12
3
-3
-6
-8
-10
-17
-24
-28
-35
-41
-48
-49
-50
-51
-48
-45
-52
-69
-69
-77
-78
-76
-85
-83
-77
-73
-69
-75
-77
-73
-67
-59
-54
-53
-39
-32
-24
-18
-16
-9
-2
9
18
29
38
45
52
58
68
78
85
95
103
115
133
145
151
158
163
176
183
178
175
168
168
173
166
159
147
131
125
110
91
75
59
44
23
2
-20
-43
-66
-95
-124
-151
-174
-194
-220
-228
-229
-228
-225
-232
-236
-231
-227
-212
-197
-175
-143
-107
-69
-39
-11
12
36
61
86
115
144
173
197
214
222
224
222
218
215
214
213
210
199
183
160
131
100
70
45
24
6
-8
-28
-53
-86
-122
-153
-182
-201
-211
-220
-223
-226
-236
-244
-257
-263
-262
-256
-241
-226
-206
-190
-178
-168
-156
-143
-118
-95
-70
-37
-13
6
25
41
50
66
84
100
118
141
151
156
166
168
173
186
199
211
222
228
223
215
213
208
210
217
220
220
220
205
182
162
142
122
113
107
95
81
58
24
-14
-53
-87
-116
-134
-149
-165
-185
-215
-252
-288
-320
-346
-357
-352
-340
-322
-308
-301
-299
-305
-302
-280
-253
-205
-147
-95
-46
0
31
49
72
102
138
190
249
300
340
363
370
363
363
366
369
384
391
390
381
356
314
265
218
177
143
120
102
69
30
-16
-75
-132
-163
-197
-230
-225
-231
-267
-274
-286
-347
-361
-338
-365
-364
-299
-305
-333
-283
-283
-331
-284
-237
-258
-208
-127
-139
-129
-67
-82
-104
-44
-24
-34
39
83
66
99
125
89
87
125
122
135
189
210
205
230
234
210
213
228
234
250
289
310
314
325
317
285
266
259
238
233
248
240
219
213
183
130
96
69
26
1
-1
-23
-57
-82
-121
-184
-231
-264
-302
-321
-322
-324
-337
-345
-358
-388
-406
-400
-389
-366
-319
-271
-240
-208
-179
-169
-148
-105
-65
-18
51
107
142
174
200
207
212
236
266
290
313
339
343
314
294
288
237
202
231
212
167
201
193
92
83
89
-30
-57
10
-75
-131
-49
-107
-215
-155
-172
-301
-242
-190
-303
-266
-175
-281
-304
-196
-261
-302
-185
-172
-220
-131
-88
-149
-101
-45
-86
-62
18
6
14
74
72
50
75
91
79
99
134
144
138
156
166
144
149
176
164
161
201
203
191
219
234
208
219
234
198
204
236
212
197
212
191
162
148
120
72
42
27
-3
-37
-60
-95
-157
-211
-243
-294
-332
-346
-382
-418
-420
-428
-458
-476
-477
-481
-472
-429
-411
-397
-346
-300
-263
-222
-172
-114
-70
-9
74
126
170
252
295
291
356
438
420
451
548
536
514
603
587
476
528
555
430
444
502
374
327
360
255
132
108
90
-51
-110
-42
-192
-317
-222
-364
-545
-426
-493
-656
-554
-525
-673
-652
-541
-639
-686
-506
-535
-652
-411
-364
-535
-290
-183
-382
-171
-8
-183
-38
152
21
58
260
190
127
333
337
206
378
434
272
398
473
340
416
498
400
419
492
444
431
483
468
432
462
453
406
416
406
373
375
355
318
303
260
210
177
120
62
20
-35
-99
-151
-210
-283
-348
-408
-472
-525
-570
-612
-644
-666
-682
-698
-705
-704
-696
-670
-634
-596
-553
-504
-444
-390
-336
-253
-194
-149
-61
4
27
117
192
175
248
345
322
350
479
446
410
544
518
423
539
557
428
507
536
417
417
464
376
290
382
302
171
259
211
61
83
115
-55
-101
-27
-142
-242
-174
-175
-340
-297
-227
-383
-393
-251
-351
-443
-234
-303
-425
-230
-226
-339
-233
-112
-228
-200
-15
-108
-142
27
-8
-90
80
77
-15
131
120
68
146
164
125
156
203
158
185
214
185
198
222
198
188
229
190
204
230
183
200
213
185
192
202
166
161
159
117
106
77
27
-9
-42
-98
-162
-196
-254
-337
-389
-421
-488
-538
-557
-620
-637
-643
-664
-647
-653
-624
-575
-533
-460
-387
-358
-244
-119
-124
16
127
194
269
323
511
522
492
743
774
622
886
921
779
898
921
870
832
887
793
686
769
655
456
636
451
157
429
245
-86
53
73
-344
-325
-187
-558
-600
-484
-676
-776
-638
-819
-863
-686
-889
-883
-688
-853
-864
-608
-708
-775
-500
-564
-588
-356
-384
-404
-197
-139
-330
-12
66
-223
77
255
-38
91
431
117
189
457
285
273
482
418
312
534
487
381
531
567
408
531
612
432
502
575
450
446
517
427
378
432
397
317
322
286
200
172
141
49
5
-53
-138
-191
-273
-334
-390
-459
-530
-559
-610
-643
-662
-687
-710
-674
-663
-630
-580
-520
-506
-456
-342
-386
-308
-197
-184
-186
-7
2
71
120
235
290
263
412
421
448
472
565
462
589
492
548
551
499
533
509
560
460
537
457
495
336
541
303
256
378
145
103
103
72
-160
-50
-195
-184
-391
-268
-358
-534
-427
-542
-507
-633
-546
-527
-622
-643
-371
-621
-549
-285
-504
-392
-213
-264
-353
-62
-82
-274
-19
136
-234
27
277
-157
66
305
25
37
380
160
71
419
280
79
412
380
48
411
402
118
313
446
206
245
448
301
272
407
399
313
389
375
340
325
266
271
212
140
98
32
-70
-136
-205
-310
-382
-408
-489
-564
-532
-587
-659
-585
-609
-632
-594
-508
-462
-553
-416
-304
-383
-316
-201
-196
-27
-93
12
238
77
250
365
318
375
493
581
574
461
706
752
425
656
726
550
525
746
542
350
693
520
117
396
505
-83
152
284
-165
-267
122
-248
-747
-104
-241
-881
-562
-246
-858
-728
-516
-773
-719
-623
-666
-753
-517
-543
-675
-481
-426
-538
-300
-339
-396
-140
-113
-241
-98
17
27
27
13
236
188
200
255
314
334
408
426
375
562
550
501
520
664
577
529
699
598
543
635
629
493
543
595
485
444
467
478
340
312
328
234
121
85
113
-49
-158
-117
-251
-430
-443
-503
-671
-697
-692
-836
-835
-794
-840
-894
-786
-838
-739
-720
-763
-557
-675
-488
-574
-580
-340
-338
-417
-150
-80
-113
224
-93
244
525
96
368
734
383
360
907
508
396
995
590
517
916
798
489
883
896
275
814
815
226
317
940
129
-132
947
-95
-253
624
-95
-460
358
-94
-669
127
-266
-596
-251
-333
-520
-642
-221
-678
-643
-338
-696
-490
-579
-462
-568
-368
-493
-373
-317
-440
-77
-518
-69
-128
-287
-135
-7
-113
-300
205
-22
-163
165
232
-136
162
342
-49
264
434
123
245
445
263
212
498
450
270
499
450
364
448
498
434
396
352
350
301
186
304
177
10
19
-64
-206
-224
-219
-348
-374
-456
-506
-459
-509
-557
-437
-483
-614
-334
-436
-424
-273
-284
-282
-290
-159
-40
-37
-143
217
157
-54
222
533
271
139
716
563
22
713
872
202
530
836
417
379
789
414
536
471
309
424
392
271
203
309
-81
21
146
-193
-187
37
-570
-461
26
-789
-747
22
-803
-1085
-331
-552
-1111
-599
-303
-1316
-540
-302
-1164
-519
-212
-830
-520
-128
-654
-292
-108
-211
-214
152
65
-305
274
189
-98
450
343
23
365
299
356
437
504
545
452
455
628
741
746
804
678
690
596
734
850
686
819
671
461
638
690
566
524
460
245
142
232
227
25
-156
-268
-554
-573
-522
-685
-709
-908
-1051
-1015
-949
-949
-911
-904
-981
-771
-739
-523
-464
-609
-432
-400
-370
-222
16
-200
-148
41
-138
190
345
140
299
523
329
420
644
492
502
602
571
335
714
837
161
645
756
165
507
547
367
469
257
183
117
251
120
-256
294
-82
-503
49
-166
-420
-159
-340
-560
-347
-528
-379
-343
-407
-572
-602
-189
-609
-445
-152
-305
-480
-437
-293
-367
-12
-227
-310
-107
-206
-171
-133
151
177
36
-77
75
283
284
438
364
452
346
314
652
659
684
626
454
419
521
605
668
662
420
297
394
380
403
470
333
127
-41
-51
-10
-64
-202
-433
-628
-720
-761
-751
-746
-869
-1089
-1146
-1083
-997
-891
-893
-865
-906
-811
-541
-325
-265
-208
-26
-55
150
429
593
644
505
584
757
836
853
1017
912
797
891
936
966
910
907
651
668
845
686
552
423
266
102
249
289
-13
-168
-209
-354
-415
-198
-290
-543
-740
-711
-449
-621
-726
-837
-905
-776
-822
-627
-572
-946
-1099
-763
-584
-512
-377
-620
-728
-755
-470
18
-82
-160
-283
-286
-3
131
290
409
265
83
149
423
748
443
328
692
535
520
735
727
601
662
896
999
1002
860
560
555
891
997
1093
1074
538
195
412
671
760
714
281
-257
-412
-246
-7
-3
-399
-999
-1327
-1217
-963
-832
-960
-1368
-1793
-1754
-1335
-1068
-1111
-1293
-1442
-1470
-1083
-497
-353
-504
-547
-467
-130
476
835
744
541
517
766
1224
1578
1587
1349
1073
1029
1308
1608
1631
1352
1011
816
739
763
804
639
306
54
-18
-97
-287
-461
-605
-711
-719
-672
-693
-912
-1083
-1067
-1043
-847
-669
-837
-952
-856
-773
-736
-659
-474
-424
-465
-422
-307
-100
-101
-273
-45
322
183
31
128
248
322
244
401
642
477
173
182
426
630
687
705
730
454
178
353
763
996
958
836
454
-12
98
581
881
876
522
6
-255
-182
180
698
703
-29
-694
-754
-555
-298
13
-188
-972
-1608
-1703
-1396
-997
-893
-1177
-1550
-1807
-1755
-1313
-959
-1002
-1071
-980
-859
-643
-383
-240
-209
-125
283
856
1101
1025
954
1008
1245
1762
2315
2419
2087
1731
1575
1791
2228
2384
2238
1882
1266
896
1075
1229
1149
1030
609
-32
-417
-551
-593
-546
-626
-1020
-1562
-2004
-2237
-2165
-1842
-1673
-1780
-1976
-2175
-2256
-2105
-1607
-1097
-1081
-1108
-966
-1151
-1142
-582
-177
57
244
44
-205
58
487
675
940
1018
496
261
606
714
799
1025
877
761
946
935
727
607
632
927
1494
1768
1276
405
-169
-92
683
1524
1534
661
-476
-997
-442
708
1471
985
-430
-1441
-1401
-584
472
810
-175
-1639
-2367
-2038
-1081
-300
-388
-1150
-1822
-2011
-1644
-980
-623
-764
-962
-911
-705
-508
-407
-301
-74
289
785
1112
917
541
607
1133
1850
2459
2493
1935
1364
1248
1765
2639
3029
2599
1841
1140
788
1093
1635
1705
1193
368
-336
-548
-434
-310
-320
-709
-1440
-2000
-2188
-2195
-2115
-2085
-2269
-2597
-2920
-3073
-2900
-2547
-2238
-1965
-1847
-1964
-1995
-1742
-1315
-778
-292
-94
-110
-102
63
497
1055
1355
1372
1305
1219
1293
1609
1800
1707
1652
1712
1783
1893
1818
1424
1164
1410
1961
2407
2215
1148
67
4
829
1698
1871
955
-563
-1478
-1069
270
1316
942
-645
-2069
-2329
-1490
-312
198
-531
-2074
-3312
-3289
-2172
-1118
-936
-1504
-2315
-2829
-2575
-1714
-948
-675
-819
-1063
-1098
-882
-541
-79
453
844
1025
1055
946
890
1242
1987
2646
2846
2606
2167
1905
2142
2785
3351
3390
2838
2081
1634
1637
1900
2127
1973
1260
335
-235
-291
-90
18
-213
-858
-1704
-2283
-2323
-2041
-1889
-2087
-2566
-3123
-3474
-3424
-3010
-2513
-2331
-2567
-2877
-2929
-2653
-2027
-1262
-832
-886
-1082
-1024
-541
210
815
1043
987
820
812
1162
1684
1993
1966
1742
1585
1732
2054
2271
2182
1828
1724
2285
2921
2631
1479
504
553
1373
2019
1855
887
-429
-1250
-723
734
1490
578
-1223
-2400
-2250
-1192
-107
167
-859
-2731
-3993
-3558
-2031
-916
-1012
-2031
-3125
-3486
-2815
-1545
-585
-530
-1077
-1527
-1503
-970
-77
794
1264
1289
1092
919
1008
1570
2505
3269
3342
2828
2296
2164
2494
3198
3893
3931
3121
2093
1648
1928
2478
2763
2472
1589
495
-183
-131
248
292
-213
-1056
-1922
-2496
-2562
-2290
-2164
-2495
-3127
-3690
-3935
-3839
-3531
-3228
-3118
-3231
-3401
-3408
-3164
-2714
-2175
-1714
-1491
-1495
-1443
-1049
-343
354
762
835
766
843
1190
1728
2162
2236
2034
1926
2132
2552
2872
2818
2421
2115
2409
3171
3509
2731
1415
858
1499
2416
2556
1720
407
-655
-716
388
1585
1390
-321
-2032
-2437
-1662
-598
4
-431
-2029
-3818
-4269
-3048
-1498
-1028
-1774
-2968
-3787
-3667
-2530
-1120
-492
-888
-1597
-1894
-1581
-777
271
1116
1329
978
620
703
1287
2166
2965
3261
2918
2347
2144
2513
3189
3764
3895
3436
2648
2105
2141
2516
2708
2432
1759
939
291
42
119
189
-54
-663
-1432
-2090
-2438
-2415
-2237
-2337
-2915
-3642
-4015
-3919
-3626
-3400
-3329
-3410
-3549
-3507
-3133
-2619
-2272
-2077
-1823
-1493
-1217
-962
-560
-14
439
686
855
1066
1318
1592
1878
2121
2227
2222
2312
2597
2853
2771
2421
2374
2992
3721
3547
2330
1239
1340
2267
2833
2484
1477
272
-559
-336
884
1757
1020
-818
-2123
-2145
-1399
-575
-203
-926
-2780
-4395
-4241
-2652
-1454
-1718
-2854
-3802
-4054
-3507
-2359
-1338
-1193
-1802
-2314
-2145
-1415
-477
387
863
820
573
628
1144
1905
2672
3232
3336
2982
2614
2702
3251
3895
4268
4145
3520
2763
2468
2801
3244
3177
2533
1683
964
545
494
622
462
-211
-1081
-1705
-1991
-2089
-2135
-2273
-2700
-3356
-3794
-3762
-3497
-3400
-3573
-3808
-3912
-3806
-3430
-2910
-2583
-2601
-2675
-2396
-1748
-1083
-649
-426
-312
-176
150
716
1291
1556
1499
1368
1385
1645
2114
2621
2878
2644
2062
1696
2095
3177
3968
3437
1874
763
1119
2322
3000
2606
1482
186
-606
-238
1058
1903
1147
-634
-1932
-2043
-1278
-327
30
-864
-2760
-4117
-3690
-2183
-1282
-1671
-2693
-3486
-3697
-3203
-2113
-1151
-1057
-1649
-2096
-1872
-1128
-223
582
987
914
761
985
1594
2264
2781
3144
3266
3095
2906
2972
3296
3700
3931
3810
3319
2704
2439
2619
2793
2607
2067
1367
693
217
107
166
-96
-796
-1569
-2081
-2330
-2439
-2472
-2601
-3078
-3750
-4103
-3954
-3612
-3471
-3597
-3816
-4003
-3929
-3399
-2687
-2295
-2351
-2478
-2248
-1670
-989
-372
21
112
123
371
930
1558
1952
2054
1947
1836
2011
2575
3181
3287
2743
2151
2310
3222
3932
3470
2159
1303
1611
2439
2761
2245
1262
303
-176
250
1222
1574
613
-951
-1867
-1694
-943
-320
-401
-1569
-3317
-4219
-3441
-1913
-1299
-2055
-3245
-3906
-3778
-2952
-1810
-1115
-1383
-2200
-2578
-2082
-1054
20
727
783
375
198
779
1849
2701
3026
2975
2782
2687
2896
3372
3795
3892
3712
3400
3030
2790
2870
3083
3026
2558
1892
1270
798
570
547
362
-273
-1128
-1754
-1999
-2031
-1998
-2039
-2406
-3152
-3796
-3834
-3425
-3193
-3433
-3854
-4107
-4113
-3807
-3169
-2500
-2254
-2492
-2675
-2334
-1559
-725
-159
-49
-282
-387
78
991
1751
1995
1886
1726
1705
1964
2545
3168
3328
2835
2171
2090
2815
3718
3835
2936
1806
1412
1883
2499
2523
1806
711
-219
-391
291
1069
943
-200
-1435
-1909
-1548
-849
-477
-1013
-2458
-3863
-4079
-3103
-2109
-2043
-2762
-3567
-3918
-3562
-2554
-1501
-1213
-1763
-2371
-2291
-1519
-520
330
792
784
616
819
1540
2375
2922
3161
3196
3087
3043
3334
3842
4161
4125
3923
3690
3404
3178
3173
3213
2931
2314
1688
1221
821
487
282
7
-575
-1281
-1734
-1921
-2123
-2419
-2693
-2990
-3427
-3833
-3919
-3772
-3707
-3772
-3815
-3800
-3767
-3575
-3122
-2693
-2605
-2692
-2537
-2036
-1420
-861
-422
-202
-142
53
550
1131
1498
1625
1661
1682
1746
2027
2514
2836
2674
2273
2277
2930
3651
3561
2587
1627
1528
2153
2640
2386
1501
494
-127
34
864
1524
1083
-368
-1648
-1775
-895
87
294
-697
-2527
-3975
-3857
-2417
-1199
-1345
-2546
-3703
-4009
-3273
-1861
-674
-596
-1535
-2420
-2323
-1285
31
962
1129
633
155
440
1488
2588
3125
3054
2690
2431
2620
3295
4007
4222
3878
3336
2905
2724
2825
3016
2909
2323
1551
1000
736
608
468
182
-369
-1096
-1722
-2063
-2218
-2361
-2586
-2962
-3468
-3903
-4018
-3826
-3578
-3451
-3438
-3525
-3660
-3612
-3178
-2527
-2103
-2100
-2251
-2166
-1704
-997
-296
111
101
-48
138
789
1472
1731
1613
1503
1661
2094
2593
2838
2633
2311
2521
3310
3820
3281
2105
1412
1729
2520
2981
2658
1569
234
-389
321
1685
2193
1087
-818
-2107
-2041
-929
251
338
-1173
-3393
-4548
-3721
-1858
-724
-1180
-2681
-4021
-4203
-3032
-1330
-388
-815
-1979
-2729
-2414
-1163
358
1318
1240
478
-2
472
1693
2906
3501
3313
2690
2278
2512
3201
3766
3864
3582
3092
2537
2196
2262
2544
2605
2225
1516
685
-14
-284
-109
30
-390
-1331
-2271
-2786
-2796
-2468
-2166
-2340
-3070
-3821
-3928
-3347
-2640
-2351
-2571
-3025
-3287
-3000
-2204
-1389
-1069
-1275
-1598
-1624
-1174
-332
542
935
659
186
216
879
1650
1974
1817
1545
1499
1743
2077
2241
2296
2518
2895
2910
2236
1395
1190
1682
2153
2077
1471
568
-313
-569
142
1140
1192
-51
-1642
-2438
-2067
-948
28
-161
-1807
-3818
-4511
-3402
-1642
-725
-1210
-2640
-3993
-4155
-2732
-692
340
-268
-1617
-2365
-1869
-346
1401
2357
2006
982
513
1126
2319
3357
3884
3812
3272
2767
2839
3440
4058
4322
4180
3638
2829
2195
2113
2380
2489
2205
1556
610
-391
-952
-838
-489
-572
-1267
-2280
-3212
-3644
-3317
-2560
-2243
-2860
-3892
-4455
-4213
-3449
-2633
-2218
-2463
-3083
-3300
-2685
-1667
-980
-875
-1114
-1344
-1242
-623
267
825
742
386
328
680
1155
1536
1790
1840
1639
1381
1420
1936
2694
3166
2881
1929
1012
891
1604
2403
2477
1635
334
-681
-720
282
1472
1624
346
-1492
-2593
-2254
-798
577
503
-1385
-3769
-4697
-3514
-1422
-162
-538
-2136
-3735
-4001
-2494
-258
1010
579
-846
-1970
-1894
-479
1571
2946
2769
1476
475
779
2223
3860
4689
4309
3171
2293
2383
3228
4077
4353
3938
3023
2042
1541
1722
2200
2338
1829
819
-310
-1108
-1250
-868
-596
-1015
-2051
-3125
-3699
-3604
-3076
-2647
-2808
-3536
-4241
-4344
-3804
-3048
-2521
-2441
-2746
-3073
-2961
-2287
-1416
-861
-797
-997
-1078
-769
-81
631
930
764
492
546
992
1608
2110
2250
1961
1494
1434
2086
3054
3427
2768
1587
842
1101
2036
2800
2620
1409
-115
-851
-238
1120
1904
1227
-543
-2152
-2507
-1469
5
594
-394
-2414
-4015
-4042
-2562
-830
-263
-1273
-2946
-3873
-3317
-1685
-89
521
-56
-1171
-1754
-1130
434
1968
2610
2243
1409
885
1200
2325
3606
4182
3710
2702
2071
2270
3049
3799
3996
3456
2426
1542
1327
1709
2083
1902
1133
124
-692
-1000
-829
-608
-843
-1571
-2349
-2775
-2839
-2756
-2696
-2778
-3041
-3349
-3455
-3300
-3052
-2855
-2699
-2523
-2332
-2140
-1922
-1685
-1436
-1131
-738
-351
-111
-30
17
153
415
779
1127
1318
1315
1267
1330
1467
1662
2029
2563
2822
2427
1629
1105
1182
1583
1970
2118
1760
749
-369
-646
132
1066
1138
269
-900
-1735
-1850
-1161
-208
-46
-1177
-2814
-3641
-3174
-2041
-1115
-898
-1469
-2476
-3143
-2789
-1544
-300
134
-278
-942
-1165
-561
681
1868
2333
2008
1435
1253
1712
2604
3426
3710
3365
2790
2494
2674
3127
3479
3432
2926
2267
1887
1888
1939
1695
1159
579
132
-140
-266
-407
-745
-1254
-1682
-1856
-1907
-2051
-2313
-2602
-2856
-3000
-2943
-2746
-2640
-2718
-2771
-2602
-2297
-2049
-1886
-1713
-1535
-1393
-1214
-942
-687
-564
-489
-297
12
280
443
585
730
803
807
855
1004
1186
1358
1557
1733
1713
1413
1007
772
825
1089
1386
1486
1207
630
123
36
332
625
549
65
-524
-838
-701
-323
-153
-502
-1237
-1860
-1945
-1475
-870
-631
-946
-1545
-1937
-1809
-1229
-575
-222
-330
-682
-835
-468
319
1071
1399
1259
963
883
1208
1825
2359
2497
2223
1861
1735
1911
2249
2523
2575
2337
1918
1573
1492
1609
1691
1535
1123
582
110
-88
29
244
197
-281
-980
-1491
-1569
-1290
-958
-899
-1261
-1922
-2483
-2578
-2255
-1893
-1774
-1877
-2084
-2331
-2480
-2304
-1811
-1389
-1386
-1661
-1774
-1548
-1234
-1016
-819
-585
-454
-529
-592
-358
101
424
456
442
640
963
1179
1232
1228
1201
1095
983
1057
1362
1679
1770
1626
1396
1195
1083
1088
1195
1297
1244
987
653
404
254
108
-94
-296
-426
-494
-559
-650
-770
-916
-1062
-1149
-1141
-1066
-986
-911
-817
-695
-575
-489
-433
-341
-139
169
468
620
628
607
618
645
746
1002
1314
1480
1393
1157
1016
1091
1223
1274
1271
1212
1039
836
734
725
765
746
522
218
85
56
-63
-239
-377
-466
-550
-729
-997
-1147
-1156
-1310
-1555
-1496
-1255
-1313
-1638
-1784
-1616
-1435
-1457
-1513
-1410
-1293
-1352
-1374
-1046
-644
-657
-929
-956
-694
-455
-266
34
359
473
377
317
426
596
710
821
997
1145
1195
1216
1247
1260
1243
1193
1102
1032
1091
1264
1378
1264
927
511
161
-62
-119
-30
31
-145
-530
-838
-916
-862
-817
-832
-879
-898
-830
-676
-479
-306
-260
-378
-569
-623
-386
40
391
481
362
250
215
250
430
785
1133
1168
898
675
669
736
719
691
732
753
724
669
640
627
558
474
381
332
427
554
581
344
-113
-375
-408
-450
-494
-491
-362
-368
-736
-1072
-1206
-1145
-1020
-1091
-1070
-913
-856
-858
-1027
-1181
-1157
-1074
-819
-576
-487
-467
-578
-583
-420
-250
-5
191
270
265
162
193
375
498
445
222
175
479
891
1161
1147
925
617
289
151
333
735
1044
951
488
-95
-552
-756
-741
-584
-438
-452
-600
-751
-776
-671
-574
-597
-746
-875
-767
-364
149
468
386
-9
-393
-462
-95
535
1053
1204
994
671
474
459
600
817
970
979
913
953
1121
1174
927
511
249
284
491
739
956
1004
702
135
-248
-103
376
617
376
0
-171
-171
-204
-257
-180
-176
-545
-1057
-1161
-742
-421
-685
-1166
-1321
-1148
-1028
-1011
-841
-682
-897
-1349
-1449
-972
-456
-360
-469
-425
-348
-461
-504
-86
612
1001
871
558
404
356
240
140
216
406
519
512
541
692
762
496
-41
-485
-549
-292
32
226
164
-221
-848
-1434
-1707
-1650
-1420
-1113
-754
-406
-193
-203
-422
-751
-1005
-922
-385
465
1263
1648
1528
1110
761
718
968
1323
1611
1797
1934
2054
2093
1927
1526
1030
660
579
801
1216
1589
1564
975
69
-638
-868
-795
-714
-661
-476
-184
-26
-204
-648
-1131
-1458
-1507
-1218
-645
-56
190
-35
-478
-814
-972
-1089
-1215
-1182
-835
-306
89
148
-105
-534
-1003
-1370
-1459
-1183
-586
119
620
702
398
50
19
417
970
1352
1460
1409
1333
1204
961
587
148
-277
-551
-483
-54
430
480
-120
-1068
-1806
-2004
-1780
-1496
-1420
-1568
-1815
-2003
-2068
-2060
-2052
-2034
-1854
-1367
-617
147
648
810
782
772
884
1142
1538
2035
2548
2990
3311
3433
3260
2804
2299
2011
1994
2055
1981
1765
1500
1229
920
532
81
-378
-763
-967
-950
-813
-753
-919
-1274
-1614
-1735
-1609
-1386
-1230
-1161
-1053
-816
-522
-333
-327
-449
-588
-660
-581
-332
-32
155
173
120
69
-32
-198
-329
-346
-366
-456
-479
-265
54
185
232
603
1388
2018
1925
1297
776
646
589
349
64
-64
-136
-287
-363
-242
-234
-774
-1766
-2542
-2591
-2129
-1705
-1600
-1734
-1959
-2248
-2541
-2677
-2607
-2420
-2149
-1636
-737
331
1100
1338
1242
1155
1163
1183
1288
1686
2405
3146
3622
3793
3744
3461
2940
2368
1976
1748
1460
1092
862
898
988
828
418
-42
-456
-849
-1170
-1276
-1153
-984
-902
-831
-692
-571
-633
-849
-1017
-1022
-907
-770
-608
-369
-131
2
-12
-121
-286
-530
-762
-814
-593
-227
22
71
11
-73
-170
-276
-283
-180
-77
101
578
1486
2405
2729
2417
1819
1298
731
5
-559
-747
-665
-635
-730
-684
-613
-854
-1506
-2341
-2919
-3212
-3334
-3220
-2940
-2640
-2555
-2695
-2719
-2534
-2264
-2000
-1699
-1135
-352
469
1272
1986
2505
2626
2376
2192
2364
2769
3021
2967
2951
3138
3368
3388
3087
2632
1986
1138
380
-21
27
152
25
-156
-203
-33
194
217
97
-231
-733
-1074
-1051
-583
-18
225
249
205
147
82
-39
-63
-24
-203
-513
-705
-644
-435
-441
-629
-726
-778
-810
-917
-1092
-1120
-1167
-1169
-970
-726
-347
42
523
1342
2008
2377
2333
1891
1515
933
356
24
-331
-535
-952
-1343
-1157
-933
-813
-1196
-2081
-2647
-3130
-3354
-3255
-3323
-3265
-3408
-3586
-3153
-2613
-1993
-1486
-1286
-708
-63
559
1401
1956
2417
2654
2528
2788
3166
3467
3745
3550
3469
3501
3282
3222
2856
2316
1791
886
382
184
-23
-80
-538
-777
-542
-335
135
334
262
184
-318
-474
-199
67
390
218
77
395
630
977
1079
825
556
-129
-675
-779
-863
-807
-1038
-1326
-1229
-1208
-1115
-1108
-1307
-1348
-1496
-1508
-1289
-1051
-531
129
936
1688
2058
2109
1833
1392
784
173
-271
-769
-1257
-1785
-2041
-1737
-1419
-1171
-1246
-1733
-2213
-2890
-3312
-3285
-3355
-3433
-3762
-3970
-3458
-2744
-1841
-1000
-510
100
593
1140
1992
2519
2838
2853
2638
2943
3372
3838
4294
4238
4221
4104
3780
3618
3025
2254
1443
476
77
-105
-212
-164
-408
-451
-338
-247
67
106
-25
-203
-471
-344
-88
82
168
21
74
371
736
1135
1195
928
457
-119
-493
-749
-1012
-1220
-1403
-1476
-1376
-1290
-1163
-1062
-1184
-1189
-1106
-972
-701
-658
-359
354
981
1709
2018
1994
1979
1304
678
125
-745
-1389
-2365
-2986
-2800
-2798
-2533
-2445
-2638
-2480
-2795
-2919
-2745
-3079
-3347
-3916
-4263
-3808
-3443
-2691
-1741
-913
259
1148
2122
3227
3699
3913
3699
3345
3337
3185
3268
3496
3609
3915
4040
4140
4119
3570
2822
1884
1008
357
-277
-730
-1124
-1379
-1269
-817
-44
596
913
965
801
679
453
212
-4
-375
-575
-540
-88
708
1188
1364
1226
890
613
100
-484
-1108
-1910
-2530
-2889
-2782
-2251
-1757
-1272
-819
-418
-56
126
283
515
822
1138
1439
1707
1832
1881
1744
1520
1203
479
-418
-1442
-2353
-2802
-3187
-3413
-3620
-4023
-4106
-4083
-3833
-3368
-3356
-3492
-3837
-4170
-3941
-3644
-3101
-2490
-2043
-1169
-131
1244
2772
3704
4320
4457
4444
4614
4444
4230
3787
3169
2877
2675
2871
3184
3130
2923
2439
2025
1718
1142
441
-407
-1144
-1475
-1416
-903
-260
258
590
837
1174
1406
1445
1159
609
111
-329
-413
-251
-143
29
106
301
534
427
164
-358
-1039
-1693
-2290
-2550
-2606
-2600
-2510
-2087
-1330
-549
186
704
1432
2241
2628
2963
2871
2606
2264
1384
956
597
-14
-514
-1448
-1798
-1786
-2183
-2286
-2751
-3178
-3411
-4050
-4011
-3894
-4090
-4235
-4761
-4680
-4241
-3929
-3140
-2407
-1515
-537
218
1375
2370
2928
3220
3253
3436
3537
3388
3226
3078
2828
2571
2471
2476
2519
2126
1551
1298
1016
840
464
-69
-206
-512
-527
-78
331
963
1053
1002
1377
1418
1542
1338
876
862
533
511
807
829
1050
781
491
585
259
22
-377
-968
-1277
-1890
-2298
-2322
-2451
-2340
-2058
-1581
-762
-160
336
1227
1988
2517
2828
2704
2762
2412
1556
1140
584
30
-673
-1720
-1931
-2087
-2503
-2615
-2945
-2917
-3034
-3574
-3479
-3513
-3766
-4079
-4567
-4332
-4052
-3952
-3404
-2790
-1844
-840
79
1497
2605
3209
3647
3758
3992
3810
3091
2648
2039
1536
1267
1009
1355
1467
1277
1442
1418
1523
1332
658
421
-14
-412
-401
-441
10
301
347
922
1308
1655
1811
1511
1548
1339
941
831
572
530
394
135
372
510
459
252
-200
-482
-888
-1423
-1704
-1908
-2094
-2165
-2007
-1380
-503
199
1042
1953
2619
3135
3201
3202
3034
2155
1279
380
-471
-1095
-1914
-2129
-1999
-2176
-2189
-2372
-2379
-2319
-2770
-2870
-2983
-3396
-3766
-4306
-4308
-4150
-4254
-3916
-3354
-2480
-1456
-476
936
2168
2930
3397
3607
3745
3302
2485
1761
1106
615
79
-65
250
486
781
1068
1543
2001
1875
1654
1410
1099
781
290
179
299
271
365
586
1106
1590
1687
1815
1947
1992
1810
1439
1241
974
533
58
-267
-345
-593
-877
-1008
-1024
-950
-1148
-1248
-1245
-1357
-1281
-1286
-962
-442
-20
861
1575
2247
2803
2786
2869
2407
1703
1205
195
-620
-1505
-2240
-2230
-2583
-2685
-2491
-2454
-2001
-1974
-1836
-1473
-1890
-2315
-2904
-3342
-3390
-3893
-3945
-3569
-3060
-2082
-1142
225
1603
2363
3038
3392
3557
3272
2376
1616
768
-121
-893
-1433
-1331
-1114
-811
-175
580
1377
1755
1864
2008
1850
1462
914
448
241
-22
-113
154
643
1226
1655
2100
2637
2967
3049
2907
2613
2208
1551
833
291
-184
-573
-899
-1116
-1057
-978
-888
-754
-788
-733
-716
-668
-303
-3
477
947
1180
1582
1709
1746
1636
1028
528
-132
-814
-1260
-1888
-2229
-2523
-2866
-2772
-2687
-2430
-2153
-2161
-1955
-1927
-2018
-2084
-2400
-2547
-2726
-2880
-2651
-2330
-1753
-1063
-339
653
1511
2213
2684
2776
2700
2273
1663
1025
254
-400
-967
-1261
-1155
-915
-446
96
665
1325
1765
2102
2242
2043
1708
1127
601
225
-188
-356
-383
-135
420
941
1623
2225
2624
2873
2734
2549
2185
1520
827
42
-482
-855
-1204
-1245
-1193
-950
-686
-456
33
407
721
968
1209
1654
1801
1791
1683
1379
1051
416
-151
-578
-1207
-1761
-2268
-2456
-2407
-2568
-2524
-2375
-2211
-2001
-1960
-1690
-1500
-1693
-1942
-2189
-2209
-2206
-2258
-1967
-1451
-825
-112
760
1781
2513
2764
2691
2458
1973
1099
78
-878
-1687
-2308
-2610
-2319
-1672
-1007
-313
381
1131
1665
1791
1765
1505
1047
538
57
-119
-241
-391
-276
38
614
1193
1644
2189
2514
2607
2514
2212
1921
1355
649
118
-305
-521
-731
-838
-627
-403
-170
90
400
810
1055
1245
1561
1904
2123
2112
1972
1796
1452
855
208
-378
-1009
-1657
-2247
-2569
-2651
-2775
-2794
-2667
-2487
-2256
-2141
-1946
-1705
-1737
-1845
-2001
-2095
-2045
-2053
-1805
-1251
-569
350
1310
2276
3118
3485
3594
3444
2934
2203
1138
51
-882
-1739
-2210
-2364
-2226
-1801
-1344
-660
117
723
1137
1156
979
655
102
-402
-878
-1224
-1367
-1361
-965
-310
426
1184
1809
2375
2761
2851
2694
2203
1493
664
-198
-916
-1486
-1850
-1967
-1856
-1460
-817
-34
734
1397
1968
2477
2867
3012
2971
2746
2326
1765
1091
517
-16
-647
-1212
-1639
-1831
-1901
-2010
-1976
-1876
-1830
-1793
-1794
-1719
-1745
-2038
-2344
-2586
-2683
-2659
-2555
-2163
-1556
-836
61
1060
2079
2888
3344
3569
3539
3250
2746
2051
1272
437
-308
-786
-995
-972
-778
-431
4
413
755
957
941
616
35
-589
-1179
-1696
-2094
-2265
-2105
-1701
-1101
-308
549
1313
1821
2103
2204
2006
1504
799
56
-622
-1256
-1732
-1950
-1936
-1714
-1304
-660
124
846
1461
1985
2416
2665
2663
2491
2175
1705
1164
679
322
3
-329
-604
-761
-832
-887
-922
-963
-1084
-1317
-1579
-1782
-1979
-2246
-2562
-2834
-2985
-3006
-2837
-2428
-1862
-1228
-558
191
983
1656
2146
2451
2551
2450
2183
1880
1598
1282
976
772
739
854
1033
1278
1537
1684
1658
1463
1159
745
197
-393
-930
-1362
-1649
-1753
-1615
-1295
-894
-456
-9
404
720
901
965
908
711
401
34
-324
-643
-923
-1125
-1220
-1202
-1057
-796
-416
40
481
864
1162
1362
1450
1389
1185
877
489
67
-347
-692
-924
-1073
-1145
-1125
-1022
-861
-699
-552
-433
-387
-446
-604
-820
-1059
-1335
-1626
-1868
-2015
-2035
-1921
-1655
-1239
-751
-248
234
684
1052
1282
1377
1358
1253
1087
919
808
769
796
898
1093
1363
1649
1889
2050
2095
2001
1766
1416
992
542
113
-244
-488
-605
-605
-501
-328
-108
119
304
421
454
416
321
170
-15
-222
-438
-647
-813
-887
-853
-737
-564
-336
-66
226
502
732
881
903
784
559
263
-77
-460
-848
-1199
-1494
-1701
-1794
-1761
-1634
-1456
-1238
-991
-737
-518
-361
-276
-278
-368
-514
-679
-841
-995
-1110
-1147
-1083
-920
-680
-372
-28
304
603
854
1042
1139
1145
1084
995
902
824
780
778
811
870
944
1024
1092
1112
1085
1027
951
860
760
670
595
528
471
429
404
384
352
315
294
283
260
206
123
10
-142
-326
-514
-681
-814
-900
-911
-819
-634
-383
-100
191
452
633
711
683
559
341
52
-268
-576
-835
-1031
-1151
-1177
-1107
-969
-795
-604
-413
-254
-160
-145
-192
-298
-465
-673
-883
-1052
-1181
-1271
-1292
-1216
-1053
-839
-589
-306
-20
219
406
563
687
750
753
748
767
808
859
934
1032
1108
1132
1123
1099
1034
893
695
493
316
172
73
47
82
153
262
419
608
775
875
906
874
780
620
415
188
-47
-270
-448
-545
-566
-541
-484
-411
-326
-246
-194
-178
-210
-296
-434
-600
-768
-924
-1067
-1180
-1255
-1267
-1218
-1117
-968
-791
-597
-396
-197
2
185
334
445
514
540
519
439
306
122
-100
-329
-547
-720
-837
-879
-834
-709
-508
-262
6
265
489
676
820
921
986
1016
1026
1042
1064
1092
1119
1135
1137
1111
1064
988
884
746
578
398
218
60
-75
-183
-251
-284
-285
-262
-220
-165
-123
-98
-82
-81
-97
-129
-167
-205
-229
-237
-222
-182
-131
-80
-39
-20
-43
-119
-267
-479
-741
-1037
-1340
-1621
-1852
-2011
-2078
-2033
-1869
-1602
-1255
-859
-444
-44
307
590
783
875
865
777
641
488
338
220
149
133
174
250
351
447
514
542
522
465
375
267
165
95
77
120
223
387
594
829
1065
1279
1460
1581
1636
1624
1549
1423
1251
1050
841
625
418
232
82
-33
-120
-182
-216
-235
-253
-281
-324
-383
-472
-576
-688
-792
-876
-933
-944
-917
-846
-746
-633
-512
-411
-348
-331
-374
-468
-612
-795
-990
-1190
-1371
-1515
-1615
-1651
-1625
-1537
-1397
-1220
-1015
-795
-574
-357
-161
13
159
273
370
442
501
553
601
655
707
766
831
893
947
985
1009
1018
1006
977
940
898
856
817
792
785
794
816
857
908
962
1017
1066
1106
1120
1101
1050
967
854
712
553
391
232
89
-28
-115
-176
-211
-232
-243
-259
-286
-329
-393
-479
-587
-709
-834
-960
-1079
-1178
-1258
-1306
-1325
-1311
-1271
-1212
-1142
-1074
-1016
-973
-951
-945
-949
-958
-959
-934
-877
-784
-656
-496
-324
-155
-6
108
179
202
180
130
63
-4
-57
-80
-67
-19
62
168
282
396
504
596
674
736
792
850
911
980
1057
1140
1225
1301
1360
1403
1422
1415
1376
1310
1221
1118
1007
899
798
705
626
559
500
443
383
321
249
170
88
1
-82
-162
-236
-300
-357
-406
-451
-494
-542
-599
-668
-755
-862
-987
-1130
-1282
-1440
-1592
-1724
-1829
-1899
-1925
-1898
-1815
-1678
-1494
-1278
-1038
-801
-573
-374
-211
-87
-2
50
78
89
98
116
149
194
252
319
384
433
465
472
449
398
326
251
187
145
136
173
262
395
567
768
981
1187
1366
1509
1604
1648
1638
1582
1494
1386
1264
1146
1042
950
874
810
748
680
602
507
394
268
134
2
-125
-234
-318
-374
-405
-412
-400
-382
-366
-358
-365
-393
-449
-524
-618
-730
-854
-985
-1115
-1235
-1347
-1445
-1522
-1579
-1612
-1626
-1618
-1584
-1525
-1434
-1317
-1173
-1008
-823
-623
-417
-215
-24
153
300
415
498
549
574
574
556
530
495
461
429
401
378
353
326
301
278
250
228
215
214
229
260
313
386
478
589
716
849
976
1094
1193
1262
1297
1293
1250
1174
1069
951
825
704
595
501
424
367
327
300
282
262
235
198
144
75
-13
-113
-221
-329
-421
-490
-536
-555
-551
-533
-513
-503
-515
-557
-637
-754
-893
-1046
-1192
-1321
-1417
-1467
-1468
-1419
-1325
-1195
-1048
-891
-739
-604
-485
-387
-310
-246
-190
-139
-86
-29
34
98
162
218
265
299
314
310
290
256
213
169
128
99
83
89
119
172
242
328
420
512
599
677
742
794
831
860
880
894
903
905
903
891
876
852
820
780
729
669
601
532
461
391
327
267
211
161
110
57
-6
-80
-166
-264
-365
-461
-541
-600
-632
-633
-607
-561
-506
-449
-407
-388
-397
-437
-506
-590
-683
-768
-830
-861
-849
-796
-704
-587
-452
-312
-182
-79
-11
19
8
-36
-98
-162
-217
-252
-257
-227
-166
-81
18
116
199
250
265
245
190
108
8
-96
-188
-259
-299
-300
-262
-189
-91
24
146
262
370
453
513
546
548
541
524
504
487
470
474
492
518
551
569
581
587
575
549
495
425
352
275
198
125
58
2
-42
-77
-102
-119
-130
-141
-151
-164
-178
-191
-209
-228
-246
-263
-272
-287
-301
-308
-317
-316
-312
-308
-294
-280
-255
-224
-195
-167
-145
-125
-114
-113
-117
-124
-134
-144
-153
-154
-142
-119
-83
-41
0
43
76
102
110
101
82
51
13
-26
-54
-75
-83
-74
-47
-6
42
92
141
182
203
211
206
186
162
134
106
81
67
58
56
59
62
67
68
63
52
31
7
-20
-48
-73
-93
-105
-109
-103
-88
-64
-39
-13
12
32
46
55
58
56
51
45
38
34
31
31
34
40
49
60
73
88
101
115
126
135
141
136
126
115
98
82
66
52
40
30
23
18
10
1
-16
-41
-79
-127
-180
-240
-296
-345
-375
-382
-371
-334
-281
-216
-145
-77
-18
24
48
54
51
40
26
15
10
13
25
41
61
80
95
104
101
89
67
43
18
-8
-30
-43
-49
-47
-37
-20
3
29
58
88
115
137
152
159
154
142
116
82
39
-7
-52
-93
-122
-143
-148
-142
-125
-97
-66
-34
-8
16
34
47
53
55
63
73
86
101
118
138
157
172
184
186
174
156
126
88
40
-12
-66
-124
-178
-227
-266
-294
-311
-306
-285
-246
-193
-130
-62
2
58
99
128
139
137
127
109
90
71
56
46
40
42
49
58
66
69
65
54
34
8
-24
-54
-85
-110
-123
-122
-109
-87
-58
-21
17
54
80
99
105
100
87
64
37
4
-25
-53
-73
-86
-91
-88
-79
-67
-56
-40
-28
-18
-10
-5
-1
3
10
19
29
39
55
68
80
92
99
102
98
92
81
63
41
14
-18
-46
-75
-102
-122
-134
-142
-138
-126
-112
-92
-67
-43
-16
6
23
35
43
45
47
48
49
50
54
59
65
73
86
96
98
96
90
81
65
43
23
5
-10
-25
-35
-39
-38
-35
-28
-22
-18
-14
-12
-12
-14
-20
-25
-34
-42
-49
-57
-60
-64
-67
-66
-63
-60
-57
-51
-44
-35
-25
-12
0
6
14
19
22
25
28
31
33
32
29
31
32
30
26
25
21
15
11
7
3
-1
-3
-6
-7
-8
-5
1
7
10
12
16
21
22
23
26
25
25
22
20
21
16
12
8
3
-4
-9
-13
-14
-17
-18
-20
-20
-18
-16
-10
-5
0
6
12
19
22
25
27
24
20
14
8
3
-5
-13
-23
-34
-42
-48
-52
-54
-59
-61
-57
-56
-50
-43
-38
-34
-28
-17
-5
5
15
27
37
48
56
60
64
61
53
41
29
14
-4
-18
-30
-39
-44
-44
-38
-29
-17
-7
4
12
17
20
21
20
20
17
17
18
22
27
32
37
41
43
47
48
46
44
34
22
11
-4
-16
-25
-35
-39
-40
-40
-31
-21
-12
-5
2
9
13
12
12
9
4
-2
-9
-14
-19
-22
-24
-23
-23
-23
-24
-26
-28
-35
-38
-38
-39
-40
-42
-37
-33
-30
-25
-17
-7
3
12
23
33
40
47
52
51
50
47
41
33
23
16
9
-1
-11
-17
-21
-24
-25
-23
-19
-17
-16
-11
-7
-5
-3
0
3
6
7
7
10
14
21
29
