-3
-4
-5
-5
-3
-4
-3
-1
0
0
2
3
4
5
5
5
7
7
8
10
13
14
15
15
16
19
19
21
22
22
21
21
21
21
20
18
17
19
18
19
17
16
15
13
12
12
11
7
5
3
2
-1
-2
-4
-8
-8
-11
-11
-14
-17
-21
-22
-24
-25
-23
-25
-25
-25
-26
-24
-24
-23
-21
-20
-20
-16
-16
-12
-7
-7
-7
-5
-6
-9
-10
-9
-8
-9
-9
-6
-4
-3
-3
-4
-5
-8
-9
-12
-13
-15
-16
-18
-21
-20
-19
-20
-16
-13
-8
-3
3
9
13
16
17
20
24
28
34
40
44
49
49
51
51
50
49
48
46
44
41
41
39
37
33
28
26
24
22
18
18
15
13
10
7
5
3
1
-2
-5
-7
-9
-10
-12
-15
-21
-24
-28
-31
-35
-37
-38
-42
-44
-46
-46
-45
-47
-50
-53
-53
-53
-53
-51
-50
-49
-46
-45
-42
-38
-35
-32
-30
-26
-20
-18
-16
-12
-10
-6
1
4
12
17
24
34
45
67
76
76
72
65
73
77
78
80
77
84
97
96
96
91
80
76
62
52
45
32
23
6
-14
-35
-52
-69
-87
-93
-96
-91
-82
-82
-79
-81
-88
-90
-94
-87
-66
-41
-13
13
38
54
63
59
55
49
42
39
44
53
67
76
76
75
70
64
60
56
58
62
68
80
82
76
67
57
49
43
41
44
47
50
45
31
10
-16
-42
-67
-89
-104
-116
-126
-140
-159
-176
-198
-219
-243
-267
-280
-288
-291
-294
-299
-292
-282
-268
-254
-248
-238
-223
-207
-187
-170
-153
-131
-112
-93
-74
-55
-32
-7
21
51
85
119
149
178
209
254
312
373
439
500
544
576
570
540
504
463
439
424
409
410
413
416
410
370
309
237
164
97
36
-17
-68
-121
-188
-262
-335
-409
-472
-522
-554
-544
-513
-469
-429
-410
-398
-394
-389
-365
-328
-264
-180
-87
2
76
135
165
171
160
144
143
153
176
206
236
266
278
271
257
235
215
201
190
191
200
215
236
242
234
215
186
160
135
114
103
91
76
54
26
-5
-41
-83
-142
-211
-280
-344
-390
-426
-451
-470
-506
-547
-599
-653
-677
-687
-681
-667
-658
-619
-562
-507
-461
-442
-432
-422
-406
-363
-297
-211
-121
-48
10
56
107
164
227
290
364
478
641
839
1061
1234
1342
1349
1233
1084
943
843
790
772
789
839
912
972
974
879
685
437
212
56
-31
-71
-98
-151
-259
-419
-606
-801
-1002
-1179
-1273
-1247
-1107
-909
-723
-608
-598
-666
-740
-756
-700
-583
-409
-191
37
238
395
474
442
313
158
49
2
11
96
261
439
566
612
587
512
441
460
521
449
225
56
147
403
534
473
349
235
90
-40
-1
180
290
190
10
-62
-34
-12
-50
-175
-413
-665
-740
-580
-389
-382
-500
-558
-516
-490
-545
-655
-784
-877
-853
-677
-427
-257
-242
-345
-480
-548
-503
-378
-258
-190
-165
-177
-219
-235
-146
32
216
381
557
740
952
1338
2007
2721
2975
2523
1628
737
44
-452
-752
-878
-911
-815
-402
304
816
653
-74
-826
-1243
-1336
-1179
-809
-432
-279
-261
-93
159
45
-596
-1358
-1715
-1523
-871
87
995
1347
974
276
-269
-577
-751
-702
-296
364
1054
1656
2071
2091
1635
937
291
-224
-633
-794
-514
162
957
1572
1792
1507
831
109
-316
-364
-171
136
497
821
978
895
580
108
-400
-777
-913
-834
-655
-481
-367
-336
-405
-585
-875
-1216
-1457
-1435
-1131
-717
-396
-266
-324
-532
-817
-1068
-1210
-1238
-1155
-962
-724
-549
-483
-490
-523
-572
-602
-568
-467
-318
-111
142
371
496
508
419
251
123
187
387
512
533
702
1158
1789
2603
3741
4845
5006
3747
1673
-242
-1621
-2507
-2828
-2602
-2178
-1768
-1116
-144
568
496
-83
-555
-722
-618
-40
1080
2120
2288
1492
243
-1066
-2289
-3134
-3198
-2413
-1087
390
1582
1998
1421
271
-723
-1175
-1148
-695
240
1473
2524
3034
3005
2538
1606
316
-867
-1423
-1251
-702
-155
271
565
666
531
246
-24
-127
29
464
1028
1409
1366
915
267
-382
-931
-1334
-1559
-1580
-1438
-1232
-1082
-1063
-1170
-1360
-1559
-1620
-1384
-851
-261
95
135
2
-140
-282
-496
-753
-936
-972
-904
-802
-682
-606
-647
-766
-805
-643
-337
-27
185
282
322
372
433
436
366
324
432
705
1076
1449
1683
1628
1266
750
280
63
252
860
1831
3224
5044
6610
6683
4706
1557
-1344
-3357
-4593
-4972
-4303
-2976
-1730
-751
297
1230
1219
-11
-1519
-2044
-1254
234
1696
2653
2663
1378
-945
-3325
-4847
-5382
-5236
-4324
-2251
665
3052
3686
2655
995
-485
-1504
-1750
-911
709
2217
3024
3276
3220
2616
1128
-905
-2515
-2961
-2313
-1136
117
1266
2117
2420
2211
1867
1643
1394
958
576
590
842
792
234
-521
-1131
-1567
-1856
-1838
-1421
-876
-538
-408
-285
-179
-284
-615
-935
-1078
-1094
-1044
-901
-666
-431
-237
-52
89
74
-143
-475
-825
-1129
-1287
-1210
-965
-740
-616
-489
-298
-169
-236
-418
-513
-424
-188
156
607
1084
1407
1463
1329
1111
797
400
164
361
867
1161
959
618
547
670
902
1767
3760
6014
6703
5144
2506
144
-1870
-3901
-5367
-5452
-4523
-3521
-2348
-237
2265
3257
1920
-252
-1378
-1299
-877
-187
1119
2293
1952
-52
-2347
-3916
-5054
-5952
-5689
-3440
21
2890
4139
4000
2985
1379
-335
-1383
-1365
-618
320
1277
2278
3030
2989
1863
-55
-2002
-3175
-3207
-2268
-801
807
2291
3352
3707
3384
2757
2139
1572
1061
690
503
267
-356
-1273
-2029
-2408
-2542
-2509
-2138
-1261
-134
710
1038
983
633
8
-727
-1276
-1435
-1293
-1123
-1052
-1039
-1079
-1180
-1285
-1284
-1051
-626
-244
-74
-104
-255
-453
-640
-777
-799
-717
-617
-489
-299
-55
208
424
537
584
653
778
935
1086
1213
1346
1461
1444
1302
1161
1034
900
740
518
359
381
553
945
1791
3414
5587
7033
6516
4160
1202
-1392
-3603
-5359
-6033
-5461
-4387
-3316
-1716
650
2448
2214
389
-1156
-1418
-986
-359
637
1657
1643
127
-1985
-3607
-4799
-5866
-6172
-4807
-1911
1223
3371
4135
3587
2045
186
-1162
-1635
-1428
-749
351
1665
2714
3010
2391
943
-1025
-2761
-3414
-2757
-1288
358
1947
3389
4311
4365
3689
2809
2020
1282
694
482
612
632
54
-952
-1809
-2296
-2477
-2350
-1761
-611
714
1634
2008
1930
1400
482
-549
-1318
-1622
-1633
-1616
-1543
-1334
-1151
-1116
-1191
-1292
-1266
-1077
-818
-478
-123
65
55
-126
-425
-718
-950
-1072
-992
-706
-309
66
285
308
220
169
211
336
583
906
1109
1111
1101
1238
1351
1260
991
722
542
258
-15
210
897
1905
3647
5888
7263
6583
3937
683
-2075
-4566
-6693
-7307
-6304
-4795
-3099
-758
2020
3849
3353
1181
-557
-1085
-972
-292
979
2059
2008
589
-1499
-3410
-5083
-6507
-6835
-5341
-2381
1012
3755
5070
4788
3319
1340
-411
-1499
-1899
-1571
-439
1132
2519
3204
2804
1301
-860
-2900
-3883
-3411
-1994
-203
1769
3651
4967
5222
4409
3203
2030
832
-134
-595
-701
-707
-891
-1202
-1271
-1283
-1547
-1689
-1390
-680
380
1367
1857
1822
1208
219
-594
-1232
-1900
-2344
-2458
-2341
-1924
-1339
-782
-312
-164
-300
-293
-167
-186
-312
-478
-618
-585
-468
-381
-344
-429
-552
-530
-375
-229
-118
-11
73
217
524
903
1219
1355
1244
1099
1154
1311
1371
1318
1245
1112
787
257
-261
-354
7
718
2376
4948
6838
6742
4684
1727
-1002
-3574
-5987
-7039
-6389
-5060
-3475
-1228
1611
3840
3922
1910
-266
-1312
-1561
-1195
-116
1070
1528
760
-958
-2769
-4466
-6126
-6940
-6017
-3464
-118
2995
4986
5382
4257
2240
217
-1275
-2226
-2524
-1811
-241
1446
2598
2864
2107
505
-1407
-2806
-3057
-2247
-814
1058
3122
4823
5646
5464
4481
3021
1433
49
-932
-1507
-1820
-1897
-1624
-1106
-603
-220
-8
30
91
357
792
1197
1262
870
294
-232
-787
-1378
-1903
-2311
-2480
-2327
-1857
-1008
21
764
1024
857
403
-176
-843
-1520
-1967
-2032
-1682
-1029
-384
18
119
-114
-545
-988
-1341
-1315
-790
-195
338
1008
1555
1784
1680
1106
537
455
343
94
90
-56
-351
-265
49
1073
3540
6178
7433
7001
4873
2062
-375
-3022
-5530
-6398
-6024
-5246
-3587
-942
2068
4180
3842
1770
250
-332
-561
-123
891
1740
1838
812
-966
-2803
-4727
-6484
-6937
-5521
-2791
399
3139
4559
4438
3233
1586
41
-1198
-2095
-2180
-1086
612
2118
3029
2925
1592
-566
-2730
-3921
-3749
-2701
-1153
919
3263
5176
5921
5338
3880
2077
387
-806
-1313
-1189
-850
-753
-820
-739
-632
-713
-944
-1195
-1102
-438
463
1319
1919
1809
1010
-39
-1125
-1978
-2355
-2375
-2064
-1382
-533
335
1003
1054
457
-364
-1059
-1494
-1637
-1514
-1197
-770
-388
-209
-161
-214
-461
-797
-1025
-1006
-659
-152
222
381
468
614
741
738
620
531
587
737
1017
1498
1792
1473
673
-143
-471
-197
722
2721
5250
6632
6094
4174
1870
-417
-3105
-5630
-6594
-6030
-4871
-3182
-611
2292
3965
3347
1386
-127
-835
-1201
-954
70
1198
1613
922
-517
-2234
-4248
-6063
-6528
-5235
-2740
173
2751
4326
4550
3562
2004
533
-794
-1925
-2193
-1202
544
2188
3075
2990
1968
82
-2089
-3438
-3500
-2654
-1151
840
2984
4837
5659
5184
3995
2355
521
-699
-1128
-1113
-834
-705
-751
-575
-522
-794
-946
-1064
-1137
-614
341
1261
1905
1713
787
-98
-920
-1708
-2089
-2257
-2302
-1882
-1145
-328
441
621
77
-661
-1295
-1596
-1459
-1285
-1283
-1239
-1049
-776
-528
-470
-595
-737
-874
-880
-559
-127
160
258
235
407
773
987
1111
1157
1090
1222
1485
1564
1433
967
247
-191
-161
537
2589
5303
6837
6515
4640
2232
146
-2219
-4595
-5560
-5301
-4650
-3450
-1241
1723
3841
3514
1466
-172
-834
-1056
-635
484
1663
2073
1157
-464
-2052
-3838
-5583
-6265
-5270
-2893
-3
2528
3944
3889
2704
1126
-99
-916
-1613
-1749
-931
429
1787
2635
2592
1552
-427
-2666
-3960
-3853
-2840
-1268
740
2831
4455
4955
4227
2937
1412
-150
-1116
-1248
-781
-132
122
15
-102
-441
-1072
-1621
-1859
-1578
-754
266
1251
1963
1903
1059
-29
-1013
-1664
-1868
-1775
-1311
-485
295
834
1025
672
-121
-1079
-1836
-2046
-1727
-1089
-379
175
458
394
38
-459
-943
-1150
-942
-505
-68
320
648
785
693
505
359
417
586
789
1247
1748
1981
1950
1404
463
-350
-792
-580
281
1684
3748
5653
6044
4594
2134
-286
-2478
-4517
-5687
-5334
-3948
-2581
-1311
437
2077
2297
821
-1015
-1736
-1440
-710
479
1848
2527
1741
-201
-2151
-3667
-4872
-5384
-4609
-2563
-41
2072
3318
3432
2337
570
-826
-1293
-1117
-572
344
1557
2652
3011
2495
1324
-430
-2402
-3739
-3734
-2384
-397
1527
3133
4207
4407
3695
2505
1321
411
-128
-228
171
730
864
398
-418
-1235
-1809
-2070
-1886
-1156
-95
945
1742
2119
1867
974
-244
-1311
-1866
-1919
-1640
-1082
-456
-29
140
27
-316
-788
-1335
-1723
-1701
-1355
-860
-402
-208
-300
-600
-1045
-1428
-1567
-1431
-1020
-477
-9
345
481
306
2
-277
-424
-309
-12
482
1225
1888
2097
1741
982
334
153
452
1450
3244
5047
5705
4702
2599
433
-1519
-3361
-4490
-4338
-3263
-1988
-720
847
2424
2851
1633
-217
-1409
-1540
-833
463
2015
3050
2684
916
-1357
-3337
-4669
-5127
-4431
-2527
9
2224
3376
3167
1796
-112
-1728
-2381
-1907
-621
963
2312
3028
2951
2120
711
-1020
-2741
-3880
-3896
-2831
-1167
538
1854
2649
2859
2485
1907
1465
1116
839
667
633
746
658
71
-790
-1611
-2166
-2257
-1933
-1303
-434
364
821
955
839
587
289
-133
-579
-758
-679
-547
-468
-446
-383
-295
-359
-552
-702
-779
-827
-833
-728
-458
-119
54
-71
-378
-681
-886
-969
-948
-784
-428
-14
292
497
624
606
445
236
161
367
813
1307
1627
1610
1295
996
997
1400
2450
4047
5244
5005
3092
400
-1849
-3341
-4115
-3901
-2840
-1689
-982
-395
639
1706
1694
428
-964
-1495
-1154
-223
1068
2199
2279
761
-1618
-3498
-4338
-4349
-3661
-2181
-98
1828
2771
2515
1343
-346
-1957
-2718
-2217
-761
860
1970
2393
2270
1725
880
-96
-1037
-1730
-1927
-1549
-781
45
636
917
1000
1018
1111
1406
1845
2209
2316
2050
1429
602
-261
-893
-1060
-826
-422
-108
-29
-142
-361
-583
-700
-644
-429
-148
131
366
527
572
420
95
-265
-575
-752
-754
-641
-499
-515
-789
-1172
-1457
-1498
-1281
-919
-487
-75
165
128
-152
-557
-969
-1293
-1415
-1179
-565
149
643
815
725
488
212
24
106
442
720
795
870
1173
1808
2757
3879
4795
4815
3468
1202
-1019
-2586
-3344
-3318
-2654
-1747
-1102
-729
-159
630
999
571
-221
-669
-474
204
1147
2012
2056
741
-1429
-3298
-4083
-3789
-2764
-1236
487
1779
2150
1659
696
-394
-1337
-1762
-1320
-126
1182
1925
1887
1326
605
-22
-377
-378
-125
171
299
235
93
-85
-232
-152
240
845
1457
1806
1791
1443
812
189
-178
-351
-411
-352
-138
181
338
138
-242
-622
-989
-1234
-1162
-746
-241
-44
-260
-560
-735
-823
-724
-320
302
836
886
486
-45
-635
-1246
-1666
-1722
-1405
-979
-699
-471
-230
-142
-289
-562
-746
-690
-468
-209
60
259
316
272
198
231
473
812
1016
903
521
132
-50
93
796
2284
4196
5509
5378
3811
1550
-651
-2372
-3199
-2897
-1976
-1326
-1297
-1402
-1091
-583
-437
-628
-653
-306
214
824
1635
2374
2237
784
-1302
-2871
-3409
-3109
-2218
-843
583
1264
862
-60
-700
-785
-502
29
777
1434
1543
1050
420
83
69
193
366
582
726
625
225
-345
-823
-957
-627
90
950
1649
1927
1665
987
264
-193
-357
-349
-205
132
561
810
696
272
-308
-887
-1265
-1237
-813
-318
-84
-165
-385
-586
-734
-789
-706
-473
-132
239
544
661
505
102
-434
-963
-1336
-1443
-1295
-1033
-785
-592
-475
-507
-682
-834
-775
-530
-273
-93
55
194
282
314
339
393
481
551
572
512
361
216
215
518
1317
2547
3698
4090
3368
1886
399
-583
-912
-698
-348
-422
-1155
-2127
-2564
-2165
-1349
-685
-322
-148
-63
75
437
1020
1411
1072
53
-989
-1472
-1301
-735
-50
500
579
7
-903
-1508
-1419
-734
188
1057
1665
1805
1442
855
432
323
413
580
808
1037
1074
765
166
-485
-928
-1004
-677
-68
527
867
922
845
790
746
630
400
71
-298
-603
-705
-594
-462
-502
-682
-841
-933
-1054
-1213
-1275
-1173
-1002
-799
-499
-140
70
-9
-204
-270
-215
-194
-234
-247
-247
-343
-529
-661
-672
-654
-664
-652
-568
-481
-445
-399
-238
42
324
466
422
297
255
357
566
810
1014
1053
860
654
735
1123
1561
1978
2576
3223
3342
2602
1385
307
-442
-862
-801
-339
-141
-734
-1680
-2072
-1703
-1140
-793
-614
-623
-986
-1422
-1276
-490
155
25
-629
-1209
-1514
-1535
-1048
-28
926
1113
532
-238
-809
-1122
-1044
-429
407
825
632
300
294
589
935
1263
1541
1570
1231
743
421
302
228
191
335
641
851
754
404
40
-105
100
622
1219
1538
1383
864
296
-39
-64
67
79
-220
-789
-1389
-1782
-1870
-1670
-1314
-972
-783
-769
-816
-824
-741
-533
-203
144
350
343
150
-205
-682
-1118
-1308
-1228
-1048
-896
-756
-670
-750
-935
-952
-631
-171
109
159
113
49
6
137
549
1061
1342
1264
998
722
475
348
554
1227
2278
3303
3754
3309
2093
676
-284
-493
-77
487
541
-250
-1483
-2266
-2072
-1202
-343
34
-209
-974
-1788
-1915
-1094
0
432
-75
-1038
-1864
-2199
-1761
-534
862
1509
1057
26
-833
-1148
-847
11
1064
1645
1357
560
-22
-20
431
1076
1713
2040
1752
937
122
-239
-129
239
741
1222
1358
948
284
-82
68
488
866
1059
968
513
-109
-421
-171
361
675
563
127
-501
-1184
-1638
-1602
-1207
-937
-1121
-1623
-2094
-2292
-2122
-1565
-798
-217
-110
-360
-613
-671
-587
-456
-311
-249
-385
-669
-912
-1005
-985
-918
-808
-690
-664
-721
-711
-522
-197
165
507
783
965
1104
1278
1445
1475
1369
1309
1440
1805
2425
3100
3358
2869
1911
1162
938
1004
1044
868
273
-747
-1625
-1599
-691
217
399
-131
-990
-1841
-2215
-1619
-331
528
146
-1116
-2281
-2757
-2457
-1437
-60
835
612
-376
-1170
-1244
-788
-128
537
881
573
-172
-606
-282
505
1205
1604
1684
1337
618
-3
-53
378
769
828
648
319
-98
-319
26
885
1678
1904
1597
1052
474
66
108
611
1101
1055
489
-138
-515
-644
-549
-227
86
-43
-696
-1458
-1894
-1940
-1724
-1315
-856
-685
-983
-1452
-1629
-1404
-1016
-671
-431
-391
-600
-838
-795
-488
-260
-323
-551
-789
-1003
-1115
-971
-597
-269
-170
-184
-179
-213
-283
-136
369
1003
1448
1680
1864
2031
2153
2398
2853
3152
2856
2058
1357
1149
1289
1433
1342
798
-255
-1352
-1717
-1086
-94
409
138
-628
-1461
-1906
-1581
-638
99
-109
-1123
-2112
-2425
-2020
-1167
-251
207
-122
-923
-1433
-1216
-541
88
438
492
261
-78
-144
294
979
1448
1537
1390
1128
795
565
652
977
1191
1063
705
330
51
-18
246
777
1224
1287
1020
673
435
391
579
911
1095
903
441
19
-200
-263
-262
-267
-408
-790
-1278
-1592
-1630
-1533
-1453
-1391
-1332
-1346
-1447
-1498
-1389
-1209
-1127
-1177
-1273
-1370
-1471
-1483
-1275
-879
-504
-331
-341
-437
-540
-590
-525
-340
-152
-76
-85
-74
15
178
363
504
564
604
780
1192
1745
2285
2715
2914
2811
2543
2370
2402
2465
2309
1898
1298
551
-138
-434
-281
3
69
-125
-416
-727
-969
-948
-663
-452
-612
-1026
-1400
-1614
-1681
-1548
-1210
-915
-891
-982
-888
-613
-375
-257
-201
-238
-440
-615
-474
-55
327
544
723
909
970
884
845
898
836
606
429
426
445
355
310
448
612
622
576
619
650
534
421
535
767
821
639
431
283
95
-101
-134
-26
-26
-237
-446
-479
-492
-679
-963
-1167
-1318
-1517
-1657
-1575
-1331
-1156
-1091
-980
-828
-831
-1038
-1241
-1270
-1194
-1102
-933
-654
-408
-310
-266
-152
-40
-47
-117
-106
-5
137
316
495
549
417
285
392
772
1309
1876
2301
2401
2196
1952
1903
2005
2058
1956
1671
1181
623
286
301
438
398
126
-248
-623
-917
-989
-844
-747
-916
-1241
-1475
-1513
-1406
-1210
-994
-920
-1068
-1249
-1234
-1016
-734
-487
-292
-186
-181
-159
-6
239
451
590
682
717
655
538
474
462
460
471
510
537
494
445
512
698
873
942
915
834
738
712
839
1042
1129
990
715
470
339
310
324
317
225
24
-218
-417
-553
-684
-849
-1003
-1092
-1113
-1116
-1120
-1111
-1092
-1073
-1051
-1051
-1117
-1259
-1406
-1452
-1380
-1242
-1099
-997
-968
-999
-1003
-916
-785
-680
-586
-459
-327
-233
-136
33
240
382
470
623
864
1143
1459
1816
2110
2170
2003
1839
1787
1729
1540
1264
992
780
705
869
1145
1159
711
42
-432
-549
-400
-164
-86
-413
-1072
-1597
-1581
-1148
-749
-639
-807
-1140
-1441
-1416
-975
-461
-290
-444
-588
-553
-403
-175
130
371
423
445
690
1082
1305
1254
1090
918
722
572
576
647
587
426
380
491
576
542
485
470
453
476
642
885
979
826
565
355
213
147
201
330
357
179
-113
-399
-660
-905
-1082
-1178
-1273
-1418
-1527
-1515
-1436
-1397
-1399
-1397
-1407
-1433
-1407
-1281
-1131
-1064
-1033
-920
-736
-591
-525
-526
-590
-704
-763
-653
-431
-262
-225
-275
-325
-293
-76
380
954
1447
1730
1812
1798
1821
1997
2258
2345
2055
1454
834
511
646
1155
1656
1675
1087
262
-276
-299
41
384
359
-203
-1021
-1511
-1326
-722
-260
-252
-634
-1123
-1374
-1136
-512
19
57
-293
-612
-652
-461
-183
56
134
43
2
226
602
799
685
429
219
119
165
378
612
666
553
494
581
668
626
514
415
319
259
341
520
582
432
217
108
122
192
293
367
288
45
-194
-284
-261
-256
-334
-513
-792
-1092
-1236
-1123
-874
-708
-750
-989
-1323
-1607
-1696
-1561
-1344
-1216
-1218
-1255
-1212
-1045
-787
-515
-336
-296
-333
-322
-202
-25
119
176
146
97
160
418
832
1227
1416
1356
1143
959
947
1101
1263
1256
1033
746
615
753
1062
1295
1254
933
524
262
228
289
214
-123
-605
-946
-948
-652
-328
-252
-498
-888
-1134
-1052
-710
-355
-193
-229
-298
-235
-36
190
331
368
399
535
780
996
1018
820
544
358
322
384
424
352
192
66
86
235
390
460
422
321
250
301
488
700
808
765
600
370
143
-6
-47
-45
-71
-136
-225
-351
-517
-681
-813
-932
-1054
-1143
-1160
-1128
-1106
-1102
-1118
-1180
-1279
-1343
-1294
-1155
-1018
-930
-893
-905
-938
-912
-762
-572
-484
-525
-566
-509
-365
-192
-55
-9
-35
71
529
1253
1831
1934
1638
1261
1093
1272
1687
1934
1593
725
-74
-269
126
674
934
705
79
-512
-549
2
564
546
-58
-760
-1126
-994
-464
95
211
-229
-756
-833
-449
-16
174
120
-71
-223
-125
253
591
577
331
229
420
727
938
980
836
575
407
485
688
746
577
373
317
402
522
583
512
297
60
-1
168
392
476
379
196
27
-75
-74
-8
27
-32
-153
-257
-341
-455
-610
-760
-861
-917
-958
-1026
-1149
-1317
-1441
-1434
-1332
-1269
-1333
-1494
-1631
-1624
-1438
-1160
-953
-917
-977
-965
-766
-391
35
321
318
80
-148
-112
299
991
1689
2016
1802
1292
963
1083
1503
1832
1731
1112
284
-166
122
862
1361
1181
462
-303
-617
-266
460
848
391
-664
-1543
-1711
-1247
-631
-346
-627
-1265
-1659
-1365
-611
-51
-73
-479
-806
-728
-200
515
962
880
529
423
764
1276
1565
1472
1110
736
635
889
1224
1251
886
420
200
332
681
1000
1065
810
449
282
408
652
787
723
518
301
215
313
483
553
444
216
-25
-215
-343
-441
-567
-759
-989
-1206
-1371
-1468
-1508
-1534
-1592
-1683
-1768
-1804
-1785
-1709
-1600
-1521
-1512
-1514
-1430
-1255
-1088
-1011
-1003
-993
-919
-765
-567
-420
-406
-415
-183
407
1151
1662
1750
1535
1306
1328
1647
1984
1930
1353
625
318
645
1268
1643
1428
703
-52
-268
209
904
1089
488
-483
-1168
-1195
-674
-99
10
-475
-1132
-1356
-960
-344
-35
-205
-626
-893
-733
-198
343
502
262
-1
72
469
893
1057
908
627
476
614
943
1154
1054
755
545
610
868
1109
1163
990
718
557
629
821
899
759
500
283
191
218
303
342
265
124
51
72
64
-68
-292
-530
-735
-870
-898
-868
-901
-1058
-1246
-1360
-1417
-1486
-1569
-1639
-1721
-1831
-1882
-1789
-1615
-1504
-1477
-1419
-1287
-1156
-1089
-1050
-1015
-968
-772
-249
510
1072
1135
868
653
700
959
1259
1316
896
174
-239
65
785
1258
1153
646
108
-75
322
1039
1352
810
-183
-807
-706
-158
375
537
166
-486
-776
-339
398
717
430
-55
-322
-224
218
769
1002
735
353
358
766
1153
1214
985
635
352
339
621
894
837
511
253
267
469
706
877
909
810
716
733
798
754
577
392
294
284
311
315
244
111
-13
-77
-128
-241
-433
-678
-923
-1111
-1214
-1277
-1365
-1466
-1514
-1490
-1452
-1452
-1491
-1546
-1581
-1556
-1465
-1364
-1307
-1284
-1240
-1146
-1011
-870
-750
-660
-627
-661
-667
-448
89
682
929
754
476
439
690
1043
1220
981
372
-125
-6
626
1145
1119
654
72
-319
-211
464
1155
1093
217
-697
-957
-560
91
587
556
-71
-723
-662
82
712
674
210
-168
-223
93
672
1110
993
484
223
523
1050
1356
1300
941
430
72
161
565
825
719
431
212
138
217
455
709
764
612
462
440
497
568
639
665
583
443
364
366
356
305
244
156
-2
-204
-357
-450
-549
-692
-884
-1125
-1383
-1548
-1546
-1448
-1389
-1428
-1539
-1664
-1717
-1628
-1437
-1287
-1261
-1295
-1267
-1128
-914
-701
-566
-558
-606
-501
-65
615
1174
1298
1031
689
595
819
1134
1143
631
-132
-543
-261
417
871
743
161
-472
-716
-385
246
544
135
-677
-1245
-1220
-755
-220
44
-152
-623
-840
-466
210
591
455
85
-158
-106
255
758
1057
944
674
695
1063
1426
1496
1311
1026
790
746
904
1027
888
595
453
554
716
784
763
707
643
631
692
737
695
650
725
846
841
679
499
420
456
566
655
584
295
-83
-364
-482
-514
-554
-661
-890
-1207
-1483
-1595
-1554
-1499
-1540
-1687
-1867
-1986
-1968
-1825
-1669
-1600
-1603
-1569
-1449
-1284
-1142
-1076
-1115
-1165
-968
-375
378
856
856
553
266
242
549
952
1003
484
-241
-527
-137
573
1057
1015
473
-229
-546
-151
612
1005
684
-27
-601
-762
-489
46
433
321
-146
-457
-365
-85
131
280
394
399
306
274
346
403
448
657
1055
1368
1377
1157
921
779
780
959
1181
1164
835
470
373
522
681
724
684
613
561
590
685
709
586
438
425
515
563
517
440
387
366
379
386
282
37
-241
-400
-419
-409
-475
-638
-844
-1006
-1043
-979
-951
-1054
-1259
-1500
-1741
-1906
-1901
-1743
-1584
-1538
-1576
-1618
-1622
-1539
-1348
-1129
-1012
-964
-794
-445
-87
102
109
24
-62
-55
117
365
482
404
282
288
430
603
720
733
643
547
558
653
697
611
449
303
232
251
306
304
216
128
125
193
260
268
187
43
-53
10
216
437
564
595
575
549
584
703
817
815
695
543
411
312
269
287
317
304
271
265
270
268
292
377
471
488
414
311
249
262
374
553
684
676
559
440
375
344
300
216
85
-66
-159
-143
-59
-8
-58
-202
-393
-577
-696
-727
-713
-753
-883
-1066
-1216
-1273
-1240
-1174
-1158
-1225
-1329
-1366
-1290
-1158
-1067
-1044
-1016
-892
-659
-397
-219
-191
-276
-347
-298
-141
20
111
129
117
123
180
280
367
397
385
378
388
384
349
298
222
126
26
-52
-100
-118
-83
10
115
168
147
96
81
131
238
354
416
410
395
452
610
801
940
973
908
798
699
624
563
501
454
465
527
599
620
581
519
489
508
545
553
502
415
342
312
314
316
303
291
308
360
422
455
428
343
242
168
142
142
116
35
-84
-196
-271
-322
-390
-508
-672
-833
-941
-998
-1043
-1126
-1243
-1343
-1387
-1374
-1331
-1293
-1267
-1221
-1115
-938
-743
-601
-541
-538
-537
-499
-428
-365
-349
-374
-377
-311
-189
-71
-14
-27
-70
-86
-51
18
62
53
3
-56
-89
-86
-65
-51
-66
-91
-88
-29
79
194
285
348
389
439
515
604
691
773
865
977
1090
1169
1201
1194
1172
1156
1149
1128
1074
997
918
858
820
787
742
683
615
549
484
417
343
271
203
144
93
57
49
72
111
130
111
53
-27
-100
-148
-178
-202
-231
-263
-289
-315
-349
-407
-498
-619
-756
-874
-947
-971
-965
-966
-995
-1058
-1129
-1177
-1182
-1155
-1123
-1098
-1052
-945
-762
-536
-334
-209
-182
-209
-231
-213
-171
-139
-128
-115
-74
-6
72
121
120
87
55
50
67
82
73
51
19
-21
-65
-109
-155
-188
-193
-159
-97
-20
68
159
234
276
283
280
301
366
474
597
696
751
787
837
916
1005
1071
1076
1010
946
920
934
957
928
849
749
662
622
610
586
525
415
307
245
232
251
246
187
84
-12
-56
-51
-36
-58
-130
-223
-300
-327
-308
-290
-316
-408
-523
-610
-636
-591
-535
-520
-554
-627
-677
-683
-679
-681
-721
-783
-819
-820
-775
-709
-656
-610
-561
-483
-366
-238
-138
-90
-92
-111
-111
-83
-38
9
57
103
141
162
165
166
159
148
128
99
59
18
-7
-20
-30
-56
-103
-154
-186
-172
-112
-35
28
59
63
58
64
73
88
107
138
200
289
382
449
469
457
446
463
513
559
568
546
509
495
512
538
546
512
450
397
376
394
422
426
395
334
274
239
221
214
201
177
148
115
84
45
-8
-66
-125
-177
-226
-278
-335
-390
-434
-456
-466
-475
-504
-549
-587
-612
-609
-598
-589
-586
-594
-597
-593
-583
-558
-513
-446
-368
-300
-249
-214
-188
-160
-142
-132
-136
-136
-110
-56
11
53
59
43
37
56
93
125
131
110
86
83
102
123
126
97
50
12
8
50
118
184
223
229
209
183
171
184
219
267
316
355
378
389
398
407
424
438
440
430
411
396
392
398
404
394
364
319
269
241
238
250
257
246
220
183
147
125
113
104
90
78
66
52
32
7
-19
-41
-65
-101
-153
-231
-316
-389
-433
-442
-436
-436
-455
-488
-515
-534
-547
-565
-583
-611
-625
-611
-588
-552
-524
-497
-437
-352
-262
-202
-191
-212
-236
-239
-221
-208
-208
-212
-202
-160
-102
-44
-4
22
39
55
77
99
108
103
94
90
95
107
113
107
94
89
97
124
157
190
214
219
212
199
189
203
237
278
319
342
360
383
406
428
430
408
385
354
327
311
293
283
268
249
236
218
206
199
187
173
153
131
113
94
78
63
46
34
14
-12
-38
-61
-71
-70
-68
-78
-106
-156
-211
-256
-276
-275
-273
-280
-306
-347
-387
-422
-435
-429
-426
-429
-444
-457
-447
-422
-387
-361
-353
-339
-309
-268
-217
-179
-161
-161
-170
-170
-155
-126
-87
-59
-45
-35
-24
-6
21
48
70
91
116
153
195
231
249
243
219
198
192
205
228
247
251
248
245
255
268
276
279
277
279
295
318
350
376
391
399
396
391
391
394
398
388
360
328
294
270
250
226
203
174
153
144
144
150
151
137
104
64
30
5
-11
-28
-53
-81
-110
-136
-152
-174
-207
-253
-312
-364
-405
-427
-429
-431
-437
-456
-483
-502
-512
-517
-518
-522
-526
-518
-501
-475
-453
-440
-434
-426
-397
-346
-277
-211
-172
-166
-179
-193
-191
-173
-146
-121
-97
-69
-29
16
53
72
72
67
71
93
132
174
199
203
192
182
183
202
233
266
291
313
328
337
344
342
334
324
332
365
416
472
505
517
516
508
508
502
489
470
442
417
401
387
384
371
339
297
249
214
200
192
187
172
148
119
84
53
23
-6
-33
-59
-79
-96
-109
-126
-150
-184
-231
-284
-330
-380
-417
-436
-441
-432
-437
-455
-477
-500
-502
-497
-490
-476
-464
-441
-414
-398
-382
-375
-371
-357
-343
-313
-272
-231
-190
-166
-159
-153
-150
-148
-139
-128
-104
-69
-25
18
48
61
66
75
100
139
174
203
219
233
253
278
308
327
333
328
312
300
301
314
335
344
335
325
315
322
342
355
368
369
369
376
378
376
365
339
311
279
249
228
211
197
178
151
128
114
104
99
92
80
67
53
46
39
24
2
-32
-68
-99
-128
-157
-187
-223
-268
-308
-343
-375
-403
-442
-473
-500
-527
-543
-565
-588
-597
-607
-608
-603
-604
-587
-563
-541
-513
-487
-455
-411
-372
-333
-296
-261
-228
-197
-167
-139
-121
-103
-86
-74
-60
-42
-23
2
32
67
105
144
179
213
240
265
287
303
318
329
340
351
357
361
361
360
360
356
356
358
361
367
377
383
389
392
391
390
391
390
387
384
380
369
359
345
330
316
300
287
271
257
240
225
212
199
189
177
165
152
138
125
107
90
68
41
12
-19
-53
-89
-126
-167
-209
-253
-297
-338
-381
-423
-465
-501
-524
-555
-582
-605
-624
-628
-632
-640
-646
-648
-636
-613
-597
-577
-555
-527
-490
-457
-423
-385
-349
-309
-271
-233
-196
-161
-126
-92
-60
-30
0
28
54
80
106
129
157
180
201
224
244
267
286
301
318
330
344
357
361
372
385
395
401
400
402
408
414
420
417
406
404
399
396
388
371
358
345
328
314
293
272
256
236
215
191
167
150
130
110
87
64
42
22
3
-15
-35
-58
-80
-101
-121
-141
-161
-180
-203
-222
-243
-265
-278
-293
-309
-328
-347
-364
-378
-393
-403
-415
-427
-433
-437
-442
-443
-444
-441
-432
-419
-405
-395
-379
-358
-337
-310
-284
-261
-234
-206
-174
-143
-113
-83
-53
-24
6
35
66
97
123
151
178
207
234
260
285
307
328
348
366
384
399
415
428
434
441
444
448
454
452
450
448
440
431
420
404
390
373
360
342
320
297
272
247
222
199
175
147
117
86
61
40
18
-8
-31
-57
-84
-105
-125
-143
-160
-181
-201
-219
-235
-244
-254
-262
-270
-281
-282
-283
-284
-282
-279
-273
-267
-263
-259
-255
-249
-240
-234
-229
-222
-218
-210
-204
-200
-194
-191
-183
-174
-169
-163
-157
-150
-140
-130
-122
-113
-103
-90
-77
-65
-54
-42
-28
-14
-3
12
28
42
52
68
85
98
112
126
139
154
166
178
188
194
204
214
223
231
233
236
241
244
246
245
242
241
237
235
228
218
210
200
187
172
154
139
128
113
98
79
62
44
27
11
-6
-21
-35
-53
-66
-80
-90
-101
-113
-125
-137
-142
-144
-145
-146
-147
-147
-146
-150
-147
-140
-133
-125
-120
-120
-118
-114
-105
-94
-87
-82
-81
-78
-72
-68
-62
-54
-49
-46
-41
-38
-35
-27
-20
-13
-8
-8
-8
-6
-1
6
8
8
6
3
4
8
13
16
18
15
12
10
13
16
19
23
24
22
21
22
23
28
33
36
36
34
34
37
44
50
54
56
54
54
56
58
63
66
67
68
66
67
70
69
71
70
67
63
61
60
55
50
47
42
37
32
26
22
17
11
5
-3
-10
-21
-28
-32
-38
-41
-43
-47
-50
-53
-56
-58
-61
-65
-69
-70
-70
-72
-73
-74
-75
-74
-73
-72
-72
-73
-71
-68
-67
-64
-62
-59
-53
-48
-45
-40
-33
-27
-22
-18
-16
-9
-4
2
8
15
20
23
27
30
35
39
42
46
49
47
48
50
50
51
53
52
48
46
44
44
43
42
37
31
27
25
25
22
19
16
13
10
7
6
4
4
3
2
4
3
2
1
-1
1
1
3
5
5
3
-1
-5
-4
-3
-1
-2
-3
-7
-9
-8
-7
-5
-5
-10
-12
-14
-16
-16
-16
-17
-18
-17
-17
-17
-19
-20
-19
-19
-19
-17
-15
-14
-15
-18
-19
-20
-20
-16
-11
-9
-9
-10
-11
-12
-12
-11
-2
12
15
5
-4
-6
-4
-1
7
19
26
21
8
0
9
22
32
37
34
28
23
22
28
37
36
27
16
10
14
22
31
36
31
20
3
-6
-7
-3
6
12
13
6
-6
-18
-26
-27
-22
-15
-10
-9
-16
-21
-26
-28
-24
-19
-16
-20
-22
-20
-16
-11
-6
-7
-10
-17
-19
-15
-12
-9
-7
-4
-6
-7
-6
-3
-3
-6
-6
-4
-6
-5
-5
-4
-1
-2
0
2
2
2
2
3
4
6
7
7
8
7
3
1
2
0
2
6
10
13
12
9
8
10
13
16
23
24
22
20
19
19
20
20
20
17
15
14
15
18
19
16
15
11
11
12
13
11
8
3
0
-5
-10
-12
-15
-15
-15
-17
-20
-22
-23
-25
-23
-22
-24
-29
-31
-30
-30
-29
-28
-28
-29
-30
-29
-27
-27
-25
-22
-21
-17
-14
