-6
-7
-8
-8
-5
-2
1
5
4
2
-1
-2
-7
-9
-8
-5
-4
-2
-1
-1
-1
-1
-2
-2
-2
-1
1
4
3
3
2
0
-1
0
-1
-3
-5
-5
-3
-3
-3
-1
0
-1
1
3
3
4
5
5
5
5
1
-1
-1
-1
-1
-3
-4
-4
-3
-2
-1
1
0
-1
1
0
-1
-3
-5
-4
-4
-4
1
3
3
6
5
1
0
0
0
1
4
5
7
9
10
11
14
14
9
7
3
4
5
3
2
3
3
4
5
6
6
6
6
5
7
7
4
2
0
-3
-7
-9
-19
-24
-26
-30
-30
-40
-45
-37
-34
-26
-24
-23
-10
6
21
40
71
98
120
142
156
193
214
204
186
144
97
24
-76
-190
-306
-429
-604
-718
-790
-845
-846
-896
-873
-753
-632
-475
-335
-187
-27
112
226
312
397
434
443
440
421
435
444
446
474
507
579
686
754
831
889
943
1028
1029
992
930
835
768
669
535
421
311
230
177
133
118
121
139
174
196
201
190
152
83
-15
-136
-274
-424
-571
-711
-830
-923
-988
-1023
-1029
-1009
-969
-920
-867
-809
-754
-713
-679
-645
-609
-571
-518
-426
-290
-124
82
336
622
903
1156
1384
1553
1624
1567
1406
1138
743
233
-332
-905
-1485
-2048
-2526
-2863
-3073
-3166
-3118
-2906
-2580
-2201
-1776
-1301
-813
-385
-23
309
609
835
988
1131
1289
1433
1547
1682
1863
2051
2198
2327
2465
2572
2593
2536
2441
2297
2064
1749
1415
1082
728
363
37
-206
-386
-511
-560
-515
-404
-265
-111
54
210
312
346
319
242
111
-67
-272
-477
-665
-827
-962
-1057
-1103
-1118
-1120
-1109
-1087
-1067
-1066
-1083
-1108
-1135
-1165
-1198
-1216
-1211
-1178
-1121
-1025
-884
-720
-548
-371
-193
-27
112
224
312
384
448
525
631
777
971
1205
1460
1703
1914
2070
2149
2117
1955
1644
1181
590
-90
-806
-1523
-2202
-2813
-3312
-3649
-3802
-3752
-3512
-3121
-2638
-2094
-1515
-929
-367
131
532
821
1011
1145
1260
1371
1477
1576
1687
1831
2015
2236
2473
2682
2817
2870
2861
2785
2616
2338
1960
1498
974
431
-74
-510
-866
-1128
-1263
-1247
-1082
-794
-408
29
454
821
1110
1298
1356
1263
1033
694
282
-168
-610
-997
-1321
-1572
-1745
-1822
-1802
-1713
-1581
-1429
-1272
-1136
-1038
-976
-944
-946
-996
-1092
-1209
-1312
-1375
-1389
-1349
-1266
-1128
-938
-715
-482
-244
-1
210
358
462
582
721
846
981
1178
1449
1701
1884
2051
2224
2317
2224
1987
1665
1207
552
-203
-902
-1545
-2231
-2910
-3401
-3638
-3711
-3649
-3362
-2857
-2301
-1788
-1234
-565
96
580
894
1149
1363
1480
1521
1578
1669
1704
1676
1707
1897
2168
2380
2529
2703
2908
3031
3022
2946
2814
2515
2001
1403
854
311
-308
-929
-1381
-1623
-1730
-1708
-1483
-1061
-572
-113
350
841
1247
1438
1409
1254
997
587
47
-511
-1017
-1501
-1967
-2319
-2473
-2477
-2426
-2325
-2121
-1847
-1600
-1412
-1242
-1097
-1065
-1160
-1283
-1365
-1446
-1569
-1678
-1687
-1593
-1437
-1213
-902
-551
-223
84
416
755
1025
1203
1340
1475
1633
1824
2061
2293
2454
2560
2663
2748
2722
2522
2166
1664
1018
298
-395
-1057
-1759
-2477
-3060
-3397
-3530
-3508
-3315
-2961
-2541
-2112
-1600
-974
-364
80
368
618
863
1043
1158
1276
1393
1438
1435
1521
1762
2040
2245
2411
2605
2800
2921
2966
2956
2823
2483
1976
1423
877
296
-348
-974
-1488
-1847
-2027
-1992
-1737
-1316
-815
-265
342
960
1472
1790
1892
1790
1494
1027
452
-167
-819
-1480
-2078
-2526
-2806
-2942
-2954
-2839
-2619
-2343
-2037
-1715
-1415
-1199
-1107
-1117
-1182
-1283
-1424
-1586
-1722
-1783
-1754
-1622
-1360
-975
-528
-85
347
801
1256
1617
1858
2034
2177
2269
2343
2494
2724
2891
2927
2948
3035
3066
2898
2569
2174
1649
902
71
-651
-1341
-2185
-3085
-3733
-4054
-4236
-4326
-4149
-3695
-3204
-2764
-2183
-1402
-688
-243
82
488
889
1122
1255
1431
1618
1678
1674
1797
2062
2300
2413
2510
2693
2889
2960
2920
2854
2708
2349
1803
1234
699
92
-614
-1253
-1694
-1975
-2129
-2059
-1722
-1235
-720
-167
472
1099
1573
1860
1976
1895
1591
1108
547
-59
-727
-1409
-1999
-2420
-2671
-2786
-2776
-2636
-2414
-2171
-1921
-1654
-1400
-1253
-1259
-1349
-1442
-1543
-1679
-1805
-1848
-1786
-1647
-1402
-992
-467
73
569
1060
1576
2029
2343
2542
2676
2720
2694
2689
2752
2783
2676
2548
2505
2456
2243
1895
1519
1043
334
-480
-1143
-1720
-2445
-3257
-3823
-4052
-4168
-4244
-4068
-3588
-3082
-2676
-2154
-1376
-612
-140
179
590
1029
1285
1403
1576
1796
1873
1832
1904
2157
2388
2455
2490
2642
2830
2864
2762
2643
2495
2155
1600
1030
525
-26
-720
-1374
-1782
-1982
-2107
-2104
-1802
-1276
-712
-149
526
1263
1824
2111
2235
2258
2066
1614
1022
410
-242
-957
-1615
-2092
-2403
-2631
-2762
-2731
-2541
-2295
-2072
-1856
-1634
-1467
-1425
-1473
-1538
-1608
-1745
-1916
-1993
-1917
-1737
-1493
-1121
-583
32
608
1154
1703
2194
2515
2646
2691
2675
2536
2288
2076
1991
1932
1789
1651
1669
1750
1706
1533
1371
1176
747
118
-463
-953
-1576
-2373
-3052
-3433
-3692
-3957
-4020
-3732
-3312
-2987
-2602
-1952
-1204
-667
-309
118
603
930
1073
1255
1528
1689
1670
1679
1876
2115
2218
2250
2368
2538
2620
2609
2587
2528
2304
1909
1462
1036
583
55
-491
-948
-1267
-1449
-1466
-1309
-1006
-608
-137
400
951
1440
1798
1984
1978
1807
1508
1097
564
-68
-706
-1290
-1796
-2211
-2495
-2654
-2724
-2714
-2611
-2430
-2244
-2095
-1981
-1908
-1883
-1893
-1899
-1909
-1906
-1856
-1698
-1438
-1104
-675
-149
429
984
1511
2002
2404
2643
2720
2691
2570
2355
2057
1790
1631
1559
1491
1432
1484
1625
1711
1664
1575
1441
1099
495
-156
-699
-1325
-2172
-3028
-3602
-3972
-4316
-4498
-4307
-3887
-3547
-3207
-2584
-1747
-1059
-607
-148
405
843
1069
1288
1606
1847
1854
1803
1939
2184
2308
2301
2361
2500
2547
2476
2455
2496
2367
1980
1558
1256
943
496
25
-329
-611
-857
-931
-732
-398
-97
225
674
1167
1554
1807
1974
1988
1771
1402
1009
578
23
-624
-1224
-1697
-2070
-2379
-2590
-2673
-2679
-2660
-2627
-2527
-2379
-2283
-2296
-2346
-2334
-2270
-2230
-2200
-2076
-1832
-1533
-1187
-724
-126
491
1024
1484
1914
2248
2411
2406
2270
2028
1682
1273
896
644
539
565
668
835
1120
1506
1900
2189
2332
2313
2086
1608
969
293
-476
-1428
-2448
-3309
-3917
-4361
-4635
-4600
-4277
-3885
-3451
-2803
-1941
-1101
-449
111
677
1135
1408
1648
1936
2115
2058
1905
1882
1976
2026
2010
2021
2068
2080
2096
2198
2323
2303
2066
1758
1509
1283
998
651
296
-22
-281
-409
-350
-168
15
168
357
636
953
1204
1315
1270
1089
808
465
78
-355
-831
-1334
-1806
-2171
-2415
-2581
-2702
-2784
-2828
-2836
-2789
-2706
-2644
-2623
-2599
-2536
-2426
-2271
-2041
-1720
-1357
-972
-524
1
575
1116
1586
1985
2286
2471
2515
2424
2223
1905
1473
1005
600
335
224
272
478
781
1158
1641
2180
2627
2862
2899
2744
2321
1636
855
25
-988
-2189
-3292
-4073
-4607
-5004
-5135
-4886
-4423
-3932
-3300
-2383
-1362
-559
10
557
1100
1463
1625
1739
1824
1741
1490
1312
1335
1421
1411
1364
1418
1570
1740
1906
2099
2222
2189
2027
1874
1787
1641
1362
988
654
412
249
184
215
299
353
428
615
897
1122
1179
1127
1013
826
535
194
-168
-594
-1094
-1577
-1918
-2147
-2357
-2593
-2779
-2883
-2942
-2982
-2996
-2962
-2925
-2885
-2798
-2592
-2274
-1925
-1554
-1155
-675
-172
331
821
1267
1650
1895
2047
2084
2022
1845
1559
1222
814
447
154
27
73
273
618
1020
1518
2058
2602
3020
3230
3226
2943
2400
1643
792
-170
-1287
-2467
-3516
-4302
-4868
-5199
-5208
-4893
-4415
-3845
-3087
-2101
-1116
-338
260
803
1268
1519
1636
1711
1738
1591
1348
1236
1276
1358
1340
1373
1502
1710
1926
2132
2389
2525
2547
2428
2314
2190
1945
1621
1197
825
465
203
59
-12
-16
-24
82
263
493
690
806
856
777
612
391
145
-176
-612
-1096
-1554
-1941
-2287
-2607
-2875
-3099
-3273
-3387
-3400
-3300
-3151
-2977
-2794
-2544
-2197
-1791
-1354
-931
-501
-79
318
718
1102
1451
1689
1802
1819
1742
1618
1428
1198
897
560
301
136
114
247
570
1012
1433
1874
2396
2961
3343
3449
3352
3042
2445
1582
660
-278
-1366
-2590
-3692
-4470
-5006
-5358
-5405
-5100
-4608
-4060
-3332
-2352
-1345
-549
62
639
1135
1413
1549
1676
1747
1620
1387
1292
1367
1445
1443
1485
1639
1818
1996
2218
2473
2616
2572
2444
2324
2191
1955
1620
1244
860
513
254
112
43
3
10
103
283
502
697
822
845
778
658
502
269
-77
-516
-988
-1445
-1862
-2229
-2545
-2824
-3084
-3302
-3416
-3408
-3323
-3212
-3062
-2843
-2567
-2248
-1874
-1434
-989
-594
-236
129
486
786
1030
1236
1371
1397
1350
1288
1204
1048
825
597
417
320
367
615
1023
1459
1864
2305
2826
3315
3620
3694
3540
3112
2393
1522
651
-283
-1414
-2653
-3716
-4464
-4971
-5256
-5205
-4843
-4366
-3830
-3082
-2093
-1133
-430
103
614
1036
1262
1377
1503
1559
1422
1218
1174
1290
1377
1385
1451
1619
1803
1968
2184
2431
2556
2492
2360
2258
2113
1825
1419
1004
605
208
-120
-312
-385
-410
-382
-244
12
307
556
743
876
934
884
727
479
138
-301
-819
-1339
-1807
-2231
-2634
-2995
-3251
-3390
-3433
-3382
-3236
-3017
-2779
-2520
-2198
-1800
-1388
-1015
-678
-346
-18
281
568
849
1096
1247
1310
1333
1354
1348
1272
1152
1011
889
798
802
973
1293
1653
1966
2290
2678
3070
3327
3390
3273
2922
2297
1473
610
-276
-1294
-2433
-3490
-4291
-4855
-5201
-5245
-4978
-4549
-4065
-3439
-2596
-1687
-933
-352
161
605
896
1072
1245
1393
1380
1235
1162
1258
1400
1473
1541
1696
1878
2020
2174
2389
2549
2495
2285
2088
1917
1640
1206
736
303
-105
-454
-642
-643
-565
-465
-271
71
503
915
1248
1472
1576
1560
1435
1197
843
388
-166
-784
-1384
-1888
-2306
-2699
-3034
-3228
-3274
-3245
-3154
-2952
-2667
-2388
-2136
-1839
-1485
-1153
-876
-596
-290
-8
229
463
733
973
1128
1220
1293
1360
1353
1290
1198
1106
1026
984
1065
1272
1543
1782
2030
2345
2664
2865
2875
2745
2435
1891
1143
333
-498
-1458
-2520
-3493
-4210
-4739
-5129
-5271
-5081
-4684
-4240
-3667
-2869
-1978
-1235
-643
-47
519
896
1098
1297
1504
1569
1478
1438
1549
1671
1717
1781
1965
2149
2248
2349
2525
2660
2588
2370
2147
1913
1553
1095
667
274
-137
-505
-651
-573
-416
-229
79
532
999
1407
1788
2103
2212
2079
1841
1554
1131
519
-172
-836
-1490
-2117
-2615
-2938
-3173
-3371
-3440
-3320
-3109
-2882
-2645
-2375
-2125
-1932
-1723
-1491
-1303
-1175
-1040
-834
-576
-315
-26
294
588
848
1082
1321
1497
1546
1543
1523
1532
1527
1560
1678
1844
1975
2101
2288
2496
2596
2502
2323
2029
1531
830
72
-655
-1489
-2454
-3333
-3964
-4413
-4770
-4902
-4691
-4287
-3891
-3398
-2676
-1842
-1168
-653
-98
438
785
966
1191
1476
1607
1573
1609
1791
1964
2033
2129
2353
2543
2599
2636
2746
2799
2626
2305
2015
1711
1253
708
247
-108
-488
-836
-940
-797
-576
-329
77
657
1199
1600
1957
2288
2401
2211
1859
1458
917
190
-564
-1216
-1813
-2417
-2899
-3145
-3226
-3254
-3204
-3000
-2730
-2500
-2298
-2063
-1835
-1721
-1683
-1631
-1539
-1467
-1387
-1211
-936
-632
-311
86
542
954
1287
1582
1837
1969
1962
1915
1865
1791
1709
1712
1801
1865
1910
2022
2191
2256
2143
1944
1670
1211
547
-127
-760
-1505
-2402
-3199
-3719
-4092
-4440
-4586
-4383
-4018
-3690
-3247
-2535
-1744
-1161
-715
-177
380
726
906
1157
1455
1596
1593
1697
1949
2137
2188
2286
2507
2676
2695
2705
2782
2767
2522
2187
1902
1560
1038
452
-18
-405
-810
-1124
-1168
-977
-718
-380
163
847
1446
1899
2305
2627
2678
2428
2038
1574
931
106
-707
-1390
-2022
-2630
-3068
-3251
-3286
-3271
-3142
-2848
-2501
-2232
-2018
-1800
-1644
-1634
-1712
-1778
-1827
-1900
-1933
-1822
-1563
-1227
-810
-280
320
895
1406
1883
2278
2525
2628
2675
2682
2631
2534
2456
2381
2275
2148
2057
1951
1734
1413
1048
624
78
-534
-1128
-1734
-2413
-3062
-3524
-3803
-4019
-4131
-4025
-3731
-3410
-3058
-2568
-1975
-1466
-1065
-629
-119
318
622
927
1297
1634
1864
2093
2402
2703
2895
3037
3217
3375
3401
3309
3173
2972
2623
2140
1608
1046
410
-262
-853
-1299
-1630
-1836
-1823
-1562
-1123
-559
140
936
1684
2291
2765
3099
3184
2957
2486
1868
1108
209
-714
-1527
-2214
-2801
-3217
-3373
-3305
-3119
-2853
-2494
-2106
-1792
-1578
-1447
-1433
-1572
-1817
-2093
-2374
-2625
-2761
-2719
-2524
-2195
-1689
-992
-186
622
1415
2164
2804
3244
3520
3688
3769
3720
3540
3284
2991
2689
2357
2005
1603
1155
658
116
-425
-930
-1395
-1885
-2412
-2887
-3213
-3385
-3498
-3541
-3475
-3287
-3069
-2824
-2494
-2084
-1714
-1444
-1169
-800
-365
46
468
936
1415
1854
2306
2821
3319
3682
3902
4071
4172
4138
3954
3663
3232
2613
1885
1162
471
-266
-1023
-1675
-2155
-2454
-2572
-2455
-2122
-1637
-1030
-297
540
1362
2083
2623
2959
3072
2962
2644
2105
1410
605
-229
-1035
-1739
-2276
-2629
-2801
-2831
-2700
-2461
-2160
-1860
-1609
-1412
-1341
-1387
-1572
-1833
-2169
-2533
-2856
-3106
-3204
-3163
-2864
-2367
-1690
-902
11
1034
2001
2849
3494
4009
4331
4465
4489
4407
4200
3764
3252
2779
2361
1884
1301
727
142
-449
-1037
-1484
-1837
-2252
-2748
-3142
-3309
-3354
-3373
-3310
-3123
-2922
-2794
-2620
-2311
-2001
-1848
-1759
-1552
-1216
-861
-463
92
740
1356
1930
2609
3341
3938
4309
4557
4738
4736
4502
4124
3647
2981
2097
1164
301
-534
-1390
-2158
-2702
-3060
-3239
-3171
-2766
-2156
-1463
-668
254
1195
1968
2570
3023
3260
3172
2822
2345
1747
986
144
-599
-1201
-1708
-2095
-2249
-2188
-2023
-1812
-1506
-1162
-930
-861
-894
-1009
-1289
-1725
-2205
-2653
-3097
-3490
-3697
-3620
-3334
-2875
-2219
-1362
-383
609
1632
2593
3405
3940
4297
4531
4649
4627
4427
4136
3678
3199
2689
2223
1704
1072
399
-343
-1025
-1677
-2201
-2734
-3272
-3736
-3998
-4018
-3951
-3743
-3457
-3080
-2782
-2480
-2112
-1758
-1549
-1526
-1445
-1290
-1060
-813
-411
144
758
1408
2154
3034
3833
4460
4894
5224
5341
5204
4840
4297
3542
2531
1446
385
-608
-1604
-2472
-3093
-3455
-3584
-3443
-2951
-2227
-1389
-496
489
1451
2235
2790
3133
3251
3064
2627
2055
1423
725
17
-580
-1019
-1314
-1484
-1471
-1302
-1080
-870
-689
-550
-559
-726
-1007
-1370
-1852
-2432
-2975
-3424
-3767
-4010
-4057
-3851
-3465
-2915
-2208
-1310
-329
618
1532
2340
3038
3480
3777
3967
4104
4202
4180
4138
3938
3750
3468
3138
2639
1948
1134
146
-830
-1814
-2618
-3423
-4177
-4816
-5120
-5064
-4780
-4277
-3635
-2869
-2211
-1598
-1028
-534
-346
-481
-726
-933
-1050
-1100
-917
-496
76
750
1627
2753
3883
4816
5495
5983
6189
6032
5559
4828
3806
2458
984
-384
-1559
-2597
-3431
-3933
-4070
-3905
-3435
-2636
-1626
-630
268
1094
1839
2372
2619
2640
2437
2032
1463
919
465
66
-287
-511
-557
-485
-350
-176
5
66
-22
-222
-495
-891
-1407
-1954
-2449
-2906
-3306
-3567
-3665
-3639
-3558
-3334
-2943
-2450
-1938
-1378
-749
-85
493
1047
1552
2019
2357
2669
3079
3614
4207
4670
5072
5255
5336
5096
4632
3820
2683
1256
-360
-1871
-3211
-4299
-5255
-5947
-6282
-6144
-5600
-4714
-3573
-2415
-1423
-689
-144
196
188
-172
-795
-1449
-2014
-2294
-2177
-1631
-786
247
1510
2945
4423
5635
6472
6843
6748
6200
5290
4161
2799
1281
-273
-1558
-2457
-2981
-3192
-3129
-2797
-2317
-1724
-1049
-352
204
507
630
677
709
679
636
615
639
691
802
1026
1286
1479
1533
1510
1387
1122
692
162
-413
-1031
-1618
-2090
-2386
-2561
-2625
-2576
-2408
-2198
-2018
-1905
-1867
-1923
-2088
-2287
-2461
-2540
-2527
-2348
-1953
-1329
-543
302
1172
1994
2755
3445
4141
4865
5485
5866
5937
5788
5397
4725
3731
2489
1068
-491
-2013
-3280
-4150
-4786
-5267
-5534
-5410
-4942
-4251
-3417
-2513
-1745
-1336
-1200
-1163
-1173
-1382
-1784
-2158
-2291
-2099
-1560
-599
670
1981
3116
4116
5024
5666
5846
5523
4828
3855
2758
1728
908
242
-364
-829
-1026
-943
-740
-526
-395
-433
-652
-906
-1038
-1099
-1185
-1256
-1130
-756
-193
512
1326
2082
2571
2805
2910
2888
2574
1927
1105
279
-496
-1156
-1587
-1783
-1838
-1822
-1682
-1407
-1115
-932
-905
-1010
-1265
-1634
-2051
-2470
-2876
-3243
-3440
-3423
-3176
-2771
-2188
-1458
-688
84
765
1397
1830
2151
2458
2926
3564
4183
4738
5092
5330
5268
4933
4232
3203
1796
62
-1665
-3140
-4187
-5018
-5579
-5813
-5587
-4987
-4126
-3029
-1943
-1149
-896
-946
-1098
-1276
-1589
-1966
-2161
-2064
-1562
-639
762
2325
3691
4641
5234
5549
5481
4990
4071
2885
1584
442
-302
-584
-552
-402
-173
129
487
779
890
684
101
-717
-1511
-2027
-2228
-2137
-1782
-1148
-268
791
1924
2928
3563
3660
3310
2672
1904
1037
129
-727
-1436
-1881
-2000
-1751
-1294
-824
-513
-348
-326
-448
-725
-1159
-1706
-2315
-2792
-3050
-3003
-2800
-2454
-2067
-1681
-1315
-1008
-681
-518
-485
-629
-706
-683
-418
136
1040
2280
3541
4750
5633
6224
6244
5650
4469
2873
1054
-851
-2508
-3733
-4370
-4643
-4543
-4155
-3477
-2687
-1951
-1316
-948
-925
-1357
-1967
-2562
-2914
-3018
-2779
-2114
-1077
293
1796
3382
4707
5523
5655
5204
4361
3249
2041
859
-67
-707
-886
-604
88
928
1582
1937
1910
1574
960
179
-724
-1627
-2385
-2763
-2589
-1929
-882
280
1371
2198
2708
2930
2828
2357
1538
587
-279
-879
-1165
-1105
-783
-409
-80
150
312
306
-3
-587
-1344
-2105
-2718
-3032
-2979
-2614
-2081
-1478
-824
-233
195
336
115
-407
-1138
-1804
-2257
-2405
-2327
-2023
-1540
-848
98
1236
2538
3610
4307
4525
4374
3947
3242
2335
1325
263
-752
-1449
-1724
-1577
-1388
-1375
-1522
-1829
-2166
-2452
-2590
-2587
-2625
-2740
-2725
-2453
-1891
-1185
-473
262
890
1469
2076
2711
3265
3489
3359
3020
2623
2267
1984
1701
1405
1049
710
526
454
420
235
-114
-498
-779
-851
-742
-546
-359
-219
-71
207
589
966
1177
1143
979
772
643
599
571
492
332
181
145
217
281
242
15
-366
-826
-1249
-1553
-1802
-2009
-2137
-2129
-1928
-1585
-1159
-734
-441
-340
-351
-459
-544
-713
-892
-1035
-1114
-1053
-881
-569
-315
-186
-306
-292
-165
312
960
1617
2184
2360
2365
2177
1940
1474
797
-57
-821
-1354
-1576
-1454
-1326
-1296
-1558
-1862
-2009
-1953
-1740
-1518
-1401
-1431
-1481
-1365
-894
-352
165
553
959
1506
2121
2862
3512
3833
3665
3203
2742
2423
2060
1572
1011
359
-177
-559
-591
-443
-425
-565
-740
-703
-454
-96
246
487
487
402
435
693
1059
1223
1179
971
761
604
552
531
405
52
-375
-623
-628
-507
-510
-659
-993
-1404
-1757
-1920
-1930
-1972
-2114
-2197
-2026
-1588
-986
-427
-78
-16
-180
-349
-372
-355
-358
-461
-500
-420
-185
119
362
318
42
-154
-27
572
1224
1787
1995
1824
1357
797
302
-198
-871
-1653
-2118
-2145
-1701
-1172
-771
-663
-941
-1331
-1496
-1230
-758
-457
-487
-620
-692
-569
-239
165
525
664
788
1211
2049
3062
3819
4106
3925
3465
2907
2428
1963
1346
516
-320
-814
-855
-583
-281
-166
-317
-605
-780
-680
-405
-175
-71
54
377
936
1599
2118
2211
1764
976
224
-249
-470
-596
-707
-761
-704
-466
-115
130
-30
-668
-1560
-2339
-2804
-2925
-2763
-2468
-2097
-1674
-1121
-457
72
203
-53
-559
-984
-1188
-1118
-766
-427
-150
13
203
406
538
411
196
23
138
742
1499
2335
2636
2388
1634
637
-301
-1071
-1696
-2184
-2425
-2392
-1885
-1315
-819
-684
-948
-1333
-1603
-1459
-899
-263
119
275
250
383
624
881
1124
1142
1126
1257
1733
2488
3197
3481
3359
2937
2435
2126
1841
1592
1129
531
71
-134
-67
32
-68
-414
-880
-1262
-1246
-900
-394
54
351
685
1071
1442
1660
1500
965
185
-520
-806
-677
-349
-84
-14
-71
-182
-371
-598
-1043
-1686
-2411
-2965
-3028
-2675
-2069
-1532
-1171
-1020
-931
-806
-630
-488
-516
-651
-748
-685
-416
-84
157
183
25
-194
-267
-203
-45
323
704
1395
2055
2633
2915
2546
1695
504
-614
-1347
-1663
-1694
-1430
-1168
-885
-679
-758
-1032
-1634
-2353
-2742
-2634
-1899
-786
156
793
932
706
501
336
392
555
732
1145
1796
2617
3409
3762
3544
2853
1849
1081
711
705
979
1170
1322
1377
1292
1125
732
108
-593
-1176
-1330
-932
-212
605
1204
1427
1354
1024
622
176
-313
-731
-963
-856
-441
86
452
464
80
-526
-1136
-1562
-1783
-1913
-1981
-2045
-1999
-1822
-1596
-1397
-1355
-1434
-1489
-1346
-987
-436
-18
191
167
-106
-346
-604
-764
-885
-940
-912
-687
-320
99
656
1081
1612
2002
2154
2144
1731
1098
327
-399
-841
-1005
-1009
-794
-545
-332
-225
-417
-752
-1193
-1652
-1791
-1522
-912
-153
287
429
231
-185
-462
-527
-244
251
784
1372
1947
2369
2573
2403
1916
1262
579
241
323
719
1257
1624
1757
1631
1260
841
425
65
-117
-94
235
797
1341
1717
1724
1355
815
261
-49
-132
-105
-16
38
74
57
-55
-307
-701
-1221
-1659
-1842
-1730
-1396
-1115
-1015
-1140
-1456
-1786
-2011
-2092
-1983
-1792
-1444
-903
-290
339
754
869
719
362
-68
-363
-580
-645
-628
-703
-642
-593
-504
-203
114
674
1199
1445
1530
1260
725
34
-745
-1315
-1572
-1685
-1471
-1036
-580
-210
-257
-482
-709
-1003
-1038
-763
-219
440
690
666
473
93
-194
-344
-125
395
914
1419
1899
2179
2189
1804
1193
615
33
-235
-161
185
669
964
1092
1076
865
627
430
325
465
731
1196
1762
2161
2345
2207
1792
1316
857
587
553
548
595
543
380
140
-238
-651
-1070
-1420
-1601
-1548
-1339
-1039
-896
-1015
-1382
-1938
-2417
-2737
-2794
-2563
-2109
-1501
-834
-262
171
375
304
117
-154
-312
-366
-305
-141
27
114
45
-118
-352
-374
-186
305
926
1300
1400
1036
360
-441
-1207
-1759
-2050
-2132
-1953
-1519
-1045
-658
-577
-751
-987
-1155
-974
-349
525
1350
1745
1589
1124
530
71
-64
103
575
1171
1752
2275
2617
2617
2201
1417
555
-29
-283
-158
157
447
577
396
75
-229
-418
-451
-345
-40
515
1214
1898
2401
2530
2304
1777
1170
761
628
744
906
949
858
610
272
-83
-462
-739
-927
-1008
-893
-726
-534
-553
-922
-1486
-2152
-2637
-2847
-2785
-2435
-1945
-1500
-1099
-798
-536
-318
-334
-338
-396
-404
-271
-175
55
215
231
130
-36
-134
-45
232
685
1258
1585
1638
1282
680
22
-684
-1219
-1615
-1822
-1885
-1847
-1723
-1601
-1627
-1762
-1876
-1807
-1364
-649
283
1137
1593
1566
1099
514
107
-12
220
710
1272
1821
2212
2461
2530
2323
1886
1317
813
544
533
669
795
707
403
-38
-463
-699
-711
-509
-172
236
671
1096
1392
1486
1358
1047
728
504
483
670
911
1052
995
733
389
40
-260
-423
-500
-463
-326
-147
51
89
-112
-538
-1115
-1633
-1973
-2084
-1968
-1772
-1586
-1443
-1378
-1300
-1239
-1174
-1070
-959
-780
-572
-357
-169
-78
-104
-187
-287
-308
-211
-52
254
581
960
1309
1456
1437
1117
633
102
-373
-699
-926
-1118
-1313
-1442
-1528
-1478
-1375
-1261
-1083
-900
-555
-87
384
716
706
381
-65
-421
-482
-199
253
761
1149
1416
1641
1771
1821
1721
1450
1133
873
770
871
996
1048
950
707
504
382
399
525
633
703
707
650
603
502
323
132
-71
-141
-47
139
401
546
507
325
25
-244
-408
-496
-437
-280
-60
239
460
570
484
133
-317
-777
-1088
-1155
-1108
-999
-949
-1046
-1172
-1322
-1396
-1368
-1354
-1322
-1267
-1175
-974
-742
-569
-452
-511
-600
-602
-534
-311
-138
-29
58
136
330
625
902
1058
989
667
281
-137
-461
-623
-688
-557
-318
10
384
645
738
641
380
95
-114
-228
-187
-90
9
103
99
73
23
-59
-69
-59
22
189
332
467
504
438
364
298
329
458
642
864
1073
1224
1319
1306
1164
934
621
343
155
65
119
181
245
254
177
132
39
1
-71
-174
-249
-278
-147
29
293
463
643
752
780
760
512
333
83
-58
-170
-355
-478
-609
-636
-711
-871
-1142
-1373
-1452
-1413
-1281
-1287
-1336
-1357
-1346
-1184
-1123
-1084
-1067
-1066
-937
-861
-699
-527
-228
147
462
715
739
729
600
458
299
89
11
9
191
458
681
820
790
660
486
309
202
166
187
242
282
276
273
240
175
94
-96
-272
-416
-472
-344
-173
26
148
143
135
135
209
380
552
746
915
1025
1134
1147
1098
983
773
579
383
205
82
-54
-179
-286
-393
-440
-444
-484
-520
-601
-670
-609
-530
-346
-164
-15
209
411
642
785
775
642
512
437
460
482
350
180
-98
-296
-410
-520
-548
-645
-710
-723
-718
-625
-541
-466
-444
-514
-634
-759
-804
-819
-775
-809
-850
-814
-706
-379
-96
144
221
130
68
-24
-1
46
131
242
349
474
540
613
627
639
611
495
373
211
143
138
135
120
4
-117
-207
-254
-250
-278
-325
-367
-384
-355
-304
-265
-247
-212
-170
-30
164
394
663
843
1000
1057
1041
1010
894
775
608
407
241
115
38
13
-37
-123
-214
-351
-430
-484
-529
-506
-515
-475
-382
-269
-62
113
259
363
392
432
487
544
586
572
452
318
141
-8
-99
-222
-272
-361
-413
-415
-403
-302
-194
-77
9
38
1
-48
-144
-264
-381
-526
-567
-543
-423
-227
-126
-116
-266
-508
-696
-803
-757
-587
-368
-136
71
216
340
409
388
338
241
199
241
321
418
425
320
159
-6
-107
-134
-168
-217
-298
-397
-418
-404
-356
-313
-324
-299
-230
-76
162
374
521
579
564
571
614
671
726
702
633
556
460
409
326
196
51
-109
-185
-183
-142
-96
-119
-208
-301
-362
-347
-255
-160
-41
50
111
178
210
227
213
168
151
150
153
168
138
51
-91
-276
-404
-477
-478
-407
-313
-189
-70
55
184
282
316
308
274
238
232
237
286
298
266
217
99
-31
-197
-356
-463
-562
-590
-555
-488
-396
-345
-335
-349
-393
-415
-378
-311
-201
-84
27
151
213
242
238
186
140
68
-15
-103
-214
-297
-339
-350
-322
-299
-287
-252
-201
-114
6
105
195
270
351
485
614
725
778
722
611
482
366
297
236
168
98
2
-75
-119
-157
-181
-221
-269
-290
-279
-212
-95
14
100
160
203
274
353
419
458
431
376
311
234
163
61
-63
-179
-293
-367
-421
-484
-525
-554
-531
-433
-316
-170
-33
75
181
255
309
347
352
363
391
436
482
472
394
253
58
-135
-282
-357
-356
-332
-314
-324
-364
-413
-464
-507
-537
-544
-517
-446
-324
-183
-60
10
31
37
49
77
114
143
146
109
46
0
-6
17
37
21
-26
-81
-125
-131
-80
12
119
209
275
346
419
473
474
408
302
193
107
65
59
48
-6
-114
-221
-269
-265
-243
-244
-259
-253
-209
-113
38
209
354
442
484
508
520
498
447
385
326
278
230
173
95
-28
-192
-367
-515
-617
-679
-699
-664
-574
-437
-287
-164
-88
-55
-28
20
102
204
308
406
490
536
523
426
258
72
-65
-98
-38
54
97
55
-53
-170
-255
-299
-294
-270
-234
-195
-144
-84
-56
-75
-140
-206
-243
-235
-179
-110
-54
-22
5
45
90
126
133
97
36
-16
-19
16
72
129
169
200
218
250
274
260
194
92
16
-26
-20
5
11
-30
-121
-206
-268
-290
-295
-300
-301
-287
-243
-167
-77
0
41
63
95
164
286
404
491
502
439
346
258
222
193
148
64
-47
-129
-173
-177
-192
-247
-329
-410
-430
-387
-305
-236
-209
-188
-156
-62
71
212
324
352
342
302
274
251
201
139
47
-3
5
63
136
133
70
-36
-99
-72
6
101
129
108
60
34
52
39
-10
-124
-230
-266
-233
-151
-130
-159
-242
-297
-249
-144
-10
43
37
16
15
78
132
169
153
114
101
115
165
167
111
10
-89
-118
-109
-74
-81
-131
-200
-266
-270
-250
-212
-201
-208
-187
-145
-69
-12
28
58
82
138
201
267
286
248
188
141
142
167
183
164
105
36
-17
-33
-14
6
7
-11
-35
-50
-54
-52
-49
-44
-31
3
71
157
226
239
185
96
18
-7
25
81
109
67
-24
-113
-154
-142
-129
-135
-168
-190
-166
-96
-16
23
9
-31
-40
12
93
155
148
79
-24
-117
-170
-187
-182
-176
-164
-140
-97
-39
8
34
35
33
53
96
160
215
246
247
226
197
155
105
42
-19
-62
-77
-71
-73
-97
-144
-188
-205
-197
-171
-152
-149
-151
-150
-125
-83
-40
-10
4
25
64
124
178
201
178
113
36
-25
-43
-27
-4
0
-27
-66
-96
-107
-98
-82
-62
-32
21
105
209
295
327
293
211
128
80
79
101
117
101
62
26
3
-12
-41
-94
-159
-202
-199
-155
-105
-83
-103
-145
-173
-161
-109
-43
15
52
81
107
137
165
167
138
83
22
-21
-40
-41
-40
-58
-87
-102
-101
-77
-46
-15
8
32
65
100
130
140
133
110
77
51
28
4
-25
-61
-98
-129
-145
-147
-143
-139
-131
-117
-92
-52
-10
21
33
27
17
16
28
48
67
79
81
84
94
100
86
36
-45
-138
-211
-245
-247
-225
-205
-187
-166
-132
-77
-6
67
134
196
252
301
332
336
313
282
255
246
248
252
236
194
135
72
15
-33
-74
-110
-139
-152
-155
-154
-166
-202
-252
-301
-320
-300
-247
-174
-103
-45
-8
9
16
16
12
9
11
19
35
49
49
33
7
-18
-25
-11
27
75
120
148
153
140
111
76
49
42
48
62
70
57
25
-23
-77
-125
-163
-180
-172
-138
-79
-13
44
73
65
34
2
-8
9
46
89
119
133
129
115
90
49
-8
-74
-127
-158
-166
-161
-167
-195
-241
-288
-305
-284
-221
-140
-59
9
65
109
147
175
193
202
207
219
243
271
286
274
230
167
107
64
54
66
88
100
92
61
14
-36
-83
-125
-159
-184
-190
-182
-165
-147
-140
-135
-135
-126
-103
-77
-52
-37
-39
-51
-61
-61
-46
-19
17
57
95
130
154
163
153
131
105
86
82
87
94
88
62
23
-20
-56
-84
-106
-124
-135
-139
-132
-115
-92
-70
-55
-44
-32
-10
21
51
77
94
99
102
106
111
116
113
101
83
62
41
16
-12
-46
-86
-120
-150
-168
-175
-176
-173
-167
-155
-132
-96
-54
-8
35
72
105
129
140
138
123
96
71
53
46
49
60
73
85
94
95
87
72
51
28
3
-22
-45
-66
-83
-93
-96
-94
-84
-68
-50
-30
-16
-11
-15
-30
-46
-68
-88
-101
-104
-94
-70
-32
13
57
96
119
123
114
96
78
65
59
60
67
74
73
63
36
-1
-40
-75
-95
-97
-89
-70
-50
-37
-30
-33
-43
-50
-45
-27
3
44
83
116
137
144
138
122
100
77
60
48
34
19
-4
-33
-67
-105
-134
-156
-169
-172
-169
-160
-146
-129
-109
-88
-63
-32
-1
32
63
87
105
109
103
89
70
57
47
48
63
84
105
120
120
105
72
30
-13
-49
-74
-85
-85
-80
-69
-55
-41
-29
-20
-18
-20
-27
-37
-49
-61
-70
-73
-65
-52
-32
-6
19
44
63
79
91
97
101
99
93
83
75
64
53
39
22
2
-22
-49
-74
-95
-114
-125
-123
-114
-102
-89
-77
-69
-62
-52
-35
-8
27
66
105
137
160
171
168
159
144
128
113
104
96
87
76
55
23
-13
-53
-93
-121
-140
-145
-136
-126
-110
-92
-78
-64
-51
-41
-30
-17
-5
6
13
13
8
-4
-16
-28
-36
-35
-25
-12
2
12
16
14
6
-5
-17
-27
-31
-30
-23
-16
-8
-1
1
0
-2
-8
-10
-10
-4
5
17
29
38
48
51
50
49
49
49
51
57
65
72
79
83
78
71
61
41
25
10
-6
-17
-24
-31
-40
-43
-47
-50
-53
-51
-46
-41
-31
-23
-14
-5
3
8
12
16
15
16
17
16
15
13
8
2
1
0
-4
-9
-18
-31
-43
-52
-61
-67
-69
-68
-64
-55
-43
-33
-22
-11
-1
8
21
28
32
36
33
25
19
15
9
5
3
0
1
1
2
0
-2
-7
-11
-17
-18
-16
-13
-6
2
8
15
17
19
21
20
19
19
21
26
32
37
40
44
44
45
44
45
43
39
38
39
39
37
35
32
27
18
12
2
-8
-19
-30
-42
-51
-56
-59
-59
-57
-55
-54
-51
-48
-42
-34
-29
-23
-14
-5
8
15
20
20
15
9
1
-3
-8
-14
-17
-23
-28
-32
-34
-36
-34
-34
-31
-23
-17
-10
-6
-1
3
6
13
22
31
35
40
44
45
45
40
34
30
25
21
18
16
15
14
11
7
2
2
0
0
-1
-6
-5
-8
-9
-9
-12
-11
-12
-11
-10
-11
-8
-6
-5
-2
2
5
9
14
19
19
19
18
15
17
18
20
20
18
16
13
7
0
-6
-14
-19
-21
-26
-31
-35
-41
-44
-47
-49
-45
-40
-37
-27
-16
-6
7
19
33
44
53
58
63
62
56
49
39
29
17
6
-8
-19
-33
-46
-54
-63
-69
-72
-72
-70
-65
-59
-52
-45
-39
-29
-18
-3
12
29
47
61
70
73
74
66
52
39
25
18
15
15
16
21
23
25
25
22
17
11
5
0
-4
-6
-7
-7
-8
-12
-17
-24
-31
-37
-41
-44
-41
-34
-25
-14
-3
10
22
34
42
47
48
49
46
43
41
38
34
28
22
14
4
-7
-18
-32
-45
-57
-68
-72
-69
-65
-56
-45
-36
-26
-19
-13
-3
3
11
22
33
43
51
59
63
63
57
47
36
23
9
-5
-19
-32
-44
-53
-60
-63
-64
-63
-58
-53
-47
-42
-36
-27
-19
-11
-1
10
20
29
35
42
45
45
42
35
32
31
31
27
25
20
14
8
2
-3
-8
-10
-9
-9
-6
-3
1
3
6
5
3
-2
-6
-10
-14
-17
-20
-22
-21
-18
-10
-1
6
17
23
27
30
36
37
42
49
52
54
54
50
42
29
13
-7
-26
-41
-52
-57
-55
-51
-46
-40
-37
-34
-33
-32
-25
-20
-10
3
16
30
43
50
52
50
45
38
28
15
4
-8
-15
-21
-28
-35
-42
-48
-51
-54
-55
-55
-56
-54
-52
-46
-41
-36
-26
-13
-3
6
15
19
21
18
12
8
6
7
12
17
24
31
33
33
32
30
27
24
20
15
16
19
22
27
27
24
22
19
15
7
-3
-8
-13
-14
-12
-6
-1
3
6
9
8
5
1
0
-5
-6
-3
1
7
12
17
17
15
10
5
1
-5
-11
-17
-22
-26
-28
-30
-32
-32
-31
-30
-25
-19
-11
-5
0
6
11
16
21
22
22
21
16
12
8
4
3
-2
-6
-10
-13
-14
-19
-21
-21
-20
-16
-11
-10
-10
-9
-10
-9
-7
-2
1
4
7
9
9
11
11
10
9
6
5
9
8
11
12
12
11
11
9
5
3
3
5
6
8
8
11
11
9
8
4
1
-1
-6
-5
-4
-4
-3
-2
1
1
2
4
2
2
0
-1
-1
0
2
