-3
-1
3
1
0
0
-1
0
1
2
5
5
1
-1
0
2
5
5
0
-1
2
5
7
5
2
0
-1
2
5
7
7
3
1
3
5
5
9
9
4
3
3
6
9
6
5
4
1
-1
1
2
4
0
-1
0
0
1
0
-1
-4
-7
-6
-4
-2
-6
-11
-4
-3
-3
-3
-9
-10
-8
-6
-3
-5
-9
-11
-10
-2
-6
-10
-6
-5
-5
-3
-3
0
-2
-4
-8
-4
1
-4
-4
-1
-6
-3
5
6
5
4
2
10
20
20
14
5
-2
-1
9
17
12
3
-5
-7
-1
7
9
7
0
-5
-3
6
13
9
5
0
2
7
7
3
0
-7
-6
4
8
10
9
1
0
3
5
8
1
-3
-2
-1
1
2
-3
-11
-10
-9
-6
-3
-6
-12
-12
-13
-8
-3
-4
-5
-7
-12
-11
-5
-5
-4
-7
-10
-7
-3
-1
-4
-2
4
5
3
-4
-9
-6
3
5
-1
-12
-22
-23
-10
-1
-4
-6
-14
-19
-7
3
11
9
-1
-6
-4
9
18
14
10
1
0
12
23
25
24
17
22
31
44
50
47
43
39
39
42
43
36
25
20
17
12
10
4
-17
-33
-45
-50
-53
-89
-113
-128
-146
-144
-184
-221
-221
-233
-217
-225
-260
-243
-224
-201
-177
-178
-162
-123
-92
-64
-30
4
42
93
123
151
192
213
232
235
254
288
288
293
281
264
305
309
278
267
225
203
242
250
242
239
188
135
137
180
217
239
241
177
117
156
183
149
108
5
-85
-72
-68
-106
-112
-218
-398
-324
-260
-15
1259
2220
1407
-361
-1449
-561
1207
1833
1210
-93
-1655
-2316
-1266
523
1022
-395
-2068
-2674
-2348
-1210
134
145
-1501
-3191
-3237
-1657
-375
-503
-1144
-1798
-2256
-1652
-78
1090
745
-536
-910
128
1234
1638
1634
1362
1048
1195
1938
2785
2737
1683
1049
1360
1859
2143
1956
1494
1028
492
590
1279
1360
745
157
-63
-125
-284
-333
-235
-329
-740
-1062
-890
-641
-772
-897
-660
-494
-738
-956
-866
-704
-653
-676
-591
-416
-484
-704
-533
-216
-321
-460
-287
-122
-206
-390
-386
-200
-44
-27
46
214
32
-245
-44
233
223
71
-82
-49
-22
-125
-7
152
34
-169
-206
73
108
9
929
2097
1998
823
-155
160
1162
1541
1360
1004
88
-1003
-971
143
804
214
-820
-1421
-1657
-1433
-553
33
-646
-2050
-2692
-1955
-1031
-947
-1160
-1369
-1842
-1950
-1022
229
570
-143
-678
-182
634
1044
1268
1436
1332
1147
1418
2183
2625
2188
1602
1591
1855
1981
1907
1850
1691
1092
722
981
1142
916
448
92
-9
-426
-836
-678
-553
-854
-1203
-1190
-994
-1024
-1152
-1073
-812
-795
-1004
-925
-758
-890
-1084
-933
-500
-439
-712
-748
-667
-575
-439
-270
9
-90
-582
-660
-352
-135
-34
24
-14
-218
-350
-153
219
407
171
3
151
160
55
81
210
247
144
48
131
-22
-413
639
2721
3403
1843
-496
-731
1061
2436
2748
2098
470
-1408
-1861
-89
1840
1502
-496
-2098
-2633
-2194
-718
593
-24
-2352
-3985
-3042
-1072
-456
-916
-1579
-2425
-2794
-1709
296
1238
82
-1375
-1029
405
1383
1667
1594
1219
788
1175
2507
3492
2915
1615
1282
1829
2464
2726
2470
1936
1036
494
1064
1727
1550
681
-97
-257
-403
-644
-525
-482
-926
-1570
-1728
-1230
-949
-1231
-1437
-1257
-1115
-1276
-1319
-1067
-1024
-1237
-1238
-921
-699
-882
-982
-733
-475
-463
-539
-287
-155
-455
-579
-351
-76
-39
-132
12
94
-151
-156
194
529
556
278
163
263
304
391
684
690
309
-73
-20
343
316
216
-372
265
3197
4654
3127
-220
-2010
84
3038
4024
3021
632
-2219
-3373
-1242
2206
2819
-14
-3102
-4499
-3802
-1114
1561
1208
-2449
-5899
-5413
-1907
228
-202
-1536
-3313
-4498
-3133
399
2741
1332
-1575
-2038
-98
1773
2574
2662
2150
1225
1242
2944
4703
4484
2657
1615
2154
2995
3499
3445
2529
1217
356
940
2273
2100
826
-103
-542
-666
-992
-1035
-741
-1187
-2025
-2216
-1760
-1625
-2108
-2255
-1716
-1329
-1586
-2008
-2014
-1794
-1654
-1277
-774
-742
-1295
-1624
-1012
-220
-34
-249
-456
-479
-496
-334
216
450
-13
-506
-341
272
443
338
359
251
80
-1
332
687
381
-100
-47
365
481
399
247
5
-279
-454
-169
596
2384
4342
3968
1289
-1074
-407
2745
4685
3946
1765
-655
-2160
-1446
1373
3290
1647
-1955
-4112
-3607
-1398
851
1275
-1149
-4818
-6086
-3644
-544
11
-1692
-3601
-4657
-4120
-1429
1547
1829
-642
-2639
-1779
653
2322
2709
2325
1503
1008
2004
3989
5018
4108
2421
1960
2684
3435
3692
3164
2170
1051
622
1360
1922
1464
355
-576
-988
-1253
-1354
-1328
-1401
-1820
-2326
-2277
-2027
-2095
-2299
-2125
-1505
-1242
-1638
-2167
-2257
-1822
-1257
-816
-556
-781
-1447
-1542
-760
141
508
161
-326
-629
-676
-140
624
854
263
-479
-398
126
427
648
698
509
131
-109
137
450
515
502
544
532
402
154
130
261
353
977
1733
2774
3836
3139
1267
170
1042
3229
4065
2679
716
-869
-1569
-675
1111
1868
101
-3011
-4365
-3297
-1433
-68
-454
-2754
-5278
-5848
-3642
-1058
-846
-2549
-4175
-4551
-3398
-1081
1062
1239
-634
-1995
-997
1175
2692
2973
2652
2297
2075
2759
4181
4931
4405
3267
2845
3254
3542
3578
3315
2590
1632
1103
1388
1570
1066
224
-568
-968
-1333
-1748
-1759
-1757
-2052
-2258
-2163
-2087
-2344
-2540
-2286
-1715
-1255
-1390
-1924
-2227
-2099
-1484
-569
-110
-447
-1137
-1441
-948
-64
590
595
-41
-773
-1087
-572
503
953
345
-600
-1038
-589
222
768
864
343
-402
-643
-144
636
904
588
101
-233
-17
482
667
776
946
1617
3192
4057
3045
1077
-63
1135
3453
4199
2858
476
-1487
-1753
-340
1611
1983
-314
-3217
-4324
-3360
-1372
-120
-796
-3098
-5500
-5721
-3428
-1238
-1112
-2523
-3952
-4295
-3146
-769
1329
1188
-758
-1775
-446
1799
2987
3018
2794
2517
2500
3390
4728
5184
4229
3112
3204
3901
4083
3782
3230
2371
1563
1364
1797
1835
810
-273
-730
-1025
-1481
-1787
-1670
-1725
-2333
-2710
-2454
-2180
-2307
-2494
-2236
-1898
-1938
-2049
-1954
-1903
-2083
-1957
-1313
-760
-763
-1057
-1031
-729
-532
-367
-128
-131
-489
-827
-681
-201
43
61
-39
-248
-432
-354
217
683
449
-91
-360
-52
400
521
562
334
-13
-65
359
1297
1931
2664
3705
3609
2047
445
863
3110
4257
3108
1304
1
-616
-311
923
1923
781
-1925
-3455
-2774
-1203
-278
-677
-2451
-4685
-5411
-3639
-1285
-1030
-2751
-4247
-4394
-3293
-1273
607
870
-798
-2180
-1151
1227
2837
2983
2454
2045
2004
2935
4618
5476
4656
3137
2637
3470
4370
4516
3870
2644
1469
1101
1585
2006
1442
128
-895
-1335
-1556
-1677
-1832
-2143
-2569
-2867
-2714
-2404
-2478
-2767
-2810
-2494
-2085
-1984
-2122
-2193
-2145
-1923
-1554
-1211
-979
-955
-992
-755
-385
-62
122
22
-193
-395
-380
69
500
545
331
55
-12
138
448
818
871
504
-12
-92
306
674
903
744
286
-25
-59
642
1703
2432
3275
3717
2909
1356
378
1470
3653
4145
2550
418
-1000
-1046
96
1537
1772
-330
-3276
-4321
-2986
-940
-24
-1160
-3723
-5912
-5911
-3524
-1217
-1336
-3271
-4981
-5109
-3486
-970
930
696
-1334
-2562
-1287
1408
3288
3383
2577
1933
2034
3279
4989
5809
5095
3633
3117
3855
4698
4916
4312
3250
2342
1912
2121
2238
1489
338
-487
-796
-1041
-1500
-1900
-2243
-2616
-2763
-2500
-2164
-2316
-2825
-2998
-2591
-2080
-1921
-2023
-2216
-2402
-2265
-1620
-822
-629
-1172
-1546
-1262
-567
118
374
136
-541
-1218
-1051
-91
695
691
47
-637
-874
-544
229
844
714
-40
-701
-671
-172
337
696
587
-29
-608
-633
434
1845
2563
3273
3709
2940
1348
359
1751
4296
4636
2705
603
-585
-515
415
1731
2230
227
-2813
-3888
-2687
-844
-19
-945
-3114
-5287
-5632
-3497
-1306
-1419
-3105
-4444
-4521
-3425
-1443
582
889
-849
-2149
-1095
1306
2976
3183
2897
2597
2382
3185
4828
5781
5122
3613
3202
4097
4718
4643
4031
2953
2057
1709
2022
2275
1277
-239
-1065
-1308
-1355
-1588
-2036
-2564
-3263
-3590
-3111
-2514
-2488
-2971
-3306
-3048
-2549
-2195
-2054
-2191
-2475
-2404
-1690
-806
-501
-892
-1283
-1106
-500
226
739
625
-110
-860
-780
154
942
978
426
-262
-547
-231
511
1080
791
-64
-623
-507
8
419
541
311
-171
-468
-255
496
1319
1985
3098
4091
3589
1737
347
1290
3680
4706
3627
1614
-261
-1112
-385
1493
2570
934
-2282
-4104
-3473
-1568
-153
-528
-2747
-5356
-6125
-4218
-1780
-1415
-2955
-4555
-5001
-3910
-1639
461
664
-1112
-2367
-1152
1385
3135
3254
2569
2181
2277
3724
6095
6528
4631
2495
2307
4486
6020
5514
4035
1965
808
1380
2706
3598
2130
-755
-2228
-2197
-1263
-388
-874
-2528
-4387
-4887
-3403
-1707
-1569
-2787
-3755
-3756
-3048
-1770
-856
-1137
-2362
-3197
-2240
-474
332
5
-752
-1085
-758
17
1050
1352
399
-727
-782
224
1063
1062
431
-338
-673
-340
604
1260
648
-435
-936
-777
40
538
408
46
-835
-1140
-403
387
1328
2333
2840
2935
1964
801
1347
2652
3463
3263
1936
668
88
24
814
1541
744
-965
-2495
-2914
-1871
-803
-875
-2068
-3937
-4862
-3949
-2575
-1932
-2504
-3816
-4386
-3802
-2284
-513
73
-614
-1402
-1173
430
2091
2851
2904
2506
2530
3252
4359
5470
5429
4428
3788
3867
4590
5086
4627
3734
2712
2080
2162
2358
2071
1111
-93
-1043
-1507
-1601
-1690
-1974
-2649
-3318
-3448
-3295
-3046
-2929
-3064
-3113
-3137
-2924
-2350
-2108
-2255
-2444
-2304
-1571
-923
-699
-662
-832
-878
-479
226
852
749
-12
-532
-416
187
757
797
303
-443
-780
-318
458
843
415
-461
-909
-795
-293
293
292
-102
-593
-1043
-701
489
2427
4587
4745
2336
-311
-604
2179
5199
5300
2936
-39
-1875
-1190
1355
3555
3035
-550
-4071
-4549
-2205
708
1485
-919
-4745
-6870
-5368
-1793
168
-1045
-3878
-5877
-5340
-2388
988
2161
97
-2734
-2830
-21
3120
4367
3500
2073
1442
2381
4879
6883
6424
4173
2376
2766
4695
5877
5316
3482
1446
804
1838
2928
2678
903
-1177
-2027
-1805
-1317
-1127
-1961
-3463
-4345
-3938
-2702
-2096
-2777
-3756
-4090
-3598
-2689
-1988
-1868
-2461
-3130
-2850
-1623
-401
-116
-684
-1148
-1015
-334
632
1238
1002
103
-593
-324
569
1241
1214
563
-167
-530
-209
619
997
551
-258
-798
-633
-119
214
270
-58
-592
-827
-588
214
1720
3520
4328
3161
782
-420
1087
3733
4927
3788
1185
-1022
-1440
23
2260
2960
887
-2322
-4093
-3207
-725
872
15
-2885
-5595
-5702
-3291
-868
-654
-2614
-4768
-5217
-3415
-412
1485
755
-1560
-2790
-1341
1576
3611
3806
2677
1521
1715
3523
5762
6561
5174
3181
2584
3635
5107
5503
4279
2327
1061
1238
2330
2794
1705
-161
-1569
-1962
-1549
-1163
-1477
-2535
-3702
-3993
-3243
-2368
-2284
-2978
-3688
-3807
-3254
-2424
-1873
-1983
-2659
-3050
-2476
-1212
-163
-67
-656
-1137
-955
-1
1108
1536
970
-106
-669
-218
784
1542
1492
627
-334
-552
77
951
1230
622
-293
-956
-977
-282
419
413
-341
-1182
-991
719
3170
4623
3574
689
-1258
-302
2601
4707
4147
1396
-1522
-2521
-758
2192
3330
1307
-2238
-4319
-3398
-655
1428
839
-2450
-5729
-6022
-3205
-41
483
-1798
-4525
-5433
-3542
38
2427
1679
-1277
-3270
-2050
1220
3851
4332
2867
1105
894
2808
5576
6738
5344
3130
2215
3169
4857
5634
4817
2877
1109
876
2030
2933
2369
600
-1118
-1828
-1598
-1015
-806
-1551
-2892
-3787
-3647
-2838
-2311
-2494
-3057
-3600
-3775
-3404
-2751
-2312
-2426
-2801
-2767
-2223
-1506
-932
-727
-821
-962
-810
-110
651
835
513
24
-220
26
604
1305
1536
883
69
-170
225
908
1153
827
226
-497
-696
-223
150
113
-45
454
2004
3321
3103
1547
-74
-150
1423
2985
3160
1647
-656
-1997
-1441
511
2178
1664
-846
-3143
-3344
-1363
864
1140
-849
-3581
-4880
-3650
-1114
467
-216
-2516
-4192
-3510
-846
1752
2204
412
-1605
-1828
25
2440
3597
3002
1598
932
1960
3982
5214
4558
2788
1777
2460
3965
4810
4229
2604
1057
615
1459
2571
2583
1177
-708
-1858
-1792
-998
-428
-791
-2007
-3152
-3398
-2869
-2272
-2121
-2456
-3010
-3479
-3526
-3068
-2551
-2354
-2458
-2621
-2583
-2288
-1757
-1079
-647
-620
-713
-675
-332
230
776
1163
1065
546
261
565
1337
2020
1985
1337
573
204
598
1302
1614
1329
526
-330
-691
-331
855
2434
3357
2958
1312
-473
-852
410
2136
2794
1573
-767
-2640
-2856
-1272
674
1083
-546
-2953
-4117
-3104
-912
573
8
-2210
-4132
-4093
-2243
-354
-78
-1347
-2761
-2894
-1337
906
2151
1500
-206
-1055
-12
2052
3474
3359
2137
1093
1376
3058
4861
5155
3641
1764
1247
2442
4125
4773
3765
1798
385
605
2116
3306
2839
993
-844
-1512
-889
106
370
-523
-1998
-2869
-2627
-1852
-1397
-1698
-2535
-3327
-3597
-3195
-2563
-2393
-2772
-3203
-3262
-2967
-2562
-2151
-1751
-1484
-1429
-1393
-1185
-888
-493
-3
428
676
562
316
454
942
1569
2007
1777
1158
709
652
1106
1578
1569
1182
439
-73
513
2026
3648
4124
2599
196
-1181
-545
1538
2891
2071
-290
-2725
-3608
-2377
-320
719
-435
-2995
-4571
-3893
-1715
86
-146
-2210
-4316
-4580
-2542
-75
540
-932
-2888
-3323
-1525
1311
3224
2792
560
-988
-143
2341
4393
4592
3224
1693
1301
2548
4542
5407
4251
2237
1163
1725
3159
4056
3640
2172
630
261
1279
2433
2571
1552
65
-926
-1012
-417
248
124
-926
-1990
-2310
-1895
-1330
-1263
-1763
-2526
-3241
-3489
-3219
-2883
-2787
-2966
-3244
-3403
-3430
-3236
-2738
-2191
-1880
-1815
-1855
-1875
-1780
-1392
-647
109
426
259
65
274
882
1621
2097
1982
1422
1001
1166
1789
2231
2033
1369
874
1201
2607
4398
5093
3773
1231
-455
23
1831
2994
2321
126
-2281
-3411
-2571
-661
289
-940
-3391
-4910
-4303
-2249
-509
-540
-2396
-4491
-4865
-3087
-735
183
-834
-2519
-3124
-1758
924
3002
2893
1029
-433
202
2489
4530
4920
3676
1995
1431
2671
4717
5601
4360
2110
799
1276
2755
3751
3296
1563
-210
-646
490
1990
2378
1284
-387
-1426
-1264
-299
446
193
-901
-1901
-2049
-1463
-894
-923
-1542
-2295
-2714
-2679
-2471
-2471
-2766
-3075
-3093
-2867
-2691
-2740
-2872
-2790
-2415
-1919
-1577
-1553
-1706
-1677
-1237
-529
59
328
386
429
622
1049
1572
1863
1743
1459
1462
1832
2163
2201
2250
2906
4262
5406
5156
3392
1407
729
1633
2962
3273
1863
-770
-3045
-3407
-1839
-157
-367
-2622
-5123
-5916
-4498
-2182
-1093
-2355
-4921
-6388
-5275
-2504
-422
-595
-2565
-4293
-3789
-888
2397
3555
1998
-342
-994
832
3822
5850
5624
3631
1829
2028
4143
6162
6153
4120
1849
1097
2122
3703
4239
3013
822
-624
-266
1287
2392
1981
386
-1157
-1574
-703
584
1051
224
-1145
-1840
-1418
-486
23
-358
-1358
-2266
-2490
-2069
-1662
-1872
-2600
-3180
-3140
-2688
-2381
-2525
-2978
-3332
-3168
-2443
-1662
-1481
-2007
-2541
-2364
-1450
-349
300
225
-281
-570
-133
829
1575
1644
1217
797
787
1315
2331
3666
4923
5493
4877
3321
1977
1874
2801
3607
3360
1959
-66
-1804
-2255
-1285
-179
-447
-2196
-4110
-4873
-4213
-2834
-1952
-2568
-4365
-5686
-5189
-3346
-1838
-1708
-2579
-3391
-3155
-1466
879
2204
1592
95
-343
977
3068
4623
4939
4059
2884
2738
4108
5774
6022
4630
2922
2149
2511
3364
3805
3184
1666
409
433
1384
2016
1565
368
-710
-1080
-619
231
564
-83
-1144
-1639
-1234
-575
-403
-813
-1464
-1935
-1996
-1805
-1738
-2087
-2697
-3027
-2826
-2438
-2356
-2710
-3153
-3285
-3010
-2469
-2020
-2035
-2433
-2709
-2408
-1565
-684
-216
-293
-647
-707
-129
767
1330
1226
733
403
548
1228
2355
3748
5041
5583
4830
3165
1893
2028
3196
4050
3668
2095
-26
-1658
-1822
-626
442
-65
-1940
-3688
-4173
-3350
-2047
-1501
-2532
-4494
-5554
-4625
-2713
-1651
-2086
-3215
-3814
-3110
-1148
951
1600
473
-824
-533
1341
3332
4204
3784
2665
1948
2670
4563
5886
5234
3193
1687
1832
3080
4135
4013
2560
678
-181
691
2351
3072
2168
443
-841
-975
-79
1049
1361
430
-977
-1620
-1141
-264
101
-338
-1244
-2048
-2268
-1907
-1567
-1844
-2637
-3251
-3201
-2709
-2365
-2509
-3016
-3460
-3411
-2769
-1965
-1652
-2019
-2568
-2614
-1942
-910
-89
138
-147
-454
-303
341
1051
1368
1227
894
684
951
2050
3972
5804
6142
4530
2247
1132
1776
3216
4091
3571
1585
-948
-2381
-1774
-122
556
-611
-2626
-3950
-3842
-2612
-1362
-1396
-3002
-4795
-5002
-3448
-1705
-1256
-2197
-3487
-3815
-2436
45
1766
1325
-569
-1753
-887
1438
3589
4274
3238
1493
802
2156
4531
5750
4705
2383
710
796
2316
3898
4050
2357
87
-802
401
2438
3468
2747
962
-521
-619
733
2324
2594
1176
-678
-1391
-618
665
1225
492
-1124
-2499
-2615
-1549
-568
-870
-2325
-3704
-3975
-3155
-2108
-1779
-2504
-3687
-4220
-3533
-2205
-1391
-1673
-2562
-3044
-2457
-1014
352
753
117
-718
-800
85
1293
1893
1471
515
104
1089
3345
5651
6387
4834
2110
429
1061
3075
4361
3585
1072
-1704
-3095
-2342
-419
556
-678
-3177
-4840
-4491
-2723
-1108
-997
-2580
-4533
-4995
-3429
-1298
-514
-1482
-2938
-3314
-1932
534
2364
2106
144
-1392
-769
1592
3774
4320
3226
1605
902
1948
4076
5413
4632
2380
619
675
2173
3580
3531
1841
-287
-1112
110
2304
3481
2642
628
-823
-617
1011
2791
3286
2011
26
-947
-235
1194
1864
1163
-424
-1872
-2274
-1534
-627
-769
-2081
-3452
-3795
-3140
-2370
-2304
-3120
-4246
-4710
-4002
-2707
-2015
-2470
-3442
-3841
-3107
-1566
-167
243
-389
-1209
-1234
-252
1066
1791
1485
579
132
1029
3222
5586
6571
5333
2705
807
1171
3164
4673
4188
1885
-886
-2560
-2235
-540
615
-231
-2545
-4405
-4430
-2866
-1155
-818
-2296
-4358
-5033
-3555
-1220
-45
-795
-2456
-3288
-2209
370
2687
2966
1143
-883
-1043
934
3467
4738
4063
2172
690
1009
3015
4899
4794
2661
288
-478
687
2543
3352
2215
-135
-1803
-1362
764
2647
2670
923
-1030
-1536
-171
1973
3152
2438
560
-757
-398
1152
2382
2148
565
-1211
-1916
-1195
13
260
-991
-2797
-3705
-3201
-2064
-1511
-2208
-3763
-4974
-4793
-3371
-2007
-1908
-3010
-4127
-4104
-2746
-897
229
35
-952
-1542
-977
407
1572
1734
1055
602
1541
3982
6432
6836
4638
1687
584
2086
4517
5561
4170
1021
-2012
-2941
-1259
1186
1723
-487
-3715
-5482
-4659
-2139
-160
-644
-3344
-5797
-5752
-3426
-977
-218
-1342
-3156
-3841
-2182
1017
3213
2625
227
-1370
-650
1732
4025
4811
3750
1832
839
1808
3867
4990
4043
1833
143
96
1384
2670
2606
919
-1189
-1957
-731
1340
2403
1610
-309
-1782
-1583
248
2313
2921
1663
-171
-885
22
1603
2512
2035
479
-1026
-1332
-330
800
730
-622
-2113
-2624
-2041
-1151
-906
-1736
-3198
-4206
-3940
-2734
-1850
-2174
-3296
-4068
-3777
-2603
-1281
-597
-904
-1696
-1919
-1117
59
680
592
474
1213
3154
5411
6114
4309
1512
421
1934
4321
5289
3999
1173
-1563
-2437
-915
1388
1998
78
-2864
-4590
-3997
-1791
-37
-593
-3198
-5449
-5260
-3035
-964
-649
-1945
-3532
-3861
-2120
851
2812
2160
-243
-1821
-888
1881
4376
4953
3557
1617
962
2290
4434
5401
4260
1946
292
433
1964
3298
2962
895
-1349
-1955
-541
1489
2270
1128
-991
-2417
-2063
-190
1752
2219
900
-911
-1500
-362
1428
2356
1763
187
-1167
-1284
-181
1003
1015
-225
-1575
-1916
-1211
-327
-151
-974
-2314
-3195
-2941
-1902
-1234
-1724
-2962
-3829
-3589
-2430
-1194
-769
-1409
-2422
-2660
-1669
-203
579
265
-448
-325
1406
4059
5592
4446
1502
-478
316
2953
4921
4489
1860
-1169
-2468
-1252
1129
2362
1313
-1172
-3254
-3519
-1865
221
626
-1358
-4001
-4813
-3210
-951
-83
-1056
-2728
-3479
-2389
-28
1820
1707
5
-1480
-1282
555
2767
3901
3321
1751
828
1601
3426
4604
4079
2380
984
934
2022
3066
2959
1603
-38
-756
-119
1157
1850
1291
-113
-1332
-1551
-708
529
1210
789
-351
-1183
-1025
-147
615
688
90
-733
-1211
-1023
-428
-99
-419
-1050
-1353
-1132
-750
-675
-1054
-1649
-2009
-1826
-1305
-1056
-1474
-2251
-2684
-2398
-1653
-1010
-890
-1302
-1797
-1748
-931
133
618
249
-451
-749
-391
428
1474
2526
3126
2740
1407
-6
-430
486
2059
3022
2406
433
-1412
-1619
-153
1525
1973
1004
-464
-1292
-874
405
1321
895
-527
-1595
-1443
-505
178
-12
-907
-1743
-1705
-681
447
597
-330
-1349
-1448
-506
747
1407
1086
199
-335
88
1140
1874
1636
651
-250
-352
391
1365
1744
1168
79
-595
-250
832
1768
1870
1173
285
-123
218
985
1520
1371
699
95
17
403
820
891
588
168
-89
-124
-121
-299
-651
-943
-983
-873
-911
-1250
-1739
-2062
-2037
-1746
-1467
-1463
-1778
-2167
-2280
-1961
-1389
-952
-888
-1041
-1022
-620
-50
296
265
66
55
431
1057
1527
1504
1036
545
386
572
919
1269
1426
1169
502
-215
-560
-369
189
725
822
351
-313
-575
-183
561
1088
1044
532
27
-16
394
780
696
190
-302
-415
-181
56
-19
-392
-709
-622
-147
313
380
37
-379
-534
-382
-151
-111
-351
-724
-956
-887
-616
-446
-604
-995
-1244
-1018
-373
269
487
242
-90
-82
409
1135
1655
1680
1303
900
795
1044
1468
1795
1817
1526
1144
954
1022
1156
1123
871
534
276
158
110
-20
-348
-810
-1172
-1236
-1077
-988
-1202
-1664
-2076
-2128
-1749
-1199
-872
-955
-1249
-1368
-1102
-575
-111
46
-83
-232
-126
260
674
840
690
383
134
59
114
168
118
-20
-137
-174
-207
-338
-532
-619
-468
-150
119
151
-65
-343
-424
-172
309
711
766
484
138
14
180
480
710
760
642
473
386
438
596
784
923
932
762
449
113
-98
-119
-14
50
-92
-451
-840
-1029
-961
-803
-746
-814
-900
-917
-836
-652
-395
-158
-22
45
123
242
363
475
619
806
977
1045
991
871
815
934
1201
1422
1408
1153
825
607
560
627
649
474
89
-329
-567
-599
-581
-664
-854
-1038
-1108
-1045
-935
-885
-916
-947
-878
-697
-484
-344
-338
-412
-416
-219
145
456
508
285
-30
-208
-151
47
186
139
-56
-267
-414
-492
-501
-447
-356
-293
-307
-392
-506
-580
-549
-402
-204
-65
-44
-112
-192
-204
-112
60
235
350
415
477
554
621
670
741
866
1011
1087
1028
837
612
492
550
690
699
442
0
-394
-548
-460
-292
-249
-428
-738
-968
-937
-655
-326
-187
-311
-546
-635
-451
-101
170
214
117
67
157
338
518
624
629
566
542
673
919
1082
988
697
457
465
655
758
552
82
-361
-487
-274
5
19
-313
-776
-1035
-922
-555
-233
-206
-467
-781
-870
-657
-285
26
150
100
-15
-101
-127
-98
-26
81
191
235
165
1
-159
-208
-113
63
207
217
45
-239
-475
-519
-358
-140
-58
-191
-452
-652
-656
-493
-320
-282
-382
-500
-505
-358
-146
21
99
124
176
282
392
448
447
441
487
572
628
589
450
291
213
255
334
320
143
-119
-285
-240
-28
174
196
17
-227
-366
-316
-129
60
126
45
-100
-174
-100
77
228
257
182
115
156
304
465
542
512
452
466
584
716
731
571
311
117
102
218
296
188
-95
-391
-513
-410
-214
-123
-234
-479
-679
-695
-532
-318
-189
-199
-278
-317
-261
-154
-91
-107
-148
-122
1
154
224
163
43
2
108
294
406
339
142
-38
-75
19
101
40
-171
-401
-501
-448
-368
-405
-605
-849
-968
-892
-707
-573
-586
-695
-762
-677
-454
-205
-35
26
40
81
190
334
457
529
559
580
600
609
589
546
503
490
533
619
704
740
685
552
399
294
280
327
347
275
120
-34
-107
-91
-60
-81
-165
-250
-262
-192
-102
-54
-59
-53
17
145
260
294
240
154
104
113
143
145
91
7
-72
-131
-173
-212
-253
-296
-333
-370
-410
-448
-463
-441
-379
-305
-254
-242
-259
-278
-273
-226
-147
-56
27
86
117
140
183
270
395
514
578
561
493
437
443
505
556
526
395
225
104
69
67
-3
-184
-421
-594
-626
-558
-514
-598
-787
-952
-957
-785
-558
-436
-485
-616
-670
-544
-290
-61
14
-53
-132
-94
71
251
327
288
226
258
407
594
691
642
497
377
366
459
563
571
436
210
19
-45
18
117
137
39
-121
-230
-221
-122
-15
35
43
67
130
197
215
180
149
189
299
403
396
255
62
-57
-35
80
159
108
-61
-239
-316
-274
-190
-161
-219
-304
-335
-283
-196
-149
-169
-222
-242
-201
-115
-39
0
3
-2
18
80
176
279
363
411
430
443
459
473
464
432
406
411
438
432
329
128
-98
-246
-267
-200
-161
-245
-460
-722
-903
-921
-798
-633
-555
-617
-775
-908
-918
-794
-603
-442
-371
-385
-429
-439
-377
-251
-97
35
110
129
121
136
206
321
441
514
511
447
373
342
370
428
461
426
332
228
168
185
257
332
363
341
301
279
301
355
419
470
494
490
455
394
331
293
297
311
289
195
47
-84
-143
-118
-65
-58
-139
-280
-397
-423
-355
-253
-194
-219
-306
-381
-395
-346
-275
-218
-184
-173
-168
-171
-178
-168
-113
-5
127
223
238
183
120
116
200
328
426
437
349
217
113
72
90
125
129
79
-20
-135
-241
-319
-368
-375
-355
-341
-356
-416
-496
-549
-554
-497
-403
-325
-301
-336
-383
-385
-315
-204
-118
-101
-136
-170
-137
-36
78
138
117
47
5
39
137
232
254
191
101
60
99
193
269
279
235
194
200
265
338
376
367
334
332
374
438
479
453
378
305
271
289
304
268
172
59
-11
-26
-15
-25
-81
-161
-227
-239
-207
-177
-175
-213
-258
-264
-218
-153
-113
-118
-155
-176
-147
-76
-5
16
-19
-65
-73
-13
83
158
167
116
52
31
77
156
209
191
103
-6
-79
-92
-55
-14
-14
-68
-157
-244
-288
-269
-216
-162
-143
-169
-212
-241
-222
-161
-91
-44
-44
-76
-100
-101
-72
-39
-30
-54
-98
-129
-126
-96
-64
-62
-94
-143
-179
-182
-155
-125
-115
-134
-167
-185
-169
-118
-54
-13
1
10
56
152
272
380
429
433
426
462
569
700
792
789
690
561
482
485
540
567
509
368
194
54
-18
-28
-15
-31
-95
-197
-296
-371
-402
-387
-352
-321
-320
-351
-391
-406
-367
-277
-173
-93
-63
-62
-50
2
83
171
232
250
235
214
197
188
179
157
125
90
47
-9
-83
-161
-217
-238
-226
-212
-232
-293
-371
-418
-404
-327
-230
-166
-164
-205
-240
-217
-127
0
105
146
121
65
26
30
70
106
102
54
-16
-85
-135
-172
-209
-246
-275
-291
-293
-298
-328
-373
-411
-408
-361
-289
-226
-203
-204
-191
-129
-8
135
253
317
349
395
491
630
760
829
820
769
739
759
815
845
788
651
487
366
311
293
255
150
-13
-172
-273
-297
-274
-267
-308
-392
-470
-488
-438
-351
-273
-242
-249
-260
-239
-165
-53
51
116
129
108
96
125
201
289
335
309
225
130
84
107
162
184
122
-22
-178
-262
-244
-171
-131
-189
-333
-479
-532
-452
-299
-184
-187
-292
-404
-414
-283
-82
69
87
-18
-141
-175
-79
81
195
181
52
-99
-173
-138
-46
12
-26
-147
-282
-360
-354
-298
-256
-271
-336
-403
-424
-387
-305
-223
-170
-140
-109
-53
34
137
236
316
384
447
514
582
630
661
678
700
727
744
730
675
595
520
478
463
444
380
266
135
33
-8
-1
4
-34
-117
-209
-257
-240
-178
-126
-119
-151
-186
-184
-128
-52
4
14
-16
-47
-43
4
64
90
57
-15
-81
-98
-69
-25
-23
-89
-202
-303
-334
-293
-228
-197
-243
-346
-438
-464
-400
-284
-185
-158
-204
-269
-289
-225
-93
34
95
75
12
-24
7
92
179
208
163
79
23
29
79
119
99
15
-86
-147
-141
-92
-56
-82
-167
-259
-306
-282
-210
-146
-129
-159
-198
-200
-147
-63
16
64
81
93
127
186
249
285
292
296
313
355
397
409
383
320
268
257
281
318
317
261
172
91
62
84
124
140
108
47
-7
-27
-7
31
56
62
48
33
28
32
42
53
63
72
75
63
40
11
-6
-7
-1
-4
-30
-80
-132
-157
-155
-145
-141
-166
-206
-241
-254
-238
-215
-204
-207
-224
-234
-217
-182
-143
-120
-116
-111
-99
-70
-37
-13
-3
-2
7
18
31
37
31
21
16
27
38
40
24
-4
-25
-27
-15
0
0
-19
-43
-58
-56
-42
-29
-26
-30
-34
-33
-23
-13
-8
-5
2
22
48
68
76
71
67
76
104
138
165
168
150
128
115
122
144
161
163
140
106
82
73
78
83
82
78
68
59
54
50
47
50
60
78
90
86
75
63
61
73
90
99
90
62
31
13
13
20
20
-4
-48
-93
-122
-128
-127
-133
-153
-186
-217
-239
-248
-244
-242
-246
-249
-251
-244
-233
-223
-207
-196
-176
-152
-127
-106
-86
-68
-54
-38
-29
-21
-12
-5
11
23
26
14
-8
-23
-21
-1
22
26
4
-36
-67
-67
-32
11
34
26
-10
-37
-31
7
60
99
100
75
50
46
75
119
146
147
126
99
87
95
120
142
142
117
81
57
57
76
100
106
84
48
14
4
24
52
75
71
42
5
-12
1
35
71
82
65
32
10
15
41
70
80
69
47
26
20
27
34
31
17
-1
-17
-28
-35
-46
-66
-85
-101
-106
-105
-111
-127
-150
-172
-172
-152
-128
-118
-131
-152
-160
-148
-112
-73
-51
-53
-67
-72
-54
-20
13
27
22
9
6
18
38
51
52
46
37
30
32
33
29
25
19
18
14
7
-1
-6
-6
1
14
24
24
17
10
14
28
49
70
80
78
71
70
77
89
103
109
110
101
87
76
69
67
71
72
69
54
28
3
-12
-11
3
16
10
-13
-42
-58
-51
-26
-3
2
-11
-29
-34
-20
6
27
33
28
21
24
38
50
48
38
27
25
31
37
32
9
-17
-34
-32
-21
-16
-27
-55
-79
-89
-76
-55
-43
-49
-69
-84
-81
-64
-40
-23
-24
-32
-39
-33
-19
-4
7
7
-1
-6
-4
4
11
10
6
-3
-12
-16
-17
-16
-18
-21
-25
-31
-40
-43
-43
-39
-32
-25
-26
-29
-33
-31
-22
-10
-1
4
5
4
5
13
25
37
41
40
38
38
46
54
60
57
50
45
41
43
42
39
30
21
14
9
10
11
9
7
4
1
-2
1
8
16
25
32
36
36
39
45
55
67
75
80
77
65
59
61
68
74
70
52
28
7
-4
-3
2
-3
-24
-53
-77
-88
-90
-85
-87
-101
-116
-128
-128
-115
-103
-95
-92
-95
-96
-89
-77
-59
-47
-39
-36
-36
-34
-24
-12
-2
4
2
-4
-7
-9
-4
2
6
4
-5
-15
-20
-17
-10
-4
-4
-11
-21
-27
-22
-9
2
7
5
-1
-2
6
21
35
40
39
36
38
48
63
73
71
62
52
51
57
63
64
55
41
31
26
26
28
29
25
16
5
0
1
8
12
14
12
9
6
8
16
26
33
34
35
31
29
28
33
37
37
33
23
15
9
5
3
0
-8
-18
-28
-35
-41
-43
-45
-47
-51
-55
-58
-65
-66
-63
-57
-54
-55
-54
-56
-54
-50
-44
-35
-30
-28
-27
-24
-19
-13
-4
3
3
1
-2
0
5
12
19
18
12
4
0
2
7
11
8
1
-5
-7
-4
2
4
3
1
3
8
16
23
29
30
30
36
42
50
53
53
49
43
39
41
45
44
37
26
17
10
9
9
9
2
-8
-18
-21
-18
-13
-8
-9
-15
-18
-17
-9
2
7
6
4
3
8
15
23
27
24
20
15
15
18
24
23
18
12
3
-1
-1
0
-3
-8
-17
-24
-30
-33
-32
-32
-35
-38
-40
-40
-40
-37
-31
-28
-28
-27
-25
-20
-14
-10
-5
-7
-8
-4
4
10
12
12
9
9
11
16
20
18
12
5
3
3
5
7
6
2
-3
-6
-6
-7
-5
-6
-6
-7
-7
-7
-8
-7
-6
-3
4
6
7
4
0
-1
0
4
8
9
8
5
1
-1
4
6
7
7
1
-2
-4
-3
0
1
1
-1
0
-3
-2
2
5
7
8
12
14
14
15
18
20
23
27
30
30
28
25
26
28
30
29
26
21
14
8
5
4
4
1
-4
-12
-17
-22
-23
-23
-22
-23
-24
-28
-29
-31
-30
-25
-23
-20
-18
-19
-23
-25
-25
-24
-21
-20
-19
-21
-25
-27
-26
-22
-18
-19
-22
-32
-35
-29
-21
-12
-8
-9
-16
-20
-16
-8
-1
6
6
4
4
10
21
32
36
39
47
55
53
49
51
55
66
70
67
57
46
48
51
45
37
30
25
20
7
-4
-9
-6
-5
-2
-1
-10
-22
-37
-37
-19
-2
10
19
18
15
10
14
27
42
50
50
45
37
41
56
69
78
73
61
40
1
-36
-47
-20
13
17
-15
-65
-91
-89
-70
-56
-61
-82
-98
-96
-77
-63
-70
-84
-89
-81
-72
-68
-77
-106
-142
-145
-93
-17
16
-19
-69
-82
-54
-11
31
59
47
7
16
103
187
212
289
552
794
532
-366
-1269
-1392
-690
55
133
-276
-429
-25
417
267
-372
-720
-261
650
1208
992
273
-415
-747
-687
-340
183
773
1194
1172
654
-14
-350
-242
43
222
283
399
580
579
159
-555
-1010
-748
70
798
927
521
-35
-484
-787
-901
-689
-155
414
606
297
-219
-524
-506
-353
-231
-128
20
153
123
-107
-394
-552
-475
-189
217
604
760
535
-12
-564
-758
-490
24
436
543
369
72
-169
-241
-141
27
150
215
257
262
153
-96
-372
-494
-348
35
457
670
527
98
-371
-630
-557
-221
179
430
410
158
-177
-401
-398
-207
35
209
269
215
62
-152
-347
-419
-303
-29
277
449
381
121
-174
-341
-304
-93
184
385
393
201
-65
-245
-247
-97
108
259
301
232
84
-83
-207
-233
-145
13
150
186
101
-59
-221
-308
-269
-118
68
182
163
40
-101
-179
-147
-21
142
268
291
197
33
-112
-163
-99
23
124
153
111
26
-67
-125
-117
-38
70
143
143
86
3
-71
-110
-113
-87
-43
13
57
41
-64
-211
-283
-194
1
158
181
104
35
25
47
50
33
32
62
99
94
39
-37
-86
-87
-49
4
40
33
-28
-109
-158
-142
-87
-46
-59
-111
-139
-110
-41
23
52
41
20
3
1
26
71
111
120
89
49
30
30
19
-5
-22
-11
12
21
17
16
17
-5
-54
-81
-26
102
201
180
58
-61
-86
-35
11
-2
-40
-39
13
54
30
-34
-65
-31
24
38
26
38
83
100
33
-79
-124
-46
88
146
73
-55
-126
-102
-47
-34
-69
-86
-47
16
35
-8
-70
-95
-77
-44
-14
14
40
56
42
5
-28
-36
-12
24
63
90
92
58
-3
-53
-55
-4
60
92
80
44
3
-36
-66
-74
-57
-16
42
86
87
32
-47
-104
-99
-43
17
47
34
7
-7
-8
-13
-30
-46
-16
52
112
106
17
-93
-150
-125
-48
24
68
87
90
64
3
-62
-85
-46
23
67
64
30
-7
-32
-45
-42
-18
18
43
48
33
4
-31
-67
-82
-55
5
55
57
23
-3
8
31
18
-28
-52
-20
38
50
2
-47
-38
30
78
45
-29
-68
-29
33
46
-4
-52
-45
8
44
22
-24
-40
-11
24
18
-23
-42
-7
48
56
4
-51
-50
7
64
73
37
5
-8
-13
-26
-36
-12
41
83
69
7
-53
-68
-40
-5
15
20
23
17
-6
-42
-67
-59
-23
19
38
31
5
-30
-62
-75
-59
-19
27
48
38
16
-5
-18
-25
-25
-17
-1
16
21
14
9
10
14
13
7
4
12
26
27
6
-18
-21
-4
18
25
17
9
10
6
-8
-29
-32
-9
25
47
41
15
-1
-2
-2
-10
-18
-2
25
38
22
-13
-36
-34
-16
5
19
28
32
27
8
-20
-37
-34
-20
-3
7
8
3
-7
-12
-8
0
5
4
1
-4
-9
-12
-8
1
4
2
-1
-3
-3
-7
-8
-1
8
12
8
3
-9
-25
-27
-13
6
12
7
5
5
-4
-18
-25
-17
-2
12
22
15
-9
-35
-41
-23
-7
3
12
25
28
10
-18
-35
-32
-12
18
41
41
24
6
-8
-19
-25
-16
16
47
53
38
17
-4
-23
-27
-5
30
50
43
27
10
-7
-15
-10
3
19
25
28
24
7
-14
-19
-5
10
11
7
3
1
-5
-12
-14
-13
-10
-4
6
6
-8
-24
-23
-7
2
0
-7
-11
-14
-19
-16
-13
-9
-5
0
2
-7
-21
-26
-20
-9
-4
-3
-2
-3
-6
-11
-11
-10
-10
-7
-5
-7
-11
-11
-4
1
-2
-6
-6
-6
-8
-8
-5
-2
-2
-1
0
1
-3
-4
0
4
3
1
6
11
12
8
0
2
5
9
16
21
23
22
14
7
1
1
8
22
32
26
14
5
3
1
0
4
12
19
19
13
2
-11
-17
-8
6
15
11
0
-5
-10
-14
-16
-12
-2
4
9
5
-6
-19
-23
-15
-6
-2
-1
-1
0
-5
-15
-20
-16
