0
1
4
5
6
5
1
-4
-6
-4
-5
-2
0
-1
-3
-3
-4
-7
-7
-8
-10
-6
-2
1
1
-2
-4
-9
-10
-9
-9
-7
-5
-3
-2
-2
-2
-9
-9
-6
-6
-5
1
1
0
1
3
1
-6
-6
-4
-2
5
9
9
5
1
1
-3
-4
-1
4
1
4
9
5
1
-2
-3
-2
-3
3
4
7
6
4
4
2
4
5
8
10
10
17
15
11
5
-3
-10
-13
-8
-5
0
5
3
-3
-10
-19
-25
-31
-26
-15
-5
0
4
1
-8
-16
-22
-23
-17
-7
2
9
12
13
10
-1
-14
-24
-32
-32
-21
-8
8
18
21
14
-5
-33
-59
-79
-80
-59
-24
14
49
70
74
71
53
33
25
23
34
64
102
145
171
176
156
121
94
98
154
285
480
707
950
1066
1035
849
531
155
-205
-473
-610
-631
-593
-568
-626
-790
-1033
-1292
-1489
-1556
-1475
-1272
-1019
-800
-679
-669
-716
-733
-637
-394
-27
392
766
1018
1097
1005
809
606
496
542
726
936
1033
950
673
280
-90
-348
-432
-323
-58
271
552
680
606
401
206
162
327
631
947
1125
1093
882
568
245
-6
-131
-113
10
137
162
11
-309
-684
-992
-1148
-1122
-956
-721
-504
-379
-394
-529
-706
-807
-741
-501
-167
146
336
380
307
170
18
-110
-165
-109
39
202
263
156
-97
-360
-493
-461
-308
-127
36
240
552
978
1404
1668
1700
1516
1195
796
316
-225
-719
-995
-967
-720
-526
-644
-1119
-1767
-2268
-2403
-2177
-1752
-1320
-1005
-848
-824
-883
-932
-844
-506
103
863
1570
2032
2147
1939
1536
1086
739
601
676
866
988
896
570
120
-284
-507
-522
-363
-60
348
788
1144
1303
1223
1012
853
872
1066
1306
1458
1450
1281
996
613
162
-271
-554
-599
-446
-265
-266
-539
-993
-1429
-1665
-1653
-1470
-1211
-962
-759
-608
-556
-611
-705
-738
-622
-335
19
302
406
298
43
-247
-482
-605
-617
-561
-489
-441
-445
-495
-563
-621
-619
-536
-406
-265
-142
-65
-4
47
64
63
67
105
208
332
417
518
737
1180
1850
2484
2797
2642
2033
1213
406
-287
-780
-1000
-898
-498
-55
44
-396
-1295
-2231
-2667
-2417
-1633
-714
-116
3
-250
-683
-1023
-1070
-761
-69
847
1711
2294
2386
1969
1267
519
-4
-90
206
697
1118
1174
809
175
-493
-888
-884
-542
42
638
1058
1251
1156
840
495
272
317
682
1191
1611
1725
1379
670
-159
-873
-1236
-1201
-905
-522
-320
-492
-1016
-1734
-2350
-2557
-2288
-1676
-979
-489
-311
-379
-589
-789
-874
-806
-520
-34
498
883
918
558
6
-460
-640
-493
-189
63
168
116
-51
-252
-457
-618
-625
-461
-159
203
450
529
487
352
250
251
331
491
663
763
867
1082
1503
2178
2842
3191
3072
2421
1463
467
-458
-1162
-1510
-1446
-945
-298
-23
-410
-1450
-2667
-3325
-3112
-2175
-1006
-259
-180
-584
-1167
-1534
-1476
-1030
-216
809
1771
2461
2618
2129
1215
208
-497
-577
-113
580
1143
1215
771
65
-643
-1051
-1005
-601
38
726
1198
1366
1209
778
343
119
213
667
1289
1795
1998
1762
1102
252
-563
-1090
-1137
-795
-279
121
91
-415
-1194
-1952
-2349
-2242
-1777
-1143
-578
-276
-217
-378
-693
-953
-1030
-826
-289
350
828
992
721
181
-332
-671
-692
-425
-102
174
276
119
-173
-525
-853
-975
-872
-566
-79
345
547
533
284
11
-81
-20
238
609
875
1042
1025
771
577
635
1070
1959
2848
3292
3124
2243
1007
-137
-1071
-1584
-1616
-1323
-734
-179
-146
-723
-1803
-2910
-3320
-2866
-1764
-484
281
338
-94
-752
-1154
-1067
-573
325
1376
2227
2730
2626
1881
853
-150
-729
-613
-31
673
1121
967
317
-514
-1233
-1514
-1307
-787
-64
627
1073
1227
1027
587
216
125
433
1090
1755
2124
2034
1459
618
-209
-841
-1127
-1046
-734
-370
-180
-343
-831
-1456
-1961
-2125
-1897
-1407
-844
-390
-163
-166
-353
-624
-820
-802
-517
-5
540
885
905
593
109
-306
-509
-464
-261
-61
30
-17
-214
-502
-791
-1005
-1009
-752
-323
158
507
623
580
452
336
344
440
630
908
1133
1242
1193
1031
1022
1338
1942
2592
2872
2552
1742
697
-278
-1004
-1529
-1814
-1773
-1431
-886
-513
-712
-1465
-2403
-2955
-2661
-1652
-466
343
418
-73
-655
-980
-847
-324
365
1097
1741
2122
2137
1668
789
-153
-804
-877
-373
341
840
836
319
-383
-908
-1044
-751
-203
390
911
1241
1328
1193
899
613
534
739
1158
1570
1718
1479
902
159
-518
-971
-1148
-1072
-862
-656
-582
-715
-1034
-1406
-1661
-1665
-1383
-926
-456
-120
-4
-72
-225
-373
-420
-318
-88
213
487
615
553
333
45
-168
-250
-232
-174
-181
-281
-410
-532
-601
-604
-587
-539
-423
-277
-118
1
12
4
66
203
420
586
586
496
375
322
418
567
783
1119
1529
1997
2302
2174
1621
779
-82
-649
-940
-1074
-1092
-1082
-978
-776
-725
-942
-1409
-1926
-2051
-1613
-811
9
404
224
-240
-648
-690
-268
373
1020
1523
1770
1806
1618
1161
571
12
-309
-209
191
623
842
665
202
-258
-509
-422
-46
414
830
1091
1134
1024
817
611
551
660
899
1162
1262
1104
710
158
-396
-816
-1052
-1086
-964
-800
-689
-737
-986
-1360
-1721
-1913
-1829
-1509
-1094
-729
-526
-508
-611
-760
-885
-919
-831
-615
-309
-18
138
88
-156
-482
-721
-785
-667
-444
-248
-137
-111
-164
-240
-308
-349
-285
-96
191
527
784
890
900
850
829
911
1043
1206
1379
1487
1550
1634
1766
2036
2426
2727
2778
2436
1680
737
-184
-918
-1324
-1434
-1299
-978
-701
-672
-983
-1599
-2189
-2369
-2015
-1221
-354
139
134
-250
-721
-920
-720
-191
534
1220
1681
1828
1575
970
201
-526
-948
-929
-571
-99
195
110
-297
-799
-1114
-1039
-603
16
599
963
1048
895
599
311
160
234
537
943
1262
1320
1032
463
-220
-801
-1111
-1104
-852
-526
-323
-352
-613
-999
-1333
-1470
-1356
-1024
-592
-185
94
193
115
-82
-299
-429
-389
-166
157
450
581
491
224
-90
-319
-386
-298
-149
-36
-15
-98
-238
-376
-479
-520
-477
-343
-125
139
375
526
552
475
401
412
536
764
986
1106
1127
1075
1069
1219
1488
1808
2038
2017
1758
1311
717
89
-546
-1135
-1465
-1457
-1147
-684
-449
-639
-1152
-1762
-2073
-1881
-1360
-732
-257
-114
-177
-337
-516
-551
-423
-117
425
1006
1420
1536
1193
532
-159
-689
-827
-568
-157
235
392
221
-98
-411
-557
-412
-98
271
612
796
830
754
559
368
291
354
592
890
1056
1006
704
235
-222
-568
-752
-770
-707
-633
-582
-621
-742
-906
-1089
-1210
-1201
-1054
-776
-439
-153
13
33
-76
-211
-287
-247
-67
189
421
550
520
352
125
-88
-230
-282
-265
-199
-116
-66
-77
-155
-263
-324
-290
-149
66
286
460
561
598
612
641
707
807
897
952
997
1111
1380
1805
2258
2512
2379
1854
1075
243
-490
-1073
-1483
-1666
-1569
-1234
-852
-709
-979
-1573
-2168
-2387
-2068
-1377
-677
-302
-364
-707
-1050
-1160
-955
-504
76
676
1188
1505
1510
1148
508
-178
-631
-664
-308
187
533
551
265
-133
-420
-481
-308
22
409
762
1006
1082
979
764
579
567
784
1153
1498
1646
1523
1161
660
143
-289
-564
-624
-479
-231
-39
-57
-336
-775
-1182
-1383
-1313
-1043
-704
-417
-253
-206
-243
-326
-408
-448
-406
-249
-1
253
396
332
67
-294
-597
-732
-697
-584
-491
-469
-500
-558
-647
-774
-918
-1003
-939
-715
-387
-57
193
358
462
532
589
648
732
839
949
1030
1097
1242
1553
2025
2475
2647
2386
1723
859
28
-624
-1045
-1226
-1178
-950
-674
-560
-764
-1265
-1821
-2102
-1916
-1327
-612
-94
49
-137
-453
-668
-643
-367
81
604
1096
1459
1596
1433
1000
437
-36
-221
-60
326
710
879
751
424
78
-118
-98
89
342
571
722
778
729
589
410
268
251
379
587
735
692
410
-48
-539
-921
-1097
-1081
-953
-829
-800
-895
-1082
-1280
-1415
-1445
-1371
-1215
-1006
-776
-548
-362
-247
-197
-184
-157
-82
42
191
318
382
364
270
135
-5
-125
-216
-289
-345
-375
-371
-338
-293
-263
-254
-255
-239
-182
-79
66
241
430
618
786
913
995
1023
1010
995
1066
1314
1769
2350
2831
2970
2643
1899
938
-16
-780
-1238
-1343
-1128
-716
-321
-174
-406
-960
-1583
-1959
-1906
-1475
-904
-462
-293
-387
-620
-825
-876
-724
-398
26
448
773
919
824
508
62
-360
-615
-639
-470
-221
-11
90
91
63
72
132
210
278
346
449
600
774
903
937
883
803
776
825
886
854
671
372
65
-153
-261
-305
-365
-474
-619
-769
-907
-1029
-1128
-1177
-1139
-1009
-816
-633
-512
-471
-476
-467
-409
-310
-205
-133
-96
-69
-32
6
16
-16
-76
-127
-147
-144
-146
-174
-219
-256
-260
-234
-202
-165
-118
-43
66
194
326
451
572
682
762
799
802
800
811
837
873
943
1109
1416
1829
2202
2342
2136
1626
971
349
-146
-503
-739
-851
-813
-645
-439
-334
-422
-689
-1011
-1247
-1322
-1267
-1188
-1176
-1244
-1325
-1319
-1160
-871
-549
-295
-164
-124
-101
-43
43
104
98
40
-12
-11
41
85
64
-27
-131
-182
-154
-72
-2
7
-43
-106
-120
-51
109
329
563
766
899
946
918
851
786
750
741
744
742
718
656
537
355
127
-98
-266
-342
-333
-277
-227
-207
-212
-220
-204
-166
-119
-78
-57
-45
-28
-2
30
48
36
3
-44
-94
-148
-221
-324
-455
-584
-681
-740
-768
-791
-819
-844
-839
-785
-683
-544
-384
-223
-71
57
148
195
213
226
261
327
405
463
484
478
473
497
545
604
636
632
593
515
402
258
105
-19
-73
-39
56
162
226
211
123
-21
-183
-339
-469
-567
-625
-644
-628
-585
-521
-440
-341
-216
-73
74
201
286
329
341
350
373
431
526
643
758
842
859
792
642
439
227
45
-76
-126
-120
-80
-35
-11
-23
-70
-128
-170
-172
-123
-35
63
134
156
113
18
-95
-191
-240
-230
-171
-92
-40
-37
-95
-206
-338
-455
-530
-553
-534
-496
-463
-449
-447
-445
-428
-395
-351
-309
-284
-280
-296
-329
-375
-430
-481
-517
-528
-505
-460
-405
-345
-276
-185
-67
74
215
330
400
429
440
450
485
549
629
712
767
773
719
613
500
437
466
596
788
962
1055
1036
926
773
635
546
510
508
515
504
454
360
231
85
-52
-160
-237
-306
-399
-535
-713
-893
-1031
-1093
-1071
-986
-867
-747
-647
-573
-530
-513
-508
-492
-436
-328
-177
-19
93
124
75
-29
-143
-226
-256
-237
-186
-129
-83
-63
-69
-87
-99
-73
10
143
305
450
536
540
470
367
278
241
276
367
484
590
649
649
592
491
366
242
135
58
18
13
29
49
52
27
-27
-99
-170
-226
-261
-276
-276
-277
-292
-333
-398
-475
-540
-579
-579
-537
-471
-394
-323
-266
-228
-211
-222
-250
-278
-284
-245
-166
-66
20
60
44
-14
-83
-127
-120
-53
62
199
328
424
480
505
518
539
579
634
679
696
664
589
499
412
355
336
346
370
383
363
309
214
93
-46
-186
-311
-404
-454
-466
-447
-414
-379
-356
-339
-315
-271
-196
-103
-17
38
47
12
-46
-100
-125
-108
-60
-5
32
30
-17
-97
-190
-264
-298
-283
-216
-116
-10
77
124
130
104
60
15
-14
-21
-7
31
82
134
176
195
190
158
116
73
37
10
-18
-54
-103
-156
-207
-236
-230
-194
-137
-85
-57
-60
-98
-151
-207
-246
-263
-256
-234
-200
-161
-117
-71
-24
21
51
62
54
34
15
14
41
86
143
188
202
182
129
72
30
21
48
94
138
159
158
153
162
201
275
371
460
523
539
504
431
340
248
172
124
102
93
89
78
51
9
-41
-90
-131
-163
-192
-226
-274
-330
-384
-427
-440
-418
-365
-291
-213
-150
-113
-108
-133
-177
-219
-240
-228
-179
-105
-19
55
101
113
95
63
34
20
26
52
86
110
117
105
89
81
95
135
190
246
289
305
298
275
250
238
245
265
291
305
295
251
174
71
-46
-164
-259
-326
-359
-362
-358
-362
-389
-440
-502
-554
-593
-610
-607
-599
-583
-564
-530
-473
-391
-287
-181
-91
-33
-12
-14
-24
-24
1
47
104
161
208
250
290
331
385
445
502
541
550
534
504
467
447
451
484
546
615
673
696
675
626
551
463
379
302
239
189
142
97
49
1
-45
-88
-132
-178
-232
-302
-392
-497
-603
-682
-727
-736
-701
-645
-580
-532
-517
-525
-544
-551
-526
-476
-399
-307
-216
-132
-69
-23
14
43
72
100
123
136
135
116
87
62
56
79
133
205
283
345
383
394
391
385
374
374
385
406
435
451
454
439
403
360
298
221
144
71
14
-32
-62
-82
-100
-121
-154
-191
-230
-267
-293
-308
-308
-291
-267
-240
-220
-206
-193
-183
-181
-184
-200
-225
-257
-293
-323
-350
-362
-352
-329
-292
-251
-211
-170
-139
-120
-118
-125
-135
-135
-112
-53
43
170
312
446
547
602
601
540
446
333
228
146
93
75
89
126
179
231
261
257
211
121
-1
-141
-275
-374
-425
-417
-361
-276
-183
-107
-59
-42
-50
-66
-79
-77
-53
-6
58
130
205
277
342
398
437
456
454
432
390
330
259
192
144
131
158
215
285
342
369
365
331
275
218
169
134
118
119
124
126
112
64
-18
-125
-245
-355
-443
-506
-548
-575
-594
-607
-614
-616
-626
-647
-684
-729
-770
-790
-777
-736
-676
-610
-545
-479
-420
-364
-318
-292
-291
-304
-321
-322
-294
-233
-146
-53
40
131
219
306
388
452
495
515
524
547
611
730
897
1091
1274
1407
1462
1427
1310
1131
919
703
511
366
282
254
258
266
246
179
77
-53
-199
-347
-497
-641
-763
-837
-843
-779
-664
-534
-424
-352
-319
-318
-335
-354
-371
-380
-375
-346
-292
-220
-145
-87
-61
-67
-95
-130
-160
-178
-185
-179
-150
-96
-11
96
214
324
410
466
493
492
469
434
391
354
332
328
337
342
329
279
191
72
-61
-191
-300
-382
-433
-456
-453
-431
-403
-376
-369
-382
-415
-454
-481
-484
-453
-397
-324
-248
-177
-114
-62
-20
3
10
-3
-17
-16
6
47
88
115
130
138
158
198
252
311
363
424
517
665
860
1070
1231
1292
1235
1072
836
566
289
37
-164
-285
-315
-281
-230
-222
-306
-475
-688
-889
-1031
-1103
-1111
-1072
-996
-884
-731
-553
-374
-226
-129
-76
-42
-5
47
103
146
170
179
182
190
199
195
163
103
35
-24
-51
-46
-10
44
115
202
306
425
545
655
743
804
835
834
803
742
658
566
483
417
368
329
287
225
140
28
-97
-217
-325
-413
-481
-532
-568
-585
-586
-575
-565
-559
-559
-557
-538
-496
-433
-369
-318
-288
-274
-268
-267
-273
-297
-331
-356
-351
-310
-250
-210
-212
-249
-290
-295
-247
-162
-66
42
192
431
760
1121
1415
1549
1499
1296
998
651
287
-52
-301
-388
-277
-34
195
257
83
-262
-631
-886
-988
-984
-963
-960
-954
-881
-709
-467
-226
-47
52
109
171
249
319
350
326
263
192
138
107
90
89
116
173
252
325
360
344
287
214
164
154
215
361
577
822
1035
1157
1155
1047
890
742
639
564
490
399
307
236
198
171
110
-19
-208
-408
-562
-634
-635
-612
-606
-624
-650
-650
-613
-555
-513
-511
-546
-583
-586
-539
-473
-439
-469
-555
-651
-713
-739
-745
-750
-749
-717
-640
-540
-458
-415
-400
-365
-277
-151
-15
126
326
655
1105
1569
1870
1865
1544
1021
451
-49
-432
-669
-726
-570
-231
144
348
219
-217
-753
-1106
-1105
-789
-362
-36
86
53
-9
-4
76
180
276
380
533
748
956
1052
952
662
278
-61
-247
-247
-111
73
230
333
391
417
417
398
368
358
421
595
874
1192
1446
1536
1428
1164
849
587
434
384
365
308
173
-24
-239
-431
-594
-738
-873
-993
-1064
-1062
-1000
-931
-918
-992
-1120
-1227
-1236
-1118
-917
-709
-560
-487
-472
-482
-496
-516
-544
-573
-589
-585
-580
-604
-661
-723
-755
-738
-677
-582
-468
-342
-221
-124
-56
39
276
759
1477
2223
2694
2684
2202
1460
727
165
-207
-418
-495
-419
-195
64
150
-115
-692
-1294
-1556
-1278
-585
168
623
629
295
-98
-285
-178
150
563
970
1340
1631
1751
1601
1158
513
-149
-619
-780
-647
-359
-81
79
95
-4
-154
-286
-331
-242
-27
278
640
1009
1320
1501
1507
1348
1091
841
707
734
863
948
826
431
-158
-771
-1231
-1433
-1391
-1218
-1052
-970
-960
-981
-1022
-1102
-1226
-1334
-1325
-1142
-810
-451
-220
-213
-399
-627
-729
-641
-421
-202
-94
-147
-352
-637
-880
-980
-923
-759
-534
-269
-5
176
239
212
160
145
230
570
1298
2272
3070
3284
2808
1865
818
-54
-605
-798
-707
-448
-111
200
303
-30
-836
-1771
-2280
-1999
-1031
118
895
994
455
-366
-981
-1069
-624
92
801
1350
1652
1616
1191
463
-345
-970
-1218
-1030
-499
102
460
414
45
-413
-740
-802
-544
-6
649
1196
1495
1543
1432
1254
1075
974
1016
1191
1418
1586
1585
1328
796
109
-494
-788
-724
-438
-131
23
-74
-409
-848
-1189
-1299
-1185
-954
-702
-488
-379
-432
-631
-892
-1108
-1205
-1120
-834
-421
-57
72
-99
-481
-916
-1262
-1413
-1333
-1077
-775
-539
-405
-360
-398
-505
-595
-543
-302
72
519
1055
1705
2341
2699
2603
2098
1394
734
265
5
-108
-175
-231
-224
-152
-149
-413
-964
-1517
-1674
-1258
-444
364
784
649
75
-589
-936
-755
-141
607
1206
1520
1517
1213
667
23
-531
-839
-833
-550
-139
167
163
-197
-730
-1159
-1255
-958
-361
340
925
1238
1272
1150
1034
1036
1188
1451
1736
1925
1927
1707
1294
762
220
-206
-403
-341
-112
109
164
-32
-443
-923
-1269
-1319
-1057
-626
-238
-52
-113
-363
-668
-883
-928
-826
-637
-413
-193
-52
-85
-315
-659
-987
-1197
-1240
-1123
-927
-774
-737
-777
-808
-781
-698
-551
-326
-44
245
559
993
1557
2044
2174
1876
1308
722
263
-50
-249
-374
-434
-413
-309
-223
-362
-823
-1416
-1728
-1485
-790
-30
410
352
-110
-673
-978
-808
-220
497
1067
1374
1429
1257
866
357
-105
-365
-372
-165
143
356
279
-113
-614
-928
-890
-533
4
562
983
1146
1064
909
874
1031
1336
1710
2078
2328
2349
2107
1656
1115
605
252
161
315
548
643
481
97
-393
-863
-1168
-1204
-995
-689
-469
-438
-592
-875
-1173
-1358
-1341
-1138
-851
-577
-390
-352
-512
-830
-1156
-1337
-1324
-1173
-990
-877
-912
-1106
-1366
-1541
-1519
-1286
-919
-522
-199
-5
119
329
727
1210
1541
1565
1315
946
583
277
27
-167
-272
-229
-31
205
254
-20
-504
-874
-851
-431
137
532
562
252
-177
-438
-347
69
618
1106
1412
1501
1378
1089
725
403
201
142
220
369
453
333
-17
-467
-800
-869
-631
-178
320
675
779
684
542
509
635
893
1224
1546
1767
1802
1626
1293
883
479
169
23
43
130
158
44
-218
-571
-938
-1208
-1291
-1166
-921
-701
-602
-637
-754
-876
-934
-875
-702
-473
-282
-207
-286
-487
-729
-912
-982
-954
-889
-837
-821
-852
-938
-1070
-1198
-1228
-1088
-790
-428
-89
218
549
913
1223
1352
1233
927
569
280
99
-15
-79
-53
115
362
503
367
-47
-522
-777
-646
-211
268
499
346
-81
-519
-710
-542
-80
504
1009
1281
1268
1026
668
321
86
19
127
362
609
728
615
268
-207
-633
-837
-735
-374
65
382
469
340
132
7
80
358
742
1109
1353
1438
1367
1175
926
694
551
522
578
642
646
539
309
-13
-365
-655
-796
-762
-615
-479
-473
-630
-878
-1087
-1139
-1005
-742
-451
-221
-110
-142
-294
-496
-669
-745
-713
-611
-500
-428
-425
-500
-646
-818
-949
-952
-816
-613
-444
-359
-298
-154
104
396
577
556
360
119
-52
-128
-154
-156
-107
33
241
395
369
138
-174
-359
-283
16
339
483
379
109
-160
-289
-231
-14
291
603
835
923
840
626
390
231
190
238
305
348
357
330
262
130
-56
-239
-330
-266
-83
110
216
210
159
157
242
383
511
591
645
713
797
858
856
789
706
667
680
708
689
593
435
247
55
-128
-289
-409
-471
-485
-486
-516
-596
-701
-781
-795
-740
-645
-550
-477
-434
-421
-442
-503
-590
-665
-697
-686
-662
-669
-718
-790
-837
-829
-769
-685
-603
-531
-469
-407
-329
-233
-117
10
118
176
179
147
118
126
172
234
290
335
372
415
449
452
417
378
384
457
567
641
613
490
337
229
196
206
203
167
126
123
162
207
212
166
111
86
107
145
169
167
150
134
116
80
18
-60
-131
-171
-177
-157
-128
-107
-101
-107
-117
-112
-81
-15
84
211
349
481
584
652
688
700
686
630
529
392
256
163
129
133
126
72
-40
-183
-323
-433
-504
-540
-539
-501
-427
-341
-273
-254
-290
-353
-403
-420
-397
-354
-321
-328
-390
-505
-629
-707
-696
-594
-447
-328
-279
-289
-302
-268
-177
-72
-7
1
-9
7
73
157
214
223
210
208
238
281
299
279
247
250
303
374
396
346
251
165
120
94
54
-18
-101
-152
-150
-117
-91
-87
-88
-68
-20
25
37
10
-18
-4
57
133
180
165
99
13
-71
-137
-182
-207
-203
-169
-115
-62
-27
6
60
153
281
422
544
639
715
784
848
878
855
773
661
556
477
421
369
306
232
152
67
-23
-121
-222
-305
-351
-353
-321
-277
-253
-262
-297
-349
-396
-424
-426
-402
-362
-323
-302
-320
-384
-478
-571
-624
-612
-543
-443
-341
-263
-214
-177
-148
-127
-114
-110
-108
-107
-103
-103
-113
-124
-123
-102
-65
-21
16
38
51
56
58
52
33
3
-29
-55
-68
-78
-97
-129
-167
-194
-198
-180
-149
-116
-87
-63
-40
-16
15
53
102
163
234
314
394
461
494
470
398
295
190
121
110
149
214
273
309
320
329
361
425
506
583
637
679
709
726
733
710
665
608
540
476
407
332
250
162
64
-33
-131
-229
-323
-401
-452
-491
-518
-540
-569
-596
-625
-651
-660
-652
-618
-564
-500
-436
-406
-424
-480
-562
-627
-646
-623
-564
-491
-413
-335
-268
-218
-187
-176
-175
-174
-170
-158
-142
-118
-79
-23
43
106
154
182
207
241
289
343
377
381
361
329
307
302
307
324
334
334
317
273
211
142
85
55
51
67
89
108
115
112
104
112
146
203
269
310
303
241
137
28
-53
-85
-76
-49
-29
-31
-36
-36
-6
54
132
217
289
348
397
434
471
505
523
525
501
466
423
369
305
228
147
66
-8
-78
-142
-201
-256
-310
-356
-398
-428
-451
-473
-484
-485
-464
-430
-396
-362
-338
-324
-318
-327
-336
-349
-365
-372
-372
-361
-328
-276
-206
-141
-98
-79
-90
-118
-145
-157
-149
-115
-67
-14
29
55
61
57
54
61
81
105
122
125
116
109
111
126
152
177
194
199
189
168
138
107
79
57
44
44
56
81
117
152
179
190
192
188
176
166
151
134
113
96
79
67
54
38
18
-11
-38
-57
-58
-43
-17
14
43
66
89
112
139
169
193
214
225
219
200
162
115
73
38
18
9
4
-3
-21
-50
-90
-128
-163
-184
-190
-184
-167
-154
-148
-146
-148
-147
-141
-131
-119
-107
-101
-95
-97
-100
-99
-89
-68
-46
-24
-14
-18
-33
-60
-88
-115
-136
-146
-147
-141
-133
-121
-110
-106
-105
-111
-121
-135
-151
-159
-149
-125
-83
-36
7
45
68
78
84
89
92
91
86
75
55
31
9
-3
1
26
67
119
173
215
244
262
267
264
263
266
279
294
301
299
289
272
256
239
224
214
205
199
191
183
177
175
176
173
165
154
138
121
102
80
54
24
-7
-38
-66
-91
-114
-138
-170
-215
-272
-336
-394
-439
-462
-449
-419
-387
-365
-365
-379
-401
-421
-431
-416
-378
-338
-290
-248
-206
-168
-136
-103
-74
-45
-17
2
11
12
5
-7
-14
-20
-18
-6
9
22
32
32
22
-2
-24
-42
-44
-27
10
60
107
150
174
185
180
166
160
156
155
153
144
131
116
100
84
74
74
89
113
140
161
166
164
155
144
138
136
143
164
182
194
191
175
154
127
102
81
64
57
54
51
46
39
29
13
-3
-21
-36
-46
-53
-56
-58
-61
-65
-68
-71
-73
-77
-82
-89
-104
-123
-144
-167
-187
-200
-206
-203
-197
-190
-190
-195
-201
-204
-202
-192
-174
-148
-119
-86
-56
-34
-20
-11
-10
-8
-2
4
16
25
29
30
28
21
19
19
22
26
31
34
37
40
41
38
39
46
62
88
116
146
165
175
171
159
147
142
145
149
153
147
135
121
106
93
80
67
57
51
52
62
73
80
78
67
55
51
58
72
87
93
86
68
46
22
0
-20
-36
-51
-65
-75
-84
-91
-101
-114
-133
-152
-162
-157
-141
-122
-107
-103
-114
-131
-141
-143
-131
-114
-97
-86
-81
-81
-86
-93
-104
-115
-122
-124
-111
-94
-79
-66
-58
-56
-50
-31
-4
29
62
82
92
89
81
74
73
84
99
111
118
111
98
81
66
53
44
37
31
27
25
19
13
6
-2
-4
-1
9
26
44
60
72
80
83
83
78
71
68
64
65
68
68
65
55
40
24
6
-3
-8
-4
4
13
22
26
28
31
35
44
60
76
89
90
79
60
39
23
10
4
-1
-9
-24
-46
-71
-92
-109
-120
-125
-128
-124
-116
-111
-107
-108
-111
-116
-122
-124
-123
-120
-116
-112
-111
-111
-111
-110
-105
-100
-89
-76
-59
-44
-33
-23
-18
-14
-7
4
19
31
41
45
44
41
40
44
49
58
67
71
71
69
65
66
69
75
82
83
83
78
71
67
62
62
71
82
91
98
98
99
100
99
100
101
103
102
101
96
88
78
70
61
50
39
25
9
-6
-19
-27
-30
-30
-30
-27
-27
-25
-26
-27
-28
-29
-28
-27
-27
-29
-36
-44
-56
-70
-81
-93
-101
-106
-110
-114
-119
-122
-122
-117
-113
-111
-106
-103
-95
-88
-85
-81
-76
-67
-53
-41
-30
-21
-14
-8
-10
-8
-6
-5
0
7
16
28
38
50
60
68
77
81
88
98
101
99
100
100
110
119
122
126
127
130
133
126
119
110
101
99
90
81
71
61
56
50
44
39
33
30
25
22
18
16
15
18
20
22
26
26
31
33
29
28
23
16
8
-3
-13
-24
-38
-52
-65
-77
-90
-99
-111
-117
-119
-120
-121
-121
-121
-114
-108
-101
-97
-96
-95
-96
-101
-109
-124
-139
-150
-163
-177
-190
-198
-207
-212
-216
-213
-205
-199
-190
-180
-165
-145
-125
-104
-84
-62
-41
-21
0
19
37
54
70
83
97
106
117
124
130
139
141
143
143
139
138
133
128
121
113
109
104
103
101
100
102
107
113
123
132
138
142
145
145
142
136
132
126
118
108
94
81
69
60
52
44
37
31
28
27
30
32
38
42
42
40
32
24
19
13
7
-2
-14
-26
-40
-56
-70
-79
-87
-94
-101
-109
-119
-128
-136
-142
-145
-146
-148
-149
-149
-149
-149
-150
-148
-146
-147
-146
-149
-148
-146
-144
-137
-129
-122
-116
-109
-103
-100
-97
-88
-78
-65
-53
-43
-34
-30
-23
-14
-4
13
28
44
60
71
83
87
92
99
107
118
133
146
159
168
171
172
170
167
168
173
179
185
188
186
179
170
160
153
149
148
151
154
155
149
139
127
109
93
79
72
70
77
79
73
62
43
23
5
-7
-10
-9
-5
-10
-22
-41
-63
-85
-103
-113
-117
-123
-128
-143
-167
-185
-203
-217
-229
-245
-252
-253
-254
-254
-263
-271
-275
-282
-285
-292
-296
-286
-274
-258
-244
-242
-235
-228
-220
-202
-186
-167
-146
-127
-109
-95
-76
-49
-22
3
25
46
66
91
117
146
177
202
217
231
242
260
285
303
319
327
327
333
335
333
339
343
349
347
336
325
318
309
293
286
271
256
238
219
208
198
188
176
158
141
127
116
106
96
82
68
48
27
9
-8
-18
-29
-41
-58
-75
-90
-107
-120
-130
-138
-143
-154
-162
-173
-181
-182
-187
-196
-203
-209
-206
-206
-206
-203
-203
-199
-191
-191
-185
-177
-171
-157
-149
-145
-137
-129
-114
-103
-96
-88
-83
-75
-67
-61
-51
-42
-33
-26
-19
-14
-8
-1
8
16
22
28
34
40
46
50
56
60
64
70
74
78
83
86
90
94
96
101
101
105
108
110
111
109
110
110
112
111
108
106
104
102
100
97
96
91
87
81
76
72
67
65
57
50
42
35
33
30
27
25
18
8
-1
-10
-15
-19
-21
-28
-36
-48
-60
-66
-69
-69
-71
-74
-80
-88
-96
-100
-101
-100
-103
-108
-114
-121
-126
-124
-121
-116
-112
-115
-116
-117
-115
-110
-103
-96
-95
-94
-91
-87
-81
-72
-61
-55
-48
-43
-39
-34
-29
-22
-17
-11
-5
-3
1
3
6
9
15
21
25
28
31
31
34
37
39
45
49
52
57
59
63
66
67
69
71
73
75
77
78
79
80
81
83
82
85
87
87
88
86
85
84
85
84
82
79
76
70
67
62
56
56
54
52
50
45
38
32
28
21
13
4
-3
-11
-19
-28
-35
-40
-46
-51
-54
-54
-55
-59
-59
-63
-67
-71
-77
-80
-86
-89
-91
-93
-93
-92
-92
-89
-89
-87
-85
-84
-80
-78
-77
-74
-72
-68
-63
-57
-53
-48
-42
-38
-33
-25
-21
-15
-10
-6
1
8
13
17
22
27
30
34
37
40
46
53
57
60
62
62
65
67
70
72
73
75
75
75
74
70
68
65
63
61
60
58
57
53
49
44
41
37
34
30
28
25
21
21
19
14
7
0
-4
-9
-11
-14
-16
-19
-23
-26
-29
-31
-32
-35
-38
-39
-41
-40
-43
-47
-50
-50
-47
-46
-47
-47
-45
-41
-37
-37
-36
-34
-31
-27
-22
-18
-15
-13
-10
-6
-4
-2
-1
2
2
4
9
13
16
15
15
14
16
17
18
19
20
20
20
18
16
15
13
11
11
11
13
13
12
11
7
6
5
4
2
1
2
0
-1
-2
-3
-4
-3
-5
-5
-5
-5
-6
-7
-8
-11
-11
-12
-11
-10
-8
-7
-6
-4
-5
-5
-6
-5
-5
-3
-1
0
0
-1
-2
-2
-1
-1
-1
-2
-2
-1
1
3
3
5
4
2
3
3
5
7
8
8
9
10
9
10
11
12
13
13
14
15
14
14
13
12
12
12
10
9
8
7
4
2
-1
-3
-5
-5
-5
-7
-9
-8
-9
-11
-13
-12
-11
-11
-10
-11
-11
-10
-11
-12
-14
-15
-15
-14
-11
-11
-9
-9
-9
-9
-10
-9
-9
-9
-9
-9
-9
-10
-9
-9
-7
-5
-5
-3
-2
-1
1
2
4
5
6
6
5
7
7
9
11
11
13
11
13
12
14
15
15
15
14
13
11
10
9
10
11
10
10
8
7
7
6
7
8
8
7
6
3
1
0
-1
0
0
-2
-3
-3
-4
-5
-5
-3
-4
-4
-4
-5
-5
-6
-7
-7
-7
-6
-5
-6
-6
-8
-9
-10
-10
-10
-9
-10
-10
