3
0
0
3
5
6
3
2
0
0
0
-3
-8
-11
-10
-10
-8
-4
-2
-2
-3
-1
-4
-2
-1
-2
-4
-3
-2
-2
-3
-3
-1
-1
0
4
8
8
9
1
-5
-8
-10
-5
-1
-2
-4
-5
-3
-2
1
4
4
2
1
3
2
0
-2
-5
-4
0
3
4
6
7
7
4
2
-3
-6
-7
-6
-5
-4
-2
-1
0
-2
-1
-3
-1
2
3
3
2
0
2
6
7
6
2
0
4
6
10
12
8
5
-1
-1
0
1
3
3
4
3
0
2
1
-1
-3
-4
-3
-3
-2
0
-1
-3
-6
-7
-8
-3
1
2
2
-2
-7
-11
-13
-12
-9
-7
-3
-1
-3
-4
-8
-7
-3
0
0
-1
-5
-8
-10
-11
-8
-2
5
16
22
21
20
15
8
3
-1
-1
-1
-5
-10
-16
-18
-20
-19
-12
-6
3
7
8
9
9
11
15
17
15
10
2
-5
-13
-21
-24
-20
-13
2
21
39
58
70
74
79
73
64
50
32
13
-8
-19
-24
-23
-21
-19
-7
9
22
29
35
38
40
38
27
18
13
12
15
21
34
47
58
64
65
67
76
98
127
157
196
245
300
358
417
474
525
556
543
488
390
252
79
-124
-342
-567
-788
-1019
-1228
-1390
-1516
-1578
-1607
-1596
-1508
-1387
-1230
-1058
-891
-709
-531
-364
-210
-76
47
157
256
349
446
550
646
748
845
944
1055
1146
1220
1280
1310
1341
1341
1305
1269
1217
1179
1142
1077
1011
941
870
817
748
679
618
545
474
380
267
147
18
-113
-240
-359
-468
-576
-684
-785
-871
-940
-989
-1015
-1021
-1013
-1005
-1000
-996
-996
-986
-967
-933
-872
-776
-648
-483
-278
-32
244
540
837
1117
1347
1503
1565
1517
1356
1080
710
256
-254
-790
-1327
-1826
-2263
-2610
-2843
-2960
-2962
-2859
-2672
-2415
-2114
-1787
-1450
-1112
-786
-481
-191
82
338
586
823
1060
1296
1530
1764
1993
2211
2408
2576
2715
2813
2863
2862
2800
2678
2499
2267
1993
1686
1362
1031
707
412
156
-53
-213
-323
-391
-424
-429
-421
-410
-405
-418
-451
-499
-558
-619
-677
-721
-754
-777
-784
-782
-768
-760
-764
-790
-835
-899
-973
-1042
-1108
-1168
-1211
-1225
-1204
-1157
-1079
-974
-867
-765
-663
-551
-429
-321
-211
-73
107
332
610
952
1313
1651
1935
2186
2362
2407
2292
2031
1640
1106
483
-171
-808
-1460
-2090
-2621
-3005
-3248
-3374
-3359
-3243
-3067
-2842
-2521
-2113
-1693
-1303
-920
-513
-137
200
532
886
1182
1387
1562
1781
2023
2226
2413
2604
2789
2916
3025
3136
3205
3151
2971
2746
2474
2137
1728
1320
913
493
81
-239
-428
-558
-655
-713
-684
-612
-514
-400
-281
-199
-191
-219
-256
-285
-359
-469
-620
-787
-945
-1073
-1153
-1227
-1293
-1368
-1405
-1405
-1346
-1260
-1178
-1126
-1110
-1063
-1008
-935
-901
-872
-879
-908
-932
-931
-865
-837
-794
-756
-615
-413
-121
257
698
1178
1593
2024
2398
2745
2905
2897
2712
2354
1851
1198
533
-200
-926
-1692
-2345
-2850
-3188
-3362
-3414
-3304
-3144
-2890
-2589
-2171
-1731
-1321
-955
-613
-247
85
431
758
1088
1334
1534
1749
1997
2255
2450
2631
2781
2911
3000
3094
3172
3174
3057
2843
2602
2319
1985
1592
1173
730
288
-100
-393
-598
-760
-888
-951
-922
-825
-688
-536
-394
-294
-234
-205
-190
-210
-300
-461
-654
-844
-1013
-1151
-1268
-1353
-1428
-1483
-1505
-1484
-1437
-1393
-1352
-1336
-1313
-1299
-1258
-1228
-1213
-1207
-1216
-1213
-1225
-1193
-1143
-1059
-981
-865
-666
-392
-25
402
940
1498
2039
2515
2946
3303
3481
3471
3256
2885
2311
1607
845
73
-710
-1514
-2209
-2757
-3120
-3329
-3359
-3235
-3038
-2798
-2504
-2105
-1678
-1274
-910
-554
-216
72
360
655
939
1129
1263
1407
1584
1764
1933
2128
2331
2511
2662
2841
3017
3115
3086
2963
2783
2515
2168
1756
1323
833
305
-188
-574
-858
-1087
-1227
-1266
-1188
-1055
-848
-576
-293
-56
99
234
325
349
288
169
10
-215
-468
-717
-922
-1126
-1330
-1499
-1616
-1670
-1705
-1683
-1638
-1585
-1555
-1528
-1483
-1458
-1439
-1456
-1450
-1465
-1475
-1479
-1464
-1418
-1391
-1310
-1201
-1009
-760
-411
58
601
1220
1822
2436
2963
3414
3726
3868
3814
3514
3035
2380
1660
866
70
-724
-1470
-2094
-2575
-2843
-2958
-2934
-2849
-2703
-2498
-2232
-1903
-1576
-1256
-984
-720
-466
-185
118
406
651
833
1027
1247
1504
1783
2061
2325
2560
2781
3013
3235
3379
3407
3306
3112
2832
2482
2077
1604
1066
490
-57
-509
-844
-1081
-1226
-1285
-1250
-1120
-906
-629
-359
-148
-16
42
60
26
-69
-237
-472
-742
-1011
-1228
-1387
-1508
-1619
-1709
-1770
-1766
-1708
-1624
-1537
-1503
-1489
-1504
-1505
-1494
-1505
-1526
-1583
-1623
-1641
-1614
-1550
-1453
-1326
-1182
-978
-722
-372
14
487
1016
1608
2235
2802
3371
3817
4176
4359
4344
4160
3735
3112
2361
1535
663
-203
-1121
-1891
-2585
-3132
-3436
-3635
-3615
-3564
-3445
-3162
-2826
-2423
-1987
-1614
-1203
-836
-523
-71
303
694
1013
1227
1547
1795
2066
2363
2579
2817
3003
3164
3435
3587
3679
3664
3480
3289
2922
2483
2008
1389
762
109
-494
-920
-1310
-1585
-1734
-1838
-1773
-1658
-1470
-1182
-972
-777
-617
-525
-420
-403
-467
-541
-715
-884
-1030
-1188
-1258
-1358
-1441
-1450
-1472
-1410
-1350
-1321
-1272
-1295
-1322
-1340
-1403
-1426
-1485
-1554
-1565
-1589
-1524
-1442
-1345
-1186
-1034
-808
-509
-173
246
679
1178
1753
2338
2951
3509
3979
4349
4559
4639
4537
4214
3689
2958
2113
1180
215
-728
-1634
-2458
-3157
-3661
-3949
-4090
-4095
-4010
-3818
-3522
-3156
-2703
-2210
-1731
-1257
-805
-326
162
592
990
1310
1565
1804
2015
2252
2482
2642
2811
2957
3108
3277
3364
3387
3314
3105
2832
2452
1997
1481
869
254
-338
-860
-1256
-1575
-1779
-1874
-1893
-1767
-1566
-1296
-997
-750
-511
-313
-169
-56
-55
-116
-231
-431
-604
-800
-975
-1106
-1261
-1348
-1383
-1410
-1357
-1341
-1313
-1265
-1281
-1269
-1289
-1349
-1382
-1465
-1516
-1526
-1541
-1479
-1400
-1291
-1087
-877
-586
-212
159
630
1111
1649
2273
2875
3452
3966
4339
4640
4756
4679
4447
3949
3291
2470
1530
605
-349
-1281
-2124
-2891
-3470
-3863
-4104
-4148
-4110
-3991
-3745
-3427
-2999
-2540
-2108
-1660
-1259
-862
-434
-44
338
641
853
1088
1301
1545
1808
2012
2234
2429
2630
2897
3109
3263
3315
3217
3074
2825
2486
2079
1523
909
262
-356
-843
-1264
-1603
-1832
-1973
-1934
-1757
-1473
-1102
-759
-445
-146
129
386
553
597
546
397
204
2
-194
-407
-651
-897
-1088
-1188
-1227
-1221
-1198
-1209
-1223
-1245
-1251
-1237
-1287
-1373
-1483
-1587
-1618
-1608
-1543
-1435
-1340
-1172
-945
-630
-235
175
640
1148
1685
2296
2886
3444
3917
4230
4443
4457
4272
3897
3277
2514
1614
612
-363
-1364
-2307
-3121
-3814
-4254
-4521
-4635
-4554
-4403
-4107
-3696
-3231
-2670
-2160
-1683
-1192
-757
-296
130
483
821
1043
1249
1483
1693
1945
2143
2329
2556
2762
3020
3280
3469
3606
3599
3501
3339
3039
2659
2142
1518
860
167
-439
-939
-1375
-1692
-1919
-2007
-1904
-1697
-1354
-956
-585
-184
156
480
757
884
920
812
583
335
25
-270
-569
-920
-1190
-1420
-1574
-1624
-1677
-1673
-1671
-1690
-1651
-1621
-1595
-1575
-1621
-1660
-1692
-1724
-1684
-1646
-1591
-1499
-1371
-1127
-808
-436
7
504
1064
1700
2366
3013
3604
4049
4399
4591
4576
4377
3921
3255
2414
1436
445
-543
-1556
-2477
-3286
-3901
-4250
-4445
-4423
-4284
-4076
-3699
-3241
-2684
-2107
-1614
-1128
-675
-294
97
430
714
934
1011
1127
1281
1467
1702
1896
2129
2396
2682
3030
3372
3623
3773
3782
3701
3528
3193
2753
2165
1459
698
-77
-738
-1303
-1800
-2176
-2410
-2447
-2280
-1985
-1573
-1119
-685
-238
176
537
800
900
886
750
517
245
-70
-389
-730
-1076
-1339
-1509
-1586
-1598
-1590
-1550
-1506
-1449
-1360
-1291
-1264
-1296
-1376
-1435
-1509
-1549
-1554
-1562
-1539
-1496
-1352
-1077
-744
-347
95
603
1210
1868
2580
3253
3820
4259
4578
4755
4727
4436
3922
3200
2281
1255
178
-835
-1827
-2776
-3554
-4135
-4450
-4595
-4567
-4384
-4137
-3792
-3362
-2844
-2328
-1877
-1477
-1064
-698
-358
-26
281
557
710
891
1149
1449
1759
2025
2335
2671
3016
3388
3754
4036
4164
4163
4065
3871
3501
2981
2341
1589
789
8
-637
-1169
-1626
-1977
-2167
-2131
-1927
-1599
-1198
-784
-385
-19
348
648
831
859
752
558
277
-24
-338
-650
-993
-1322
-1543
-1667
-1685
-1687
-1648
-1599
-1557
-1495
-1454
-1403
-1432
-1513
-1624
-1730
-1793
-1850
-1853
-1851
-1800
-1707
-1540
-1263
-909
-466
-3
544
1161
1848
2580
3240
3836
4286
4605
4763
4725
4487
4024
3337
2459
1498
487
-500
-1505
-2457
-3255
-3888
-4268
-4460
-4455
-4319
-4125
-3803
-3362
-2832
-2333
-1901
-1507
-1129
-795
-472
-130
177
422
580
799
1110
1444
1787
2108
2453
2794
3142
3533
3916
4180
4282
4268
4156
3933
3543
3021
2378
1607
786
6
-650
-1203
-1684
-2032
-2191
-2151
-1935
-1566
-1099
-618
-186
228
624
939
1098
1089
942
668
316
-67
-449
-847
-1266
-1639
-1909
-2064
-2129
-2135
-2098
-2038
-1983
-1908
-1810
-1747
-1729
-1792
-1870
-1930
-1994
-2012
-1994
-1959
-1884
-1764
-1520
-1160
-776
-335
154
685
1290
1911
2613
3315
3860
4321
4641
4886
4948
4758
4379
3784
2960
2002
1003
23
-946
-1966
-2840
-3527
-4018
-4257
-4338
-4201
-3992
-3762
-3382
-2904
-2378
-1898
-1533
-1174
-837
-593
-263
39
340
559
665
946
1268
1600
1940
2242
2590
2887
3142
3503
3863
4006
4034
3858
3710
3437
2893
2397
1682
924
101
-680
-1163
-1607
-2005
-2214
-2236
-2061
-1711
-1319
-729
-242
73
458
705
979
1000
827
661
314
-75
-439
-786
-1070
-1404
-1764
-1880
-1958
-1940
-1861
-1843
-1716
-1707
-1669
-1569
-1547
-1569
-1686
-1811
-1864
-1912
-1912
-1833
-1770
-1633
-1471
-1166
-731
-303
188
649
1205
1826
2458
3143
3687
4143
4463
4661
4759
4646
4311
3783
2996
2094
1141
162
-721
-1703
-2582
-3296
-3840
-4068
-4182
-4102
-3926
-3747
-3412
-2988
-2507
-2036
-1699
-1399
-1100
-888
-572
-281
-20
199
305
567
909
1296
1728
2086
2431
2784
3128
3536
3889
4049
4100
3975
3767
3497
3062
2571
1894
1106
344
-362
-913
-1365
-1734
-1944
-2003
-1875
-1525
-1081
-588
-141
238
623
906
1108
1158
1036
798
414
7
-399
-812
-1222
-1642
-1978
-2182
-2278
-2259
-2182
-2078
-1947
-1847
-1708
-1577
-1523
-1516
-1635
-1737
-1828
-1919
-1935
-1957
-1921
-1847
-1691
-1399
-983
-547
-57
462
1040
1734
2376
3117
3712
4185
4536
4719
4876
4778
4464
3901
3153
2242
1304
337
-585
-1476
-2428
-3115
-3645
-3888
-3921
-3897
-3668
-3453
-3164
-2768
-2332
-1917
-1601
-1433
-1223
-997
-822
-538
-341
-106
107
288
685
1092
1529
1965
2351
2795
3221
3606
3986
4239
4299
4235
3973
3660
3194
2568
1889
1092
316
-426
-1050
-1499
-1828
-2018
-2043
-1881
-1579
-1143
-659
-149
295
630
912
1084
1131
996
745
381
-62
-556
-1039
-1447
-1852
-2196
-2412
-2488
-2437
-2342
-2189
-1966
-1760
-1590
-1426
-1333
-1278
-1382
-1520
-1622
-1745
-1834
-1934
-1946
-1890
-1746
-1489
-1066
-602
-102
450
1038
1757
2406
3089
3706
4191
4577
4768
4920
4857
4579
4051
3362
2527
1587
621
-347
-1231
-2165
-2922
-3482
-3780
-3863
-3858
-3653
-3401
-3089
-2742
-2333
-1927
-1637
-1475
-1365
-1196
-1077
-892
-719
-502
-274
-66
314
775
1303
1787
2265
2756
3233
3671
4048
4353
4440
4356
4081
3731
3265
2632
1907
1098
324
-422
-1029
-1466
-1752
-1907
-1928
-1749
-1419
-977
-520
-41
378
699
937
1045
1050
869
548
144
-338
-835
-1324
-1770
-2127
-2426
-2595
-2624
-2538
-2356
-2146
-1875
-1600
-1350
-1161
-1036
-986
-1045
-1178
-1373
-1521
-1701
-1846
-1969
-2023
-1928
-1766
-1416
-992
-435
183
858
1654
2455
3314
4017
4616
5038
5303
5423
5275
4949
4326
3525
2513
1466
411
-612
-1591
-2557
-3258
-3788
-3998
-4023
-3869
-3553
-3252
-2854
-2449
-1965
-1559
-1299
-1151
-1059
-968
-929
-838
-752
-604
-504
-336
6
455
1005
1508
2062
2634
3168
3667
4088
4413
4520
4384
4076
3653
3079
2354
1514
633
-231
-1037
-1669
-2101
-2340
-2428
-2331
-2016
-1548
-973
-366
240
762
1166
1448
1602
1580
1353
974
478
-79
-686
-1272
-1792
-2243
-2572
-2748
-2727
-2569
-2325
-2010
-1648
-1278
-955
-701
-543
-506
-592
-761
-967
-1227
-1500
-1773
-2006
-2131
-2151
-1982
-1685
-1256
-683
12
861
1757
2701
3609
4391
5008
5435
5709
5722
5455
4865
4068
3048
1880
666
-538
-1632
-2703
-3568
-4172
-4484
-4533
-4400
-4049
-3592
-3086
-2566
-1998
-1465
-1058
-819
-683
-584
-577
-599
-634
-634
-645
-636
-470
-121
346
851
1419
2080
2770
3424
4038
4547
4853
4860
4642
4278
3737
3001
2083
1108
114
-829
-1622
-2188
-2553
-2762
-2782
-2557
-2077
-1455
-742
-22
638
1196
1617
1930
2041
1929
1587
1088
509
-118
-730
-1310
-1831
-2262
-2535
-2604
-2500
-2296
-2021
-1679
-1301
-931
-627
-397
-288
-328
-495
-735
-1020
-1350
-1729
-2093
-2371
-2539
-2546
-2414
-2110
-1642
-1008
-179
773
1832
2885
3855
4688
5334
5797
5975
5841
5339
4561
3521
2313
1017
-306
-1569
-2779
-3767
-4486
-4867
-4948
-4785
-4405
-3913
-3305
-2645
-1918
-1274
-767
-413
-196
-67
-66
-71
-111
-194
-328
-408
-311
-63
301
736
1310
1952
2633
3329
4024
4656
5026
5145
5034
4731
4199
3420
2491
1444
320
-795
-1743
-2447
-2919
-3212
-3266
-3045
-2591
-1942
-1187
-363
406
1038
1524
1882
2065
2034
1767
1313
742
73
-576
-1184
-1707
-2137
-2448
-2569
-2535
-2356
-2078
-1718
-1340
-984
-681
-436
-283
-259
-344
-538
-810
-1170
-1568
-1956
-2300
-2553
-2689
-2660
-2438
-2033
-1410
-558
458
1603
2723
3790
4748
5510
6038
6223
6047
5504
4611
3457
2164
773
-629
-2012
-3270
-4240
-4925
-5260
-5295
-5073
-4619
-4035
-3332
-2523
-1720
-1017
-470
-77
233
396
448
450
378
259
110
57
176
393
676
1069
1582
2203
2859
3526
4187
4687
4965
5026
4908
4590
3991
3163
2178
1100
-5
-1038
-1900
-2564
-3053
-3306
-3280
-2984
-2467
-1823
-1095
-364
305
892
1346
1632
1719
1599
1307
869
327
-234
-790
-1305
-1746
-2076
-2262
-2329
-2284
-2116
-1866
-1586
-1304
-1042
-804
-637
-536
-502
-558
-703
-946
-1229
-1527
-1834
-2088
-2271
-2344
-2279
-2055
-1593
-896
-24
1009
2073
3150
4167
5012
5688
6050
6039
5680
4930
3925
2725
1348
-43
-1462
-2786
-3845
-4666
-5113
-5252
-5183
-4843
-4367
-3739
-2968
-2236
-1522
-917
-479
-88
167
352
512
552
563
542
547
683
866
1116
1442
1825
2316
2856
3424
3987
4420
4691
4760
4633
4313
3757
3004
2086
1075
57
-901
-1704
-2338
-2780
-2986
-2957
-2671
-2211
-1651
-1009
-390
195
693
1045
1272
1304
1190
977
648
265
-180
-638
-1045
-1407
-1635
-1750
-1798
-1767
-1698
-1553
-1368
-1221
-1097
-1036
-1034
-1060
-1137
-1188
-1253
-1391
-1543
-1729
-1894
-2019
-2129
-2111
-1970
-1700
-1213
-543
357
1381
2343
3299
4146
4830
5317
5453
5344
4932
4139
3159
2005
793
-446
-1786
-2935
-3835
-4476
-4742
-4795
-4593
-4228
-3852
-3275
-2643
-2056
-1534
-1214
-885
-571
-340
-31
224
433
613
746
1077
1529
1950
2393
2774
3210
3682
4067
4445
4640
4624
4422
4046
3609
3019
2271
1432
537
-334
-1106
-1703
-2076
-2299
-2388
-2266
-1962
-1501
-1018
-538
-65
265
485
568
592
557
384
179
-64
-302
-504
-666
-750
-811
-895
-937
-898
-863
-832
-874
-914
-966
-1130
-1283
-1466
-1623
-1806
-2022
-2143
-2196
-2190
-2185
-2132
-2054
-1907
-1723
-1465
-1086
-703
-135
537
1358
2177
2859
3521
4036
4404
4488
4347
3984
3383
2540
1560
604
-422
-1410
-2397
-3123
-3588
-3855
-3837
-3726
-3456
-3201
-2891
-2462
-2080
-1800
-1632
-1470
-1251
-1009
-749
-322
139
617
1121
1697
2499
3221
3859
4390
4779
5126
5229
5207
5021
4566
3938
3143
2352
1566
741
-36
-717
-1306
-1719
-1929
-1922
-1730
-1548
-1252
-886
-500
-133
52
188
179
44
-144
-370
-536
-711
-888
-1008
-1048
-999
-854
-708
-548
-422
-342
-245
-238
-301
-466
-731
-1027
-1385
-1732
-2028
-2288
-2495
-2639
-2699
-2613
-2471
-2262
-2012
-1752
-1437
-1129
-729
-284
240
837
1486
2153
2723
3233
3636
3964
4060
3937
3588
3073
2422
1605
798
-92
-935
-1814
-2550
-2999
-3248
-3246
-3207
-3034
-2837
-2632
-2403
-2181
-1978
-1883
-1825
-1764
-1547
-1278
-869
-348
232
922
1618
2489
3379
4174
4811
5226
5551
5680
5603
5327
4829
4113
3194
2206
1275
421
-404
-1135
-1710
-2066
-2192
-2126
-1848
-1497
-1126
-739
-343
62
308
370
274
34
-274
-629
-940
-1180
-1419
-1595
-1632
-1478
-1166
-839
-523
-236
-20
132
194
147
-14
-345
-765
-1184
-1592
-1896
-2158
-2363
-2461
-2517
-2390
-2190
-1934
-1663
-1446
-1178
-914
-610
-252
250
845
1531
2163
2761
3361
3794
4118
4111
3903
3407
2660
1800
868
-14
-960
-1839
-2655
-3220
-3543
-3580
-3369
-3102
-2780
-2525
-2184
-1851
-1608
-1505
-1541
-1598
-1662
-1614
-1378
-915
-345
271
980
1852
2860
3815
4637
5248
5643
5823
5788
5583
5120
4364
3373
2275
1228
265
-548
-1180
-1669
-2009
-2115
-1919
-1463
-958
-530
-137
183
449
583
578
458
129
-310
-751
-1075
-1233
-1292
-1276
-1194
-1055
-811
-487
-192
-17
-32
-143
-316
-534
-778
-1042
-1301
-1579
-1820
-1959
-1909
-1766
-1614
-1507
-1424
-1296
-1165
-1011
-934
-954
-1094
-1235
-1231
-989
-439
290
1144
1958
2783
3572
4213
4539
4412
3924
3094
2066
885
-290
-1467
-2663
-3760
-4572
-4836
-4639
-4054
-3318
-2548
-1876
-1310
-791
-414
-233
-368
-666
-1056
-1342
-1403
-1157
-640
-53
657
1542
2700
3913
4952
5668
5999
6006
5710
5258
4615
3747
2608
1354
220
-636
-1152
-1411
-1480
-1452
-1279
-897
-304
314
731
882
819
660
429
165
-138
-491
-887
-1224
-1343
-1201
-872
-548
-291
-115
25
118
81
-144
-585
-1155
-1740
-2185
-2424
-2431
-2286
-2045
-1704
-1246
-657
-94
328
477
407
206
-76
-430
-919
-1452
-2004
-2373
-2449
-2011
-1094
65
1233
2261
3270
4099
4597
4538
3935
2861
1401
-165
-1606
-2754
-3765
-4674
-5334
-5485
-4987
-3984
-2676
-1443
-540
-61
115
147
-15
-397
-960
-1528
-1930
-1947
-1384
-285
1037
2266
3377
4466
5463
6133
6312
5994
5218
4078
2829
1743
909
192
-426
-789
-761
-355
286
996
1521
1699
1583
1391
1217
940
490
-51
-509
-810
-908
-741
-377
7
234
375
559
770
848
658
225
-407
-1125
-1799
-2326
-2725
-3076
-3352
-3483
-3370
-3010
-2443
-1835
-1337
-993
-709
-376
-54
182
225
160
28
-92
-174
-253
-377
-593
-714
-508
151
1031
1860
2446
2792
2920
2787
2398
1706
695
-588
-1899
-2908
-3523
-3897
-4223
-4486
-4510
-4120
-3302
-2193
-1171
-590
-517
-725
-878
-898
-826
-713
-572
-334
187
1209
2689
4149
5137
5571
5645
5511
5100
4392
3423
2207
902
-157
-626
-528
-242
-32
110
298
613
995
1332
1414
1093
565
175
156
412
717
989
1207
1384
1593
1843
2026
1870
1246
378
-437
-988
-1301
-1480
-1594
-1716
-1788
-1699
-1515
-1418
-1611
-2136
-2843
-3551
-3983
-4067
-3912
-3660
-3315
-2681
-1726
-579
521
1390
1879
1978
1779
1481
1095
505
-172
-626
-411
416
1568
2702
3562
4006
3893
3272
2253
879
-911
-2880
-4575
-5567
-5847
-5702
-5276
-4697
-3910
-2903
-1666
-426
346
346
-322
-1181
-1838
-2075
-1837
-1144
-228
839
2254
4136
6130
7508
7907
7325
6099
4521
2853
1330
63
-895
-1652
-1846
-1262
-221
664
1020
945
487
-120
-580
-821
-1110
-1372
-1337
-830
241
1620
3086
4155
4618
4531
3950
3147
2161
887
-644
-1981
-2683
-2656
-2107
-1213
-297
226
384
246
-123
-838
-1941
-3259
-4588
-5473
-5614
-5025
-3926
-2681
-1479
-376
587
1365
1732
1638
1104
222
-651
-1243
-1362
-1010
-178
1213
2919
4473
5591
6029
5644
4296
2098
-258
-2483
-4369
-5743
-6391
-6006
-5113
-4141
-3257
-2611
-2173
-2042
-2090
-2134
-2449
-3043
-3588
-3779
-3224
-2033
-317
1725
3465
4768
5730
6519
7034
6766
5783
4480
3160
2066
1351
1150
1283
1304
1085
866
748
533
-83
-1103
-2242
-3217
-3675
-3394
-2461
-1264
-104
1047
2233
3383
4295
4777
4663
3878
2647
1486
738
392
180
-65
-110
118
520
913
1008
671
-162
-1336
-2398
-3103
-3467
-3602
-3735
-3736
-3421
-2748
-1738
-811
-310
-262
-572
-898
-1049
-1064
-909
-801
-799
-739
-521
48
992
2091
3112
3778
3975
3940
3541
2662
1318
-390
-1971
-3262
-4097
-4234
-3872
-3396
-3229
-3533
-3904
-4081
-4081
-3815
-3503
-3249
-3087
-3000
-2558
-1708
-614
613
1718
2637
3395
4024
4792
5528
5801
5541
4875
4250
3749
3220
2788
2343
1772
1050
359
32
-129
-491
-1108
-1849
-2339
-2440
-2172
-1554
-871
-254
287
915
1839
2793
3498
3819
3663
3196
2616
2136
1796
1287
582
-110
-556
-565
-338
-160
-224
-658
-1341
-2027
-2513
-2714
-2808
-2989
-3132
-3055
-2562
-1657
-731
-118
83
-41
-259
-410
-484
-487
-585
-864
-1141
-1250
-884
66
1345
2589
3377
3590
3415
2824
1753
310
-1312
-2796
-3916
-4439
-4115
-3198
-2369
-2203
-2758
-3524
-4009
-4073
-3675
-2992
-2386
-2047
-1868
-1483
-710
279
1246
1929
2272
2566
3139
4104
5087
5532
5305
4639
3880
3193
2606
2162
1688
961
181
-201
4
436
522
110
-639
-1449
-1973
-2052
-1729
-1237
-778
-213
662
1833
3034
3821
3916
3314
2340
1542
1206
1218
1243
1087
854
669
570
463
106
-691
-1921
-3243
-4148
-4332
-3797
-2932
-2181
-1723
-1436
-1050
-581
-251
-173
-372
-656
-738
-453
222
882
1071
660
-135
-649
-406
531
1723
2521
2614
2197
1490
691
-175
-1193
-2253
-3300
-4024
-4007
-3299
-2454
-2223
-2897
-3969
-4711
-4674
-3831
-2645
-1709
-1415
-1631
-1761
-1329
-277
1057
2251
3029
3533
4181
5161
6116
6403
5738
4419
3011
1923
1437
1451
1606
1488
910
316
96
118
9
-540
-1394
-2056
-2222
-1646
-526
528
1206
1332
1178
1184
1389
1685
1774
1455
984
722
963
1678
2283
2370
1867
961
88
-521
-849
-1133
-1647
-2385
-3038
-3269
-3036
-2591
-2327
-2450
-2801
-3026
-2789
-1999
-1018
-254
234
502
783
1155
1430
1482
1085
400
118
694
2018
3432
4080
3661
2361
533
-1136
-2245
-2821
-3088
-3324
-3372
-3008
-2454
-2163
-2494
-3490
-4644
-5257
-4790
-3235
-1400
-213
-93
-809
-1642
-1904
-1352
-180
1101
2083
2926
3973
5306
6498
6891
6275
4911
3294
2090
1696
1960
2321
2169
1428
453
-424
-1063
-1584
-2128
-2636
-2880
-2554
-1549
-175
1061
1718
1692
1253
830
771
1076
1459
1623
1576
1516
1600
1791
1853
1604
985
146
-588
-903
-789
-542
-567
-1052
-1765
-2399
-2736
-2779
-2693
-2576
-2434
-2227
-1864
-1325
-781
-375
-273
-409
-503
-402
-70
293
604
1085
1863
2789
3607
3947
3567
2506
907
-748
-1978
-2540
-2511
-2291
-2152
-2194
-2515
-3166
-4097
-5125
-5728
-5437
-4225
-2419
-594
680
970
253
-969
-1917
-2017
-1194
172
1634
3033
4226
5013
5258
5005
4384
3538
2715
2213
2275
2850
3546
3827
3416
2367
966
-453
-1609
-2278
-2419
-2113
-1544
-908
-350
43
170
-18
-431
-804
-803
-348
448
1338
2056
2399
2304
1860
1301
899
736
709
635
443
155
-203
-634
-1147
-1702
-2206
-2548
-2678
-2509
-2014
-1348
-835
-709
-881
-1094
-1116
-945
-673
-376
-147
-68
-104
8
531
1431
2242
2602
2429
1824
1042
233
-440
-823
-975
-1049
-1146
-1380
-1732
-2307
-3305
-4533
-5603
-5945
-5187
-3620
-1861
-502
-1
-368
-1274
-2136
-2268
-1539
-242
1212
2446
3392
4051
4291
4089
3558
2939
2588
2599
2928
3482
4002
4255
3970
3063
1886
833
76
-328
-396
-124
355
644
519
14
-649
-1201
-1524
-1557
-1230
-630
53
626
941
963
739
354
-43
-275
-190
278
951
1446
1475
1021
259
-548
-1249
-1717
-1836
-1714
-1547
-1477
-1485
-1396
-1231
-1176
-1259
-1377
-1314
-939
-404
137
507
509
142
-376
-598
-176
689
1476
1728
1307
489
-384
-1051
-1338
-1267
-1016
-804
-808
-973
-1236
-1692
-2431
-3360
-4064
-4049
-3222
-1952
-807
-271
-492
-1279
-2177
-2598
-2221
-1183
80
1134
1861
2365
2701
2873
2867
2741
2662
2778
3147
3718
4288
4631
4583
4096
3292
2389
1596
1037
695
526
534
621
600
295
-298
-918
-1282
-1289
-992
-566
-183
42
46
-94
-234
-310
-323
-302
-238
-34
316
678
868
735
264
-368
-916
-1168
-1080
-846
-675
-651
-804
-1067
-1340
-1511
-1464
-1267
-1079
-911
-709
-462
-292
-371
-635
-887
-1040
-1068
-987
-827
-637
-594
-785
-1086
-1359
-1504
-1525
-1448
-1230
-891
-515
-206
-98
-229
-528
-836
-984
-928
-714
-390
-2
386
701
888
915
748
376
-104
-483
-576
-341
121
646
1079
1353
1493
1589
1702
1833
1994
2225
2538
2868
3090
3132
3007
2724
2290
1786
1309
902
538
169
-160
-375
-477
-519
-555
-582
-583
-542
-412
-150
188
457
497
320
111
22
57
107
90
-7
-173
-394
-629
-804
-870
-893
-963
-1045
-1038
-906
-739
-697
-838
-1071
-1285
-1410
-1426
-1333
-1145
-915
-690
-489
-324
-231
-298
-578
-1005
-1457
-1821
-2011
-2006
-1827
-1519
-1167
-822
-534
-337
-262
-319
-417
-461
-404
-259
-79
108
292
456
604
752
900
1018
1076
1107
1175
1288
1387
1400
1312
1168
1024
928
898
913
939
962
1007
1107
1268
1456
1591
1602
1464
1262
1116
1070
1064
994
801
489
99
-290
-566
-683
-711
-745
-809
-821
-723
-551
-381
-241
-137
-68
-25
53
207
388
495
483
406
333
256
131
-51
-244
-400
-513
-564
-518
-396
-302
-349
-538
-772
-977
-1138
-1245
-1240
-1061
-752
-413
-116
93
141
-18
-325
-645
-910
-1145
-1368
-1536
-1595
-1566
-1486
-1354
-1167
-963
-800
-668
-511
-313
-121
-7
15
-10
-23
20
131
286
443
568
672
788
918
1023
1053
1005
913
829
804
859
973
1101
1177
1175
1124
1087
1093
1109
1081
989
874
783
733
696
635
524
363
189
50
-4
23
66
47
-62
-202
-293
-307
-270
-212
-121
16
178
333
463
569
625
590
446
253
77
-50
-163
-295
-407
-417
-295
-148
-106
-191
-337
-483
-666
-938
-1265
-1530
-1636
-1579
-1393
-1123
-806
-504
-293
-213
-219
-205
-129
-60
-119
-341
-596
-714
-667
-586
-596
-681
-746
-748
-716
-666
-597
-548
-595
-712
-757
-602
-259
122
403
528
529
500
540
668
800
835
761
657
618
688
820
938
984
938
823
694
617
652
801
975
1077
1091
1061
1018
938
792
613
470
395
360
336
321
285
184
2
-222
-410
-505
-509
-443
-303
-94
152
375
522
593
585
460
256
97
54
40
-49
-180
-273
-339
-419
-461
-397
-278
-255
-407
-666
-907
-1070
-1165
-1211
-1203
-1136
-1031
-924
-828
-752
-680
-561
-411
-291
-219
-140
-51
-44
-159
-255
-190
-37
20
-69
-198
-264
-265
-270
-339
-473
-605
-668
-644
-533
-326
-38
228
361
357
330
392
512
576
547
531
630
791
882
838
688
484
263
108
94
196
305
350
352
368
443
595
783
919
941
870
800
802
876
965
992
887
648
373
168
56
-22
-104
-173
-192
-122
49
259
406
423
305
103
-56
-72
-7
23
20
2
-114
-345
-520
-530
-500
-600
-825
-1079
-1304
-1449
-1483
-1439
-1348
-1204
-1030
-902
-845
-778
-641
-478
-357
-306
-316
-388
-492
-552
-502
-341
-107
134
312
368
291
156
67
55
32
-85
-235
-254
-98
109
250
342
440
518
509
421
355
412
571
689
691
704
842
967
854
528
222
67
17
3
22
112
261
348
267
97
26
101
207
298
474
749
1003
1135
1118
968
755
541
341
220
246
334
293
83
-137
-259
-347
-432
-441
-351
-257
-226
-263
-341
-385
-346
-269
-242
-305
-338
-203
-6
15
-207
-518
-764
-969
-1210
-1387
-1322
-1063
-822
-724
-750
-768
-685
-545
-438
-396
-382
-316
-237
-267
-343
-300
-110
98
193
186
206
267
292
272
239
230
276
318
326
372
474
544
496
348
224
210
279
374
453
531
659
778
771
641
498
385
231
24
-119
-113
-11
96
152
155
139
119
87
57
72
171
333
494
595
633
667
717
706
575
372
197
77
-9
-66
-70
-37
-33
-113
-280
-458
-543
-537
-514
-487
-408
-309
-312
-445
-575
-566
-424
-252
-109
20
141
161
2
-269
-494
-613
-686
-763
-793
-735
-627
-566
-600
-672
-701
-691
-714
-762
-728
-563
-334
-142
-13
58
69
34
21
116
336
602
816
941
966
881
710
517
384
343
367
411
457
520
579
594
557
498
448
410
381
356
334
311
258
154
28
-77
-145
-186
-187
-147
-100
-61
-15
40
90
148
236
361
498
639
762
814
760
614
405
160
-56
-187
-274
-380
-495
-585
-653
-708
-733
-725
-710
-722
-751
-771
-762
-721
-656
-587
-503
-377
-208
-28
131
257
315
266
120
-41
-133
-161
-164
-166
-157
-123
-98
-137
-247
-372
-454
-490
-520
-540
-491
-358
-206
-123
-128
-151
-133
-72
13
143
349
606
832
954
971
929
875
816
738
640
548
488
468
470
461
427
385
368
377
373
342
306
270
191
34
-155
-304
-389
-435
-449
-419
-346
-266
-225
-229
-252
-264
-239
-139
65
335
577
715
746
689
549
337
113
-52
-147
-217
-288
-353
-405
-479
-602
-735
-817
-848
-878
-920
-928
-871
-769
-659
-542
-411
-271
-149
-43
86
256
434
551
562
487
388
320
297
284
244
155
25
-107
-201
-226
-203
-178
-190
-252
-305
-299
-235
-163
-135
-158
-189
-170
-62
116
315
486
615
703
744
743
705
622
494
348
229
179
204
259
304
328
350
364
329
222
66
-81
-173
-196
-168
-127
-111
-153
-247
-357
-437
-470
-476
-486
-476
-402
-257
-74
94
222
312
374
424
475
534
567
545
460
333
211
116
39
-56
-170
-275
-344
-368
-374
-373
-374
-395
-444
-523
-583
-590
-559
-520
-480
-411
-283
-122
28
141
214
242
219
159
103
85
90
91
76
57
48
32
-2
-44
-79
-100
-109
-108
-107
-112
-134
-188
-252
-294
-285
-211
-80
78
225
333
402
443
450
401
316
240
201
193
199
221
262
295
283
214
127
60
28
16
18
49
99
132
119
65
0
-68
-134
-189
-225
-252
-272
-273
-243
-185
-119
-55
24
128
248
357
433
474
482
437
341
245
199
206
229
227
183
103
-6
-139
-261
-334
-340
-302
-275
-271
-281
-300
-320
-344
-357
-341
-304
-255
-205
-155
-106
-67
-47
-52
-82
-131
-188
-240
-273
-279
-264
-242
-224
-205
-190
-175
-156
-128
-96
-73
-76
-93
-100
-84
-47
-5
43
100
155
189
194
192
200
220
233
235
243
264
291
298
285
274
277
288
284
274
279
299
319
323
316
311
307
288
249
200
157
122
87
45
5
-35
-74
-110
-137
-140
-108
-49
21
81
123
137
122
94
73
75
85
90
84
58
6
-67
-145
-209
-245
-263
-276
-287
-305
-331
-370
-415
-457
-485
-495
-490
-471
-436
-386
-321
-249
-180
-121
-84
-78
-100
-138
-169
-183
-178
-161
-136
-106
-78
-56
-41
-29
-26
-28
-38
-39
-21
22
80
131
174
212
243
268
276
275
275
280
294
310
322
326
307
266
216
184
181
197
213
221
217
210
212
222
253
300
357
414
456
475
468
433
373
296
216
148
92
43
-13
-76
-141
-198
-237
-260
-256
-228
-192
-156
-125
-96
-65
-53
-63
-94
-130
-159
-181
-194
-190
-170
-137
-103
-89
-106
-160
-243
-336
-414
-449
-445
-419
-399
-397
-410
-428
-438
-427
-400
-367
-328
-290
-252
-222
-216
-238
-284
-335
-357
-336
-265
-168
-79
-19
4
11
24
53
92
135
180
238
313
412
511
581
605
580
533
492
472
479
498
513
518
508
486
442
369
268
151
54
18
53
140
238
305
328
309
277
259
265
296
336
379
408
410
369
276
134
-35
-188
-301
-352
-353
-331
-313
-307
-302
-288
-259
-235
-232
-257
-296
-330
-329
-297
-251
-209
-182
-166
-160
-164
-184
-229
-292
-358
-407
-421
-406
-381
-366
-370
-389
-396
-385
-360
-329
-305
-283
-246
-190
-123
-79
-72
-106
-164
-207
-216
-188
-137
-84
-40
4
51
99
143
174
191
211
250
320
413
502
574
611
607
580
538
497
470
447
426
405
373
342
309
269
230
187
138
93
54
26
16
19
30
44
61
82
106
136
168
191
199
184
156
120
82
48
9
-34
-86
-139
-189
-231
-258
-272
-275
-273
-269
-267
-271
-276
-290
-307
-325
-338
-331
-306
-259
-202
-146
-106
-91
-96
-116
-141
-170
-200
-228
-251
-261
-249
-220
-178
-139
-111
-95
-83
-68
-49
-30
-15
-8
-1
11
28
46
57
56
40
13
-16
-46
-68
-83
-84
-65
-28
32
108
190
269
329
368
384
386
381
375
374
374
369
360
337
301
255
203
152
104
69
46
43
53
65
70
62
44
24
13
22
50
97
149
193
220
224
202
160
106
49
-7
-51
-80
-93
-96
-98
-107
-131
-170
-216
-260
-291
-308
-313
-315
-313
-304
-284
-255
-220
-191
-170
-154
-142
-132
-123
-121
-130
-148
-172
-188
-195
-191
-178
-162
-149
-137
-124
-109
-92
-74
-59
-45
-26
0
28
60
82
91
89
76
58
40
16
-5
-24
-35
-34
-17
16
58
103
147
186
219
251
281
313
341
360
366
355
332
298
260
222
184
152
121
92
70
48
32
21
11
1
-12
-22
-17
1
33
68
92
98
91
74
60
55
56
58
57
44
25
2
-28
-65
-119
-177
-229
-259
-257
-228
-185
-154
-146
-159
-179
-191
-187
-168
-141
-116
-91
-65
-40
-25
-24
-43
-79
-115
-139
-137
-113
-82
-57
-46
-44
-50
-53
-52
-53
-56
-56
-46
-22
11
45
63
63
48
24
0
-20
-41
-59
-81
-98
-105
-96
-76
-50
-22
1
25
49
81
116
152
184
211
233
246
252
250
239
216
185
143
103
69
47
34
31
34
39
43
45
43
42
44
55
74
97
120
141
159
173
185
185
176
154
118
78
33
-9
-45
-79
-109
-135
-153
-167
-174
-179
-188
-200
-211
-218
-216
-198
-167
-135
-110
-93
-85
-83
-86
-91
-94
-93
-87
-73
-53
-32
-21
-21
-36
-59
-84
-98
-101
-89
-65
-45
-28
-17
-15
-19
-27
-41
-56
-66
-67
-63
-55
-47
-44
-45
-48
-51
-46
-33
-9
22
54
86
115
141
161
177
195
210
221
224
217
206
190
168
142
116
92
79
73
73
77
78
75
68
53
40
28
25
33
43
55
64
69
75
74
69
55
37
20
0
-16
-27
-36
-48
-60
-75
-90
-106
-120
-135
-146
-152
-153
-149
-145
-135
-124
-112
-101
-100
-102
-105
-108
-103
-96
-86
-72
-59
-44
-32
-22
-16
-13
-15
-17
-18
-14
-7
1
10
16
22
25
26
26
21
17
14
11
11
12
15
19
23
26
29
29
31
35
38
44
52
63
77
92
109
119
126
126
120
112
97
82
67
55
45
39
36
34
29
21
11
-1
-8
-13
-12
-4
4
16
22
22
17
9
-3
-14
-23
-26
-26
-19
-17
-19
-23
-34
-46
-58
-71
-80
-85
-83
-77
-73
-70
-70
-71
-70
-71
-70
-68
-64
-57
-53
-51
-48
-45
-41
-34
-30
-24
-16
-8
0
6
13
17
20
22
27
36
42
44
43
42
43
39
36
33
31
29
30
31
33
33
31
33
32
34
36
38
41
43
46
43
39
37
35
34
36
37
36
35
33
28
19
12
3
-6
-11
-17
-21
-24
-28
-28
-30
-29
-27
-27
-29
-31
-30
-26
-21
-18
-18
-15
-12
-11
-9
-9
-10
-12
-13
-15
-17
-16
-16
-18
-20
-24
-28
-30
-30
-28
-23
-21
-19
-13
-9
-4
-2
-3
-4
-5
-6
-7
-2
2
7
8
9
9
9
10
10
13
13
13
14
15
18
21
21
19
16
15
15
13
13
10
10
11
13
15
16
15
16
14
14
12
9
9
9
8
6
4
2
5
5
3
3
-1
-1
-2
-4
-7
-10
-10
-11
-10
-8
-7
-6
-6
-8
-7
-7
-8
-8
-9
-7
-7
-9
-9
-9
-8
-8
-7
-7
-6
-6
-3
-2
-4
-3
-6
-7
-7
-8
-8
-10
-11
-11
-11
-10
-8
-5
-3
-2
-1
-2
2
5
8
9
9
9
9
11
11
10
11
10
11
11
11
11
8
9
6
7
9
6
3
-1
-3
-4
-4
-4
-6
-4
-4
-4
-1
-1
0
1
1
0
1
3
2
1
1
2
2
4
6
7
6
9
10
7
5
3
3
2
2
4
4
2
1
1
-1
-2
-3
-4
-6
-7
-7
-6
-4
-4
-3
-3
-2
-3
-4
-5
-3
-2
-1
0
1
2
-1
-3
-5
-7
-8
-9
-11
-15
-16
-16
-16
-16
-18
-17
-17
-17
-16
-14
-10
-7
-7
-4
-3
-1
4
6
9
11
12
12
10
13
13
13
12
10
9
7
9
11
9
10
8
9
9
9
10
