14
9
6
9
11
13
14
16
21
21
18
21
19
10
7
8
4
2
4
2
-3
-7
-10
-8
-12
-12
-14
-13
-13
-13
-9
-9
-6
-3
-1
3
4
9
8
13
26
17
13
21
24
21
18
24
30
33
30
23
33
30
14
19
23
15
1
9
14
2
-3
-4
-1
-1
-16
-5
-3
-22
-17
-12
-15
-29
-27
-18
-27
-35
-31
-18
-29
-43
-16
-19
-35
-22
-27
-30
-27
-31
-33
-21
-27
-30
-3
-12
-34
-11
-7
-24
-17
-8
-1
2
3
12
19
5
-3
12
25
14
10
25
28
11
15
33
31
23
25
29
28
23
29
45
42
29
33
32
20
19
28
27
18
18
19
17
10
5
2
-7
-17
-18
-22
-26
-26
-29
-30
-30
-31
-24
-22
-23
-20
-19
-17
-17
-10
2
-2
-3
-2
4
0
-3
10
11
8
5
10
25
20
5
15
12
3
1
4
0
2
10
-4
13
12
-4
1
-8
2
-6
-5
9
-7
1
1
-25
-8
-10
-25
-5
-15
-12
-22
-7
-1
-37
0
-9
-37
-14
-14
-15
-3
-16
-7
-1
-11
-8
-7
7
-10
-8
10
-9
-6
8
7
7
7
19
17
11
12
14
23
22
13
23
25
14
12
17
19
6
7
13
13
14
11
15
13
5
7
10
9
8
8
7
1
-5
-5
-11
-16
-17
-19
-21
-23
-24
-26
-27
-31
-30
-26
-30
-25
-14
-10
-14
-15
-2
0
-8
-3
11
21
8
14
32
21
17
27
31
26
31
32
36
42
22
40
42
6
29
40
18
23
6
17
10
1
-5
-34
36
-43
-67
54
-83
-65
0
-85
-31
-80
-52
-39
-95
-13
-131
-23
-10
-208
17
-40
-138
-36
-57
-49
-154
-12
-18
-202
29
-56
-129
13
-89
-34
-32
-63
-34
-17
33
-96
11
97
-72
39
73
24
73
33
95
110
59
113
127
132
135
144
182
170
173
193
210
238
203
200
242
217
183
170
174
140
54
63
65
-33
-57
-35
-96
-167
-139
-137
-213
-190
-155
-186
-198
-183
-134
-123
-165
-127
-51
-79
-130
-37
27
-54
-38
54
55
0
41
110
35
73
110
57
98
100
95
35
73
117
-14
51
66
-25
59
19
-2
20
13
10
-56
36
-18
-47
49
-34
-5
17
-29
-12
-16
12
-34
-47
30
-43
-56
-2
-30
-36
-37
-12
-18
-45
-19
-45
-15
-11
-54
1
1
-28
-28
0
-5
-29
-5
-3
-20
10
2
-22
10
4
-16
1
29
7
-7
35
22
23
39
22
45
48
26
43
50
30
46
70
47
33
60
57
40
58
54
39
42
39
33
17
6
-2
-22
-38
-56
-63
-61
-90
-96
-84
-106
-96
-88
-85
-89
-102
-61
-54
-73
-65
-28
-10
-35
5
30
32
49
37
88
114
65
86
127
120
78
113
156
88
92
118
106
78
63
90
67
32
22
61
36
-23
3
26
-7
-68
-6
9
-82
-36
-52
-66
-39
-101
-93
-57
-95
-112
-103
-97
-109
-138
-138
-131
-99
-161
-177
-69
-157
-175
-102
-159
-106
-91
-174
-103
-15
-109
-141
15
-8
-117
-8
33
-8
28
31
59
83
66
70
119
164
108
134
208
168
142
188
205
164
195
214
188
221
184
180
221
168
151
170
167
119
88
110
45
-9
-13
-50
-77
-121
-139
-138
-182
-208
-190
-182
-208
-227
-199
-149
-192
-213
-108
-130
-172
-112
-54
-31
-61
20
33
62
107
-9
157
186
-3
136
196
107
45
133
175
19
66
112
66
57
-3
29
90
-54
-62
64
-24
-52
-48
12
19
-79
32
-48
-55
33
-149
-73
-17
-141
-221
-106
-122
-391
-85
-145
-414
-57
-180
-276
-131
-186
-146
-156
-141
-180
-11
-46
-298
82
-9
-271
78
24
-96
68
113
92
97
196
215
212
273
257
313
345
261
300
355
282
242
306
329
261
276
328
284
277
259
226
236
158
95
116
48
-60
-67
-106
-222
-263
-280
-326
-337
-369
-383
-333
-375
-400
-319
-320
-335
-307
-254
-184
-201
-202
-83
-1
-69
-24
167
142
106
217
284
261
196
301
337
202
241
283
212
180
198
152
140
187
61
85
172
67
-11
47
137
-45
-57
19
-53
-3
-208
-83
45
-247
-100
-122
-111
-89
-286
-5
-138
-295
-118
-211
-153
-262
-254
-154
-268
-167
-296
-181
-22
-341
-142
30
-170
-141
-51
-27
-94
-85
-27
-15
35
-52
-17
183
110
45
233
320
209
210
369
342
223
286
302
270
277
252
294
291
210
207
265
255
171
201
187
67
54
12
-92
-164
-245
-305
-368
-398
-388
-434
-463
-468
-478
-448
-410
-301
-240
-268
-161
-87
-42
45
124
204
192
312
375
407
591
527
523
579
501
630
674
545
511
511
391
299
376
291
172
125
-59
-11
81
-166
-167
-116
-373
-324
-242
-374
-307
-376
-609
-456
-317
-542
-454
-370
-651
-581
-477
-568
-467
-479
-642
-565
-494
-538
-376
-392
-445
-301
-365
-273
-86
-189
-264
-186
-86
-25
64
91
146
169
11
230
473
339
452
589
668
815
760
790
814
531
376
576
706
679
706
672
611
470
313
443
452
188
183
288
172
112
71
-188
-465
-721
-859
-761
-739
-770
-782
-938
-1082
-1071
-999
-927
-817
-710
-627
-472
-288
-94
87
129
222
422
557
772
986
1034
1032
1046
1112
1142
1235
1280
1078
1064
1065
844
897
924
658
504
394
222
177
147
-146
-305
-263
-486
-594
-496
-590
-749
-905
-911
-873
-932
-787
-920
-1040
-749
-911
-1010
-829
-919
-1043
-895
-729
-967
-686
-520
-975
-581
-426
-709
-530
-494
-620
-551
-137
-187
-216
118
-180
-104
227
194
440
667
753
819
1111
1404
1353
1392
1209
936
1016
1073
1202
1446
1438
1180
955
812
684
650
586
389
259
160
-15
-99
-277
-686
-1040
-1318
-1423
-1345
-1277
-1284
-1479
-1678
-1745
-1683
-1444
-1215
-1093
-1027
-909
-738
-504
-134
134
311
577
848
1166
1486
1669
1700
1693
1740
1843
2051
2117
1971
1858
1670
1505
1495
1457
1316
1011
642
404
320
231
75
-58
-277
-588
-840
-893
-855
-952
-1048
-1119
-1223
-1192
-1188
-1425
-1458
-1265
-1381
-1255
-969
-1239
-1335
-1250
-1407
-1231
-811
-762
-896
-918
-1161
-1134
-599
-598
-745
-584
-727
-818
-551
-229
46
159
-106
-406
-164
180
438
1005
1483
1570
1475
1300
1118
1083
1240
1453
1744
1934
1788
1553
1365
1158
1080
1067
893
643
478
450
457
348
46
-454
-1060
-1514
-1600
-1406
-1180
-1121
-1316
-1623
-1829
-1864
-1687
-1371
-1097
-912
-797
-732
-584
-322
-11
374
747
1044
1303
1441
1510
1659
1839
2078
2343
2408
2302
2152
1931
1819
1853
1799
1684
1490
1089
728
564
370
155
10
-260
-643
-971
-1186
-1300
-1418
-1586
-1692
-1759
-1910
-2040
-2032
-2008
-2094
-2098
-1817
-1562
-1598
-1637
-1516
-1431
-1272
-874
-556
-525
-670
-747
-453
-106
-121
-200
-187
-268
-255
89
392
191
-258
-409
-22
473
594
529
419
257
510
1514
2560
2598
1617
619
384
836
1676
2539
2656
1700
600
433
1121
1723
1690
1161
377
-255
-136
628
979
250
-1049
-2059
-2351
-1971
-1271
-907
-1387
-2326
-2832
-2562
-1931
-1423
-1212
-1370
-1701
-1727
-1202
-469
-19
171
391
704
1020
1338
1641
1804
1854
2053
2469
2803
2776
2467
2136
1991
2111
2368
2492
2229
1607
986
687
729
871
820
442
-173
-790
-1170
-1244
-1170
-1173
-1358
-1677
-2028
-2332
-2517
-2544
-2426
-2242
-2078
-2000
-2063
-2232
-2334
-2160
-1686
-1096
-636
-500
-729
-1076
-1138
-785
-261
154
349
290
48
-86
152
573
770
742
740
717
515
399
721
1307
1791
2164
2431
2186
1301
544
706
1484
2071
2210
1967
1264
361
114
821
1532
1285
346
-433
-723
-573
-29
457
28
-1424
-2810
-3132
-2534
-1771
-1355
-1525
-2287
-3125
-3279
-2613
-1741
-1226
-1142
-1298
-1452
-1293
-715
-3
549
966
1319
1516
1590
1766
2111
2502
2933
3411
3648
3341
2766
2517
2731
3101
3365
3350
2803
1815
1061
1038
1415
1548
1202
484
-427
-1180
-1355
-1025
-787
-1053
-1672
-2322
-2841
-3104
-3031
-2778
-2635
-2665
-2726
-2790
-2911
-2969
-2757
-2275
-1746
-1383
-1253
-1335
-1476
-1399
-956
-320
162
279
100
-79
-28
269
670
997
1096
891
553
474
815
1354
1808
2125
2196
1802
1147
834
1168
1726
1972
1836
1500
1007
595
708
1297
1603
1062
88
-546
-581
-239
181
278
-420
-1780
-2886
-2969
-2229
-1521
-1431
-1968
-2763
-3279
-3105
-2304
-1434
-1060
-1247
-1576
-1582
-1084
-241
588
1135
1365
1429
1514
1775
2259
2834
3294
3542
3629
3591
3446
3310
3337
3544
3743
3715
3390
2778
1990
1356
1178
1383
1526
1197
362
-696
-1558
-1866
-1568
-1086
-1056
-1726
-2754
-3581
-3825
-3500
-2970
-2737
-3071
-3750
-4242
-4168
-3576
-2830
-2322
-2222
-2393
-2491
-2246
-1675
-1001
-475
-234
-247
-301
-156
245
720
1051
1174
1166
1141
1152
1258
1519
1858
2123
2315
2548
2713
2453
1788
1323
1510
2031
2281
2123
1720
1134
584
606
1270
1711
1118
-112
-897
-812
-270
226
276
-542
-2137
-3462
-3463
-2354
-1384
-1413
-2267
-3306
-3905
-3588
-2430
-1236
-891
-1430
-2096
-2150
-1438
-257
878
1464
1387
1026
915
1305
2072
2910
3490
3633
3448
3207
3142
3333
3684
4002
4085
3853
3380
2830
2365
2101
2021
1946
1668
1106
335
-454
-1003
-1149
-1011
-943
-1241
-1907
-2701
-3285
-3411
-3095
-2747
-2864
-3483
-4157
-4435
-4205
-3627
-3061
-2898
-3204
-3540
-3352
-2569
-1618
-967
-781
-923
-1065
-848
-201
584
1099
1148
886
689
908
1500
2059
2277
2207
2079
2087
2448
3174
3695
3305
2206
1493
1801
2542
2867
2591
1900
1001
401
761
1784
2128
1061
-530
-1323
-1043
-304
266
105
-1211
-3176
-4324
-3793
-2404
-1670
-2212
-3479
-4604
-4901
-4092
-2655
-1645
-1719
-2494
-3014
-2688
-1632
-372
562
933
892
816
1039
1656
2515
3301
3742
3824
3727
3621
3644
3931
4439
4823
4748
4271
3725
3339
3152
3150
3168
2898
2231
1443
877
558
305
28
-306
-743
-1249
-1719
-2094
-2433
-2752
-2991
-3179
-3424
-3721
-3971
-4148
-4261
-4242
-4057
-3871
-3859
-3918
-3773
-3343
-2822
-2391
-2094
-1896
-1728
-1460
-1000
-457
-34
190
294
396
631
1074
1589
1924
2000
2011
2126
2348
2725
3325
3787
3508
2599
1975
2242
2944
3267
2982
2338
1532
900
974
1705
2107
1358
-31
-901
-848
-415
-159
-341
-1193
-2602
-3695
-3597
-2622
-1992
-2370
-3313
-4068
-4265
-3788
-2780
-1858
-1682
-2166
-2511
-2183
-1358
-438
382
954
1118
1018
1084
1573
2326
3080
3696
4016
3909
3547
3393
3745
4388
4819
4730
4186
3487
2969
2846
3056
3211
2906
2101
1161
481
182
141
141
-65
-645
-1501
-2282
-2718
-2854
-2891
-2969
-3218
-3754
-4417
-4815
-4766
-4496
-4267
-4075
-3927
-4036
-4339
-4287
-3556
-2570
-1981
-1855
-1852
-1784
-1579
-1092
-284
439
610
345
265
761
1569
2231
2556
2562
2340
2141
2443
3485
4590
4637
3479
2314
2242
3023
3662
3636
3076
2174
1297
1132
1881
2581
2111
702
-430
-656
-369
-58
42
-513
-1983
-3574
-3993
-3140
-2257
-2342
-3189
-4077
-4593
-4475
-3623
-2538
-2087
-2487
-2996
-2900
-2213
-1335
-492
157
384
256
270
827
1756
2611
3178
3458
3422
3138
3021
3478
4339
4950
4871
4262
3572
3132
3092
3406
3717
3506
2635
1583
938
809
890
852
498
-232
-1152
-1843
-2067
-2052
-2178
-2560
-3069
-3574
-3959
-4076
-3966
-3887
-4005
-4163
-4141
-3986
-3841
-3674
-3390
-3036
-2727
-2444
-2099
-1738
-1436
-1142
-770
-355
10
302
567
808
1059
1383
1723
1981
2197
2459
2665
2734
2965
3605
4159
3845
2856
2310
2741
3433
3552
3097
2406
1605
1040
1269
2043
2165
1028
-434
-1051
-823
-437
-231
-437
-1536
-3324
-4439
-3894
-2556
-2104
-2969
-4240
-5059
-5131
-4356
-3042
-2168
-2452
-3335
-3614
-2890
-1715
-646
116
421
262
131
605
1622
2638
3319
3671
3710
3461
3274
3614
4477
5297
5502
5015
4200
3553
3452
3892
4404
4375
3573
2350
1359
1039
1276
1546
1316
409
-846
-1818
-2074
-1780
-1566
-1933
-2849
-3850
-4430
-4371
-3899
-3586
-3859
-4556
-5058
-4944
-4362
-3760
-3443
-3449
-3604
-3576
-3102
-2281
-1537
-1200
-1198
-1180
-872
-298
317
759
988
1094
1199
1458
1933
2448
2702
2646
2730
3305
3947
3871
3109
2592
2858
3400
3535
3215
2664
1925
1329
1514
2314
2549
1501
15
-700
-544
-180
33
-140
-1190
-2976
-4156
-3687
-2383
-1933
-2804
-4061
-4816
-4821
-4033
-2764
-1983
-2381
-3349
-3627
-2835
-1626
-594
97
305
33
-128
491
1728
2801
3296
3396
3299
3118
3194
3823
4685
5118
4933
4465
4018
3697
3664
3980
4271
4010
3161
2205
1572
1335
1353
1366
999
79
-1031
-1746
-1885
-1800
-1898
-2329
-3055
-3871
-4401
-4357
-3949
-3753
-4066
-4614
-4926
-4796
-4322
-3742
-3327
-3248
-3384
-3374
-2946
-2200
-1518
-1144
-1038
-983
-753
-280
292
758
1010
1138
1324
1710
2254
2659
2682
2530
2734
3448
3984
3647
2767
2323
2696
3281
3416
3045
2357
1553
1110
1519
2383
2520
1447
30
-689
-600
-189
157
-15
-1212
-3031
-4027
-3385
-2102
-1761
-2657
-3857
-4540
-4471
-3672
-2543
-1958
-2368
-3126
-3213
-2430
-1364
-495
79
291
214
273
839
1736
2502
2967
3248
3350
3245
3193
3506
4108
4596
4699
4414
3885
3379
3228
3510
3828
3638
2829
1815
1082
816
872
900
557
-246
-1215
-1886
-2075
-2020
-2089
-2492
-3151
-3793
-4131
-4052
-3774
-3702
-4003
-4411
-4527
-4221
-3685
-3215
-2981
-2962
-2939
-2665
-2084
-1417
-991
-870
-813
-588
-161
358
851
1206
1359
1463
1757
2180
2424
2481
2778
3442
3832
3359
2481
2184
2693
3294
3368
2896
2080
1215
901
1554
2490
2438
1129
-368
-1007
-752
-131
347
61
-1420
-3391
-4289
-3471
-2100
-1746
-2699
-4076
-4988
-4985
-4004
-2629
-1907
-2332
-3209
-3458
-2741
-1494
-260
571
747
445
350
957
2013
2915
3419
3664
3723
3580
3457
3725
4367
4935
5038
4671
4121
3693
3553
3670
3803
3607
2952
2040
1266
921
927
888
439
-415
-1322
-1921
-2122
-2134
-2275
-2740
-3416
-3958
-4101
-3936
-3784
-3843
-4059
-4264
-4283
-4011
-3514
-3055
-2868
-2889
-2841
-2529
-1964
-1331
-863
-712
-781
-749
-372
270
829
1074
1127
1228
1481
1798
2128
2602
3195
3502
3136
2394
2050
2441
3106
3344
2930
2087
1180
767
1228
2150
2466
1557
29
-1033
-1109
-454
314
377
-860
-2905
-4276
-3946
-2555
-1667
-2106
-3422
-4656
-5034
-4262
-2829
-1792
-1857
-2650
-3171
-2818
-1728
-390
690
1112
924
696
1010
1917
3005
3827
4140
3968
3624
3595
4072
4736
5126
5068
4663
4117
3690
3621
3871
4036
3692
2829
1825
1089
826
892
874
401
-544
-1551
-2150
-2217
-2047
-2108
-2631
-3449
-4138
-4343
-4069
-3656
-3512
-3810
-4318
-4558
-4242
-3557
-2942
-2702
-2775
-2867
-2698
-2175
-1463
-912
-753
-870
-930
-662
-123
432
813
994
1094
1189
1265
1432
1923
2750
3379
3163
2252
1550
1762
2635
3342
3324
2533
1377
602
870
1973
2756
2258
727
-740
-1261
-709
371
954
110
-1991
-3895
-4154
-2836
-1393
-1152
-2273
-3901
-4886
-4467
-2857
-1245
-827
-1699
-2817
-3006
-1925
-177
1262
1719
1271
668
713
1642
2995
4055
4364
3983
3407
3183
3551
4275
4833
4823
4239
3462
2930
2789
2863
2890
2717
2259
1505
627
-49
-291
-240
-264
-624
-1302
-2065
-2633
-2839
-2752
-2646
-2768
-3150
-3640
-4027
-4096
-3763
-3256
-3004
-3183
-3507
-3556
-3183
-2557
-1932
-1539
-1501
-1658
-1630
-1173
-468
76
259
170
60
161
573
1180
1673
1785
1546
1361
1721
2660
3468
3337
2352
1530
1679
2508
3157
3097
2347
1230
431
682
1800
2517
1825
167
-1186
-1487
-861
151
641
-350
-2636
-4535
-4469
-2804
-1351
-1345
-2620
-4230
-5143
-4605
-2792
-1078
-834
-1940
-3020
-2967
-1761
-42
1418
1951
1465
742
794
1850
3271
4304
4591
4150
3375
2967
3416
4405
5042
4788
3890
2997
2603
2741
3057
3085
2585
1736
906
347
86
-41
-255
-708
-1301
-1789
-2066
-2245
-2474
-2762
-3009
-3127
-3106
-3043
-3086
-3271
-3471
-3479
-3212
-2805
-2461
-2335
-2405
-2423
-2130
-1510
-883
-613
-702
-817
-668
-255
225
573
703
634
574
805
1292
1685
1748
1763
2147
2703
2785
2258
1738
1771
2171
2470
2536
2292
1576
675
457
1239
2040
1723
448
-718
-1180
-1034
-460
122
-229
-1956
-3933
-4520
-3549
-2352
-2002
-2529
-3604
-4792
-5219
-4193
-2361
-1268
-1556
-2427
-2860
-2518
-1406
259
1706
2041
1393
917
1417
2618
3846
4710
4980
4510
3705
3422
4039
4984
5437
5152
4386
3514
2885
2762
3057
3245
2863
1979
1020
316
-72
-249
-350
-580
-1065
-1718
-2289
-2594
-2687
-2742
-2854
-2993
-3115
-3230
-3348
-3433
-3440
-3354
-3163
-2873
-2597
-2492
-2534
-2476
-2110
-1540
-1070
-874
-889
-929
-806
-444
66
499
670
635
606
697
894
1174
1605
2162
2543
2399
1773
1186
1145
1643
2257
2541
2258
1447
563
323
977
1855
1975
1093
-168
-1044
-1160
-546
277
354
-911
-2856
-4027
-3702
-2515
-1569
-1472
-2275
-3585
-4498
-4138
-2637
-1204
-813
-1311
-1911
-2029
-1427
-144
1295
2069
1894
1391
1352
1959
2898
3807
4358
4312
3793
3372
3496
4025
4473
4515
4126
3499
2936
2662
2626
2520
2158
1641
1146
736
346
-109
-654
-1171
-1461
-1478
-1467
-1719
-2289
-2975
-3483
-3557
-3146
-2561
-2329
-2703
-3410
-3906
-3804
-3082
-2108
-1477
-1584
-2219
-2688
-2459
-1574
-546
44
-113
-788
-1303
-1096
-242
691
1184
1061
482
-67
-37
695
1661
2268
2298
1850
1154
634
730
1418
2126
2326
2031
1506
993
765
1075
1728
2035
1573
693
56
-72
151
454
457
-198
-1377
-2320
-2407
-1844
-1339
-1326
-1758
-2412
-2955
-2984
-2387
-1635
-1325
-1519
-1788
-1741
-1304
-564
270
858
980
838
883
1335
1998
2538
2769
2697
2491
2416
2617
2957
3130
2960
2542
2147
2012
2146
2295
2157
1670
1039
542
336
383
428
157
-451
-1026
-1214
-1065
-900
-923
-1188
-1678
-2177
-2276
-1850
-1355
-1275
-1547
-1821
-2013
-2224
-2225
-1778
-1284
-1326
-1761
-1920
-1628
-1330
-1208
-1028
-841
-974
-1277
-1134
-505
-49
-91
-261
-234
-199
-213
80
758
1392
1614
1525
1358
1172
1103
1347
1827
2198
2267
2110
1825
1530
1445
1622
1780
1657
1318
984
702
479
406
366
17
-720
-1435
-1744
-1731
-1678
-1716
-1871
-2212
-2646
-2870
-2737
-2420
-2139
-1920
-1732
-1598
-1472
-1230
-849
-442
-65
334
723
990
1119
1234
1438
1709
2011
2343
2615
2668
2464
2194
2110
2307
2637
2814
2652
2178
1605
1188
1062
1153
1217
1037
617
177
-80
-87
65
133
-122
-640
-996
-953
-817
-914
-1096
-1186
-1442
-1993
-2301
-1979
-1566
-1701
-2052
-1953
-1639
-1757
-2080
-1972
-1600
-1570
-1747
-1518
-1014
-929
-1244
-1299
-927
-595
-484
-276
93
353
471
673
990
1145
1044
943
1065
1414
1821
2059
2007
1768
1563
1492
1528
1636
1720
1593
1217
835
652
540
270
-150
-557
-888
-1142
-1275
-1326
-1449
-1693
-1913
-2000
-2020
-2019
-1946
-1790
-1608
-1394
-1087
-758
-587
-559
-453
-120
378
888
1303
1540
1535
1401
1406
1698
2137
2447
2457
2197
1838
1620
1720
2053
2306
2198
1705
1039
502
355
616
957
957
519
-84
-528
-658
-526
-314
-287
-574
-962
-1144
-1060
-919
-940
-1173
-1529
-1787
-1741
-1465
-1322
-1487
-1716
-1770
-1696
-1606
-1475
-1309
-1303
-1448
-1458
-1180
-847
-752
-803
-753
-574
-357
-122
134
358
515
711
1003
1277
1373
1281
1145
1114
1258
1496
1679
1724
1668
1614
1581
1519
1400
1198
908
625
505
550
522
179
-442
-1091
-1555
-1756
-1706
-1522
-1415
-1530
-1795
-2000
-2030
-1940
-1838
-1750
-1597
-1288
-830
-369
-86
-18
-37
45
364
929
1566
1977
1958
1648
1419
1516
1855
2168
2283
2156
1854
1585
1568
1774
1877
1608
1055
525
243
239
395
498
316
-139
-595
-810
-778
-610
-366
-185
-289
-645
-933
-971
-972
-1129
-1231
-1087
-933
-1004
-1092
-983
-916
-1175
-1505
-1490
-1276
-1254
-1320
-1139
-862
-905
-1137
-1107
-883
-842
-912
-630
7
484
587
667
963
1219
1206
1096
1128
1247
1289
1291
1425
1725
1984
2002
1769
1450
1151
851
547
348
350
451
437
157
-394
-1109
-1788
-2195
-2266
-2132
-1967
-1856
-1829
-1909
-2018
-2005
-1874
-1778
-1757
-1634
-1249
-678
-116
295
474
468
486
721
1149
1625
2071
2426
2536
2314
1992
1880
1989
2089
2048
1934
1802
1622
1393
1166
952
724
469
226
68
45
108
92
-148
-535
-829
-870
-682
-453
-371
-503
-713
-828
-844
-835
-788
-667
-607
-745
-901
-796
-584
-667
-1025
-1225
-1067
-843
-780
-727
-577
-539
-745
-990
-1053
-964
-790
-428
195
964
1611
1855
1524
767
104
-25
350
870
1284
1545
1606
1436
1098
690
221
-306
-734
-859
-646
-279
-53
-227
-885
-1847
-2746
-3268
-3328
-3028
-2544
-2030
-1570
-1229
-1081
-1142
-1290
-1328
-1135
-707
-29
868
1773
2372
2535
2445
2366
2397
2527
2771
3112
3419
3511
3346
3017
2570
1989
1319
744
462
476
590
543
186
-439
-1108
-1564
-1682
-1565
-1431
-1404
-1448
-1409
-1183
-844
-573
-539
-724
-877
-747
-290
277
646
673
448
198
110
201
362
446
382
209
22
-95
-142
-214
-442
-845
-1285
-1504
-1374
-929
-293
428
1021
1168
794
193
-152
-153
-92
-162
-270
-202
54
396
704
760
298
-673
-1721
-2308
-2261
-1820
-1297
-940
-956
-1423
-2153
-2806
-3178
-3292
-3204
-2842
-2129
-1164
-211
515
951
1112
1028
800
715
1090
1939
2928
3708
4213
4546
4684
4495
4007
3442
2947
2509
2141
1970
1998
1949
1522
745
-73
-697
-1148
-1531
-1850
-2060
-2145
-2110
-1896
-1517
-1191
-1172
-1474
-1815
-1877
-1558
-984
-351
163
451
527
529
592
705
742
606
360
192
255
531
826
885
585
72
-391
-660
-824
-1037
-1260
-1365
-1198
-699
92
1011
1592
1549
1006
417
79
-194
-527
-782
-704
-253
327
833
1043
665
-353
-1660
-2639
-3000
-2959
-2805
-2663
-2504
-2382
-2379
-2495
-2727
-3110
-3581
-3834
-3500
-2496
-1122
194
1214
1897
2258
2387
2441
2597
2865
3106
3345
3791
4579
5489
6063
6047
5499
4594
3495
2413
1606
1142
791
335
-123
-350
-356
-465
-915
-1594
-2277
-2837
-3186
-3226
-2904
-2371
-1875
-1442
-980
-533
-263
-318
-560
-726
-696
-419
5
414
687
756
731
722
683
554
265
-149
-525
-726
-650
-369
-180
-250
-531
-833
-898
-672
-220
437
1040
1443
1693
1771
1858
1709
1131
406
-338
-728
-684
-425
96
382
152
-438
-1340
-2093
-2734
-3399
-3787
-4056
-4130
-3971
-3765
-3360
-3090
-3155
-3233
-3177
-2719
-1940
-1130
-193
768
1640
2451
3128
3710
4145
4282
4261
4333
4579
4966
5324
5436
5366
5042
4375
3544
2513
1487
573
-372
-989
-1309
-1449
-1379
-1483
-1532
-1492
-1630
-1686
-1844
-1971
-1899
-1906
-1642
-1163
-689
-117
234
556
896
925
840
565
201
19
-136
-113
34
25
-57
-280
-526
-582
-658
-787
-1053
-1559
-1938
-2071
-1868
-1240
-516
304
1017
1407
1770
1964
2011
1782
1071
385
-205
-557
-453
-168
325
547
230
-197
-807
-1409
-2051
-2865
-3457
-4084
-4628
-4735
-4535
-3954
-3482
-3277
-2947
-2616
-2061
-1327
-590
270
868
1341
1957
2632
3491
4154
4603
4995
5161
5376
5437
5311
5106
4553
4032
3452
2762
2130
1161
239
-608
-1387
-1666
-1934
-2044
-2022
-2166
-1946
-1785
-1610
-1274
-1291
-1142
-1013
-874
-308
51
537
1066
1365
1878
2019
1988
1919
1400
1041
599
204
116
-304
-557
-772
-1005
-867
-1091
-1285
-1576
-2203
-2454
-2771
-2575
-1855
-1245
-226
494
1196
1957
1988
1924
1308
379
-275
-1107
-1229
-948
-695
-222
-309
-402
-494
-993
-1325
-1997
-2770
-3444
-4334
-4695
-4744
-4645
-4275
-4069
-3577
-2796
-1962
-838
147
959
1629
1997
2491
2993
3379
3762
3982
4324
4827
5328
5879
6120
5962
5498
4718
3881
2862
1609
343
-887
-1767
-2231
-2364
-2182
-2021
-1931
-1820
-1685
-1441
-1286
-1279
-1291
-1287
-1112
-727
-168
506
1116
1621
2079
2499
2788
2850
2680
2322
1871
1331
796
358
-70
-424
-698
-848
-806
-852
-1001
-1254
-1643
-1958
-2251
-2315
-2035
-1605
-992
-336
336
989
1299
1263
903
240
-514
-1299
-1896
-2204
-2408
-2489
-2470
-2342
-2150
-2100
-2185
-2437
-2913
-3521
-4144
-4596
-4882
-5067
-5033
-4671
-3903
-2788
-1428
110
1523
2689
3654
4429
5037
5226
5061
4813
4563
4550
4779
5220
5764
5970
5922
5721
5293
4611
3408
1902
333
-1256
-2496
-3357
-3794
-3865
-3813
-3396
-2658
-1784
-942
-433
-113
28
-43
-145
-321
-445
-449
-296
258
1094
1980
2716
3118
3309
3280
2952
2347
1424
353
-708
-1591
-2067
-2186
-2051
-1828
-1645
-1403
-1128
-813
-424
-75
271
485
548
626
658
672
549
247
-67
-425
-692
-841
-994
-1190
-1622
-2217
-2782
-3293
-3663
-4006
-4373
-4693
-4998
-5141
-5116
-5035
-4938
-4892
-4719
-4247
-3459
-2374
-1154
103
1338
2520
3692
4752
5553
5993
6097
6068
6018
5998
5965
5832
5607
5248
4849
4458
3955
3264
2284
1152
62
-944
-1792
-2477
-2961
-3175
-3150
-2838
-2286
-1660
-1034
-483
29
484
730
764
641
499
491
631
920
1257
1513
1690
1827
1974
2063
1922
1480
766
-106
-947
-1640
-2128
-2457
-2702
-2788
-2606
-2089
-1274
-325
604
1349
1840
2155
2303
2202
1762
997
115
-725
-1383
-1737
-1846
-1871
-1985
-2132
-2154
-2125
-2240
-2602
-3164
-3844
-4605
-5287
-5701
-5913
-6110
-6278
-6103
-5342
-4116
-2667
-1152
308
1603
2682
3681
4610
5208
5284
5014
4822
4866
4992
5079
5134
5149
5043
4847
4665
4357
3638
2480
1216
140
-811
-1748
-2558
-3047
-3179
-3005
-2472
-1622
-762
-161
251
716
1185
1390
1270
1014
798
633
592
810
1202
1508
1621
1707
1841
1833
1519
977
333
-422
-1278
-2043
-2588
-2978
-3281
-3359
-3020
-2291
-1290
-139
1034
2052
2776
3238
3417
3175
2442
1309
82
-984
-1700
-1976
-2014
-2050
-2152
-2187
-2076
-1963
-1996
-2243
-2767
-3555
-4384
-4983
-5341
-5705
-6144
-6396
-6204
-5532
-4448
-2969
-1237
419
1841
3155
4423
5374
5725
5617
5377
5086
4672
4252
4027
3960
3861
3760
3817
3906
3667
3005
2207
1452
583
-506
-1599
-2456
-3073
-3470
-3438
-2859
-2016
-1259
-600
180
1011
1552
1716
1698
1605
1349
973
779
861
973
960
997
1228
1448
1398
1139
844
434
-224
-1013
-1708
-2303
-2904
-3367
-3382
-2872
-2015
-968
225
1438
2455
3180
3660
3832
3528
2704
1570
435
-526
-1268
-1825
-2267
-2595
-2747
-2671
-2426
-2167
-2033
-2164
-2607
-3231
-3817
-4330
-4921
-5610
-6142
-6273
-6004
-5377
-4326
-2874
-1271
285
1868
3516
4924
5749
6069
6163
6048
5576
4830
4141
3597
3064
2584
2365
2404
2355
2059
1746
1543
1267
696
-42
-693
-1292
-1891
-2327
-2409
-2211
-1998
-1746
-1222
-480
235
753
1184
1626
1925
2024
2025
1982
1788
1346
877
620
477
235
-146
-478
-670
-856
-1081
-1302
-1559
-1935
-2338
-2413
-1934
-1131
-320
425
1200
1999
2614
2998
3162
2946
2266
1307
493
-8
-507
-1162
-1815
-2262
-2465
-2554
-2471
-2238
-2186
-2450
-2849
-3087
-3222
-3659
-4376
-5035
-5432
-5518
-5302
-4626
-3539
-2397
-1240
134
1760
3271
4227
4756
5105
5233
5082
4698
4286
3789
3042
2330
1919
1791
1627
1259
991
872
753
569
354
232
-6
-400
-676
-783
-786
-873
-947
-733
-386
-12
366
771
1258
1604
1848
2121
2295
2314
2094
1773
1536
1191
753
240
-338
-864
-1461
-1987
-2333
-2626
-2796
-2861
-2671
-2066
-1329
-514
293
1022
1787
2291
2529
2579
2274
1770
1067
375
-54
-567
-1146
-1634
-1944
-1905
-1844
-1778
-1570
-1550
-1709
-2016
-2365
-2614
-3185
-3998
-4678
-5131
-5209
-5040
-4569
-3670
-2661
-1540
-185
1318
2779
3794
4359
4730
4845
4664
4239
3647
2999
2226
1478
1079
948
885
789
705
792
880
834
747
565
289
-103
-496
-657
-729
-799
-811
-714
-382
7
380
829
1242
1646
1975
2239
2542
2659
2585
2404
2124
1847
1403
813
246
-388
-957
-1449
-1886
-2118
-2337
-2379
-2072
-1600
-915
-291
257
911
1335
1668
1837
1646
1347
712
86
-292
-788
-1169
-1634
-2054
-2092
-2154
-1968
-1650
-1543
-1412
-1552
-1688
-1686
-2074
-2582
-3270
-4000
-4370
-4692
-4672
-4271
-3789
-2915
-1851
-536
1046
2265
3249
3980
4377
4669
4474
3951
3281
2301
1456
766
329
251
108
131
411
811
1355
1653
1763
1763
1468
1111
688
249
-151
-676
-1039
-1097
-931
-568
-183
306
904
1459
1995
2422
2657
2648
2369
2007
1611
1107
502
-169
-758
-1189
-1493
-1623
-1633
-1567
-1374
-1038
-537
36
511
876
1148
1303
1402
1371
1170
807
273
-221
-617
-988
-1309
-1625
-1833
-1882
-1839
-1614
-1311
-1093
-985
-1007
-1029
-1104
-1419
-1914
-2504
-3077
-3512
-3795
-3822
-3579
-3186
-2580
-1690
-593
553
1491
2186
2727
3014
3044
2826
2363
1778
1069
414
10
-235
-341
-338
-188
204
672
1131
1553
1827
1969
1949
1798
1590
1223
741
259
-133
-348
-425
-377
-169
153
570
1054
1531
1913
2127
2161
2056
1812
1402
854
211
-456
-1061
-1564
-1902
-2066
-2045
-1766
-1232
-515
292
1028
1641
2068
2243
2214
1911
1342
580
-296
-1068
-1694
-2161
-2412
-2515
-2440
-2193
-1816
-1277
-751
-359
-105
-26
-38
-181
-495
-903
-1422
-1956
-2348
-2535
-2426
-2095
-1645
-1037
-329
433
1166
1714
2056
2137
1957
1641
1209
723
209
-326
-740
-1009
-1126
-1067
-901
-616
-272
80
454
789
1049
1194
1204
1129
981
785
609
477
414
405
450
579
766
988
1188
1335
1420
1430
1393
1302
1148
917
604
254
-103
-445
-760
-1049
-1279
-1411
-1403
-1220
-881
-434
71
580
1066
1477
1754
1855
1732
1396
891
275
-379
-1040
-1667
-2206
-2601
-2800
-2775
-2547
-2152
-1655
-1131
-627
-203
91
206
128
-103
-435
-781
-1054
-1192
-1146
-915
-516
33
656
1278
1823
2208
2396
2346
2078
1635
1072
464
-148
-696
-1116
-1379
-1465
-1393
-1194
-913
-599
-280
13
245
395
449
431
372
311
273
284
354
492
701
952
1213
1453
1628
1726
1731
1643
1471
1223
925
592
254
-71
-373
-644
-880
-1060
-1166
-1189
-1124
-976
-767
-509
-218
73
331
512
586
547
401
164
-141
-498
-877
-1249
-1584
-1845
-2010
-2079
-2048
-1941
-1765
-1531
-1261
-969
-690
-453
-268
-136
-36
53
142
256
396
570
790
1052
1349
1641
1889
2068
2158
2154
2056
1860
1581
1230
845
465
114
-187
-427
-607
-728
-801
-846
-867
-879
-890
-900
-899
-868
-786
-645
-434
-162
151
478
786
1059
1263
1380
1409
1357
1249
1102
936
768
604
451
302
154
12
-124
-248
-354
-426
-456
-439
-376
-274
-149
-26
72
126
118
45
-95
-296
-543
-812
-1080
-1323
-1533
-1693
-1798
-1847
-1833
-1764
-1650
-1505
-1359
-1218
-1102
-1020
-968
-940
-918
-876
-788
-629
-385
-64
329
758
1200
1618
1966
2222
2356
2364
2259
2051
1774
1455
1128
831
591
418
321
288
306
350
383
390
346
254
115
-63
-250
-421
-545
-595
-560
-434
-233
27
321
623
893
1108
1253
1311
1282
1163
963
707
410
102
-190
-437
-620
-723
-743
-673
-518
-303
-67
162
343
448
452
354
164
-110
-439
-796
-1147
-1452
-1697
-1860
-1938
-1936
-1856
-1724
-1553
-1366
-1185
-1031
-915
-838
-801
-799
-820
-846
-860
-844
-786
-669
-491
-264
2
282
566
829
1047
1210
1309
1344
1320
1248
1144
1020
900
795
716
672
665
687
725
769
805
822
811
767
693
591
477
367
273
209
178
189
237
315
416
522
624
712
775
809
811
778
713
612
486
341
187
37
-100
-210
-284
-309
-280
-196
-78
62
202
313
379
376
289
111
-150
-477
-848
-1229
-1596
-1920
-2169
-2327
-2389
-2357
-2234
-2036
-1786
-1513
-1239
-989
-784
-639
-558
-540
-574
-639
-705
-749
-741
-672
-536
-323
-57
250
566
860
1117
1309
1424
1451
1404
1296
1143
975
818
694
621
600
633
708
806
911
995
1048
1057
1015
928
810
671
527
386
265
178
127
115
130
170
224
285
352
408
450
469
457
411
344
258
162
71
-5
-44
-42
1
87
212
353
491
599
651
632
524
326
46
-302
-691
-1092
-1463
-1775
-2006
-2145
-2182
-2130
-2005
-1829
-1623
-1414
-1227
-1081
-981
-928
-913
-921
-939
-942
-913
-842
-721
-548
-335
-99
141
366
560
705
789
814
790
733
663
600
566
573
615
700
814
941
1063
1161
1233
1264
1253
1212
1149
1079
1012
950
899
848
792
729
647
546
424
278
121
-34
-170
-282
-359
-391
-388
-354
-294
-222
-146
-77
-17
38
85
133
184
246
324
407
488
552
587
582
518
394
210
-29
-310
-615
-925
-1215
-1464
-1655
-1780
-1827
-1809
-1728
-1593
-1423
-1232
-1044
-872
-731
-624
-557
-525
-525
-542
-554
-547
-502
-415
-284
-114
80
285
480
644
760
819
822
776
693
589
479
382
309
273
279
330
428
567
738
927
1120
1296
1434
1519
1534
1470
1338
1146
912
656
392
151
-48
-193
-284
-330
-341
-328
-307
-290
-283
-302
-348
-406
-461
-503
-512
-486
-415
-302
-154
14
188
351
479
560
580
540
451
317
154
-27
-210
-381
-533
-656
-758
-845
-918
-987
-1053
-1116
-1174
-1220
-1242
-1245
-1216
-1151
-1053
-929
-784
-624
-457
-289
-127
26
171
300
419
519
601
659
691
697
677
627
551
457
348
241
146
80
54
75
144
258
414
598
792
981
1140
1261
1332
1352
1319
1232
1107
952
779
610
450
311
194
98
20
-42
-97
-156
-227
-315
-419
-540
-672
-806
-932
-1037
-1105
-1129
-1107
-1038
-921
-763
-580
-385
-189
-11
138
247
310
329
305
250
164
62
-48
-154
-251
-331
-392
-436
-469
-492
-507
-519
-528
-538
-547
-549
-540
-513
-464
-383
-271
-129
36
214
394
559
694
784
822
807
740
633
498
345
193
60
-45
-108
-127
-103
-39
53
164
277
382
471
534
570
581
566
531
488
441
396
354
324
306
299
293
292
288
274
254
219
168
98
5
-107
-237
-378
-522
-659
-779
-876
-939
-962
-947
-897
-813
-698
-558
-406
-253
-111
11
114
190
237
255
247
219
172
118
62
11
-30
-65
-87
-99
-100
-95
-90
-95
-108
-127
-147
-168
-186
-201
-198
-169
-113
-27
84
208
334
442
528
580
589
554
474
363
236
111
3
-74
-111
-105
-57
30
141
258
368
459
512
520
477
388
265
120
-35
-186
-314
-411
-463
-467
-430
-354
-253
-141
-28
71
143
181
183
147
75
-25
-139
-257
-375
-480
-566
-626
-658
-666
-647
-602
-537
-454
-363
-268
-170
-73
19
101
174
234
282
310
324
329
316
298
272
252
243
245
262
296
341
396
454
500
525
517
476
409
317
214
106
8
-65
-113
-133
-123
-95
-55
-15
18
42
49
40
21
-6
-34
-57
-68
-64
-48
-21
12
38
54
52
28
-25
-101
-197
-305
-416
-511
-583
-623
-622
-583
-507
-400
-276
-144
-17
96
189
252
285
288
259
209
143
67
-9
-84
-149
-197
-227
-239
-236
-222
-203
-183
-162
-145
-132
-120
-108
-95
-78
-56
-32
1
37
76
120
167
211
256
302
347
392
432
468
495
520
537
542
541
522
492
453
395
330
250
162
72
-14
-87
-150
-188
-202
-194
-168
-125
-72
-22
20
51
64
60
40
7
-36
-84
-136
-184
-229
-271
-308
-340
-364
-387
-408
-421
-431
-433
-427
-418
-399
-372
-332
-280
-222
-159
-92
-28
30
81
121
144
148
135
107
71
30
-9
-40
-62
-72
-70
-56
-31
-1
30
58
78
85
82
68
50
34
17
12
18
39
75
122
182
245
305
363
407
442
455
450
437
411
377
335
285
238
196
157
124
92
63
34
2
-29
-60
-92
-124
-151
-168
-176
-174
-164
-148
-128
-109
-93
-88
-92
-111
-146
-183
-223
-269
-311
-347
-368
-370
-365
-348
-321
-285
-239
-191
-143
-97
-52
-14
19
47
72
97
119
131
137
140
139
139
129
114
94
71
47
27
13
9
7
11
15
23
31
34
35
30
20
11
-2
-12
-21
-24
-20
-9
9
29
55
84
116
146
170
187
193
191
183
169
152
130
108
90
73
60
51
44
43
46
48
52
50
51
50
43
34
24
10
-10
-32
-58
-79
-100
-122
-142
-160
-173
-184
-194
-205
-216
-225
-228
-226
-223
-215
-201
-179
-149
-117
-82
-47
-12
19
46
67
80
87
82
70
55
39
25
13
8
13
24
38
56
71
80
85
85
80
69
53
39
29
20
18
24
38
52
68
81
89
94
95
89
82
71
56
41
31
22
16
10
8
8
8
9
8
5
-1
-11
-22
-29
-35
-37
-35
-29
-16
-2
15
35
52
65
71
72
65
50
29
0
-34
-69
-102
-129
-146
-155
-161
-162
-152
-138
-114
-88
-68
-50
-36
-24
-13
-3
8
18
28
40
50
60
69
71
70
64
57
49
37
19
-1
-21
-37
-49
-53
-52
-52
-48
-39
-30
-15
-3
9
14
18
19
19
22
23
23
25
31
42
51
59
68
71
71
69
61
55
42
31
21
8
2
1
-1
2
4
7
9
13
18
20
18
17
18
16
16
19
25
27
24
22
17
7
-11
-33
-53
-73
-93
-114
-127
-135
-139
-132
-118
-104
-85
-71
-56
-36
-16
2
18
31
43
52
55
55
54
51
46
44
41
37
29
20
13
7
-2
-5
-4
-3
-4
-7
-7
-5
0
3
8
14
15
18
21
24
25
28
31
32
32
29
27
26
26
24
22
23
23
21
21
21
19
16
10
5
1
-4
-8
-15
-20
-26
-30
-31
-29
-25
-20
-15
-9
-1
3
3
4
-1
-6
-14
-20
-24
-29
-30
-35
-37
-39
-40
-39
-38
-35
-29
-23
-14
-8
-5
-3
-4
-5
-7
-9
-8
-6
-7
-7
-6
-4
0
4
7
8
9
12
15
15
18
23
26
29
28
25
24
24
27
29
30
32
32
31
30
28
24
20
15
10
11
10
8
10
12
15
16
16
16
19
20
14
11
4
-2
-8
-15
-19
-24
-26
-25
-22
-20
-18
-14
-12
-10
-7
-6
-7
-10
-16
-17
-17
-18
-20
-19
-21
-22
-26
-25
-25
-23
-20
-19
-16
-12
-11
-11
-11
-9
-7
-7
-8
-10
-10
-10
-8
-4
-1
-2
-4
-3
1
5
6
4
7
12
17
19
17
15
12
9
10
11
15
18
20
21
18
19
18
16
16
18
16
17
17
17
17
13
10
8
9
10
13
14
13
12
10
8
6
2
2
0
-3
-7
-11
-12
-13
-14
-15
-15
-13
-10
-13
-13
-14
-15
-12
-11
-13
-15
-18
-19
-18
-21
-21
-20
-20
-19
-15
-13
-12
