7
7
8
9
9
9
10
11
11
10
10
10
10
13
11
12
11
10
11
12
11
10
11
10
9
9
10
10
6
6
6
2
1
0
-1
-2
-4
-3
-5
-9
-10
-11
-11
-10
-11
-12
-12
-13
-14
-13
-15
-17
-18
-18
-17
-16
-16
-14
-14
-12
-9
-9
-4
2
7
9
8
7
4
0
0
-1
0
-3
-3
-4
-4
-2
-3
-3
-8
-12
-13
-16
-17
-17
-18
-20
-22
-22
-23
-22
-20
-17
-14
-8
-3
2
5
6
8
12
16
20
25
28
30
32
35
36
36
36
36
35
35
33
32
33
32
30
31
30
29
26
24
24
24
21
17
14
11
8
7
7
8
3
1
-2
-6
-9
-12
-15
-20
-25
-28
-34
-34
-37
-41
-42
-43
-45
-45
-44
-43
-43
-42
-43
-42
-40
-37
-34
-34
-32
-29
-25
-23
-19
-15
-15
-10
-9
-4
7
13
23
33
39
41
41
40
39
37
34
30
28
28
30
32
34
34
30
23
17
13
10
6
1
-4
-12
-18
-20
-25
-29
-32
-34
-33
-30
-27
-23
-22
-26
-33
-29
-26
-19
-10
1
9
15
22
28
39
48
51
57
58
67
75
77
77
77
78
86
86
85
89
89
99
102
97
95
91
93
96
89
86
80
75
71
62
48
34
17
-2
-21
-39
-59
-77
-101
-128
-149
-169
-185
-206
-237
-256
-271
-284
-290
-311
-326
-323
-324
-316
-316
-320
-306
-294
-279
-267
-268
-251
-231
-209
-185
-170
-148
-121
-95
-66
-39
-9
21
51
83
116
153
190
228
267
305
345
379
411
435
449
457
457
456
453
445
434
416
397
378
359
333
297
256
211
165
121
76
33
-12
-60
-105
-147
-184
-216
-244
-266
-281
-289
-292
-289
-282
-275
-265
-252
-234
-210
-185
-155
-125
-95
-68
-44
-24
-10
0
7
17
27
36
45
55
66
74
81
92
102
113
120
131
141
149
159
162
160
159
157
153
148
140
128
114
97
77
56
29
0
-28
-51
-76
-97
-118
-140
-160
-179
-198
-213
-228
-243
-252
-255
-257
-255
-253
-251
-246
-237
-229
-218
-205
-192
-177
-163
-149
-132
-117
-100
-79
-54
-26
5
39
76
110
148
189
231
270
302
323
334
338
339
339
335
327
316
308
302
296
289
275
249
214
173
132
88
44
0
-47
-94
-142
-186
-226
-264
-296
-321
-333
-335
-328
-315
-300
-288
-274
-254
-226
-190
-146
-100
-50
-4
38
74
101
116
122
125
126
129
134
141
144
147
148
149
150
154
160
169
176
183
189
194
197
194
192
187
180
174
167
160
148
131
109
85
55
24
-7
-38
-69
-98
-123
-147
-169
-189
-210
-233
-256
-279
-301
-324
-340
-352
-357
-356
-351
-340
-328
-315
-300
-287
-273
-255
-237
-218
-199
-181
-161
-145
-126
-104
-80
-55
-26
9
46
88
139
196
256
314
365
402
417
417
407
391
372
352
334
318
309
305
300
290
268
237
195
151
107
62
17
-29
-76
-124
-174
-224
-267
-305
-330
-339
-330
-306
-274
-242
-218
-205
-194
-180
-155
-112
-55
14
89
162
219
257
273
267
247
223
208
206
214
229
246
254
249
236
216
194
177
167
167
172
179
182
175
158
127
93
57
26
3
-12
-23
-33
-47
-74
-107
-152
-201
-251
-294
-328
-347
-352
-352
-350
-352
-362
-384
-413
-442
-464
-473
-464
-443
-405
-359
-315
-277
-252
-236
-230
-223
-209
-184
-147
-100
-51
-5
29
47
54
57
63
88
135
212
312
425
532
610
648
636
587
523
461
415
394
394
412
441
471
489
474
422
345
255
172
103
53
18
-11
-47
-97
-165
-247
-335
-414
-470
-487
-464
-405
-330
-262
-223
-220
-245
-283
-311
-312
-266
-177
-54
89
228
329
377
371
317
222
113
22
-26
-24
20
104
194
258
276
250
211
144
89
71
88
139
201
244
266
250
196
115
14
-81
-157
-197
-194
-142
-72
-21
-28
-109
-269
-454
-599
-647
-608
-505
-369
-294
-301
-368
-472
-555
-622
-692
-740
-778
-724
-559
-340
-119
17
30
-64
-191
-274
-271
-205
-104
-40
-21
-22
-17
16
52
74
128
301
693
1293
1981
2488
2609
2343
1678
944
375
18
-182
-333
-431
-369
-70
392
767
749
261
-518
-1223
-1532
-1364
-919
-524
-373
-426
-524
-563
-589
-719
-989
-1281
-1339
-976
-268
457
840
735
330
-52
-187
-73
125
260
337
513
916
1452
1853
1842
1364
631
-12
-295
-180
147
448
626
744
898
1080
1178
1054
676
179
-208
-306
-100
249
547
676
632
470
253
0
-310
-673
-1030
-1272
-1329
-1223
-1045
-909
-892
-1008
-1196
-1378
-1503
-1560
-1541
-1447
-1292
-1099
-910
-767
-714
-762
-871
-979
-1032
-1001
-885
-702
-487
-282
-122
-42
-40
-77
-84
-14
117
254
330
336
336
399
540
714
881
1097
1502
2210
3183
4103
4558
4298
3397
2199
1064
182
-462
-981
-1375
-1473
-1103
-341
422
740
426
-343
-1144
-1588
-1554
-1215
-879
-684
-541
-326
-72
14
-237
-769
-1322
-1563
-1324
-739
-147
170
199
110
40
-17
-151
-375
-564
-512
-83
620
1302
1679
1672
1407
1060
708
341
-44
-355
-428
-151
415
1025
1410
1459
1240
915
585
265
-53
-322
-426
-271
117
563
828
773
431
-56
-540
-945
-1273
-1535
-1703
-1700
-1487
-1137
-807
-638
-671
-837
-1017
-1113
-1105
-1039
-969
-890
-760
-571
-370
-228
-213
-339
-554
-761
-880
-888
-798
-640
-450
-262
-103
31
153
293
459
625
737
740
668
620
652
740
833
925
1122
1590
2467
3669
4764
5189
4685
3465
1952
475
-823
-1895
-2731
-3253
-3199
-2358
-964
301
841
601
-78
-806
-1307
-1418
-1209
-944
-761
-513
-113
196
72
-516
-1297
-1978
-2311
-2109
-1429
-625
-69
199
345
403
286
-9
-326
-477
-325
218
1072
1929
2452
2523
2252
1749
1042
228
-468
-799
-649
-95
655
1336
1745
1844
1701
1377
863
199
-406
-687
-511
29
667
1126
1238
1001
533
-59
-718
-1397
-1982
-2319
-2320
-2011
-1527
-1061
-767
-674
-710
-775
-819
-851
-874
-860
-800
-701
-589
-524
-543
-661
-841
-1036
-1208
-1339
-1392
-1322
-1118
-824
-521
-264
-62
96
221
311
368
437
549
709
855
935
962
939
862
715
537
512
971
2212
4152
6079
7024
6469
4638
2210
-205
-2267
-3843
-4902
-5310
-4773
-3093
-647
1601
2787
2682
1657
345
-672
-1020
-717
-125
437
890
1194
1062
183
-1371
-3116
-4388
-4667
-3791
-2076
-235
1107
1808
2042
1915
1378
483
-472
-1066
-971
-93
1313
2661
3342
3084
2065
636
-899
-2286
-3225
-3393
-2630
-1045
976
2853
4046
4272
3601
2340
817
-647
-1742
-2193
-1894
-1011
71
890
1116
696
-164
-1147
-1999
-2567
-2720
-2374
-1568
-543
326
725
529
-145
-984
-1639
-1874
-1695
-1222
-574
130
694
862
517
-227
-1074
-1723
-1983
-1828
-1351
-699
-22
504
726
612
272
-104
-339
-313
30
580
1161
1682
2134
2399
2270
1721
990
316
-210
-514
-501
-127
725
2435
5080
7616
8467
7064
4327
1326
-1607
-4242
-5954
-6432
-6195
-5478
-3683
-602
2412
3579
2704
999
-415
-1259
-1450
-822
294
1216
1509
1112
4
-1832
-4107
-6197
-7325
-6739
-4252
-782
2098
3534
3935
3826
2998
1277
-630
-1727
-1789
-1159
141
2146
4044
4558
3339
1266
-758
-2558
-4099
-4820
-4065
-1859
1112
4010
6059
6699
5835
3919
1670
-357
-1792
-2422
-2263
-1505
-370
877
1703
1505
257
-1336
-2435
-2787
-2609
-1981
-867
451
1377
1538
1039
137
-1032
-2248
-2979
-2737
-1628
-281
732
1208
1162
562
-559
-1890
-2934
-3342
-3014
-2058
-747
501
1261
1328
793
-64
-929
-1488
-1527
-1059
-229
794
1789
2451
2542
2086
1329
476
-309
-786
-792
-426
95
683
1236
1645
2179
3430
5443
7025
6878
5128
2866
650
-1724
-3975
-5237
-5383
-5208
-4865
-3318
-286
2547
3394
2469
1318
651
81
-391
-189
570
886
277
-717
-1615
-2687
-4165
-5402
-5396
-3823
-1255
1407
3335
4054
3687
2716
1501
135
-1181
-1956
-1811
-853
542
1980
2928
2742
1259
-855
-2642
-3669
-4022
-3686
-2373
-57
2636
4803
5822
5562
4251
2281
186
-1461
-2299
-2356
-1931
-1296
-577
70
336
-18
-842
-1659
-2027
-1797
-1097
-150
803
1454
1539
1032
180
-702
-1441
-1978
-2174
-1802
-851
299
1116
1289
837
-51
-1103
-1959
-2276
-1964
-1234
-384
382
924
1123
931
428
-195
-701
-849
-517
176
934
1511
1789
1757
1483
1077
623
167
-122
-48
350
728
811
705
509
229
309
1659
4405
6974
7550
6015
3651
1162
-1741
-4769
-6712
-7110
-6842
-6289
-4418
-774
2827
4047
2850
1117
59
-601
-1014
-631
472
1239
975
73
-1014
-2550
-4633
-6349
-6499
-4798
-1892
1266
3704
4655
4119
2819
1368
-182
-1759
-2703
-2327
-795
1100
2729
3715
3558
1932
-611
-2845
-3963
-4034
-3316
-1669
994
3998
6164
6741
5821
3970
1734
-383
-1818
-2224
-1771
-974
-213
451
943
959
265
-878
-1798
-1948
-1260
-102
1059
1862
2093
1679
717
-537
-1728
-2551
-2827
-2479
-1524
-195
1014
1564
1232
239
-969
-2023
-2692
-2819
-2356
-1433
-334
579
990
810
219
-478
-1035
-1302
-1167
-623
124
728
986
883
485
-60
-545
-796
-750
-387
296
1085
1508
1282
701
183
-206
-306
613
3102
6188
7836
7096
4850
2218
-774
-4176
-6891
-7750
-7038
-5783
-3921
-719
3080
5283
4758
2697
915
-71
-587
-476
500
1699
2090
1384
0
-1809
-3981
-5929
-6630
-5538
-2995
194
3122
4861
4928
3723
2089
478
-1084
-2273
-2369
-1140
709
2283
3160
3165
2020
-218
-2684
-4268
-4540
-3756
-2131
326
3218
5528
6379
5673
3923
1746
-379
-1939
-2540
-2238
-1500
-754
-140
284
345
-122
-965
-1713
-1901
-1358
-258
942
1706
1733
1055
-56
-1273
-2340
-3050
-3214
-2751
-1725
-336
1045
1924
1913
1010
-354
-1569
-2237
-2306
-1918
-1243
-404
433
1005
1073
626
-53
-599
-795
-615
-139
469
926
1000
732
355
80
-45
-48
61
332
826
1495
2072
2138
1543
634
-188
-836
-1111
-248
2372
5820
7926
7507
5367
2783
-89
-3427
-6279
-7358
-6808
-5772
-4314
-1483
2308
4800
4457
2271
284
-785
-1344
-1329
-361
1028
1693
1182
-87
-1825
-4053
-6257
-7304
-6470
-3991
-629
2697
4886
5176
3912
2158
526
-1087
-2531
-2968
-1921
-31
1720
2904
3346
2601
529
-1953
-3510
-3695
-2982
-1691
365
3027
5311
6246
5754
4341
2482
511
-1079
-1780
-1656
-1231
-878
-559
-210
-49
-284
-755
-1038
-837
-186
683
1435
1730
1441
721
-174
-1086
-1946
-2574
-2706
-2253
-1395
-379
584
1234
1287
715
-130
-807
-1174
-1362
-1437
-1319
-994
-650
-501
-586
-764
-854
-795
-627
-394
-110
179
329
212
-78
-259
-160
90
328
546
802
1066
1157
886
265
-474
-1047
-1248
-939
242
2769
6206
8765
8841
6583
3435
314
-2877
-5833
-7340
-6887
-5490
-3978
-1827
1306
3974
4253
2272
137
-673
-477
127
1193
2506
3078
2174
117
-2307
-4702
-6758
-7645
-6586
-3761
-163
3105
5080
5156
3553
1349
-413
-1542
-2220
-2160
-895
1209
3033
3784
3404
2012
-315
-2974
-4764
-4852
-3524
-1594
555
2869
4910
5845
5297
3680
1759
101
-1006
-1332
-949
-343
-55
-252
-701
-1140
-1465
-1655
-1603
-1157
-306
784
1757
2166
1789
791
-447
-1588
-2431
-2825
-2634
-1914
-956
-56
661
1096
1084
553
-273
-955
-1214
-1165
-1034
-885
-652
-364
-236
-423
-785
-967
-790
-403
-28
276
506
560
317
-70
-254
-90
233
498
724
1035
1428
1705
1625
1096
281
-433
-799
-784
-208
1467
4378
7244
8174
6628
3783
868
-2005
-4800
-6499
-6302
-5053
-4034
-2942
-699
2066
3182
1810
-372
-1372
-1032
-150
1121
2701
3603
2764
414
-2242
-4462
-6219
-7174
-6543
-4107
-674
2557
4567
4700
3023
595
-1193
-1764
-1514
-813
466
2214
3642
4003
3241
1669
-550
-3025
-4692
-4550
-2767
-540
1247
2638
3829
4450
4015
2778
1529
781
501
537
859
1213
1009
-62
-1498
-2461
-2603
-2208
-1633
-856
227
1345
2000
1942
1293
334
-711
-1611
-2095
-2009
-1534
-1019
-658
-429
-237
-79
-68
-272
-593
-843
-887
-760
-648
-685
-842
-1007
-1138
-1238
-1280
-1187
-932
-590
-250
41
246
298
160
-83
-272
-276
-66
292
685
1035
1342
1638
1824
1626
896
-106
-901
-1270
-1223
-495
1516
4731
7635
8441
6817
3886
730
-2327
-4865
-5924
-5256
-4014
-3164
-2132
-97
2049
2451
813
-1053
-1484
-557
968
2795
4454
4756
2922
-250
-3156
-5067
-6219
-6540
-5397
-2697
572
3076
3956
3045
879
-1349
-2393
-1854
-341
1333
2736
3596
3605
2736
1323
-368
-2240
-3867
-4358
-3247
-1257
358
1072
1310
1562
1846
2021
2141
2301
2339
2076
1654
1265
754
-260
-1808
-3227
-3648
-2883
-1538
-373
286
571
653
556
375
264
195
-22
-396
-675
-677
-598
-788
-1216
-1463
-1203
-526
197
604
539
93
-479
-882
-975
-825
-574
-342
-198
-150
-146
-145
-219
-430
-630
-569
-205
218
464
536
545
545
590
739
938
1062
1158
1365
1517
1240
531
-213
-726
-891
-127
2336
5795
7870
6948
3927
806
-1663
-3723
-4877
-4366
-3076
-2730
-3123
-2302
72
1659
701
-1451
-2353
-1576
-185
1498
3523
4644
3266
-134
-3198
-4484
-4706
-4771
-4217
-2386
89
1882
2328
1502
-280
-2307
-3290
-2273
236
2705
4066
4232
3498
2228
958
83
-596
-1466
-2258
-2228
-1304
-355
-18
35
338
864
1385
2044
2972
3682
3530
2642
1732
1082
349
-624
-1394
-1549
-1310
-1159
-1185
-1151
-976
-789
-576
-160
455
921
888
408
-154
-526
-749
-944
-1028
-815
-377
-59
-103
-420
-806
-1198
-1574
-1701
-1337
-624
-13
170
-12
-336
-727
-1149
-1411
-1304
-835
-251
203
438
407
64
-465
-837
-713
-79
749
1485
1960
2006
1461
450
-524
-992
-791
166
2103
4739
6705
6503
4052
780
-1809
-3188
-3373
-2383
-862
-172
-874
-1849
-1708
-664
-128
-623
-1203
-966
-22
1243
2689
3709
3176
786
-2103
-3674
-3475
-2412
-1296
-285
528
825
494
-228
-1067
-1862
-2272
-1786
-340
1384
2505
2613
1907
959
427
628
1231
1532
1106
120
-1016
-2001
-2519
-2204
-1105
160
1026
1518
1913
2140
1864
1167
574
336
252
233
468
914
991
193
-1130
-2125
-2383
-2085
-1467
-636
147
419
28
-570
-832
-705
-452
-167
231
677
934
848
476
-79
-744
-1339
-1605
-1432
-979
-495
-175
-126
-302
-526
-626
-617
-640
-691
-612
-323
41
284
355
284
116
-93
-269
-298
-123
224
628
917
998
900
684
630
1360
3313
5764
6925
5549
2169
-1447
-3803
-4364
-3202
-1131
122
-665
-2598
-3414
-2055
156
1357
1227
590
-12
-299
280
1772
2785
1686
-1203
-3648
-4008
-2833
-1498
-416
560
1094
728
-154
-664
-702
-919
-1313
-997
370
1772
2022
1163
175
-240
-41
668
1754
2625
2468
1174
-443
-1465
-1653
-1337
-813
-189
418
845
1066
1206
1346
1431
1369
1132
827
653
707
820
684
212
-370
-817
-1089
-1212
-1134
-924
-882
-1192
-1568
-1510
-928
-245
170
359
483
480
232
-118
-297
-311
-426
-756
-1070
-1135
-1058
-1107
-1300
-1391
-1225
-936
-708
-504
-227
-10
-109
-527
-879
-772
-261
278
598
668
503
113
-379
-654
-516
-204
-58
0
492
1806
3695
5280
5702
4679
2544
150
-1499
-1828
-1078
-229
-281
-1369
-2647
-3112
-2396
-932
477
1253
1294
897
619
892
1559
1953
1500
265
-1085
-1855
-1861
-1323
-576
50
333
253
7
-152
-149
-72
44
275
631
936
972
684
234
-110
-111
272
836
1190
1011
304
-603
-1226
-1229
-618
214
741
675
126
-502
-806
-613
-57
521
784
643
298
19
-115
-237
-471
-794
-1053
-1092
-887
-564
-337
-418
-826
-1315
-1571
-1433
-1006
-551
-236
-49
108
294
487
576
463
106
-403
-812
-893
-646
-300
-132
-234
-492
-721
-780
-594
-196
238
513
556
487
425
350
210
96
167
445
754
865
711
414
289
753
2051
3787
4926
4580
2787
545
-903
-943
90
1144
1009
-722
-3104
-4507
-3938
-1854
263
1090
274
-1441
-2664
-2244
-254
1936
2775
1742
-370
-2163
-2628
-1619
179
1615
1796
711
-890
-2128
-2513
-2028
-944
316
1271
1590
1300
704
190
107
603
1474
2192
2233
1457
229
-855
-1314
-967
-71
794
1089
681
-84
-622
-504
309
1442
2254
2207
1243
-126
-1166
-1381
-779
172
850
839
124
-874
-1608
-1785
-1465
-952
-555
-426
-535
-734
-856
-811
-628
-379
-134
47
111
29
-199
-497
-746
-830
-709
-464
-263
-270
-519
-875
-1107
-1024
-624
-124
180
120
-196
-451
-344
165
801
1163
1012
466
-88
-314
-126
299
738
1163
1716
2454
3118
3261
2578
1260
-18
-599
-310
375
635
-12
-1266
-2286
-2304
-1289
-28
509
-64
-1262
-2069
-1741
-438
902
1276
366
-1202
-2315
-2210
-954
682
1759
1811
1043
49
-592
-639
-251
234
531
513
245
-63
-157
156
892
1799
2461
2523
1879
805
-179
-600
-305
430
1091
1236
769
-25
-666
-785
-341
367
924
1045
729
236
-120
-150
91
341
332
-54
-707
-1343
-1685
-1625
-1296
-1007
-1029
-1417
-1967
-2334
-2256
-1716
-946
-296
-10
-117
-425
-657
-638
-380
-74
43
-141
-541
-943
-1119
-982
-636
-284
-114
-183
-376
-502
-421
-121
274
576
665
574
445
454
664
956
1133
1111
1026
1200
1851
2860
3756
3952
3197
1844
678
334
782
1334
1177
22
-1611
-2710
-2507
-1123
439
1024
235
-1264
-2295
-2033
-654
807
1201
131
-1718
-3073
-3042
-1739
-85
910
814
-65
-1000
-1352
-970
-197
461
736
671
451
226
98
172
497
980
1410
1566
1341
811
249
0
200
640
882
644
49
-454
-421
266
1278
1997
1909
986
-226
-969
-813
44
958
1286
791
-199
-1020
-1149
-562
246
650
336
-539
-1534
-2195
-2310
-1992
-1551
-1243
-1160
-1210
-1260
-1212
-1005
-638
-213
110
218
108
-128
-356
-460
-388
-222
-145
-286
-582
-856
-958
-885
-717
-531
-421
-425
-434
-252
196
720
1018
981
805
791
1208
2153
3366
4175
3914
2635
1241
711
1216
2081
2399
1576
-308
-2330
-3149
-2120
-132
1083
575
-1096
-2608
-2950
-1884
-36
1301
920
-1018
-2909
-3226
-1953
-311
604
459
-515
-1697
-2185
-1436
28
1016
929
242
-298
-471
-368
80
880
1642
1920
1761
1532
1351
1094
901
1067
1478
1585
1098
373
-51
-13
340
843
1279
1327
899
392
320
723
1181
1316
1099
652
101
-344
-478
-354
-295
-504
-842
-1065
-1136
-1168
-1200
-1244
-1397
-1704
-1999
-2059
-1889
-1684
-1550
-1405
-1227
-1139
-1232
-1416
-1558
-1607
-1522
-1203
-663
-148
60
-46
-230
-330
-375
-420
-426
-378
-335
-329
-257
-38
191
224
53
-128
-138
102
713
1819
3229
4297
4431
3681
2664
2025
2015
2467
2902
2644
1361
-354
-1325
-941
220
991
717
-396
-1641
-2209
-1568
-51
1101
788
-789
-2295
-2634
-1825
-642
157
121
-737
-1762
-1992
-1131
52
541
133
-590
-1078
-1160
-808
-77
674
980
826
648
697
773
676
601
764
961
879
595
412
402
426
489
692
908
822
446
174
231
407
451
399
387
368
246
128
187
319
287
112
-8
-47
-197
-578
-1026
-1349
-1537
-1620
-1549
-1333
-1156
-1182
-1305
-1304
-1137
-971
-938
-1011
-1088
-1114
-1044
-848
-621
-560
-752
-1019
-1057
-726
-194
242
386
238
-69
-320
-304
45
516
734
538
132
-151
-109
330
1164
2197
2900
2826
2176
1627
1654
2186
2833
3182
2843
1700
352
-201
343
1160
1225
354
-864
-1758
-1872
-1062
150
604
-395
-2107
-3072
-2660
-1484
-465
-99
-518
-1488
-2226
-1908
-715
220
143
-540
-1001
-968
-618
-79
487
694
403
114
344
887
1120
917
705
736
813
786
771
774
604
319
304
706
1136
1191
987
871
898
912
916
1000
1014
738
285
19
71
230
294
269
145
-196
-709
-1100
-1156
-989
-849
-824
-896
-1077
-1348
-1568
-1571
-1402
-1265
-1261
-1342
-1433
-1478
-1425
-1239
-1003
-892
-982
-1154
-1231
-1111
-842
-546
-350
-287
-293
-316
-348
-369
-309
-149
51
217
359
486
595
836
1420
2234
2734
2521
1871
1448
1609
2189
2782
2912
2173
771
-288
-97
1070
2019
1891
836
-408
-1115
-797
374
1293
797
-985
-2630
-2929
-1975
-715
24
-160
-1172
-2222
-2259
-1117
124
358
-363
-1155
-1372
-979
-183
645
957
567
41
132
823
1422
1466
1119
737
454
337
450
635
559
185
-78
93
535
860
937
865
693
444
279
366
581
646
483
278
190
200
263
376
447
271
-209
-747
-1061
-1110
-1048
-1018
-1096
-1319
-1634
-1849
-1785
-1499
-1216
-1064
-1015
-1028
-1108
-1224
-1284
-1261
-1189
-1058
-833
-588
-474
-515
-578
-565
-473
-328
-182
-157
-318
-502
-430
-80
294
476
452
314
250
582
1451
2443
2883
2577
1997
1689
1822
2267
2701
2644
1802
640
105
560
1393
1793
1502
749
-70
-448
-49
734
936
109
-1089
-1715
-1532
-932
-402
-314
-873
-1783
-2239
-1773
-878
-418
-624
-1070
-1336
-1307
-974
-439
-61
-120
-371
-281
239
725
816
626
427
336
394
624
863
784
330
-99
-106
249
610
772
712
433
16
-255
-123
314
697
835
804
697
535
390
391
510
526
350
151
87
86
-2
-220
-520
-861
-1157
-1239
-1053
-785
-707
-885
-1156
-1338
-1377
-1301
-1190
-1134
-1170
-1186
-1016
-667
-345
-258
-407
-598
-603
-356
-21
132
-37
-431
-758
-759
-426
-26
156
89
28
255
741
1247
1553
1590
1481
1432
1545
1675
1544
1075
600
515
852
1252
1303
873
182
-313
-239
330
797
575
-303
-1211
-1528
-1132
-433
-23
-244
-931
-1488
-1381
-687
-35
31
-451
-972
-1030
-517
247
729
605
72
-286
-34
709
1394
1553
1140
502
101
180
617
1002
1002
654
306
286
606
1017
1226
1111
769
446
338
441
548
459
189
-84
-209
-173
-74
-24
-83
-235
-378
-419
-392
-426
-614
-919
-1213
-1381
-1385
-1252
-1084
-1011
-1091
-1252
-1356
-1331
-1234
-1174
-1232
-1410
-1598
-1629
-1410
-1021
-694
-592
-700
-842
-828
-579
-187
147
259
146
-25
-71
63
327
648
976
1255
1422
1425
1284
1113
1036
1140
1357
1459
1270
827
436
434
855
1399
1651
1390
806
329
290
659
985
815
118
-697
-1089
-848
-237
205
110
-449
-1022
-1135
-744
-233
-31
-267
-662
-815
-547
-19
385
401
109
-118
13
466
931
1073
836
432
148
151
328
444
356
125
-26
54
302
515
502
251
-71
-236
-132
159
425
490
336
94
-80
-101
-3
97
104
9
-126
-226
-280
-349
-483
-691
-927
-1095
-1147
-1096
-999
-960
-1008
-1110
-1209
-1234
-1182
-1068
-917
-765
-610
-475
-403
-393
-420
-405
-294
-130
-7
-7
-126
-265
-315
-236
-79
83
256
516
921
1384
1699
1715
1487
1284
1309
1530
1688
1483
910
293
62
379
920
1141
766
15
-560
-525
57
608
512
-337
-1370
-1794
-1308
-334
338
190
-616
-1375
-1414
-699
143
386
-131
-874
-1119
-595
333
962
833
158
-385
-239
533
1312
1489
981
259
-80
206
834
1247
1110
581
154
214
692
1177
1261
876
312
-23
99
534
903
912
594
236
89
175
323
333
118
-215
-457
-482
-366
-327
-473
-738
-974
-1086
-1079
-1036
-1061
-1205
-1395
-1517
-1549
-1578
-1655
-1738
-1749
-1671
-1540
-1403
-1302
-1253
-1186
-1012
-761
-562
-486
-438
-302
-83
132
283
354
399
590
1048
1600
1866
1675
1279
1052
1121
1327
1407
1127
499
-58
-31
583
1172
1173
612
-37
-287
80
834
1279
794
-416
-1409
-1454
-720
42
208
-362
-1252
-1701
-1203
-121
561
264
-596
-1123
-797
202
1231
1595
1067
204
-67
619
1685
2238
1903
1038
331
292
903
1593
1674
1012
168
-160
196
819
1152
943
366
-136
-173
258
725
779
398
-37
-150
102
476
657
469
-3
-452
-600
-469
-369
-563
-1013
-1479
-1738
-1725
-1558
-1468
-1628
-1969
-2209
-2140
-1842
-1580
-1552
-1753
-2015
-2097
-1848
-1361
-944
-836
-999
-1205
-1261
-1095
-747
-379
-208
-311
-513
-544
-255
337
1098
1754
1995
1776
1443
1423
1807
2296
2491
2156
1391
657
519
1102
1876
2121
1595
705
96
173
841
1482
1388
418
-764
-1278
-869
-55
405
112
-716
-1410
-1339
-522
322
443
-202
-950
-1103
-519
352
851
601
-126
-609
-330
512
1198
1193
583
-62
-178
349
1104
1448
1091
353
-127
23
599
1061
1018
509
-57
-245
41
486
642
339
-172
-480
-377
-7
294
294
29
-255
-334
-190
-37
-101
-400
-751
-941
-916
-791
-743
-854
-1078
-1288
-1378
-1357
-1336
-1409
-1558
-1677
-1685
-1571
-1376
-1176
-1076
-1122
-1223
-1237
-1103
-897
-726
-641
-609
-487
-76
656
1411
1743
1527
1088
889
1116
1567
1805
1461
579
-234
-276
534
1517
1875
1361
396
-296
-164
720
1567
1505
438
-804
-1272
-733
269
916
674
-321
-1254
-1302
-446
480
658
32
-780
-1097
-647
276
971
890
200
-339
-160
582
1260
1390
962
344
25
263
830
1201
1059
602
286
347
665
973
1067
906
622
432
441
555
583
472
344
294
291
260
213
188
166
104
1
-152
-381
-644
-804
-805
-784
-913
-1181
-1402
-1443
-1331
-1166
-1074
-1176
-1470
-1719
-1671
-1386
-1158
-1168
-1330
-1476
-1506
-1352
-1021
-709
-671
-892
-1091
-1043
-754
-282
322
819
892
565
271
354
748
1146
1264
898
57
-750
-812
-5
1000
1425
1073
276
-426
-492
266
1256
1498
658
-577
-1261
-1039
-192
703
1013
452
-473
-848
-308
581
1054
903
413
0
0
503
1145
1368
1075
747
837
1235
1520
1458
1115
710
525
725
1117
1241
871
322
99
366
854
1186
1154
779
336
186
458
858
958
652
203
-73
-69
130
344
394
215
-62
-253
-353
-513
-792
-1074
-1241
-1329
-1443
-1638
-1885
-2093
-2124
-1905
-1588
-1465
-1663
-1992
-2147
-1980
-1587
-1207
-1065
-1244
-1564
-1688
-1429
-940
-544
-437
-586
-782
-753
-305
470
1161
1373
1065
559
254
370
839
1315
1375
880
180
-184
40
652
1213
1336
921
230
-236
-148
322
696
639
200
-298
-535
-365
62
409
436
232
93
184
394
525
488
359
319
504
876
1186
1184
887
591
593
934
1376
1580
1352
788
246
82
371
851
1123
965
482
4
-149
113
591
937
914
569
173
4
142
443
667
642
378
54
-137
-135
-32
13
-96
-338
-622
-835
-929
-961
-1025
-1173
-1365
-1522
-1577
-1551
-1517
-1532
-1673
-1839
-1899
-1811
-1593
-1428
-1414
-1485
-1542
-1439
-1192
-966
-858
-902
-975
-905
-659
-303
22
215
307
409
619
905
1148
1186
1008
771
600
601
728
847
881
807
700
674
743
870
957
923
797
625
485
412
366
316
238
142
55
-25
-93
-146
-176
-187
-203
-227
-264
-280
-251
-178
-66
41
114
139
154
189
252
323
356
349
301
237
202
209
251
305
326
308
262
219
227
273
322
336
293
230
183
176
212
259
285
272
232
202
196
213
239
250
226
166
86
11
-58
-125
-202
-291
-385
-479
-567
-638
-691
-723
-744
-744
-731
-729
-741
-774
-804
-804
-773
-720
-679
-682
-712
-727
-680
-560
-392
-211
-57
42
94
132
180
236
281
282
238
176
135
157
242
351
432
454
424
379
344
343
363
359
305
206
104
37
6
-2
-22
-84
-162
-209
-189
-102
-3
45
24
-32
-66
-36
51
147
204
212
211
256
345
442
494
469
395
313
274
306
372
428
439
410
371
353
367
402
419
405
375
352
361
384
405
407
380
335
290
256
247
241
224
186
119
41
-26
-83
-147
-238
-362
-497
-602
-659
-676
-679
-725
-820
-941
-1045
-1078
-1058
-1037
-1042
-1088
-1121
-1100
-1028
-928
-863
-854
-867
-859
-778
-624
-428
-228
-80
9
63
115
185
261
315
327
316
314
353
443
556
646
676
660
629
604
602
598
567
501
410
326
271
244
228
195
146
109
106
141
191
212
190
140
101
101
142
187
206
195
180
193
252
338
398
404
359
294
250
249
276
292
268
215
169
162
200
254
281
262
213
175
184
240
302
324
289
225
178
178
218
258
254
201
128
80
75
84
60
-23
-155
-284
-374
-421
-457
-524
-620
-714
-770
-776
-765
-773
-812
-876
-925
-926
-894
-845
-832
-849
-849
-819
-730
-611
-512
-433
-365
-280
-171
-64
17
60
76
86
111
161
216
263
291
312
350
394
436
465
460
445
423
402
389
365
333
291
247
212
194
186
179
167
150
139
139
157
176
183
169
145
135
151
181
212
219
201
178
165
177
197
200
179
132
80
54
57
73
75
42
-6
-39
-38
-8
28
39
23
5
10
46
99
134
132
108
90
96
126
150
148
114
72
47
46
56
48
9
-50
-100
-125
-132
-136
-160
-213
-268
-300
-306
-293
-287
-308
-352
-392
-403
-379
-342
-313
-316
-339
-350
-330
-269
-193
-137
-116
-121
-126
-108
-70
-27
-5
-14
-34
-41
-22
24
73
100
99
83
70
74
90
101
96
71
36
11
3
11
24
25
17
8
6
19
47
79
102
110
111
122
143
172
204
225
236
241
255
273
291
299
289
265
239
223
214
216
211
191
166
138
124
124
132
138
130
110
92
85
96
117
128
128
113
94
87
94
107
110
95
63
32
15
8
-1
-22
-65
-118
-161
-187
-198
-210
-238
-280
-331
-372
-390
-395
-396
-407
-427
-441
-441
-416
-380
-350
-334
-329
-321
-287
-235
-179
-144
-131
-131
-128
-114
-96
-84
-86
-93
-92
-69
-33
1
22
31
36
41
55
68
67
52
31
20
19
22
21
9
-8
-21
-16
9
45
76
96
120
150
186
226
263
294
322
353
389
427
456
468
470
466
458
448
434
415
387
357
331
312
295
273
244
211
182
160
142
130
112
87
70
56
46
37
23
5
-18
-39
-54
-67
-77
-94
-113
-135
-159
-184
-211
-239
-264
-289
-312
-332
-353
-378
-405
-432
-453
-471
-485
-491
-487
-475
-457
-438
-412
-387
-362
-333
-299
-254
-201
-149
-98
-56
-25
1
26
52
71
85
100
114
129
148
164
171
170
159
146
135
125
116
104
96
84
69
58
43
25
11
7
9
21
39
59
79
97
114
133
153
174
189
204
221
238
258
277
288
291
281
266
253
237
226
215
202
191
180
169
155
136
118
102
89
75
63
54
47
39
31
22
9
-9
-28
-44
-55
-65
-70
-80
-92
-108
-122
-133
-143
-152
-161
-172
-181
-191
-200
-207
-216
-226
-240
-254
-265
-267
-261
-255
-248
-239
-228
-211
-190
-166
-141
-119
-92
-62
-32
-4
19
35
46
52
60
66
68
71
75
86
93
95
97
95
90
81
72
66
57
49
42
31
19
7
-5
-16
-29
-38
-43
-38
-30
-18
-8
2
12
19
26
35
46
57
71
90
105
122
132
138
145
145
141
138
138
139
140
141
142
138
131
124
118
112
104
97
93
90
84
77
73
66
55
42
34
25
15
6
-4
-15
-30
-41
-49
-58
-68
-79
-88
-97
-103
-108
-112
-120
-137
-152
-164
-173
-179
-182
-184
-186
-186
-183
-173
-162
-152
-141
-129
-114
-90
-64
-42
-29
-22
-19
-13
-4
5
12
16
22
27
33
38
40
36
35
31
30
29
24
20
14
9
4
3
-1
-6
-10
-14
-12
-5
4
11
20
27
34
43
51
59
67
77
87
96
106
114
119
122
124
125
127
125
120
116
114
111
108
106
104
99
93
90
89
84
77
72
66
60
57
54
49
39
26
14
6
-1
-9
-17
-31
-44
-55
-66
-71
-75
-83
-93
-101
-106
-107
-109
-113
-120
-131
-139
-143
-144
-145
-148
-151
-155
-150
-143
-135
-126
-119
-112
-98
-79
-59
-45
-37
-34
-28
-21
-15
-6
0
5
10
14
22
29
34
35
34
30
28
29
31
32
29
23
17
13
12
14
15
14
13
13
22
31
38
43
45
47
53
64
77
90
99
105
114
124
130
138
142
140
136
130
130
128
124
124
120
113
104
96
89
81
70
60
51
45
36
29
22
13
3
-6
-13
-21
-31
-44
-58
-68
-76
-83
-89
-95
-106
-117
-126
-131
-135
-136
-138
-142
-141
-141
-142
-141
-140
-141
-136
-130
-122
-111
-102
-91
-83
-72
-59
-45
-33
-26
-20
-15
-4
4
9
10
13
20
26
37
42
42
38
38
43
45
48
44
44
46
46
44
41
37
32
30
31
31
31
33
39
46
49
52
49
48
50
55
64
71
76
80
84
89
89
85
85
82
78
74
69
68
66
63
60
56
48
43
40
37
35
31
24
16
10
6
6
6
1
-8
-18
-26
-32
-35
-39
-46
-56
-64
-73
-81
-83
-86
-92
-100
-106
-107
-106
-102
-98
-97
-99
-102
-99
-92
-87
-84
-82
-80
-74
-66
-55
-44
-38
-33
-25
-15
-7
1
8
14
15
18
22
31
39
45
49
52
54
53
56
57
57
53
51
50
51
51
52
48
40
35
33
34
33
31
31
30
28
25
25
24
24
22
22
25
27
32
35
39
39
39
39
38
35
32
30
30
28
27
27
28
25
23
21
20
19
15
10
6
4
5
8
8
4
-4
-6
-9
-7
-7
-9
-14
-24
-29
-30
-31
-34
-41
-46
-53
-57
-58
-57
-55
-60
-65
-66
-68
-67
-67
-63
-62
-68
-69
-67
-63
-61
-54
-48
-41
-39
-36
-29
-23
-17
-13
-7
-4
-2
1
6
11
16
21
24
27
26
28
33
37
39
40
41
42
41
42
45
45
45
42
38
40
43
48
51
50
46
44
45
47
49
48
45
44
43
46
49
45
42
38
35
35
34
31
28
22
19
20
21
17
14
8
3
1
1
-1
-3
-7
-14
-17
-18
-19
-22
-25
-27
-33
-37
-41
-43
-44
-45
-49
-50
-53
-54
-55
-57
-56
-58
-59
-61
-64
-61
-60
-60
-61
-59
-62
-63
-62
-61
-58
-54
-51
-47
-41
-41
-36
-30
-29
-25
-22
-18
-14
-11
-7
-1
8
12
17
19
22
28
34
42
47
49
52
56
60
63
65
66
69
68
66
68
70
76
78
78
79
78
80
84
85
87
85
85
87
87
86
84
82
79
74
68
64
59
57
51
45
38
30
22
16
8
2
-8
-16
-25
-34
-42
-50
-58
-67
-75
-80
-87
-95
-103
-110
-115
-118
-121
-121
-123
-126
-128
-127
-125
-126
-124
-122
-118
-115
-114
-110
-106
-105
-97
-89
-83
-76
-71
-64
-57
-51
-43
-34
-27
-20
-11
1
11
18
26
33
37
44
53
60
66
71
73
78
83
87
90
92
95
95
97
100
100
101
102
103
103
105
105
103
101
98
99
100
100
99
97
95
92
89
87
86
81
77
77
74
69
65
60
56
52
51
48
45
41
35
27
20
12
4
-1
-6
-16
-27
-38
-49
-59
-69
-80
-91
-103
-114
-124
-133
-140
-152
-158
-164
-171
-174
-177
-179
-180
-182
-179
-175
-172
-166
-158
-152
-144
-134
-124
-112
-96
-84
-76
-71
-62
-52
-40
-29
-15
1
13
21
27
34
47
57
69
83
94
101
109
116
123
127
130
134
140
145
148
150
157
161
158
154
146
138
131
124
123
122
121
113
101
86
72
62
55
51
47
41
32
22
14
5
2
-3
-11
-16
-22
-28
-30
-33
-35
-40
-46
-48
-49
-51
-52
-55
-54
-52
-55
-58
-59
-61
-61
-61
-58
-57
-55
-55
-57
-58
-59
-60
-57
-54
-53
-53
-53
-59
-63
-67
-69
-66
-66
-63
-61
-60
-59
-57
-55
-54
-54
-52
-49
-45
-39
-34
-29
-27
-27
-25
-19
-12
-6
0
7
13
18
25
33
37
40
47
54
62
68
71
74
75
74
78
83
86
86
89
89
89
89
88
91
89
82
81
79
76
70
66
64
58
54
51
50
44
38
34
31
24
18
14
9
2
-2
-3
-5
-10
-16
-22
-25
-28
-29
-30
-31
-36
-41
-43
-42
-42
-43
-43
-44
-46
-46
-43
-43
-45
-47
-47
-47
-49
-48
-49
-48
-50
-55
-54
-50
-48
-47
-44
-43
-45
-45
-44
-41
-42
-42
-39
-35
-34
-35
-32
-33
-34
-32
-26
-22
-21
-20
-19
-18
-14
-10
-4
0
2
8
11
13
19
23
28
32
36
40
44
47
51
57
62
65
65
68
70
72
74
73
75
76
75
75
73
67
66
62
59
58
54
51
46
39
35
31
27
24
20
13
9
5
2
0
-4
-9
-14
-18
-22
-26
-28
-32
-38
-39
-43
-44
-46
-47
-49
-51
-53
-53
-53
-52
-53
-53
-54
-53
-54
-53
-49
-48
-48
-46
-45
-43
-42
-39
-37
-34
-31
-30
-27
-26
-24
-21
-17
-15
-15
-12
-9
-9
-8
-7
-5
-3
-1
1
5
8
8
9
11
14
11
11
13
18
21
23
28
28
27
28
32
37
40
40
41
44
45
46
47
48
48
46
47
51
52
52
51
49
47
45
44
43
41
38
36
35
32
28
23
19
17
15
12
6
2
-2
-4
-5
-7
-12
-18
-23
-27
-29
-28
-30
-34
-37
-40
-41
-39
-43
-43
-45
-45
-44
-45
-45
-45
-45
-43
-42
-39
-39
-38
-37
-35
-31
-28
-26
-24
-24
-22
-19
-17
-11
-7
-5
-5
-1
4
6
9
12
15
17
18
19
20
21
21
22
25
28
30
28
24
22
22
21
23
22
20
19
18
17
18
15
13
12
10
9
9
9
6
5
4
6
9
9
7
5
5
6
5
5
6
4
3
3
3
5
4
2
1
0
-1
-2
0
1
1
0
-1
-2
-1
-2
-1
1
0
-3
-6
-7
-7
-10
-8
-7
-6
-6
-8
-8
-10
-11
-10
-10
-10
-11
-9
-8
-8
-8
-8
-7
-9
-7
-7
-6
-4
-5
-4
-2
-1
-2
-1
1
1
3
5
7
8
8
10
10
6
7
8
9
10
11
10
10
7
7
9
8
