-1
-3
-5
-6
-6
-7
-6
-9
-11
-10
-8
-7
-5
-3
-1
0
-1
1
0
2
2
3
5
7
9
10
12
14
15
13
13
12
12
13
14
15
14
14
14
13
10
8
8
7
7
5
4
3
2
2
-2
-3
-6
-6
-6
-6
-6
-5
-5
-7
-8
-13
-12
-13
-15
-16
-19
-18
-17
-17
-17
-17
-16
-14
-13
-13
-13
-11
-9
-10
-8
-7
-6
-6
-3
-2
-1
-1
2
2
4
5
5
6
8
9
11
14
14
16
18
20
19
18
19
17
14
14
12
7
4
-1
-5
-9
-14
-17
-22
-23
-20
-20
-19
-19
-20
-21
-22
-21
-22
-21
-21
-16
-11
-5
0
5
9
14
19
25
30
34
40
42
41
39
37
34
32
30
30
30
32
35
36
35
30
23
16
8
3
-2
-5
-12
-25
-29
-36
-37
-40
-56
-59
-59
-63
-62
-77
-90
-92
-105
-112
-126
-147
-141
-135
-120
-109
-108
-91
-76
-65
-56
-54
-53
-47
-42
-35
-33
-30
-25
-20
-14
-9
-2
7
19
33
44
57
68
69
69
62
54
54
54
62
78
95
121
134
140
139
132
139
149
162
188
220
268
327
368
404
430
450
485
484
464
431
373
319
237
132
25
-74
-165
-242
-290
-322
-342
-358
-385
-417
-455
-507
-562
-627
-681
-712
-728
-717
-693
-643
-551
-436
-301
-155
-7
130
246
330
381
407
405
385
362
343
344
362
395
440
484
529
570
581
563
522
453
371
271
159
50
-50
-140
-209
-253
-278
-280
-269
-256
-238
-229
-236
-262
-312
-373
-432
-492
-530
-549
-543
-496
-427
-343
-254
-173
-103
-50
-18
-4
-4
-13
-20
-21
-11
8
42
87
136
181
217
244
248
233
201
162
120
80
51
37
38
53
78
113
147
174
187
186
179
161
140
122
107
107
120
152
203
273
364
468
582
691
784
849
876
855
783
659
494
297
86
-128
-332
-510
-653
-761
-831
-868
-877
-867
-854
-844
-846
-865
-897
-942
-988
-1023
-1032
-1004
-933
-812
-645
-437
-204
38
273
482
649
765
825
836
806
743
667
589
524
482
474
494
541
601
664
713
733
723
672
587
475
341
202
68
-46
-134
-189
-210
-205
-181
-146
-114
-87
-79
-95
-134
-192
-265
-341
-410
-462
-489
-490
-468
-425
-371
-308
-253
-207
-177
-164
-168
-187
-211
-237
-256
-263
-257
-240
-214
-184
-150
-118
-94
-80
-77
-84
-89
-89
-79
-60
-31
4
40
77
114
148
178
197
210
218
228
249
282
333
402
496
615
763
931
1102
1250
1346
1371
1314
1175
957
672
344
-7
-352
-659
-900
-1065
-1149
-1166
-1130
-1058
-968
-870
-794
-757
-775
-847
-962
-1091
-1195
-1243
-1213
-1099
-899
-619
-279
97
477
823
1094
1261
1311
1252
1107
907
685
476
306
192
147
177
273
412
564
704
803
843
823
742
615
449
261
66
-111
-249
-337
-365
-341
-283
-214
-148
-100
-88
-115
-182
-278
-394
-518
-629
-705
-741
-731
-684
-601
-494
-383
-279
-191
-124
-82
-68
-76
-99
-136
-170
-190
-183
-147
-98
-47
-6
15
15
-3
-30
-54
-68
-76
-72
-41
19
89
157
210
245
252
230
193
162
143
137
147
195
300
460
666
920
1199
1459
1652
1760
1776
1672
1431
1065
616
127
-383
-871
-1273
-1544
-1692
-1726
-1649
-1464
-1215
-952
-722
-559
-486
-523
-667
-869
-1069
-1217
-1279
-1215
-1005
-657
-211
282
769
1192
1496
1634
1596
1405
1102
732
341
-16
-287
-442
-477
-401
-220
42
345
633
868
1033
1115
1099
988
805
578
324
71
-145
-287
-345
-327
-252
-139
-22
48
51
-6
-104
-226
-369
-508
-614
-672
-690
-677
-628
-560
-493
-450
-427
-405
-367
-315
-259
-205
-156
-112
-75
-44
-24
-16
-38
-87
-151
-220
-275
-298
-297
-273
-233
-176
-95
6
116
237
347
431
478
482
462
422
348
263
206
212
306
483
767
1175
1633
2024
2268
2329
2202
1856
1275
551
-214
-965
-1662
-2240
-2595
-2662
-2490
-2167
-1745
-1276
-802
-378
-79
77
72
-120
-485
-945
-1365
-1584
-1536
-1242
-736
-89
635
1362
1971
2390
2551
2391
1932
1241
462
-224
-724
-998
-1049
-916
-615
-181
338
892
1383
1702
1788
1630
1284
837
346
-131
-542
-859
-1039
-1056
-908
-626
-302
-27
148
206
168
73
-56
-195
-349
-512
-649
-714
-687
-591
-485
-393
-319
-267
-220
-160
-77
26
104
135
145
165
197
206
153
20
-178
-417
-653
-844
-968
-1010
-981
-885
-719
-493
-209
97
387
601
696
682
590
450
290
150
96
164
353
663
1157
1858
2640
3269
3539
3400
2879
2020
900
-325
-1485
-2500
-3335
-3892
-4008
-3620
-2867
-1966
-1068
-247
448
953
1214
1195
859
201
-678
-1558
-2167
-2328
-2026
-1377
-545
350
1219
1961
2460
2592
2315
1667
775
-158
-897
-1258
-1197
-812
-228
467
1218
1937
2485
2747
2685
2318
1694
922
157
-467
-900
-1165
-1270
-1199
-965
-624
-271
-24
47
-71
-313
-596
-863
-1059
-1125
-1036
-845
-617
-367
-108
90
116
-66
-366
-662
-881
-984
-934
-709
-350
63
453
796
1061
1177
1071
746
280
-228
-704
-1097
-1352
-1435
-1358
-1151
-845
-454
2
462
812
937
833
602
345
81
-179
-328
-258
24
441
1051
2024
3274
4312
4666
4320
3548
2446
931
-830
-2408
-3599
-4527
-5182
-5228
-4437
-3106
-1775
-666
325
1247
1950
2265
2136
1550
515
-812
-2043
-2762
-2764
-2151
-1205
-179
790
1657
2354
2723
2566
1811
630
-620
-1586
-2053
-1937
-1288
-295
786
1787
2692
3479
3976
3940
3292
2216
1009
-106
-983
-1504
-1618
-1399
-999
-510
56
640
1046
1054
608
-137
-923
-1537
-1906
-2055
-1994
-1730
-1316
-857
-419
-35
185
87
-336
-867
-1245
-1375
-1323
-1148
-839
-387
151
659
1044
1241
1182
811
183
-491
-999
-1259
-1307
-1166
-842
-384
99
520
827
978
937
689
289
-141
-483
-712
-843
-810
-510
80
914
2032
3426
4774
5529
5384
4500
3136
1375
-670
-2604
-4035
-4908
-5325
-5198
-4343
-2926
-1434
-242
645
1349
1859
2079
1927
1372
411
-831
-2038
-2806
-2871
-2263
-1247
-133
883
1716
2296
2518
2267
1488
294
-1009
-2013
-2411
-2134
-1309
-145
1131
2290
3173
3732
3961
3764
3050
1915
677
-341
-987
-1255
-1162
-769
-214
321
725
985
1077
913
430
-316
-1115
-1725
-2027
-2052
-1858
-1486
-1021
-620
-380
-259
-251
-443
-866
-1369
-1733
-1856
-1738
-1374
-808
-178
352
710
887
867
625
206
-296
-785
-1126
-1199
-965
-509
21
483
779
879
812
610
318
18
-257
-501
-656
-632
-427
-160
147
591
1187
1903
2896
4228
5406
5675
4866
3498
1914
-9
-2154
-3917
-4913
-5404
-5612
-5176
-3800
-1946
-383
625
1354
2016
2490
2575
2181
1302
-1
-1511
-2801
-3409
-3138
-2192
-982
169
1117
1830
2276
2353
1883
800
-600
-1748
-2244
-2040
-1260
-29
1417
2683
3478
3824
3853
3519
2644
1288
-139
-1167
-1633
-1639
-1264
-535
390
1211
1746
2017
2067
1795
1064
-5
-1098
-1922
-2310
-2288
-1993
-1525
-983
-505
-218
-172
-300
-579
-1085
-1727
-2192
-2259
-1945
-1400
-763
-137
337
545
528
351
-6
-499
-977
-1310
-1414
-1233
-778
-128
474
774
811
708
457
66
-371
-738
-911
-877
-702
-394
-10
422
954
1552
2299
3510
5053
6127
6086
5061
3617
1922
-274
-2688
-4508
-5484
-5960
-5929
-4979
-3104
-1076
302
1043
1665
2326
2786
2830
2331
1240
-310
-1943
-3101
-3356
-2752
-1708
-605
362
1164
1829
2281
2311
1694
440
-987
-1930
-2055
-1454
-358
1006
2345
3308
3714
3668
3308
2584
1393
-91
-1397
-2085
-2071
-1583
-815
108
967
1548
1802
1801
1575
1047
202
-770
-1623
-2164
-2250
-1892
-1303
-701
-210
132
274
130
-278
-831
-1466
-2121
-2611
-2696
-2299
-1613
-900
-266
244
497
411
75
-304
-600
-862
-1058
-976
-508
206
903
1330
1421
1221
714
-52
-839
-1400
-1641
-1627
-1457
-1067
-430
307
1061
1830
2623
3627
4979
6232
6616
5836
4333
2546
353
-2252
-4525
-5771
-6170
-6108
-5344
-3536
-1185
641
1505
1844
2145
2384
2332
1886
1016
-254
-1706
-2874
-3263
-2727
-1595
-372
590
1196
1530
1663
1571
1100
138
-1052
-1872
-1871
-1091
133
1543
2904
3826
4024
3614
2916
2066
928
-489
-1770
-2469
-2502
-2047
-1265
-264
771
1554
1936
2000
1827
1349
520
-513
-1456
-2066
-2252
-1999
-1387
-610
120
678
983
916
486
-143
-838
-1517
-2097
-2437
-2391
-2033
-1585
-1129
-703
-383
-260
-353
-466
-418
-265
-88
122
455
921
1308
1432
1262
819
155
-662
-1465
-2037
-2296
-2227
-1896
-1439
-860
-121
775
1779
2885
4388
6236
7509
7347
5852
3746
1401
-1362
-4211
-6203
-6966
-6844
-5989
-4157
-1531
853
2078
2262
2078
1921
1817
1633
1201
302
-1041
-2336
-3005
-2819
-1986
-956
-91
430
624
726
905
1035
815
108
-735
-1032
-496
525
1580
2532
3368
3858
3708
3060
2342
1638
690
-488
-1369
-1473
-961
-365
83
491
885
1020
769
325
-147
-686
-1339
-1926
-2105
-1765
-1114
-402
186
618
940
1104
998
570
-118
-909
-1652
-2222
-2514
-2469
-2168
-1811
-1542
-1381
-1253
-1064
-851
-677
-480
-175
278
789
1214
1520
1670
1545
1107
448
-247
-846
-1355
-1710
-1859
-1827
-1602
-1292
-1024
-783
-522
-68
737
2037
4127
6596
8179
8019
6287
3793
1009
-2153
-5114
-6863
-7293
-6807
-5511
-3229
-302
1947
2632
2220
1574
1239
1297
1510
1567
1011
-209
-1496
-2337
-2515
-2097
-1445
-871
-589
-520
-197
511
1151
1208
581
-200
-474
-134
597
1527
2469
3253
3620
3425
2938
2435
1845
987
-75
-854
-930
-474
117
657
1112
1378
1259
758
66
-676
-1393
-2063
-2567
-2655
-2225
-1363
-310
585
1152
1360
1133
548
-182
-867
-1350
-1684
-1986
-2171
-2163
-2025
-1887
-1897
-2021
-2080
-2041
-1838
-1375
-674
198
1002
1506
1767
1868
1837
1645
1181
565
-20
-543
-909
-1155
-1350
-1434
-1498
-1565
-1467
-1156
-454
652
1838
3364
5417
7217
7690
6376
3873
1108
-1759
-4598
-6497
-6883
-6079
-4665
-2758
-320
1906
2919
2575
1529
604
270
511
1124
1541
1143
72
-1131
-2011
-2294
-2089
-1667
-1183
-778
-339
388
1285
1878
1700
799
-200
-731
-635
-52
810
1878
2911
3472
3432
2981
2382
1675
625
-625
-1397
-1323
-707
-52
510
1100
1496
1310
565
-319
-1000
-1511
-1927
-2023
-1582
-725
148
656
818
790
534
-1
-667
-1090
-1084
-893
-786
-825
-989
-1275
-1770
-2382
-2814
-2902
-2653
-2164
-1481
-642
197
840
1166
1158
968
797
787
944
1112
1180
1023
534
-166
-883
-1545
-2165
-2615
-2496
-1510
403
3215
6299
8331
8207
5968
2673
-722
-3825
-6144
-7063
-6562
-5219
-3493
-1433
649
1872
1684
564
-410
-517
292
1619
2839
3234
2426
698
-1180
-2477
-2923
-2649
-1982
-1165
-211
895
1993
2706
2605
1642
271
-817
-1137
-686
321
1653
2857
3378
3052
2318
1744
1356
868
439
568
1333
2146
2451
2273
1796
821
-827
-2633
-3691
-3668
-3013
-2200
-1261
-180
687
1001
786
324
-188
-683
-985
-876
-369
282
766
817
336
-538
-1510
-2325
-2883
-3131
-3006
-2549
-1953
-1428
-1069
-888
-871
-941
-938
-661
-64
714
1455
1952
2104
1905
1370
617
-130
-743
-1185
-1423
-1391
-1018
-244
1177
3352
5482
6284
5335
3369
1153
-1214
-3511
-4788
-4572
-3708
-3086
-2453
-1313
-298
-446
-1506
-2143
-1646
-325
1404
3259
4494
4100
1938
-858
-2891
-3511
-2811
-1216
685
2257
3105
3226
2741
1621
-47
-1679
-2504
-2213
-1001
862
3003
4597
4730
3367
1438
-172
-1239
-1683
-1103
622
2746
4217
4664
4365
3407
1583
-827
-2801
-3574
-3360
-2747
-1935
-1013
-449
-669
-1415
-2047
-2267
-2132
-1569
-436
994
2089
2426
2024
996
-560
-2215
-3235
-3209
-2445
-1538
-773
-229
-154
-758
-1770
-2565
-2764
-2476
-1917
-1059
125
1299
1956
1925
1435
739
-70
-807
-1098
-726
27
640
927
1028
1229
1972
3463
5062
5627
4659
2718
586
-1434
-3058
-3698
-3269
-2620
-2401
-2209
-1552
-893
-1056
-1972
-2669
-2421
-1255
499
2407
3636
3238
1106
-1658
-3533
-3660
-2227
-78
1929
3234
3617
3206
2298
1100
-213
-1294
-1758
-1430
-368
1189
2752
3573
3043
1340
-564
-1713
-1766
-805
943
2989
4494
4787
3983
2734
1478
273
-773
-1253
-932
-233
274
420
171
-669
-2112
-3632
-4440
-4163
-3020
-1395
358
1709
2123
1606
614
-451
-1402
-2031
-2036
-1387
-611
-275
-439
-911
-1651
-2585
-3287
-3192
-2114
-603
638
1461
1895
1648
630
-705
-1739
-1971
-1473
-684
260
1201
1573
1305
882
766
1478
2982
4447
5123
4721
3305
1404
-522
-2242
-3263
-3384
-3004
-2462
-1783
-1057
-603
-819
-1590
-2150
-1859
-667
922
2113
2229
1029
-1154
-3404
-4625
-4183
-2220
386
2610
3921
4203
3508
2140
551
-789
-1432
-1202
-234
1194
2636
3517
3399
2165
216
-1600
-2537
-2278
-911
1066
2916
4031
4104
3182
1769
579
29
106
544
1062
1432
1393
752
-334
-1428
-2191
-2482
-2213
-1380
-203
823
1151
555
-697
-2039
-2964
-3152
-2520
-1306
-6
853
944
267
-898
-2165
-3161
-3604
-3392
-2564
-1245
248
1413
1873
1610
880
-55
-961
-1476
-1281
-550
108
276
99
18
349
1298
2899
4545
5088
3956
1774
-399
-1960
-2777
-2705
-1780
-661
-87
-51
-169
-547
-1547
-2891
-3585
-2918
-1124
1028
2751
3227
1873
-955
-3822
-5103
-4163
-1659
1179
3275
3984
3268
1707
181
-698
-873
-509
365
1667
3000
3831
3830
2956
1338
-634
-2132
-2321
-1123
786
2588
3688
3742
2671
882
-706
-1327
-965
-13
1203
2278
2723
2272
1093
-344
-1655
-2635
-2962
-2303
-848
710
1778
2076
1529
258
-1327
-2563
-2958
-2589
-1887
-1140
-502
-190
-347
-869
-1523
-2109
-2492
-2596
-2431
-2054
-1561
-1075
-655
-340
-138
86
438
810
1007
870
408
-65
-208
64
889
2366
3963
4599
3611
1480
-721
-2353
-3249
-3090
-1719
89
1159
1096
328
-767
-2081
-3218
-3368
-2118
71
2327
3849
3932
2151
-1093
-4463
-6407
-6043
-3535
75
3343
5042
4737
2943
690
-1080
-1776
-1196
394
2299
3752
4336
4049
2996
1337
-459
-1656
-1786
-995
235
1484
2400
2588
1861
611
-405
-711
-372
314
1055
1506
1298
380
-798
-1656
-1929
-1685
-1068
-299
281
431
257
52
-113
-350
-589
-587
-341
-137
-132
-209
-362
-811
-1526
-2014
-1873
-1293
-781
-599
-749
-1216
-1919
-2486
-2446
-1732
-749
41
474
621
530
235
-86
-129
375
1535
3184
4807
5631
5033
3035
344
-2158
-3863
-4472
-3958
-2716
-1428
-612
-311
-299
-459
-721
-777
-215
979
2239
2834
2354
777
-1581
-3990
-5388
-4967
-2850
-84
2091
2955
2437
930
-865
-2105
-2169
-1063
582
2055
3025
3445
3342
2837
2190
1697
1516
1623
1897
2153
2132
1621
671
-414
-1262
-1516
-1010
32
1084
1637
1477
748
-220
-1050
-1400
-1117
-414
265
600
556
247
-234
-790
-1272
-1519
-1461
-1195
-859
-525
-281
-193
-172
-63
173
418
469
194
-405
-1237
-2047
-2426
-2192
-1585
-957
-507
-301
-325
-562
-915
-1159
-1171
-991
-490
611
2294
4105
5307
5239
3799
1485
-898
-2507
-2906
-2321
-1360
-644
-528
-1000
-1799
-2654
-3295
-3436
-2844
-1474
454
2419
3707
3721
2346
136
-1924
-2906
-2394
-722
1158
2188
1854
458
-1224
-2438
-2662
-1802
-282
1232
2187
2372
1948
1257
595
253
446
1143
2118
3054
3589
3484
2774
1721
727
176
141
414
730
809
439
-306
-1081
-1523
-1493
-1100
-552
-19
274
134
-336
-744
-762
-390
148
630
903
806
188
-821
-1802
-2371
-2445
-2144
-1556
-763
20
487
511
226
-183
-639
-1041
-1198
-1069
-879
-882
-1105
-1416
-1704
-1868
-1659
-836
534
2180
3796
4934
5008
3783
1783
-68
-1186
-1527
-1230
-577
-124
-318
-1077
-1990
-2836
-3593
-4043
-3731
-2517
-840
709
1692
1770
836
-715
-1995
-2196
-1197
468
2058
2953
2848
1884
620
-272
-406
70
718
1226
1463
1337
824
113
-447
-536
-61
823
1880
2806
3230
2963
2164
1192
457
266
623
1240
1717
1750
1298
556
-252
-896
-1201
-1222
-1186
-1205
-1180
-962
-597
-291
-125
-26
16
-60
-248
-489
-761
-1084
-1439
-1643
-1540
-1190
-749
-375
-201
-256
-464
-703
-813
-745
-647
-650
-779
-1008
-1212
-1265
-1243
-1262
-1263
-1047
-330
954
2416
3441
3575
2748
1402
187
-538
-724
-523
-268
-187
-253
-376
-567
-922
-1397
-1694
-1560
-1056
-419
54
-4
-807
-2080
-3128
-3289
-2367
-720
1023
2229
2507
1972
1193
756
921
1555
2266
2648
2525
1963
1158
399
-58
-91
266
822
1352
1692
1696
1311
714
250
224
688
1415
2066
2360
2128
1379
384
-478
-992
-1177
-1172
-1098
-1046
-1084
-1221
-1357
-1376
-1239
-997
-714
-439
-238
-182
-297
-513
-692
-721
-562
-273
21
164
16
-446
-1013
-1387
-1410
-1148
-797
-529
-461
-642
-957
-1179
-1163
-929
-541
-2
663
1285
1612
1518
1065
428
-167
-505
-469
-135
245
405
263
-92
-565
-1088
-1529
-1672
-1364
-678
130
761
935
482
-479
-1497
-2029
-1778
-853
323
1236
1524
1127
288
-604
-1152
-1067
-301
885
2074
2897
3153
2830
2129
1420
1064
1177
1583
1981
2147
1977
1479
795
182
-103
79
647
1334
1824
1860
1325
301
-864
-1685
-1838
-1353
-544
201
553
295
-541
-1611
-2419
-2651
-2313
-1636
-921
-450
-379
-668
-1078
-1324
-1267
-983
-633
-327
-112
-43
-157
-388
-612
-748
-769
-627
-291
102
305
167
-217
-621
-828
-672
-102
692
1323
1500
1246
779
298
-65
-212
-130
31
99
71
4
-152
-516
-1032
-1410
-1385
-935
-252
412
769
564
-194
-1118
-1690
-1651
-1125
-403
276
771
982
881
558
151
-232
-512
-544
-189
515
1309
1848
1925
1584
1057
657
643
1103
1870
2605
2983
2849
2292
1559
929
600
592
776
986
1104
1081
875
444
-156
-748
-1132
-1206
-988
-561
-88
179
50
-440
-1041
-1483
-1671
-1664
-1552
-1436
-1415
-1518
-1654
-1699
-1621
-1500
-1415
-1356
-1254
-1048
-753
-468
-309
-306
-380
-391
-251
52
460
833
1011
915
617
260
-37
-221
-250
-122
104
342
515
584
517
325
95
-48
-31
110
280
374
337
147
-168
-531
-828
-963
-911
-733
-552
-487
-616
-935
-1315
-1540
-1454
-1082
-576
-101
268
526
707
857
995
1080
1056
974
984
1195
1557
1900
2067
1982
1667
1287
1107
1322
1869
2488
2912
2995
2703
2109
1402
782
314
-57
-354
-530
-571
-527
-440
-325
-253
-330
-555
-779
-883
-911
-975
-1086
-1186
-1262
-1359
-1487
-1606
-1740
-1992
-2393
-2796
-2963
-2779
-2311
-1711
-1118
-637
-334
-183
-57
195
600
1027
1297
1362
1314
1260
1204
1080
852
537
188
-93
-172
-26
176
183
-142
-703
-1245
-1511
-1383
-971
-559
-385
-498
-775
-1036
-1126
-958
-593
-218
10
70
17
-119
-325
-536
-666
-670
-522
-210
225
669
1006
1191
1265
1301
1387
1605
1957
2350
2661
2829
2851
2728
2477
2159
1851
1604
1435
1358
1367
1390
1308
1058
664
210
-181
-391
-331
-45
279
439
336
-27
-602
-1284
-1880
-2201
-2198
-1979
-1678
-1362
-1098
-961
-995
-1135
-1289
-1461
-1684
-1927
-2065
-2020
-1845
-1656
-1503
-1377
-1273
-1168
-987
-641
-143
372
785
1101
1352
1522
1575
1525
1428
1273
1005
659
341
106
-82
-279
-482
-683
-937
-1263
-1558
-1686
-1607
-1391
-1123
-854
-656
-616
-701
-769
-724
-595
-453
-318
-166
-6
171
424
765
1090
1282
1338
1361
1408
1478
1598
1767
1948
2072
2115
2109
2062
1935
1746
1598
1604
1810
2139
2435
2532
2309
1757
994
225
-330
-555
-480
-233
20
124
-27
-459
-1079
-1699
-2151
-2336
-2247
-1961
-1610
-1339
-1247
-1329
-1507
-1674
-1751
-1685
-1467
-1144
-829
-627
-594
-692
-825
-893
-806
-544
-183
129
283
259
127
1
-42
33
206
402
569
675
723
740
717
632
468
240
4
-191
-352
-517
-719
-990
-1305
-1578
-1713
-1671
-1514
-1341
-1220
-1198
-1261
-1303
-1182
-827
-292
327
958
1505
1842
1915
1776
1555
1378
1316
1398
1605
1840
1986
1973
1839
1680
1561
1516
1571
1732
1952
2130
2169
2012
1635
1073
450
-45
-274
-222
27
316
457
309
-109
-638
-1085
-1319
-1302
-1104
-890
-825
-966
-1254
-1592
-1899
-2116
-2193
-2122
-1934
-1679
-1403
-1158
-1010
-982
-1004
-946
-719
-332
132
575
897
1007
921
770
689
686
686
633
505
295
14
-269
-467
-538
-508
-410
-273
-147
-96
-167
-368
-644
-889
-990
-913
-749
-638
-680
-885
-1204
-1528
-1709
-1660
-1421
-1117
-840
-595
-356
-101
179
508
896
1313
1719
2081
2386
2615
2724
2688
2556
2400
2276
2187
2112
2027
1911
1759
1601
1467
1369
1296
1215
1097
937
752
566
361
121
-156
-444
-699
-892
-1027
-1136
-1260
-1413
-1588
-1741
-1811
-1768
-1652
-1552
-1524
-1554
-1602
-1637
-1625
-1521
-1316
-1068
-862
-716
-611
-540
-505
-473
-389
-216
27
294
552
783
945
995
937
811
692
607
549
523
529
525
441
241
-41
-362
-694
-1009
-1258
-1396
-1437
-1431
-1408
-1383
-1352
-1314
-1248
-1126
-941
-697
-427
-164
82
304
491
625
692
722
741
760
796
865
977
1110
1260
1458
1720
2006
2260
2447
2551
2565
2506
2413
2305
2138
1859
1477
1051
682
450
385
443
508
455
215
-194
-674
-1113
-1424
-1569
-1566
-1462
-1322
-1209
-1169
-1225
-1380
-1589
-1782
-1883
-1853
-1716
-1517
-1304
-1118
-954
-788
-607
-420
-260
-157
-96
-50
23
152
318
476
580
586
516
419
326
257
193
95
-34
-185
-324
-403
-422
-425
-468
-605
-823
-1060
-1259
-1355
-1342
-1260
-1152
-1063
-1005
-944
-853
-732
-593
-458
-323
-165
36
291
593
912
1223
1504
1752
1978
2175
2312
2350
2263
2085
1895
1775
1787
1931
2142
2309
2326
2169
1898
1590
1299
1044
836
682
560
436
284
89
-139
-364
-524
-590
-607
-661
-825
-1113
-1473
-1807
-2034
-2119
-2083
-1975
-1842
-1722
-1645
-1617
-1645
-1722
-1797
-1779
-1600
-1258
-819
-354
59
361
523
571
571
571
587
626
690
745
745
678
571
454
299
74
-219
-540
-827
-1035
-1124
-1085
-975
-865
-792
-765
-782
-861
-997
-1155
-1286
-1357
-1357
-1277
-1124
-928
-712
-482
-249
-24
189
396
618
875
1173
1503
1826
2102
2310
2440
2495
2504
2506
2534
2581
2619
2620
2573
2482
2361
2239
2131
2018
1858
1602
1237
792
331
-73
-362
-512
-543
-525
-564
-704
-931
-1186
-1432
-1637
-1774
-1855
-1921
-1991
-2044
-2051
-2011
-1950
-1878
-1781
-1650
-1493
-1320
-1138
-964
-823
-712
-586
-408
-180
58
279
468
602
659
653
615
548
420
226
16
-154
-275
-351
-369
-348
-348
-433
-582
-729
-850
-967
-1087
-1193
-1276
-1352
-1412
-1413
-1330
-1193
-1051
-905
-729
-517
-302
-121
29
172
327
521
792
1168
1584
1923
2103
2147
2122
2083
2070
2122
2251
2408
2531
2612
2690
2769
2802
2743
2599
2386
2090
1722
1329
970
669
426
243
114
-12
-195
-455
-772
-1110
-1430
-1685
-1826
-1866
-1838
-1774
-1715
-1693
-1725
-1773
-1784
-1731
-1607
-1437
-1258
-1124
-1077
-1092
-1122
-1119
-1060
-928
-736
-531
-349
-198
-55
104
274
437
579
672
689
629
517
369
179
-58
-317
-559
-748
-870
-919
-929
-968
-1088
-1286
-1508
-1685
-1777
-1759
-1631
-1437
-1217
-1008
-800
-564
-318
-76
151
356
540
686
814
976
1191
1444
1702
1938
2141
2280
2334
2316
2251
2169
2102
2069
2119
2249
2404
2518
2536
2447
2261
1995
1710
1446
1213
998
765
524
294
81
-101
-267
-444
-647
-894
-1157
-1385
-1551
-1646
-1701
-1750
-1799
-1845
-1880
-1886
-1862
-1809
-1742
-1659
-1534
-1345
-1100
-833
-588
-384
-223
-106
-11
65
117
135
113
70
20
-33
-92
-160
-217
-243
-231
-194
-175
-204
-305
-475
-670
-838
-929
-945
-914
-872
-856
-882
-947
-1039
-1140
-1239
-1321
-1373
-1365
-1276
-1101
-863
-592
-312
-35
250
558
883
1199
1474
1687
1845
1969
2087
2214
2353
2481
2568
2599
2572
2499
2395
2278
2172
2095
2040
1969
1842
1636
1352
1033
743
549
470
461
452
354
130
-210
-603
-964
-1222
-1356
-1397
-1392
-1393
-1429
-1506
-1604
-1694
-1754
-1767
-1723
-1617
-1450
-1238
-1010
-805
-653
-558
-499
-437
-329
-147
83
307
466
522
469
333
169
23
-78
-123
-129
-127
-138
-190
-296
-454
-644
-833
-995
-1105
-1161
-1176
-1170
-1166
-1181
-1224
-1283
-1339
-1369
-1345
-1260
-1118
-936
-746
-565
-406
-259
-106
69
276
513
767
1019
1250
1445
1596
1709
1797
1874
1954
2045
2141
2229
2294
2327
2331
2315
2279
2221
2122
1969
1751
1474
1170
876
628
438
300
191
79
-54
-222
-415
-607
-781
-912
-993
-1031
-1045
-1055
-1087
-1149
-1225
-1293
-1321
-1297
-1220
-1112
-1005
-916
-856
-805
-739
-637
-498
-339
-172
-33
70
139
186
225
263
291
300
282
223
128
8
-132
-280
-442
-608
-773
-921
-1034
-1111
-1156
-1179
-1198
-1228
-1257
-1273
-1264
-1220
-1158
-1088
-1022
-958
-894
-812
-704
-569
-417
-256
-88
80
258
456
668
891
1108
1305
1477
1630
1767
1887
1978
2023
2019
1974
1916
1883
1887
1919
1947
1935
1859
1717
1528
1318
1112
927
771
634
505
366
196
-7
-230
-458
-663
-832
-966
-1071
-1155
-1213
-1240
-1227
-1173
-1101
-1027
-972
-934
-894
-829
-736
-621
-500
-399
-326
-279
-249
-226
-196
-148
-73
30
143
242
292
272
193
88
-7
-66
-99
-133
-198
-309
-453
-610
-759
-896
-1015
-1119
-1205
-1270
-1317
-1353
-1383
-1403
-1397
-1345
-1247
-1122
-998
-893
-799
-693
-550
-370
-171
19
192
361
550
765
987
1188
1344
1461
1566
1684
1815
1941
2033
2070
2050
1993
1924
1864
1824
1805
1788
1742
1639
1461
1228
983
775
635
545
462
333
136
-107
-348
-537
-654
-719
-761
-812
-886
-978
-1076
-1166
-1226
-1243
-1208
-1127
-1016
-899
-793
-708
-639
-586
-535
-482
-418
-332
-228
-115
-20
39
59
45
18
-5
-25
-50
-94
-167
-268
-388
-507
-616
-698
-748
-775
-788
-800
-824
-854
-883
-893
-877
-841
-799
-771
-772
-795
-826
-842
-826
-770
-678
-556
-409
-237
-45
163
372
570
753
917
1076
1232
1385
1530
1653
1732
1761
1750
1722
1700
1706
1745
1800
1833
1817
1735
1598
1431
1265
1116
991
878
759
621
456
271
79
-103
-256
-381
-480
-567
-664
-778
-907
-1027
-1118
-1165
-1169
-1140
-1096
-1054
-1025
-1006
-995
-982
-943
-872
-761
-627
-495
-397
-345
-329
-313
-269
-176
-51
66
140
142
76
-35
-156
-260
-332
-365
-377
-379
-393
-436
-514
-616
-722
-796
-823
-801
-752
-710
-689
-689
-694
-685
-642
-570
-473
-369
-270
-181
-109
-48
3
61
142
257
409
578
742
883
997
1097
1205
1323
1439
1528
1577
1584
1573
1569
1584
1606
1624
1627
1607
1566
1490
1364
1180
951
710
503
353
258
185
94
-29
-180
-344
-506
-659
-798
-904
-955
-941
-873
-796
-753
-765
-811
-857
-869
-844
-799
-757
-724
-701
-673
-647
-626
-608
-581
-522
-425
-305
-193
-126
-112
-137
-178
-216
-254
-295
-346
-405
-461
-504
-532
-551
-564
-582
-608
-651
-715
-796
-882
-946
-958
-909
-805
-669
-530
-413
-318
-243
-175
-96
3
122
258
402
535
651
743
818
890
970
1068
1182
1300
1404
1474
1497
1480
1445
1407
1388
1393
1407
1405
1368
1290
1177
1050
935
838
761
692
613
509
374
215
49
-106
-232
-324
-387
-437
-493
-570
-679
-812
-949
-1055
-1105
-1086
-1008
-905
-811
-745
-715
-708
-703
-680
-623
-532
-412
-293
-189
-128
-108
-119
-146
-167
-180
-194
-218
-266
-333
-406
-472
-519
-540
-538
-517
-493
-484
-499
-537
-582
-609
-599
-545
-468
-403
-385
-426
-513
-610
-671
-655
-558
-407
-235
-76
49
147
238
343
471
605
728
826
894
938
978
1021
1061
1095
1114
1124
1131
1149
1175
1194
1186
1142
1061
974
914
890
894
891
837
717
543
353
192
90
51
47
51
36
-20
-111
-226
-346
-455
-539
-591
-612
-608
-594
-584
-586
-600
-619
-635
-636
-606
-543
-453
-359
-277
-222
-197
-190
-186
-169
-139
-104
-76
-62
-71
-99
-140
-193
-252
-322
-407
-498
-588
-661
-705
-718
-711
-699
-699
-720
-748
-775
-783
-759
-708
-634
-547
-463
-384
-315
-261
-225
-195
-160
-109
-33
69
190
319
430
507
535
535
541
575
667
807
972
1135
1251
1297
1267
1174
1078
997
942
919
901
890
870
820
745
638
514
400
301
231
189
173
170
158
117
36
-77
-205
-319
-393
-414
-379
-310
-244
-205
-209
-260
-330
-396
-427
-408
-349
-274
-217
-203
-221
-260
-291
-296
-282
-248
-206
-169
-145
-130
-126
-132
-152
-188
-244
-312
-374
-420
-436
-430
-424
-427
-449
-484
-518
-556
-581
-591
-593
-571
-537
-492
-428
-356
-294
-255
-236
-227
-201
-139
-37
81
190
261
285
276
259
256
284
346
428
511
580
625
646
650
650
653
662
684
711
736
750
740
705
655
605
563
532
510
485
448
390
316
233
152
78
14
-39
-84
-122
-154
-174
-179
-176
-167
-155
-145
-140
-138
-137
-132
-128
-126
-133
-149
-169
-186
-198
-206
-212
-222
-239
-259
-275
-284
-280
-271
-262
-262
-277
-305
-340
-376
-408
-434
-454
-470
-489
-509
-524
-540
-553
-565
-571
-564
-548
-521
-483
-447
-410
-373
-336
-288
-228
-153
-76
-5
53
101
142
184
234
288
340
387
422
447
469
486
505
525
540
557
578
598
619
627
627
621
605
583
555
523
495
466
436
409
376
343
302
256
203
148
97
49
7
-27
-56
-78
-96
-111
-126
-135
-135
-134
-132
-131
-127
-121
-112
-98
-84
-75
-71
-75
-86
-103
-121
-142
-162
-182
-207
-229
-252
-271
-288
-302
-315
-332
-349
-369
-386
-391
-385
-368
-341
-322
-313
-313
-328
-345
-362
-373
-374
-367
-351
-333
-318
-303
-287
-271
-252
-228
-190
-135
-57
26
102
166
213
249
279
308
343
374
403
423
432
440
447
453
460
459
451
439
431
429
435
440
439
421
386
345
305
283
271
262
246
214
173
131
91
60
35
18
9
9
19
35
50
52
34
-4
-52
-97
-122
-125
-106
-86
-78
-85
-107
-133
-158
-179
-199
-215
-229
-238
-231
-216
-198
-192
-204
-239
-288
-340
-384
-402
-397
-377
-354
-346
-349
-355
-355
-340
-314
-280
-245
-212
-181
-152
-124
-102
-86
-73
-72
-72
-71
-62
-37
-4
30
55
72
82
95
123
162
204
241
265
275
284
289
298
305
311
318
327
337
348
353
347
330
304
276
250
228
219
218
219
219
211
192
167
135
101
71
51
44
46
55
68
73
70
62
49
34
16
-6
-32
-60
-87
-98
-97
-86
-79
-85
-98
-117
-130
-135
-136
-135
-145
-167
-193
-221
-242
-258
-267
-274
-279
-283
-295
-307
-314
-317
-314
-302
-297
-296
-291
-289
-285
-271
-253
-243
-231
-210
-193
-166
-125
-86
-52
-22
-7
-1
12
28
51
86
117
129
139
143
138
147
174
201
234
274
300
312
325
332
334
350
374
384
395
393
364
338
308
268
245
242
230
219
216
185
136
97
56
25
22
33
40
55
65
48
24
3
-20
-27
-10
3
16
32
28
13
-3
-22
-46
-50
-45
-48
-47
-46
-59
-71
-81
-103
-128
-139
-152
-169
-172
-182
-195
-192
-195
-211
-222
-237
-258
-274
-276
-270
-258
-231
-212
-206
-202
-204
-211
-197
-172
-143
-106
-70
-49
-40
-30
-27
-19
2
20
38
59
73
72
69
69
71
80
97
106
112
124
130
133
139
135
135
138
142
142
143
146
149
153
157
148
134
123
109
98
93
88
89
95
100
100
93
81
62
50
45
42
45
46
48
49
45
32
18
6
-4
-7
-5
-5
-3
-3
-7
-14
-22
-26
-30
-32
-32
-35
-41
-50
-57
-61
-64
-67
-70
-78
-88
-98
-107
-115
-122
-123
-120
-118
-122
-129
-140
-151
-153
-154
-148
-140
-132
-125
-119
-117
-113
-108
-101
-94
-84
-71
-60
-46
-32
-20
-12
-2
8
18
30
43
56
71
87
97
101
106
107
110
116
124
134
146
152
158
157
148
136
126
123
124
125
127
124
118
112
103
96
93
89
89
87
82
78
79
83
88
92
92
86
76
63
49
41
40
43
50
57
53
42
21
-3
-24
-40
-48
-50
-49
-49
-58
-76
-101
-128
-153
-171
-175
-174
-170
-171
-180
-196
-219
-242
-262
-274
-268
-250
-230
-209
-198
-200
-215
-232
-240
-232
-212
-178
-140
-106
-84
-74
-72
-71
-69
-59
-36
-6
21
43
65
83
95
101
108
121
138
144
146
154
161
168
173
187
209
210
183
150
132
131
129
133
158
194
217
202
160
115
88
76
76
91
126
165
186
177
139
85
36
10
21
56
94
118
122
109
79
28
-28
-62
-55
-17
19
25
4
-31
-63
-91
-111
-120
-124
-122
-121
-119
-119
-128
-147
-167
-182
-193
-197
-197
-194
-187
-177
-170
-172
-177
-188
-194
-191
-183
-164
-146
-131
-124
-122
-117
-109
-94
-76
-62
-51
-41
-29
-18
-2
17
37
59
74
79
78
78
84
97
117
141
159
170
175
171
164
158
157
162
169
173
180
185
183
174
163
151
137
121
110
105
109
107
102
97
89
77
54
35
23
19
17
14
18
25
25
13
-6
-21
-33
-40
-40
-35
-29
-31
-42
-56
-65
-71
-74
-74
-73
-71
-75
-83
-89
-98
-104
-113
-121
-128
-134
-140
-144
-145
-142
-145
-149
-156
-161
-158
-151
-144
-139
-132
-124
-114
-103
-96
-90
-81
-72
-63
-48
-27
-4
19
42
58
71
82
91
95
103
118
135
153
160
159
152
138
131
127
130
134
141
143
142
137
123
108
93
82
77
76
76
73
65
52
39
26
17
10
7
1
0
-3
-2
-2
-6
-10
-16
-14
-12
-12
-14
-14
-8
-2
4
7
7
-1
-19
-35
-43
-45
-42
-39
-33
-31
-37
-53
-73
-90
-97
-98
-92
-83
-76
-79
-89
-105
-116
-121
-120
-114
-105
-96
-91
-89
-91
-92
-89
-81
-73
-62
-49
-33
-20
-8
1
8
21
28
32
41
55
73
86
93
97
102
102
98
92
94
99
104
103
99
92
84
75
67
62
62
61
52
42
31
29
25
23
22
23
25
23
17
13
13
12
10
6
3
6
11
12
9
9
7
2
-6
-9
-7
-4
1
0
-3
-7
-13
-18
-21
-21
-20
-21
-20
-23
-23
-26
-31
-35
-35
-38
-41
-44
-46
-49
-53
-55
-57
-59
-60
-61
-63
-63
-64
-67
-69
-69
-70
-67
-66
-62
-60
-55
-49
-45
-41
-35
-30
-23
-17
-11
-1
10
18
25
30
34
38
42
50
58
65
74
78
80
78
74
69
66
68
73
76
74
72
66
59
54
49
46
45
46
42
37
30
25
18
14
9
5
3
0
-1
-1
-4
-8
-9
-8
-6
-4
-3
-1
1
4
8
7
4
3
1
1
1
3
4
0
-4
-6
-9
-14
-17
-24
-30
-33
-37
-39
-42
-50
-58
-67
-71
-70
-68
-68
-69
-73
-76
-77
-75
-71
-70
-67
-62
-56
-47
-39
-38
-35
-30
-21
-12
-5
-2
0
6
16
26
32
39
40
40
42
45
50
55
56
56
59
61
61
61
60
56
50
48
50
52
53
51
49
47
45
42
40
42
42
40
35
31
31
34
33
30
28
29
27
25
24
22
21
18
15
11
10
9
8
4
-2
-3
-4
-8
-15
-24
-28
-29
-28
-34
-42
-49
-54
-55
-60
-65
-69
-73
-74
-77
-82
-83
-85
-87
-91
-94
-94
-91
-85
-83
-82
-83
-75
-67
-64
-60
-56
-47
-38
-33
-28
-24
-17
-9
-1
3
6
12
19
26
31
34
40
47
53
59
64
67
73
77
83
89
93
96
98
102
107
111
113
115
115
117
115
111
109
105
103
99
93
87
83
84
83
76
68
62
59
55
50
45
40
36
32
25
20
14
7
2
-4
-13
-22
-29
-36
-47
-57
-67
-78
-88
-99
-110
-121
-132
-144
-156
-166
-174
-183
-189
-195
-198
-203
-205
-204
-203
-201
-198
-194
-189
-181
-169
-156
-144
-130
-115
-98
-79
-64
-46
-29
-12
3
19
34
49
62
75
87
99
111
120
128
136
141
145
150
155
157
158
159
157
156
155
156
155
153
149
147
145
144
140
138
134
129
125
117
112
106
102
98
92
87
81
73
64
57
48
38
28
20
12
4
-5
-14
-23
-34
-44
-55
-65
-73
-81
-90
-100
-108
-118
-123
-131
-137
-143
-149
-155
-160
-165
-169
-172
-176
-179
-180
-179
-177
-176
-172
-167
-161
-153
-146
-138
-125
-114
-101
-88
-74
-60
-47
-33
-21
-7
5
17
30
43
56
64
74
81
92
102
109
116
123
127
132
139
143
148
152
154
153
151
150
146
146
145
142
138
134
131
126
120
110
100
93
86
83
80
76
68
58
49
40
31
24
18
14
8
3
-1
-9
-16
-25
-33
-40
-46
-48
-49
-52
-56
-63
-70
-77
-80
-82
-81
-84
-87
-92
-95
-94
-100
-104
-106
-107
-100
-98
-99
-96
-98
-94
-89
-88
-81
-78
-71
-62
-58
-52
-49
-45
-37
-32
-26
-19
-12
-4
6
10
13
16
18
25
33
38
45
48
46
45
46
46
48
47
45
45
45
47
44
36
32
30
30
31
28
29
31
26
26
20
17
19
17
18
15
11
10
10
9
8
7
5
5
5
6
7
7
6
4
3
2
0
0
-1
-2
-2
-4
-5
-5
-5
-6
-8
-10
-14
-16
-17
-20
-21
-21
-23
-22
-24
-24
-22
-24
-24
-25
-25
-23
-23
-20
-21
-22
-22
-21
-18
-15
-12
-9
-9
-7
-5
-5
-4
-1
0
2
4
5
6
7
9
12
12
10
10
11
13
14
16
16
16
16
15
14
12
12
12
12
13
13
13
13
13
15
15
13
14
15
13
11
11
12
14
14
14
12
14
12
12
14
13
11
11
10
11
11
12
9
5
5
3
3
2
0
-1
-4
-6
-8
-9
-10
-12
-13
-15
-16
-20
-19
-20
-20
-20
-23
