16
14
15
13
10
7
5
7
6
6
5
5
5
7
5
2
4
2
-1
-1
-5
-5
-7
-7
-9
-10
-8
-8
-10
-8
-7
-10
-13
-14
-11
-8
-9
-12
-10
-10
-9
-10
-11
-9
-9
-10
-10
-7
-5
-4
-2
1
4
3
4
3
5
5
3
3
4
9
13
15
13
13
12
11
12
11
13
14
14
17
18
17
10
5
-1
-3
-4
-4
-2
3
8
10
10
7
3
2
1
2
-1
-7
-11
-14
-14
-15
-17
-17
-14
-13
-11
-11
-10
-7
-6
-6
-10
-17
-16
-15
-14
-12
-11
-11
-12
-11
-6
-3
-1
1
5
5
6
6
7
7
8
11
14
14
14
12
11
9
9
11
13
15
14
13
10
4
-1
-5
-4
-4
-3
1
14
37
46
48
48
36
27
2
-20
-39
-58
-72
-79
-57
-32
-3
38
84
97
112
131
163
216
277
377
490
520
551
524
349
47
-373
-790
-1292
-1677
-1904
-1948
-1707
-1460
-997
-376
205
689
1074
1340
1309
1124
785
431
44
-380
-661
-830
-914
-971
-904
-706
-547
-409
-257
-83
99
299
492
786
1121
1511
2059
2437
2580
2671
2360
1733
880
-119
-938
-1681
-2151
-2240
-1958
-1277
-433
519
1410
2026
2388
2486
2321
1941
1337
601
-23
-636
-1187
-1583
-1882
-2064
-2138
-2075
-1827
-1396
-924
-372
186
641
980
1135
1075
728
185
-397
-912
-1329
-1563
-1577
-1361
-992
-572
-179
137
378
479
487
387
215
19
-189
-345
-396
-374
-225
29
401
969
1599
2458
3250
3565
3421
2871
1958
618
-1180
-3025
-4469
-5555
-6100
-5926
-4869
-3186
-1386
418
1990
3162
3833
3885
3376
2531
1449
436
-344
-1005
-1395
-1521
-1528
-1516
-1479
-1426
-1386
-1354
-1261
-941
-423
236
952
1774
2569
3072
3335
3369
3149
2736
2162
1503
1040
729
475
308
-19
-464
-960
-1491
-1953
-2218
-2192
-1779
-985
103
1370
2537
3422
3763
3517
2719
1439
-39
-1450
-2653
-3541
-3947
-3855
-3276
-2468
-1656
-889
-233
218
486
667
733
753
731
674
508
182
-301
-866
-1470
-2085
-2517
-2621
-2385
-1853
-1018
-109
761
1464
1841
1950
1738
1293
733
128
-343
-654
-795
-587
-243
213
751
1103
1453
1614
1742
2341
2896
2920
2532
1888
1238
212
-1366
-2767
-3808
-4547
-4869
-4539
-3372
-1810
-245
1210
2246
2787
2910
2620
2098
1345
489
-85
-451
-783
-984
-1161
-1478
-1896
-2342
-2639
-2711
-2565
-2026
-974
428
1874
3176
4264
4908
4918
4386
3494
2407
1288
267
-418
-564
-441
-396
-516
-843
-1247
-1630
-1996
-2110
-1704
-818
375
1725
3038
4062
4437
3959
2728
1054
-747
-2435
-3724
-4388
-4446
-3921
-2946
-1854
-818
-91
183
188
53
-104
-165
-150
-44
97
160
99
-159
-570
-1090
-1635
-1988
-2079
-1817
-1165
-355
459
1156
1564
1633
1349
769
191
-325
-779
-993
-991
-683
-180
239
567
760
786
765
691
749
1164
1676
2450
3496
4286
4480
3894
2823
1412
-621
-2932
-4743
-5789
-6120
-5775
-4578
-2615
-593
1147
2497
3289
3497
3186
2675
2129
1513
1016
737
420
-110
-855
-1796
-2926
-4115
-4933
-5064
-4569
-3471
-1706
545
2804
4617
5800
6274
5913
4800
3258
1675
312
-715
-1311
-1478
-1317
-1023
-857
-881
-921
-983
-1127
-1190
-906
-149
835
1708
2369
2811
2866
2324
1243
-109
-1454
-2566
-3305
-3582
-3331
-2662
-1805
-909
-185
216
298
150
-92
-374
-609
-680
-552
-282
-47
47
9
-208
-529
-812
-1079
-1200
-1061
-750
-275
240
674
1027
1197
1147
922
599
303
117
41
93
252
428
516
435
353
345
275
167
174
420
897
1427
2077
3363
4666
4900
4034
2576
1087
-811
-3332
-5487
-6568
-6748
-6207
-4904
-2779
-399
1441
2726
3353
3350
2866
2087
1442
925
495
240
92
-206
-798
-1807
-3131
-4336
-5046
-5033
-4277
-2794
-644
1895
4180
5733
6440
6289
5318
3675
1837
267
-852
-1412
-1514
-1333
-1004
-834
-954
-1267
-1662
-1866
-1686
-1132
-144
1201
2564
3673
4261
4172
3407
2045
347
-1332
-2650
-3385
-3544
-3237
-2529
-1648
-829
-226
89
254
244
123
98
158
200
194
60
-216
-593
-1055
-1448
-1680
-1702
-1423
-839
-147
477
964
1219
1183
884
406
-184
-676
-933
-910
-721
-521
-228
65
239
242
52
-29
5
108
307
526
902
1440
2118
2626
3185
3943
4110
3428
2120
696
-723
-2657
-4691
-5812
-5998
-5631
-4852
-3422
-1385
425
1655
2395
2774
2837
2548
2239
2121
1978
1699
1352
822
-39
-1283
-2760
-4046
-4778
-4819
-4101
-2641
-637
1565
3495
4838
5489
5400
4643
3446
2098
889
9
-466
-646
-737
-834
-848
-829
-985
-1147
-1098
-749
-128
550
1269
1989
2433
2461
2044
1231
239
-841
-1860
-2583
-2998
-3066
-2841
-2400
-1778
-1217
-879
-589
-297
-60
144
257
419
627
630
459
126
-305
-727
-1211
-1599
-1769
-1733
-1382
-839
-329
98
414
615
754
712
509
405
314
326
557
609
598
673
619
478
119
-233
-301
-263
-73
276
712
1268
1942
2560
2984
3681
4535
4559
3458
1746
143
-1537
-3751
-5628
-6366
-6204
-5633
-4636
-2759
-492
1174
2123
2633
2860
2718
2274
2059
2074
1850
1327
751
19
-1210
-2795
-4310
-5402
-5804
-5424
-4136
-2135
69
2163
3838
4861
5121
4704
3957
3052
2137
1406
966
838
693
289
-290
-977
-1664
-2149
-2067
-1422
-617
264
1221
2124
2670
2575
2053
1384
615
-177
-842
-1193
-1206
-1100
-1113
-1256
-1374
-1420
-1439
-1384
-1130
-664
-111
413
773
878
655
45
-739
-1499
-2105
-2391
-2298
-1769
-1000
-286
280
679
910
872
664
458
232
89
15
-69
-111
-208
-403
-664
-1008
-1108
-827
-507
-246
-32
267
707
987
1163
1267
1215
1138
908
966
1482
1906
2665
3510
3572
2792
1269
-200
-1561
-3446
-4970
-5412
-4945
-3968
-2883
-1348
347
1392
1924
2132
2221
2282
2213
2458
2827
2689
2106
1236
19
-1689
-3628
-5088
-5686
-5485
-4530
-2782
-533
1689
3470
4573
5011
4784
4048
3159
2302
1675
1232
867
629
300
-220
-916
-1689
-2294
-2515
-2092
-1282
-460
424
1249
1870
2087
1778
1358
901
246
-439
-989
-1250
-1382
-1612
-1851
-2084
-2256
-2228
-1947
-1433
-846
-256
334
759
837
480
-144
-776
-1315
-1682
-1728
-1426
-1001
-590
-137
248
469
508
369
226
174
191
263
296
283
191
-107
-459
-625
-608
-440
-177
148
598
985
1248
1575
1791
1829
1717
1470
1321
1054
694
745
990
1427
2341
3114
3167
2355
1085
-28
-1417
-3165
-4306
-4468
-4084
-3715
-3076
-1579
39
886
1216
1538
1928
2087
2077
2314
2445
1939
1091
115
-1185
-2737
-4227
-5201
-5384
-4915
-3813
-2066
-125
1504
2668
3363
3569
3363
3011
2705
2442
2248
2119
1937
1516
666
-447
-1525
-2477
-3132
-3302
-2905
-2017
-889
303
1426
2300
2761
2747
2448
2008
1422
773
72
-614
-1189
-1680
-2009
-2150
-2157
-1982
-1619
-1053
-384
234
735
1001
1015
823
402
-104
-574
-1027
-1405
-1631
-1614
-1298
-816
-359
11
302
558
774
873
845
683
376
83
-137
-432
-798
-1098
-1276
-1353
-1321
-972
-269
443
1037
1557
1967
2241
2169
1757
1249
608
-81
-561
-546
-18
520
1138
2102
2754
2518
1563
512
-427
-1737
-3044
-3419
-2978
-2438
-2038
-1320
-244
427
523
604
982
1372
1506
1749
2184
2239
1660
721
-332
-1544
-2837
-3750
-4016
-3717
-2997
-1953
-648
607
1481
2028
2351
2521
2646
2731
2794
2855
2871
2660
1937
788
-424
-1575
-2620
-3383
-3643
-3276
-2430
-1426
-390
674
1591
2198
2476
2446
2177
1754
1272
732
94
-490
-969
-1452
-1868
-2143
-2189
-1965
-1642
-1286
-875
-496
-232
-120
-51
18
-26
-75
24
137
112
17
-53
-118
-199
-296
-338
-227
-103
-108
-146
-106
-75
-293
-689
-902
-854
-658
-420
-168
272
786
1063
1244
1543
1838
1789
1307
835
640
658
809
926
1222
1869
2229
1782
866
146
-379
-1339
-2519
-2928
-2439
-1913
-1840
-1659
-858
-99
-36
-136
246
841
1180
1442
1930
2269
2010
1367
659
-181
-1219
-2153
-2638
-2747
-2720
-2503
-1944
-1150
-422
138
709
1337
1967
2600
3102
3286
3140
2798
2324
1647
822
9
-734
-1419
-2078
-2597
-2752
-2565
-2194
-1701
-1021
-124
807
1588
2122
2346
2254
1799
1055
306
-313
-824
-1263
-1623
-1826
-1885
-1885
-1863
-1743
-1395
-867
-326
189
682
1036
1108
914
582
214
-134
-390
-493
-474
-420
-389
-403
-444
-476
-420
-188
178
567
813
787
597
359
69
-277
-559
-606
-460
-255
43
430
775
946
907
768
617
667
1023
1378
1570
1940
2586
2811
2010
702
-290
-1134
-2338
-3403
-3375
-2590
-2245
-2401
-2122
-1269
-679
-563
-202
647
1381
1765
2191
2688
2717
2048
1102
184
-747
-1608
-2137
-2304
-2350
-2404
-2305
-1912
-1329
-668
24
717
1402
2068
2650
3085
3287
3279
3152
2801
2189
1503
876
257
-490
-1306
-1905
-2213
-2430
-2570
-2346
-1595
-621
186
798
1342
1729
1790
1538
1171
836
406
-191
-800
-1274
-1577
-1827
-2104
-2305
-2345
-2131
-1627
-1021
-468
-25
258
461
617
678
695
716
660
411
64
-192
-377
-641
-1033
-1329
-1257
-871
-421
-49
235
455
534
440
298
277
319
266
213
250
471
865
1074
983
753
557
730
1111
1419
1975
2648
2809
2063
808
40
-332
-1081
-1959
-2274
-2040
-2020
-2418
-2302
-1489
-847
-706
-583
50
845
1253
1577
2001
2170
1874
1261
710
229
-384
-987
-1490
-1929
-2236
-2284
-2003
-1554
-1077
-519
52
633
1268
1913
2432
2655
2691
2679
2476
2076
1660
1283
753
-90
-931
-1438
-1701
-1930
-2140
-2115
-1798
-1401
-992
-488
136
746
1080
1132
1084
999
840
523
54
-442
-918
-1331
-1659
-1901
-1970
-1880
-1721
-1480
-1115
-621
-133
169
338
432
452
419
371
372
386
302
188
94
-7
-129
-276
-277
-95
107
256
375
494
614
591
473
393
293
133
-2
-12
184
496
722
925
1064
1228
1553
1714
1634
1694
2009
2184
1672
796
334
-6
-811
-1800
-2150
-1900
-2097
-2731
-2881
-2417
-1905
-1711
-1407
-540
327
724
1025
1444
1744
1669
1266
770
378
-63
-684
-1258
-1701
-2028
-2039
-1760
-1430
-1030
-663
-389
22
539
1068
1692
2203
2473
2540
2434
2423
2281
1673
843
140
-261
-545
-815
-868
-869
-1096
-1422
-1424
-832
-38
493
674
636
596
481
458
720
830
551
-29
-752
-1291
-1517
-1488
-1284
-1139
-1147
-1154
-1001
-666
-264
88
264
304
317
342
444
541
472
234
-81
-313
-322
-243
-246
-413
-665
-788
-623
-160
279
436
329
134
67
135
296
530
579
340
16
-33
381
850
1280
1692
1862
2020
2172
2057
1601
779
57
-328
-878
-1430
-1641
-1804
-2219
-2815
-2920
-2275
-1599
-1349
-1185
-782
-263
128
577
1262
1815
1909
1528
1032
688
324
-55
-421
-830
-1059
-1084
-1092
-1021
-938
-816
-578
-409
-169
369
1072
1694
2010
2103
2282
2447
2424
2189
1797
1367
870
418
157
-35
-217
-508
-977
-1309
-1327
-1054
-672
-490
-462
-429
-360
-192
90
387
523
385
34
-404
-747
-927
-1034
-1110
-1205
-1277
-1209
-1051
-864
-688
-584
-513
-389
-184
40
190
216
87
-103
-173
-68
91
105
-31
-174
-282
-383
-472
-374
-94
71
95
144
250
292
143
29
220
534
740
978
1435
1922
2326
2734
2895
2505
1529
535
125
-97
-489
-735
-884
-1321
-2202
-2959
-2736
-1898
-1397
-1329
-1229
-904
-661
-556
-66
898
1626
1610
1194
993
1041
955
580
192
-58
-364
-751
-1065
-1166
-1084
-1081
-1153
-979
-464
196
717
985
1146
1350
1601
1803
1936
1993
1837
1436
933
529
389
344
112
-254
-609
-851
-913
-830
-652
-506
-488
-540
-537
-406
-218
-82
-25
-107
-271
-427
-583
-714
-811
-876
-903
-954
-976
-862
-697
-579
-539
-497
-344
-129
53
199
296
303
206
50
4
117
298
356
248
71
-165
-335
-333
-161
111
337
426
462
400
291
285
325
387
464
732
1250
1897
2450
2551
2031
1145
490
335
325
129
-189
-655
-1364
-2201
-2658
-2389
-1937
-1862
-2054
-2087
-1782
-1353
-968
-493
68
375
323
186
331
759
1114
1141
995
908
875
792
549
246
26
-166
-396
-578
-490
-121
169
200
267
666
1211
1441
1300
1156
1168
1217
1249
1400
1638
1603
1101
418
-37
-144
-98
-73
-133
-317
-614
-910
-1030
-931
-776
-743
-806
-872
-863
-774
-665
-501
-384
-421
-511
-574
-593
-632
-700
-741
-764
-786
-770
-665
-512
-448
-452
-439
-362
-176
-54
-1
62
66
85
70
27
53
56
65
114
142
115
6
12
130
287
427
435
566
778
1260
2058
2402
2139
1550
1073
1088
1055
862
765
294
-460
-1182
-1589
-1371
-1196
-1414
-1761
-2135
-2199
-1889
-1469
-959
-469
-246
-320
-542
-488
31
554
721
696
709
827
927
967
1042
1076
987
757
506
415
406
346
159
76
337
621
637
429
223
257
350
416
644
872
964
885
699
730
825
709
518
243
-1
-157
-402
-585
-695
-829
-928
-1136
-1369
-1438
-1467
-1426
-1318
-1175
-966
-830
-702
-537
-448
-357
-281
-237
-226
-353
-451
-493
-545
-487
-474
-502
-466
-458
-296
-35
164
374
389
305
382
520
686
797
771
670
500
311
234
292
348
518
823
1088
1506
1834
1759
1420
956
927
1261
1215
885
330
-370
-862
-1177
-1086
-752
-830
-1246
-1754
-2077
-1898
-1464
-1072
-826
-854
-1101
-1414
-1595
-1298
-629
-152
-61
-140
-107
93
270
489
834
1124
1246
1262
1332
1456
1471
1329
1132
1086
1129
1004
687
311
115
107
51
53
149
161
110
101
321
722
902
851
817
755
644
502
355
303
165
-131
-358
-499
-622
-791
-1015
-1168
-1236
-1325
-1412
-1359
-1193
-1032
-928
-859
-687
-494
-445
-439
-401
-347
-342
-483
-626
-672
-653
-557
-408
-223
-75
-41
-105
-132
22
237
395
415
305
295
315
321
428
558
820
1063
1164
1439
1622
1451
1048
660
796
1127
1009
575
-29
-521
-706
-764
-551
-281
-422
-854
-1354
-1566
-1277
-913
-719
-659
-764
-938
-1166
-1294
-1038
-658
-536
-632
-713
-527
-175
111
419
738
984
1154
1225
1364
1586
1719
1769
1702
1637
1664
1589
1425
1234
1050
899
627
345
179
-22
-199
-284
-246
-104
-115
-251
-289
-202
-2
162
197
233
215
65
-108
-234
-262
-300
-498
-674
-735
-803
-921
-1087
-1199
-1223
-1266
-1320
-1334
-1336
-1342
-1319
-1215
-995
-780
-675
-590
-483
-317
-115
-37
30
64
9
85
95
53
163
96
39
105
33
160
272
306
749
1080
1388
1934
2039
1860
1462
1050
1322
1485
1112
701
80
-418
-665
-843
-529
-248
-510
-883
-1244
-1281
-963
-812
-659
-476
-541
-754
-1043
-1049
-641
-399
-425
-553
-655
-555
-433
-190
238
504
637
672
704
954
1167
1360
1629
1752
1837
1786
1533
1407
1351
1337
1360
1171
931
658
267
60
8
-27
-72
-315
-640
-872
-1011
-901
-677
-623
-643
-695
-737
-690
-610
-446
-248
-220
-331
-451
-502
-464
-430
-444
-448
-470
-577
-734
-866
-942
-983
-1054
-1169
-1237
-1212
-1143
-1026
-889
-671
-298
12
220
381
407
391
386
404
523
592
492
412
361
358
582
821
1070
1477
1667
1577
1276
924
1076
1365
1224
928
526
143
-111
-382
-322
-140
-445
-939
-1324
-1443
-1228
-1106
-1011
-808
-857
-1129
-1354
-1325
-906
-497
-427
-510
-558
-538
-467
-320
10
384
562
549
500
600
771
885
1106
1417
1612
1618
1412
1276
1399
1546
1583
1532
1402
1264
1022
752
691
680
516
208
-151
-343
-408
-498
-538
-605
-763
-929
-1066
-1078
-961
-833
-721
-689
-699
-653
-552
-403
-300
-317
-355
-402
-430
-404
-417
-452
-535
-708
-807
-775
-732
-741
-831
-933
-934
-876
-847
-801
-782
-691
-446
-226
-41
176
316
450
537
629
971
1228
1330
1600
1786
1723
1328
800
847
1141
1012
605
71
-287
-377
-508
-348
-32
-162
-550
-959
-1101
-859
-757
-768
-710
-843
-1083
-1300
-1330
-957
-616
-557
-595
-643
-480
-186
56
423
743
874
869
724
796
1081
1271
1414
1427
1354
1341
1243
1300
1612
1836
1896
1716
1427
1309
1180
983
865
745
605
343
-57
-317
-420
-542
-708
-905
-1037
-1110
-1215
-1259
-1180
-1087
-1088
-1234
-1376
-1380
-1304
-1178
-1042
-930
-826
-769
-709
-589
-469
-359
-281
-291
-361
-449
-441
-299
-153
-102
-144
-260
-375
-421
-368
-235
-160
-200
-262
-310
-279
-171
13
426
942
1454
1738
1548
1225
1142
1386
1801
1804
1355
779
208
-34
62
256
406
48
-700
-1225
-1376
-1215
-1009
-931
-847
-948
-1358
-1667
-1579
-1153
-798
-792
-914
-928
-857
-632
-249
203
521
543
443
442
600
930
1206
1445
1694
1829
1898
1842
1789
1955
2109
2041
1811
1507
1356
1306
1217
1201
1179
984
654
267
53
77
53
-141
-496
-843
-1018
-1131
-1226
-1280
-1372
-1565
-1842
-2016
-1910
-1708
-1568
-1459
-1396
-1295
-1215
-1122
-950
-774
-648
-573
-505
-451
-349
-337
-350
-272
-87
103
90
-32
-155
-164
-99
31
150
201
225
195
197
197
438
799
1081
1294
1221
981
743
779
1174
1530
1355
875
427
166
247
397
561
508
31
-505
-815
-851
-704
-638
-732
-859
-1144
-1443
-1548
-1448
-1145
-976
-1021
-1096
-1119
-971
-646
-266
81
221
133
61
165
521
979
1306
1419
1339
1238
1296
1524
1822
2054
2067
1862
1588
1454
1523
1649
1706
1600
1325
966
659
497
485
476
305
1
-334
-561
-672
-768
-919
-1130
-1351
-1518
-1602
-1636
-1641
-1680
-1755
-1792
-1751
-1633
-1519
-1448
-1358
-1197
-1006
-834
-704
-611
-503
-390
-258
-112
-51
-32
-43
-46
61
174
216
209
180
208
265
311
499
728
887
1113
1225
1122
842
641
923
1347
1369
1053
644
336
209
167
334
465
156
-342
-690
-742
-595
-529
-539
-585
-815
-1129
-1334
-1303
-1019
-811
-871
-1062
-1221
-1201
-997
-704
-373
-188
-224
-277
-147
228
683
968
1073
1079
1076
1200
1440
1722
1921
1887
1712
1587
1597
1704
1763
1683
1518
1303
1099
965
894
869
804
632
406
180
6
-67
-93
-173
-367
-662
-923
-1050
-1107
-1157
-1253
-1453
-1688
-1854
-1874
-1745
-1650
-1659
-1679
-1659
-1538
-1341
-1148
-951
-817
-794
-718
-542
-327
-117
-32
-14
8
30
146
298
344
323
365
508
655
803
936
918
739
550
618
888
915
680
464
306
216
184
263
422
310
-61
-287
-293
-223
-196
-240
-295
-468
-772
-968
-950
-790
-665
-694
-832
-956
-914
-673
-397
-134
34
7
-27
21
285
703
892
910
901
930
1094
1265
1415
1612
1633
1497
1377
1330
1478
1563
1470
1334
1159
1018
886
733
665
620
490
303
98
11
-7
-84
-183
-292
-379
-511
-661
-726
-729
-781
-970
-1195
-1328
-1408
-1466
-1473
-1476
-1471
-1568
-1693
-1644
-1549
-1416
-1312
-1308
-1278
-1241
-1124
-796
-525
-375
-258
-238
-79
125
340
681
892
1059
1251
1270
1209
1075
970
1121
1193
1065
854
496
253
163
140
230
133
-188
-467
-655
-634
-484
-421
-395
-509
-747
-874
-884
-734
-510
-451
-485
-568
-575
-346
-78
104
180
138
162
279
458
728
904
949
942
927
1046
1223
1361
1459
1443
1369
1309
1277
1305
1277
1147
995
831
713
627
494
331
136
-25
-64
-76
-129
-216
-345
-445
-521
-577
-564
-557
-606
-683
-756
-760
-729
-724
-730
-760
-797
-807
-789
-749
-734
-767
-828
-865
-838
-798
-796
-844
-908
-907
-861
-766
-612
-515
-486
-480
-405
-153
138
398
617
673
602
526
610
930
1176
1148
944
685
518
456
510
677
702
414
-25
-368
-466
-414
-393
-446
-627
-961
-1295
-1473
-1441
-1280
-1142
-1076
-1014
-938
-824
-640
-408
-89
257
496
615
671
786
1026
1290
1509
1639
1628
1541
1492
1543
1672
1750
1707
1579
1420
1265
1144
1036
921
815
686
506
289
78
-59
-139
-235
-330
-429
-557
-691
-790
-794
-733
-712
-738
-772
-798
-804
-782
-702
-574
-459
-396
-408
-455
-483
-468
-417
-358
-329
-356
-473
-630
-692
-646
-576
-549
-585
-633
-665
-694
-592
-344
-124
33
94
109
179
212
272
445
558
576
523
402
338
273
194
213
203
89
-71
-244
-339
-400
-476
-500
-556
-670
-802
-933
-971
-954
-944
-861
-790
-789
-760
-723
-608
-374
-169
27
218
325
466
677
885
1135
1377
1565
1753
1885
1955
2053
2150
2235
2281
2232
2133
2014
1863
1703
1507
1277
1014
693
388
140
-79
-295
-558
-818
-1003
-1158
-1302
-1402
-1453
-1460
-1474
-1491
-1470
-1396
-1311
-1244
-1168
-1062
-920
-773
-642
-506
-376
-291
-232
-150
-55
26
53
41
34
11
-26
-55
-106
-171
-229
-248
-216
-195
-185
-141
-115
-123
-109
-54
24
49
26
52
96
92
82
98
115
99
48
34
42
-42
-170
-248
-274
-292
-370
-469
-542
-635
-731
-744
-671
-582
-546
-546
-500
-401
-290
-156
11
191
343
469
610
793
983
1154
1318
1475
1607
1694
1760
1818
1852
1843
1810
1766
1702
1603
1467
1315
1143
962
797
645
477
254
-5
-237
-428
-599
-745
-886
-1037
-1206
-1381
-1498
-1562
-1627
-1687
-1709
-1671
-1588
-1512
-1417
-1288
-1159
-1028
-889
-723
-549
-426
-315
-150
41
219
341
389
394
356
319
360
446
520
540
485
395
290
178
114
90
53
4
-54
-92
-100
-116
-135
-157
-205
-271
-317
-314
-265
-221
-214
-235
-284
-344
-388
-392
-362
-332
-329
-339
-320
-275
-224
-171
-110
-34
43
126
236
348
434
503
581
691
807
888
947
991
1028
1072
1133
1199
1229
1197
1145
1121
1124
1133
1115
1044
927
779
644
551
464
339
169
-13
-173
-304
-430
-570
-736
-925
-1094
-1199
-1238
-1241
-1257
-1296
-1342
-1374
-1359
-1281
-1160
-1032
-924
-834
-746
-646
-528
-394
-252
-119
-10
81
167
245
302
336
360
391
432
461
490
506
469
390
299
241
228
232
224
193
124
31
-37
-50
-49
-73
-127
-210
-288
-337
-345
-312
-290
-326
-423
-512
-550
-551
-518
-457
-401
-380
-363
-308
-220
-103
-6
59
149
254
360
480
616
747
841
906
966
1020
1044
1037
1036
1037
1042
1033
992
952
865
738
628
547
485
432
381
312
245
178
71
-11
-52
-119
-155
-181
-250
-320
-397
-496
-587
-627
-681
-743
-776
-849
-912
-935
-959
-961
-936
-909
-914
-913
-874
-842
-760
-618
-502
-400
-317
-314
-304
-165
-20
20
180
333
335
413
453
436
531
589
359
230
445
452
390
417
226
132
124
-31
-118
-112
-60
-100
-214
-184
-178
-224
-233
-349
-398
-321
-338
-354
-334
-255
-180
-219
-236
-210
-132
-69
-49
33
137
307
454
490
559
661
731
743
785
931
1058
1124
1115
1051
1064
1090
999
910
856
756
677
568
464
436
382
274
115
-44
-114
-198
-339
-394
-410
-494
-569
-642
-712
-702
-707
-794
-885
-913
-895
-880
-825
-768
-762
-739
-723
-733
-697
-630
-594
-571
-549
-536
-516
-471
-403
-371
-364
-336
-317
-283
-228
-200
-150
-84
-24
44
124
229
296
336
406
449
480
515
508
512
546
579
610
611
579
496
393
343
323
321
301
234
160
88
38
30
38
36
-12
-83
-110
-96
-46
5
14
12
-4
-17
25
96
162
197
195
183
181
210
263
300
326
334
333
352
378
396
401
399
390
359
317
294
284
273
229
171
125
70
13
-52
-141
-209
-276
-343
-391
-423
-426
-442
-483
-527
-578
-581
-563
-567
-566
-563
-541
-497
-461
-429
-390
-364
-363
-373
-363
-327
-277
-249
-240
-218
-191
-161
-132
-99
-63
-40
-30
-11
38
117
185
226
257
289
319
350
386
424
448
441
420
402
399
402
390
371
356
325
277
229
182
143
106
65
35
16
-6
-26
-46
-64
-81
-101
-114
-127
-130
-117
-94
-68
-50
-37
-32
-23
-4
6
16
42
67
79
95
110
113
106
94
79
74
86
91
78
68
57
42
37
31
18
0
-21
-40
-56
-53
-44
-48
-60
-90
-122
-148
-175
-193
-209
-205
-180
-166
-174
-203
-231
-247
-249
-228
-197
-164
-140
-143
-150
-141
-118
-101
-99
-107
-117
-122
-116
-98
-65
-39
-26
-23
-22
-10
1
15
36
66
97
120
146
176
195
205
208
213
228
241
242
243
244
233
210
182
165
160
144
117
81
46
21
1
-11
-10
-7
-18
-42
-67
-86
-85
-77
-61
-43
-31
-30
-38
-42
-38
-30
-25
-22
-21
-23
-21
-14
-6
4
7
-3
-17
-25
-23
-22
-21
-17
-17
-16
-16
-12
-4
0
-3
-19
-29
-26
-15
-1
3
7
7
5
5
3
4
8
6
-3
-10
-6
4
8
4
-2
-7
-12
-22
-31
-34
-31
-32
-37
-44
-52
-59
-62
-64
-59
-49
-48
-56
-63
-64
-55
-40
-28
-16
-8
-4
-2
5
15
32
45
53
58
56
58
56
59
64
68
67
63
60
54
45
34
29
27
25
22
17
13
9
6
1
-1
4
8
8
7
5
4
4
6
10
14
15
17
16
14
12
12
14
15
15
17
16
16
12
2
-6
-9
-14
-19
-21
-24
-27
-29
-32
-37
-39
-40
-38
-36
-33
-26
-23
-17
-14
-12
-9
-3
3
8
10
12
14
17
19
17
14
9
6
2
0
-3
-7
-13
-16
-22
-26
-28
-30
-31
-33
-35
-35
-35
-30
-27
-23
-21
-23
-22
-17
-8
0
6
9
10
10
12
13
18
22
23
24
22
19
19
19
21
24
23
25
26
23
22
20
21
23
23
22
23
20
18
15
10
7
7
7
5
4
0
1
1
-1
-3
-4
-5
-8
-10
-11
-11
-12
-14
-14
-14
-16
-19
-18
-17
-15
-16
-17
-18
-18
-17
-16
-14
-14
-15
-15
-16
-15
-12
-12
-10
-9
-6
-3
-1
2
4
7
10
11
11
15
19
17
16
16
14
14
12
11
12
13
14
11
9
8
6
4
3
2
-1
-2
-2
-3
-2
-2
-4
-7
-10
-11
-10
-11
-10
-10
-10
-8
-8
-8
-5
-3
-4
-2
-2
-3
-5
-3
-1
-2
-3
-5
