0
4
3
1
-2
-8
-11
-8
-4
3
6
8
3
-6
-10
-11
-4
5
14
20
20
18
9
-1
-7
-10
-8
-1
6
13
22
25
18
4
-14
-29
-36
-36
-26
-19
-13
-7
-6
-5
-5
-6
-9
-9
-2
7
18
20
13
3
-3
-7
-2
11
28
37
44
46
43
36
24
14
1
-4
-6
0
6
5
4
-4
-5
-5
-9
-14
-21
-27
-27
-20
-14
-10
-12
-17
-19
-24
-23
-18
-11
-3
0
1
0
-2
-6
-6
-2
0
3
7
11
9
8
3
0
-3
-6
-4
-4
-3
-1
2
5
5
4
1
0
-4
-6
-7
-5
-1
4
8
7
5
6
5
4
4
7
14
18
19
16
12
11
8
3
1
1
5
11
13
15
15
14
16
16
12
8
5
4
12
26
39
48
50
53
48
43
42
41
42
45
45
49
53
57
55
44
28
12
2
-5
-13
-24
-37
-54
-80
-112
-142
-176
-203
-234
-267
-278
-290
-300
-318
-360
-384
-399
-409
-404
-413
-404
-376
-341
-288
-238
-178
-110
-48
16
79
153
224
288
349
406
473
545
607
660
687
705
716
703
695
679
657
630
578
515
457
397
353
307
256
207
158
108
54
-9
-82
-150
-212
-265
-297
-317
-329
-332
-331
-303
-240
-154
-53
43
116
157
157
116
42
-58
-167
-264
-333
-368
-377
-369
-361
-372
-420
-515
-646
-795
-962
-1130
-1296
-1464
-1580
-1646
-1659
-1603
-1516
-1371
-1181
-981
-774
-583
-398
-214
-37
148
345
578
842
1129
1436
1724
2014
2245
2396
2497
2537
2531
2486
2415
2320
2206
2079
1941
1782
1589
1349
1066
750
414
86
-216
-483
-712
-908
-1072
-1207
-1314
-1403
-1487
-1573
-1667
-1764
-1835
-1867
-1837
-1740
-1597
-1413
-1216
-1016
-814
-628
-468
-343
-256
-189
-125
-36
82
227
383
515
608
647
619
546
435
318
251
244
334
540
798
1090
1354
1505
1549
1454
1219
926
579
233
-32
-247
-360
-367
-331
-235
-150
-137
-185
-360
-665
-1051
-1533
-2048
-2505
-2870
-3063
-3036
-2822
-2442
-1949
-1456
-1000
-624
-369
-204
-110
-67
4
130
336
675
1117
1622
2160
2630
3004
3264
3362
3338
3199
2941
2645
2322
2019
1802
1643
1566
1542
1476
1359
1133
783
377
-106
-599
-1054
-1478
-1780
-1952
-1998
-1890
-1723
-1548
-1406
-1374
-1414
-1497
-1611
-1701
-1764
-1795
-1753
-1628
-1408
-1094
-728
-360
-43
188
310
350
338
286
230
171
97
60
42
57
160
273
399
545
621
715
835
933
1088
1201
1245
1275
1195
1074
947
749
570
383
166
21
-98
-173
-172
-193
-231
-295
-450
-649
-907
-1242
-1605
-1990
-2358
-2628
-2789
-2800
-2648
-2385
-2029
-1601
-1163
-731
-329
-11
239
423
537
663
816
1013
1309
1663
2050
2477
2861
3191
3458
3580
3584
3462
3185
2844
2449
2023
1656
1295
975
721
459
248
62
-149
-333
-555
-811
-1056
-1329
-1575
-1784
-1990
-2140
-2259
-2337
-2332
-2276
-2151
-1960
-1758
-1533
-1326
-1151
-994
-886
-805
-747
-712
-660
-590
-475
-312
-127
85
281
442
574
622
635
605
521
473
415
401
489
591
789
1019
1201
1398
1506
1520
1502
1340
1114
850
497
213
-39
-239
-301
-339
-320
-263
-263
-265
-342
-520
-774
-1150
-1586
-2034
-2448
-2735
-2884
-2868
-2698
-2404
-1990
-1520
-1008
-507
-80
295
554
745
919
1048
1229
1436
1648
1931
2198
2487
2815
3078
3332
3524
3584
3589
3458
3216
2914
2482
1990
1454
876
349
-122
-515
-794
-1005
-1155
-1241
-1303
-1337
-1370
-1451
-1583
-1789
-2059
-2343
-2601
-2799
-2899
-2896
-2784
-2553
-2217
-1795
-1321
-852
-455
-147
45
123
147
101
20
-41
-127
-157
-112
-43
130
336
507
735
895
1024
1201
1274
1360
1428
1367
1341
1261
1125
1075
966
850
783
621
502
414
280
231
174
89
36
-81
-214
-358
-565
-810
-1111
-1462
-1834
-2168
-2434
-2609
-2642
-2587
-2436
-2166
-1857
-1463
-1033
-652
-266
37
273
532
738
967
1223
1420
1659
1893
2119
2418
2678
2909
3111
3191
3241
3244
3165
3060
2849
2524
2142
1685
1221
787
351
-57
-440
-802
-1080
-1278
-1409
-1470
-1525
-1587
-1666
-1775
-1883
-2006
-2136
-2272
-2410
-2498
-2529
-2460
-2289
-2050
-1741
-1421
-1104
-782
-500
-247
-35
86
165
189
159
154
121
91
113
101
154
267
380
619
857
1104
1389
1566
1733
1827
1815
1765
1613
1395
1143
864
598
387
218
95
16
-57
-101
-152
-195
-255
-370
-528
-801
-1116
-1491
-1894
-2227
-2542
-2752
-2852
-2872
-2734
-2483
-2140
-1699
-1246
-802
-356
41
411
783
1096
1413
1701
1942
2199
2413
2614
2819
2975
3137
3281
3379
3463
3486
3437
3322
3098
2784
2395
1913
1392
854
293
-224
-712
-1147
-1492
-1792
-2011
-2171
-2309
-2391
-2462
-2516
-2540
-2581
-2604
-2616
-2633
-2602
-2538
-2435
-2260
-2044
-1781
-1467
-1140
-801
-465
-164
102
314
462
567
617
621
617
597
586
602
642
727
853
1013
1208
1402
1581
1723
1812
1842
1795
1682
1492
1243
971
670
390
134
-109
-287
-437
-549
-600
-662
-703
-757
-885
-1020
-1217
-1460
-1683
-1933
-2144
-2289
-2392
-2381
-2281
-2107
-1827
-1508
-1149
-751
-360
45
453
838
1216
1562
1869
2151
2394
2617
2802
2939
3042
3090
3107
3100
3054
2978
2848
2654
2416
2126
1807
1466
1087
684
252
-192
-619
-1032
-1409
-1750
-2055
-2315
-2528
-2677
-2767
-2793
-2760
-2682
-2565
-2428
-2270
-2097
-1916
-1732
-1555
-1388
-1221
-1041
-848
-632
-407
-202
-7
169
317
457
563
636
694
729
765
834
916
1026
1167
1288
1414
1516
1569
1606
1579
1506
1392
1198
991
753
508
302
88
-93
-262
-434
-560
-693
-805
-916
-1083
-1246
-1449
-1662
-1824
-1988
-2092
-2145
-2174
-2095
-1962
-1754
-1454
-1159
-819
-474
-155
201
529
852
1177
1452
1725
1967
2181
2407
2587
2749
2883
2961
3029
3051
3031
2985
2858
2683
2440
2120
1775
1369
948
519
61
-355
-762
-1134
-1442
-1744
-1984
-2196
-2391
-2527
-2658
-2748
-2797
-2827
-2794
-2732
-2619
-2453
-2264
-2022
-1766
-1489
-1184
-896
-593
-318
-72
164
341
507
634
711
792
824
867
926
972
1085
1202
1341
1525
1665
1822
1935
1978
2000
1909
1774
1573
1288
1001
660
336
39
-264
-483
-693
-861
-970
-1104
-1189
-1303
-1464
-1607
-1837
-2059
-2271
-2510
-2646
-2751
-2779
-2669
-2525
-2247
-1892
-1526
-1055
-613
-162
320
718
1138
1510
1815
2138
2369
2584
2791
2916
3068
3172
3238
3327
3334
3342
3309
3189
3065
2842
2569
2264
1852
1432
951
422
-77
-618
-1112
-1550
-1973
-2283
-2546
-2742
-2841
-2927
-2945
-2932
-2924
-2862
-2808
-2726
-2602
-2474
-2288
-2070
-1817
-1504
-1176
-813
-435
-77
270
579
835
1043
1186
1271
1310
1306
1284
1273
1267
1298
1367
1438
1543
1639
1718
1790
1788
1741
1619
1387
1119
773
392
27
-378
-730
-1053
-1366
-1575
-1766
-1891
-1947
-2042
-2081
-2146
-2251
-2295
-2397
-2456
-2474
-2521
-2447
-2344
-2162
-1837
-1501
-1048
-559
-79
491
1012
1538
2052
2451
2840
3135
3350
3559
3653
3718
3735
3664
3616
3510
3390
3286
3101
2923
2695
2403
2123
1763
1385
980
499
34
-468
-968
-1420
-1891
-2294
-2654
-2977
-3190
-3362
-3454
-3467
-3458
-3388
-3283
-3159
-2982
-2789
-2580
-2334
-2078
-1791
-1466
-1138
-789
-448
-140
166
429
666
892
1062
1219
1356
1459
1592
1707
1831
1968
2057
2145
2193
2182
2147
2030
1866
1644
1349
1051
710
369
56
-281
-569
-843
-1109
-1318
-1538
-1732
-1912
-2111
-2265
-2429
-2560
-2637
-2712
-2700
-2652
-2559
-2366
-2152
-1859
-1509
-1152
-714
-275
181
684
1150
1629
2086
2489
2886
3208
3480
3704
3821
3902
3908
3843
3760
3597
3402
3188
2908
2635
2336
2001
1674
1292
906
513
87
-317
-738
-1164
-1558
-1964
-2324
-2647
-2945
-3174
-3373
-3514
-3574
-3588
-3530
-3408
-3254
-3040
-2802
-2538
-2243
-1942
-1633
-1322
-1021
-722
-428
-147
138
402
656
898
1126
1348
1581
1798
2020
2238
2405
2562
2659
2708
2704
2616
2456
2224
1897
1542
1137
703
298
-129
-519
-867
-1198
-1453
-1677
-1883
-2039
-2232
-2401
-2556
-2733
-2848
-2953
-3022
-3010
-2966
-2821
-2587
-2298
-1901
-1475
-1007
-491
12
540
1060
1549
2034
2465
2869
3239
3543
3813
4001
4117
4170
4131
4043
3885
3662
3412
3106
2788
2463
2115
1780
1422
1057
696
310
-73
-461
-871
-1264
-1661
-2044
-2375
-2679
-2926
-3112
-3262
-3335
-3348
-3325
-3224
-3102
-2959
-2771
-2597
-2385
-2147
-1935
-1674
-1439
-1215
-947
-724
-472
-202
18
299
555
804
1124
1385
1688
1988
2207
2462
2622
2719
2800
2722
2607
2410
2089
1800
1424
1031
674
240
-130
-486
-856
-1126
-1419
-1684
-1902
-2172
-2365
-2544
-2715
-2802
-2918
-2985
-2993
-2988
-2852
-2659
-2406
-2050
-1696
-1253
-745
-222
377
948
1491
2035
2501
2957
3366
3685
3958
4107
4174
4191
4125
4038
3898
3687
3447
3156
2848
2551
2230
1898
1540
1133
717
301
-121
-522
-936
-1366
-1772
-2164
-2490
-2739
-2950
-3100
-3217
-3289
-3268
-3187
-3041
-2859
-2686
-2494
-2292
-2071
-1822
-1594
-1393
-1227
-1088
-937
-769
-583
-390
-211
-21
199
466
787
1130
1464
1756
2013
2243
2435
2587
2647
2583
2415
2148
1851
1542
1201
828
400
-48
-457
-805
-1071
-1299
-1541
-1789
-2041
-2247
-2390
-2493
-2579
-2681
-2777
-2829
-2802
-2674
-2478
-2232
-1944
-1619
-1219
-745
-220
342
892
1433
1953
2444
2919
3332
3673
3940
4100
4190
4205
4140
4025
3836
3595
3326
3023
2726
2422
2112
1812
1492
1170
845
492
135
-251
-665
-1075
-1503
-1907
-2283
-2643
-2931
-3164
-3317
-3367
-3356
-3260
-3106
-2915
-2659
-2385
-2096
-1807
-1567
-1355
-1191
-1069
-954
-863
-777
-691
-606
-491
-342
-131
137
449
784
1112
1430
1723
1983
2194
2321
2360
2297
2135
1916
1636
1320
979
607
236
-128
-464
-754
-1012
-1241
-1455
-1663
-1843
-2002
-2128
-2231
-2318
-2387
-2434
-2434
-2374
-2248
-2054
-1808
-1519
-1176
-779
-324
173
685
1203
1700
2171
2618
3017
3363
3639
3824
3929
3952
3903
3802
3635
3419
3159
2860
2554
2242
1933
1630
1311
985
655
326
2
-325
-662
-1007
-1357
-1695
-2005
-2279
-2515
-2714
-2870
-2970
-2997
-2952
-2844
-2681
-2486
-2258
-1996
-1714
-1424
-1149
-911
-715
-555
-423
-308
-214
-148
-93
-37
41
166
336
520
730
932
1133
1345
1523
1666
1742
1722
1631
1484
1273
1034
749
416
70
-281
-615
-900
-1162
-1409
-1626
-1843
-2020
-2140
-2231
-2282
-2303
-2326
-2310
-2241
-2132
-1952
-1729
-1487
-1195
-861
-482
-29
446
931
1431
1910
2376
2841
3249
3605
3887
4052
4139
4153
4074
3943
3743
3456
3138
2779
2404
2056
1697
1337
992
629
283
-32
-351
-652
-955
-1282
-1594
-1899
-2188
-2432
-2662
-2861
-3001
-3096
-3110
-3036
-2902
-2698
-2447
-2165
-1831
-1477
-1126
-790
-519
-295
-107
30
153
249
288
325
362
415
540
679
829
994
1125
1267
1413
1507
1572
1553
1423
1258
1030
759
486
150
-217
-575
-939
-1242
-1481
-1711
-1910
-2096
-2280
-2391
-2447
-2471
-2454
-2444
-2427
-2346
-2212
-2004
-1728
-1439
-1123
-760
-348
140
678
1215
1735
2215
2655
3082
3476
3806
4056
4190
4212
4183
4092
3958
3799
3561
3264
2944
2597
2271
1959
1622
1277
892
489
111
-270
-652
-1018
-1413
-1806
-2156
-2477
-2733
-2928
-3091
-3194
-3254
-3246
-3140
-2990
-2790
-2543
-2304
-2040
-1734
-1435
-1132
-844
-583
-345
-121
112
326
506
687
852
984
1138
1276
1380
1461
1530
1554
1543
1508
1427
1277
1096
895
638
372
98
-203
-526
-824
-1124
-1404
-1658
-1896
-2115
-2312
-2458
-2555
-2621
-2623
-2567
-2506
-2368
-2165
-1936
-1633
-1280
-933
-540
-127
298
764
1220
1674
2115
2508
2901
3273
3577
3854
4048
4145
4190
4155
4054
3902
3664
3370
3035
2653
2277
1894
1500
1120
737
353
2
-348
-693
-1018
-1352
-1679
-1987
-2284
-2555
-2783
-2988
-3143
-3239
-3294
-3269
-3174
-3037
-2825
-2568
-2290
-1956
-1616
-1282
-925
-599
-287
25
286
532
778
972
1172
1370
1510
1669
1806
1888
1976
2012
1979
1926
1786
1580
1356
1039
690
333
-94
-504
-896
-1316
-1665
-1982
-2309
-2542
-2768
-2973
-3080
-3187
-3247
-3219
-3198
-3096
-2905
-2704
-2379
-1982
-1568
-1043
-489
76
722
1343
1942
2549
3058
3520
3937
4232
4472
4634
4675
4666
4588
4416
4230
3982
3675
3365
2998
2599
2213
1787
1350
930
473
27
-395
-836
-1236
-1602
-1966
-2272
-2551
-2805
-2986
-3129
-3230
-3266
-3272
-3229
-3118
-2984
-2790
-2562
-2325
-2046
-1760
-1453
-1131
-801
-476
-134
192
523
869
1181
1506
1776
2010
2205
2333
2399
2407
2319
2159
1938
1633
1322
969
589
235
-136
-495
-806
-1120
-1403
-1651
-1938
-2200
-2465
-2763
-3015
-3265
-3511
-3678
-3809
-3873
-3805
-3670
-3421
-3043
-2608
-2067
-1450
-806
-102
609
1293
1982
2617
3192
3732
4177
4549
4857
5062
5192
5257
5225
5139
4988
4754
4489
4165
3788
3397
2961
2491
2012
1497
977
464
-69
-584
-1079
-1564
-2003
-2403
-2770
-3067
-3313
-3509
-3624
-3690
-3701
-3646
-3554
-3418
-3235
-3035
-2804
-2541
-2265
-1962
-1626
-1275
-893
-478
-59
378
829
1241
1649
2006
2291
2520
2653
2682
2641
2498
2266
2005
1656
1285
909
493
92
-284
-678
-1035
-1373
-1737
-2052
-2376
-2704
-2982
-3260
-3517
-3684
-3832
-3903
-3862
-3784
-3590
-3292
-2955
-2506
-1978
-1442
-812
-169
457
1138
1768
2368
2977
3493
3956
4395
4698
4955
5155
5222
5259
5223
5082
4920
4692
4382
4076
3703
3284
2872
2398
1904
1424
901
388
-93
-610
-1079
-1521
-1956
-2327
-2660
-2972
-3209
-3391
-3551
-3616
-3666
-3661
-3603
-3507
-3368
-3174
-2938
-2682
-2339
-2003
-1591
-1167
-716
-254
197
633
1019
1378
1642
1876
1993
2057
2029
1943
1799
1607
1385
1128
873
586
328
32
-242
-536
-846
-1159
-1481
-1813
-2139
-2449
-2766
-3016
-3254
-3414
-3493
-3493
-3408
-3218
-2950
-2599
-2151
-1672
-1111
-536
49
644
1215
1748
2256
2703
3091
3446
3709
3942
4120
4239
4318
4355
4336
4295
4210
4073
3914
3694
3444
3148
2808
2432
2027
1584
1132
666
192
-254
-692
-1091
-1453
-1783
-2071
-2296
-2501
-2639
-2751
-2834
-2867
-2879
-2860
-2806
-2710
-2597
-2411
-2219
-1972
-1684
-1366
-1018
-649
-284
56
400
664
909
1077
1173
1200
1165
1065
921
743
519
300
59
-167
-392
-595
-798
-997
-1176
-1378
-1564
-1755
-1956
-2144
-2307
-2469
-2573
-2636
-2655
-2576
-2455
-2254
-1974
-1647
-1260
-812
-361
127
624
1085
1561
1988
2364
2714
3003
3225
3423
3553
3624
3680
3661
3618
3554
3434
3297
3138
2928
2716
2475
2192
1919
1611
1284
971
631
298
-11
-331
-619
-875
-1138
-1347
-1527
-1707
-1825
-1923
-2014
-2037
-2055
-2060
-1984
-1913
-1808
-1631
-1462
-1256
-982
-738
-464
-166
57
298
497
607
701
728
660
588
454
258
92
-119
-346
-517
-715
-900
-1027
-1190
-1334
-1436
-1597
-1736
-1854
-2034
-2164
-2279
-2428
-2487
-2523
-2540
-2431
-2281
-2085
-1756
-1411
-1018
-526
-68
415
932
1358
1788
2185
2463
2737
2942
3042
3152
3187
3159
3159
3092
3006
2953
2844
2735
2641
2479
2317
2144
1896
1647
1369
1033
713
381
26
-283
-582
-863
-1074
-1260
-1415
-1500
-1563
-1599
-1578
-1549
-1499
-1409
-1315
-1204
-1054
-904
-739
-535
-337
-127
106
307
500
684
807
892
938
901
826
708
515
308
71
-206
-458
-715
-984
-1205
-1424
-1636
-1784
-1951
-2107
-2210
-2349
-2451
-2503
-2587
-2612
-2586
-2572
-2466
-2308
-2144
-1881
-1583
-1277
-877
-471
-70
396
827
1235
1675
2034
2354
2665
2862
3027
3160
3177
3175
3133
3000
2887
2737
2525
2355
2150
1913
1732
1503
1256
1058
804
561
364
107
-119
-314
-553
-722
-869
-1052
-1160
-1254
-1363
-1385
-1411
-1441
-1380
-1321
-1233
-1045
-880
-681
-398
-157
131
444
670
906
1112
1210
1299
1306
1195
1078
888
628
392
104
-210
-462
-737
-987
-1165
-1384
-1562
-1681
-1842
-1946
-2028
-2161
-2229
-2282
-2355
-2343
-2329
-2315
-2203
-2081
-1921
-1664
-1418
-1133
-767
-430
-53
363
708
1080
1452
1730
2021
2256
2386
2535
2610
2603
2619
2542
2424
2344
2185
2027
1898
1684
1501
1342
1113
935
746
495
311
105
-127
-285
-482
-666
-779
-926
-1028
-1069
-1140
-1146
-1106
-1089
-996
-877
-772
-581
-391
-209
29
230
423
643
793
921
1036
1068
1083
1067
974
875
738
535
349
133
-119
-346
-612
-888
-1132
-1410
-1666
-1886
-2128
-2318
-2466
-2605
-2662
-2669
-2643
-2522
-2365
-2162
-1877
-1576
-1243
-859
-490
-105
290
644
1001
1337
1622
1901
2137
2323
2490
2601
2667
2706
2687
2631
2538
2390
2213
2001
1746
1477
1181
866
558
244
-61
-339
-605
-836
-1026
-1195
-1317
-1405
-1472
-1494
-1501
-1491
-1445
-1394
-1322
-1214
-1103
-954
-767
-572
-329
-66
204
507
798
1070
1337
1549
1714
1835
1879
1863
1789
1639
1447
1211
927
632
323
-8
-318
-630
-937
-1211
-1484
-1734
-1950
-2163
-2343
-2492
-2627
-2712
-2757
-2775
-2718
-2618
-2468
-2233
-1962
-1638
-1243
-833
-384
95
548
1012
1462
1849
2217
2526
2751
2953
3075
3123
3157
3111
3022
2923
2755
2569
2372
2110
1846
1562
1226
907
560
179
-169
-536
-896
-1203
-1516
-1788
-2002
-2205
-2345
-2429
-2492
-2490
-2442
-2372
-2237
-2068
-1863
-1598
-1302
-975
-602
-212
188
601
996
1360
1694
1961
2164
2305
2359
2338
2252
2088
1873
1621
1326
1017
697
358
27
-304
-642
-966
-1289
-1617
-1918
-2211
-2483
-2709
-2905
-3043
-3110
-3121
-3051
-2900
-2687
-2396
-2038
-1633
-1175
-689
-194
319
820
1296
1748
2156
2521
2843
3107
3316
3478
3580
3632
3636
3582
3484
3331
3122
2867
2562
2212
1824
1399
950
488
25
-433
-871
-1274
-1639
-1959
-2228
-2448
-2614
-2731
-2803
-2833
-2831
-2793
-2720
-2614
-2467
-2280
-2056
-1784
-1465
-1103
-710
-291
137
555
960
1322
1638
1900
2079
2197
2239
2200
2106
1943
1725
1475
1182
868
542
203
-134
-467
-795
-1112
-1410
-1694
-1953
-2174
-2367
-2519
-2616
-2673
-2668
-2602
-2481
-2295
-2047
-1747
-1396
-1004
-582
-141
313
763
1199
1616
2002
2353
2667
2933
3157
3331
3455
3536
3564
3546
3479
3355
3195
2983
2715
2416
2069
1686
1292
864
428
4
-427
-839
-1223
-1601
-1936
-2230
-2504
-2719
-2891
-3029
-3092
-3111
-3085
-2977
-2827
-2622
-2342
-2034
-1681
-1285
-893
-484
-82
277
631
942
1188
1410
1562
1654
1714
1697
1637
1550
1392
1211
1009
747
484
206
-111
-406
-709
-1026
-1297
-1567
-1820
-2008
-2184
-2318
-2374
-2405
-2374
-2261
-2127
-1920
-1645
-1357
-1004
-615
-231
188
602
984
1373
1728
2033
2322
2562
2752
2920
3043
3119
3182
3199
3174
3132
3038
2903
2749
2539
2287
2015
1692
1346
996
609
222
-150
-542
-903
-1235
-1571
-1851
-2098
-2328
-2483
-2603
-2682
-2682
-2648
-2559
-2395
-2207
-1967
-1684
-1404
-1092
-774
-492
-205
49
248
442
589
692
793
842
868
898
874
844
806
707
606
481
296
117
-92
-347
-578
-829
-1086
-1294
-1503
-1678
-1784
-1873
-1899
-1860
-1800
-1677
-1503
-1321
-1091
-842
-601
-330
-63
186
454
703
932
1171
1385
1586
1791
1969
2138
2305
2434
2546
2639
2679
2695
2676
2598
2492
2343
2136
1916
1660
1370
1083
778
460
163
-141
-437
-699
-958
-1193
-1392
-1578
-1731
-1838
-1930
-1974
-1974
-1955
-1889
-1787
-1669
-1508
-1331
-1156
-954
-755
-580
-392
-234
-104
30
127
198
274
307
331
358
344
330
310
247
188
115
0
-106
-228
-375
-504
-638
-777
-879
-968
-1039
-1056
-1056
-1024
-940
-840
-713
-551
-385
-203
-7
174
352
527
675
813
940
1042
1130
1206
1258
1300
1337
1356
1370
1378
1365
1354
1332
1287
1240
1174
1088
995
883
753
621
472
313
162
-3
-160
-301
-446
-566
-665
-760
-820
-860
-888
-881
-861
-833
-776
-721
-658
-583
-525
-469
-409
-375
-341
-308
-300
-280
-264
-261
-237
-218
-206
-180
-174
-177
-175
-200
-239
-282
-359
-436
-508
-598
-669
-724
-776
-790
-778
-742
-660
-557
-430
-268
-104
66
249
413
568
713
826
917
994
1036
1066
1089
1090
1090
1085
1061
1045
1025
989
958
914
851
790
715
629
547
450
346
242
125
10
-101
-219
-332
-440
-551
-650
-744
-833
-910
-979
-1035
-1064
-1070
-1055
-1010
-941
-848
-721
-584
-438
-284
-146
-23
89
172
229
268
279
270
256
231
204
186
161
143
134
114
96
64
13
-48
-127
-227
-332
-447
-565
-670
-761
-829
-864
-863
-827
-750
-639
-499
-326
-139
59
266
460
646
820
966
1095
1200
1273
1325
1358
1366
1368
1356
1329
1300
1264
1221
1178
1122
1058
986
893
789
669
529
381
216
39
-138
-324
-511
-691
-868
-1033
-1185
-1326
-1443
-1538
-1606
-1642
-1652
-1631
-1573
-1489
-1378
-1239
-1085
-919
-742
-573
-409
-258
-134
-24
63
124
171
198
214
228
235
237
242
240
238
236
218
197
164
116
59
-9
-90
-170
-252
-330
-393
-443
-469
-462
-433
-374
-282
-172
-36
118
279
449
617
776
927
1062
1175
1272
1344
1399
1436
1453
1456
1449
1428
1404
1371
1324
1272
1213
1148
1074
991
894
795
681
558
426
279
120
-42
-215
-397
-581
-768
-956
-1134
-1303
-1462
-1602
-1721
-1813
-1877
-1909
-1913
-1881
-1825
-1739
-1628
-1501
-1359
-1208
-1061
-914
-776
-651
-538
-437
-349
-266
-190
-116
-44
28
101
170
233
289
330
357
366
358
330
285
229
160
88
18
-47
-95
-125
-132
-115
-70
0
91
202
329
468
616
765
912
1054
1182
1295
1393
1467
1523
1558
1575
1578
1562
1536
1501
1456
1404
1345
1277
1205
1129
1045
957
860
751
633
502
354
199
32
-144
-322
-506
-687
-862
-1033
-1190
-1333
-1460
-1563
-1648
-1711
-1750
-1771
-1775
-1760
-1734
-1693
-1638
-1576
-1507
-1427
-1343
-1257
-1161
-1066
-964
-854
-745
-629
-513
-401
-289
-188
-97
-14
50
97
129
142
141
130
105
76
43
14
-7
-17
-14
7
48
105
185
277
385
509
637
772
908
1036
1157
1265
1360
1440
1504
1552
1583
1600
1604
1599
1586
1564
1535
1498
1457
1410
1356
1300
1234
1161
1079
983
873
751
613
465
305
135
-38
-213
-388
-557
-724
-884
-1030
-1166
-1286
-1392
-1483
-1558
-1618
-1665
-1696
-1714
-1724
-1718
-1703
-1675
-1635
-1581
-1512
-1433
-1342
-1241
-1132
-1017
-900
-783
-669
-562
-463
-378
-306
-250
-204
-169
-144
-127
-117
-112
-104
-93
-74
-46
-11
35
92
160
233
313
398
487
576
662
747
824
898
966
1033
1093
1149
1205
1259
1310
1358
1398
1431
1457
1469
1473
1465
1442
1409
1365
1312
1249
1176
1097
1013
926
837
742
640
533
419
298
168
28
-118
-270
-419
-564
-702
-833
-949
-1048
-1131
-1197
-1247
-1285
-1308
-1320
-1328
-1327
-1319
-1308
-1293
-1275
-1249
-1219
-1181
-1134
-1082
-1025
-963
-898
-836
-777
-726
-683
-651
-626
-608
-599
-598
-599
-602
-605
-601
-587
-561
-522
-465
-391
-300
-192
-70
67
212
364
517
667
811
946
1070
1183
1281
1365
1434
1493
1539
1572
1598
1614
1621
1620
1609
1593
1572
1540
1500
1446
1378
1297
1201
1092
969
833
687
530
368
206
43
-113
-262
-401
-525
-635
-729
-807
-869
-915
-947
-965
-973
-976
-970
-958
-941
-920
-894
-865
-834
-800
-765
-727
-690
-650
-610
-575
-541
-513
-488
-471
-462
-464
-474
-492
-520
-553
-595
-640
-687
-735
-777
-813
-839
-851
-850
-833
-802
-755
-694
-619
-531
-435
-331
-217
-96
33
169
311
455
601
751
898
1043
1185
1319
1443
1555
1651
1732
1792
1836
1856
1854
1828
1780
1712
1624
1519
1396
1255
1101
937
769
597
424
250
83
-75
-225
-363
-488
-600
-699
-785
-858
-920
-965
-1000
-1017
-1022
-1016
-995
-963
-917
-863
-802
-734
-665
-590
-516
-440
-367
-300
-241
-192
-149
-120
-102
-98
-110
-136
-173
-215
-267
-328
-394
-466
-536
-602
-658
-706
-747
-776
-791
-793
-778
-748
-704
-648
-579
-495
-405
-308
-205
-96
15
127
242
356
471
581
692
801
906
1004
1099
1187
1264
1334
1389
1429
1450
1448
1425
1379
1315
1228
1119
993
854
707
557
411
274
145
27
-78
-170
-247
-315
-381
-445
-504
-559
-611
-657
-697
-728
-752
-768
-771
-761
-736
-692
-636
-569
-495
-413
-326
-240
-157
-83
-16
39
79
104
117
115
97
70
30
-19
-75
-135
-195
-254
-309
-354
-392
-422
-447
-468
-483
-494
-500
-502
-500
-496
-484
-463
-433
-396
-352
-297
-233
-161
-81
4
93
185
280
373
460
545
623
693
747
785
809
819
817
802
778
746
704
658
608
553
497
438
381
328
276
228
182
140
99
54
10
-37
-84
-129
-175
-218
-254
-285
-305
-315
-318
-308
-287
-253
-208
-157
-105
-54
-6
35
63
81
83
69
41
1
-50
-109
-173
-240
-304
-365
-420
-466
-502
-528
-546
-554
-555
-549
-534
-511
-483
-447
-409
-367
-318
-268
-208
-146
-80
-11
57
127
197
265
325
384
432
472
512
544
564
584
596
593
588
576
548
516
482
434
375
320
260
188
119
55
-22
-87
-141
-203
-256
-291
-334
-371
-388
-410
-437
-434
-431
-436
-411
-373
-344
-290
-212
-154
-80
19
96
174
275
348
403
472
518
532
550
545
505
466
421
346
271
200
110
16
-64
-148
-233
-304
-369
-437
-491
-534
-577
-608
-629
-646
-658
-656
-640
-618
-578
-525
-462
-385
-298
-201
-93
17
131
241
348
454
554
640
720
792
845
883
913
923
916
900
864
808
749
676
584
490
387
271
156
41
-81
-198
-312
-428
-532
-632
-726
-808
-877
-934
-979
-1009
-1025
-1024
-1005
-971
-917
-848
-769
-673
-563
-446
-320
-190
-62
67
194
313
422
521
603
669
721
755
768
771
755
724
685
633
570
505
433
354
276
199
115
35
-42
-118
-191
-256
-314
-365
-399
-425
-439
-436
-423
-398
-355
-300
-237
-161
-75
9
98
189
274
356
437
506
557
605
639
660
673
672
658
635
598
553
500
437
364
285
201
113
17
-84
-186
-288
-389
-486
-578
-665
-744
-818
-883
-936
-973
-998
-1011
-1006
-985
-952
-907
-847
-772
-691
-600
-501
-395
-283
-170
-59
48
149
248
332
405
471
522
564
597
617
629
628
618
597
564
526
484
439
391
342
292
241
193
144
104
69
38
14
-4
-20
-27
-23
-16
-2
15
31
54
77
102
130
157
185
212
240
263
281
298
312
319
324
327
324
318
307
290
268
244
215
180
144
100
53
5
-48
-106
-170
-238
-307
-379
-454
-525
-588
-643
-687
-725
-752
-768
-768
-755
-739
-712
-674
-627
-567
-508
-453
-397
-345
-288
-235
-187
-136
-91
-47
-6
35
74
110
144
171
197
220
242
259
268
275
281
280
279
273
262
254
247
240
236
229
231
235
244
256
264
274
289
302
320
334
341
350
357
361
360
355
348
340
334
323
306
290
274
253
235
215
190
169
144
114
84
48
10
-30
-70
-117
-164
-208
-256
-298
-340
-375
-401
-430
-455
-474
-485
-476
-473
-468
-454
-441
-412
-389
-370
-344
-324
-295
-260
-236
-212
-189
-164
-139
-116
-98
-80
-61
-43
-26
-9
5
19
31
45
53
60
67
68
69
74
80
86
94
97
101
108
118
130
141
152
165
176
186
193
195
205
213
219
227
227
226
230
231
235
235
232
232
226
221
212
196
187
174
156
137
111
88
69
46
19
-5
-30
-54
-74
-93
-111
-123
-139
-151
-157
-165
-164
-167
-172
-175
-179
-176
-172
-170
-168
-168
-163
-156
-150
-147
-139
-131
-116
-106
-98
-88
-79
-69
-57
-46
-35
-27
-21
-15
-10
-6
-1
1
4
6
10
11
13
17
19
28
36
38
41
45
49
55
59
60
58
60
63
65
66
65
63
65
69
71
71
67
65
65
65
64
57
52
50
48
44
41
39
38
35
31
24
21
17
13
12
11
8
6
2
0
-4
-7
-8
-12
-14
-15
-19
-21
-20
-22
-25
-29
-31
-34
-36
-38
-42
-44
-46
-48
-49
-51
-53
-54
-51
-50
-49
-46
-41
-38
-31
-27
-25
-22
-18
-15
-13
-10
-8
-5
-3
-2
-2
1
7
9
10
18
22
25
31
36
39
45
48
45
46
48
45
42
36
34
31
29
26
20
18
20
17
13
10
8
5
5
5
-1
-4
-7
-12
-16
-21
-27
-34
-37
-40
-40
-37
-32
-31
-29
-26
-25
-21
-14
-10
-4
1
2
5
10
13
14
17
18
14
10
12
14
16
19
18
15
17
20
19
18
20
17
11
11
8
3
0
-5
-10
-14
-18
-22
-23
-20
-20
-21
-16
-10
-6
6
14
15
19
21
22
23
28
28
29
31
26
20
18
14
10
7
7
4
3
2
0
-1
-5
-5
-7
-7
-9
-15
-20
-25
-30
-34
-37
-45
-52
-53
-54
-55
-50
-48
-48
-45
-42
-40
-36
-31
-28
-22
-15
-13
-13
-7
-2
3
9
14
18
22
28
34
35
41
43
47
53
54
53
51
51
51
53
52
50
45
42
37
31
28
24
19
17
15
15
15
13
12
11
4
0
-1
-4
-4
-5
-5
-5
-10
-14
-17
-22
-24
-25
-24
-23
-21
-20
-20
-18
-16
-15
-14
-15
-14
-15
-17
-18
-18
-19
-18
-20
-21
-21
-24
-27
-28
-26
-28
-28
-28
-31
-29
-27
-27
-26
-25
-23
-24
-24
-21
-18
-15
-12
-8
-6
-6
-3
1
6
11
15
18
19
25
34
38
42
43
47
53
58
59
59
58
58
58
58
56
53
49
45
42
39
37
33
30
26
22
18
13
10
6
3
1
-3
-5
-10
-16
-21
-25
-26
-28
-28
-28
-30
-32
-33
-34
-33
-32
-33
-33
-32
-32
-33
-32
-31
-31
-31
-30
-30
-31
-29
-28
-29
-28
-28
-27
-26
-25
-25
-25
-25
-24
-23
-24
-24
-23
-22
-19
-17
-15
-15
-12
-10
-9
-8
-5
-3
1
8
13
19
26
29
33
37
42
46
49
52
56
62
61
66
70
70
72
74
73
73
73
72
70
65
62
59
56
51
45
40
30
24
16
9
3
-5
-13
-18
-23
-28
-34
-40
-45
-49
-52
-54
-57
-61
-62
-63
-62
-61
-62
-62
-62
-61
-61
-58
-54
-54
-53
-50
-48
-46
-45
-42
-39
-37
-32
-32
-32
-30
-29
-25
-21
-19
-17
-15
-14
-12
-9
-7
-6
-2
1
5
9
11
17
20
25
29
32
35
39
41
46
51
54
61
64
67
70
73
75
76
77
78
79
81
81
80
76
69
64
58
54
50
45
40
32
29
25
22
17
9
1
-5
-11
-16
-24
-29
-36
-41
-45
-47
-50
-54
-58
-64
-68
-68
-71
-72
-73
-74
-74
-76
-74
-72
-72
-71
-69
-66
-66
-63
-60
-57
-55
-55
-52
-48
-43
-40
-39
-36
-34
-29
-22
-15
-7
-1
6
12
18
24
31
39
43
45
50
56
61
64
68
73
72
72
74
73
74
74
74
73
74
74
73
69
64
57
50
45
40
36
35
32
28
22
15
10
7
3
-3
-8
-13
-15
-16
-17
-22
-24
-25
-27
-32
-33
-35
-36
-36
-36
-38
-35
-35
-34
-34
-34
-32
-32
-30
-30
-30
-27
-26
-29
-28
-29
-31
-32
-33
-34
-37
-38
-39
-38
-36
-35
-37
-38
-34
-29
-27
-26
-24
-19
-15
-11
-9
-7
-2
2
3
10
14
19
22
25
27
28
35
42
45
49
50
53
53
54
55
55
56
55
55
52
52
48
44
39
36
33
29
25
21
18
13
9
5
0
-3
-6
-9
-12
-15
-15
-16
-17
-18
-21
-21
-24
-26
-26
-26
-28
-28
-29
-28
-26
-25
-23
-21
-20
-20
-21
-23
-20
-19
-18
-15
-15
-16
-16
-16
-17
-18
-18
-17
-15
-12
-11
-10
-8
-7
-5
-3
0
2
2
4
4
5
7
8
7
10
12
14
16
17
17
18
19
19
19
17
15
13
13
15
13
11
10
10
9
8
6
6
5
7
8
7
6
5
3
3
3
2
3
3
4
3
2
1
0
-1
-1
-2
-1
-1
-2
-4
-5
-5
-5
-4
-4
-6
-8
-7
-7
-8
-8
-7
-9
-9
-9
-9
-8
-9
-10
-7
-6
-3
-3
-4
-3
-1
0
2
