1
0
-4
-5
-6
-7
-1
2
2
5
5
11
17
19
21
23
25
26
29
35
39
42
44
46
45
46
46
45
45
41
38
35
32
30
26
23
19
18
17
15
13
11
9
6
5
5
3
-1
-1
-6
-6
-8
-11
-13
-15
-17
-20
-25
-28
-34
-38
-39
-44
-47
-49
-52
-53
-55
-56
-57
-58
-56
-55
-54
-53
-52
-48
-46
-45
-40
-38
-34
-29
-26
-24
-22
-18
-14
-9
-5
-3
0
4
11
17
24
32
38
46
52
54
56
56
54
54
52
53
51
50
52
50
51
50
48
46
41
35
30
23
17
10
4
-4
-11
-14
-20
-24
-27
-31
-31
-30
-27
-26
-28
-28
-26
-22
-18
-12
-6
-2
3
9
14
18
21
22
26
27
27
27
26
29
29
24
21
19
20
22
20
19
15
16
18
19
21
20
17
17
17
18
16
12
6
-1
-9
-18
-27
-38
-57
-71
-83
-98
-109
-128
-144
-155
-166
-172
-184
-199
-202
-209
-209
-207
-214
-206
-196
-185
-172
-168
-156
-141
-128
-113
-100
-88
-69
-49
-27
-6
19
45
69
95
120
152
186
217
250
280
306
328
346
357
365
368
369
367
362
353
343
330
314
293
267
239
206
171
133
93
55
13
-30
-71
-107
-144
-177
-204
-228
-244
-255
-260
-259
-255
-249
-243
-231
-214
-189
-164
-136
-111
-88
-65
-45
-23
-5
12
25
37
45
54
63
69
75
78
81
84
88
92
94
97
99
101
100
98
97
93
91
88
84
83
76
70
62
51
39
25
10
-7
-25
-42
-62
-81
-99
-119
-140
-160
-174
-188
-200
-213
-224
-229
-233
-232
-229
-226
-216
-203
-191
-176
-163
-150
-134
-121
-107
-91
-76
-59
-41
-23
-2
18
40
65
90
113
136
161
187
214
242
266
283
292
298
301
302
301
297
287
275
264
254
240
222
197
169
139
105
69
33
-6
-46
-87
-126
-164
-197
-228
-255
-275
-287
-291
-288
-281
-272
-255
-240
-220
-192
-160
-121
-83
-48
-13
19
50
77
100
117
130
141
151
158
164
169
173
173
170
166
163
160
156
153
151
147
146
142
137
131
124
116
107
96
86
76
62
49
31
10
-12
-36
-63
-90
-115
-143
-170
-198
-224
-247
-271
-294
-315
-340
-359
-373
-383
-385
-390
-387
-378
-368
-351
-334
-319
-297
-276
-252
-226
-198
-168
-138
-107
-74
-38
-1
39
80
117
157
200
243
285
324
362
398
422
439
452
460
469
470
465
457
447
435
417
401
377
347
313
272
230
186
136
84
31
-22
-72
-119
-166
-204
-238
-268
-287
-297
-300
-289
-281
-269
-254
-235
-206
-176
-142
-104
-65
-28
8
38
63
82
97
106
112
117
119
123
124
122
119
110
101
92
82
73
63
55
47
43
38
33
27
20
11
2
-5
-10
-17
-26
-33
-43
-56
-70
-86
-98
-114
-130
-145
-163
-173
-183
-194
-203
-217
-226
-233
-239
-240
-241
-239
-233
-226
-216
-204
-190
-179
-163
-148
-131
-114
-97
-80
-62
-43
-22
0
22
44
70
94
119
145
171
199
227
257
289
317
336
348
352
355
357
354
350
342
327
317
307
294
278
256
228
196
160
124
85
44
1
-43
-88
-128
-169
-209
-244
-274
-297
-310
-315
-312
-304
-296
-285
-267
-247
-221
-188
-155
-116
-71
-30
10
45
71
89
106
117
126
130
132
134
134
134
133
130
126
118
105
92
80
71
63
60
60
60
60
58
52
40
26
14
1
-9
-19
-30
-44
-60
-79
-101
-125
-151
-177
-200
-215
-226
-232
-240
-249
-261
-270
-281
-290
-295
-300
-291
-275
-252
-227
-205
-182
-164
-149
-138
-125
-109
-88
-62
-33
-3
28
53
76
95
117
146
188
243
314
390
463
518
536
526
488
451
413
379
366
366
384
414
439
442
419
371
299
218
140
78
30
-3
-35
-72
-125
-196
-286
-408
-506
-577
-612
-592
-570
-514
-437
-398
-379
-411
-464
-481
-472
-415
-302
-147
65
278
433
485
471
376
220
61
-63
-116
-90
2
133
287
425
537
559
522
446
349
274
233
230
261
289
306
296
235
153
53
-60
-178
-271
-298
-263
-208
-183
-223
-328
-470
-590
-686
-771
-822
-869
-879
-840
-777
-679
-643
-724
-884
-1094
-1225
-1211
-1081
-848
-592
-330
-78
92
143
78
-32
-98
-54
78
215
272
225
116
56
151
482
1110
2029
3148
4203
4834
4754
3889
2448
805
-667
-1701
-2201
-2188
-1718
-907
10
679
801
325
-498
-1271
-1643
-1460
-827
-19
666
1050
1054
629
-204
-1264
-2200
-2636
-2350
-1414
-192
815
1211
904
129
-760
-1482
-1862
-1819
-1308
-352
877
2043
2744
2707
1963
843
-239
-972
-1230
-1022
-411
500
1520
2350
2666
2317
1444
405
-428
-845
-830
-497
15
581
1070
1334
1255
836
239
-302
-602
-618
-461
-296
-262
-416
-746
-1196
-1703
-2164
-2439
-2380
-1929
-1178
-348
304
600
505
111
-432
-979
-1408
-1623
-1567
-1266
-844
-480
-315
-398
-675
-1012
-1272
-1338
-1129
-673
-87
470
866
1068
1142
1169
1170
1103
946
745
589
548
588
669
907
1564
2847
4628
6276
6902
6024
3859
1151
-1235
-2868
-3792
-4217
-4228
-3692
-2444
-685
884
1566
1121
-70
-1148
-1381
-591
757
1878
2206
1696
631
-739
-2297
-3899
-5144
-5439
-4394
-2201
296
2024
2360
1473
110
-968
-1408
-1233
-596
396
1682
3073
4165
4413
3474
1539
-706
-2461
-3267
-3116
-2233
-895
603
1925
2766
2960
2549
1804
1113
796
896
1197
1417
1424
1224
832
213
-633
-1554
-2272
-2525
-2245
-1599
-889
-409
-291
-484
-825
-1146
-1355
-1420
-1293
-916
-331
267
617
564
148
-468
-1107
-1616
-1885
-1885
-1672
-1332
-926
-517
-221
-141
-269
-486
-666
-732
-626
-330
64
412
636
771
869
892
859
904
1111
1347
1403
1281
1145
1058
893
600
360
364
777
1863
3851
6341
8015
7654
5306
2129
-776
-3085
-4778
-5700
-5779
-5218
-4103
-2195
278
2152
2258
779
-817
-1348
-860
17
938
1699
1776
758
-1038
-2853
-4403
-5869
-6862
-6307
-3700
-139
2578
3610
3371
2468
1092
-425
-1331
-1192
-357
661
1886
3387
4426
3943
1836
-786
-2750
-3773
-4023
-3432
-1843
398
2519
3962
4598
4445
3544
2247
1229
919
1113
1277
1121
750
302
-285
-1111
-2057
-2773
-2943
-2479
-1520
-335
737
1352
1314
729
-32
-625
-941
-1050
-1006
-793
-448
-151
-96
-323
-739
-1246
-1776
-2195
-2301
-2003
-1456
-916
-489
-143
97
99
-174
-528
-732
-745
-673
-543
-279
78
336
359
239
198
379
708
963
1035
1022
1050
1018
747
341
107
133
350
1215
3538
6942
9281
8771
5946
2664
-211
-3102
-5695
-6821
-6402
-5680
-4941
-2784
990
3912
3717
1448
-88
-161
-107
-230
614
2260
2726
1140
-1015
-2421
-3899
-6287
-8089
-7110
-3557
240
2738
4062
4449
3528
1457
-544
-1496
-1578
-1276
-411
1309
3297
4369
3808
1830
-782
-3155
-4605
-4847
-3988
-2259
117
2665
4621
5404
5004
3841
2367
974
118
75
564
926
808
391
-124
-921
-2146
-3328
-3687
-2982
-1673
-290
952
1876
2114
1485
388
-554
-1126
-1501
-1701
-1459
-712
82
362
28
-600
-1272
-1945
-2489
-2584
-2053
-1164
-358
188
549
706
480
-126
-737
-923
-640
-187
193
489
709
747
532
169
-152
-293
-198
148
683
1239
1669
1879
1761
1300
708
267
7
-40
692
3000
6546
9301
9440
7129
3818
348
-3267
-6384
-7858
-7702
-7086
-6196
-3729
480
4002
4474
2534
627
-217
-735
-998
-66
1758
2610
1555
-231
-1628
-3331
-6102
-8604
-8618
-5816
-1966
1357
3774
5049
4704
2884
716
-833
-1769
-2283
-1973
-444
1801
3599
4066
2983
665
-2089
-4233
-5089
-4679
-3278
-976
1988
4769
6377
6490
5463
3763
1792
174
-442
-90
482
698
699
734
480
-525
-2000
-3027
-3011
-2083
-660
952
2364
2999
2580
1504
409
-505
-1429
-2306
-2640
-2088
-956
69
534
412
-185
-1114
-2068
-2600
-2472
-1883
-1200
-568
71
633
783
309
-530
-1209
-1410
-1217
-849
-421
-5
245
237
74
-60
-160
-294
-334
-52
529
1109
1468
1608
1496
1009
283
-306
-584
-473
513
3087
6706
9232
9061
6621
3357
-193
-4078
-7311
-8543
-7967
-6874
-5345
-2163
2385
5639
5649
3471
1435
260
-675
-1061
4
1868
2619
1487
-373
-2009
-4005
-6750
-8885
-8535
-5534
-1470
2192
4869
6195
5826
3978
1570
-503
-1970
-2723
-2419
-897
1342
3235
3793
2649
223
-2457
-4395
-5171
-4836
-3416
-860
2417
5373
7030
7104
5897
3877
1599
-191
-947
-845
-533
-334
-51
398
539
-117
-1348
-2388
-2679
-2179
-1089
318
1592
2217
2013
1272
360
-615
-1662
-2567
-2931
-2524
-1527
-394
422
668
310
-492
-1432
-2184
-2535
-2420
-1889
-1062
-132
657
1056
911
306
-447
-1036
-1355
-1462
-1373
-1002
-362
326
830
1041
979
756
535
486
606
758
898
1083
1217
1083
695
287
-35
-151
554
2895
6493
9336
9662
7581
4380
758
-3148
-6483
-8052
-7900
-7138
-5959
-3260
1037
4732
5632
4057
1997
558
-511
-1093
-474
1025
1835
1020
-635
-2143
-3835
-6263
-8529
-8844
-6594
-2897
829
3825
5593
5643
4060
1747
-315
-1782
-2629
-2587
-1443
422
2119
2857
2315
629
-1615
-3562
-4555
-4394
-3145
-899
2028
4829
6584
6901
6029
4456
2589
855
-300
-758
-796
-701
-445
59
475
299
-513
-1387
-1690
-1271
-347
776
1780
2301
2133
1456
631
-169
-999
-1836
-2388
-2328
-1647
-660
215
658
541
-84
-973
-1797
-2310
-2423
-2186
-1692
-1027
-317
249
436
126
-550
-1316
-1928
-2231
-2110
-1505
-576
346
1011
1330
1280
877
326
-59
-164
-114
33
375
805
932
557
-16
-382
-256
785
3241
6708
9394
9660
7538
4294
762
-2949
-6257
-8116
-8309
-7550
-5990
-2881
1583
5243
6067
4436
2322
877
-94
-546
92
1423
1994
1065
-573
-2086
-3855
-6321
-8447
-8556
-6202
-2515
1178
4147
5832
5786
4226
2081
189
-1250
-2172
-2202
-1128
599
2112
2691
2039
280
-1982
-3830
-4647
-4368
-3129
-975
1860
4571
6238
6545
5777
4312
2431
593
-637
-1123
-1219
-1201
-941
-390
-15
-321
-1130
-1722
-1614
-912
53
1037
1785
2026
1700
1060
374
-347
-1157
-1878
-2153
-1794
-1000
-176
336
405
95
-473
-1175
-1857
-2325
-2436
-2181
-1637
-892
-103
432
451
15
-533
-941
-1222
-1417
-1372
-921
-184
516
978
1169
1096
816
514
405
508
664
716
607
328
-43
-307
-359
-136
699
2693
5722
8400
9149
7671
4846
1451
-2230
-5527
-7377
-7567
-6965
-5974
-3814
-171
3343
4646
3625
1946
822
149
-128
545
1950
2626
1550
-580
-2501
-4123
-6045
-7824
-8006
-5902
-2420
1040
3693
5196
5231
3822
1733
-16
-972
-1269
-1027
-188
1111
2312
2666
1737
-273
-2543
-4119
-4531
-3896
-2465
-339
2222
4507
5786
5903
5176
3892
2231
658
-186
-212
-86
-358
-816
-961
-876
-1087
-1634
-1907
-1445
-480
489
1292
1897
2032
1404
250
-765
-1257
-1428
-1550
-1493
-1011
-261
238
191
-230
-721
-1185
-1652
-2014
-2071
-1805
-1432
-1120
-831
-520
-351
-520
-930
-1203
-1104
-803
-577
-455
-255
92
415
563
619
746
932
1030
1002
980
986
754
100
-683
-1050
-856
-349
471
2114
4767
7408
8552
7656
5340
2355
-947
-3980
-5758
-5931
-5333
-4754
-3760
-1628
980
2475
2267
1320
733
632
890
1765
3109
3807
2861
607
-1781
-3703
-5326
-6532
-6585
-5034
-2397
326
2382
3349
3078
1850
394
-539
-684
-221
577
1465
2172
2460
2125
968
-988
-3186
-4665
-4771
-3655
-1931
-53
1771
3188
3797
3607
3017
2356
1647
969
675
879
1087
667
-375
-1437
-2072
-2327
-2331
-1935
-1033
81
984
1529
1753
1565
831
-231
-1034
-1221
-970
-644
-349
1
347
469
241
-218
-708
-1102
-1282
-1147
-775
-439
-404
-670
-989
-1128
-1077
-952
-807
-580
-214
243
629
762
536
26
-455
-560
-186
435
955
1190
1164
973
666
328
25
-229
-231
483
2231
4525
6127
6037
4289
1673
-989
-3070
-4058
-3865
-3115
-2534
-2113
-1261
70
987
763
-278
-1211
-1454
-917
406
2216
3542
3339
1571
-702
-2503
-3669
-4351
-4337
-3301
-1440
536
1929
2358
1675
73
-1696
-2594
-2038
-374
1527
2943
3609
3533
2775
1442
-245
-1900
-3072
-3410
-2808
-1500
59
1361
2025
1997
1571
1177
1069
1202
1455
1764
2053
2132
1829
1174
342
-520
-1285
-1755
-1707
-1150
-431
74
238
149
-65
-326
-538
-585
-468
-283
-76
170
410
472
233
-211
-610
-789
-787
-761
-836
-1054
-1359
-1597
-1615
-1385
-1047
-805
-725
-724
-703
-638
-543
-429
-275
-94
23
52
3
-95
-190
-255
-253
-167
-32
144
359
612
853
1027
1252
1759
2705
3898
4751
4705
3517
1449
-831
-2573
-3318
-3132
-2505
-1853
-1231
-510
344
1059
1281
883
68
-628
-655
171
1444
2358
2298
1196
-480
-2064
-3052
-3233
-2645
-1528
-180
1094
1960
2109
1412
103
-1229
-1938
-1694
-644
718
1838
2361
2239
1660
867
31
-763
-1406
-1742
-1666
-1222
-603
-49
292
442
537
720
1023
1341
1514
1437
1087
552
-13
-447
-662
-656
-504
-337
-291
-450
-760
-1054
-1187
-1106
-860
-538
-216
32
159
174
108
-29
-198
-315
-274
-68
176
287
171
-155
-582
-987
-1234
-1247
-1054
-740
-390
-80
105
81
-167
-508
-756
-770
-497
-1
569
991
1107
879
441
-49
-503
-804
-851
-560
181
1428
3131
4980
6265
6315
4882
2309
-557
-2859
-4023
-4021
-3380
-2741
-2391
-2148
-1652
-846
6
583
754
721
836
1383
2281
2939
2660
1214
-956
-2973
-4113
-4132
-3223
-1877
-606
277
720
810
633
250
-147
-254
140
964
1862
2419
2372
1740
821
27
-354
-314
-99
20
-98
-423
-803
-1067
-1092
-834
-336
310
983
1555
1919
1993
1762
1297
739
259
-12
-41
90
211
148
-186
-729
-1287
-1634
-1652
-1392
-1020
-715
-542
-449
-340
-162
52
229
331
399
484
567
539
249
-338
-1085
-1729
-2017
-1884
-1475
-1032
-738
-621
-578
-489
-323
-145
-64
-126
-259
-331
-246
-28
195
288
226
92
30
118
279
376
356
407
832
1849
3276
4499
4832
3880
1933
-169
-1592
-1948
-1546
-1134
-1268
-1966
-2699
-2828
-2154
-1017
-11
489
598
741
1246
1999
2465
2137
925
-674
-1885
-2215
-1693
-819
-185
-78
-398
-835
-1091
-1067
-820
-414
155
905
1755
2458
2736
2473
1816
1092
616
511
633
683
410
-218
-971
-1521
-1622
-1241
-556
172
734
1052
1176
1193
1129
943
611
179
-212
-415
-382
-219
-127
-273
-683
-1200
-1603
-1738
-1617
-1393
-1218
-1147
-1121
-1031
-826
-561
-359
-306
-358
-384
-259
15
297
404
209
-239
-740
-1088
-1177
-1066
-897
-773
-689
-564
-326
-20
227
324
280
246
394
759
1189
1422
1292
838
310
-10
3
313
806
1413
2151
3025
3800
4093
3569
2215
515
-875
-1482
-1309
-876
-783
-1240
-1941
-2315
-1991
-1103
-178
252
57
-425
-655
-354
259
689
568
-104
-924
-1421
-1358
-838
-218
177
252
78
-208
-500
-740
-872
-833
-585
-143
401
908
1301
1582
1796
1951
1958
1710
1183
464
-232
-681
-755
-468
2
449
727
771
612
340
75
-40
78
413
847
1187
1274
1029
508
-121
-692
-1094
-1310
-1385
-1359
-1273
-1178
-1123
-1153
-1257
-1370
-1397
-1258
-945
-529
-128
170
320
328
204
-57
-455
-943
-1395
-1649
-1588
-1216
-683
-218
-8
-113
-423
-738
-874
-755
-415
30
457
764
901
873
721
522
365
361
616
1217
2119
3127
3936
4165
3651
2531
1240
329
41
209
339
-84
-1145
-2403
-3179
-2988
-1942
-671
109
49
-565
-1062
-890
-26
956
1366
874
-285
-1432
-1960
-1676
-852
-28
385
305
-83
-512
-779
-811
-605
-206
276
694
880
770
504
359
595
1219
1923
2278
1992
1150
194
-345
-177
538
1284
1567
1205
437
-246
-435
-35
682
1271
1410
1064
483
-19
-246
-196
-26
91
76
-61
-262
-488
-752
-1066
-1416
-1763
-2056
-2280
-2442
-2518
-2444
-2141
-1579
-863
-202
166
114
-272
-744
-1017
-935
-591
-223
-103
-340
-803
-1262
-1495
-1445
-1235
-999
-804
-597
-286
155
630
972
1076
959
775
718
907
1408
2224
3228
4196
4754
4580
3642
2236
972
366
487
910
960
249
-996
-2110
-2427
-1825
-828
-204
-407
-1171
-1728
-1445
-331
896
1343
637
-836
-2150
-2492
-1725
-398
647
847
222
-754
-1521
-1734
-1388
-732
-59
390
502
305
-51
-271
-69
634
1594
2337
2448
1846
869
92
-80
362
1004
1312
1032
333
-314
-460
0
791
1460
1652
1335
771
319
204
387
646
728
500
22
-518
-919
-1085
-1045
-939
-920
-1069
-1353
-1627
-1750
-1666
-1424
-1170
-1038
-1074
-1214
-1312
-1261
-1079
-880
-803
-897
-1085
-1219
-1170
-920
-580
-313
-212
-264
-376
-438
-397
-280
-163
-110
-127
-189
-242
-248
-173
51
470
1138
1998
2888
3597
3894
3752
3323
2863
2586
2420
2130
1486
465
-626
-1338
-1394
-911
-397
-373
-982
-1871
-2387
-2058
-959
305
969
667
-327
-1327
-1665
-1185
-275
434
487
-93
-891
-1429
-1468
-1088
-569
-190
-73
-171
-320
-363
-210
174
712
1223
1499
1404
1015
584
397
581
997
1324
1295
892
390
163
406
993
1557
1735
1419
810
278
107
313
669
883
792
455
94
-82
-18
144
166
-103
-637
-1243
-1680
-1820
-1721
-1569
-1548
-1694
-1876
-1909
-1697
-1310
-939
-759
-813
-999
-1146
-1141
-1001
-831
-747
-778
-880
-993
-1076
-1134
-1164
-1134
-991
-689
-279
78
205
28
-293
-450
-124
775
1994
3075
3533
3246
2530
1911
1813
2164
2479
2252
1327
132
-598
-404
540
1472
1577
622
-870
-1968
-2006
-1091
-8
364
-267
-1408
-2202
-2063
-1109
-13
538
328
-265
-643
-467
116
665
818
526
45
-321
-420
-305
-110
105
345
590
762
742
528
261
147
286
574
777
734
501
311
393
750
1161
1356
1211
857
558
514
713
947
992
772
394
46
-130
-120
-12
65
23
-156
-449
-792
-1121
-1377
-1527
-1593
-1622
-1652
-1698
-1714
-1661
-1533
-1380
-1274
-1257
-1300
-1327
-1286
-1179
-1079
-1043
-1067
-1071
-935
-638
-265
12
35
-173
-473
-669
-665
-542
-431
-405
-350
1
765
1806
2713
3014
2637
1946
1536
1775
2409
2793
2377
1152
-155
-718
-218
930
1720
1470
307
-995
-1493
-890
238
891
443
-846
-2064
-2286
-1402
-76
802
688
-171
-1017
-1222
-737
-18
384
267
-106
-341
-228
146
473
561
478
395
456
596
650
554
340
170
158
263
379
408
367
370
454
595
695
661
534
407
384
475
569
588
517
434
439
511
565
495
273
0
-211
-296
-304
-349
-495
-730
-938
-1038
-1031
-974
-991
-1069
-1121
-1091
-945
-816
-811
-924
-1070
-1111
-986
-737
-495
-361
-358
-409
-412
-346
-252
-201
-235
-307
-347
-318
-248
-190
-156
-53
213
654
1176
1543
1605
1378
1048
875
939
1091
1087
780
277
-114
-132
229
682
843
565
21
-406
-429
-96
251
231
-248
-901
-1296
-1176
-640
-83
138
-35
-363
-503
-317
35
261
191
-92
-324
-291
31
457
740
763
607
451
419
498
594
615
542
438
364
335
325
296
250
223
235
278
326
349
346
337
353
413
492
569
615
618
563
433
253
56
-106
-190
-229
-289
-438
-687
-950
-1112
-1109
-962
-782
-695
-756
-912
-1040
-1046
-946
-837
-809
-889
-988
-1006
-906
-740
-621
-595
-631
-622
-503
-315
-165
-153
-265
-402
-431
-304
-72
190
434
647
870
1081
1200
1194
1082
989
997
1046
1003
747
323
-38
-112
153
536
693
467
-22
-417
-403
-5
444
530
108
-552
-996
-936
-452
53
202
-79
-520
-725
-529
-92
247
287
45
-212
-223
35
411
671
693
606
562
651
831
907
817
612
403
311
309
329
329
300
291
321
356
361
305
226
182
186
223
240
202
130
79
91
166
245
262
188
49
-97
-211
-295
-397
-536
-729
-969
-1202
-1444
-1629
-1717
-1757
-1726
-1687
-1658
-1593
-1559
-1524
-1452
-1341
-1143
-940
-800
-735
-729
-704
-621
-482
-323
-179
-70
-19
-31
-58
8
309
853
1485
1939
1971
1695
1357
1317
1702
2169
2233
1642
666
-96
-121
577
1412
1679
1115
95
-634
-559
141
761
625
-355
-1560
-2187
-1895
-1013
-293
-274
-868
-1475
-1501
-857
9
497
378
-85
-410
-267
243
739
919
779
605
654
942
1286
1432
1312
1070
902
927
1047
1082
962
745
597
632
804
983
1023
883
656
457
357
350
362
345
275
177
94
53
52
52
15
-83
-245
-433
-608
-737
-824
-915
-1038
-1219
-1420
-1554
-1590
-1539
-1486
-1516
-1610
-1698
-1695
-1577
-1400
-1250
-1195
-1196
-1167
-1044
-829
-618
-495
-478
-523
-553
-526
-450
-312
-62
374
953
1500
1777
1674
1358
1152
1300
1733
2068
1940
1316
547
159
392
994
1399
1165
373
-436
-675
-207
534
883
475
-455
-1259
-1411
-905
-241
6
-327
-906
-1187
-905
-290
160
88
-405
-878
-930
-508
65
396
353
130
65
323
778
1136
1193
996
772
749
944
1193
1302
1187
939
734
690
804
963
1048
1013
884
739
631
575
535
460
333
170
33
-22
20
111
158
81
-134
-412
-640
-743
-739
-735
-822
-1011
-1235
-1387
-1449
-1468
-1520
-1675
-1864
-1983
-1983
-1861
-1733
-1681
-1683
-1665
-1522
-1277
-1053
-945
-958
-961
-827
-577
-343
-252
-281
-238
94
731
1397
1739
1600
1208
1006
1224
1696
1946
1583
738
-32
-141
504
1396
1820
1436
566
-75
62
867
1625
1628
759
-410
-1073
-860
-105
446
255
-560
-1352
-1507
-961
-227
104
-175
-732
-1003
-695
-13
544
629
333
60
154
606
1089
1248
1003
599
374
469
738
904
827
582
386
415
650
926
1065
1008
854
748
754
837
888
830
663
461
308
245
249
255
196
61
-121
-303
-452
-579
-713
-898
-1136
-1380
-1563
-1633
-1605
-1537
-1494
-1521
-1584
-1617
-1582
-1494
-1426
-1433
-1493
-1523
-1429
-1211
-981
-860
-889
-976
-991
-889
-736
-652
-647
-564
-225
383
1005
1323
1259
1054
1078
1464
1950
2055
1500
531
-222
-227
457
1218
1383
760
-194
-720
-393
487
1142
934
-39
-1054
-1373
-824
100
628
370
-359
-877
-722
-43
570
644
181
-372
-514
-113
505
875
793
470
289
456
866
1197
1197
897
545
410
543
765
892
842
692
597
632
784
964
1067
1085
1016
887
758
664
638
636
577
427
207
7
-86
-58
5
-22
-197
-461
-686
-781
-769
-758
-874
-1123
-1381
-1519
-1471
-1334
-1273
-1341
-1508
-1632
-1597
-1457
-1287
-1180
-1156
-1138
-1063
-929
-799
-738
-740
-725
-620
-437
-269
-205
-203
-105
230
763
1252
1410
1202
877
765
1020
1415
1553
1198
497
-80
-108
391
969
1113
659
-71
-526
-369
219
696
588
-76
-809
-1085
-755
-141
218
22
-543
-986
-934
-464
24
158
-102
-462
-562
-263
232
573
586
397
277
394
683
933
962
779
561
497
619
781
843
768
640
577
635
770
889
923
884
820
768
729
703
693
686
656
590
482
369
302
301
324
280
106
-174
-455
-642
-721
-769
-890
-1112
-1347
-1476
-1441
-1315
-1245
-1299
-1442
-1549
-1530
-1414
-1288
-1235
-1254
-1255
-1177
-1032
-890
-815
-784
-731
-614
-448
-297
-191
-71
158
505
831
975
905
765
747
911
1123
1128
809
334
36
147
560
917
916
534
55
-131
117
542
695
348
-302
-809
-834
-421
53
167
-179
-662
-858
-605
-143
132
20
-347
-597
-459
18
491
649
496
293
298
557
875
974
763
411
196
268
508
688
673
516
381
399
571
765
838
784
689
632
636
657
659
631
606
609
620
598
519
424
368
358
344
257
71
-172
-384
-509
-577
-671
-844
-1064
-1249
-1331
-1325
-1312
-1357
-1460
-1552
-1563
-1485
-1366
-1278
-1245
-1232
-1191
-1103
-991
-897
-828
-776
-723
-654
-559
-407
-159
167
467
628
616
526
528
700
951
1074
907
501
134
94
436
908
1142
951
465
70
82
471
888
934
503
-131
-546
-491
-78
316
361
46
-345
-506
-351
-47
151
123
-36
-125
-37
138
244
222
164
208
390
594
639
451
150
-20
82
361
580
552
300
24
-32
208
584
842
829
612
392
333
457
643
725
651
500
394
399
480
550
556
499
416
343
259
134
-36
-207
-336
-425
-515
-641
-790
-918
-982
-977
-975
-1039
-1161
-1279
-1326
-1303
-1261
-1259
-1304
-1354
-1347
-1263
-1145
-1060
-1015
-974
-877
-715
-532
-351
-192
-40
112
269
398
461
466
436
421
441
465
467
448
435
463
546
658
741
755
728
695
677
673
640
571
466
352
265
222
204
187
157
117
70
18
-34
-84
-125
-151
-162
-170
-184
-189
-166
-115
-47
10
47
66
77
97
124
136
124
101
90
98
125
164
201
234
266
306
353
404
446
472
500
514
516
513
503
501
506
502
481
439
389
346
312
283
242
173
81
-30
-134
-215
-265
-304
-365
-452
-567
-667
-712
-719
-706
-722
-789
-871
-936
-930
-858
-785
-744
-765
-801
-778
-692
-558
-444
-388
-358
-313
-229
-124
-43
-5
6
22
63
124
185
221
229
228
236
266
298
318
317
292
261
236
219
213
205
196
174
132
82
47
41
65
89
88
51
1
-18
16
89
153
165
129
89
89
147
228
271
258
202
157
159
198
247
265
236
190
168
183
216
245
256
248
236
236
247
258
262
260
258
257
255
242
220
196
179
170
169
152
110
55
0
-33
-49
-66
-104
-177
-262
-332
-371
-388
-408
-448
-509
-574
-613
-616
-605
-602
-617
-642
-651
-631
-587
-540
-512
-499
-482
-442
-372
-286
-212
-160
-132
-110
-72
-13
54
110
140
153
168
191
226
266
292
293
271
246
234
232
238
238
218
185
149
127
125
131
134
125
104
91
93
113
137
153
156
149
148
163
188
215
231
230
224
220
221
230
233
225
204
182
169
163
154
144
133
123
118
114
109
103
96
91
97
108
116
118
117
119
123
133
142
144
137
122
108
95
78
55
22
-18
-60
-99
-138
-172
-210
-253
-295
-334
-366
-392
-418
-436
-448
-458
-465
-469
-465
-457
-445
-423
-400
-379
-358
-333
-295
-249
-206
-165
-129
-102
-79
-52
-21
9
35
58
79
101
124
147
164
174
177
175
172
166
155
144
128
109
88
69
52
40
27
20
20
19
25
32
38
47
60
81
100
116
135
155
176
200
223
239
242
237
236
237
238
231
216
198
176
157
147
139
125
105
85
71
64
63
63
59
58
57
64
78
90
100
103
102
100
99
95
86
76
63
45
26
3
-27
-58
-90
-116
-143
-171
-196
-223
-251
-274
-290
-307
-317
-327
-337
-342
-343
-339
-330
-319
-305
-290
-272
-245
-212
-179
-147
-126
-109
-91
-68
-45
-23
-8
2
13
25
41
57
66
70
70
65
60
54
47
37
22
7
-5
-13
-18
-21
-24
-23
-20
-15
-4
5
17
29
46
68
90
112
135
159
185
210
235
255
266
273
276
280
280
279
273
264
251
236
222
206
192
176
161
145
130
116
104
97
89
80
71
63
60
60
63
61
56
51
41
32
26
14
1
-19
-40
-57
-77
-101
-129
-157
-185
-210
-230
-249
-268
-288
-307
-325
-339
-346
-347
-344
-339
-334
-325
-309
-286
-260
-233
-200
-169
-142
-118
-94
-77
-57
-40
-23
-8
1
14
28
40
52
56
60
63
66
70
75
74
69
60
48
37
27
22
13
4
0
-5
-9
-6
2
11
17
30
51
76
101
124
149
174
195
217
239
256
267
272
274
274
269
257
243
227
211
197
184
169
153
140
127
113
101
89
78
72
70
67
62
55
46
37
31
25
21
13
-2
-20
-36
-50
-62
-73
-88
-108
-132
-152
-170
-186
-202
-223
-242
-260
-275
-285
-293
-301
-305
-309
-306
-297
-284
-265
-247
-229
-209
-188
-161
-126
-93
-66
-48
-32
-16
1
18
34
47
54
60
68
80
89
94
99
100
96
92
87
82
80
73
64
53
41
33
27
21
19
19
18
25
29
32
37
45
54
66
78
91
101
112
123
132
142
147
148
150
153
152
149
142
135
129
122
113
104
98
90
84
74
65
53
41
31
25
23
19
13
2
-5
-9
-12
-14
-19
-24
-35
-46
-52
-54
-55
-57
-60
-65
-71
-75
-78
-81
-87
-98
-110
-122
-133
-138
-137
-139
-142
-145
-144
-137
-130
-121
-110
-105
-96
-82
-64
-45
-29
-20
-16
-12
-4
6
14
20
24
28
31
33
35
35
34
31
27
22
15
9
2
-1
-8
-18
-24
-30
-36
-40
-37
-36
-32
-28
-21
-11
-4
5
18
27
36
47
60
74
88
100
107
112
119
127
136
141
143
142
138
131
127
126
123
116
110
104
98
91
86
80
69
59
53
47
39
32
26
20
11
3
-1
-10
-22
-33
-42
-51
-59
-66
-71
-81
-89
-97
-105
-113
-120
-128
-139
-144
-146
-148
-150
-153
-157
-158
-154
-148
-138
-126
-115
-104
-94
-82
-66
-48
-31
-18
-10
-5
1
11
20
26
30
35
40
44
52
55
52
51
49
49
48
42
35
29
23
17
17
13
7
-1
-4
-4
-3
1
5
7
11
14
22
31
39
41
46
53
61
69
78
87
92
94
95
97
99
98
95
93
88
86
81
77
75
72
69
65
61
54
44
36
36
35
31
27
22
13
1
-8
-17
-25
-33
-40
-47
-54
-61
-69
-74
-78
-86
-92
-96
-99
-101
-103
-105
-107
-111
-114
-113
-113
-110
-106
-106
-104
-101
-93
-83
-75
-64
-51
-42
-31
-23
-17
-13
-4
8
15
18
22
28
36
43
47
52
53
52
52
57
61
57
51
48
44
38
32
31
27
19
14
11
8
5
5
5
4
1
2
5
9
12
15
21
24
27
34
40
44
46
47
49
50
48
51
49
44
42
41
41
39
39
39
38
34
31
33
32
33
33
30
28
25
26
25
21
12
1
-6
-14
-22
-26
-32
-41
-49
-57
-62
-65
-69
-73
-77
-85
-88
-88
-89
-89
-89
-89
-91
-88
-84
-78
-72
-67
-63
-56
-49
-35
-24
-18
-15
-13
-11
-7
1
8
12
10
11
16
21
25
30
33
36
34
33
39
43
43
43
42
44
42
41
40
36
31
27
26
30
31
30
28
23
23
23
27
31
31
29
27
28
29
31
32
31
29
28
26
26
25
22
17
14
12
11
11
10
8
7
5
5
4
1
-1
-4
-3
-3
0
3
4
0
-3
-6
-8
-9
-11
-14
-17
-20
-25
-27
-29
-32
-36
-40
-41
-42
-46
-47
-49
-52
-55
-55
-55
-55
-56
-55
-52
-51
-48
-45
-40
-38
-32
-23
-17
-16
-16
-14
-9
-2
3
9
15
16
17
22
26
28
27
28
30
31
32
31
31
30
29
25
24
24
22
22
22
23
23
24
26
28
27
25
26
30
31
31
31
35
35
35
34
33
28
21
18
20
19
15
11
9
8
2
1
2
5
2
0
-1
-2
-5
-7
-5
-4
-6
-8
-7
-5
-8
-7
-6
-10
-15
-19
-20
-21
-20
-21
-23
-27
-29
-32
-32
-28
-29
-31
-35
-35
-33
-33
-31
-32
-33
-36
-38
-38
-34
-32
-34
-31
-30
-29
-24
-20
-14
-10
-8
-9
-7
-4
-1
1
2
5
7
9
12
14
13
14
17
21
24
23
21
22
25
25
27
29
28
28
26
28
30
31
29
28
28
28
27
29
31
35
38
42
44
43
43
44
43
43
41
41
41
37
31
27
24
21
17
16
11
8
6
2
-2
-7
-11
-16
-17
-21
-23
-26
-29
-34
-35
-37
-38
-40
-43
-43
-46
-46
-46
-49
-49
-48
-50
-50
-50
-48
-48
-48
-48
-47
-45
-47
-46
-45
-43
-43
-40
-34
-30
-27
-26
-20
-16
-12
-7
-1
5
6
6
10
16
19
18
20
24
28
27
29
35
35
34
35
37
37
35
36
39
39
37
34
34
35
31
30
29
28
28
27
27
28
26
26
25
26
27
28
31
32
31
31
33
32
34
32
30
30
28
25
24
25
23
20
16
13
11
9
7
4
0
-6
-9
-13
-16
-21
-28
-32
-35
-38
-41
-44
-47
-50
-54
-57
-58
-59
-63
-65
-64
-65
-67
-67
-68
-66
-64
-62
-58
-56
-56
-57
-53
-51
-48
-45
-40
-35
-31
-27
-23
-17
-12
-5
0
4
11
16
21
25
31
36
40
45
48
49
51
53
54
55
56
56
57
57
59
58
57
54
53
53
53
51
49
46
43
42
42
40
38
32
27
23
21
22
22
21
18
16
16
15
14
13
11
10
10
9
8
6
7
3
0
-1
-1
-2
-5
-8
-12
-14
-18
-21
-24
-25
-25
-28
-31
-35
-41
-43
-41
-41
-45
-48
-52
-52
-54
-55
-55
-56
-58
-60
-59
-58
-59
-61
-58
-57
-55
-55
-53
-50
-47
-47
-45
-41
-36
-32
-25
-20
-16
-9
-6
1
7
10
17
22
27
30
34
40
44
45
49
52
54
55
56
60
59
60
58
57
59
59
57
56
56
53
50
50
50
48
44
42
40
37
34
32
31
30
26
24
22
19
17
16
16
11
9
8
5
5
6
2
1
1
-2
-6
-10
-13
-18
-22
-20
-19
-21
-22
-26
-32
-36
-37
-37
-37
-39
-41
-43
-43
-45
-47
-46
-47
-47
-48
-48
-47
-48
-50
-50
-48
-45
-44
-43
-45
-45
-44
-44
-42
-37
-35
-34
-33
-31
-32
-30
-23
-18
-14
-10
-6
-3
4
9
13
19
20
22
26
31
37
41
41
43
45
47
52
55
58
58
57
58
61
61
61
63
63
58
55
54
52
53
52
51
49
45
42
36
33
28
36
55
55
27
1
-6
-9
-10
2
23
32
6
-36
-57
-48
-27
-5
17
16
-11
-47
-59
-45
-26
-16
-16
-22
-41
-63
-62
-40
-18
-12
-17
-32
-53
-65
-56
-32
-16
-15
-25
-38
-54
-62
-56
-40
-28
-28
-35
-40
-49
-56
-53
-42
-31
-28
-32
-35
-32
-32
-29
-16
-12
-16
-21
-16
-8
-4
-3
2
7
7
7
15
24
30
31
35
36
37
40
44
51
57
59
61
64
65
63
61
61
62
64
66
68
66
62
58
55
53
53
50
46
44
42
39
34
29
24
19
15
10
7
6
3
0
-4
-8
-13
-18
-21
-22
-23
-24
-28
-34
-39
-40
-41
-40
-42
-42
-43
-46
-49
-53
-54
-55
-53
-49
-50
-50
-48
-47
-45
-40
-35
-32
-34
-31
-29
-28
-27
-23
-18
-18
-17
-15
-10
-7
-8
-6
-5
-1
0
2
4
2
0
0
4
10
12
13
11
8
8
8
13
18
19
20
19
21
22
28
32
33
30
29
30
30
30
31
31
27
22
22
24
25
27
29
29
28
27
25
25
23
20
22
21
21
19
18
15
13
10
9
7
6
4
3
-1
-4
-4
-4
-5
-5
-6
-8
-11
-17
-20
-20
-18
-18
-21
