-5
-8
8
-5
-11
-2
-22
7
10
-25
17
12
-26
0
14
0
-9
1
22
-16
-9
24
-5
-4
8
4
-6
5
13
11
3
16
7
-1
19
4
-6
19
-2
0
26
-13
11
13
-15
17
16
-15
28
19
-30
16
19
-19
-5
32
0
-29
32
4
-37
26
8
-33
26
1
-50
27
39
-56
-11
57
-36
-64
46
25
-60
5
21
-32
-22
2
2
-2
-6
-18
7
-13
-22
3
9
-18
-36
15
4
-46
14
19
-21
-12
4
-12
-5
12
-18
1
13
-13
-27
25
-2
-11
28
-3
-12
18
17
-41
29
67
-73
5
114
-55
-53
121
4
-72
64
36
-25
33
11
-16
56
-2
-45
59
52
-79
1
93
-29
-54
45
50
-52
-27
60
12
-65
22
22
-45
32
-14
-36
50
-13
-98
54
66
-111
5
80
-87
-41
58
-37
-23
25
-42
-21
40
-46
-8
37
-52
-15
16
-39
-1
36
-33
-25
6
4
-38
-26
45
-15
-46
33
20
-38
9
11
-7
-1
-2
3
29
-2
-16
37
1
-13
20
23
-2
5
32
-4
4
50
-12
-47
92
1
-89
95
31
-63
58
21
-40
43
-13
-14
73
-27
-16
78
-46
-30
92
-20
-36
40
-2
-28
-1
35
-9
-6
-7
-36
2
18
-55
60
20
-147
81
45
-140
78
39
-131
51
-20
-49
86
-49
-27
8
-68
49
-10
-70
84
-30
-118
50
49
-54
23
9
-107
32
75
-117
51
148
-182
-72
174
-62
-37
165
-112
-62
146
-154
24
306
-186
-157
287
-95
-182
264
56
-173
61
44
-78
24
127
-16
-113
81
29
-113
54
115
-33
-75
17
72
-49
3
74
-69
16
22
-82
85
59
-132
-6
109
-72
-94
146
-3
-157
132
8
-168
147
1
-184
130
40
-158
70
72
-118
-24
63
-38
-15
30
-16
1
-25
-29
21
29
-10
-38
34
20
-57
14
52
-19
-38
21
50
-39
-28
97
-25
-60
50
20
-20
-8
14
9
13
-27
0
47
-33
-37
50
0
-19
26
-28
18
9
-64
37
69
-52
-19
70
-7
-74
46
67
-71
14
38
-52
43
-20
-16
92
-101
-27
118
-84
-5
73
-62
-11
2
4
-3
12
13
-37
-2
15
2
-23
-13
41
-49
-63
125
-20
-136
122
18
-140
66
80
-43
-68
61
45
-126
35
128
-97
-56
89
-48
-47
73
14
-73
24
48
-88
45
109
-115
-38
121
-28
-77
91
48
-127
18
89
-25
28
-4
-27
47
-31
-3
66
2
-32
-50
46
73
-103
44
106
-167
18
88
-55
45
6
-38
-19
7
28
-42
27
38
-108
7
88
-55
-13
17
-30
-19
-33
66
-2
-64
31
0
-68
-21
88
-32
-73
87
-27
-84
91
-21
-48
69
-58
-15
56
3
-31
-1
83
-83
-63
168
-68
-77
167
-76
-66
112
-35
-43
71
-10
-59
72
23
-97
56
61
-87
7
58
14
-38
-28
120
-34
-119
160
1
-148
131
73
-156
52
109
-126
-16
117
-51
-32
46
-16
-4
-19
36
-10
-56
55
-34
-40
81
-28
-35
9
-48
10
17
-11
18
-1
-33
-30
56
10
-67
69
15
-104
35
58
-49
-49
32
7
-104
33
86
-60
12
42
-50
-12
14
11
-21
-7
8
-45
3
13
11
31
-17
-29
43
3
-11
75
5
-39
27
-4
-16
59
4
-21
25
-33
-1
58
23
-25
2
18
-36
-2
35
21
-17
-59
18
38
-38
30
25
-76
-22
44
1
-15
39
-30
-68
58
13
-27
82
-13
-79
44
20
-25
22
17
-42
-54
28
5
-20
22
-18
-25
-12
-6
21
13
-31
-14
14
-33
-27
17
3
-29
-27
18
27
-43
-32
50
-12
-23
46
27
-21
-38
28
30
-15
39
-1
-41
31
-1
13
73
-35
-48
51
25
-9
14
47
2
-76
28
85
-17
-15
31
0
-2
3
1
37
-22
-49
15
20
-1
-18
9
15
-34
-23
40
-1
-51
8
-3
-15
3
-13
-1
-1
-24
-6
19
-12
-41
-6
25
-1
-24
5
4
-29
-9
15
2
-32
-19
24
9
-20
0
24
-28
-26
20
9
-4
-5
16
19
-20
-4
23
-2
15
16
-14
2
5
5
16
-3
-15
-9
24
28
2
-10
-12
0
21
21
18
3
-30
-4
34
17
2
8
0
-4
17
32
-10
-26
12
6
-2
28
6
-28
-13
8
-1
9
10
-11
-15
-18
0
-2
13
10
-31
-28
-14
16
11
-10
2
-27
-44
7
36
-5
-18
-14
-26
-9
11
18
5
-15
-20
-7
7
1
6
-7
-15
7
-7
3
12
-8
-9
-9
0
4
16
8
-7
1
2
-13
0
21
2
-5
5
9
13
-4
1
16
6
0
13
19
-11
-14
19
23
5
12
24
-3
-6
17
13
2
-3
-3
6
8
-4
10
14
-14
-15
-1
-7
-12
-2
9
1
-18
-9
-10
-18
-4
4
8
5
-20
-10
2
-18
-9
4
-6
-10
0
7
7
-12
-11
2
-18
-1
31
22
-5
-5
-4
-14
-11
-2
17
1
-14
-7
9
9
-5
-4
-16
-22
-9
20
22
-7
-15
-26
-13
5
20
27
-3
-12
7
16
21
18
5
-7
3
30
32
21
11
0
2
14
26
28
26
7
2
16
15
-7
-4
4
-22
-11
-1
-17
-29
-35
-38
-40
-28
-29
-31
-30
-49
-46
-29
-27
-26
-20
-12
-9
-3
10
2
-18
-21
-7
9
22
15
4
0
-11
-1
21
11
3
5
11
18
32
41
12
-4
19
38
40
47
35
13
21
31
52
59
45
33
24
34
48
51
49
45
42
51
55
55
53
47
40
39
53
66
90
98
79
73
82
117
171
223
229
182
127
59
8
2
-7
-54
-151
-243
-298
-338
-359
-451
-600
-714
-777
-745
-697
-711
-776
-900
-993
-1011
-1018
-934
-866
-862
-795
-690
-532
-351
-226
-149
-48
160
440
720
897
975
1075
1177
1349
1548
1681
1796
1764
1660
1606
1519
1485
1433
1284
1166
1051
937
809
595
387
252
203
217
196
74
-115
-306
-423
-448
-429
-413
-410
-398
-405
-456
-568
-716
-814
-790
-653
-510
-459
-521
-616
-639
-580
-557
-632
-691
-504
84
907
1502
1426
644
-347
-869
-611
145
773
718
-6
-816
-1158
-968
-652
-661
-1117
-1671
-1838
-1497
-1001
-914
-1468
-2330
-2907
-2884
-2416
-1933
-1813
-2006
-2109
-1822
-1213
-656
-433
-456
-375
116
982
1843
2281
2214
2035
2181
2758
3477
3905
3824
3367
2931
2824
2996
3133
2982
2564
2078
1723
1543
1373
1037
600
229
81
158
206
10
-428
-929
-1241
-1221
-989
-804
-814
-996
-1204
-1307
-1281
-1181
-1091
-1043
-951
-805
-687
-682
-808
-972
-1045
-948
-749
-613
-653
-844
-992
-939
-735
-595
-705
-979
-1048
-562
462
1574
2066
1496
197
-857
-876
55
1165
1635
1064
-169
-1078
-962
-148
371
29
-854
-1581
-1643
-1040
-334
-329
-1308
-2541
-3030
-2639
-2020
-1651
-1676
-2013
-2208
-1822
-1001
-455
-522
-676
-280
631
1639
2358
2502
2122
1823
2307
3446
4337
4383
3813
3148
2748
2802
3179
3374
2973
2229
1731
1624
1547
1200
676
192
-102
-99
98
61
-476
-1199
-1608
-1536
-1214
-976
-992
-1264
-1586
-1685
-1544
-1367
-1328
-1363
-1309
-1147
-949
-790
-766
-856
-893
-768
-582
-526
-611
-696
-740
-749
-665
-498
-455
-679
-961
-961
-556
199
1216
2120
2206
1190
-204
-854
-433
530
1421
1664
828
-681
-1523
-967
99
416
-144
-947
-1623
-1856
-1315
-505
-629
-1896
-3074
-3227
-2783
-2380
-2050
-1913
-2178
-2354
-1688
-568
-151
-524
-676
-106
837
1898
2902
3215
2583
2063
2740
4111
4907
4758
4114
3311
2683
2794
3549
3885
3135
2008
1465
1486
1535
1414
1093
479
-202
-395
-95
-41
-628
-1398
-1776
-1731
-1480
-1217
-1219
-1633
-2111
-2132
-1717
-1319
-1203
-1261
-1338
-1398
-1295
-982
-730
-764
-897
-843
-704
-726
-788
-677
-578
-663
-700
-500
-360
-594
-906
-869
-505
81
1066
2213
2492
1362
-238
-919
-362
784
1851
2180
1156
-686
-1654
-849
596
1045
294
-865
-1842
-2195
-1541
-457
-332
-1595
-3019
-3461
-3200
-2858
-2455
-2060
-2064
-2274
-1941
-1135
-755
-966
-878
-32
1009
1809
2459
2759
2401
2020
2689
4191
5158
4942
4135
3366
2827
2841
3575
4207
3695
2345
1400
1321
1500
1440
1223
825
123
-495
-555
-371
-620
-1236
-1617
-1645
-1685
-1833
-1901
-1906
-1957
-1897
-1590
-1294
-1306
-1493
-1513
-1305
-1015
-695
-395
-300
-472
-650
-610
-442
-268
-98
-28
-201
-470
-492
-270
-241
-527
-709
-429
273
1239
2104
2039
620
-1094
-1467
-261
1246
1922
1450
-33
-1739
-2137
-624
1173
1252
-290
-1868
-2583
-2389
-1309
-3
7
-1742
-3615
-4027
-3324
-2573
-1974
-1527
-1729
-2414
-2447
-1523
-708
-572
-364
451
1312
1764
2127
2444
2331
2203
3025
4533
5266
4608
3474
2807
2737
3195
4022
4377
3409
1715
798
1146
1815
1921
1473
696
-233
-818
-590
9
32
-665
-1407
-1750
-1831
-1755
-1439
-1085
-1044
-1282
-1438
-1404
-1336
-1192
-838
-415
-207
-259
-423
-602
-723
-630
-283
69
166
-17
-411
-847
-1010
-743
-324
-253
-591
-911
-844
-274
676
1475
1286
-45
-1430
-1612
-609
567
1108
677
-651
-2025
-2071
-589
818
677
-724
-2134
-2810
-2474
-1151
170
-24
-1854
-3617
-3935
-3110
-1988
-1044
-775
-1499
-2412
-2238
-1007
55
358
405
603
897
1440
2322
2942
2818
2552
3022
3957
4398
4105
3581
3164
2970
3238
3833
3931
3064
1948
1538
1828
2151
2090
1640
887
117
-140
229
633
430
-324
-1093
-1514
-1539
-1245
-862
-767
-1123
-1653
-1928
-1787
-1393
-1002
-832
-976
-1301
-1515
-1443
-1180
-918
-773
-803
-957
-1063
-1029
-997
-1089
-1161
-1055
-917
-1007
-1251
-1330
-1122
-641
122
884
878
-194
-1406
-1571
-661
450
1097
933
-177
-1545
-1714
-242
1360
1486
232
-1259
-2151
-1898
-339
1387
1406
-579
-2762
-3464
-2653
-1124
297
616
-612
-2232
-2505
-1247
228
990
1093
759
312
450
1438
2413
2531
2173
2162
2548
2904
3105
3164
2901
2434
2308
2686
2999
2790
2316
1976
1813
1726
1703
1626
1298
820
534
552
614
438
-22
-622
-1116
-1262
-1029
-709
-670
-1037
-1629
-2073
-2058
-1619
-1140
-1026
-1315
-1720
-1948
-1853
-1476
-1068
-948
-1155
-1373
-1352
-1179
-1027
-928
-890
-966
-1040
-931
-777
-852
-1056
-1036
-679
-175
256
374
-64
-842
-1237
-773
173
865
889
237
-699
-1126
-482
741
1392
909
-218
-1136
-1208
-248
1120
1643
667
-1034
-2088
-1835
-620
713
1232
430
-1077
-1929
-1400
-21
1185
1566
1042
58
-524
-91
1062
2015
2213
1809
1274
1015
1249
1846
2325
2317
1959
1696
1737
1959
2153
2155
1931
1616
1428
1462
1571
1542
1334
1040
764
532
319
115
-69
-194
-258
-349
-564
-930
-1330
-1547
-1478
-1258
-1153
-1342
-1764
-2172
-2324
-2134
-1757
-1490
-1530
-1811
-2062
-2084
-1872
-1567
-1330
-1252
-1330
-1412
-1371
-1242
-1127
-1062
-995
-883
-747
-634
-549
-491
-449
-348
-135
87
195
195
200
292
469
660
789
801
750
785
970
1197
1296
1226
1081
1012
1101
1282
1388
1292
1038
805
741
817
888
840
663
455
330
303
306
253
139
35
-15
-19
-8
-9
-29
-45
-50
-45
-36
-5
81
201
299
314
259
208
244
391
565
665
634
523
418
389
438
510
549
537
469
351
205
77
27
66
143
149
1
-269
-528
-650
-600
-462
-394
-499
-747
-1013
-1156
-1127
-994
-885
-883
-1008
-1187
-1307
-1305
-1201
-1090
-1041
-1067
-1121
-1136
-1086
-986
-885
-824
-786
-725
-619
-491
-384
-307
-241
-154
-28
114
237
316
363
429
544
700
848
952
999
1002
1005
1058
1172
1321
1440
1460
1349
1158
1000
979
1092
1221
1214
985
596
237
84
169
331
362
151
-235
-592
-740
-634
-404
-258
-318
-534
-746
-802
-669
-423
-215
-146
-195
-266
-255
-146
9
140
204
232
274
342
405
420
385
369
437
573
694
692
545
340
228
283
443
550
476
233
-44
-199
-184
-75
-26
-141
-371
-593
-711
-722
-691
-703
-795
-919
-1008
-1029
-1012
-1014
-1046
-1079
-1081
-1041
-977
-929
-927
-942
-916
-826
-687
-555
-483
-468
-469
-417
-273
-68
120
228
244
222
239
351
560
780
914
919
826
729
730
871
1084
1235
1212
1031
802
664
702
862
987
954
751
501
345
337
421
484
452
337
208
132
110
90
64
51
67
105
117
63
-47
-142
-144
-42
88
142
75
-64
-178
-188
-97
21
74
16
-101
-209
-258
-245
-201
-173
-188
-246
-326
-397
-445
-444
-420
-392
-371
-390
-442
-498
-537
-523
-457
-382
-344
-381
-459
-518
-503
-393
-272
-212
-235
-328
-388
-355
-249
-114
-36
-50
-122
-179
-150
-43
79
149
136
85
55
95
188
271
304
275
235
236
278
349
385
351
288
250
282
362
404
372
267
167
155
223
316
338
252
132
48
49
133
219
235
174
72
5
8
56
109
125
97
43
-3
-27
-34
-31
-25
-18
-14
-25
-55
-89
-110
-111
-91
-59
-43
-51
-72
-92
-95
-90
-82
-76
-76
-85
-91
-96
-111
-134
-161
-176
-176
-169
-163
-181
-217
-248
-266
-254
-234
-222
-214
-214
-213
-206
-191
-171
-144
-109
-69
-42
-33
-26
-10
23
67
107
124
119
110
118
150
185
201
185
155
146
163
189
209
191
145
113
110
137
166
170
148
104
74
71
90
111
112
92
66
43
32
35
45
54
58
51
39
25
7
4
15
29
31
24
9
-13
-27
-31
-28
-31
-42
-56
-67
-77
-80
-80
-78
-82
-88
-91
-87
-77
-70
-67
-64
-69
-81
-84
-78
-68
-61
-62
-76
-102
-121
-122
-114
-101
-100
-113
-133
-148
-148
-137
-121
-110
-101
-92
-87
-85
-79
-62
-35
-2
29
46
48
45
58
91
131
163
171
160
144
145
166
192
204
190
167
152
145
149
153
142
120
97
84
83
87
88
79
63
45
37
38
44
46
42
33
16
-2
-12
-11
-8
-5
-5
-21
-46
-71
-84
-77
-64
-55
-59
-81
-105
-124
-124
-106
-89
-84
-93
-108
-121
-123
-107
-83
-72
-74
-84
-87
-82
-68
-48
-37
-35
-36
-39
-36
-28
-22
-18
-14
-12
-13
-12
-12
-13
-19
-19
-17
-20
-21
-24
-29
-30
-25
-18
-9
-4
-1
6
19
32
44
52
56
63
77
97
114
120
118
109
107
118
134
144
139
125
110
101
105
112
109
95
74
54
48
49
52
52
42
22
3
-10
-12
-8
-8
-12
-22
-38
-55
-62
-58
-48
-44
-46
-58
-73
-85
-84
-72
-60
-57
-67
-81
-88
-92
-81
-66
-62
-67
-78
-85
-82
-70
-55
-47
-46
-52
-56
-51
-33
-19
-10
-4
-5
-7
-3
7
17
26
30
30
26
24
28
30
30
29
25
21
16
11
9
3
-4
-7
-5
-5
-7
-7
-5
-6
-5
1
5
10
18
24
29
29
31
36
45
57
65
69
67
62
60
67
79
88
87
79
66
52
50
57
64
62
53
38
24
14
11
16
19
13
1
-11
-25
-37
-35
-29
-26
-29
-41
-51
-61
-65
-62
-56
-53
-59
-69
-76
-78
-73
-64
-56
-60
-67
-69
-66
-58
-47
-41
-37
-42
-46
-40
-30
-17
-7
-4
-4
-5
-5
4
13
20
24
27
25
23
22
22
22
26
24
26
25
18
11
5
5
5
9
11
5
1
-3
0
6
9
12
13
13
18
23
26
28
30
34
42
52
57
59
56
52
55
61
71
73
68
56
46
42
43
49
51
46
33
18
8
4
5
9
9
-2
-15
-28
-35
-39
-36
-32
-30
-38
-51
-62
-68
-65
-61
-54
-55
-62
-71
-75
-73
-67
-57
-54
-57
-67
-73
-71
-64
-51
-40
-35
-39
-45
-43
-34
-18
-5
5
7
4
1
7
20
32
41
43
40
35
34
36
38
40
39
35
34
32
26
22
20
17
16
15
14
8
5
8
11
15
20
19
21
22
23
30
40
44
46
49
52
56
62
68
70
71
71
70
69
67
62
57
51
45
37
33
26
19
9
1
-7
-15
-19
-24
-32
-40
-47
-53
-56
-59
-64
-67
-73
-78
-83
-86
-87
-89
-91
-93
-97
-94
-90
-87
-86
-85
-85
-83
-80
-74
-66
-58
-49
-42
-38
-34
-29
-22
-6
7
15
20
22
20
24
33
44
53
55
53
52
49
52
58
59
59
50
46
44
41
41
41
38
35
32
30
29
30
30
35
38
39
38
39
42
44
49
54
57
61
64
67
69
73
78
80
81
80
77
75
74
71
64
59
53
45
37
30
22
13
0
-10
-20
-31
-43
-52
-63
-75
-85
-95
-104
-111
-119
-125
-127
-133
-137
-139
-145
-148
-146
-146
-142
-136
-136
-132
-128
-122
-115
-111
-104
-95
-89
-79
-70
-60
-49
-38
-28
-16
0
13
26
37
48
60
71
83
97
108
115
119
124
132
137
141
141
135
127
121
118
116
113
106
96
84
73
67
63
60
54
47
40
32
28
28
30
31
32
30
27
28
31
37
42
45
48
49
48
47
46
44
43
40
36
35
29
20
10
1
-6
-15
-24
-33
-45
-58
-70
-83
-90
-99
-109
-119
-129
-138
-147
-151
-148
-149
-152
-155
-159
-160
-156
-150
-143
-135
-133
-131
-125
-116
-108
-97
-86
-76
-66
-56
-45
-33
-19
-5
6
18
31
41
53
68
79
92
101
109
118
126
132
139
146
151
152
155
154
151
147
143
140
136
130
123
111
102
95
86
76
67
59
47
38
29
17
11
6
3
-1
-3
-8
-13
-18
-18
-14
-12
-9
-11
-13
-16
-13
-8
-4
-2
-5
-7
-11
-13
-14
-15
-15
-20
-29
-39
-45
-52
-57
-62
-69
-75
-83
-89
-95
-99
-101
-103
-106
-107
-111
-112
-111
-109
-107
-104
-101
-96
-93
-87
-81
-77
-71
-63
-56
-49
-42
-38
-34
-25
-14
-4
5
15
23
28
35
46
58
67
74
80
85
92
101
110
118
124
128
127
127
125
122
119
117
115
108
102
97
90
85
79
71
62
51
42
34
25
19
17
12
6
-1
-7
-13
-17
-15
-14
-13
-11
-14
-18
-19
-19
-18
-16
-14
-14
-15
-16
-19
-24
-24
-23
-26
-28
-32
-41
-49
-58
-64
-65
-67
-72
-80
-88
-97
-103
-101
-96
-87
-83
-85
-89
-93
-88
-80
-69
-60
-55
-57
-61
-59
-48
-23
8
43
68
58
-1
-77
-143
-183
-165
-87
22
129
199
218
178
107
42
2
-10
-5
27
70
97
120
127
109
75
41
34
56
110
172
208
202
155
81
11
-27
-29
1
42
60
54
32
9
-4
-2
9
12
2
-15
-36
-54
-55
-40
-23
-10
-4
-4
-11
-21
-27
-32
-39
-46
-47
-40
-33
-23
-16
-18
-31
-43
-49
-45
-39
-32
-27
-40
-60
-84
-113
-111
-90
-67
-48
-56
-71
-86
-95
-92
-86
-73
-65
-73
-84
-93
-107
-95
-68
-42
-19
0
15
31
49
58
59
51
32
17
21
46
87
119
132
122
98
91
104
132
172
197
214
222
208
199
190
181
171
152
146
153
172
206
224
212
192
171
158
144
112
64
20
17
92
253
433
511
382
34
-455
-881
-1015
-756
-182
505
1002
1073
693
50
-573
-936
-928
-615
-161
245
467
470
278
-40
-390
-658
-724
-524
-67
488
881
894
440
-352
-1170
-1627
-1510
-864
29
766
1026
727
69
-616
-1027
-1028
-679
-219
138
267
161
-76
-323
-480
-511
-416
-221
16
239
384
394
258
23
-201
-307
-243
-29
227
408
433
310
127
-4
-9
99
248
345
338
240
135
89
146
277
403
459
424
322
211
143
140
180
222
239
223
195
169
166
168
154
123
92
75
83
112
126
98
18
-84
-162
-171
-107
-1
80
82
-9
-150
-285
-353
-327
-239
-142
-89
-98
-158
-228
-273
-281
-257
-229
-216
-219
-227
-224
-210
-188
-173
-195
-253
-326
-388
-397
-331
-203
-50
67
110
55
-69
-218
-346
-390
-337
-201
-30
118
188
154
50
-56
-123
-103
-3
135
251
308
298
237
175
133
126
157
206
262
321
363
368
337
268
193
168
225
360
529
659
657
507
269
24
-108
-63
133
365
492
412
145
-182
-402
-357
-32
447
841
936
652
63
-601
-1100
-1246
-1017
-537
-9
371
477
319
-8
-382
-672
-780
-689
-450
-133
145
269
179
-103
-485
-800
-910
-725
-303
187
531
590
344
-89
-483
-669
-568
-267
57
254
244
89
-84
-159
-112
8
96
74
-65
-260
-400
-411
-289
-97
118
288
355
341
238
104
-31
-106
-84
24
218
403
502
447
259
30
-114
-94
95
408
677
745
612
347
40
-154
-150
2
207
370
417
333
190
56
-13
10
63
113
147
127
73
-1
-62
-106
-148
-158
-149
-101
-73
-47
-15
-53
-106
-158
-192
-206
-166
-122
-115
-125
-173
-226
-232
-195
-143
-77
-46
-60
-134
-223
-265
-259
-175
-59
67
123
71
-57
-210
-336
-350
-226
-56
112
202
163
5
-170
-289
-303
-204
-55
97
187
173
79
-13
-97
-123
-61
0
56
101
105
102
118
110
98
95
66
62
100
162
232
244
200
124
35
-6
54
165
245
288
254
131
27
0
31
111
205
234
179
110
19
-50
-21
37
81
91
87
18
-61
-56
-27
-8
39
82
16
-57
-90
-148
-177
-156
-109
-80
-49
-12
-13
-40
-95
-168
-235
-271
-233
-140
-55
11
40
-47
-171
-260
-315
-317
-185
-14
53
95
98
-22
-165
-220
-249
-226
-111
25
98
139
140
56
-69
-169
-215
-171
-44
111
225
241
177
27
-134
-159
-91
-1
144
243
207
139
90
22
-59
-32
58
134
235
305
269
122
-39
-106
-81
41
239
366
336
175
47
-45
-79
9
124
149
135
166
179
121
72
35
-74
-128
-64
82
202
205
135
-8
-187
-265
-194
-43
62
80
101
81
-48
-214
-235
-260
-349
-210
74
211
114
-5
-165
-451
-563
-326
-1
84
56
97
-62
-311
-276
-119
-88
-186
-174
-80
-110
-47
149
168
-70
-243
-196
-215
-144
101
170
98
46
5
-19
-54
-40
-46
-53
54
111
190
208
104
-11
-70
-28
-10
118
227
137
118
155
78
26
97
42
-96
38
224
262
263
264
73
-180
-142
49
149
229
323
258
57
-67
-46
-4
24
69
171
245
77
-36
65
-34
-197
-19
212
29
-99
95
30
-207
-89
95
-26
-169
-70
-21
-144
-115
-59
-56
-87
-189
-130
-8
-70
-271
-217
-81
-334
-300
127
190
-38
-33
-53
-470
-599
-239
-23
88
282
310
45
-221
-306
-375
-267
-55
27
178
393
321
18
-53
-98
-463
-354
215
299
226
475
378
-220
-293
-3
-117
-59
316
368
186
176
135
-23
-67
-89
11
243
272
223
296
115
-233
-134
105
29
133
446
268
-69
40
46
-224
-115
154
77
92
261
176
48
-9
-242
-269
-28
-87
-33
384
303
-181
-75
83
-390
-425
95
83
-182
70
346
-48
-296
15
-127
-487
-252
115
24
-18
237
53
-315
-218
-224
-326
-49
144
20
42
116
-176
-341
-78
-121
-183
155
177
-66
-78
5
-125
-158
101
32
-105
33
58
26
39
105
-21
-145
3
-29
24
231
158
50
31
14
-115
-46
137
30
141
226
88
-11
-26
48
-124
-28
189
122
232
125
-15
-58
-63
29
-72
230
245
-36
55
-25
-17
-84
104
129
-154
137
31
-64
36
-5
108
-139
-9
5
-95
155
-85
-1
-12
-68
11
-122
114
-46
-95
36
-185
-28
27
28
-58
-139
110
-84
-141
0
-55
5
-82
-24
41
-73
-16
-79
-69
-46
-51
40
-84
11
67
-26
-20
-66
-38
-63
16
34
24
115
-25
-49
-17
-14
26
57
112
-72
14
68
-111
35
87
100
-40
-67
131
-32
-58
17
78
112
-72
38
139
-46
-111
-82
64
80
1
146
99
-39
-100
-123
-1
6
83
120
73
158
-52
-159
-27
-90
-106
71
246
80
-33
173
-110
-364
-53
55
26
103
184
64
-84
-92
-218
-128
124
16
28
174
-3
-99
-102
-126
-122
-4
223
20
13
172
-133
-178
-195
-54
40
30
210
-31
218
80
-534
-85
94
-174
-31
413
240
-207
221
-108
-578
108
124
-166
150
426
136
-128
30
-290
-202
88
-213
129
445
167
-11
-74
-177
-230
28
-73
-89
389
203
-76
86
16
-254
-153
-16
-256
169
514
13
-89
119
-47
-388
-82
110
-141
208
276
-32
-96
104
22
-456
-59
232
-58
95
222
-1
-226
35
-13
-278
172
175
-126
14
128
-15
-114
77
-123
-213
177
159
42
-53
-63
-42
-158
21
46
106
139
-128
-106
-10
84
-28
-188
101
75
-47
28
-17
78
-44
-89
-10
-20
119
-41
-2
58
-129
49
88
27
-34
-28
42
-143
-45
185
84
-1
-14
9
14
-71
-37
-63
-10
206
60
-107
27
119
-74
-188
93
66
-104
95
105
-63
21
77
-154
-206
210
128
-256
150
262
-195
-183
124
-23
-266
198
177
-108
211
-20
-215
-60
-55
-176
-18
424
-16
-15
221
-280
-225
-242
-32
242
180
197
4
206
-330
-573
173
-149
55
449
183
98
-40
-128
-570
-124
276
-184
333
461
23
-203
-203
-141
-359
27
284
181
207
119
-37
-302
-136
-78
-197
129
403
187
-189
211
-3
-596
-15
166
-68
141
393
80
-327
109
-115
-388
156
139
160
108
108
-3
-380
79
-33
-271
185
349
233
-339
-7
195
-516
-80
184
79
253
114
15
-222
-168
-58
-265
74
234
205
278
-144
-137
-168
-316
9
-64
142
438
174
-86
-287
-101
-70
-326
38
303
263
132
-189
1
11
-369
-144
92
152
159
90
157
-96
-125
-104
-291
30
176
86
121
153
95
-189
-254
-46
-114
-78
302
256
-9
17
33
-223
-381
24
162
40
263
114
-12
-28
-169
-187
-175
146
166
72
218
45
-47
-129
-219
-161
-28
266
199
20
125
-5
-247
-146
-78
-68
196
197
42
50
85
-76
-349
-76
22
-12
255
94
75
47
-139
-164
-237
87
119
-44
157
116
50
-87
-129
-92
-189
141
136
-92
168
116
-142
-188
-15
29
-134
150
120
-130
124
40
-154
-143
33
60
-157
145
202
-93
-16
47
-64
-239
-15
159
-105
80
248
9
-92
-44
-39
-191
-63
133
105
149
45
-1
-14
-140
-99
4
77
17
65
136
-16
-43
-35
-33
-36
-55
88
105
-45
8
73
-19
-120
0
90
-72
-12
83
34
-23
-86
36
16
-102
-6
65
48
-19
2
26
-32
-44
-67
20
99
-62
16
139
-96
-85
81
-49
-122
55
86
-52
35
111
-90
-47
53
-106
-30
44
22
18
-6
35
-24
-46
-13
-21
30
-43
-33
56
-8
8
-5
20
37
-65
-58
-8
2
-60
4
174
28
-72
103
-50
-170
7
17
-12
68
105
-5
43
57
-164
-46
42
-104
45
140
63
15
45
-19
-137
-5
-30
-21
122
2
33
104
-23
-68
-24
-6
-77
-12
82
40
65
-8
-36
14
-115
-66
74
-3
-42
95
78
-95
-5
17
-92
-17
-1
4
70
-4
-30
79
-9
-136
18
78
-121
-24
138
-19
-57
58
44
-46
-49
-16
-1
-2
-34
54
110
-52
-74
59
3
-111
-31
130
34
-110
89
122
-132
-102
90
4
-147
71
196
-82
-81
113
-22
-161
-3
126
-36
-64
115
-3
-86
-7
-8
29
-46
9
65
-15
7
-63
63
31
-129
94
76
-63
-37
59
38
-134
40
90
-80
37
51
10
-17
0
44
-88
17
62
-62
41
64
-26
-32
60
13
-128
78
88
-148
26
139
-48
-133
77
95
-136
-14
103
-8
-80
-8
73
-65
-55
74
19
-43
-16
55
-57
-75
56
-21
-18
34
-1
-26
-2
-7
-79
20
69
-64
16
59
-57
-56
28
7
-55
68
51
-87
12
40
-63
-10
56
9
-13
52
25
-57
5
15
-36
6
34
32
6
-15
17
1
-27
-3
19
21
-15
14
41
-2
-26
9
16
-34
-18
40
20
-25
16
23
-27
-22
19
21
-32
5
50
-20
-20
25
17
-22
-25
47
5
-46
33
35
-37
-17
39
-5
-49
13
30
-18
-23
21
14
-34
2
4
-28
-9
-11
-18
7
7
-7
-2
-6
-24
-20
-7
-10
-3
12
1
-12
-12
