-2
-2
1
-2
-5
-7
-8
-2
3
8
6
2
-1
-5
-7
-9
-12
-17
-21
-18
-11
-5
-1
3
5
2
-5
-7
-3
6
5
5
4
1
0
-6
-8
-6
-7
-9
-6
4
9
12
6
1
-1
-1
-1
-3
0
-2
2
7
7
5
-2
-3
-2
1
4
3
11
15
15
6
-2
-6
-4
-1
0
2
3
1
3
2
4
6
4
6
3
0
-5
-8
-3
-4
-6
-6
-2
2
2
3
6
5
2
-2
-1
0
-2
-8
-14
-14
-11
-10
-6
-2
1
5
7
5
2
1
-1
-4
-5
-10
-14
-14
-14
-10
-6
-3
1
5
7
8
9
9
12
16
18
14
12
3
-7
-12
-11
-6
4
16
28
36
39
41
38
36
36
39
51
64
70
72
62
48
28
6
-6
-13
-5
6
20
28
30
30
19
4
-7
-14
-16
-23
-36
-53
-78
-108
-141
-173
-186
-181
-172
-160
-167
-179
-190
-214
-230
-241
-244
-220
-185
-144
-107
-80
-59
-43
-24
-1
32
70
108
141
159
179
196
200
218
241
270
317
344
353
359
345
343
336
319
318
316
330
351
342
323
287
243
204
149
102
63
29
8
-5
-11
-16
-22
-31
-42
-52
-65
-79
-85
-85
-65
-24
37
119
225
347
454
542
581
589
541
392
172
-109
-439
-833
-1231
-1612
-1963
-2243
-2548
-2748
-2783
-2754
-2607
-2450
-2249
-1917
-1572
-1212
-862
-539
-218
65
318
540
762
963
1138
1317
1486
1655
1813
1962
2096
2201
2278
2323
2332
2308
2243
2138
2001
1827
1624
1400
1166
932
705
495
313
168
66
6
-16
-9
17
46
68
71
46
-14
-101
-212
-337
-467
-600
-726
-838
-932
-1011
-1076
-1124
-1155
-1172
-1176
-1169
-1147
-1110
-1062
-1008
-949
-885
-822
-761
-699
-635
-559
-461
-331
-156
69
347
669
1022
1376
1707
1985
2179
2262
2216
2035
1716
1272
725
106
-555
-1225
-1872
-2466
-2963
-3350
-3617
-3755
-3763
-3648
-3434
-3127
-2747
-2314
-1850
-1382
-916
-464
-35
359
717
1051
1356
1627
1872
2102
2319
2517
2694
2857
3008
3138
3235
3290
3300
3253
3131
2937
2675
2346
1950
1508
1041
578
137
-265
-604
-863
-1035
-1129
-1143
-1076
-952
-798
-633
-468
-316
-201
-132
-102
-113
-163
-243
-349
-463
-588
-728
-867
-1000
-1121
-1236
-1337
-1409
-1452
-1468
-1461
-1415
-1329
-1225
-1114
-993
-857
-736
-646
-574
-504
-447
-412
-371
-284
-150
9
211
493
840
1191
1521
1858
2176
2388
2453
2407
2263
1961
1463
846
199
-501
-1285
-2067
-2728
-3255
-3705
-4050
-4185
-4108
-3930
-3689
-3320
-2802
-2248
-1739
-1225
-647
-66
426
856
1306
1757
2116
2380
2639
2915
3127
3238
3323
3439
3529
3531
3481
3450
3395
3240
2993
2729
2453
2089
1631
1164
745
333
-96
-470
-724
-886
-1014
-1080
-1032
-904
-780
-677
-549
-400
-305
-293
-311
-329
-392
-530
-694
-833
-961
-1124
-1295
-1416
-1491
-1567
-1649
-1695
-1692
-1686
-1703
-1708
-1672
-1628
-1611
-1592
-1524
-1434
-1365
-1308
-1206
-1063
-943
-841
-689
-450
-194
48
363
796
1266
1668
2054
2494
2893
3104
3128
3087
2952
2569
1939
1250
583
-182
-1085
-1923
-2540
-3033
-3517
-3870
-3924
-3764
-3599
-3400
-2990
-2405
-1869
-1434
-922
-277
309
720
1101
1577
2017
2259
2397
2611
2854
2952
2933
2978
3115
3182
3126
3098
3167
3185
3039
2829
2668
2466
2086
1591
1130
697
183
-389
-860
-1180
-1449
-1698
-1820
-1747
-1579
-1413
-1211
-909
-574
-324
-160
-14
111
119
6
-142
-280
-457
-706
-956
-1140
-1288
-1456
-1616
-1708
-1745
-1788
-1853
-1880
-1851
-1819
-1818
-1801
-1718
-1606
-1530
-1473
-1367
-1215
-1085
-990
-857
-641
-398
-176
107
537
1048
1519
1950
2436
2946
3307
3455
3498
3466
3206
2660
1991
1347
630
-279
-1225
-1967
-2531
-3093
-3595
-3817
-3766
-3668
-3577
-3286
-2738
-2175
-1755
-1322
-719
-91
358
710
1152
1617
1904
2044
2239
2518
2693
2705
2732
2874
3012
3033
3032
3119
3204
3153
3003
2868
2720
2418
1952
1461
996
479
-114
-666
-1089
-1429
-1733
-1927
-1930
-1788
-1603
-1379
-1057
-669
-327
-75
134
303
366
296
146
-25
-247
-547
-871
-1152
-1385
-1607
-1811
-1950
-2017
-2055
-2079
-2063
-1996
-1922
-1868
-1816
-1740
-1649
-1583
-1542
-1492
-1416
-1341
-1277
-1190
-1028
-804
-561
-274
134
675
1260
1814
2382
2999
3568
3949
4144
4244
4203
3874
3264
2567
1862
1012
-22
-1026
-1814
-2486
-3178
-3760
-4026
-4057
-4077
-4064
-3810
-3330
-2871
-2503
-2042
-1407
-789
-322
121
674
1217
1588
1854
2184
2539
2757
2853
2990
3207
3374
3432
3491
3623
3725
3693
3576
3462
3289
2951
2460
1933
1408
806
123
-524
-1037
-1456
-1826
-2083
-2152
-2069
-1933
-1765
-1503
-1159
-844
-617
-434
-255
-136
-145
-243
-358
-494
-711
-998
-1255
-1444
-1629
-1835
-2000
-2067
-2081
-2108
-2120
-2062
-1961
-1889
-1846
-1771
-1651
-1545
-1483
-1430
-1331
-1208
-1109
-1014
-860
-625
-353
-54
335
856
1461
2059
2642
3247
3839
4293
4551
4654
4623
4370
3834
3114
2334
1470
453
-632
-1600
-2408
-3160
-3845
-4304
-4477
-4515
-4506
-4340
-3934
-3413
-2941
-2462
-1843
-1145
-538
-27
525
1127
1623
1963
2273
2629
2927
3077
3171
3334
3515
3599
3614
3675
3763
3751
3605
3417
3217
2901
2412
1837
1264
658
-36
-744
-1343
-1818
-2237
-2578
-2737
-2704
-2571
-2389
-2100
-1696
-1272
-913
-596
-283
-29
86
85
43
-39
-210
-459
-702
-904
-1107
-1328
-1515
-1627
-1698
-1774
-1839
-1848
-1819
-1795
-1790
-1761
-1692
-1618
-1572
-1529
-1441
-1323
-1206
-1096
-939
-699
-401
-69
321
827
1441
2084
2706
3341
3987
4540
4884
5031
5043
4867
4402
3675
2841
1950
915
-252
-1365
-2292
-3115
-3906
-4528
-4838
-4917
-4929
-4838
-4494
-3951
-3403
-2901
-2298
-1567
-883
-345
172
760
1298
1667
1943
2263
2584
2774
2868
3001
3189
3311
3339
3388
3492
3540
3460
3331
3219
3023
2652
2175
1688
1155
496
-223
-862
-1415
-1956
-2450
-2765
-2873
-2882
-2826
-2620
-2240
-1801
-1400
-997
-541
-122
147
299
420
486
413
218
10
-176
-407
-695
-947
-1109
-1247
-1406
-1540
-1593
-1611
-1654
-1701
-1697
-1652
-1621
-1600
-1530
-1412
-1293
-1173
-1004
-782
-552
-318
-14
371
784
1218
1728
2326
2911
3435
3938
4420
4768
4878
4810
4619
4227
3547
2670
1749
764
-361
-1534
-2552
-3398
-4186
-4889
-5340
-5496
-5518
-5482
-5255
-4775
-4197
-3662
-3079
-2349
-1579
-930
-364
258
888
1368
1708
2058
2435
2709
2847
2984
3194
3364
3420
3464
3586
3695
3672
3570
3496
3390
3115
2692
2256
1817
1257
580
-68
-616
-1145
-1690
-2128
-2358
-2454
-2499
-2441
-2185
-1791
-1391
-994
-531
-37
362
616
796
929
939
785
539
282
-5
-361
-735
-1046
-1291
-1527
-1749
-1911
-2005
-2077
-2156
-2210
-2212
-2189
-2159
-2100
-1983
-1831
-1657
-1448
-1195
-914
-623
-291
100
529
967
1457
2026
2607
3123
3587
4048
4433
4612
4578
4437
4168
3634
2829
1933
1032
5
-1177
-2299
-3189
-3957
-4713
-5298
-5526
-5508
-5454
-5305
-4875
-4241
-3648
-3122
-2462
-1667
-958
-410
158
823
1402
1790
2122
2533
2901
3093
3211
3406
3623
3717
3744
3841
3979
4011
3923
3846
3769
3562
3184
2744
2304
1760
1084
398
-209
-791
-1394
-1914
-2244
-2426
-2544
-2560
-2383
-2050
-1689
-1322
-887
-408
-4
270
467
622
657
524
284
19
-288
-679
-1102
-1469
-1768
-2051
-2311
-2484
-2568
-2620
-2668
-2670
-2604
-2515
-2433
-2321
-2144
-1922
-1691
-1445
-1140
-788
-438
-93
281
714
1160
1595
2063
2586
3127
3605
4023
4417
4728
4866
4789
4573
4216
3651
2865
1959
1029
30
-1049
-2096
-2976
-3703
-4357
-4866
-5113
-5130
-5045
-4876
-4524
-4007
-3470
-2974
-2422
-1778
-1163
-652
-166
385
912
1319
1666
2061
2463
2748
2947
3180
3436
3598
3647
3707
3801
3803
3673
3503
3361
3143
2747
2286
1851
1380
787
142
-399
-859
-1345
-1807
-2098
-2201
-2247
-2255
-2111
-1787
-1419
-1099
-747
-318
78
325
467
590
648
539
290
28
-236
-574
-985
-1357
-1636
-1890
-2154
-2364
-2470
-2512
-2562
-2587
-2532
-2417
-2298
-2181
-2001
-1749
-1477
-1212
-919
-567
-194
152
491
871
1289
1693
2076
2492
2951
3393
3752
4058
4341
4525
4533
4357
4071
3658
3043
2243
1374
494
-456
-1477
-2426
-3202
-3857
-4457
-4903
-5094
-5093
-5034
-4897
-4565
-4093
-3633
-3210
-2689
-2060
-1468
-971
-453
164
749
1197
1604
2081
2545
2861
3079
3345
3628
3780
3799
3826
3894
3859
3657
3423
3234
2985
2566
2067
1645
1227
697
108
-365
-701
-1054
-1420
-1635
-1650
-1599
-1571
-1441
-1137
-789
-530
-300
7
298
434
436
427
390
215
-100
-432
-724
-1048
-1432
-1781
-2017
-2194
-2377
-2523
-2577
-2569
-2567
-2573
-2519
-2413
-2297
-2173
-1997
-1741
-1457
-1151
-811
-415
-2
394
792
1199
1614
2004
2366
2733
3089
3423
3698
3908
4069
4151
4110
3910
3596
3173
2608
1890
1078
251
-609
-1509
-2378
-3122
-3729
-4258
-4672
-4897
-4938
-4882
-4762
-4511
-4130
-3702
-3284
-2815
-2256
-1673
-1120
-567
48
678
1242
1754
2264
2754
3139
3411
3629
3807
3888
3856
3773
3677
3525
3287
3014
2765
2497
2169
1817
1505
1216
890
562
294
92
-117
-329
-465
-519
-559
-606
-602
-515
-424
-374
-317
-221
-141
-148
-211
-275
-372
-556
-807
-1053
-1286
-1552
-1838
-2087
-2273
-2437
-2596
-2716
-2776
-2807
-2831
-2835
-2783
-2687
-2569
-2413
-2190
-1899
-1567
-1202
-794
-346
123
585
1029
1468
1895
2285
2627
2935
3230
3493
3681
3793
3861
3874
3781
3551
3232
2856
2372
1747
1047
364
-331
-1097
-1863
-2499
-3011
-3493
-3930
-4190
-4267
-4291
-4305
-4188
-3894
-3560
-3270
-2917
-2402
-1837
-1338
-836
-208
478
1062
1566
2116
2687
3107
3356
3570
3785
3863
3757
3603
3494
3333
3038
2718
2496
2306
2015
1688
1464
1304
1063
753
525
394
219
-36
-224
-286
-347
-481
-575
-538
-470
-489
-533
-492
-425
-469
-611
-730
-826
-1013
-1305
-1579
-1776
-1981
-2242
-2463
-2567
-2619
-2702
-2778
-2762
-2690
-2656
-2646
-2565
-2413
-2254
-2105
-1890
-1570
-1206
-841
-445
20
512
966
1373
1778
2181
2528
2794
3017
3246
3448
3574
3620
3660
3678
3603
3401
3116
2811
2408
1851
1209
583
-53
-781
-1546
-2211
-2754
-3271
-3767
-4114
-4267
-4341
-4402
-4353
-4117
-3802
-3503
-3160
-2666
-2078
-1529
-996
-360
353
991
1533
2084
2650
3095
3357
3544
3724
3797
3698
3520
3379
3221
2949
2626
2386
2204
1951
1646
1410
1252
1054
783
560
435
294
88
-91
-170
-223
-337
-449
-473
-468
-522
-611
-649
-660
-742
-893
-1027
-1138
-1296
-1514
-1718
-1866
-2014
-2188
-2340
-2416
-2460
-2520
-2572
-2572
-2537
-2508
-2482
-2411
-2286
-2139
-1972
-1746
-1447
-1098
-729
-325
120
580
1016
1429
1824
2193
2514
2784
3021
3230
3407
3543
3635
3687
3691
3633
3495
3261
2946
2545
2044
1449
797
121
-588
-1316
-2015
-2637
-3182
-3659
-4041
-4293
-4422
-4472
-4439
-4291
-4040
-3718
-3349
-2898
-2358
-1771
-1164
-529
146
806
1409
1954
2445
2859
3157
3350
3461
3500
3448
3325
3171
2996
2798
2572
2351
2145
1931
1708
1485
1273
1051
818
595
388
196
15
-136
-245
-326
-383
-416
-426
-432
-446
-468
-491
-538
-617
-717
-825
-951
-1101
-1260
-1408
-1555
-1698
-1838
-1954
-2045
-2127
-2200
-2251
-2283
-2303
-2317
-2307
-2265
-2191
-2087
-1938
-1730
-1471
-1170
-831
-449
-39
378
796
1205
1605
1988
2341
2674
2982
3262
3505
3697
3837
3905
3887
3762
3527
3181
2719
2154
1490
766
7
-769
-1536
-2255
-2886
-3424
-3863
-4184
-4378
-4451
-4435
-4328
-4125
-3842
-3504
-3119
-2668
-2160
-1615
-1050
-460
156
764
1337
1872
2362
2781
3111
3351
3516
3611
3624
3571
3473
3338
3168
2959
2726
2472
2197
1891
1566
1230
891
551
224
-78
-345
-571
-755
-883
-954
-973
-945
-873
-772
-654
-528
-411
-315
-256
-240
-273
-355
-483
-652
-850
-1060
-1276
-1485
-1677
-1843
-1981
-2096
-2191
-2264
-2316
-2354
-2370
-2361
-2317
-2228
-2093
-1898
-1647
-1342
-995
-613
-210
194
600
986
1361
1723
2066
2412
2741
3068
3377
3655
3898
4065
4152
4119
3957
3660
3212
2634
1938
1159
314
-555
-1413
-2216
-2930
-3555
-4054
-4428
-4668
-4782
-4787
-4676
-4470
-4174
-3811
-3380
-2874
-2324
-1731
-1115
-481
153
770
1355
1891
2376
2786
3125
3391
3575
3692
3734
3718
3648
3523
3359
3151
2908
2623
2299
1940
1550
1132
699
264
-154
-539
-883
-1160
-1355
-1465
-1484
-1417
-1265
-1046
-783
-498
-215
49
262
411
485
480
394
235
15
-248
-538
-840
-1141
-1424
-1677
-1895
-2078
-2224
-2336
-2420
-2478
-2509
-2512
-2482
-2414
-2301
-2138
-1926
-1663
-1350
-998
-607
-198
229
665
1098
1539
1970
2415
2853
3272
3671
4020
4317
4518
4614
4567
4374
4018
3496
2833
2034
1141
180
-809
-1769
-2668
-3460
-4128
-4646
-5001
-5196
-5230
-5127
-4895
-4568
-4164
-3703
-3199
-2657
-2097
-1520
-945
-365
208
753
1279
1766
2210
2600
2932
3215
3440
3615
3738
3809
3831
3795
3696
3532
3296
2979
2585
2114
1584
1012
417
-165
-714
-1198
-1591
-1873
-2022
-2036
-1918
-1676
-1328
-900
-429
56
519
925
1248
1461
1551
1511
1347
1070
705
279
-175
-634
-1065
-1451
-1781
-2046
-2248
-2392
-2484
-2539
-2558
-2555
-2526
-2475
-2397
-2293
-2156
-1988
-1794
-1566
-1316
-1028
-717
-372
9
431
902
1417
1972
2554
3141
3694
4188
4586
4852
4952
4857
4554
4048
3343
2472
1472
387
-739
-1848
-2878
-3782
-4527
-5092
-5454
-5616
-5586
-5395
-5061
-4611
-4087
-3519
-2926
-2322
-1728
-1156
-612
-89
406
871
1308
1727
2127
2510
2867
3210
3540
3846
4119
4351
4532
4643
4664
4582
4381
4051
3583
2983
2275
1481
637
-216
-1030
-1752
-2341
-2768
-2999
-3025
-2852
-2496
-1987
-1362
-675
17
667
1229
1659
1927
2019
1935
1688
1299
806
244
-341
-917
-1442
-1892
-2245
-2500
-2663
-2740
-2751
-2710
-2643
-2562
-2477
-2398
-2320
-2249
-2176
-2097
-2005
-1890
-1753
-1581
-1369
-1097
-763
-347
159
759
1443
2189
2966
3737
4453
5058
5507
5746
5749
5491
4968
4199
3213
2057
787
-536
-1828
-3022
-4053
-4872
-5447
-5759
-5809
-5626
-5249
-4718
-4088
-3407
-2732
-2086
-1491
-969
-517
-139
185
468
723
972
1235
1526
1855
2226
2640
3093
3569
4046
4498
4891
5192
5362
5373
5194
4811
4219
3427
2474
1396
255
-882
-1944
-2861
-3583
-4058
-4257
-4178
-3830
-3251
-2489
-1605
-681
217
1020
1670
2120
2343
2334
2108
1694
1133
478
-209
-871
-1466
-1950
-2299
-2499
-2562
-2514
-2381
-2195
-1996
-1819
-1683
-1604
-1586
-1622
-1698
-1796
-1902
-2001
-2070
-2092
-2055
-1938
-1717
-1366
-877
-237
553
1474
2486
3518
4520
5424
6153
6628
6787
6619
6114
5277
4146
2798
1316
-233
-1767
-3178
-4370
-5293
-5923
-6235
-6213
-5897
-5365
-4669
-3862
-3016
-2231
-1552
-984
-544
-253
-105
-40
-12
0
23
119
332
662
1103
1665
2357
3134
3930
4701
5411
5995
6367
6482
6331
5894
5146
4110
2868
1491
43
-1399
-2712
-3796
-4602
-5095
-5225
-4980
-4411
-3597
-2589
-1459
-315
726
1592
2250
2650
2752
2572
2174
1605
906
150
-565
-1180
-1672
-2017
-2179
-2158
-2012
-1790
-1506
-1202
-949
-796
-737
-766
-913
-1179
-1516
-1865
-2223
-2579
-2881
-3057
-3101
-3024
-2776
-2298
-1587
-710
328
1536
2844
4112
5256
6245
7003
7394
7349
6916
6134
4979
3486
1811
112
-1563
-3155
-4501
-5453
-6017
-6263
-6152
-5653
-4887
-4042
-3189
-2315
-1515
-960
-667
-523
-491
-646
-951
-1220
-1351
-1391
-1347
-1076
-500
273
1143
2148
3324
4521
5560
6426
7145
7602
7643
7282
6626
5686
4405
2863
1261
-281
-1761
-3102
-4123
-4731
-4989
-4936
-4529
-3777
-2830
-1842
-853
102
901
1431
1688
1739
1579
1192
661
113
-388
-839
-1196
-1377
-1369
-1234
-1016
-715
-365
-66
127
217
194
21
-306
-741
-1235
-1771
-2324
-2831
-3242
-3553
-3735
-3760
-3597
-3255
-2757
-2068
-1192
-173
926
2084
3250
4319
5205
5865
6271
6331
5998
5323
4374
3192
1815
374
-989
-2215
-3251
-4006
-4391
-4445
-4252
-3862
-3290
-2638
-2056
-1600
-1278
-1113
-1161
-1389
-1671
-1946
-2189
-2349
-2316
-2024
-1509
-803
99
1179
2318
3412
4428
5326
6017
6411
6512
6361
5956
5290
4418
3437
2398
1321
285
-608
-1317
-1858
-2216
-2353
-2276
-2059
-1764
-1414
-1056
-761
-577
-490
-489
-590
-773
-981
-1149
-1255
-1297
-1240
-1063
-783
-444
-70
313
648
873
962
921
753
438
-8
-537
-1097
-1645
-2144
-2539
-2807
-2958
-3012
-2964
-2796
-2536
-2227
-1896
-1537
-1133
-677
-145
487
1192
1918
2599
3229
3803
4243
4473
4433
4131
3582
2812
1910
953
0
-942
-1807
-2480
-2888
-3048
-3018
-2832
-2540
-2218
-1936
-1709
-1561
-1551
-1716
-2000
-2268
-2440
-2477
-2333
-1964
-1367
-584
359
1436
2550
3565
4379
4968
5323
5422
5252
4852
4252
3487
2627
1769
993
316
-247
-662
-899
-955
-874
-671
-398
-124
101
255
344
335
198
-53
-374
-727
-1076
-1377
-1580
-1676
-1661
-1529
-1262
-878
-444
-16
363
651
812
822
687
416
17
-474
-995
-1480
-1890
-2196
-2374
-2411
-2316
-2134
-1884
-1589
-1287
-1021
-817
-653
-536
-411
-239
53
476
984
1539
2086
2614
3046
3315
3350
3103
2572
1781
837
-151
-1100
-1978
-2736
-3283
-3548
-3505
-3179
-2637
-1976
-1330
-794
-402
-169
-137
-335
-737
-1231
-1672
-1935
-1912
-1554
-874
56
1166
2404
3669
4800
5631
6066
6080
5701
4992
4043
2934
1730
520
-564
-1399
-1934
-2183
-2177
-1955
-1558
-1043
-460
122
616
942
1074
1060
939
728
452
152
-131
-359
-506
-538
-471
-356
-243
-145
-60
-12
-32
-138
-337
-614
-935
-1261
-1537
-1759
-1935
-2057
-2092
-2020
-1845
-1592
-1296
-1005
-768
-594
-467
-373
-326
-356
-433
-503
-463
-223
273
991
1795
2563
3200
3678
3926
3854
3372
2452
1166
-330
-1811
-3092
-4087
-4791
-5197
-5242
-4873
-4113
-3080
-1930
-868
-58
426
603
529
212
-323
-972
-1553
-1869
-1771
-1193
-177
1134
2565
3972
5250
6265
6867
6937
6452
5486
4192
2760
1370
142
-859
-1579
-1961
-1989
-1726
-1283
-792
-375
-108
-19
-65
-205
-402
-613
-767
-779
-601
-233
294
911
1512
1988
2282
2368
2222
1842
1245
504
-295
-1073
-1746
-2255
-2584
-2739
-2752
-2635
-2411
-2144
-1908
-1757
-1697
-1698
-1714
-1692
-1611
-1480
-1305
-1057
-700
-254
198
550
756
856
984
1263
1726
2269
2738
3040
3179
3199
3078
2703
1961
822
-594
-2040
-3266
-4152
-4746
-5155
-5382
-5327
-4899
-4109
-3091
-2061
-1239
-732
-497
-410
-388
-442
-569
-668
-572
-137
709
1905
3285
4603
5676
6435
6845
6841
6352
5392
4092
2656
1326
287
-389
-768
-953
-970
-826
-569
-308
-153
-185
-434
-832
-1207
-1406
-1391
-1209
-880
-372
283
1014
1730
2323
2650
2590
2174
1546
845
135
-533
-1069
-1409
-1543
-1497
-1307
-1071
-949
-1051
-1377
-1847
-2395
-2963
-3482
-3854
-3980
-3789
-3239
-2382
-1366
-348
576
1359
1920
2160
2040
1599
989
484
392
821
1589
2378
3036
3544
3823
3734
3138
1987
254
-1905
-4009
-5525
-6273
-6486
-6387
-5946
-5086
-3903
-2544
-1141
15
507
188
-557
-1215
-1629
-1893
-1966
-1644
-846
400
2113
4205
6225
7569
8003
7745
7033
5899
4390
2709
1052
-415
-1405
-1619
-1102
-308
337
720
874
777
434
-57
-655
-1378
-2048
-2250
-1741
-698
526
1747
2867
3715
4145
4187
3871
3045
1651
20
-1349
-2220
-2651
-2696
-2357
-1756
-1121
-561
-104
62
-355
-1381
-2688
-3906
-4845
-5396
-5430
-4920
-3987
-2744
-1264
252
1456
2168
2396
2225
1711
967
210
-420
-712
-341
856
2561
4152
5231
5704
5437
4309
2484
286
-2165
-4824
-7153
-8322
-8065
-6903
-5422
-3827
-2307
-1246
-703
-291
115
11
-946
-2206
-2911
-2793
-2067
-825
884
2633
3972
5032
6178
7187
7355
6427
4864
3217
1762
722
296
313
360
324
483
923
1252
1044
222
-1037
-2460
-3589
-3938
-3450
-2524
-1473
-211
1368
3051
4489
5496
5912
5539
4467
3205
2217
1444
617
-217
-765
-924
-827
-557
-187
-17
-386
-1237
-2171
-2951
-3693
-4487
-5156
-5474
-5380
-4862
-3878
-2553
-1266
-348
188
531
772
864
779
552
267
9
-36
388
1431
2938
4428
5409
5696
5350
4403
2835
782
-1447
-3650
-5706
-7207
-7582
-6757
-5391
-4199
-3342
-2766
-2603
-2875
-3139
-2995
-2700
-2699
-2780
-2294
-1091
387
1829
3252
4473
5080
5121
5184
5544
5762
5388
4575
3747
3066
2522
2184
1995
1651
942
81
-563
-924
-1226
-1660
-2231
-2805
-3131
-2949
-2241
-1310
-471
236
946
1725
2564
3434
4183
4539
4393
3979
3605
3284
2788
2025
1151
371
-214
-525
-510
-337
-364
-805
-1530
-2259
-2904
-3552
-4243
-4867
-5263
-5277
-4760
-3687
-2325
-1130
-380
-6
208
351
380
247
-74
-492
-644
38
1749
3897
5564
6206
5865
4705
2906
879
-981
-2751
-4705
-6469
-7082
-6181
-4574
-3278
-2609
-2521
-3122
-4209
-4869
-4419
-3392
-2798
-2684
-2260
-1183
102
1281
2454
3427
3699
3382
3419
4376
5674
6396
6312
5715
4761
3576
2524
1878
1382
633
-238
-699
-537
-102
156
-7
-673
-1713
-2683
-3090
-2824
-2169
-1359
-404
731
1991
3265
4358
4914
4621
3615
2447
1577
1067
784
682
712
745
744
825
981
865
123
-1153
-2468
-3388
-3802
-3791
-3471
-3043
-2697
-2388
-1888
-1200
-646
-492
-657
-860
-924
-769
-398
-1
167
243
800
2080
3554
4411
4312
3344
1637
-454
-2199
-3119
-3622
-4344
-5083
-5074
-4207
-3234
-2736
-2720
-3193
-4229
-5236
-5097
-3514
-1538
-324
0
-50
-166
-176
231
1065
1831
2178
2486
3360
4811
6248
6992
6591
5014
2855
1076
233
176
523
1007
1369
1428
1316
1247
1013
137
-1335
-2651
-3097
-2577
-1375
192
1668
2515
2596
2353
2238
2216
2028
1657
1349
1314
1595
2070
2460
2410
1722
565
-629
-1477
-1852
-1896
-1881
-1984
-2160
-2240
-2191
-2168
-2329
-2642
-2894
-2856
-2406
-1532
-377
714
1354
1428
1179
854
486
188
401
1446
2935
4130
4601
4307
3141
1052
-1435
-3467
-4738
-5576
-6057
-5784
-4736
-3662
-3245
-3458
-4076
-5069
-6087
-6202
-4815
-2482
-338
996
1523
1380
800
296
290
695
1218
1929
3103
4693
6276
7312
7292
5978
3773
1618
249
-232
-41
602
1337
1672
1454
948
296
-688
-1985
-3003
-3118
-2286
-856
781
2191
2857
2578
1765
1054
744
764
1007
1450
2045
2664
3124
3223
2780
1797
536
-583
-1201
-1223
-867
-535
-565
-1004
-1683
-2406
-3072
-3636
-4041
-4148
-3802
-2941
-1728
-485
466
881
691
138
-346
-520
-371
184
1413
3252
5050
6092
6025
4837
2677
62
-2142
-3394
-3880
-3995
-3799
-3304
-2859
-2909
-3551
-4669
-6132
-7500
-7902
-6676
-4071
-1084
1240
2234
1763
360
-1002
-1576
-1293
-477
687
2166
3851
5500
6731
7024
6040
4057
1965
679
593
1494
2765
3676
3775
3045
1788
334
-1084
-2272
-3051
-3210
-2555
-1133
557
1752
1953
1225
23
-1066
-1486
-985
156
1352
2220
2737
2931
2705
2039
1134
278
-281
-341
170
986
1543
1404
552
-713
-1994
-2931
-3322
-3213
-2800
-2224
-1524
-806
-286
-119
-325
-813
-1364
-1684
-1553
-951
43
1389
2888
4065
4395
3675
2206
481
-1038
-1957
-2139
-1843
-1498
-1332
-1325
-1499
-2087
-3197
-4580
-5778
-6392
-6131
-4811
-2652
-480
741
590
-547
-1836
-2522
-2183
-873
873
2380
3315
3846
4237
4417
4085
3107
1818
845
734
1635
3123
4400
4751
3959
2394
721
-496
-1030
-973
-588
-61
562
1207
1672
1685
1122
103
-1013
-1719
-1606
-684
555
1452
1627
1154
369
-352
-741
-725
-426
-23
402
841
1188
1201
713
-202
-1241
-2030
-2294
-1975
-1304
-697
-455
-597
-925
-1223
-1346
-1214
-838
-359
82
498
1023
1727
2494
3072
3196
2618
1366
-160
-1403
-2004
-2075
-1978
-2001
-2200
-2450
-2557
-2470
-2426
-2749
-3514
-4349
-4690
-4202
-2987
-1531
-488
-317
-938
-1770
-2109
-1613
-427
1009
2199
2820
2895
2738
2668
2725
2690
2417
2042
1867
2145
2895
3803
4344
4088
3023
1603
416
-173
-146
225
594
748
689
566
466
344
126
-176
-439
-494
-231
290
812
1015
751
183
-366
-638
-572
-257
115
338
307
94
-180
-486
-856
-1229
-1444
-1372
-1046
-616
-269
-184
-419
-849
-1218
-1352
-1278
-1129
-972
-774
-482
-109
275
548
644
672
838
1243
1699
1805
1279
172
-1121
-2073
-2364
-2087
-1659
-1496
-1677
-1958
-2058
-1914
-1747
-1840
-2269
-2785
-2931
-2420
-1422
-487
-147
-518
-1205
-1582
-1211
-135
1148
2040
2270
2002
1644
1483
1535
1615
1570
1458
1507
1911
2619
3328
3699
3580
3067
2417
1872
1543
1399
1351
1349
1362
1334
1167
795
259
-283
-627
-674
-482
-238
-129
-205
-369
-461
-394
-196
16
127
132
105
109
112
9
-277
-720
-1178
-1466
-1459
-1190
-842
-619
-624
-802
-1003
-1091
-1032
-906
-835
-887
-1011
-1102
-1096
-1008
-911
-855
-808
-691
-446
-123
152
245
93
-251
-671
-1052
-1337
-1506
-1538
-1405
-1093
-658
-232
26
31
-160
-398
-523
-492
-386
-326
-349
-386
-318
-84
228
449
462
311
193
295
659
1132
1471
1526
1332
1083
974
1069
1297
1519
1654
1728
1809
1923
1998
1927
1665
1301
1009
928
1061
1268
1353
1195
824
397
68
-117
-228
-358
-525
-645
-587
-301
107
445
539
372
75
-174
-266
-229
-169
-170
-239
-319
-365
-402
-491
-687
-946
-1150
-1192
-1054
-834
-677
-677
-821
-1023
-1194
-1309
-1392
-1459
-1472
-1340
-1010
-546
-119
87
-17
-356
-736
-967
-975
-840
-715
-714
-837
-998
-1111
-1156
-1173
-1175
-1131
-951
-590
-118
282
417
219
-208
-617
-787
-636
-236
250
682
1010
1242
1394
1446
1375
1210
1053
1033
1227
1589
1973
2208
2198
1979
1668
1389
1212
1136
1128
1157
1216
1295
1351
1312
1124
792
420
148
70
196
419
584
590
432
191
-22
-145
-171
-131
-57
33
116
166
162
105
8
-112
-257
-451
-708
-1004
-1274
-1434
-1453
-1369
-1263
-1188
-1138
-1076
-983
-899
-904
-1053
-1315
-1564
-1656
-1527
-1230
-905
-677
-582
-561
-520
-400
-232
-106
-106
-257
-502
-754
-952
-1086
-1186
-1269
-1322
-1304
-1179
-961
-709
-500
-395
-410
-497
-582
-579
-431
-130
292
769
1215
1553
1742
1783
1738
1686
1712
1857
2113
2402
2620
2695
2600
2364
2041
1707
1423
1228
1135
1132
1176
1195
1108
870
506
99
-243
-432
-439
-300
-98
92
220
263
221
108
-52
-218
-335
-357
-277
-117
71
215
264
194
12
-252
-543
-794
-940
-961
-891
-820
-840
-971
-1153
-1271
-1236
-1066
-886
-836
-978
-1258
-1554
-1762
-1865
-1920
-1983
-2033
-1982
-1746
-1346
-916
-615
-543
-660
-829
-893
-786
-558
-323
-175
-124
-105
-56
48
169
248
255
229
236
327
493
657
745
748
742
833
1077
1419
1722
1868
1841
1738
1696
1791
1987
2159
2200
2094
1910
1730
1582
1420
1200
940
734
674
770
915
944
755
375
-55
-367
-477
-417
-286
-174
-114
-100
-134
-242
-453
-749
-1034
-1188
-1127
-884
-586
-365
-298
-358
-465
-546
-585
-605
-634
-667
-684
-681
-690
-760
-904
-1095
-1258
-1319
-1258
-1119
-978
-896
-891
-953
-1052
-1167
-1285
-1375
-1391
-1296
-1070
-744
-405
-150
-42
-85
-218
-349
-406
-356
-212
4
254
517
765
962
1076
1093
1035
957
929
970
1048
1091
1044
930
829
826
938
1091
1170
1113
963
844
850
982
1142
1188
1067
829
597
477
471
514
529
487
420
367
322
238
62
-202
-472
-638
-624
-441
-168
89
256
320
311
272
227
180
120
33
-77
-196
-314
-423
-531
-652
-787
-927
-1045
-1116
-1125
-1083
-1033
-1020
-1066
-1166
-1274
-1341
-1324
-1213
-1030
-823
-640
-515
-460
-473
-536
-629
-717
-753
-694
-511
-217
127
427
597
599
466
280
128
59
79
150
247
355
474
583
648
644
577
500
483
573
751
942
1063
1081
1015
928
871
848
836
807
764
738
765
833
876
819
625
330
29
-176
-227
-145
-2
113
152
114
16
-120
-281
-457
-620
-733
-751
-650
-461
-247
-89
-34
-66
-122
-128
-45
111
280
393
403
310
136
-69
-267
-426
-518
-540
-514
-473
-458
-491
-586
-741
-932
-1116
-1234
-1241
-1115
-888
-636
-435
-322
-286
-270
-230
-153
-65
1
34
52
89
158
242
299
292
218
106
5
-41
-28
22
70
86
80
75
108
190
300
405
470
505
551
650
806
972
1079
1069
938
755
592
506
493
507
498
452
394
365
370
374
320
187
6
-148
-202
-144
-29
59
70
1
-107
-208
-282
-335
-379
-411
-419
-379
-303
-224
-180
-184
-218
-236
-204
-111
10
108
131
63
-80
-267
-455
-618
-736
-792
-767
-673
-542
-419
-356
-374
-454
-551
-610
-595
-515
-397
-273
-162
-62
36
135
226
306
368
417
462
505
532
515
440
313
163
24
-76
-127
-145
-165
-210
-278
-357
-427
-469
-479
-452
-389
-289
-156
10
205
417
623
799
918
961
945
911
900
935
989
1016
976
870
742
641
590
564
511
399
237
78
-28
-66
-68
-103
-209
-374
-538
-639
-652
-603
-548
-534
-574
-632
-670
-661
-607
-529
-441
-349
-242
-102
67
241
373
417
359
214
20
-166
-306
-379
-399
-405
-426
-478
-560
-653
-748
-821
-858
-849
-796
-704
-590
-474
-367
-262
-136
19
200
381
538
652
728
780
812
822
800
748
679
615
565
512
430
305
141
-27
-162
-238
-263
-275
-305
-361
-418
-446
-424
-355
-254
-134
3
163
344
525
673
758
771
740
701
679
675
674
664
635
602
575
552
503
395
226
20
-169
-297
-351
-360
-371
-427
-529
-646
-738
-778
-780
-769
-767
-765
-738
-659
-524
-352
-182
-41
72
174
287
410
506
537
493
389
271
179
129
104
60
-35
-181
-345
-483
-561
-589
-599
-630
-693
-767
-816
-802
-720
-589
-444
-318
-207
-100
20
154
290
409
495
549
584
612
630
627
585
505
404
306
243
227
253
303
338
330
259
123
-53
-224
-342
-381
-342
-246
-130
-27
52
115
169
212
242
245
232
227
256
333
442
543
595
572
490
386
299
253
237
222
173
84
-34
-149
-232
-279
-304
-336
-391
-459
-516
-537
-522
-489
-462
-451
-441
-395
-283
-118
55
185
237
224
181
158
181
236
289
303
269
208
133
59
-21
-115
-221
-328
-403
-436
-428
-408
-408
-440
-497
-540
-546
-505
-432
-357
-295
-239
-176
-90
11
99
144
139
103
77
87
128
181
213
219
214
225
261
304
322
289
211
128
73
66
92
114
109
83
64
84
150
236
302
318
284
232
200
210
253
306
342
347
327
296
268
246
214
166
102
37
-5
-1
46
113
165
167
110
5
-109
-195
-232
-220
-180
-132
-94
-71
-60
-61
-74
-99
-141
-180
-193
-166
-92
5
95
139
116
29
-93
-209
-285
-319
-321
-317
-319
-333
-347
-350
-339
-334
-354
-399
-459
-507
-526
-501
-438
-347
-248
-152
-64
-2
31
29
-6
-60
-118
-155
-155
-122
-58
13
68
97
100
88
76
76
86
103
118
125
125
141
183
258
360
475
577
647
677
669
641
604
567
541
528
534
551
570
573
538
456
329
181
49
-37
-58
-24
48
122
167
167
117
36
-47
-115
-148
-145
-114
-83
-74
-106
-185
-290
-406
-510
-560
-552
-469
-349
-236
-144
-104
-119
-171
-242
-305
-334
-326
-267
-191
-119
-60
-36
-46
-82
-138
-194
-236
-257
-252
-253
-262
-276
-288
-272
-232
-168
-90
-21
17
14
-17
-50
-74
-82
-66
-43
-7
42
99
147
178
181
144
85
35
21
60
130
201
243
235
202
159
129
128
141
165
192
208
225
230
231
243
238
217
184
151
131
130
137
138
116
71
12
-41
-68
-60
-31
4
28
33
31
29
36
49
48
34
0
-45
-85
-121
-150
-176
-199
-210
-203
-174
-129
-88
-67
-77
-107
-136
-139
-117
-81
-48
-30
-28
-30
-25
-10
11
29
31
15
-10
-32
-45
-48
-54
-69
-89
-107
-115
-115
-118
-126
-144
-164
-173
-163
-131
-89
-47
-20
-12
-15
-19
-17
-9
4
17
33
52
74
92
103
103
92
79
71
81
99
121
139
148
149
141
131
121
107
97
91
87
86
92
99
103
96
78
51
20
-4
-16
-12
4
19
30
40
49
64
84
104
114
111
96
82
78
80
80
70
42
6
-29
-53
-59
-58
-64
-80
-105
-128
-138
-129
-117
-113
-125
-146
-161
-160
-137
-104
-70
-46
-34
-29
-25
-18
-15
-17
-27
-43
-64
-82
-96
-108
-123
-141
-156
-162
-154
-131
-100
-72
-57
-59
-76
-91
-94
-85
-63
-43
-29
-15
-1
15
27
32
31
28
32
54
95
150
199
229
229
212
189
171
162
164
171
182
190
193
189
176
150
115
72
34
13
13
31
51
60
48
22
-5
-23
-17
9
45
86
124
154
171
178
172
158
134
112
96
88
85
75
49
3
-60
-132
-197
-244
-269
-272
-265
-260
-255
-256
-260
-262
-263
-255
-234
-204
-161
-121
-86
-59
-50
-57
-72
-89
-105
-115
-118
-112
-105
-99
-100
-105
-112
-115
-107
-89
-62
-33
-11
-1
-3
-12
-24
-32
-37
-37
-31
-22
-12
4
21
39
59
80
104
133
169
204
240
267
287
296
298
299
295
288
273
255
237
211
181
146
111
80
52
31
18
6
-4
-15
-28
-39
-48
-54
-53
-43
-25
-2
21
43
57
66
68
68
65
59
50
37
19
-6
-35
-64
-92
-118
-141
-160
-174
-186
-191
-193
-189
-185
-183
-176
-169
-153
-136
-116
-98
-82
-72
-67
-66
-69
-77
-86
-96
-106
-107
-102
-92
-81
-70
-64
-57
-50
-45
-35
-26
-19
-12
-2
7
15
17
13
4
-9
-18
-19
-7
17
47
77
105
129
141
150
154
158
166
178
199
224
246
258
254
232
203
172
146
132
128
127
125
117
98
71
40
6
-22
-44
-56
-56
-48
-34
-22
-15
-10
-8
-3
7
21
37
50
55
50
36
12
-14
-44
-73
-97
-115
-128
-137
-148
-156
-167
-180
-188
-191
-188
-175
-160
-142
-128
-118
-109
-105
-96
-89
-81
-74
-72
-69
-64
-61
-53
-41
-27
-21
-16
-18
-20
-20
-23
-19
-9
4
17
22
22
12
-3
-21
-34
-34
-26
-7
19
43
60
70
75
75
79
90
109
139
171
200
220
226
221
205
183
162
140
128
125
124
123
120
112
95
73
50
29
13
7
7
13
23
30
34
31
20
5
-9
-16
-17
-11
-5
-1
-9
-26
-49
-75
-98
-114
-124
-129
-135
-140
-150
-165
-181
-200
-215
-222
-224
-216
-202
-188
-173
-166
-160
-153
-145
-132
-115
-91
-64
-33
-5
21
38
47
48
49
49
50
52
55
59
63
63
60
52
44
31
16
1
-13
-19
-16
-4
18
39
57
67
73
76
76
84
96
115
139
170
202
226
242
249
240
224
212
200
193
188
181
176
166
151
129
103
73
43
17
-6
-22
-35
-45
-50
-55
-59
-63
-68
-72
-79
-88
-95
-102
-105
-108
-107
-100
-96
-93
-96
-104
-116
-129
-145
-158
-164
-166
-159
-153
-146
-140
-138
-139
-144
-155
-162
-166
-162
-148
-131
-108
-86
-63
-43
-23
-5
10
25
40
56
72
87
101
114
119
122
121
119
116
107
98
87
75
66
59
57
57
63
71
73
71
68
63
59
57
57
64
76
86
96
97
94
88
77
69
64
63
68
71
74
73
69
62
51
38
25
14
7
0
-4
-5
-10
-18
-27
-40
-53
-64
-72
-77
-81
-85
-87
-85
-82
-80
-78
-80
-80
-80
-84
-84
-84
-83
-78
-75
-73
-70
-67
-64
-61
-59
-60
-61
-62
-57
-56
-51
-45
-40
-32
-29
-23
-17
-12
-5
4
10
20
33
44
53
61
66
69
66
64
60
60
61
64
67
67
67
63
57
53
49
48
48
49
54
58
60
60
59
55
48
45
42
40
39
36
32
26
21
15
7
0
-7
-12
-17
-21
-23
-25
-29
-31
-34
-35
-35
-37
-37
-40
-40
-41
-43
-46
-48
-52
-51
-52
-50
-47
-45
-45
-46
-45
-46
-46
-47
-48
-47
-46
-43
-42
-41
-40
-41
-38
-37
-35
-30
-27
-22
-15
-10
-3
6
11
19
25
31
35
40
44
48
52
54
56
57
58
57
56
53
50
49
46
43
42
39
34
30
24
21
21
23
23
24
24
22
22
20
20
20
20
18
16
16
15
12
10
6
4
-1
-4
-8
-11
-13
-16
-20
-22
-25
-25
-26
-27
-27
-28
-28
-26
-23
-23
-20
-22
-24
-28
-30
-29
-29
-28
-28
-29
-30
-31
-30
-32
-32
-30
-31
-29
-25
-20
-18
-16
-14
-12
-9
-7
-7
-7
-6
-7
-4
-1
1
1
1
4
5
9
11
12
16
20
