20
4
-18
8
19
-4
-14
-21
-3
8
2
14
28
8
-11
23
16
-21
-18
14
19
-10
-2
14
-2
-21
-5
10
-9
-3
14
9
-2
-9
-11
-6
0
-5
-16
-21
-7
10
-3
-5
11
7
-18
-15
11
-4
-20
-3
21
-10
-14
21
-5
-39
-29
26
23
-4
20
19
-10
-26
5
30
13
14
22
11
-8
14
-6
-61
-31
-20
8
25
26
20
-85
-91
-30
26
-23
-25
103
25
-26
18
76
28
-32
31
-71
-87
88
157
93
-28
2
75
30
16
61
-98
-247
-80
-3
-48
-14
85
57
-3
46
-65
-185
-27
234
231
121
121
-49
-198
-174
-96
-73
-113
51
222
173
-53
-81
-42
-198
-270
13
330
178
230
131
-376
-460
-130
130
-22
51
484
179
-564
-257
156
-71
-95
363
450
9
-132
-226
-57
-310
-471
349
613
161
47
152
-434
-543
96
163
193
375
338
82
-76
1
-123
-442
-324
68
-89
40
584
300
-23
-101
-269
-137
-64
-219
59
518
267
-46
-29
-175
-296
-179
-195
-6
79
-54
115
574
380
-463
-412
-240
-239
-65
228
545
19
-313
167
-114
-521
-36
146
24
33
267
452
153
-126
-94
-173
-586
-393
246
436
338
326
231
-121
-417
-109
-100
-343
58
313
198
240
282
-213
-487
-359
-603
-443
425
849
757
554
227
-210
-763
-956
-295
322
336
509
351
-75
-252
-310
-419
-510
-191
415
909
738
405
115
-579
-941
-534
-319
-77
631
616
197
226
-76
-664
-470
188
154
111
495
500
205
-355
-619
-369
-512
-381
258
506
426
98
-159
-147
-64
-142
-202
309
461
111
-32
31
-42
-302
-480
-288
139
-2
248
556
39
-245
-151
-183
-139
133
573
335
-311
-441
-149
95
-57
86
363
354
-32
-306
-109
93
48
-178
-92
298
210
-131
-28
136
-156
-602
-235
501
190
-92
255
120
-295
-313
35
-104
-179
468
455
98
200
22
-185
-167
-93
-102
-102
12
21
-136
-84
56
-106
-339
-383
-17
196
183
240
295
14
-266
-168
-100
-17
52
-4
-130
30
56
206
225
135
593
221
-99
-15
-54
-141
-231
103
77
-279
-263
-127
-356
-341
36
120
63
271
323
-146
-393
-77
92
137
322
73
-260
-268
-231
16
173
103
420
636
340
87
-7
-402
-542
-86
-16
-203
321
675
245
-60
-366
-640
-443
-94
149
299
437
296
104
-132
-494
-463
-543
-223
615
676
247
89
-68
-323
-356
-339
-29
165
56
368
244
15
113
-79
-455
-515
-27
296
431
448
237
-53
-398
-597
-628
-325
199
772
1009
586
-89
-491
-672
-659
-229
253
636
690
412
63
-198
-704
-845
-312
-182
114
570
855
757
88
-591
-1145
-776
1
434
833
924
521
-146
-761
-1302
-1038
71
690
1031
1030
439
-250
-701
-714
-499
-38
249
374
415
394
69
-295
-370
-541
-419
-25
323
378
271
261
192
-59
-361
-363
-179
-102
121
130
-57
308
353
57
-155
-447
-397
-39
169
145
252
274
240
179
-204
-564
-512
-373
-200
388
1041
927
307
-380
-878
-894
-528
242
722
562
421
69
-424
-192
63
-346
-594
-181
292
393
389
175
59
-149
-473
-162
4
-12
321
306
119
70
-127
-309
-316
-7
304
248
0
110
144
-209
-565
-312
505
574
128
-157
-345
-278
-197
-208
157
581
340
-338
-408
179
204
-42
-112
-191
-96
81
247
275
-79
-418
-154
312
255
-199
-247
119
342
68
-583
-569
250
812
567
-302
-597
-158
64
-75
-245
154
754
379
-425
-605
-227
280
212
18
-63
-42
85
-59
-128
134
426
77
-433
-295
-53
234
121
-123
173
309
-10
-433
-268
30
222
368
-57
-342
-4
284
280
61
-244
-245
-179
-303
60
437
392
328
-111
-550
-634
-375
83
372
418
405
506
154
-394
-338
-105
-439
-510
66
440
512
250
-89
-176
-469
-653
-31
455
246
180
464
476
-113
-535
-451
-205
116
-113
-323
114
560
552
5
-209
-144
-155
-268
-301
197
638
501
-114
-485
-235
-119
-287
-421
148
803
479
-20
-123
-43
-220
-503
-211
191
303
287
78
16
-78
-119
-108
-232
-59
110
177
62
0
174
-1
-97
21
-70
-221
-8
219
153
118
74
-167
-431
-276
-16
191
271
220
228
-32
-331
-345
-50
222
243
60
-138
-30
80
-20
-142
12
146
8
-243
-240
267
243
-201
-305
-47
298
330
26
-143
68
-159
-270
91
13
-60
195
213
-119
-284
-46
178
-34
-161
101
327
138
-130
85
169
-262
-421
-19
270
172
-69
-24
294
124
-377
-457
-170
125
287
264
263
159
-250
-561
-349
168
335
223
10
21
272
-13
-339
-241
6
74
-78
-10
255
395
-22
-394
-219
-44
83
74
-71
61
168
-138
-164
265
231
-117
-293
-221
116
154
-42
125
204
-72
-103
-84
-255
-37
216
-23
-249
-28
359
350
-130
-406
55
121
-380
-68
368
289
102
-32
-130
-153
-166
-121
117
184
156
-1
77
193
-44
-114
-199
-203
-74
120
181
46
184
121
-135
-295
-143
205
31
-146
25
148
10
-66
190
274
-111
-549
-377
171
307
223
182
-11
-89
-119
-169
-145
-133
24
79
166
181
13
-27
-96
9
-74
-240
-1
163
111
-30
-117
157
298
-81
-333
-169
191
25
-237
158
325
34
-385
-292
224
236
16
-187
12
285
114
-175
-401
47
465
109
-336
-210
367
320
-297
-374
221
305
-280
-395
88
526
323
-217
-445
-150
322
155
-298
-51
432
253
-250
-386
70
414
-131
-434
20
277
128
-185
-156
135
118
-64
-4
175
29
-311
-335
44
327
338
15
-295
-57
17
-218
-273
137
545
133
-415
-192
389
216
-445
-403
202
430
-67
-259
129
262
76
-297
-392
-53
228
222
59
27
153
199
-153
-570
-327
200
364
191
-44
104
159
-189
-396
-170
256
121
-117
-23
212
354
60
-262
-338
-162
-1
174
263
5
-54
-1
64
6
-241
-92
182
52
-168
39
390
101
-386
-251
102
157
42
126
155
-184
-282
-69
94
84
86
222
20
-219
-131
47
6
-179
81
162
-73
-17
138
194
-106
-302
-145
-19
39
80
247
266
-7
-364
-444
-3
262
191
101
92
59
-262
-270
53
121
39
-24
9
-46
-12
212
153
-103
-261
-171
54
97
79
67
63
-27
-220
-41
219
192
2
-253
-199
63
204
16
-119
104
85
-31
19
28
30
10
-168
-328
-46
235
286
276
72
-134
-296
-259
-95
1
67
229
358
60
-188
-224
-154
10
-14
76
159
73
-86
-170
42
-49
24
291
64
-176
-273
-74
88
62
90
135
181
-123
-381
-150
191
237
56
-128
-79
139
8
-150
17
151
11
-198
-132
179
292
-18
-246
-83
28
-82
41
177
183
39
-343
-241
99
187
69
2
94
11
-155
-225
3
230
69
-161
-57
165
127
-74
-163
64
55
-231
-197
86
323
229
-20
-172
-107
-66
-319
-254
146
436
354
-1
-122
-177
-357
-381
-93
327
566
354
-110
-322
-215
-192
-197
22
263
431
281
-53
-164
-145
-133
-148
-57
203
457
396
-39
-281
-160
-5
-43
-58
315
508
93
-317
-196
3
68
144
164
179
36
-158
-76
-19
-34
135
236
100
-28
-91
-143
24
59
-139
2
235
104
-26
-106
-221
-255
-266
-70
171
119
-9
-21
-186
-416
-401
-244
-58
21
-71
-91
-56
-254
-489
-437
-241
-126
-110
-123
-83
-123
-342
-401
-229
-111
-65
-35
-47
-70
-58
-41
-62
-8
114
143
229
400
295
237
121
-61
186
300
497
756
553
335
205
112
189
353
540
700
770
656
359
297
253
133
216
189
447
706
439
236
43
-51
-30
7
154
306
518
496
433
490
431
257
3
-134
-13
230
260
88
-239
-677
-969
-994
-811
-685
-749
-1059
-1486
-1688
-1604
-1339
-1151
-1252
-1561
-1872
-2022
-1809
-1327
-930
-788
-925
-1105
-1028
-697
-321
21
321
516
496
327
420
757
1041
1219
1348
1567
1754
1722
1633
1648
1708
1770
1781
1663
1585
1562
1448
1409
1349
1036
692
474
420
510
630
603
342
33
-179
-306
-333
-245
-229
-367
-474
-571
-716
-737
-778
-932
-1030
-1181
-1213
-967
-778
-555
107
1091
1739
1564
690
-350
-903
-654
241
1220
1599
1007
-134
-1008
-1344
-1273
-1037
-854
-870
-1034
-989
-695
-614
-1330
-2776
-4046
-4305
-3447
-1986
-719
-415
-1336
-2956
-3924
-3285
-1429
440
1245
942
29
-818
-896
-68
1415
2732
3154
2888
2421
2170
2290
2663
3194
3516
3460
3263
2995
2744
2459
2172
2087
2047
1985
1817
1588
1225
464
-185
-350
-151
58
-77
-375
-714
-1087
-1428
-1574
-1269
-976
-1096
-1313
-1491
-1523
-1420
-1327
-1185
-1115
-1112
-1109
-930
-687
-749
-844
-892
-872
-533
282
1551
2451
2208
976
-198
-492
-25
837
1557
1590
751
-481
-1207
-1057
-580
-508
-908
-1480
-1868
-1752
-1178
-627
-980
-2494
-4213
-4907
-4073
-2333
-827
-403
-1342
-2989
-3998
-3353
-1355
606
1454
1059
8
-803
-726
467
2216
3383
3462
2836
2267
2249
2747
3516
4069
4056
3613
3107
2925
2992
2933
2751
2496
2234
2070
1922
1697
1164
353
-286
-423
-40
325
191
-385
-1185
-1744
-1743
-1330
-804
-634
-1034
-1632
-2037
-2001
-1570
-1152
-1010
-1116
-1355
-1519
-1431
-1105
-817
-740
-635
9
1264
2280
2141
1012
-164
-568
-59
908
1710
1638
445
-1040
-1655
-1157
-412
-337
-994
-1851
-2385
-2235
-1377
-522
-814
-2611
-4769
-5634
-4668
-2703
-1082
-764
-1879
-3659
-4648
-3788
-1526
628
1407
721
-535
-1345
-945
723
2770
3995
3822
2864
2182
2267
3082
4249
5140
5241
4556
3675
3235
3308
3538
3638
3564
3315
2833
2222
1681
1145
574
153
39
138
129
-214
-792
-1311
-1581
-1574
-1305
-1068
-1302
-1948
-2493
-2535
-2126
-1624
-1335
-1363
-1650
-2006
-2122
-1763
-1106
-647
-557
-485
97
1307
2349
2309
1243
73
-303
297
1358
2092
1830
537
-886
-1369
-795
-110
-205
-1046
-2024
-2568
-2312
-1293
-419
-996
-3223
-5624
-6377
-5060
-2792
-1071
-944
-2543
-4769
-5773
-4411
-1509
883
1414
289
-1313
-2137
-1395
771
3146
4332
3948
2792
2002
2192
3308
4816
5920
6000
5116
3990
3399
3569
4168
4698
4778
4271
3348
2340
1550
1139
1059
1111
1041
632
-126
-1006
-1664
-1812
-1451
-943
-790
-1301
-2230
-2958
-3070
-2574
-1813
-1330
-1485
-2162
-2827
-2888
-2257
-1390
-757
-563
-793
-1134
-990
142
1870
2852
2249
752
-312
-164
873
1837
2063
1288
-107
-1030
-811
48
471
-140
-1370
-2304
-2296
-1329
-208
-234
-1985
-4554
-6213
-5789
-3685
-1538
-840
-2104
-4511
-6103
-5398
-2722
53
1086
110
-1644
-2674
-2090
-27
2369
3722
3535
2442
1565
1737
2986
4631
5787
5924
5184
4209
3673
3868
4511
5061
5157
4694
3815
2897
2260
1941
1845
1793
1571
1031
178
-696
-1236
-1320
-946
-426
-427
-1203
-2304
-3134
-3310
-2821
-2007
-1402
-1538
-2379
-3123
-3178
-2655
-1847
-1155
-954
-1201
-1470
-1051
458
2008
2193
1116
6
-180
559
1460
1946
1649
461
-630
-511
396
913
446
-772
-1906
-2254
-1589
-206
605
-493
-3148
-5636
-6218
-4514
-2100
-887
-1599
-3847
-5984
-6052
-3912
-1158
374
-110
-1748
-3032
-2960
-1191
1321
2891
2935
2019
1083
1112
2316
4050
5492
5875
5179
4246
3706
3806
4513
5295
5661
5434
4497
3341
2628
2312
2268
2497
2538
2018
1035
-52
-737
-871
-609
-107
-8
-815
-1968
-2756
-2992
-2667
-2069
-1700
-1900
-2684
-3440
-3520
-2920
-2065
-1488
-1435
-1563
-1398
-494
848
1468
818
-192
-407
488
1626
2172
1967
934
-376
-604
425
1429
1310
70
-1241
-1710
-1386
-479
458
91
-1918
-4322
-5478
-4561
-2576
-1473
-1904
-3491
-5408
-6080
-4716
-2384
-750
-917
-2361
-3490
-3534
-2370
-230
1543
1829
1092
390
602
1836
3264
4321
4793
4444
3845
3880
4543
5312
5642
5381
4982
4679
4396
4339
4361
3904
3024
2150
1551
1373
1339
1082
653
44
-637
-997
-1063
-1070
-1095
-1438
-2075
-2536
-2714
-2677
-2479
-2438
-2643
-2778
-2778
-2587
-2150
-1726
-1300
-465
539
963
459
-470
-705
207
1374
1962
1839
960
-183
-540
87
1023
1355
534
-686
-1264
-1143
-479
299
121
-1360
-3322
-4551
-4115
-2662
-1873
-2229
-3336
-4652
-5074
-4180
-2801
-1838
-1990
-3032
-3629
-3217
-2158
-744
321
513
230
-1
350
1587
2900
3538
3689
3506
3262
3551
4277
5071
5606
5395
4755
4399
4286
4356
4575
4461
3942
3215
2391
1864
1785
1658
1302
807
209
-394
-858
-1126
-1018
-889
-1292
-2010
-2583
-2905
-2889
-2636
-2466
-2478
-2812
-3237
-3119
-2302
-1359
-418
406
539
-258
-1106
-968
362
1603
1708
1098
359
-251
-110
756
1400
1171
87
-954
-916
-118
457
589
-41
-1624
-3171
-3542
-2649
-1343
-1085
-2245
-3706
-4644
-4485
-3030
-1587
-1396
-2322
-3599
-4018
-3029
-1596
-506
-12
-376
-937
-691
267
1468
2421
2682
2519
2371
2375
2948
3980
4618
4643
4320
3884
3740
3995
4341
4589
4396
3622
2817
2363
2135
2045
1898
1473
853
198
-306
-496
-475
-510
-699
-1100
-1666
-2166
-2365
-2340
-2170
-2019
-2164
-2542
-2602
-1988
-817
100
-64
-889
-1267
-868
87
1070
1334
815
56
-322
210
1099
1147
413
-357
-768
-549
181
776
691
-561
-2464
-3402
-2764
-1515
-781
-1247
-2731
-4167
-4621
-3781
-2098
-998
-1450
-2832
-3930
-3945
-2747
-1089
-71
-85
-878
-1555
-1156
190
1662
2641
2726
2063
1542
1724
2583
3707
4277
4055
3530
3134
3162
3748
4366
4361
3756
2875
2322
2394
2577
2406
1845
1031
331
132
161
27
-389
-1052
-1525
-1541
-1280
-1112
-1295
-1779
-2359
-2591
-2331
-1862
-1573
-1557
-1501
-1025
-78
351
-3
-420
-349
388
1279
1525
1114
679
396
706
1600
1842
1124
-5
-801
-597
373
1063
1043
132
-1859
-3528
-3536
-2251
-924
-901
-2437
-4227
-5004
-4610
-3158
-1564
-1362
-2549
-3979
-4553
-3670
-1863
-495
-115
-656
-1731
-1941
-634
1180
2544
2917
2235
1468
1398
2018
3387
4613
4595
3802
3051
2766
3228
3986
4350
4211
3451
2422
2054
2376
2663
2479
1734
823
282
183
207
165
-269
-1103
-1744
-1780
-1383
-1018
-1047
-1593
-2203
-2481
-2379
-1782
-981
-545
-425
-432
-606
-685
-466
-48
711
1187
803
224
86
410
1097
1514
1150
411
-317
-640
-87
746
864
145
-1127
-2412
-2901
-2498
-1777
-1336
-1853
-3236
-4271
-4263
-3488
-2457
-1982
-2443
-3239
-3728
-3441
-2266
-1109
-734
-900
-1252
-1262
-487
680
1647
2129
1964
1656
1866
2510
3329
4011
4133
3752
3373
3324
3670
4089
4119
3671
3012
2446
2268
2506
2732
2468
1699
825
273
216
317
193
-280
-955
-1554
-1658
-1365
-1240
-1512
-2027
-2423
-2411
-2061
-1767
-1384
-1078
-1022
-848
-459
-319
-253
-65
229
725
939
620
537
838
1065
1324
1374
860
294
17
149
853
1265
711
-351
-1539
-2508
-2493
-1762
-1223
-1415
-2600
-4105
-4658
-4118
-3120
-2201
-2100
-3023
-4029
-4285
-3502
-1968
-769
-699
-1258
-1771
-1665
-425
1274
2354
2535
1984
1386
1661
2712
3842
4653
4576
3794
3176
3156
3657
4380
4623
4085
3228
2487
2216
2395
2584
2396
1761
880
197
41
117
-17
-476
-1149
-1646
-1760
-1710
-1734
-1920
-2331
-2704
-2604
-2319
-1895
-1356
-1139
-1114
-974
-814
-740
-311
95
570
903
544
4
107
712
1408
1969
1578
599
-136
-288
393
1446
1655
798
-456
-1748
-2338
-1861
-1070
-745
-1307
-2792
-4097
-4211
-3502
-2567
-2026
-2443
-3418
-4063
-3923
-2898
-1592
-1013
-1233
-1644
-1720
-1048
201
1320
1809
1744
1486
1632
2339
3194
3826
4070
3844
3509
3553
3916
4323
4407
3925
3215
2783
2715
2880
2988
2626
1786
946
465
422
618
572
-117
-1056
-1764
-1931
-1548
-1142
-1312
-1901
-2555
-2975
-2777
-2331
-1760
-1193
-886
-858
-994
-1413
-1358
-609
248
907
801
19
-309
128
852
1668
1727
816
-31
-252
214
1215
1694
1061
-133
-1377
-2072
-1724
-932
-581
-1056
-2262
-3452
-3800
-3301
-2508
-2062
-2412
-3237
-3815
-3617
-2730
-1743
-1306
-1509
-1844
-1753
-978
168
1127
1507
1457
1321
1522
2212
3084
3789
4028
3829
3581
3575
3927
4394
4536
4167
3528
2938
2764
2860
2831
2534
1870
1086
580
426
417
220
-412
-1170
-1623
-1799
-1699
-1636
-1887
-2354
-2808
-2928
-2597
-2150
-1949
-1818
-1736
-1433
-893
-515
-501
-485
-376
69
704
794
544
596
840
1184
1552
1359
826
493
444
802
1401
1343
538
-352
-1061
-1344
-1084
-791
-945
-1587
-2565
-3244
-3080
-2521
-2212
-2405
-3127
-3835
-3910
-3293
-2352
-1725
-1848
-2329
-2454
-1879
-731
478
1104
988
698
783
1529
2647
3445
3604
3399
3188
3305
3835
4389
4577
4262
3657
3169
3140
3342
3413
3139
2395
1524
967
817
850
746
221
-608
-1274
-1660
-1587
-1324
-1429
-1954
-2480
-2827
-2798
-2368
-2160
-1856
-1778
-1862
-1605
-819
-347
-284
-374
-491
20
563
729
836
1028
881
920
1169
1177
1105
898
843
1074
1128
701
211
-171
-651
-1084
-1319
-1292
-1337
-1704
-2343
-2811
-2961
-2949
-2773
-2572
-2703
-3193
-3456
-3328
-2817
-2232
-1969
-1866
-1649
-1352
-944
-258
278
591
942
1372
1877
2371
2667
2818
3120
3453
3731
4037
4161
4091
3936
3712
3510
3493
3403
3053
2607
2023
1522
1310
1134
822
466
-222
-940
-1158
-1245
-1247
-1380
-1829
-2302
-2390
-2602
-2397
-1998
-1998
-1849
-1693
-1470
-910
-208
-363
-311
-192
-20
686
1137
999
853
909
781
1253
1559
1343
1123
840
673
806
851
486
132
-393
-1060
-1449
-1614
-1620
-1724
-2153
-2622
-2846
-2966
-3062
-3087
-3186
-3253
-3254
-3147
-2741
-2410
-2411
-2439
-2226
-1737
-943
-205
197
296
225
437
1279
2226
2803
3020
2881
2795
3054
3584
4197
4531
4266
3799
3496
3312
3419
3481
3333
2902
2212
1568
1223
1094
854
507
-133
-823
-1275
-1433
-1387
-1471
-1793
-2268
-2426
-2498
-2390
-2229
-2211
-1992
-1713
-1317
-750
-389
-746
-781
-443
154
879
1014
713
720
915
1042
1480
1549
1187
949
938
1120
1416
1197
541
-31
-574
-875
-839
-823
-1118
-1732
-2568
-2984
-2812
-2427
-2232
-2543
-3205
-3780
-3699
-3092
-2315
-1914
-2180
-2625
-2636
-1970
-920
63
384
216
96
309
1076
2071
2700
2778
2622
2534
2814
3464
4025
4201
3946
3422
3059
3183
3552
3590
3160
2401
1675
1353
1391
1408
1119
402
-554
-1147
-1098
-909
-1041
-1470
-2176
-2682
-2863
-2599
-2146
-1811
-1791
-2050
-2015
-1509
-708
-556
-445
-420
-247
269
628
684
757
1047
1088
1429
1546
1212
960
1087
1390
1653
1595
877
264
-91
-419
-582
-588
-805
-1298
-1933
-2486
-2561
-2408
-2304
-2455
-2730
-3028
-3276
-3203
-2711
-2219
-2160
-2299
-2325
-1885
-1055
-343
19
124
154
296
954
1783
2246
2422
2362
2348
2612
3043
3402
3656
3557
3152
2852
2814
3001
3095
2938
2423
1773
1283
1126
1108
929
477
-243
-957
-1308
-1310
-1233
-1361
-1789
-2360
-2674
-2640
-2414
-2262
-2061
-1825
-1813
-1561
-1015
-635
-596
-444
-272
281
877
827
717
1024
1355
1552
1906
1815
1475
1276
1340
1751
2026
1665
956
465
115
-120
-315
-472
-855
-1573
-2154
-2324
-2156
-2023
-2206
-2689
-3167
-3496
-3398
-2826
-2245
-2023
-2371
-2721
-2517
-1724
-676
105
205
-138
-220
245
1358
2317
2479
2155
1859
1992
2670
3505
3788
3545
2961
2440
2490
2906
3175
2902
2237
1382
928
1039
1209
1080
535
-358
-1168
-1353
-1079
-905
-1155
-1931
-2572
-2759
-2525
-2067
-1827
-1769
-1936
-1975
-1625
-764
-402
-472
-358
-160
263
646
759
799
1175
1422
1577
1816
1617
1368
1400
1729
2051
2026
1415
744
415
147
81
-62
-408
-948
-1592
-2103
-2205
-2100
-2077
-2216
-2644
-3046
-3225
-3134
-2773
-2367
-2224
-2290
-2244
-2034
-1508
-744
-167
146
355
472
680
1302
1982
2435
2642
2529
2440
2716
3208
3579
3699
3375
2810
2448
2478
2693
2630
2225
1540
852
533
512
392
214
-278
-1111
-1625
-1729
-1772
-1811
-1974
-2485
-2896
-3007
-2865
-2615
-2180
-1969
-1967
-1633
-1124
-948
-822
-460
-105
487
837
604
449
880
1446
1970
2279
1877
1375
1341
1730
2307
2637
2114
1114
433
175
353
568
417
-258
-1219
-1958
-2094
-1682
-1257
-1459
-2300
-3010
-3210
-2942
-2381
-1985
-2017
-2384
-2561
-2189
-1355
-464
-135
-215
-83
276
797
1540
2011
2137
2204
2264
2577
3128
3439
3357
3210
3006
2789
2804
2862
2674
2297
1739
1154
844
712
486
166
-320
-901
-1467
-1683
-1777
-1994
-2221
-2503
-2824
-3118
-3120
-3044
-2632
-2210
-2046
-1994
-1651
-1456
-1351
-717
-113
324
456
203
85
691
1444
1927
2185
1833
1287
1254
1884
2582
2823
2255
1197
556
359
501
729
695
29
-973
-1740
-1813
-1404
-1086
-1186
-1890
-2513
-2806
-2729
-2254
-1836
-1918
-2257
-2397
-2156
-1404
-599
-131
9
144
408
867
1572
2032
2248
2395
2543
2783
3095
3328
3372
3365
3287
3166
2941
2799
2555
2208
1931
1493
1012
586
240
-114
-374
-786
-1392
-1936
-2286
-2525
-2655
-2714
-3027
-3222
-3291
-3390
-3377
-2952
-2393
-1784
-1389
-1810
-2145
-1611
-472
473
746
132
-366
223
1260
2242
2517
1810
968
1021
1908
2863
3152
2374
1232
485
316
696
1155
968
9
-1234
-1902
-1669
-1087
-795
-1229
-2145
-2926
-2975
-2294
-1439
-1253
-1998
-2766
-2753
-1747
-379
341
60
-613
-662
251
1707
2654
2537
1927
1706
2262
3315
4121
4135
3564
2958
2885
3312
3737
3722
3205
2362
1601
1275
1235
1316
1024
153
-806
-1440
-1699
-1711
-1781
-2360
-3128
-3639
-3799
-3641
-3455
-3550
-3741
-3633
-3312
-2811
-2069
-1834
-2140
-2031
-1401
-474
273
258
-181
-82
564
1435
2295
2336
1703
1308
1670
2475
2994
2740
1929
1200
718
584
820
901
443
-492
-1342
-1560
-1306
-1013
-986
-1459
-2239
-2734
-2652
-2067
-1578
-1669
-2135
-2358
-2091
-1323
-381
98
62
-118
187
1006
1999
2578
2508
2377
2463
2875
3618
4252
4231
3813
3369
3267
3567
3820
3705
3147
2380
1675
1339
1260
1259
849
9
-846
-1514
-1814
-1972
-2244
-2754
-3337
-3790
-3966
-3896
-3841
-3924
-3745
-3399
-2880
-2710
-3101
-2986
-2194
-1160
-682
-970
-1604
-1367
-132
1115
1929
1554
456
62
1003
2545
3578
3281
1833
594
293
866
1789
2047
1133
-416
-1615
-1589
-659
127
1
-1174
-2491
-2941
-2300
-1223
-622
-1104
-2281
-2912
-2352
-940
262
446
-223
-680
-195
967
2197
2726
2341
1901
2140
2937
3864
4224
3882
3534
3409
3536
3868
3984
3661
3061
2429
2028
1911
1712
1352
941
419
-247
-863
-1203
-1474
-1944
-2551
-3026
-3314
-3535
-3719
-3982
-4008
-3779
-3520
-3157
-2703
-2880
-3347
-3026
-2159
-1218
-768
-1156
-1598
-1076
-50
916
1507
1118
271
131
1065
2305
2957
2439
1274
520
424
905
1400
1322
482
-729
-1546
-1368
-740
-355
-484
-1417
-2355
-2583
-2157
-1408
-982
-1394
-2146
-2329
-1700
-586
313
458
-20
-211
292
1248
2264
2724
2545
2384
2620
3227
3992
4366
4218
3900
3771
3843
3936
3972
3689
3115
2613
2306
2012
1764
1428
827
196
-366
-866
-1180
-1408
-1991
-2626
-3031
-3399
-3563
-3612
-3730
-3649
-3550
-3425
-3046
-3025
-3267
-3019
-2440
-1799
-1528
-1874
-1955
-1347
-513
185
449
139
-250
-49
892
1998
2405
1743
797
417
488
949
1380
1049
180
-812
-1352
-936
-321
-206
-561
-1344
-1990
-2007
-1561
-987
-900
-1486
-2122
-2112
-1340
-364
232
86
-481
-512
274
1443
2399
2484
2019
1961
2521
3411
4213
4344
3936
3591
3612
3919
4177
4144
3752
3124
2600
2360
2218
2120
1884
1246
474
-106
-495
-795
-1055
-1502
-2174
-2760
-3137
-3330
-3263
-3045
-3116
-3217
-3070
-3071
-3231
-3021
-2578
-2096
-1818
-2117
-2477
-2092
-1246
-499
-70
-195
-716
-842
-165
905
1702
1495
511
-221
-235
174
692
827
312
-638
-1402
-1350
-714
-194
-306
-1052
-1780
-1993
-1647
-1012
-552
-754
-1430
-1804
-1385
-463
375
673
335
56
284
1008
1997
2655
2532
2155
2225
2810
3664
4212
4116
3687
3454
3651
4021
4178
3928
3264
2672
2583
2497
2299
2012
1424
826
294
-230
-603
-938
-1358
-1821
-2255
-2622
-3001
-3231
-3338
-3245
-3114
-3015
-2861
-2866
-3156
-3089
-2559
-2029
-1684
-2005
-2445
-2075
-1316
-549
-73
-267
-684
-748
-157
820
1517
1380
626
9
-156
45
497
604
104
-664
-1299
-1327
-707
-329
-565
-1125
-1819
-1937
-1391
-767
-596
-989
-1531
-1662
-1047
-42
477
433
170
65
670
1588
2205
2315
2068
2017
2444
3182
3808
3894
3561
3322
3431
3874
4195
3960
3424
2831
2539
2602
2612
2366
1816
1126
625
283
-47
-423
-897
-1359
-1744
-2051
-2464
-2744
-3053
-3189
-2718
-2274
-2073
-2501
-3249
-3294
-2386
-1395
-1267
-1947
-2889
-2781
-1516
-140
307
-510
-1678
-1959
-708
899
1656
1158
-197
-1110
-1005
-163
721
810
-109
-1362
-2069
-1700
-728
-176
-483
-1532
-2506
-2530
-1698
-713
-387
-1073
-2018
-2268
-1417
20
934
857
193
-125
556
1810
2687
2804
2341
2027
2404
3241
4012
4214
3895
3528
3480
3880
4289
4250
3888
3419
2980
2910
2872
2588
2182
1572
996
653
355
-118
-628
-1232
-1731
-1952
-2147
-2379
-2686
-3175
-3344
-2908
-2427
-2148
-2518
-3310
-3411
-2597
-1639
-1335
-1865
-2694
-2652
-1610
-508
-76
-597
-1518
-1714
-795
481
1272
932
-167
-836
-813
-324
330
396
-213
-1130
-1847
-1747
-1005
-470
-681
-1346
-1950
-2132
-1704
-1027
-703
-989
-1611
-1836
-1233
-117
661
722
431
244
583
1453
2352
2702
2504
2253
2445
3138
3855
4167
4016
3700
3544
3730
4060
4149
3868
3342
2972
2893
2877
2710
2400
1884
1280
794
414
87
-322
-801
-1279
-1715
-2131
-2474
-2735
-2594
-2296
-2119
-2090
-2592
-3190
-2999
-2248
-1602
-1626
-2459
-3163
-2778
-1595
-630
-565
-1387
-2289
-2158
-929
335
801
44
-1272
-1803
-1352
-545
-15
-342
-1235
-2029
-2161
-1570
-877
-633
-1090
-1887
-2168
-1859
-1287
-735
-681
-1114
-1515
-1359
-605
358
913
786
482
639
1264
2150
2862
2929
2603
2461
2800
3583
4299
4362
3914
3488
3518
3923
4267
4192
3657
2994
2600
2664
2822
2705
2263
1564
884
530
400
211
-150
-755
-1398
-1856
-2067
-2229
-2451
-2621
-2652
-2555
-2234
-2126
-2576
-2780
-2482
-1867
-1371
-1637
-2371
-2642
-1957
-950
-370
-613
-1494
-1992
-1406
-211
683
626
-396
-1284
-1367
-834
-245
-182
-740
-1601
-2208
-2113
-1542
-1122
-1181
-1799
-2316
-2269
-1937
-1447
-1078
-1144
-1456
-1533
-1207
-527
187
572
585
559
844
1389
2098
2612
2713
2639
2727
3139
3671
4021
4044
3828
3645
3756
3976
4094
3981
3550
3049
2779
2741
2699
2462
2098
1616
1111
818
498
125
-195
-569
-961
-1343
-1818
-2200
-2344
-2314
-2135
-2088
-2152
-2308
-2584
-2484
-1972
-1478
-1425
-1895
-2468
-2368
-1514
-666
-446
-988
-1717
-1888
-1134
-2
567
153
-861
-1525
-1319
-675
-303
-488
-1274
-2116
-2387
-2070
-1456
-1214
-1678
-2321
-2568
-2259
-1664
-1290
-1275
-1509
-1805
-1640
-1028
-258
347
496
454
565
1070
1803
2416
2715
2616
2426
2674
3263
3880
4220
3967
3504
3368
3636
4007
4096
3757
3111
2599
2528
2667
2653
2358
1777
1184
831
690
493
171
-205
-706
-1214
-1492
-1587
-1681
-1634
-1618
-1661
-1547
-1613
-2001
-2054
-1662
-1239
-1011
-1355
-2016
-2172
-1566
-714
-294
-572
-1400
-1839
-1326
-381
271
118
-822
-1621
-1678
-1244
-755
-777
-1337
-2145
-2661
-2486
-1957
-1583
-1751
-2410
-2872
-2777
-2351
-1797
-1517
-1663
-1958
-1981
-1448
-643
51
386
324
365
757
1400
2149
2619
2670
2563
2695
3192
3770
4128
4166
3903
3761
3851
3967
4105
3974
3538
3065
2802
2694
2594
2382
1983
1528
1045
736
478
264
-37
-447
-845
-1254
-1530
-1636
-1789
-2022
-1993
-1938
-1743
-1615
-1895
-2156
-1997
-1371
-989
-1117
-1655
-2108
-1687
-758
-144
-262
-967
-1670
-1487
-508
400
545
-211
-1169
-1604
-1285
-673
-359
-757
-1657
-2404
-2501
-1932
-1291
-1298
-1959
-2617
-2814
-2390
-1548
-1095
-1318
-1850
-2126
-1642
-579
310
432
101
-67
405
1435
2289
2485
2227
1952
2199
3012
3749
3934
3606
3145
3037
3362
3753
3824
3462
2875
2436
2317
2485
2531
2235
1717
1131
749
621
560
318
-145
-585
-959
-1127
-1125
-1276
-1422
-1352
-1178
-1131
-1169
-1518
-1642
-1345
-886
-643
-1024
-1573
-1777
-1245
-387
-28
-469
-1212
-1469
-958
-103
312
-87
-1021
-1659
-1567
-1074
-686
-967
-1726
-2365
-2524
-2235
-1834
-1704
-1985
-2436
-2641
-2446
-2082
-1701
-1595
-1706
-1698
-1533
-1166
-635
-97
272
462
632
864
1302
1946
2447
2685
2661
2553
2740
3233
3731
3918
3632
3223
2994
3093
3397
3472
3171
2589
2002
1764
1846
1947
1789
1221
500
-20
-162
-19
-31
-417
-1019
-1559
-1693
-1451
-1266
-1342
-1578
-1707
-1548
-1278
-1130
-1222
-1249
-1049
-768
-667
-862
-1149
-1053
-523
-31
107
-274
-754
-760
-282
261
399
-42
-744
-1179
-1131
-790
-612
-840
-1425
-2031
-2224
-1982
-1615
-1502
-1817
-2357
-2626
-2405
-1856
-1442
-1407
-1641
-1831
-1509
-853
-197
206
246
217
479
1062
1689
2147
2255
2176
2235
2548
3009
3337
3377
3148
2953
2925
3051
3176
3046
2705
2325
2058
1964
1979
1835
1528
1087
631
352
159
-5
-266
-612
-933
-1192
-1335
-1399
-1351
-1209
-1017
-1006
-1172
-1389
-1410
-1019
-573
-400
-718
-1249
-1401
-932
-143
252
-30
-720
-1144
-826
-70
404
164
-639
-1402
-1499
-1082
-669
-730
-1331
-2011
-2305
-2059
-1657
-1476
-1722
-2179
-2461
-2328
-1924
-1573
-1451
-1550
-1581
-1399
-955
-451
-61
243
423
639
941
1293
1731
2123
2358
2459
2494
2631
2924
3219
3370
3282
3054
2911
2886
2911
2883
2662
2326
1983
1735
1604
1460
1268
921
485
108
-165
-321
-467
-720
-1049
-1343
-1534
-1521
-1460
-1393
-1389
-1438
-1475
-1434
-1335
-1157
-964
-889
-908
-1053
-1094
-919
-591
-256
-207
-391
-616
-624
-327
42
176
-62
-511
-889
-922
-760
-609
-719
-1130
-1554
-1781
-1668
-1407
-1253
-1363
-1664
-1891
-1852
-1588
-1265
-1083
-1109
-1155
-1060
-730
-223
251
560
652
708
936
1344
1875
2233
2303
2214
2184
2411
2809
3116
3102
2806
2476
2361
2481
2623
2549
2143
1664
1348
1297
1410
1364
1047
566
139
-62
-114
-202
-449
-829
-1168
-1373
-1412
-1389
-1355
-1351
-1349
-1330
-1339
-1251
-1177
-1019
-870
-822
-887
-1000
-988
-825
-515
-337
-375
-547
-681
-585
-321
-93
-173
-465
-841
-1042
-957
-828
-847
-1115
-1472
-1734
-1684
-1477
-1328
-1338
-1545
-1694
-1657
-1426
-1170
-1006
-934
-890
-716
-406
-23
363
685
923
1144
1389
1679
2016
2269
2403
2434
2440
2548
2753
2918
2940
2751
2496
2363
2373
2458
2406
2113
1674
1309
1134
1140
1094
836
415
-76
-353
-454
-442
-496
-756
-1074
-1356
-1423
-1284
-1072
-1034
-1112
-1333
-1428
-1256
-1036
-790
-817
-1003
-1169
-1186
-950
-716
-565
-623
-796
-898
-814
-648
-448
-431
-655
-862
-1094
-1115
-1035
-1042
-1116
-1342
-1534
-1581
-1533
-1411
-1354
-1410
-1434
-1471
-1386
-1215
-1067
-873
-733
-582
-370
-148
140
463
754
1070
1318
1550
1813
2053
2336
2554
2656
2705
2677
2713
2826
2917
2913
2751
2480
2275
2194
2200
2182
1941
1541
1119
856
848
863
733
338
-223
-575
-652
-527
-455
-769
-1234
-1588
-1594
-1172
-895
-912
-1246
-1607
-1497
-1149
-781
-767
-1108
-1415
-1454
-1139
-828
-745
-912
-1132
-1153
-978
-767
-712
-797
-993
-1114
-1128
-1139
-1127
-1203
-1313
-1383
-1425
-1418
-1362
-1328
-1309
-1272
-1247
-1172
-1080
-990
-870
-746
-553
-333
-113
100
260
491
778
1123
1468
1653
1794
1918
2122
2446
2669
2762
2674
2537
2558
2676
2805
2760
2488
2186
1992
1990
2064
1954
1628
1203
842
733
756
668
407
-63
-468
-628
-613
-530
-656
-935
-1199
-1305
-1126
-970
-946
-1037
-1224
-1225
-1097
-1040
-1038
-1116
-1173
-1080
-998
-1028
-1084
-1136
-1050
-886
-856
-972
-1152
-1196
-1081
-946
-941
-1166
-1379
-1437
-1341
-1158
-1149
-1296
-1431
-1468
-1317
-1110
-1014
-1018
-1049
-1005
-833
-602
-396
-242
-93
78
303
563
804
1052
1291
1486
1683
1836
1974
2129
2255
2361
2414
2422
2433
2429
2438
2408
2315
2212
2066
1949
1869
1733
1583
1368
1079
894
794
686
544
247
-135
-363
-391
-322
-361
-606
-960
-1176
-1039
-791
-732
-879
-1213
-1400
-1191
-942
-890
-1042
-1330
-1431
-1247
-1052
-1048
-1213
-1374
-1370
-1191
-1018
-1075
-1223
-1301
-1281
-1096
-975
-1041
-1140
-1246
-1212
-1052
-945
-891
-964
-1051
-1006
-888
-691
-540
-512
-534
-538
-386
-143
134
354
366
381
522
751
1131
1436
1490
1441
1451
1605
1874
2125
2156
1972
1854
1879
2003
2161
2119
1880
1660
1561
1576
1608
1550
1332
1054
907
853
825
760
531
233
40
-39
-68
-129
-304
-537
-682
-691
-662
-689
-800
-959
-1037
-992
-963
-1009
-1113
-1243
-1276
-1193
-1145
-1185
-1283
-1368
-1352
-1227
-1102
-1109
-1202
-1272
-1285
-1186
-1047
-1016
-1078
-1157
-1214
-1174
-1048
-934
-888
-888
-921
-910
-783
-601
-449
-339
-307
-305
-208
-2
250
473
602
633
684
854
1104
1342
1489
1511
1497
1560
1701
1851
1929
1890
1808
1765
1791
1841
1835
1741
1596
1469
1412
1405
1368
1247
1057
869
757
722
677
545
335
117
-40
-101
-133
-227
-385
-561
-698
-763
-787
-824
-896
-985
-1080
-1172
-1245
-1286
-1287
-1276
-1312
-1413
-1516
-1549
-1464
-1323
-1244
-1280
-1375
-1417
-1322
-1143
-998
-967
-1028
-1074
-1017
-863
-694
-611
-611
-635
-608
-482
-316
-190
-135
-130
-105
-11
148
318
433
489
532
620
770
936
1059
1106
1103
1121
1201
1321
1419
1440
1391
1330
1313
1358
1428
1459
1411
1303
1195
1143
1161
1208
1194
1083
914
772
724
748
752
650
445
241
130
130
143
67
-118
-337
-486
-515
-492
-520
-648
-843
-1000
-1061
-1044
-1021
-1067
-1170
-1287
-1362
-1355
-1316
-1273
-1252
-1273
-1302
-1316
-1292
-1219
-1119
-1027
-989
-1002
-1007
-970
-857
-702
-590
-555
-583
-599
-528
-379
-211
-104
-89
-110
-90
25
205
361
437
440
446
524
678
848
960
990
984
1020
1122
1253
1347
1364
1330
1304
1334
1398
1438
1421
1341
1252
1207
1195
1188
1148
1056
940
833
758
711
663
593
473
325
194
98
43
-7
-92
-235
-412
-558
-640
-660
-683
-777
-939
-1116
-1226
-1218
-1155
-1132
-1209
-1356
-1468
-1463
-1333
-1176
-1119
-1175
-1270
-1292
-1171
-967
-794
-736
-786
-845
-819
-665
-449
-291
-257
-324
-388
-336
-163
42
156
139
49
14
118
309
467
505
450
401
440
570
713
793
793
757
752
818
919
1000
1034
1016
987
980
1010
1074
1131
1140
1083
999
943
952
1017
1049
990
853
707
650
679
716
660
481
268
135
116
138
78
-97
-319
-481
-531
-530
-566
-699
-874
-1010
-1068
-1061
-1073
-1136
-1218
-1283
-1296
-1280
-1264
-1246
-1228
-1197
-1154
-1114
-1068
-1011
-930
-827
-738
-677
-636
-584
-493
-379
-269
-206
-182
-155
-100
1
118
198
232
220
225
288
392
495
542
532
511
530
613
719
790
794
745
719
756
841
920
930
876
816
804
851
909
922
875
798
742
726
742
758
742
683
595
515
478
490
514
477
358
210
110
102
133
103
-40
-244
-400
-439
-410
-423
-548
-749
-918
-975
-935
-895
-938
-1057
-1176
-1216
-1171
-1097
-1048
-1042
-1058
-1061
-1024
-951
-858
-767
-703
-670
-651
-604
-507
-385
-282
-230
-226
-214
-141
-15
101
159
165
166
208
296
395
464
483
479
490
540
616
681
714
712
695
692
714
749
784
799
770
716
676
681
715
732
706
648
591
562
565
586
590
553
477
407
377
390
407
382
312
212
125
86
91
94
38
-85
-229
-322
-345
-351
-395
-497
-617
-716
-777
-789
-788
-809
-853
-906
-937
-947
-937
-892
-833
-793
-777
-792
-781
-712
-606
-497
-447
-452
-455
-414
-317
-200
-127
-113
-128
-117
-51
38
108
139
156
177
213
263
316
365
407
431
445
454
476
511
543
570
570
550
539
537
557
576
562
536
507
492
494
490
477
451
413
387
374
364
349
313
277
247
221
203
170
128
88
48
12
-31
-77
-118
-159
-199
-242
-291
-338
-371
-385
-406
-449
-495
-532
-528
-506
-500
-514
-549
-564
-539
-491
-441
-419
-428
-432
-413
-358
-281
-227
-208
-209
-205
-170
-107
-46
-8
0
-5
0
27
74
119
144
147
134
128
151
193
232
242
221
201
205
236
275
290
273
251
246
263
286
295
286
274
268
273
273
267
265
263
258
248
227
211
195
180
171
155
129
105
80
58
38
17
-14
-53
-86
-112
-132
-154
-179
-204
-228
-247
-262
-275
-288
-300
-301
-302
-307
-306
-305
-293
-270
-250
-235
-222
-211
-196
-174
-141
-108
-84
-72
-67
-57
-33
0
31
48
48
37
36
56
87
112
116
99
91
100
119
141
146
133
112
99
109
133
151
148
128
112
112
124
142
147
135
120
111
116
130
140
135
117
94
84
82
93
97
83
62
43
35
40
39
25
2
-16
-25
-33
-45
-60
-71
-79
-85
-100
-125
-151
-166
-163
-158
-169
-194
-218
-229
-215
-192
-180
-187
-203
-206
-184
-145
-112
-95
-94
-93
-74
-41
-1
24
31
33
42
60
86
110
116
112
104
104
112
122
128
123
114
105
98
100
101
101
94
85
76
76
82
86
90
87
78
73
73
79
87
90
87
78
70
68
74
80
79
71
55
45
46
59
69
61
29
-5
-17
-5
13
11
-21
-70
-105
-109
-90
-78
-101
-147
-191
-204
-186
-169
-174
-207
-242
-256
-240
-215
-199
-199
-206
-205
-188
-158
-123
-97
-82
-77
-68
-44
-5
35
54
55
57
70
101
138
156
153
144
145
160
179
189
183
165
149
151
164
167
156
132
118
117
120
121
103
80
69
73
84
87
69
45
34
43
65
74
64
44
37
48
65
74
66
47
35
36
43
44
33
15
3
-1
-7
-20
-45
-71
-87
-94
-101
-120
-147
-175
-191
-193
-197
-213
-243
-273
-285
-279
-262
-254
-266
-284
-286
-263
-227
-195
-176
-170
-163
-143
-100
-48
-11
5
12
28
62
103
137
149
146
144
161
190
214
219
206
192
189
202
216
211
196
177
165
171
175
172
156
134
118
115
120
121
111
94
78
70
69
69
61
49
42
45
50
51
43
32
24
26
34
32
16
0
-10
-11
-7
-14
-39
-71
-93
-98
-97
-107
-140
-177
-200
-201
-196
-205
-228
-256
-274
-268
-256
-251
-258
-262
-256
-236
-211
-187
-172
-157
-137
-115
-86
-56
-31
-10
12
33
54
76
100
119
128
131
134
143
165
184
189
178
169
174
195
211
204
182
163
161
175
184
176
155
130
122
128
129
117
95
76
72
77
82
74
56
44
42
53
58
53
43
35
37
47
51
45
31
18
11
8
4
-9
-32
-57
-76
-86
-94
-117
-149
-180
-205
-217
-222
-235
-259
-287
-304
-303
-291
-281
-285
-292
-293
-275
-240
-206
-185
-171
-155
-124
-79
-30
4
22
36
62
98
133
158
167
172
180
193
212
218
211
202
197
200
206
202
187
166
151
147
146
140
125
107
94
90
88
83
71
56
48
46
45
44
38
31
30
32
36
42
40
35
33
36
42
46
42
35
26
20
16
8
-2
-21
-42
-60
-69
-78
-92
-115
-140
-160
-171
-175
-183
-201
-222
-235
-236
-232
-225
-228
-229
-225
-214
-190
-166
-150
-138
-124
-99
-66
-33
-7
7
20
38
65
92
109
117
117
126
139
150
158
153
144
138
138
145
142
129
115
104
106
110
107
94
78
69
69
75
75
65
53
46
48
54
57
51
39
33
34
39
46
45
39
33
30
31
35
34
26
13
4
2
3
-5
-18
-39
-55
-63
-69
-74
-88
-106
-123
-133
-136
-137
-145
-154
-164
-165
-160
-155
-151
-151
-151
-142
-127
-110
-94
-83
-75
-63
-44
-23
-7
4
11
22
36
52
65
73
76
79
88
96
102
104
103
100
100
104
101
97
91
85
84
83
81
74
69
66
63
59
52
43
40
40
41
39
34
26
20
19
21
22
21
19
20
24
28
27
25
24
23
18
14
11
9
6
0
-9
-19
-28
-35
-42
-51
-64
-79
-91
-94
-93
-97
-106
-119
-127
-127
-120
-114
-115
-121
-122
-111
-92
-79
-76
-73
-67
-52
-31
-15
-7
-2
3
15
30
44
49
51
55
60
67
72
69
66
67
70
74
77
76
72
70
65
60
56
51
49
48
48
46
41
36
33
31
27
24
19
18
18
18
18
17
18
17
16
14
12
9
9
10
9
7
4
0
-3
-6
-10
-14
-19
-22
-26
-30
-35
-41
-46
-52
-54
-55
-54
-56
-60
-63
-63
-63
-61
-59
-56
-53
-49
-43
-37
-37
-35
-30
-24
-17
-8
-1
2
5
11
16
17
18
19
22
26
29
31
32
33
35
36
37
36
33
32
32
33
33
31
27
23
19
15
15
14
12
11
8
9
7
5
5
5
5
5
6
10
12
14
14
15
15
16
18
20
21
21
19
18
16
12
9
6
3
0
-4
-8
-11
-14
-21
-25
-29
-31
-33
-34
-36
-39
-39
-40
-40
-40
-41
-37
-37
-33
-30
-28
-25
-22
