-11
-24
-21
-17
-21
-27
-28
-20
-29
-30
-31
-29
-21
-34
-32
-23
-30
-31
-28
-20
-26
-23
-18
-19
-22
-28
-10
-6
-17
-8
1
6
-8
-9
9
3
0
6
15
16
10
17
23
20
16
24
29
27
27
33
35
32
36
36
33
36
30
29
34
35
35
35
32
25
22
22
20
17
12
10
5
0
-2
-11
-21
-26
-31
-35
-43
-46
-44
-51
-53
-51
-54
-54
-54
-51
-46
-40
-35
-29
-22
-16
-14
-8
-2
9
18
25
28
32
39
38
36
41
44
40
41
42
40
40
34
31
32
29
25
23
23
17
18
17
10
2
-3
-12
-15
-16
-25
-18
-11
-13
-17
-23
-22
-22
-32
-36
-28
-31
-37
-37
-17
-23
-36
-39
-22
-32
-49
-31
-16
-27
-50
-15
-6
-25
-36
-16
12
-20
-9
22
5
14
12
12
37
10
25
43
33
42
33
45
50
48
54
72
97
90
90
110
104
98
105
125
129
117
150
161
135
122
126
131
97
74
86
72
49
38
25
0
-48
-78
-116
-153
-182
-200
-215
-245
-263
-282
-298
-302
-324
-333
-302
-280
-254
-231
-202
-162
-149
-126
-69
-41
-17
42
104
156
154
191
234
234
201
237
264
241
271
244
300
240
194
234
149
171
117
113
143
63
85
53
10
1
-31
-27
-38
-52
-26
-52
-54
-50
-86
-70
-94
-110
-103
-113
-121
-123
-144
-119
-147
-174
-127
-164
-138
-173
-168
-88
-165
-149
-104
-87
-97
-131
-34
-39
-80
-51
-1
36
-38
16
86
49
28
47
112
70
38
112
125
87
77
126
131
66
93
148
119
102
135
151
128
111
145
165
114
129
160
143
158
144
132
129
104
96
78
61
30
-5
-30
-53
-109
-167
-173
-236
-304
-313
-343
-367
-415
-437
-409
-433
-440
-398
-389
-389
-334
-253
-215
-203
-127
-36
5
21
83
179
201
191
241
357
323
306
414
360
401
392
328
446
377
273
364
409
227
245
314
172
198
139
155
137
12
110
103
-38
-46
126
-59
-183
42
-68
-142
-210
-180
-24
-316
-406
-109
-192
-517
-426
-174
-340
-619
-408
-230
-452
-548
-368
-225
-416
-500
-233
-203
-404
-274
-105
-200
-183
-96
-79
-86
-85
-24
26
19
47
169
124
90
306
248
169
334
366
351
367
474
549
489
607
664
560
601
599
497
515
642
640
617
686
713
579
402
415
334
154
236
281
138
13
-108
-266
-529
-762
-779
-799
-905
-885
-858
-975
-1092
-1128
-1153
-1181
-1136
-879
-665
-695
-474
-274
-498
-406
-71
-31
-154
37
596
467
145
485
621
495
309
472
898
577
400
834
800
360
278
634
535
231
333
442
475
228
143
391
132
76
315
115
214
240
61
127
62
0
-229
-101
75
-333
-244
-169
-271
-369
-519
-341
-410
-517
-448
-428
-404
-595
-548
-311
-595
-555
-288
-380
-321
-335
-310
-176
-264
-208
-127
-76
27
-47
63
65
79
197
61
244
302
153
333
309
289
320
296
436
429
430
438
474
499
374
403
493
529
478
484
608
504
352
421
348
222
266
255
215
142
25
-93
-272
-408
-499
-608
-657
-681
-732
-783
-853
-959
-950
-962
-1006
-885
-735
-638
-619
-635
-470
-342
-527
-373
-196
-40
-29
-56
220
299
108
127
442
473
342
419
871
497
539
641
604
784
314
765
807
548
684
615
753
412
529
749
318
719
481
382
589
209
359
198
136
101
125
-45
-229
40
-444
-463
-332
-596
-503
-586
-557
-631
-657
-743
-722
-631
-831
-532
-613
-665
-411
-638
-575
-519
-433
-450
-457
-123
-238
-353
-269
-110
-152
-412
79
117
-185
157
130
106
6
87
326
185
303
507
564
392
349
580
420
288
597
685
659
722
802
826
615
550
612
577
550
578
613
491
335
149
-73
-199
-342
-379
-397
-453
-435
-533
-679
-686
-770
-851
-678
-612
-622
-587
-335
-427
-628
-367
-424
-386
-347
-139
-38
-160
33
19
132
10
-24
532
262
71
638
482
150
371
544
373
308
448
584
478
357
276
578
472
74
666
523
308
455
323
368
133
165
299
46
123
150
-122
-124
-221
-411
-529
-419
-550
-644
-474
-661
-613
-662
-809
-574
-754
-891
-488
-590
-823
-536
-350
-644
-570
-247
-333
-336
-331
-84
-10
-313
-91
274
20
-137
410
372
35
259
500
516
248
653
1069
606
712
1043
844
610
713
914
756
802
949
974
959
768
741
721
607
545
572
622
524
365
155
-33
-269
-562
-589
-643
-760
-786
-835
-925
-1049
-1180
-1277
-1123
-1115
-1244
-968
-707
-994
-1006
-684
-755
-778
-689
-300
-176
-390
-127
12
79
-162
-86
519
225
148
510
633
371
256
660
421
555
535
755
1012
556
850
818
929
526
674
945
745
976
509
862
928
359
520
533
452
527
153
297
351
-74
-357
-166
-112
-773
-505
-459
-515
-705
-1066
-592
-842
-1131
-1033
-651
-911
-1179
-585
-914
-1098
-883
-758
-800
-977
-654
-477
-575
-673
-449
-183
-505
-339
31
23
19
90
378
300
186
496
647
675
715
752
764
797
875
758
915
1086
1052
1062
1081
1278
1057
815
924
879
784
884
971
674
374
254
29
-175
-259
-287
-395
-556
-593
-568
-849
-1003
-820
-1183
-1144
-741
-720
-693
-789
-715
-652
-740
-674
-271
-232
-548
-212
101
-231
-253
15
2
-243
-175
300
202
45
58
189
83
-71
292
483
191
196
542
417
297
392
482
317
361
600
692
435
277
754
235
-90
775
238
146
337
42
249
-170
-9
-142
-202
-396
-288
128
-641
-405
-232
-873
-569
-385
-604
-542
-444
-317
-915
-531
-238
-646
-364
-426
54
-362
-467
328
-324
-449
-76
326
-19
-350
503
341
-78
-164
398
764
-88
443
1041
323
286
501
770
631
267
729
999
696
581
820
728
400
377
506
624
522
506
415
42
-145
-397
-363
-282
-486
-556
-528
-456
-744
-872
-928
-1119
-873
-725
-619
-682
-285
-264
-948
-576
-523
-306
-102
-240
307
41
-103
-16
120
81
-193
337
443
175
68
506
414
-38
33
222
594
354
85
615
577
84
185
501
754
99
145
918
679
-40
196
1134
389
-274
591
639
233
-143
-33
594
30
-646
156
537
-820
-795
-42
-109
-619
-1043
-284
303
-984
-1271
68
-265
-1102
-756
-42
-317
-611
-670
-25
71
-1247
-526
430
-511
-693
24
97
-270
-404
-239
42
-107
-287
309
446
84
310
486
270
129
475
748
578
774
854
737
725
555
499
591
562
582
677
625
419
127
4
-117
-274
-180
-80
-175
-241
-466
-531
-443
-811
-707
-363
-547
-384
-192
-334
-303
-339
-240
-174
-230
307
417
-66
163
464
214
303
264
469
655
28
319
690
380
-6
173
653
-63
-167
175
287
105
-623
-200
421
-61
-646
-119
362
-216
-815
256
564
-507
-374
237
395
-384
-429
486
217
-643
-379
429
155
-690
-364
240
-346
-814
-172
-13
-390
-672
-290
-109
-677
-501
-439
-261
-195
-752
-120
272
-784
-478
29
-211
-306
36
380
100
-50
-125
360
295
-361
408
919
270
408
932
612
83
151
497
773
620
730
1103
807
399
500
713
564
380
591
709
486
391
429
180
-227
-388
-405
-335
-375
-576
-625
-672
-968
-1005
-731
-716
-920
-822
-533
-687
-818
-359
-99
-298
-361
98
397
72
76
489
455
321
353
560
1064
520
75
586
624
446
360
540
511
320
135
163
365
48
78
-47
-116
-56
-416
-338
-8
-122
-494
-207
-171
-36
-193
-921
-104
203
-626
-160
413
-534
-616
81
-105
-372
-355
-169
-216
-649
-674
142
-196
-797
-302
-138
-318
-491
-41
101
-197
-373
-453
388
171
-436
-44
-117
28
-15
161
664
-40
-142
436
581
653
761
967
596
213
278
407
645
585
624
792
626
618
563
410
265
129
302
643
623
284
29
-426
-808
-785
-526
-277
-445
-821
-958
-954
-1230
-1154
-740
-772
-797
-739
-530
-515
-666
-341
-45
9
186
485
687
488
451
780
795
847
1065
1377
1174
612
857
1104
741
712
1279
988
152
292
460
421
83
-223
196
159
-429
-610
-113
-301
-989
-634
-542
-694
-613
-854
-1031
-1078
-749
-710
-626
-345
-622
-1033
-1038
-453
-225
-632
-703
-220
-113
-841
-965
16
-94
-761
-448
383
366
-417
-395
-54
283
72
-197
430
818
214
-330
169
722
272
-139
715
1339
741
644
1337
1194
370
129
996
1516
865
853
1014
689
556
550
841
767
288
185
402
589
558
364
22
-533
-1048
-1053
-698
-616
-899
-1197
-1377
-1672
-1719
-1423
-1320
-1333
-1513
-1294
-890
-1134
-1143
-626
-388
-339
70
634
737
512
556
769
1023
1469
1570
1485
1521
1183
1027
1358
1653
1562
1325
1175
1042
933
728
826
849
408
200
141
-28
-433
-555
-102
-488
-926
-489
-593
-1242
-1217
-994
-927
-955
-1307
-856
-682
-1445
-1562
-1021
-584
-801
-1074
-758
-687
-1051
-1381
-531
169
-742
-955
-305
65
-540
-869
185
729
-30
-357
260
378
207
171
587
1066
466
95
539
910
1181
1274
1652
1824
1036
328
818
1634
1351
842
1042
1182
786
574
809
802
209
-23
539
835
564
240
-76
-914
-1564
-1246
-673
-680
-1186
-1425
-1690
-2082
-1958
-1396
-1179
-1457
-1592
-1409
-1189
-1262
-1152
-725
-472
-254
109
651
786
513
630
1084
1629
2012
2092
1812
1422
1363
1565
1953
2206
1990
1622
1241
1012
1112
1151
968
791
609
271
181
33
-540
-750
-668
-438
-291
-666
-1170
-1649
-1913
-1503
-793
-706
-1303
-2136
-1946
-1475
-1582
-998
-483
-966
-1710
-1329
-808
-1021
-1015
-964
-403
-201
-807
-611
-548
-940
-391
725
614
-154
-94
-538
-510
614
1013
1076
722
114
74
410
1125
1923
2213
1844
1206
636
700
1442
1858
1639
1316
1218
960
701
1030
1148
701
394
637
853
379
120
151
-207
-722
-942
-696
-717
-1291
-1755
-1731
-1632
-1732
-1467
-1223
-1479
-1787
-1846
-1530
-1197
-1036
-873
-597
-329
-331
-145
354
607
645
989
1554
1584
1419
1539
1528
1601
1856
2147
2256
1966
1803
1644
1340
1253
1328
1333
1009
648
455
282
-46
-372
-324
-313
-544
-948
-1326
-1509
-1711
-1673
-1443
-1146
-1297
-1936
-2031
-1971
-1805
-1526
-1367
-970
-1155
-1833
-1791
-933
-663
-1031
-726
-420
-453
-534
-483
-30
-50
-269
197
544
231
-52
123
211
383
1056
1180
636
417
494
689
1376
2219
2339
1553
532
353
1224
1988
2029
1656
946
526
860
1416
1660
1243
340
-268
50
831
931
416
-223
-1112
-1728
-1519
-865
-593
-1268
-2160
-2284
-1948
-1769
-1803
-1751
-1561
-1625
-1580
-1218
-1136
-1206
-1180
-697
256
662
332
-11
74
547
1269
2064
2246
1582
944
1015
1650
2470
2848
2489
1919
1525
1482
1743
1952
1913
1587
1190
935
703
399
124
-90
-173
-71
-60
-486
-1208
-1684
-1698
-1447
-1197
-1274
-1759
-2295
-2530
-2275
-1679
-1290
-1367
-1807
-2319
-2377
-1826
-1217
-877
-836
-1159
-1272
-878
-492
-319
-353
-408
-163
163
409
575
357
-41
-67
494
1053
967
719
661
901
1590
2296
2257
1295
526
734
1575
2227
1998
1299
767
692
1122
1579
1568
854
-102
-357
377
1157
1010
162
-806
-1633
-1929
-1304
-471
-667
-1647
-2324
-2377
-2169
-1919
-1604
-1441
-1528
-1565
-1396
-1287
-1317
-1160
-616
198
771
728
348
154
519
1402
2353
2772
2408
1666
1314
1797
2687
3199
3006
2371
1818
1614
1750
2025
2117
1834
1317
849
505
307
247
149
-99
-340
-595
-1009
-1426
-1612
-1600
-1646
-1757
-1839
-2097
-2507
-2633
-2348
-2092
-2185
-2406
-2437
-2314
-2203
-2032
-1700
-1493
-1615
-1661
-1368
-1062
-911
-827
-680
-514
-433
-222
186
459
370
223
386
726
930
930
1022
1272
1461
1774
2271
2395
1725
923
1079
2135
2903
2559
1625
1058
1091
1548
2055
2150
1563
534
11
470
1136
1148
576
-164
-903
-1519
-1614
-1102
-845
-1380
-2051
-2258
-2159
-2215
-2375
-2145
-1697
-1634
-1844
-1888
-1739
-1512
-1098
-315
381
291
-157
-100
506
1324
1980
2168
1947
1544
1377
1803
2522
2932
2812
2343
1941
1849
1894
1965
2046
1940
1597
1168
792
580
484
386
229
-113
-629
-1040
-1189
-1173
-1230
-1496
-1848
-2201
-2464
-2452
-2271
-2236
-2389
-2532
-2533
-2456
-2359
-2164
-1939
-1857
-1876
-1873
-1720
-1287
-783
-553
-564
-586
-495
-294
-35
285
596
755
820
894
905
952
1232
1680
2145
2501
2398
1697
1118
1447
2376
2830
2308
1473
1117
1267
1615
1963
2004
1396
463
125
559
877
541
-72
-635
-1277
-1844
-1789
-1316
-1339
-1992
-2522
-2581
-2551
-2677
-2600
-2120
-1786
-2024
-2434
-2419
-1936
-1314
-659
-26
196
-111
-272
341
1398
2136
2357
2354
2278
2154
2225
2741
3414
3650
3328
2867
2612
2537
2586
2800
2951
2600
1816
1182
957
888
777
672
419
-204
-916
-1287
-1375
-1471
-1656
-1862
-2174
-2664
-3026
-3007
-2822
-2797
-2968
-3120
-3141
-3131
-3013
-2620
-2191
-2045
-2087
-2013
-1734
-1411
-1127
-869
-750
-743
-578
-153
306
515
437
390
598
1015
1433
1747
2100
2364
2150
1594
1392
1939
2664
2684
2037
1441
1330
1652
2009
2070
1721
996
439
575
1017
1095
678
103
-469
-1187
-1734
-1575
-1093
-1098
-1679
-2309
-2596
-2700
-2688
-2252
-1658
-1584
-2049
-2438
-2241
-1598
-955
-410
-76
-168
-383
-159
638
1553
2020
2110
2157
2160
2195
2503
3109
3674
3758
3462
3243
3159
3073
3069
3190
3219
2831
2091
1508
1276
1161
1051
885
468
-249
-994
-1369
-1392
-1538
-1945
-2371
-2774
-3207
-3548
-3620
-3471
-3424
-3616
-3825
-3929
-3919
-3712
-3353
-3033
-2898
-2838
-2587
-2182
-1806
-1473
-1161
-892
-631
-298
111
442
615
785
996
1154
1305
1563
1870
2078
2318
2798
3154
2814
2066
1922
2607
3110
2728
2092
1992
2212
2239
2115
1974
1520
784
535
1014
1372
955
183
-361
-865
-1522
-1806
-1447
-1213
-1772
-2612
-2951
-2918
-2953
-2848
-2353
-2005
-2361
-2964
-2960
-2309
-1587
-1027
-563
-386
-614
-734
-138
963
1762
1921
1815
1816
1944
2261
2874
3529
3751
3473
3157
3133
3256
3330
3385
3376
3089
2504
1949
1686
1595
1429
1102
620
30
-499
-794
-927
-1126
-1467
-1904
-2379
-2803
-3008
-2976
-3009
-3282
-3586
-3687
-3609
-3535
-3464
-3320
-3243
-3241
-3065
-2652
-2193
-1925
-1762
-1480
-1194
-970
-645
-258
71
273
430
723
1011
1222
1513
1832
2210
2722
3060
2875
2241
1916
2500
3283
3278
2571
1905
1767
1926
2036
2101
1866
1216
682
643
858
770
248
-261
-769
-1495
-1969
-1862
-1590
-1789
-2460
-2866
-2871
-2974
-3057
-2732
-2213
-2098
-2489
-2683
-2261
-1622
-1005
-370
42
-43
-348
-134
835
1841
2306
2394
2345
2251
2276
2666
3359
3781
3661
3416
3354
3356
3263
3180
3234
3122
2632
2063
1708
1524
1328
1052
710
215
-385
-829
-1055
-1279
-1661
-2108
-2433
-2678
-2966
-3218
-3341
-3404
-3520
-3689
-3780
-3733
-3604
-3415
-3217
-3056
-2867
-2625
-2328
-1986
-1657
-1377
-1190
-1048
-766
-302
161
436
510
544
765
1168
1584
1974
2398
2826
2933
2502
2030
2215
2940
3384
3062
2348
1867
1804
2035
2342
2277
1613
835
557
750
816
476
6
-547
-1386
-2185
-2360
-2033
-1915
-2341
-2878
-3154
-3347
-3442
-3146
-2571
-2245
-2375
-2570
-2427
-1990
-1365
-535
210
448
265
276
932
1927
2661
2961
2923
2708
2636
3010
3758
4339
4287
3828
3492
3453
3562
3634
3571
3271
2681
2036
1644
1481
1314
1027
626
95
-568
-1144
-1398
-1478
-1736
-2216
-2684
-3022
-3336
-3622
-3696
-3622
-3696
-3961
-4139
-4062
-3899
-3816
-3668
-3369
-3093
-2905
-2646
-2198
-1730
-1469
-1301
-999
-623
-282
43
361
598
682
808
1237
1747
2055
2333
2798
3200
3011
2345
2133
2787
3548
3578
2908
2191
1932
2101
2535
2909
2577
1514
593
479
899
1054
670
41
-835
-1888
-2445
-2163
-1694
-1899
-2734
-3381
-3604
-3732
-3631
-3078
-2499
-2479
-2925
-3113
-2750
-2187
-1479
-549
111
87
-224
25
1033
2066
2650
2946
2962
2709
2572
2987
3889
4490
4304
3780
3419
3329
3463
3639
3683
3369
2647
1987
1646
1414
1182
887
511
57
-571
-1144
-1393
-1516
-1722
-2054
-2463
-2802
-3119
-3375
-3399
-3340
-3416
-3640
-3874
-3878
-3671
-3446
-3208
-2978
-2804
-2622
-2371
-2007
-1640
-1422
-1217
-904
-577
-302
-91
119
378
601
854
1195
1496
1786
2217
2759
3060
2726
2113
2041
2635
3227
3202
2649
2135
1979
2121
2410
2486
2017
1202
615
632
962
1013
574
-289
-1385
-2250
-2412
-1986
-1710
-2128
-2933
-3492
-3625
-3481
-3170
-2818
-2659
-2788
-2905
-2671
-2161
-1591
-982
-346
132
280
300
628
1361
2190
2794
3029
2954
2776
2768
3132
3732
4157
4137
3740
3287
3054
3071
3229
3293
3002
2327
1517
945
795
796
637
216
-409
-989
-1342
-1458
-1465
-1648
-2044
-2414
-2701
-2922
-3058
-3096
-3041
-3070
-3245
-3278
-3092
-2885
-2753
-2643
-2418
-2133
-1953
-1737
-1394
-1107
-960
-865
-680
-375
-131
69
289
394
428
556
882
1388
1892
2311
2485
2067
1345
1175
1862
2761
2938
2322
1687
1393
1399
1729
2106
1973
1151
275
195
723
950
591
-148
-1151
-2115
-2495
-2061
-1510
-1794
-2698
-3290
-3333
-3118
-2808
-2431
-2167
-2282
-2498
-2291
-1779
-1331
-885
-263
402
763
784
881
1295
1945
2695
3274
3442
3238
2958
3002
3465
4030
4300
4023
3411
2942
2794
2863
2976
2934
2556
1776
922
497
479
432
121
-358
-823
-1244
-1606
-1806
-1936
-2185
-2477
-2640
-2692
-2798
-3012
-3162
-3155
-3086
-2979
-2830
-2737
-2747
-2762
-2570
-2125
-1696
-1486
-1414
-1313
-1151
-1014
-880
-590
-202
74
177
195
224
255
379
750
1217
1539
1737
1937
1966
1589
1148
1318
2058
2569
2373
1821
1438
1328
1467
1856
2147
1804
932
319
420
811
902
523
-267
-1320
-2121
-2089
-1438
-1115
-1640
-2531
-3053
-3022
-2654
-2160
-1786
-1787
-2062
-2172
-1877
-1371
-900
-463
11
443
758
1018
1316
1664
2031
2408
2761
2983
2992
2831
2674
2721
3023
3353
3405
3082
2563
2129
1960
2035
2116
1887
1267
540
78
-53
-96
-261
-548
-873
-1218
-1572
-1849
-1978
-2007
-2059
-2187
-2324
-2431
-2537
-2638
-2661
-2546
-2390
-2310
-2241
-2065
-1811
-1641
-1640
-1644
-1443
-1051
-696
-581
-720
-923
-905
-560
-94
134
-20
-259
-185
220
703
1112
1436
1643
1606
1305
993
1045
1524
2095
2330
2125
1751
1489
1419
1519
1709
1800
1634
1309
1043
885
740
544
257
-218
-839
-1313
-1416
-1342
-1449
-1755
-2017
-2161
-2277
-2326
-2173
-1894
-1718
-1667
-1557
-1317
-1041
-752
-387
3
302
560
859
1124
1261
1377
1625
1919
2084
2105
2088
2066
2011
1987
2064
2176
2161
1953
1648
1356
1119
962
901
882
783
534
162
-222
-452
-404
-229
-253
-532
-835
-1006
-1096
-1163
-1178
-1153
-1183
-1287
-1400
-1503
-1592
-1650
-1609
-1412
-1226
-1290
-1606
-1873
-1724
-1151
-649
-715
-1210
-1544
-1355
-881
-587
-454
-328
-422
-744
-787
-292
253
459
586
857
1072
1085
1079
1111
1115
1194
1403
1617
1670
1601
1605
1618
1474
1229
1053
980
892
802
840
920
723
157
-514
-1012
-1239
-1255
-1163
-1093
-1220
-1565
-1936
-2077
-1911
-1559
-1237
-1138
-1233
-1305
-1186
-904
-574
-246
23
235
498
809
1054
1185
1237
1272
1373
1636
1928
2014
1890
1736
1696
1748
1897
2037
1910
1459
996
909
1053
1060
898
741
587
275
4
-90
-86
-19
80
-52
-612
-994
-788
-399
-485
-999
-1343
-1457
-1436
-1529
-1757
-1876
-1708
-1383
-1473
-1747
-1814
-1677
-1579
-1517
-1156
-897
-893
-1079
-1412
-1719
-1647
-852
-121
31
-124
-223
-174
-195
39
481
951
1405
1731
1890
1555
1018
695
679
923
1304
1869
2193
1949
1356
832
630
574
634
786
820
619
262
-44
-459
-1040
-1420
-1372
-1077
-959
-1005
-1087
-1308
-1662
-1876
-1618
-1176
-879
-700
-582
-494
-499
-372
-30
401
782
991
1162
1122
921
879
1090
1416
1596
1791
1942
1892
1714
1556
1544
1311
975
965
1177
1404
1445
1277
755
27
-293
-188
47
107
271
578
141
-806
-1346
-1158
-887
-957
-920
-849
-802
-1064
-1544
-1749
-1788
-1536
-1428
-1428
-1224
-1219
-1414
-1664
-1479
-1399
-1786
-1636
-984
-470
-676
-983
-705
-651
-874
-873
-406
70
190
475
764
862
895
1134
1594
1662
1446
1377
1552
1665
1511
1434
1504
1619
1625
1553
1493
1265
878
396
61
97
466
811
581
-156
-961
-1533
-1877
-1969
-1652
-1231
-1082
-1238
-1441
-1586
-1795
-1877
-1657
-1273
-946
-680
-322
-33
82
169
326
498
563
635
867
1181
1425
1520
1535
1455
1236
1079
1168
1438
1609
1538
1344
1122
936
776
631
663
953
1207
912
158
-282
-97
170
-55
-486
-545
-227
84
-36
-634
-1307
-1439
-961
-635
-821
-980
-682
-518
-1108
-1812
-1830
-1326
-1048
-1177
-1182
-916
-555
-393
-637
-1192
-1597
-1261
-514
-89
-123
-148
102
143
-150
-261
196
958
1569
2007
2244
2153
1712
1167
764
561
669
1109
1675
1974
1811
1274
470
-380
-960
-985
-546
-28
218
-35
-786
-1823
-2755
-3251
-3226
-2804
-2219
-1682
-1360
-1280
-1373
-1630
-1975
-2144
-1845
-1091
-186
600
1192
1562
1605
1346
1092
1201
1689
2251
2690
3048
3298
3148
2489
1716
1328
1404
1670
1936
2133
2127
1773
1108
419
-21
-149
-81
33
144
181
18
-399
-877
-1122
-1076
-877
-637
-391
-296
-536
-989
-1300
-1318
-1261
-1253
-1121
-820
-621
-733
-1012
-1260
-1485
-1660
-1573
-1118
-593
-392
-589
-975
-1311
-1450
-1388
-1238
-1043
-704
-146
512
1064
1454
1743
1850
1638
1250
1098
1376
1752
1770
1447
1255
1431
1630
1432
840
170
-390
-854
-1145
-1106
-760
-477
-688
-1459
-2433
-3191
-3608
-3769
-3683
-3235
-2409
-1519
-998
-981
-1214
-1329
-1175
-800
-297
293
968
1702
2412
2959
3244
3272
3109
2854
2741
3008
3553
3936
3864
3439
2895
2286
1624
1045
683
526
461
419
323
87
-311
-820
-1307
-1632
-1706
-1579
-1396
-1218
-973
-663
-468
-550
-838
-1115
-1227
-1142
-882
-517
-166
34
-2
-241
-517
-691
-774
-854
-925
-893
-813
-860
-1062
-1223
-1209
-1146
-1201
-1330
-1391
-1371
-1313
-1128
-632
266
1439
2512
3020
2789
2153
1623
1364
1163
962
975
1336
1853
2228
2260
1762
668
-764
-1999
-2613
-2570
-2129
-1652
-1472
-1726
-2290
-2973
-3720
-4497
-5044
-4981
-4182
-2899
-1524
-328
541
1016
1077
804
425
269
624
1554
2901
4340
5446
5849
5479
4664
3857
3261
2800
2408
2172
2167
2317
2393
2158
1462
377
-789
-1703
-2224
-2381
-2252
-1909
-1463
-1072
-854
-858
-1090
-1463
-1769
-1762
-1355
-699
-40
478
848
1092
1154
970
570
96
-262
-381
-256
1
206
200
-59
-474
-916
-1337
-1765
-2187
-2468
-2473
-2227
-1890
-1602
-1381
-1131
-740
-87
849
1850
2529
2677
2513
2372
2287
1990
1410
900
855
1284
1798
1965
1610
774
-378
-1587
-2522
-2946
-2936
-2824
-2881
-3092
-3307
-3542
-3934
-4443
-4777
-4655
-4081
-3249
-2267
-1115
145
1274
2015
2274
2186
2015
2035
2419
3147
4017
4779
5296
5574
5642
5436
4829
3799
2570
1494
811
487
322
164
-25
-253
-547
-927
-1402
-1963
-2528
-2890
-2829
-2322
-1597
-935
-445
-88
184
370
456
465
420
360
369
533
849
1195
1406
1376
1094
613
31
-516
-927
-1199
-1375
-1491
-1572
-1655
-1767
-1899
-2063
-2294
-2561
-2726
-2665
-2377
-1842
-915
499
2130
3373
3849
3732
3434
3072
2426
1456
556
210
518
1161
1706
1850
1427
439
-928
-2340
-3457
-4111
-4344
-4339
-4240
-4095
-3927
-3781
-3713
-3731
-3795
-3815
-3623
-3006
-1884
-450
966
2122
2976
3558
3887
4013
4043
4047
4042
4059
4192
4502
4889
5129
5020
4471
3533
2372
1194
145
-730
-1400
-1799
-1881
-1717
-1450
-1231
-1171
-1320
-1620
-1902
-1987
-1823
-1479
-1036
-525
61
709
1382
1958
2249
2108
1608
1033
626
453
406
373
309
188
14
-183
-406
-738
-1264
-1909
-2475
-2827
-2989
-3029
-2972
-2840
-2674
-2508
-2283
-1907
-1303
-431
692
1907
2928
3545
3766
3728
3463
2901
2101
1283
670
326
196
223
285
181
-296
-1183
-2263
-3207
-3793
-4091
-4373
-4761
-5078
-5044
-4610
-3998
-3424
-2926
-2427
-1848
-1111
-165
919
1953
2781
3413
3952
4444
4832
5065
5143
5099
4989
4873
4783
4664
4392
3869
3103
2195
1281
425
-389
-1168
-1855
-2335
-2549
-2538
-2375
-2119
-1829
-1588
-1453
-1365
-1218
-976
-707
-459
-184
211
750
1359
1887
2182
2165
1875
1437
946
440
-47
-449
-730
-929
-1092
-1229
-1360
-1571
-1904
-2281
-2595
-2834
-3063
-3256
-3300
-3121
-2778
-2346
-1839
-1242
-492
476
1700
3005
4042
4600
4698
4510
4107
3432
2536
1563
683
24
-371
-497
-500
-651
-1152
-2005
-2930
-3610
-3952
-4135
-4418
-4819
-5100
-5049
-4676
-4153
-3585
-2943
-2206
-1336
-292
944
2258
3383
4130
4528
4738
4901
5039
5108
5105
5050
4994
4962
4883
4641
4130
3326
2340
1291
253
-721
-1626
-2420
-3017
-3321
-3269
-2904
-2371
-1835
-1408
-1116
-881
-652
-427
-219
-77
49
224
486
879
1320
1709
1921
1866
1635
1310
921
440
-235
-1035
-1800
-2389
-2669
-2705
-2626
-2510
-2433
-2332
-2203
-2182
-2322
-2634
-2968
-3068
-2896
-2402
-1553
-352
1282
3128
4806
6032
6552
6396
5694
4536
3195
1800
492
-487
-1041
-1094
-876
-790
-996
-1587
-2411
-3237
-4014
-4620
-5152
-5717
-6104
-6163
-5744
-4940
-4090
-3220
-2344
-1418
-279
960
2210
3295
3977
4425
4765
5052
5356
5499
5496
5419
5213
5064
4954
4721
4312
3570
2606
1604
531
-463
-1348
-2183
-2842
-3316
-3422
-3059
-2537
-1984
-1496
-1070
-588
-209
70
309
432
533
645
850
1211
1548
1801
1931
1893
1735
1393
886
227
-613
-1458
-2177
-2692
-3011
-3327
-3597
-3726
-3709
-3463
-3138
-2843
-2568
-2461
-2410
-2294
-2184
-1913
-1419
-577
853
2601
4359
5904
6864
7238
7005
6124
4827
3116
1143
-591
-1748
-2194
-2173
-2097
-2130
-2296
-2605
-2975
-3273
-3633
-4325
-5294
-6270
-6781
-6628
-6099
-5196
-3991
-2728
-1291
282
1953
3616
4723
5280
5599
5639
5554
5341
4992
4746
4436
4113
4134
4341
4469
4297
3696
2924
1979
707
-666
-2012
-3264
-4209
-4704
-4545
-3796
-2865
-1853
-764
270
1138
1687
1945
1964
1707
1344
1109
1086
1156
1234
1405
1691
1992
2097
1899
1449
667
-381
-1466
-2479
-3348
-4124
-4739
-4939
-4770
-4383
-3869
-3339
-2835
-2505
-2411
-2354
-2261
-2090
-1733
-1034
176
1690
3214
4618
5764
6564
6808
6399
5457
4005
2250
540
-878
-1897
-2676
-3310
-3688
-3774
-3596
-3221
-2824
-2678
-3017
-3763
-4578
-5175
-5552
-5790
-5751
-5276
-4255
-2620
-513
1828
4001
5580
6582
7117
7207
6917
6181
5149
4086
3139
2599
2545
2753
3029
3166
3100
2886
2379
1488
290
-1190
-2738
-4061
-4950
-5218
-4953
-4305
-3220
-1786
-172
1381
2588
3418
3818
3758
3395
2840
2238
1662
1137
871
905
1130
1395
1502
1465
1225
693
-56
-1048
-2147
-3254
-4317
-5067
-5494
-5563
-5206
-4669
-3955
-3181
-2534
-1811
-1140
-470
437
1303
2146
2886
3319
3776
4076
4034
3778
3088
2192
1334
456
-268
-1025
-1953
-2838
-3596
-4095
-4301
-4291
-4209
-4238
-4376
-4517
-4441
-4198
-4126
-4097
-3951
-3557
-2624
-1360
172
1936
3417
4703
5889
6759
7391
7471
6952
6257
5343
4435
3760
3118
2595
2159
1803
1762
1752
1461
887
-3
-1049
-2129
-3178
-3928
-4307
-4399
-4139
-3422
-2225
-729
751
2039
3062
3717
3946
3867
3639
3251
2680
2018
1457
1131
925
749
652
534
256
-230
-873
-1498
-2124
-2845
-3501
-4045
-4486
-4769
-4928
-4737
-4219
-3690
-3051
-2279
-1284
68
1386
2593
3601
4094
4305
4238
3867
3345
2372
1190
193
-645
-1198
-1687
-2240
-2693
-3200
-3637
-3846
-3903
-3923
-4176
-4585
-4854
-4901
-4786
-4698
-4540
-4180
-3653
-2766
-1474
187
2028
3588
4913
6107
6980
7482
7469
7014
6366
5471
4562
3919
3441
3065
2677
2336
2240
2137
1799
1205
337
-711
-1849
-2918
-3685
-4194
-4525
-4528
-4019
-2959
-1592
-198
1146
2338
3253
3844
4116
4087
3670
2894
2054
1378
896
505
166
10
13
47
58
-7
-217
-712
-1518
-2415
-3264
-4020
-4665
-5054
-4983
-4595
-3983
-3104
-1876
-254
1313
2615
3666
4286
4513
4229
3594
2858
1763
437
-744
-1557
-1929
-2232
-2530
-2605
-2634
-2737
-2864
-2936
-3015
-3458
-4238
-4880
-5193
-5331
-5466
-5410
-4938
-4154
-3076
-1582
334
2286
3781
4929
5966
6763
7083
6852
6366
5790
4982
4146
3581
3266
2998
2617
2376
2429
2388
2016
1371
586
-337
-1507
-2652
-3433
-3910
-4192
-4193
-3710
-2768
-1722
-687
465
1640
2579
3131
3402
3515
3330
2805
2230
1784
1371
861
343
94
96
68
-28
-118
-261
-550
-1031
-1499
-1854
-2361
-3019
-3554
-3799
-3734
-3532
-3044
-1955
-550
851
2165
3341
4350
4792
4525
3871
2840
1452
-83
-1434
-2323
-2991
-3590
-3867
-3742
-3405
-3103
-2817
-2489
-2429
-2829
-3494
-4073
-4528
-5129
-5655
-5746
-5382
-4617
-3523
-1901
197
2119
3757
5268
6534
7398
7534
7153
6676
5853
4769
3774
2983
2487
2014
1644
1745
1935
1858
1533
1060
604
-62
-1015
-1876
-2574
-3228
-3708
-3773
-3280
-2490
-1721
-839
322
1515
2435
3028
3362
3435
3140
2563
2035
1569
955
301
-147
-289
-274
-312
-312
-230
-319
-646
-1013
-1349
-1726
-2246
-2786
-3012
-2948
-2675
-1963
-915
247
1345
2223
3120
3846
4049
3900
3340
2432
1332
108
-861
-1719
-2714
-3598
-4233
-4460
-4370
-4105
-3620
-3229
-3111
-3185
-3307
-3367
-3708
-4306
-4811
-5122
-4999
-4495
-3581
-2132
-604
1015
2850
4620
6206
7159
7455
7506
7101
6373
5519
4484
3514
2483
1564
1185
1018
891
729
492
423
264
-64
-373
-847
-1465
-2147
-2675
-2770
-2701
-2567
-2185
-1516
-563
400
1260
2082
2638
2879
2913
2830
2660
2184
1471
824
277
-171
-555
-837
-939
-1069
-1252
-1286
-1233
-1195
-1300
-1570
-1720
-1766
-1633
-1069
-319
494
1209
1782
2540
3174
3492
3531
3081
2376
1486
544
-159
-992
-1982
-2901
-3648
-3967
-4093
-4099
-3921
-3892
-3955
-4030
-4055
-4002
-4258
-4662
-4902
-4951
-4641
-4094
-3216
-1994
-806
503
1989
3479
4816
5607
6058
6346
6249
5945
5467
4868
4228
3349
2580
2138
1761
1400
973
598
368
18
-335
-533
-734
-987
-1305
-1500
-1414
-1315
-1252
-1030
-668
-241
112
429
904
1347
1622
1874
2109
2253
2141
1742
1364
1038
610
123
-412
-917
-1361
-1813
-2082
-2131
-2184
-2250
-2254
-2031
-1412
-631
152
958
1611
2133
2494
2637
2674
2378
1713
976
323
-112
-523
-1011
-1395
-1726
-2008
-2238
-2352
-2338
-2519
-2908
-3311
-3622
-3832
-4231
-4695
-4953
-5129
-5103
-4839
-4267
-3278
-2326
-1335
-26
1341
2689
3698
4344
4960
5203
5102
4902
4524
4092
3450
2735
2362
2105
1824
1557
1342
1275
1141
893
707
528
234
-180
-511
-665
-778
-896
-934
-724
-389
-119
223
642
1072
1440
1679
1976
2231
2201
2026
1750
1437
1092
569
81
-339
-830
-1225
-1556
-1782
-1896
-2119
-2243
-2174
-1951
-1413
-793
-117
602
1152
1711
2141
2341
2333
1877
1190
467
-219
-716
-1275
-1857
-2290
-2615
-2645
-2473
-2222
-1964
-2002
-2179
-2303
-2429
-2598
-3053
-3677
-4198
-4616
-4754
-4547
-4066
-3336
-2539
-1543
-190
1227
2493
3444
4049
4446
4480
4234
3912
3419
2825
2189
1677
1484
1368
1277
1288
1335
1423
1410
1334
1293
1138
904
666
465
328
117
-73
-103
-60
52
219
457
804
1124
1438
1805
2079
2210
2164
1965
1726
1375
923
469
-50
-579
-1046
-1444
-1670
-1846
-2034
-2124
-2131
-1930
-1474
-907
-224
418
965
1502
1894
2135
2147
1807
1247
550
-132
-724
-1315
-1845
-2308
-2685
-2894
-2911
-2688
-2365
-2134
-2023
-2035
-2132
-2368
-2782
-3239
-3723
-4188
-4490
-4519
-4144
-3471
-2620
-1509
-213
1110
2303
3226
3926
4332
4332
4043
3534
2860
2098
1342
803
527
373
319
385
595
916
1235
1502
1663
1641
1474
1272
1091
889
600
282
81
48
166
397
688
995
1295
1628
2027
2400
2599
2559
2346
2056
1706
1275
770
196
-421
-1028
-1531
-1875
-2111
-2283
-2368
-2258
-1862
-1272
-606
50
625
1123
1498
1734
1803
1583
1084
438
-179
-672
-1135
-1602
-2001
-2283
-2379
-2302
-2089
-1821
-1678
-1679
-1733
-1790
-1889
-2161
-2597
-3074
-3527
-3872
-4034
-3963
-3640
-3143
-2448
-1476
-308
893
1948
2798
3464
3860
3971
3840
3470
2903
2173
1442
868
433
108
-97
-130
39
322
669
1055
1387
1596
1645
1561
1386
1070
641
217
-114
-304
-377
-306
-35
380
878
1407
1927
2376
2646
2709
2606
2341
1887
1252
530
-162
-795
-1347
-1764
-2010
-2074
-1968
-1661
-1147
-536
34
467
776
1022
1198
1292
1238
962
487
-67
-539
-865
-1116
-1384
-1703
-1966
-2034
-1860
-1541
-1248
-1106
-1093
-1111
-1094
-1085
-1210
-1530
-1999
-2468
-2793
-2937
-2949
-2887
-2730
-2381
-1790
-1024
-205
544
1160
1620
1930
2108
2124
1942
1582
1144
776
543
430
406
448
563
765
1061
1419
1743
1944
2021
2026
1996
1896
1667
1310
896
513
219
29
-79
-122
-72
109
418
759
1026
1177
1235
1254
1227
1091
790
314
-250
-780
-1209
-1524
-1743
-1823
-1664
-1220
-517
305
1053
1604
1918
2024
1941
1605
975
94
-881
-1744
-2382
-2776
-2987
-3073
-3004
-2702
-2127
-1357
-586
28
444
711
872
900
735
314
-316
-991
-1514
-1770
-1786
-1662
-1446
-1125
-677
-134
380
715
789
618
336
63
-188
-452
-740
-981
-1061
-944
-658
-281
115
509
912
1346
1772
2100
2257
2251
2144
2002
1843
1663
1468
1285
1133
1023
946
874
772
626
453
282
118
-42
-180
-276
-322
-346
-380
-441
-529
-621
-700
-756
-797
-820
-777
-608
-296
110
513
853
1111
1311
1455
1500
1370
1023
488
-134
-746
-1317
-1865
-2410
-2906
-3240
-3316
-3104
-2663
-2099
-1485
-853
-205
423
936
1231
1266
1087
796
489
208
-39
-242
-359
-338
-159
128
431
676
820
860
797
628
347
-39
-477
-899
-1246
-1480
-1592
-1572
-1413
-1109
-679
-158
393
925
1408
1826
2160
2379
2455
2395
2226
2001
1753
1502
1251
1015
821
699
641
613
567
476
348
201
38
-157
-403
-700
-1013
-1284
-1476
-1582
-1609
-1558
-1412
-1134
-724
-226
280
707
1008
1169
1197
1091
842
455
-30
-537
-990
-1338
-1591
-1775
-1928
-2044
-2087
-2037
-1890
-1686
-1467
-1239
-980
-666
-319
5
259
429
539
627
713
785
833
859
877
915
966
1005
1003
948
855
746
635
526
411
289
154
21
-104
-217
-323
-428
-530
-613
-648
-605
-480
-286
-46
221
512
823
1137
1413
1617
1727
1735
1653
1498
1288
1044
795
569
375
230
135
89
86
101
89
13
-136
-333
-540
-740
-930
-1116
-1280
-1371
-1336
-1169
-921
-659
-432
-238
-47
133
269
296
176
-66
-361
-648
-904
-1152
-1412
-1665
-1848
-1890
-1766
-1507
-1193
-887
-605
-322
-29
244
436
496
442
346
285
278
305
327
343
394
516
703
899
1046
1124
1150
1154
1137
1073
935
732
513
331
205
123
62
16
-2
27
89
154
201
211
208
216
249
305
362
410
449
498
552
603
625
609
556
487
421
356
283
182
64
-55
-152
-218
-268
-314
-361
-404
-431
-444
-456
-481
-519
-552
-563
-541
-489
-420
-350
-283
-239
-215
-214
-254
-351
-500
-687
-876
-1046
-1187
-1293
-1363
-1379
-1321
-1183
-967
-706
-435
-180
45
238
391
487
516
477
389
292
205
139
98
80
102
169
280
418
549
658
735
789
822
826
782
693
574
457
360
283
217
157
121
126
178
266
364
456
538
609
677
726
740
703
625
529
433
341
246
158
88
53
58
86
111
120
109
80
35
-40
-145
-274
-402
-501
-558
-579
-576
-553
-501
-414
-298
-183
-94
-50
-45
-69
-129
-219
-347
-507
-681
-842
-976
-1069
-1129
-1161
-1159
-1124
-1052
-943
-810
-666
-530
-402
-285
-177
-78
5
65
96
119
137
164
193
221
246
271
310
362
418
466
495
515
534
558
575
569
542
501
455
412
368
315
257
213
195
215
266
339
424
523
636
759
879
968
1015
1017
975
906
805
678
528
372
237
144
85
48
25
8
-1
-9
-34
-92
-189
-316
-449
-571
-674
-763
-824
-840
-800
-709
-590
-466
-360
-284
-239
-226
-256
-327
-430
-545
-652
-737
-798
-841
-865
-869
-854
-824
-787
-750
-713
-668
-615
-559
-502
-446
-382
-306
-215
-113
-4
111
231
348
451
532
580
602
600
584
565
551
542
535
530
518
495
454
387
305
217
143
101
92
120
174
251
351
460
569
671
753
814
851
868
863
839
802
756
712
681
661
649
642
632
613
577
520
432
313
166
-2
-178
-350
-511
-652
-762
-840
-886
-900
-880
-836
-774
-704
-633
-570
-524
-509
-524
-570
-645
-736
-837
-930
-1006
-1055
-1072
-1051
-991
-901
-790
-669
-550
-440
-342
-255
-182
-118
-67
-29
4
39
76
117
168
222
281
348
414
476
521
543
542
517
468
401
317
228
146
86
51
48
75
128
201
285
373
457
532
592
630
651
659
661
667
672
681
696
717
745
771
790
792
779
746
699
641
577
510
445
384
322
259
186
96
-9
-129
-256
-386
-509
-614
-689
-728
-733
-704
-646
-572
-495
-432
-394
-392
-428
-502
-607
-730
-856
-973
-1068
-1134
-1165
-1155
-1104
-1021
-911
-786
-657
-533
-422
-332
-262
-210
-172
-143
-121
-95
-60
-20
29
85
143
203
260
306
340
362
368
355
326
291
252
211
176
155
149
159
181
217
263
315
373
435
497
559
610
660
711
754
793
825
849
869
877
873
856
821
777
722
663
603
541
487
437
383
329
266
197
119
32
-65
-166
-261
-352
-435
-498
-537
-545
-529
-498
-455
-407
-358
-321
-304
-312
-348
-409
-487
-581
-682
-776
-860
-917
-949
-963
-946
-908
-845
-766
-684
-600
-520
-444
-374
-316
-274
-236
-207
-184
-157
-127
-91
-44
12
78
152
227
298
359
403
426
431
418
389
345
292
235
179
131
91
64
54
59
79
117
167
226
292
366
437
507
577
641
699
750
787
813
823
817
798
767
725
678
625
567
509
449
390
337
283
222
153
75
-12
-105
-196
-282
-358
-419
-467
-490
-493
-478
-450
-414
-376
-335
-296
-268
-263
-286
-332
-401
-479
-560
-644
-720
-778
-807
-804
-771
-710
-636
-550
-463
-395
-342
-309
-299
-305
-321
-339
-347
-334
-296
-233
-153
-51
66
187
296
389
452
483
482
451
411
353
287
222
164
124
102
88
74
66
61
66
79
92
105
119
140
181
233
286
328
370
414
456
498
521
518
508
492
482
474
452
427
400
370
348
323
291
244
180
108
36
-32
-93
-147
-200
-242
-259
-257
-241
-224
-210
-198
-190
-190
-196
-216
-251
-292
-333
-362
-382
-390
-391
-387
-372
-345
-315
-285
-264
-252
-241
-230
-218
-207
-200
-195
-193
-188
-177
-164
-143
-114
-80
-36
11
60
110
152
181
197
202
189
157
110
60
14
-27
-61
-85
-98
-97
-81
-56
-28
0
24
51
76
98
118
136
159
186
211
239
262
287
320
346
368
370
360
354
338
318
288
248
218
184
152
123
91
65
40
14
-8
-30
-47
-64
-80
-91
-99
-101
-102
-105
-106
-108
-112
-114
-122
-131
-145
-160
-176
-196
-211
-224
-229
-223
-211
-193
-169
-146
-120
-96
-79
-68
-67
-70
-74
-79
-85
-87
-82
-69
-54
-37
-15
5
24
39
46
47
42
30
11
-8
-29
-48
-62
-70
-70
-63
-50
-34
-12
8
29
49
62
68
72
79
86
95
99
104
112
122
128
134
133
135
137
135
131
124
115
108
99
91
84
80
78
76
76
73
64
55
45
32
20
5
-12
-26
-38
-48
-57
-63
-67
-68
-67
-67
-68
-72
-78
-84
-90
-93
-94
-96
-99
-99
-95
-86
-78
-67
-58
-48
-40
-33
-23
-18
-13
-14
-14
-14
-18
-21
-21
-19
-14
-13
-9
-8
-4
0
-1
0
1
0
-2
-6
-9
-12
-14
-11
-8
-4
7
18
29
39
42
39
36
36
36
32
31
29
26
24
25
26
27
29
29
31
33
33
33
33
34
37
39
42
44
48
52
55
56
58
58
58
53
45
34
20
5
-10
-23
-32
-39
-42
-42
-41
-38
-33
-27
-21
-17
-16
-14
-14
-15
-19
-22
-25
-30
-36
-37
-38
-34
-31
-29
-27
-27
-27
-26
-26
-24
-28
-33
-35
-37
-36
-39
-38
-32
-27
-20
-15
-12
-7
-3
1
3
5
6
6
8
9
10
9
8
8
8
8
7
5
3
1
1
3
3
6
9
14
18
22
28
32
36
35
34
37
39
39
39
41
43
45
51
56
54
53
53
47
41
32
20
9
3
-3
-11
-19
-25
-28
-30
-30
-32
-30
-27
-24
