-16
-8
9
-5
-10
10
-6
6
-12
-13
18
-7
-11
17
1
-6
19
1
-5
6
6
-13
2
14
-11
2
25
-6
-7
33
1
-6
24
-13
-4
33
-5
4
26
-18
-10
22
-22
4
30
-19
-3
14
-12
-2
5
-23
8
7
-7
9
16
-12
-16
13
1
-16
9
-1
-21
6
-10
-11
7
-7
-20
6
-11
-10
15
-10
-32
-2
-5
-17
1
-6
3
-11
-28
6
11
-23
7
16
-17
-11
26
-2
-43
26
25
-24
5
3
27
38
-50
-3
64
-21
-32
58
-3
-41
43
53
10
16
-41
-28
62
13
4
19
21
-80
56
58
-43
13
39
-21
-127
107
63
-22
19
30
-126
-6
169
-154
-91
214
-116
-73
233
-180
-88
79
-42
-143
279
-92
-238
406
-181
-398
482
0
-411
316
-71
-281
299
44
-233
328
-336
-186
463
-218
-143
332
16
-383
213
153
-283
251
-212
-131
437
-60
-200
225
-136
-367
273
411
-282
16
138
-267
118
107
-151
196
-85
-328
521
99
-372
116
172
-343
-7
258
8
-79
-58
16
27
129
-24
-95
145
-276
-196
471
48
-175
213
-242
-180
310
-151
-17
110
-156
13
163
-123
-38
173
-239
-59
156
5
51
19
-203
96
-3
-148
192
-93
-150
191
42
-190
176
27
-248
112
-3
-138
402
-127
-460
431
95
-522
370
119
-300
229
-129
-77
265
-83
-233
394
-43
-467
445
74
-648
511
212
-278
206
-227
46
131
-282
116
372
-246
-357
433
255
-437
106
168
-294
-184
179
350
45
-92
-178
18
-163
-22
390
-65
-234
-46
254
112
-88
-60
-153
-181
147
69
190
171
-352
-53
103
-173
25
191
-69
-93
37
102
31
-121
-63
-50
-90
99
93
131
-136
-123
74
-160
130
52
-106
157
-54
-174
204
82
-283
25
267
-214
-49
388
-257
-43
-8
-133
314
-147
38
217
-201
-186
132
127
-166
175
34
-323
216
77
-139
166
-21
-230
60
157
-134
66
247
-226
-122
128
-46
85
13
-27
-51
-77
135
17
26
-21
-64
-32
-61
161
38
-69
-20
-51
9
68
-5
-45
23
58
-133
51
54
-61
160
-128
-67
134
-180
48
126
-67
24
-35
-47
-23
85
-64
40
-2
-140
130
23
-185
86
154
-139
-12
82
-145
26
68
-102
199
-22
-192
121
-52
-65
158
10
-84
12
4
-68
136
18
-144
148
-62
-142
240
-10
-99
87
-42
-25
-23
46
24
10
-56
-69
237
-138
-145
293
-141
10
45
-117
172
9
-129
-38
46
-9
0
91
-108
16
93
-141
66
19
-71
11
75
-79
16
98
-233
45
161
-163
17
106
-66
-69
51
46
-84
130
-64
-152
240
-64
-138
148
-42
-84
114
-40
21
126
-108
-72
39
60
-11
-5
108
-107
-128
146
58
5
-39
-60
59
-9
-12
123
-9
-130
-17
-30
47
96
-54
-35
-26
-66
55
41
-21
17
21
-38
-55
65
51
-28
-35
-39
12
9
17
20
-41
-63
2
43
13
26
-17
-21
-14
-5
57
20
-6
-40
-63
35
20
0
12
-50
-30
-4
10
37
5
-13
1
-12
11
18
11
5
-9
3
-5
-3
6
1
1
-2
1
6
7
15
9
-4
-1
17
28
32
18
-32
2
45
9
42
34
-40
26
96
10
51
74
-72
21
44
-26
79
-3
-83
54
68
0
92
59
-106
-14
9
-16
130
59
33
59
-72
-30
81
62
-9
65
70
-23
142
127
13
6
-163
-95
9
-43
-42
-107
-285
-453
-318
-306
-506
-538
-606
-557
-530
-637
-637
-740
-798
-763
-626
-530
-668
-539
-419
-484
-281
-159
-34
178
110
197
412
435
656
800
616
787
950
933
1255
1169
1033
1186
995
1275
1604
1306
1163
951
730
794
784
776
691
316
214
313
227
215
5
-171
-242
-419
-199
-41
-189
-431
-733
-848
-891
-718
-549
-579
-700
-983
-776
-130
500
870
567
31
-292
-385
-172
152
149
-204
-599
-740
-451
-320
-615
-1064
-1601
-1791
-1608
-1274
-1003
-1217
-1710
-2176
-2348
-2155
-1922
-1835
-1885
-1789
-1471
-949
-476
-275
-127
-48
221
911
1761
2365
2444
2220
2080
2385
2878
3192
3391
3189
2708
2444
2354
2406
2315
1756
1240
995
876
959
818
366
-77
-410
-463
-375
-336
-443
-722
-997
-1117
-967
-761
-804
-915
-889
-808
-661
-540
-555
-600
-723
-687
-364
-147
-181
-320
-462
-571
-629
-552
-459
-564
-771
-890
-860
-934
-1145
-1118
-1016
-1128
-968
-3
1520
2471
1996
837
-101
-581
-294
651
1535
1504
436
-349
-155
193
42
-667
-1407
-1663
-1411
-637
79
-226
-1450
-2705
-3266
-2941
-2217
-1719
-1754
-2161
-2184
-1509
-811
-574
-594
-478
-43
737
1891
2944
3030
2227
1654
2043
3095
4050
4451
4208
3390
2535
2242
2453
2581
2147
1376
848
793
966
943
510
-210
-818
-949
-625
-205
-175
-656
-1239
-1550
-1493
-1178
-920
-951
-1139
-1213
-1011
-718
-649
-714
-714
-627
-373
-30
142
-9
-404
-683
-677
-576
-517
-539
-715
-946
-1124
-1237
-1256
-1191
-1146
-1226
-977
364
2296
3082
2046
339
-635
-607
118
1341
2164
1454
-280
-1062
-228
609
157
-1085
-2038
-2250
-1740
-652
65
-729
-2595
-3942
-3913
-2988
-2147
-1988
-2496
-3052
-2677
-1387
-411
-383
-698
-560
186
1390
2860
3804
3376
2175
1892
3156
4777
5440
5107
4413
3711
3258
3387
3743
3353
2016
795
710
1360
1547
869
-179
-1037
-1324
-932
-258
-59
-672
-1497
-1785
-1519
-1112
-969
-1240
-1663
-1782
-1377
-870
-848
-1210
-1377
-1068
-487
59
313
23
-655
-1060
-816
-317
-156
-433
-878
-1275
-1448
-1258
-982
-999
-1253
-1484
-1586
-1248
217
2491
3655
2452
198
-1025
-821
67
1317
2364
1863
-162
-1425
-510
888
607
-938
-2042
-2190
-1700
-706
106
-540
-2590
-4173
-4013
-2850
-1999
-1973
-2605
-3225
-2882
-1435
-127
-39
-599
-625
124
1331
2827
3971
3726
2305
1607
2844
4866
5857
5482
4542
3575
2919
3065
3791
3786
2272
414
-30
888
1613
1219
41
-1156
-1785
-1414
-284
397
-191
-1398
-2023
-1745
-1159
-849
-1034
-1611
-2009
-1650
-835
-508
-908
-1283
-1072
-456
158
468
250
-408
-902
-666
21
353
-13
-721
-1208
-1235
-941
-598
-442
-655
-1223
-1525
-514
1839
3725
3335
1078
-978
-1477
-630
869
2138
1926
-52
-1989
-1849
-216
527
-587
-2285
-3118
-2829
-1821
-812
-904
-2493
-4314
-4747
-3727
-2559
-2260
-2824
-3538
-3441
-2122
-438
291
-74
-459
-41
1120
2666
4091
4491
3479
2247
2539
4403
6122
6416
5540
4335
3362
3117
3749
4338
3563
1551
68
295
1361
1644
705
-672
-1589
-1591
-707
297
289
-935
-2186
-2264
-1349
-511
-444
-1087
-1895
-2118
-1443
-511
-250
-678
-971
-641
-22
385
377
-85
-721
-858
-186
587
479
-525
-1529
-1840
-1509
-882
-283
-207
-1021
-2054
-1734
595
3285
3839
1782
-875
-2052
-1368
434
2201
2436
386
-2286
-2840
-1025
581
72
-1771
-3245
-3617
-2858
-1398
-628
-1814
-4143
-5378
-4633
-3150
-2340
-2496
-3205
-3665
-2936
-1086
468
621
-7
-59
882
2446
4140
5115
4548
3037
2532
4023
6212
7232
6631
5125
3550
2700
3168
4363
4551
2885
696
-161
387
948
679
-121
-917
-1356
-1114
-325
30
-778
-2007
-2287
-1374
-282
42
-496
-1434
-2148
-1996
-939
124
308
-214
-606
-464
-71
231
304
108
-232
-400
-269
-207
-632
-1367
-1817
-1733
-1381
-1077
-967
-1288
-2004
-2108
-511
2064
3205
1680
-934
-2361
-1969
-392
1487
2317
878
-1915
-3209
-1781
271
559
-805
-2366
-3304
-3224
-1911
-441
-715
-2866
-4769
-4814
-3593
-2395
-1809
-2007
-2722
-2850
-1618
105
875
597
347
817
2021
3723
5108
5039
3622
2609
3448
5577
7246
7296
5824
3804
2550
2914
4353
5105
3908
1451
-334
-398
485
914
386
-610
-1388
-1491
-929
-397
-747
-1897
-2671
-2172
-912
-126
-429
-1510
-2596
-2848
-1901
-412
398
64
-696
-974
-590
55
489
438
-39
-512
-538
-228
-172
-685
-1402
-1740
-1560
-1182
-943
-1049
-1520
-1760
-771
1394
2889
2017
-474
-2212
-1961
-350
1488
2422
1351
-1385
-3259
-2286
197
1316
264
-1649
-3193
-3677
-2550
-510
212
-1517
-4047
-5140
-4509
-3184
-1954
-1449
-2049
-2873
-2452
-828
454
620
411
644
1480
2924
4522
5009
3788
2348
2708
4878
7001
7512
6211
3902
2013
2005
3872
5581
5063
2496
-30
-884
-181
933
1396
760
-589
-1602
-1509
-702
-283
-774
-1625
-1984
-1589
-861
-499
-930
-1877
-2495
-2152
-1067
-98
91
-428
-1010
-1024
-416
290
504
76
-598
-968
-782
-340
-239
-748
-1539
-2089
-2063
-1499
-837
-626
-838
-693
231
1121
873
-319
-1299
-1354
-605
538
1344
773
-1137
-2573
-1985
-143
1017
674
-741
-2529
-3645
-2932
-733
742
-107
-2462
-4456
-5035
-4014
-1922
-246
-378
-1830
-2710
-2094
-677
652
1509
1673
1399
1642
2832
3972
3964
3266
3194
4181
5547
6383
6080
4567
2778
2232
3439
5080
5258
3431
852
-763
-644
683
1931
1933
479
-1421
-2368
-1879
-740
-81
-363
-1274
-2183
-2501
-2091
-1456
-1264
-1626
-2042
-2062
-1715
-1292
-980
-787
-620
-417
-237
-199
-373
-645
-751
-506
-66
123
-206
-882
-1506
-1704
-1314
-587
-89
-57
-79
241
560
313
-304
-654
-559
-216
294
663
207
-1054
-1892
-1354
-77
687
471
-572
-2118
-3217
-2653
-640
879
378
-1711
-3908
-4982
-4245
-1935
305
583
-1097
-2853
-3105
-1783
286
2002
2384
1429
463
759
2087
3277
3734
3691
3539
3578
3981
4440
4314
3533
2900
3088
3750
3962
3232
1859
602
217
905
1981
2301
1300
-427
-1644
-1560
-430
736
915
-192
-1863
-2868
-2476
-1128
-50
-162
-1332
-2575
-2954
-2230
-892
190
350
-396
-1339
-1671
-1194
-401
117
153
-163
-603
-937
-1007
-886
-793
-808
-800
-723
-760
-1039
-1311
-1128
-362
494
700
-10
-1178
-1935
-1646
-403
906
1164
27
-1557
-2182
-1296
275
1120
536
-945
-2071
-1937
-735
438
470
-872
-2619
-3323
-2360
-575
536
258
-891
-1869
-1893
-793
826
1844
1614
716
316
872
1836
2522
2707
2522
2263
2276
2626
2925
2797
2426
2304
2547
2788
2639
2066
1393
1066
1321
1888
2150
1728
872
192
93
515
1027
1083
450
-495
-1027
-784
-138
211
-69
-771
-1482
-1817
-1544
-814
-232
-329
-982
-1608
-1818
-1638
-1231
-777
-547
-729
-1155
-1481
-1594
-1570
-1406
-1087
-810
-850
-1241
-1794
-2242
-2281
-1753
-970
-574
-865
-1466
-1773
-1527
-884
-204
73
-272
-886
-1095
-680
-73
250
270
229
217
222
266
294
201
118
361
950
1392
1243
631
99
42
481
1162
1647
1500
756
55
75
848
1738
2087
1714
920
274
252
833
1467
1565
1071
465
199
335
611
750
644
387
208
259
437
531
502
511
654
813
853
750
547
373
442
831
1240
1210
698
142
-74
76
412
718
685
132
-615
-989
-829
-513
-405
-549
-880
-1326
-1660
-1629
-1366
-1269
-1430
-1571
-1540
-1496
-1569
-1719
-1872
-1962
-1818
-1375
-954
-963
-1348
-1683
-1678
-1341
-813
-355
-318
-762
-1223
-1176
-643
-67
235
235
14
-270
-340
-78
276
443
475
609
865
1060
1129
1172
1250
1380
1618
1942
2122
1952
1565
1332
1461
1820
2117
2101
1667
1003
528
526
821
965
717
216
-247
-461
-396
-227
-225
-517
-896
-1036
-868
-609
-469
-483
-575
-642
-579
-366
-158
-102
-124
-29
197
357
313
156
85
215
539
901
1036
789
329
28
109
454
771
846
630
232
-105
-183
-53
51
-13
-179
-328
-438
-557
-733
-976
-1215
-1285
-1090
-806
-750
-1028
-1431
-1649
-1538
-1170
-804
-741
-1083
-1575
-1790
-1540
-1021
-574
-442
-640
-972
-1146
-982
-566
-176
19
69
102
178
312
494
696
869
1013
1170
1309
1331
1231
1154
1247
1486
1709
1761
1583
1246
955
913
1090
1233
1135
854
620
576
685
767
640
276
-125
-291
-135
148
286
165
-124
-394
-480
-341
-123
-22
-71
-141
-130
-100
-151
-284
-401
-396
-222
44
186
2
-450
-844
-875
-543
-95
169
69
-326
-728
-832
-583
-232
-58
-134
-338
-497
-520
-431
-347
-367
-429
-398
-239
-99
-128
-314
-503
-529
-333
-32
124
-69
-527
-910
-911
-529
-45
182
-13
-495
-904
-910
-513
-24
206
77
-214
-385
-272
76
441
614
562
433
390
472
602
689
720
742
789
859
900
864
769
685
653
641
596
509
444
459
523
545
445
237
27
-56
31
210
329
291
118
-74
-165
-110
36
169
226
210
166
121
69
-3
-80
-106
-30
121
213
102
-227
-607
-784
-612
-194
158
148
-260
-794
-1076
-912
-451
-67
-54
-412
-871
-1117
-1017
-709
-459
-428
-588
-767
-818
-718
-540
-371
-262
-202
-161
-144
-175
-241
-273
-200
-12
207
328
272
83
-82
-75
127
388
526
465
294
178
229
422
621
706
656
556
498
501
514
500
478
503
577
637
620
517
390
317
345
425
452
373
251
207
280
391
416
308
106
-72
-120
-16
148
230
168
9
-130
-176
-116
9
108
99
-25
-170
-246
-253
-248
-274
-325
-358
-358
-353
-399
-532
-699
-762
-623
-353
-162
-219
-504
-798
-857
-599
-188
86
18
-341
-722
-856
-675
-340
-104
-100
-281
-490
-568
-481
-306
-157
-86
-67
-74
-118
-208
-294
-286
-128
144
395
471
313
52
-100
2
309
622
758
669
470
334
362
524
714
818
806
728
642
581
545
538
588
680
752
748
665
532
408
359
408
487
500
417
319
295
329
351
304
176
-1
-146
-173
-82
6
-23
-177
-373
-510
-529
-423
-261
-187
-285
-497
-677
-719
-633
-507
-434
-471
-604
-756
-845
-864
-837
-769
-652
-507
-415
-444
-579
-705
-691
-483
-172
51
30
-212
-477
-546
-341
7
265
278
79
-155
-246
-125
110
306
355
269
143
59
31
34
49
88
155
230
249
167
25
-80
-55
99
285
386
359
269
220
285
431
557
591
534
457
438
491
572
615
597
558
546
585
638
662
626
546
477
473
529
604
648
642
587
496
395
307
239
197
182
180
153
67
-69
-220
-334
-384
-375
-340
-343
-429
-580
-727
-814
-814
-766
-726
-740
-820
-927
-1019
-1065
-1062
-1008
-895
-750
-639
-632
-733
-863
-893
-744
-458
-184
-74
-167
-362
-480
-409
-169
96
229
180
26
-96
-89
49
237
372
396
325
217
132
106
143
231
336
414
428
369
263
178
180
277
412
502
500
419
335
326
415
553
658
676
615
522
458
452
504
581
645
664
638
591
560
557
574
576
537
464
395
383
423
466
435
306
125
-21
-73
-34
24
14
-103
-284
-444
-514
-478
-386
-321
-349
-481
-657
-787
-804
-720
-605
-545
-590
-713
-835
-893
-869
-799
-728
-671
-630
-606
-607
-635
-668
-658
-561
-386
-209
-124
-170
-295
-390
-360
-191
27
175
180
65
-72
-123
-39
143
325
412
379
269
160
117
165
274
381
432
399
310
211
151
163
239
336
404
412
363
295
256
277
353
447
513
523
479
405
341
326
374
465
556
594
569
508
460
462
513
567
580
544
486
448
432
412
358
260
161
96
79
77
32
-82
-235
-359
-401
-373
-324
-328
-416
-564
-703
-772
-754
-689
-644
-650
-702
-764
-794
-788
-768
-753
-733
-683
-593
-492
-442
-473
-555
-595
-517
-329
-136
-55
-129
-288
-394
-352
-176
25
125
82
-45
-152
-157
-52
112
262
338
330
267
201
178
228
346
477
551
527
421
304
255
309
428
530
541
459
349
284
301
377
444
454
405
336
293
291
304
307
292
276
280
307
336
346
333
319
319
328
334
325
308
302
306
300
262
185
96
38
35
68
75
10
-121
-262
-348
-355
-313
-292
-342
-465
-601
-684
-695
-659
-626
-634
-684
-737
-762
-751
-722
-697
-679
-650
-593
-519
-456
-433
-446
-442
-374
-236
-80
16
15
-54
-107
-69
64
214
286
245
134
44
43
124
228
285
262
195
135
113
134
178
223
265
295
300
281
242
207
215
275
357
411
404
336
257
224
257
327
377
368
302
229
193
208
250
284
291
275
256
251
264
292
331
369
393
386
343
292
281
326
397
428
370
225
73
2
44
136
167
69
-133
-337
-436
-401
-305
-267
-357
-547
-730
-805
-756
-652
-592
-637
-759
-873
-905
-844
-743
-664
-637
-644
-646
-623
-584
-552
-515
-452
-350
-226
-133
-109
-148
-188
-152
-17
156
273
278
191
106
103
203
350
452
461
404
346
332
369
419
453
465
474
486
495
470
414
360
345
378
429
452
409
329
275
287
354
410
396
305
192
125
130
174
191
147
68
16
38
124
220
275
263
215
172
159
176
201
220
222
210
182
134
75
26
12
27
40
13
-71
-190
-292
-339
-334
-324
-366
-471
-604
-700
-723
-686
-647
-663
-738
-831
-878
-853
-769
-681
-622
-603
-606
-606
-587
-550
-493
-409
-301
-191
-109
-62
-28
35
136
221
213
70
-171
-397
-466
-297
75
505
828
944
860
667
462
308
212
166
197
327
546
785
931
895
678
392
180
144
279
503
701
803
790
679
505
294
89
-66
-124
-77
40
158
222
227
195
163
142
121
88
39
1
-4
28
73
105
113
111
117
122
101
31
-80
-175
-203
-156
-83
-58
-122
-247
-357
-386
-339
-286
-308
-422
-562
-642
-617
-532
-485
-537
-659
-747
-696
-511
-325
-293
-482
-821
-1149
-1302
-1210
-924
-562
-253
-73
-46
-134
-284
-431
-516
-492
-333
-52
275
556
704
669
485
244
62
16
126
346
607
841
999
1069
1048
961
846
752
707
685
643
556
429
306
229
223
284
383
491
561
557
453
272
77
-55
-73
14
143
243
278
242
154
41
-53
-85
-28
110
283
427
484
440
312
139
-29
-151
-217
-230
-191
-125
-52
0
8
-51
-191
-380
-552
-656
-671
-626
-568
-531
-572
-686
-816
-940
-1018
-1025
-987
-921
-819
-682
-535
-469
-508
-614
-738
-788
-703
-533
-338
-160
-60
-44
-84
-155
-201
-184
-93
76
277
455
545
540
488
408
340
314
289
295
364
436
529
583
554
543
551
539
575
630
635
618
621
688
730
691
742
735
699
711
684
608
486
455
457
403
277
139
183
327
326
298
199
-85
-268
-180
-206
-269
-140
-129
-5
53
-122
-236
-645
-706
-483
-238
-31
-412
-416
-254
-544
-350
-189
-501
-676
-576
-380
-439
-334
-476
-707
-493
-935
-811
-359
-610
-544
-416
-659
-1019
-549
-221
-589
-372
-383
-661
39
-130
-292
37
-456
-314
80
142
116
276
144
144
275
203
295
499
447
592
266
159
735
398
609
674
221
651
851
371
588
865
250
304
731
227
563
872
138
662
635
238
246
253
356
331
498
282
94
300
147
126
455
39
-357
-432
-19
30
225
13
-163
-184
-191
-484
-421
99
-148
7
-325
-204
81
-424
-628
-198
-450
-53
144
-434
-512
-429
-192
-537
-410
-479
-103
-17
-576
-531
-465
-358
-473
-363
-169
-541
-414
-335
-576
-375
-46
-417
-373
-108
-392
-225
-82
-373
-353
-185
114
-15
-130
285
53
433
-15
-362
269
219
-246
464
646
215
519
689
8
-33
574
212
615
821
610
548
604
271
150
657
420
544
727
498
547
156
786
359
-182
395
375
543
476
525
85
-22
-97
-281
-146
-254
192
697
-263
-147
-185
-1249
-536
-20
-62
139
91
-482
-562
-214
-854
-652
137
-571
-205
692
-690
-954
276
-347
-538
119
-585
-307
135
-465
-100
105
-358
-208
-32
-555
-300
140
-436
-235
257
-217
-259
-236
-658
-302
203
27
-136
-332
16
28
-539
399
-76
-714
251
656
-294
30
441
-444
-33
469
213
240
574
-26
109
586
187
244
656
574
-167
256
873
-153
571
780
218
311
-173
525
787
-35
456
574
74
368
234
53
356
410
-196
-131
622
-458
-13
702
-472
52
355
-483
-310
453
-465
-467
612
-123
-695
-38
64
-381
-350
-263
-101
-560
-559
89
406
-514
-994
148
-542
-720
126
-173
-288
-80
-382
-545
-306
-291
-150
25
-422
-463
207
-230
-176
-143
-409
-124
44
2
-344
167
132
-411
83
6
-257
259
-23
-178
513
347
-543
180
557
-254
249
571
-129
396
629
-249
-28
456
214
151
479
426
288
101
207
349
253
316
303
348
125
110
389
342
224
89
116
335
-88
-111
359
191
-44
495
193
-82
429
-480
73
287
-467
229
219
-375
-437
500
-189
-560
265
-443
-370
-49
-279
-73
55
-281
-221
-771
-493
-284
-428
-297
2
-357
-671
-9
-629
-494
-28
-281
-450
-293
209
-425
-228
11
-628
-294
-95
-289
108
55
-105
214
-430
-351
253
376
-439
166
794
-274
-102
564
-178
-203
665
214
-10
725
293
-255
783
153
-90
848
147
-38
606
554
-32
688
425
-130
704
362
-104
509
537
87
249
686
145
-6
675
-257
246
653
-273
393
232
-86
-35
248
144
-249
9
120
-186
58
-246
-151
-12
-617
41
-431
-185
-194
-336
-56
-773
-342
-287
-369
-107
-677
-505
-229
-766
-221
49
-757
-447
-307
-202
-444
-199
-506
-302
40
-745
285
302
-829
-334
246
-413
-432
508
168
-212
238
-716
195
567
-613
407
683
-377
-9
428
-247
122
703
-178
65
729
-202
205
800
-311
173
1039
56
-104
984
-51
-167
1426
149
74
820
223
125
634
408
127
677
472
-3
643
414
-268
511
-34
247
553
171
20
78
183
-629
155
242
-417
475
-4
-703
59
-282
-546
-200
30
-970
-260
385
-1236
355
-68
-1491
-183
-441
-538
-294
-156
-772
-328
-54
-1276
-169
45
-977
-233
30
-634
-168
-36
-691
-53
279
-935
145
241
-779
792
-52
-587
527
69
-338
457
446
-532
671
334
-489
849
320
-332
490
219
-112
734
603
-491
564
631
-379
580
469
140
361
318
-2
334
549
-149
761
446
-67
440
-248
531
485
139
687
132
128
227
142
113
-42
660
-31
46
658
-200
-364
68
340
-576
-67
770
-523
-143
291
-835
-261
83
-591
-274
341
-841
-309
448
-1031
-338
-45
-916
-137
-194
-206
-159
-446
-343
-677
-283
-366
-652
60
-415
-388
-11
-182
-283
-350
-337
-344
-103
-6
115
55
-170
-283
318
-120
-528
238
270
-178
365
251
-124
783
-153
-212
980
-174
-187
1021
268
-113
822
36
-76
769
-221
235
895
-154
147
892
95
-178
787
143
-68
290
139
272
466
-40
378
346
-209
6
145
-90
357
573
-417
449
-21
-695
455
227
-581
575
181
-812
473
26
-941
383
188
-631
248
139
-565
-373
390
-574
-696
459
-374
-703
485
-121
-859
-44
-204
-594
136
-86
-713
161
-387
-744
175
83
-677
-168
185
-699
-105
-216
-403
306
-375
-151
583
-631
-414
694
-573
-122
813
-329
-132
734
-220
-489
847
312
-522
599
722
-347
191
421
-56
429
367
-30
516
476
-208
6
498
152
-206
546
223
205
317
-413
345
400
-412
324
515
-373
186
254
310
-142
-17
209
-371
193
194
194
166
-94
-17
-28
-153
-8
-98
187
252
-293
-245
248
-368
-297
148
-223
-61
214
-321
-383
15
-167
-381
-59
318
-510
-155
139
-234
-255
-18
-390
-490
392
-49
-266
157
-41
-633
-98
69
-348
-286
479
-21
-333
146
-258
-299
-24
-107
88
237
-359
181
86
-263
67
-75
-237
480
-141
34
463
-306
-131
217
165
-328
453
14
-233
590
-3
-125
411
-531
-3
610
-172
268
530
-85
-490
608
-106
-101
544
147
33
331
190
-169
470
64
-296
589
147
-222
934
-128
-106
501
-307
-5
385
90
-123
631
-367
-125
628
-544
-57
317
-299
-215
429
6
-509
132
-26
-743
396
-98
-354
115
-483
-114
-7
-105
-337
-139
-258
-352
-66
-104
-95
-455
-310
87
-197
-325
-200
-56
-495
-75
182
-407
-12
-134
-685
486
132
-786
620
12
-762
249
367
-502
348
266
-292
88
-134
114
386
393
-536
237
586
-588
408
717
-629
263
619
-401
567
303
-46
188
283
-92
280
720
-290
354
512
-218
300
439
-103
268
629
-114
-34
865
-245
-94
733
-366
92
596
-203
44
568
-358
-331
590
-383
-142
524
-453
-198
85
-63
-222
-411
36
-458
-85
-97
-536
318
-674
-680
163
-522
-270
-245
-254
-272
-636
-247
-152
-472
-399
-228
-220
-376
-121
-142
-374
-240
-394
-271
92
-16
-65
168
-365
-242
372
-100
-97
396
71
-2
347
290
182
185
177
176
573
223
320
620
184
320
417
456
108
316
677
276
161
631
180
95
421
94
226
331
367
38
256
137
-217
333
171
-166
181
-38
-60
133
-58
-63
15
-150
-335
103
-88
-302
18
-101
-339
-133
-124
-501
90
-280
-507
371
-419
-667
226
-380
-744
260
-153
-476
-30
-193
-509
-62
-159
-679
278
1
-652
100
162
-596
-201
-18
-108
-38
-113
79
-119
26
-295
34
91
-173
141
151
-20
161
67
-128
247
135
-35
125
456
32
60
553
85
-68
375
344
-54
627
326
-203
615
352
-119
487
363
-59
315
259
275
339
127
-23
304
166
-172
455
182
-205
395
-84
-190
195
-30
-225
133
189
-353
-16
17
-545
-82
99
-374
-43
-120
-387
-274
-208
-377
-119
-179
-435
-174
-392
-378
40
-312
-411
-199
-257
-410
-350
92
-239
-168
-142
-478
41
-65
-474
246
18
-457
145
144
-193
94
-71
-70
443
17
-137
460
96
-228
249
424
88
104
389
43
172
202
120
495
85
130
462
79
-3
288
379
128
85
246
262
120
169
260
9
141
240
92
69
164
81
-131
368
121
-266
330
42
-319
254
-34
-169
147
37
-235
-15
250
-501
-65
68
-407
82
6
-309
-56
-52
-377
-140
-153
-241
27
-214
-445
139
-186
-513
203
-312
-333
135
-279
-327
79
-202
-291
59
-180
-120
-67
-88
-189
-183
124
34
-233
79
-13
-104
175
-36
-11
36
88
119
-4
129
274
6
85
190
-66
325
176
59
353
181
-40
105
304
170
99
239
107
-32
328
167
-42
164
-13
148
178
-72
172
32
-112
143
-27
-60
137
-102
43
28
-121
-55
-75
35
-41
-112
25
-129
-132
93
-53
-44
-92
-185
-19
66
-44
-93
-34
-41
0
-36
-162
52
37
-138
7
106
-81
-226
138
-59
-107
130
-5
-137
-43
-34
-16
-45
41
-44
-178
160
-83
-165
41
13
-154
52
10
-168
-24
52
-55
-115
86
-81
2
30
-108
0
-11
-40
49
-42
45
55
-189
173
36
-106
188
-125
-94
271
-53
-39
294
-171
-15
235
-133
2
224
-29
59
261
-160
37
245
-202
75
321
-95
28
277
-68
-69
158
45
-50
214
32
-161
236
66
-200
144
138
-228
36
162
-81
28
89
-94
-112
-24
85
-11
-27
-32
-45
33
-157
-5
64
-129
-1
-92
-48
139
-140
-171
45
-1
-236
59
181
-332
-35
73
-204
-60
102
-159
-38
102
-230
-128
237
-74
-320
183
-25
-222
143
63
-244
154
-32
-257
196
44
-168
30
107
-93
43
78
1
6
-30
-20
77
72
19
82
-6
-42
106
45
33
110
-82
36
239
-141
71
248
-158
129
158
-76
75
137
-60
20
183
4
10
194
-49
-15
191
-85
-59
185
40
-65
121
47
-42
-10
24
-60
0
58
-12
-8
-17
24
-50
-29
-19
-92
-27
61
-99
-28
9
-123
-54
-26
-101
-43
-1
-121
-44
-63
-85
-7
-98
-141
-40
-16
-80
-48
15
-142
-87
-15
-135
37
48
-159
6
28
-81
-13
-12
-50
-22
33
-20
70
-4
-10
61
-62
32
76
-5
76
39
28
66
67
64
-13
93
28
-39
200
116
6
93
72
-9
33
92
47
34
79
66
37
107
4
-13
95
-19
18
133
16
33
33
-48
34
27
-3
18
17
-2
-41
45
24
-51
4
-19
-77
25
-1
-113
-44
-31
-55
-60
-20
1
-100
-86
-51
-85
6
-1
-103
-30
-53
-121
-43
12
-98
-92
2
-21
-59
-34
6
-35
-63
-58
3
28
-55
-34
35
-36
-59
8
18
12
1
-26
38
59
-47
18
107
-68
-35
116
75
-27
42
76
-16
27
58
55
79
31
22
40
70
83
-11
52
131
-35
-9
158
41
-55
125
78
-64
70
95
-60
-3
131
-31
18
87
-25
-52
77
54
-97
-5
70
-70
-63
87
-58
-110
33
-8
-134
19
22
-156
-67
-4
-85
-120
27
-20
-162
-43
-5
-158
-82
41
-136
-71
68
-132
-105
104
-81
-156
54
-22
-189
113
104
-191
52
68
-160
13
164
-102
-29
102
-81
31
191
-54
-48
115
-39
20
70
36
56
82
27
43
58
46
67
-25
22
97
92
-25
107
83
-109
50
125
-55
101
184
-116
50
123
-59
-16
173
-27
-47
140
-28
-3
41
-35
-10
46
-20
1
26
-9
-30
-51
7
27
-50
-55
16
-33
-26
-24
-9
-24
-105
48
-29
-113
32
-14
-104
14
-7
-107
26
-21
-103
15
35
-100
-18
16
-75
-26
15
-41
-22
28
-90
-21
42
-61
12
24
-53
2
4
-27
3
25
-4
-7
-4
15
27
-19
28
19
5
42
29
3
53
39
-29
51
57
-5
29
51
-18
68
63
-28
40
34
-8
47
54
13
30
22
-7
30
48
-20
-3
19
-4
7
41
-11
-27
26
-32
-22
47
-54
-8
39
-64
-3
13
-36
-31
15
-33
-51
41
-31
-45
33
-63
-35
25
-42
-17
-12
-11
-50
-34
10
-47
4
-19
-55
-11
-12
-36
-8
3
-33
-35
14
-12
-12
2
-36
15
-4
-7
18
17
-22
0
34
-9
16
43
8
-7
46
9
3
51
20
-12
36
42
-32
40
35
-14
11
22
16
26
34
-9
2
21
-6
18
26
-9
16
-3
-14
29
1
-12
24
-11
-31
50
9
-51
14
12
-26
-5
25
-19
-35
27
-9
-25
26
-8
-42
0
-1
-22
22
-20
-37
26
-11
-46
23
11
-33
8
3
-24
-13
15
-14
-10
10
-14
7
-16
-9
5
-9
-1
-9
0
-9
-1
8
-21
14
7
-33
22
-4
-32
32
14
-24
20
