8
10
8
7
9
6
4
2
-1
-2
-4
-7
-5
-5
-6
-2
1
5
6
6
7
3
1
-3
-6
-8
-10
-8
-3
0
2
0
-1
-2
-3
-1
0
3
4
1
1
1
2
5
4
2
3
-2
-4
-4
-5
-3
-1
-1
-2
-3
-4
-6
-6
-6
-7
-5
-3
0
3
0
2
4
5
4
1
-1
0
2
3
5
8
7
5
3
1
1
-1
-3
-2
-3
1
4
4
3
4
6
4
2
-1
-4
-7
-7
-4
0
2
-1
-2
-3
-4
-3
-4
-15
-31
-43
-52
-48
-31
-8
8
19
20
22
30
30
45
73
88
57
-14
-74
-108
-94
-48
14
72
102
72
10
-51
-99
-102
-48
51
131
153
116
25
-80
-82
75
252
273
61
-249
-471
-491
-323
-35
228
325
364
401
341
91
-245
-473
-481
-333
6
403
488
209
-264
-600
-548
-195
290
735
930
793
519
119
-434
-971
-1260
-1085
-556
40
530
759
668
360
-6
-275
-353
-351
-322
-217
-52
174
400
476
387
161
-104
-199
-76
185
455
555
427
130
-225
-422
-421
-286
-107
21
96
118
88
41
-37
-182
-341
-445
-431
-297
-93
91
199
191
113
22
-95
-208
-270
-257
-156
-4
121
196
211
181
121
33
-57
-105
-100
-51
9
69
140
204
223
157
43
-41
-32
44
137
198
205
178
135
82
31
7
12
27
33
35
82
207
373
455
395
212
2
-146
-184
-97
43
165
240
240
178
78
6
46
158
314
450
480
439
314
92
-94
-250
-345
-336
-340
-339
-335
-393
-464
-599
-814
-1024
-1215
-1352
-1445
-1512
-1549
-1580
-1571
-1526
-1412
-1209
-952
-678
-451
-230
-38
149
422
666
931
1194
1292
1411
1571
1749
2063
2271
2263
2140
1880
1622
1453
1266
1082
927
753
620
540
427
292
66
-294
-650
-958
-1148
-1159
-1105
-1004
-868
-774
-681
-601
-556
-482
-374
-245
-71
107
229
288
292
245
246
315
388
505
587
628
783
979
1263
1642
1781
1698
1397
803
249
-214
-650
-845
-941
-992
-840
-687
-604
-628
-998
-1629
-2304
-2896
-3202
-3212
-3137
-3084
-3124
-3280
-3370
-3283
-3008
-2518
-1961
-1460
-1010
-659
-308
128
611
1186
1764
2230
2623
2965
3332
3781
4198
4455
4476
4247
3885
3545
3314
3194
3087
2897
2555
2051
1447
780
101
-520
-1087
-1554
-1927
-2212
-2325
-2277
-2117
-1902
-1765
-1706
-1671
-1660
-1584
-1455
-1365
-1263
-1180
-1091
-860
-561
-230
141
404
576
684
668
633
589
462
353
239
104
56
33
-2
17
-21
-79
0
181
536
1053
1429
1649
1662
1374
1023
638
191
-101
-364
-580
-571
-515
-381
-222
-256
-427
-698
-1130
-1594
-2110
-2691
-3243
-3708
-4029
-4066
-3794
-3272
-2560
-1822
-1235
-796
-544
-438
-318
-198
-12
323
736
1317
2080
2890
3750
4445
4829
4910
4638
4173
3691
3216
2868
2621
2404
2275
2158
2033
1888
1594
1114
441
-401
-1245
-1946
-2420
-2615
-2568
-2345
-2002
-1602
-1252
-999
-930
-1061
-1323
-1642
-1908
-2001
-1911
-1626
-1181
-668
-139
367
743
980
1034
862
600
260
-76
-275
-422
-463
-338
-252
-27
212
379
630
825
957
1201
1245
1267
1255
1046
915
744
485
335
104
-138
-247
-398
-434
-471
-627
-869
-1190
-1596
-1942
-2272
-2610
-2991
-3400
-3842
-4093
-4088
-3835
-3290
-2657
-2056
-1425
-890
-353
226
669
1052
1311
1427
1614
1918
2389
3082
3786
4402
4866
5084
5112
5002
4733
4336
3814
3156
2477
1884
1432
1182
1045
875
614
209
-309
-824
-1312
-1729
-2056
-2334
-2559
-2668
-2649
-2515
-2284
-2092
-1955
-1854
-1831
-1767
-1612
-1451
-1213
-1003
-843
-616
-430
-203
99
349
602
783
786
736
520
230
-5
-236
-350
-319
-236
41
424
846
1393
1780
2004
2085
1892
1557
1151
575
70
-420
-852
-1001
-974
-805
-547
-410
-371
-439
-696
-1000
-1407
-1970
-2653
-3390
-4030
-4377
-4419
-4125
-3559
-2892
-2207
-1551
-904
-252
334
790
1107
1246
1282
1309
1465
1821
2300
2856
3399
3853
4244
4544
4783
4971
4930
4676
4196
3509
2796
2111
1515
1077
672
328
91
-112
-234
-344
-541
-827
-1253
-1773
-2193
-2503
-2690
-2764
-2804
-2818
-2789
-2749
-2578
-2275
-1943
-1604
-1309
-1082
-864
-713
-586
-410
-294
-181
-43
105
336
554
680
867
937
919
875
739
654
681
716
962
1320
1573
1846
1927
1851
1719
1391
962
535
-39
-550
-968
-1316
-1492
-1610
-1687
-1678
-1684
-1686
-1661
-1726
-1882
-2202
-2627
-3062
-3445
-3703
-3799
-3727
-3456
-3029
-2384
-1524
-603
329
1103
1654
2052
2284
2453
2663
2802
2930
3036
3086
3242
3477
3773
4160
4447
4573
4571
4360
4058
3681
3179
2600
1911
1110
318
-406
-990
-1374
-1620
-1777
-1878
-1953
-1996
-1972
-1917
-1877
-1888
-1994
-2186
-2375
-2530
-2593
-2527
-2411
-2229
-1968
-1651
-1223
-703
-181
324
706
915
1030
1035
948
836
620
347
85
-218
-410
-428
-350
-88
275
640
1066
1410
1620
1784
1765
1573
1275
796
258
-275
-837
-1258
-1512
-1674
-1667
-1566
-1410
-1180
-987
-849
-742
-796
-1028
-1399
-1886
-2380
-2833
-3196
-3361
-3323
-3120
-2707
-2085
-1301
-434
398
1156
1793
2233
2512
2665
2707
2660
2528
2397
2341
2371
2528
2809
3157
3522
3818
4031
4166
4139
3946
3585
3044
2377
1614
844
192
-382
-873
-1237
-1501
-1647
-1695
-1668
-1540
-1415
-1388
-1431
-1519
-1629
-1750
-1882
-2006
-2141
-2298
-2419
-2425
-2292
-2080
-1813
-1486
-1146
-811
-472
-138
150
291
257
115
-81
-297
-491
-610
-661
-652
-545
-298
121
643
1154
1636
2017
2235
2318
2253
2055
1738
1261
714
192
-305
-710
-1016
-1236
-1351
-1418
-1401
-1258
-1120
-1044
-1079
-1260
-1538
-1925
-2331
-2662
-2969
-3214
-3345
-3319
-3014
-2466
-1716
-782
166
1029
1791
2408
2923
3315
3536
3630
3576
3387
3204
3094
3067
3130
3221
3325
3445
3511
3535
3548
3460
3220
2843
2329
1751
1120
430
-225
-845
-1429
-1884
-2199
-2379
-2458
-2498
-2470
-2373
-2262
-2139
-2021
-1964
-2010
-2125
-2217
-2267
-2284
-2286
-2262
-2185
-2062
-1857
-1515
-1103
-706
-385
-155
41
182
264
337
369
337
276
247
331
521
757
1026
1300
1534
1727
1873
1999
2050
1944
1688
1321
889
427
-28
-428
-775
-1124
-1441
-1671
-1788
-1815
-1823
-1840
-1885
-2013
-2188
-2335
-2432
-2477
-2507
-2517
-2445
-2280
-1997
-1550
-974
-326
322
940
1552
2143
2670
3139
3519
3768
3883
3897
3881
3861
3825
3793
3765
3708
3601
3467
3332
3181
2970
2688
2339
1899
1349
751
171
-387
-922
-1415
-1839
-2202
-2523
-2776
-2921
-2972
-2979
-2963
-2932
-2903
-2892
-2874
-2797
-2671
-2548
-2458
-2391
-2318
-2217
-2052
-1778
-1425
-1086
-797
-547
-305
-58
182
414
597
680
686
715
833
1063
1336
1625
1886
2069
2190
2286
2358
2347
2177
1860
1459
1008
554
130
-248
-605
-983
-1337
-1602
-1773
-1880
-1971
-2058
-2154
-2281
-2392
-2439
-2427
-2389
-2352
-2287
-2145
-1921
-1594
-1154
-634
-86
460
1026
1632
2230
2782
3267
3646
3903
4047
4123
4148
4088
3929
3712
3459
3188
2925
2696
2496
2274
2012
1743
1468
1156
782
344
-140
-667
-1207
-1703
-2133
-2514
-2844
-3095
-3230
-3254
-3192
-3057
-2886
-2718
-2556
-2376
-2166
-1961
-1798
-1687
-1613
-1560
-1491
-1375
-1214
-1047
-900
-751
-573
-358
-104
159
404
600
755
909
1103
1338
1564
1752
1905
2022
2101
2157
2171
2115
1954
1698
1407
1116
830
544
245
-74
-410
-752
-1054
-1311
-1559
-1834
-2124
-2401
-2633
-2790
-2854
-2840
-2787
-2721
-2624
-2452
-2186
-1838
-1434
-1001
-569
-135
326
831
1365
1892
2384
2825
3204
3529
3809
4030
4168
4201
4127
3964
3725
3438
3127
2806
2470
2124
1790
1472
1155
842
534
219
-121
-489
-872
-1261
-1658
-2047
-2393
-2676
-2894
-3034
-3075
-3024
-2904
-2729
-2505
-2249
-1997
-1774
-1576
-1406
-1262
-1131
-993
-856
-733
-632
-538
-438
-328
-208
-78
50
184
342
546
816
1117
1413
1678
1892
2053
2151
2177
2114
1937
1649
1283
889
514
165
-169
-487
-791
-1059
-1280
-1451
-1595
-1764
-1971
-2208
-2447
-2645
-2798
-2900
-2949
-2957
-2886
-2722
-2464
-2112
-1709
-1279
-825
-353
161
719
1293
1867
2409
2901
3357
3762
4120
4403
4561
4597
4511
4334
4105
3839
3555
3250
2913
2582
2263
1955
1655
1326
964
560
111
-340
-788
-1223
-1625
-2013
-2356
-2638
-2860
-2991
-3053
-3054
-2978
-2851
-2659
-2409
-2147
-1873
-1630
-1426
-1239
-1090
-965
-876
-838
-806
-777
-722
-621
-512
-383
-256
-120
59
260
504
746
949
1138
1286
1417
1540
1604
1611
1521
1336
1111
838
571
304
-1
-307
-630
-937
-1176
-1381
-1540
-1686
-1863
-2026
-2192
-2314
-2362
-2388
-2357
-2306
-2233
-2068
-1837
-1515
-1123
-735
-325
73
483
949
1411
1890
2339
2729
3113
3462
3805
4122
4326
4443
4431
4310
4147
3895
3598
3243
2804
2367
1926
1522
1183
836
510
181
-163
-465
-773
-1088
-1412
-1788
-2152
-2491
-2789
-3004
-3173
-3273
-3285
-3221
-3048
-2797
-2506
-2177
-1859
-1544
-1235
-968
-746
-596
-514
-468
-453
-443
-429
-416
-390
-328
-211
-21
231
511
802
1076
1331
1561
1741
1850
1860
1758
1558
1291
983
661
324
-16
-342
-651
-910
-1114
-1275
-1404
-1537
-1679
-1823
-1971
-2102
-2217
-2315
-2385
-2421
-2398
-2288
-2083
-1789
-1425
-1011
-552
-61
449
972
1483
1962
2405
2797
3152
3474
3749
3982
4149
4247
4283
4242
4139
3968
3724
3422
3058
2657
2230
1781
1334
883
439
18
-384
-747
-1082
-1401
-1700
-1986
-2239
-2454
-2637
-2787
-2919
-3030
-3089
-3085
-3003
-2844
-2640
-2391
-2099
-1771
-1392
-1002
-647
-344
-140
-7
89
129
151
120
40
-14
-44
10
170
344
561
747
918
1115
1281
1413
1473
1383
1207
943
641
365
46
-275
-630
-999
-1281
-1481
-1599
-1651
-1744
-1827
-1907
-1965
-1933
-1892
-1855
-1838
-1869
-1842
-1738
-1556
-1274
-986
-667
-299
111
627
1191
1746
2264
2684
3050
3393
3684
3944
4110
4164
4129
4003
3858
3703
3509
3275
2970
2616
2269
1922
1600
1272
899
498
72
-347
-729
-1098
-1462
-1827
-2199
-2513
-2766
-2952
-3059
-3129
-3158
-3133
-3058
-2895
-2677
-2432
-2168
-1922
-1658
-1378
-1099
-805
-534
-302
-86
95
263
413
539
644
721
795
875
955
1048
1130
1187
1233
1266
1277
1256
1179
1027
806
542
245
-90
-450
-836
-1221
-1574
-1862
-2087
-2279
-2442
-2581
-2699
-2749
-2731
-2670
-2559
-2425
-2245
-1996
-1662
-1261
-838
-420
-10
385
811
1261
1718
2177
2594
2985
3371
3736
4084
4377
4562
4623
4563
4433
4223
3961
3654
3256
2809
2359
1903
1495
1130
793
445
84
-234
-556
-846
-1089
-1385
-1719
-2035
-2379
-2666
-2884
-3059
-3200
-3306
-3325
-3264
-3093
-2776
-2430
-2089
-1712
-1419
-1122
-801
-524
-284
-114
-1
104
218
437
656
850
1080
1198
1325
1467
1543
1576
1549
1423
1250
1023
841
619
356
103
-259
-621
-945
-1292
-1603
-1861
-2129
-2399
-2659
-2847
-3011
-3103
-3113
-3149
-3139
-3073
-2995
-2820
-2498
-2098
-1644
-1113
-562
-27
603
1285
1921
2539
3090
3521
3894
4256
4567
4829
5033
5106
5060
5003
4888
4687
4500
4254
3851
3395
2953
2500
2039
1548
1020
497
0
-508
-985
-1321
-1613
-1991
-2338
-2596
-2829
-3029
-3188
-3316
-3414
-3509
-3587
-3574
-3453
-3299
-3116
-2834
-2529
-2266
-1931
-1474
-1036
-677
-337
31
396
675
899
1176
1470
1654
1728
1839
2009
2079
2033
1947
1801
1592
1334
1031
721
394
22
-392
-792
-1135
-1470
-1792
-2085
-2408
-2725
-2976
-3193
-3374
-3485
-3554
-3621
-3603
-3479
-3318
-3058
-2657
-2212
-1732
-1156
-518
160
888
1596
2247
2915
3550
4050
4511
4965
5286
5473
5606
5653
5589
5458
5243
4928
4580
4184
3715
3255
2807
2318
1829
1363
874
374
-91
-560
-1060
-1522
-1943
-2371
-2757
-3067
-3331
-3540
-3688
-3773
-3776
-3708
-3639
-3544
-3351
-3150
-2993
-2790
-2531
-2279
-2016
-1717
-1375
-967
-523
-114
343
892
1358
1716
2082
2401
2574
2634
2626
2530
2350
2089
1753
1428
1136
747
328
11
-298
-679
-1042
-1328
-1628
-1995
-2351
-2667
-2968
-3266
-3563
-3783
-3911
-4008
-4068
-4005
-3773
-3475
-3148
-2678
-2091
-1475
-813
-74
675
1396
2114
2806
3426
3989
4473
4847
5183
5442
5560
5621
5651
5571
5395
5197
4964
4628
4233
3825
3382
2889
2341
1785
1271
734
145
-388
-836
-1298
-1781
-2143
-2400
-2686
-2979
-3172
-3283
-3401
-3544
-3623
-3615
-3609
-3610
-3538
-3347
-3125
-2914
-2628
-2216
-1772
-1369
-945
-433
63
457
833
1215
1539
1742
1893
2016
2075
2032
1913
1790
1652
1424
1112
806
500
145
-255
-633
-989
-1369
-1772
-2122
-2432
-2739
-3027
-3244
-3406
-3558
-3666
-3677
-3616
-3491
-3283
-3009
-2665
-2270
-1799
-1228
-598
25
659
1337
2033
2653
3249
3868
4400
4777
5072
5351
5546
5569
5501
5429
5291
5021
4648
4314
4037
3669
3178
2704
2308
1875
1341
845
424
-42
-576
-1089
-1515
-1871
-2230
-2597
-2894
-3118
-3316
-3477
-3521
-3494
-3491
-3478
-3377
-3230
-3021
-2771
-2523
-2268
-1958
-1614
-1244
-836
-429
-50
320
677
935
1196
1481
1628
1601
1571
1532
1408
1199
930
645
380
88
-275
-543
-670
-878
-1225
-1484
-1635
-1801
-2002
-2224
-2467
-2675
-2837
-2999
-3075
-3015
-2953
-2885
-2661
-2313
-1927
-1445
-867
-309
231
822
1446
2047
2573
2981
3346
3722
3990
4109
4226
4342
4344
4272
4205
4116
3988
3834
3628
3401
3175
2884
2544
2209
1839
1433
1057
669
189
-251
-572
-895
-1261
-1585
-1843
-2049
-2222
-2387
-2500
-2535
-2587
-2695
-2689
-2564
-2494
-2441
-2277
-2074
-1883
-1602
-1246
-903
-569
-262
31
373
685
818
903
1025
981
792
680
584
346
72
-160
-396
-595
-769
-991
-1171
-1272
-1464
-1680
-1752
-1825
-2025
-2153
-2194
-2285
-2358
-2337
-2302
-2232
-2072
-1925
-1729
-1399
-1064
-752
-330
121
513
941
1420
1820
2197
2592
2905
3157
3392
3534
3600
3670
3652
3528
3418
3326
3123
2892
2708
2523
2298
2064
1820
1595
1382
1088
750
516
307
-55
-395
-574
-764
-1054
-1267
-1382
-1487
-1609
-1718
-1788
-1759
-1734
-1794
-1736
-1542
-1439
-1370
-1115
-834
-657
-452
-147
101
308
493
605
706
775
681
550
490
299
-36
-286
-469
-771
-1075
-1258
-1426
-1630
-1808
-1966
-2061
-2128
-2291
-2462
-2473
-2472
-2618
-2696
-2583
-2484
-2441
-2293
-2024
-1692
-1357
-1027
-591
-41
444
838
1330
1885
2272
2554
2889
3168
3302
3339
3350
3359
3298
3133
2979
2921
2807
2584
2451
2390
2235
2016
1831
1666
1431
1117
810
530
241
-99
-429
-657
-869
-1133
-1326
-1396
-1465
-1571
-1597
-1528
-1482
-1450
-1366
-1212
-1021
-888
-753
-522
-255
-54
107
359
628
742
836
1008
1071
978
865
757
599
357
49
-220
-399
-641
-954
-1137
-1238
-1453
-1692
-1784
-1837
-2014
-2203
-2289
-2320
-2349
-2441
-2529
-2468
-2381
-2370
-2287
-2066
-1841
-1658
-1370
-936
-539
-203
207
681
1129
1499
1813
2156
2462
2640
2793
2961
3036
3001
2957
2951
2896
2681
2437
2303
2136
1843
1540
1316
1125
866
589
435
319
100
-117
-216
-288
-437
-633
-770
-820
-925
-1112
-1232
-1264
-1304
-1369
-1370
-1241
-1096
-979
-739
-401
-87
207
512
847
1167
1368
1477
1583
1598
1450
1227
1016
756
359
-54
-338
-613
-966
-1268
-1453
-1568
-1707
-1870
-1921
-1891
-1942
-2017
-1999
-1940
-1944
-1979
-1921
-1804
-1764
-1735
-1587
-1380
-1215
-1051
-791
-453
-154
121
467
841
1149
1394
1651
1911
2066
2114
2173
2244
2209
2076
1965
1878
1716
1493
1319
1195
1013
791
631
538
416
216
76
39
-54
-222
-342
-377
-413
-525
-633
-638
-623
-676
-708
-644
-566
-561
-514
-335
-152
-62
31
226
479
639
723
868
1041
1129
1144
1182
1222
1132
957
829
698
457
124
-166
-392
-690
-1047
-1338
-1530
-1729
-1973
-2121
-2157
-2196
-2236
-2198
-2047
-1917
-1842
-1674
-1428
-1212
-1076
-936
-680
-424
-250
-53
222
501
706
947
1282
1562
1727
1859
2072
2273
2301
2252
2223
2161
2003
1754
1527
1317
1010
635
329
103
-195
-511
-695
-827
-982
-1129
-1199
-1163
-1134
-1166
-1154
-1031
-952
-966
-890
-747
-685
-657
-582
-426
-253
-165
-32
252
494
660
890
1176
1447
1597
1674
1822
1907
1802
1697
1595
1373
1080
728
385
86
-324
-748
-1022
-1319
-1657
-1893
-2055
-2164
-2269
-2411
-2418
-2340
-2343
-2301
-2147
-1967
-1789
-1621
-1360
-980
-653
-375
4
417
761
1060
1375
1727
2014
2165
2319
2527
2641
2647
2653
2675
2642
2509
2350
2220
2033
1743
1434
1141
822
444
56
-273
-584
-925
-1225
-1434
-1609
-1791
-1930
-1987
-2027
-2106
-2145
-2097
-2039
-2005
-1941
-1786
-1573
-1402
-1208
-886
-537
-226
77
422
808
1125
1351
1592
1820
1948
1998
1995
1959
1888
1715
1493
1289
1033
718
387
40
-293
-631
-999
-1316
-1591
-1883
-2107
-2269
-2415
-2502
-2547
-2525
-2429
-2337
-2197
-1957
-1683
-1413
-1111
-741
-352
-1
349
752
1164
1517
1846
2194
2526
2789
3000
3202
3379
3453
3446
3431
3360
3170
2915
2646
2329
1916
1447
1011
588
120
-353
-748
-1068
-1383
-1668
-1853
-1960
-2074
-2187
-2229
-2224
-2249
-2300
-2306
-2256
-2219
-2204
-2119
-1916
-1688
-1473
-1178
-771
-344
43
443
885
1287
1576
1779
1966
2093
2070
1945
1802
1614
1335
997
681
370
11
-364
-710
-1027
-1333
-1626
-1877
-2083
-2266
-2422
-2515
-2546
-2547
-2511
-2420
-2283
-2114
-1892
-1612
-1306
-980
-622
-223
203
623
1041
1482
1908
2278
2606
2933
3236
3438
3561
3686
3793
3784
3673
3559
3449
3244
2920
2582
2289
1934
1456
969
557
134
-354
-820
-1180
-1483
-1808
-2109
-2307
-2429
-2561
-2693
-2749
-2739
-2740
-2745
-2673
-2534
-2369
-2170
-1905
-1571
-1195
-793
-353
112
546
928
1289
1619
1841
1950
2012
2023
1933
1736
1502
1270
1010
674
309
-5
-298
-636
-985
-1271
-1522
-1807
-2080
-2290
-2462
-2631
-2766
-2826
-2822
-2793
-2717
-2536
-2286
-2037
-1741
-1337
-901
-509
-93
397
880
1297
1698
2137
2552
2866
3120
3403
3663
3785
3822
3881
3910
3812
3630
3440
3236
2954
2598
2238
1897
1517
1072
652
288
-100
-508
-861
-1186
-1540
-1873
-2136
-2368
-2595
-2795
-2924
-2958
-2941
-2909
-2783
-2522
-2242
-1985
-1629
-1181
-779
-434
-71
299
632
893
1066
1239
1417
1471
1422
1412
1403
1282
1102
933
747
527
275
-10
-287
-546
-840
-1149
-1402
-1646
-1904
-2086
-2210
-2350
-2446
-2426
-2362
-2293
-2162
-1963
-1735
-1487
-1225
-930
-572
-239
24
330
709
1026
1294
1614
1940
2197
2418
2638
2852
3021
3080
3063
3065
3025
2861
2672
2526
2313
2009
1735
1510
1275
1018
738
478
253
-20
-332
-570
-779
-1087
-1400
-1606
-1791
-1987
-2098
-2121
-2097
-2023
-1915
-1741
-1461
-1178
-957
-680
-353
-144
-3
215
409
479
511
537
520
497
450
351
285
225
56
-111
-155
-237
-414
-532
-594
-726
-868
-944
-1016
-1120
-1235
-1354
-1418
-1423
-1459
-1481
-1377
-1239
-1177
-1045
-766
-497
-296
-54
228
479
699
890
1073
1268
1387
1423
1510
1621
1636
1616
1658
1676
1625
1578
1539
1497
1445
1339
1224
1166
1068
890
770
689
505
288
140
-21
-229
-413
-577
-738
-880
-1018
-1108
-1093
-1062
-1065
-983
-798
-653
-532
-334
-126
-1
88
173
239
277
258
182
132
92
-18
-118
-134
-173
-285
-355
-369
-413
-480
-539
-597
-657
-729
-819
-869
-879
-944
-1018
-988
-931
-935
-904
-778
-645
-535
-402
-221
-17
166
319
502
721
875
965
1087
1207
1246
1248
1259
1237
1169
1088
999
912
822
698
584
536
471
357
299
284
209
103
42
-15
-103
-205
-321
-425
-500
-617
-754
-808
-828
-904
-933
-863
-792
-727
-604
-452
-296
-133
13
153
296
386
417
458
486
437
362
318
251
146
65
23
-21
-72
-116
-141
-144
-164
-221
-257
-276
-351
-458
-533
-590
-667
-746
-794
-809
-795
-766
-708
-586
-427
-278
-122
81
292
473
649
839
1006
1126
1219
1300
1367
1392
1371
1342
1310
1232
1116
1021
939
822
688
585
508
422
320
238
173
80
-49
-164
-267
-407
-585
-754
-905
-1074
-1257
-1407
-1510
-1583
-1632
-1635
-1569
-1449
-1315
-1141
-913
-690
-494
-295
-97
47
134
192
225
219
161
85
30
-23
-102
-156
-162
-162
-166
-125
-55
0
44
91
140
167
149
107
81
48
-20
-76
-84
-85
-88
-43
46
145
262
402
558
720
867
996
1134
1271
1352
1402
1466
1512
1500
1459
1419
1361
1266
1144
1016
890
751
599
465
361
251
144
81
37
-20
-75
-121
-183
-271
-384
-520
-672
-839
-1028
-1226
-1404
-1560
-1689
-1773
-1817
-1821
-1774
-1669
-1538
-1392
-1220
-1032
-855
-697
-562
-450
-357
-299
-271
-255
-255
-272
-292
-313
-330
-343
-340
-319
-285
-251
-204
-147
-94
-43
-2
28
48
52
46
39
25
7
8
39
91
157
252
388
552
724
912
1112
1312
1493
1647
1777
1883
1950
1976
1965
1926
1859
1766
1655
1518
1376
1245
1116
986
872
776
687
608
539
481
425
353
273
190
86
-52
-210
-377
-571
-787
-1006
-1216
-1415
-1590
-1732
-1831
-1879
-1890
-1856
-1768
-1669
-1566
-1446
-1317
-1216
-1160
-1122
-1087
-1078
-1112
-1164
-1183
-1178
-1184
-1182
-1124
-1029
-937
-839
-701
-550
-421
-310
-197
-79
5
42
78
127
150
141
145
180
214
240
288
370
468
566
676
820
976
1110
1242
1406
1558
1657
1743
1832
1889
1892
1861
1814
1747
1653
1532
1415
1322
1224
1118
1043
1002
955
914
902
891
860
829
788
722
633
520
375
217
41
-170
-371
-541
-720
-899
-1023
-1114
-1195
-1247
-1264
-1272
-1266
-1246
-1242
-1252
-1262
-1294
-1351
-1414
-1500
-1598
-1672
-1739
-1817
-1860
-1853
-1840
-1806
-1727
-1623
-1505
-1370
-1241
-1111
-964
-840
-753
-658
-557
-484
-423
-346
-260
-163
-46
79
230
421
616
808
1024
1243
1434
1611
1776
1900
1995
2065
2087
2073
2042
1983
1898
1811
1709
1595
1501
1413
1307
1216
1143
1066
993
934
873
814
770
715
653
605
548
467
384
300
204
100
-8
-122
-223
-316
-416
-502
-555
-601
-650
-678
-690
-703
-720
-732
-744
-768
-804
-854
-905
-966
-1052
-1156
-1254
-1355
-1462
-1560
-1632
-1690
-1732
-1748
-1733
-1693
-1639
-1580
-1512
-1438
-1371
-1311
-1252
-1192
-1143
-1090
-1019
-927
-824
-704
-547
-353
-141
83
332
600
861
1107
1344
1565
1750
1896
2017
2110
2164
2180
2176
2164
2125
2067
2003
1937
1861
1770
1679
1590
1484
1362
1249
1140
1018
887
761
642
513
375
240
115
-9
-138
-249
-342
-430
-512
-575
-623
-666
-708
-734
-748
-759
-767
-765
-752
-737
-719
-694
-660
-634
-622
-602
-576
-567
-579
-592
-603
-633
-682
-727
-762
-807
-865
-920
-964
-1008
-1065
-1122
-1168
-1211
-1256
-1287
-1299
-1308
-1318
-1312
-1271
-1201
-1112
-1013
-889
-738
-569
-373
-155
63
261
449
646
845
1032
1189
1324
1445
1558
1673
1785
1877
1930
1957
1982
2012
2021
2005
1968
1907
1829
1741
1652
1545
1404
1247
1105
977
831
653
464
290
140
10
-102
-227
-377
-525
-638
-694
-735
-816
-931
-1033
-1084
-1080
-1063
-1072
-1118
-1166
-1155
-1065
-957
-901
-901
-900
-828
-692
-558
-472
-462
-494
-486
-417
-331
-305
-375
-487
-562
-580
-556
-536
-574
-663
-752
-786
-749
-689
-657
-665
-686
-681
-628
-538
-439
-365
-313
-253
-160
-26
118
253
378
491
601
712
824
943
1060
1157
1225
1273
1319
1382
1447
1507
1545
1538
1496
1454
1430
1406
1349
1248
1117
976
843
734
628
506
360
206
72
-40
-125
-190
-261
-343
-421
-487
-536
-576
-610
-643
-691
-760
-815
-862
-917
-951
-948
-924
-901
-893
-877
-846
-828
-779
-658
-541
-477
-447
-433
-438
-452
-438
-380
-355
-417
-515
-579
-586
-528
-439
-397
-422
-461
-438
-330
-189
-76
-28
-38
-29
50
169
257
285
306
351
420
506
584
633
652
690
800
932
997
993
959
942
968
1017
1044
992
859
740
695
681
645
553
410
256
160
137
107
14
-109
-214
-286
-329
-337
-354
-425
-508
-528
-491
-456
-445
-429
-414
-424
-422
-371
-323
-312
-299
-283
-278
-271
-223
-140
-107
-147
-169
-137
-80
-26
-1
-31
-143
-251
-251
-199
-204
-303
-443
-561
-618
-578
-496
-482
-571
-663
-632
-521
-400
-292
-240
-235
-203
-67
142
304
335
336
391
475
605
725
794
803
747
783
915
1011
1066
1046
989
941
897
900
925
871
717
547
371
245
194
104
1
-152
-369
-509
-564
-569
-573
-666
-785
-845
-890
-891
-803
-747
-746
-757
-770
-710
-629
-562
-426
-334
-362
-361
-256
-114
30
144
192
209
198
266
467
592
558
485
427
401
396
379
354
252
64
-37
-34
-109
-228
-297
-343
-368
-407
-451
-486
-548
-563
-471
-352
-338
-412
-428
-345
-189
11
160
175
131
130
263
546
773
849
855
815
824
931
1079
1205
1215
1147
1095
1016
950
904
761
624
543
389
234
67
-153
-302
-405
-517
-573
-646
-840
-1031
-1087
-1123
-1129
-1084
-1100
-1138
-1202
-1246
-1197
-1091
-953
-845
-793
-769
-733
-656
-516
-252
-40
58
180
232
287
440
588
758
846
752
661
634
588
552
581
560
421
256
110
61
77
64
54
14
-13
-50
-128
-142
-156
-219
-296
-218
-43
-41
-94
-172
-279
-264
-133
102
277
288
240
191
306
559
725
858
986
981
896
946
1084
1099
1063
1006
894
802
671
481
317
232
135
7
-2
-117
-406
-588
-736
-766
-633
-651
-817
-1024
-1178
-1237
-1224
-1067
-1054
-1210
-1248
-1294
-1246
-1033
-925
-912
-806
-636
-520
-336
-134
-88
-30
67
149
299
432
465
395
364
391
297
309
443
410
347
298
189
183
267
288
294
353
312
184
195
234
174
155
158
100
111
182
183
160
124
44
74
314
536
561
540
546
548
632
806
914
808
667
652
667
695
589
343
263
284
245
234
214
60
-113
-85
15
4
-103
-338
-531
-459
-331
-456
-694
-812
-944
-1037
-901
-807
-924
-1027
-1067
-1036
-832
-624
-607
-639
-644
-620
-377
-98
-79
-86
-50
-132
-156
11
196
278
222
40
-95
-52
110
211
141
111
173
98
17
69
127
183
211
159
124
138
85
36
80
75
92
183
140
49
103
176
197
250
332
447
619
693
588
485
483
621
841
960
923
746
572
483
414
475
580
488
318
203
115
67
32
-73
-181
-181
-208
-273
-274
-298
-333
-449
-637
-674
-640
-607
-588
-719
-852
-831
-744
-664
-595
-599
-630
-545
-421
-271
-91
-118
-230
-208
-123
60
210
139
32
-16
-7
91
131
104
115
121
125
171
164
72
-3
-26
51
211
245
134
-4
-80
-36
32
40
35
59
62
28
18
8
22
125
164
115
118
95
81
177
246
271
305
218
97
84
111
186
245
237
236
174
77
41
44
112
140
101
93
52
29
34
-8
-33
-62
-86
-57
-35
-18
-59
-153
-208
-209
-202
-188
-181
-199
-202
-173
-163
-159
-96
-26
5
-35
-100
-105
-88
-51
-26
-61
-37
-12
-33
-20
-8
3
9
20
24
-28
-61
-62
-53
2
21
9
-9
12
60
45
48
31
-55
-65
-2
41
60
47
-14
-10
72
99
107
89
45
63
106
126
119
58
-7
-12
15
47
81
92
69
32
23
29
41
35
15
6
-41
-65
-41
-26
-30
-59
-64
-45
-29
-18
-5
21
-25
-85
-76
-39
-5
-1
-33
-69
-42
22
75
110
99
65
26
-17
-64
-64
-19
2
-3
-10
9
16
-6
-24
-50
-48
-25
-35
-46
-13
6
-20
-20
-18
-37
-34
-46
-36
18
49
34
4
-7
5
20
15
11
30
60
73
62
64
82
89
67
53
41
11
19
24
32
73
71
9
-43
-40
-22
-6
-3
-6
13
-6
-53
-85
-108
-111
-103
-85
-62
-58
-58
-74
-112
-127
-102
-68
-65
-78
-83
-78
-55
-14
12
17
47
73
69
65
51
70
100
96
88
87
72
48
42
45
61
86
98
116
105
69
36
5
13
46
71
57
32
28
-5
-53
-65
-56
-33
10
25
23
34
3
-51
-73
-72
-46
-2
7
-13
-9
20
32
27
26
18
-21
-65
-77
-66
-22
14
3
7
14
-1
9
4
-27
-34
-28
-38
-46
-57
-88
-99
-108
-103
-78
-70
-60
-65
-82
-78
-63
-59
-65
-60
-44
-17
0
-14
-19
-38
-72
-74
-38
3
34
81
105
103
98
71
63
64
58
75
78
67
83
111
125
133
135
134
138
115
96
106
96
75
59
55
56
55
53
47
34
8
-14
-6
14
18
7
-9
-16
-12
-22
-36
-48
-71
-61
-54
-77
-76
-63
-55
-45
-28
-24
-37
-68
-102
-99
-77
-62
-52
-58
-56
-48
-45
-50
-45
-31
-34
-48
-69
-78
-78
-89
-85
-66
-47
-53
-61
-55
-38
-18
-20
-21
-36
-59
-54
-14
23
37
49
36
11
-2
5
34
54
60
62
67
72
81
102
123
136
128
113
104
93
89
99
103
97
103
114
115
105
88
68
59
70
79
78
77
68
36
7
3
6
-4
-33
-56
-53
-44
-43
-36
-23
-29
-50
-68
-83
-103
-104
-94
-92
-81
-58
-66
-82
-93
-107
-91
-67
-81
-91
-82
-89
-98
-88
-81
-76
-65
-57
-51
-41
-35
-43
-56
-50
-31
-16
-15
-29
-37
-34
-17
7
14
10
2
1
21
36
33
27
34
52
74
89
100
110
97
76
75
85
92
109
133
142
131
116
125
129
128
141
135
117
99
86
96
108
111
117
100
73
53
35
27
22
11
-4
-27
-35
-39
-54
-55
-65
-84
-93
-103
-112
-120
-128
-121
-110
-105
-116
-134
-140
-150
-144
-123
-114
-103
-110
-114
-80
-73
-100
-96
-82
-80
-61
-53
-64
-67
-63
-50
-25
-23
-30
-32
-42
-44
-16
-1
-6
-4
3
21
31
23
21
29
42
57
71
81
88
86
83
91
91
108
136
140
135
130
116
115
121
122
130
140
133
122
122
118
96
78
70
75
75
69
55
32
10
-3
-6
-10
-13
-11
-26
-47
-57
-62
-66
-63
-61
-71
-89
-111
-120
-95
-78
-86
-97
-109
-122
-120
-89
-66
-70
-77
-80
-85
-86
-75
-79
-80
-55
-44
-43
-37
-46
-60
-60
-48
-40
-29
-28
-35
-37
-45
-50
-36
-9
14
30
42
44
27
11
10
25
48
64
66
60
54
37
32
54
81
96
115
128
115
101
102
108
120
131
122
115
112
79
57
61
59
57
82
93
70
50
27
4
6
9
7
-5
-32
-66
-95
-109
-95
-69
-38
-21
-27
-42
-60
-75
-68
-42
-24
-31
-50
-74
-108
-106
-70
-57
-51
-38
-43
-53
-41
-22
-12
-15
-21
-24
-38
-61
-70
-67
-58
-42
-24
-9
-13
-28
-27
-19
-14
-5
4
4
-1
-4
-9
2
16
18
28
34
24
22
25
31
42
47
44
50
61
63
73
87
88
83
73
64
59
52
47
50
51
45
29
11
10
8
6
16
17
7
1
-9
-12
-13
-25
-29
-23
-26
-27
-31
-40
-47
-51
-49
-41
-35
-34
-35
-30
-23
-26
-30
-29
-25
-21
-11
0
4
4
-3
-13
-12
-6
-5
-10
-18
-20
-19
-14
-6
-3
-2
-3
-3
1
-1
-8
-13
-10
-11
-10
0
8
15
19
16
13
13
16
12
12
18
21
23
22
18
23
29
40
46
41
30
16
16
20
20
18
7
-6
-15
-14
-4
0
2
3
1
-1
-7
-12
-19
-16
-16
-28
-34
-35
-29
-18
-14
-12
-9
-3
1
3
6
1
-12
-22
-21
-8
2
1
-3
-1
6
14
23
27
27
27
22
16
9
7
7
2
-1
-6
-8
-1
4
4
4
1
-3
-4
1
-1
-10
-13
-7
-3
-6
-16
-23
-30
-28
-16
-2
17
22
19
14
6
8
2
-1
6
15
22
19
10
3
-10
-5
6
12
8
-6
-13
-17
-15
-9
-11
-16
-25
-29
-23
-15
1
7
0
-13
-27
-37
-37
-21
-2
7
5
-6
-9
-8
-8
5
10
9
16
24
23
21
14
5
10
