-5
-1
1
3
5
6
1
0
1
2
5
5
5
6
5
4
2
1
-1
-1
-1
0
1
1
2
1
-1
1
3
2
-2
-1
2
2
1
0
2
3
1
0
0
-1
-1
1
3
5
6
7
11
7
5
4
7
6
2
1
-3
-5
-8
-6
-1
1
4
6
7
5
3
3
4
2
-1
-1
1
1
1
0
-1
-4
-4
-3
-1
0
0
0
-1
-3
-4
-4
-2
-1
-1
-3
-7
-11
-11
-11
-10
-9
-6
-4
-5
-6
-6
-8
-7
-9
-9
-8
-7
-6
-5
-1
2
1
-1
0
-3
-7
-6
-1
4
4
4
2
3
3
1
2
4
9
13
11
9
7
5
7
9
11
13
12
13
9
5
5
5
6
6
6
9
5
1
-2
-4
-1
1
2
5
5
4
4
3
2
0
2
5
7
6
5
4
1
0
3
6
4
3
3
0
-3
-6
-6
-2
-1
0
1
2
3
3
5
6
4
1
-2
-4
-7
-10
-14
-18
-21
-24
-27
-30
-37
-44
-51
-58
-63
-65
-61
-56
-53
-46
-41
-34
-25
-18
-7
2
9
15
22
26
29
31
36
36
43
83
93
99
113
116
170
205
197
205
192
217
261
243
239
223
213
228
197
161
127
92
73
53
27
6
-13
-42
-81
-120
-162
-205
-244
-303
-322
-327
-335
-321
-334
-318
-280
-230
-154
-66
25
118
222
301
359
397
391
334
223
45
-171
-432
-724
-1059
-1362
-1694
-2055
-2235
-2366
-2371
-2322
-2340
-2147
-1883
-1602
-1306
-1065
-768
-437
-118
195
534
868
1133
1368
1580
1777
2011
2139
2250
2383
2470
2542
2607
2669
2673
2601
2494
2361
2183
1941
1681
1436
1190
934
691
507
347
188
44
-45
-97
-155
-212
-253
-290
-361
-447
-518
-586
-689
-822
-940
-1030
-1107
-1178
-1215
-1220
-1225
-1237
-1227
-1173
-1127
-1111
-1114
-1103
-1085
-1066
-1029
-963
-880
-820
-768
-693
-592
-486
-391
-291
-188
-79
55
252
521
821
1121
1408
1693
1961
2186
2341
2392
2307
2059
1673
1201
669
69
-589
-1279
-1960
-2581
-3090
-3436
-3619
-3693
-3680
-3562
-3308
-2938
-2487
-1981
-1460
-962
-503
-43
442
904
1286
1577
1801
1974
2118
2248
2378
2480
2536
2575
2637
2720
2795
2820
2786
2692
2533
2330
2085
1798
1461
1082
696
336
30
-234
-469
-666
-812
-883
-887
-842
-766
-692
-625
-553
-464
-371
-316
-324
-385
-472
-572
-675
-791
-924
-1072
-1226
-1343
-1401
-1399
-1382
-1373
-1353
-1316
-1243
-1164
-1065
-985
-924
-884
-816
-711
-612
-522
-476
-415
-375
-309
-219
-91
56
221
478
810
1215
1584
1967
2309
2591
2755
2783
2698
2423
1979
1385
749
44
-711
-1494
-2206
-2805
-3319
-3683
-3893
-3932
-3887
-3746
-3461
-3043
-2567
-2070
-1532
-969
-419
79
586
1088
1512
1828
2064
2292
2472
2575
2647
2719
2778
2803
2827
2893
2967
2975
2927
2849
2739
2564
2304
2003
1662
1272
844
449
123
-161
-434
-672
-822
-908
-949
-955
-901
-819
-764
-708
-625
-527
-482
-498
-553
-620
-730
-869
-992
-1112
-1232
-1369
-1460
-1495
-1522
-1555
-1595
-1609
-1623
-1638
-1638
-1598
-1541
-1488
-1413
-1309
-1156
-1020
-900
-790
-683
-577
-491
-382
-257
-98
70
306
622
1005
1415
1791
2186
2537
2847
3049
3126
3055
2801
2383
1839
1247
570
-158
-935
-1665
-2290
-2791
-3125
-3333
-3422
-3461
-3402
-3206
-2874
-2471
-2054
-1615
-1164
-670
-172
378
913
1364
1702
1957
2223
2447
2627
2732
2805
2839
2847
2873
2934
2999
2968
2886
2761
2639
2462
2199
1898
1528
1111
661
261
-92
-415
-728
-959
-1075
-1105
-1058
-985
-862
-755
-674
-595
-521
-470
-491
-562
-652
-752
-883
-1018
-1160
-1296
-1435
-1572
-1647
-1685
-1706
-1716
-1735
-1738
-1743
-1760
-1769
-1797
-1827
-1859
-1874
-1831
-1738
-1601
-1448
-1283
-1092
-862
-613
-340
-72
184
444
718
1068
1459
1879
2270
2610
2920
3182
3397
3514
3500
3314
2976
2507
1977
1405
772
95
-640
-1322
-1934
-2421
-2775
-3027
-3191
-3304
-3312
-3188
-2949
-2642
-2291
-1918
-1488
-1026
-513
52
575
1057
1443
1784
2114
2383
2595
2741
2812
2857
2878
2899
2952
2945
2890
2781
2623
2455
2225
1940
1605
1203
780
375
10
-277
-536
-746
-894
-977
-977
-936
-877
-822
-792
-775
-754
-752
-771
-833
-943
-1063
-1201
-1318
-1420
-1523
-1619
-1717
-1774
-1786
-1763
-1727
-1702
-1691
-1710
-1731
-1756
-1772
-1820
-1886
-1941
-1961
-1894
-1779
-1576
-1344
-1078
-793
-469
-82
298
685
1010
1341
1652
1975
2333
2687
3039
3290
3506
3668
3801
3835
3739
3520
3132
2643
2031
1410
737
3
-760
-1509
-2145
-2702
-3124
-3447
-3656
-3800
-3864
-3783
-3573
-3262
-2915
-2504
-2034
-1510
-952
-362
244
792
1256
1649
2020
2341
2588
2762
2887
2975
3019
3042
3049
3033
2952
2804
2623
2412
2161
1845
1493
1121
734
344
-23
-339
-610
-845
-1039
-1164
-1208
-1195
-1156
-1097
-1015
-928
-857
-804
-761
-742
-771
-837
-922
-1003
-1093
-1190
-1281
-1354
-1414
-1469
-1508
-1527
-1542
-1570
-1617
-1667
-1718
-1781
-1836
-1876
-1878
-1850
-1768
-1610
-1384
-1080
-756
-366
36
467
877
1261
1645
1942
2228
2420
2626
2788
2923
3033
3072
3124
3087
3065
2941
2776
2510
2140
1714
1173
638
13
-596
-1249
-1870
-2416
-2895
-3237
-3535
-3707
-3830
-3838
-3759
-3589
-3310
-2993
-2582
-2142
-1608
-1045
-441
165
723
1259
1709
2138
2478
2760
2948
3046
3096
3070
3028
2928
2798
2618
2402
2174
1923
1684
1412
1143
863
592
348
132
-39
-192
-302
-389
-427
-432
-407
-375
-349
-330
-340
-358
-414
-480
-585
-712
-849
-996
-1117
-1241
-1329
-1416
-1477
-1524
-1561
-1577
-1604
-1615
-1660
-1710
-1786
-1867
-1951
-2034
-2072
-2089
-2034
-1923
-1718
-1421
-1066
-647
-202
269
731
1158
1551
1871
2127
2312
2437
2550
2605
2651
2651
2647
2639
2599
2558
2450
2297
2044
1734
1351
928
455
-71
-590
-1153
-1640
-2107
-2503
-2819
-3115
-3314
-3464
-3530
-3494
-3382
-3200
-2920
-2594
-2171
-1667
-1159
-570
-22
531
1065
1519
1959
2314
2581
2787
2903
2989
3043
2990
2940
2830
2693
2553
2345
2180
1955
1683
1409
1123
860
592
297
60
-153
-367
-482
-564
-559
-552
-564
-491
-430
-380
-367
-390
-429
-538
-705
-836
-968
-1111
-1248
-1375
-1423
-1479
-1523
-1512
-1514
-1516
-1564
-1624
-1659
-1740
-1832
-1898
-1961
-1978
-1971
-1889
-1686
-1444
-1113
-735
-305
157
596
1033
1434
1748
1983
2145
2229
2302
2281
2284
2257
2186
2159
2073
2075
2019
1938
1831
1647
1411
1093
736
335
-98
-640
-1125
-1629
-2084
-2462
-2844
-3094
-3371
-3582
-3683
-3704
-3611
-3449
-3207
-2845
-2395
-1891
-1225
-566
112
736
1281
1878
2323
2698
2967
3105
3180
3138
3076
3051
2928
2762
2601
2422
2348
2191
2083
2004
1837
1697
1509
1398
1289
1088
866
653
408
205
-9
-192
-328
-585
-752
-910
-1009
-1073
-1227
-1301
-1422
-1533
-1599
-1645
-1631
-1665
-1727
-1737
-1734
-1728
-1740
-1788
-1837
-1955
-2097
-2210
-2306
-2394
-2461
-2497
-2413
-2261
-2014
-1621
-1206
-664
-154
388
973
1448
1927
2224
2443
2573
2561
2536
2432
2331
2222
2076
1966
1920
1907
1914
1920
1872
1853
1714
1546
1381
1079
784
307
-179
-654
-1228
-1723
-2264
-2759
-3242
-3719
-4043
-4194
-4254
-4179
-3974
-3625
-3084
-2507
-1739
-915
-125
611
1245
1899
2451
2831
3064
3200
3179
3077
2889
2727
2563
2268
2026
1828
1742
1694
1640
1657
1684
1666
1651
1658
1640
1562
1337
1113
873
578
307
-9
-281
-576
-896
-1101
-1265
-1398
-1501
-1611
-1635
-1640
-1633
-1533
-1452
-1364
-1297
-1256
-1167
-1138
-1155
-1198
-1324
-1484
-1686
-1912
-2093
-2294
-2449
-2522
-2527
-2389
-2156
-1811
-1353
-843
-278
304
852
1374
1813
2155
2395
2502
2530
2464
2344
2209
2078
1929
1793
1677
1626
1627
1607
1628
1588
1519
1389
1203
1003
704
318
-160
-668
-1200
-1735
-2264
-2773
-3241
-3697
-4040
-4249
-4319
-4255
-4077
-3747
-3270
-2677
-1970
-1169
-351
431
1137
1780
2372
2833
3160
3348
3406
3363
3215
3039
2858
2638
2382
2141
1958
1860
1790
1751
1771
1765
1766
1740
1753
1756
1658
1511
1309
1092
818
518
201
-126
-496
-864
-1160
-1428
-1627
-1825
-1948
-1997
-2023
-1968
-1884
-1763
-1657
-1571
-1483
-1423
-1419
-1478
-1580
-1743
-1932
-2148
-2351
-2523
-2688
-2771
-2772
-2663
-2437
-2125
-1673
-1163
-591
19
617
1205
1685
2096
2377
2571
2642
2622
2560
2425
2323
2151
2036
1920
1826
1815
1781
1807
1774
1729
1628
1483
1285
1021
690
216
-252
-813
-1324
-1860
-2413
-2868
-3354
-3727
-4032
-4173
-4167
-4058
-3819
-3417
-2860
-2240
-1490
-733
87
811
1447
2092
2589
3004
3213
3325
3338
3227
3077
2890
2707
2467
2255
2049
1932
1828
1722
1668
1570
1531
1452
1413
1362
1250
1117
934
756
537
310
37
-244
-561
-864
-1123
-1380
-1588
-1802
-1931
-2012
-2049
-2013
-1935
-1807
-1703
-1583
-1466
-1350
-1297
-1302
-1330
-1428
-1554
-1744
-1909
-2056
-2200
-2295
-2319
-2229
-2055
-1795
-1432
-965
-473
48
555
1066
1521
1869
2134
2301
2387
2362
2310
2217
2152
2033
1937
1885
1853
1897
1887
1930
1894
1832
1701
1518
1306
977
591
85
-418
-977
-1520
-2070
-2602
-3081
-3560
-3912
-4170
-4257
-4246
-4126
-3846
-3421
-2856
-2210
-1452
-648
149
869
1536
2156
2653
3006
3212
3327
3334
3235
3084
2931
2756
2533
2308
2128
1996
1860
1745
1659
1586
1493
1385
1315
1241
1129
969
806
633
426
191
-39
-264
-525
-788
-1026
-1210
-1391
-1546
-1650
-1705
-1730
-1745
-1685
-1598
-1507
-1449
-1383
-1312
-1291
-1320
-1394
-1473
-1623
-1819
-2016
-2169
-2285
-2394
-2410
-2330
-2139
-1878
-1523
-1058
-560
-44
434
927
1360
1710
1965
2127
2241
2237
2215
2152
2111
2062
2007
2012
2013
2071
2092
2126
2111
2034
1896
1659
1376
976
526
-22
-603
-1208
-1832
-2406
-2970
-3442
-3862
-4162
-4352
-4399
-4292
-4070
-3685
-3188
-2554
-1865
-1106
-316
454
1184
1805
2375
2824
3150
3344
3432
3448
3349
3195
2999
2813
2602
2367
2177
2015
1895
1737
1619
1534
1442
1323
1182
1099
986
834
648
492
334
111
-125
-352
-541
-780
-1020
-1209
-1352
-1479
-1621
-1685
-1704
-1711
-1726
-1716
-1657
-1632
-1634
-1645
-1651
-1687
-1791
-1896
-2010
-2138
-2283
-2412
-2472
-2497
-2457
-2344
-2119
-1812
-1446
-1002
-516
14
513
1004
1446
1819
2117
2325
2482
2547
2579
2562
2544
2516
2481
2472
2460
2470
2443
2416
2345
2218
2024
1740
1397
953
460
-108
-697
-1302
-1908
-2465
-2989
-3418
-3791
-4049
-4211
-4245
-4139
-3918
-3551
-3076
-2472
-1801
-1075
-325
417
1121
1732
2261
2680
2988
3167
3235
3226
3135
2979
2774
2562
2335
2099
1869
1658
1467
1276
1104
947
806
661
531
419
320
221
124
46
-37
-124
-221
-313
-411
-528
-643
-754
-859
-969
-1062
-1141
-1209
-1271
-1320
-1343
-1368
-1384
-1401
-1410
-1429
-1475
-1534
-1606
-1700
-1826
-1954
-2055
-2129
-2172
-2149
-2030
-1826
-1547
-1188
-744
-251
246
733
1205
1626
1966
2215
2403
2526
2580
2587
2580
2583
2574
2560
2559
2575
2570
2513
2412
2260
2040
1718
1307
829
287
-317
-962
-1599
-2214
-2795
-3318
-3751
-4079
-4313
-4447
-4450
-4317
-4077
-3739
-3289
-2728
-2097
-1434
-741
-31
647
1259
1800
2277
2658
2925
3092
3180
3193
3129
3005
2846
2661
2443
2209
1973
1742
1503
1260
1027
808
600
415
261
145
59
-1
-26
-18
8
34
58
80
85
58
6
-64
-164
-297
-447
-597
-749
-907
-1053
-1179
-1282
-1370
-1442
-1492
-1536
-1587
-1645
-1706
-1785
-1894
-2007
-2098
-2166
-2202
-2184
-2074
-1867
-1596
-1252
-829
-355
130
599
1053
1470
1811
2085
2309
2487
2614
2691
2769
2851
2899
2920
2921
2902
2810
2617
2354
2019
1579
1033
421
-208
-863
-1546
-2190
-2757
-3249
-3685
-4034
-4255
-4384
-4450
-4415
-4261
-4015
-3709
-3325
-2825
-2252
-1659
-1025
-345
335
961
1535
2092
2588
2976
3276
3519
3696
3769
3752
3694
3571
3364
3092
2786
2448
2057
1641
1239
857
491
165
-78
-238
-333
-360
-301
-163
6
178
358
527
650
702
680
601
444
211
-65
-370
-687
-1007
-1301
-1539
-1743
-1891
-1960
-1976
-1966
-1953
-1928
-1894
-1905
-1955
-2024
-2101
-2188
-2289
-2335
-2297
-2200
-2034
-1791
-1460
-1073
-656
-187
306
781
1226
1642
2051
2440
2782
3115
3401
3603
3731
3774
3766
3634
3335
2923
2388
1745
1021
249
-506
-1260
-2016
-2656
-3159
-3536
-3782
-3936
-3954
-3896
-3804
-3602
-3338
-3051
-2773
-2498
-2153
-1777
-1399
-960
-480
-10
447
916
1463
2023
2506
2959
3376
3739
4035
4255
4417
4441
4272
3962
3573
3100
2511
1844
1141
436
-236
-811
-1211
-1461
-1606
-1615
-1455
-1144
-735
-272
223
690
1037
1282
1429
1451
1316
1006
593
108
-435
-974
-1436
-1816
-2118
-2335
-2425
-2363
-2239
-2074
-1887
-1711
-1577
-1522
-1501
-1517
-1599
-1762
-1934
-2076
-2160
-2211
-2192
-2068
-1881
-1595
-1213
-700
-106
522
1182
1882
2601
3287
3938
4468
4883
5089
5119
4992
4608
4023
3205
2251
1192
74
-1006
-1994
-2877
-3626
-4118
-4395
-4417
-4317
-4078
-3695
-3318
-2885
-2489
-2114
-1834
-1667
-1537
-1404
-1289
-1200
-1050
-861
-564
-218
257
879
1532
2234
2946
3686
4379
4939
5355
5598
5612
5380
4932
4319
3533
2567
1507
439
-564
-1469
-2194
-2688
-2942
-2977
-2754
-2274
-1609
-853
-100
640
1260
1737
2025
2118
2028
1688
1207
621
-6
-636
-1254
-1758
-2139
-2391
-2507
-2447
-2262
-2010
-1722
-1439
-1149
-970
-903
-919
-1050
-1280
-1599
-1932
-2233
-2501
-2733
-2837
-2824
-2668
-2356
-1932
-1319
-604
207
1139
2113
3125
4103
4892
5570
6001
6165
6103
5634
4958
3966
2751
1449
82
-1201
-2383
-3433
-4237
-4708
-4942
-4813
-4538
-4059
-3476
-2968
-2373
-1891
-1487
-1256
-1224
-1262
-1343
-1475
-1532
-1529
-1462
-1251
-956
-369
392
1239
2164
3070
4002
4856
5573
6163
6472
6440
6087
5454
4666
3651
2469
1218
-47
-1191
-2151
-2816
-3152
-3255
-3136
-2765
-2180
-1417
-636
121
794
1257
1571
1693
1672
1502
1107
635
111
-408
-831
-1216
-1478
-1646
-1741
-1698
-1570
-1380
-1157
-1006
-897
-835
-888
-961
-1176
-1425
-1762
-2127
-2429
-2739
-2898
-3069
-3051
-3010
-2789
-2425
-1946
-1287
-637
224
1037
2037
2909
3841
4633
5204
5670
5733
5767
5347
4761
3878
2798
1668
395
-754
-1853
-2757
-3552
-4051
-4333
-4320
-4122
-3849
-3392
-3029
-2615
-2273
-1996
-1730
-1661
-1600
-1575
-1526
-1383
-1192
-877
-462
11
601
1329
2121
2957
3686
4373
4974
5377
5654
5680
5508
5065
4341
3507
2572
1602
594
-388
-1229
-1901
-2375
-2590
-2584
-2389
-2086
-1715
-1203
-682
-181
215
465
640
651
586
491
326
127
-126
-362
-479
-573
-598
-600
-617
-626
-670
-701
-750
-865
-1062
-1289
-1562
-1810
-2053
-2237
-2420
-2560
-2655
-2675
-2556
-2499
-2304
-2157
-1937
-1630
-1352
-871
-376
179
882
1624
2514
3430
4152
4882
5357
5639
5750
5438
4975
4152
3018
1880
591
-585
-1705
-2857
-3632
-4237
-4533
-4484
-4348
-3942
-3563
-3254
-2783
-2412
-2064
-1829
-1821
-1666
-1597
-1477
-1137
-803
-286
192
703
1499
2265
3032
3754
4273
4773
5009
5097
5159
4904
4460
3763
2965
2223
1378
590
-115
-786
-1311
-1694
-1805
-1676
-1530
-1300
-1064
-813
-548
-367
-172
-127
-250
-401
-563
-589
-579
-553
-443
-383
-268
-102
83
280
288
165
-32
-347
-639
-975
-1348
-1677
-2090
-2359
-2488
-2511
-2391
-2322
-2204
-2073
-1948
-1745
-1526
-1374
-1277
-1259
-1204
-1095
-933
-632
-195
454
1243
2255
3312
4315
5151
5696
6031
5965
5552
4800
3732
2476
1111
-256
-1494
-2650
-3618
-4262
-4602
-4512
-4185
-3674
-3082
-2639
-2264
-2011
-1849
-1772
-1881
-2012
-2089
-2050
-1757
-1221
-473
386
1211
2126
3094
3991
4733
5150
5312
5127
4660
4062
3361
2570
1664
777
76
-373
-649
-720
-699
-589
-479
-349
-73
130
249
156
-54
-288
-615
-909
-1138
-1336
-1452
-1474
-1292
-828
-333
215
671
972
1198
1197
1117
871
397
-174
-830
-1416
-1837
-2190
-2358
-2409
-2393
-2186
-1979
-1635
-1352
-1183
-1099
-1146
-1232
-1401
-1556
-1733
-1795
-1869
-1773
-1574
-1150
-538
264
1327
2435
3648
4558
5329
5696
5701
5362
4597
3641
2403
1092
-194
-1282
-2170
-2805
-3247
-3389
-3241
-2946
-2410
-1967
-1607
-1581
-1885
-2265
-2785
-3211
-3553
-3674
-3457
-2923
-1997
-648
922
2493
3888
4946
5773
6150
6091
5655
4771
3660
2345
1160
290
-359
-749
-905
-787
-397
115
684
1212
1407
1333
1015
610
205
-368
-870
-1348
-1695
-1774
-1633
-1195
-695
-287
125
479
779
1004
1005
891
528
9
-415
-787
-1013
-1242
-1448
-1481
-1486
-1373
-1194
-1030
-909
-1026
-1219
-1395
-1590
-1768
-1990
-2171
-2205
-2212
-2057
-1756
-1412
-1011
-767
-489
-114
279
833
1426
2133
2916
3483
3944
4207
4202
3954
3310
2515
1656
652
-266
-1067
-1679
-2076
-2471
-2604
-2472
-2259
-1903
-1675
-1521
-1590
-2050
-2540
-3007
-3358
-3518
-3455
-2930
-1993
-835
651
2278
3826
5057
5746
6159
6124
5593
4699
3544
2412
1252
254
-341
-551
-544
-419
-172
196
517
617
597
397
38
-433
-862
-1046
-1118
-1072
-897
-518
-48
360
696
940
1019
835
537
252
-19
-341
-682
-893
-1016
-1074
-1033
-908
-751
-730
-805
-897
-1043
-1229
-1478
-1679
-1856
-1981
-1986
-1832
-1568
-1363
-1199
-1090
-988
-971
-955
-911
-902
-890
-958
-747
-337
330
1279
2260
3373
4121
4560
4619
4252
3524
2392
1076
-217
-1300
-2139
-2447
-2487
-2234
-1918
-1647
-1163
-817
-498
-477
-829
-1483
-2447
-3380
-3944
-4077
-3790
-3078
-2049
-512
1189
2946
4604
5726
6286
6111
5498
4730
3721
2595
1524
647
171
13
178
613
870
886
640
278
-70
-600
-1187
-1685
-2040
-2064
-1746
-1039
-96
690
1276
1640
1796
1758
1386
803
65
-734
-1330
-1598
-1467
-1092
-696
-329
-11
181
241
49
-380
-1006
-1784
-2364
-2667
-2589
-2246
-1784
-1238
-689
-197
177
340
88
-405
-1174
-1832
-2221
-2357
-2096
-1715
-1195
-530
320
1335
2466
3332
3990
4263
4007
3525
2659
1755
695
-490
-1388
-1872
-1920
-1630
-1206
-816
-608
-885
-1190
-1408
-1597
-1808
-2269
-2669
-2994
-3211
-3063
-2514
-1740
-918
-179
691
1732
2672
3480
3990
4163
4048
3740
3551
3477
3279
2955
2545
2172
1879
1546
1222
741
-4
-858
-1536
-1814
-1781
-1619
-1384
-1056
-664
-181
436
1037
1367
1298
942
569
257
9
-169
-316
-444
-484
-338
20
380
454
210
-307
-901
-1456
-1873
-2116
-2294
-2360
-2225
-1794
-1146
-481
42
252
135
-178
-535
-836
-1199
-1563
-1878
-1961
-1760
-1315
-649
-84
327
354
392
536
882
1452
1904
2406
2569
2593
2440
2135
1650
830
-145
-1084
-1639
-1938
-1827
-1693
-1623
-1694
-1953
-1929
-1808
-1618
-1579
-1845
-2218
-2548
-2683
-2394
-1821
-1137
-366
357
1300
2360
3302
4034
4286
4143
3811
3392
3149
2976
2713
2407
2014
1714
1544
1358
1145
759
174
-370
-737
-799
-640
-507
-345
-185
53
458
840
1147
1161
836
389
-36
-247
-297
-362
-426
-500
-513
-327
-145
-27
-167
-658
-1251
-1872
-2244
-2338
-2338
-2207
-1993
-1648
-1068
-454
88
359
188
-217
-735
-1176
-1434
-1608
-1643
-1555
-1344
-887
-353
113
285
188
98
144
574
1191
1904
2391
2422
2134
1610
1003
306
-514
-1307
-1764
-1972
-1746
-1320
-1025
-907
-1309
-1690
-1826
-1765
-1507
-1438
-1593
-1843
-2139
-2077
-1498
-784
-5
525
1003
1663
2305
3089
3685
3855
3689
3233
2917
2839
2760
2638
2320
1858
1490
1207
1187
1246
1038
688
263
10
43
161
394
560
606
744
974
1286
1476
1256
704
-35
-722
-1082
-1175
-1070
-955
-939
-841
-703
-615
-672
-1029
-1626
-2371
-2956
-3068
-2788
-2277
-1748
-1278
-814
-397
-60
146
107
-199
-695
-1095
-1146
-1002
-749
-531
-402
-335
-394
-386
-450
-645
-755
-725
-171
832
1900
2795
3065
2668
1787
566
-485
-1320
-2025
-2280
-2237
-1831
-1089
-583
-275
-445
-1001
-1369
-1578
-1329
-874
-725
-695
-867
-1050
-828
-445
83
522
629
884
1246
1845
2656
3072
3188
2944
2408
2077
1913
1858
1800
1477
1201
1046
1027
1294
1425
1319
1026
577
333
397
666
1049
1320
1492
1664
1748
1860
1760
1261
513
-357
-998
-1235
-1138
-855
-632
-592
-691
-907
-1144
-1461
-1996
-2637
-3230
-3514
-3380
-2866
-2148
-1521
-1085
-832
-662
-473
-332
-281
-359
-512
-516
-428
-179
133
167
14
-305
-699
-968
-1195
-1178
-876
-370
620
1686
2553
3047
2656
1697
472
-854
-1725
-2215
-2250
-1817
-1405
-774
-271
-289
-536
-1191
-1810
-1887
-1571
-762
84
536
652
232
-190
-280
-240
132
548
874
1381
1962
2645
3171
3189
2783
1891
930
346
100
342
801
1121
1337
1420
1480
1459
1177
787
277
-114
-49
385
1205
2145
2765
2943
2674
2143
1504
778
114
-424
-753
-727
-433
17
374
394
25
-679
-1469
-2147
-2604
-2838
-2913
-2836
-2620
-2304
-1952
-1723
-1678
-1728
-1805
-1761
-1499
-1027
-488
-55
229
284
229
140
-22
-235
-506
-742
-862
-914
-771
-388
174
1083
1969
2596
2856
2405
1439
157
-1158
-2013
-2372
-2327
-1884
-1475
-1110
-902
-1171
-1583
-2129
-2476
-2204
-1466
-364
713
1231
1149
502
-366
-815
-777
-160
721
1499
2253
2837
3258
3438
3214
2630
1766
852
298
273
806
1576
2057
2090
1628
919
253
-269
-499
-447
-139
429
1130
1922
2640
2955
2740
2003
1009
219
-213
-231
67
431
785
928
806
540
95
-439
-1002
-1556
-1880
-1925
-1771
-1534
-1478
-1616
-1940
-2377
-2745
-2971
-2924
-2621
-2140
-1562
-999
-518
-200
-173
-381
-710
-1011
-1090
-1037
-820
-552
-336
-191
-191
-137
106
677
1489
2284
2807
2819
2245
1201
-43
-1118
-1722
-1904
-1734
-1468
-1255
-1120
-1244
-1540
-1938
-2216
-2096
-1545
-649
321
994
1099
606
-256
-960
-1133
-657
266
1232
2016
2510
2746
2773
2619
2317
1915
1456
1108
1044
1345
1947
2467
2618
2261
1488
625
-80
-398
-275
154
685
1088
1239
1224
1086
847
534
152
-148
-267
-145
185
585
908
977
695
118
-517
-973
-1114
-951
-655
-380
-235
-290
-576
-1057
-1637
-2146
-2478
-2584
-2416
-2056
-1535
-1000
-651
-557
-724
-1048
-1394
-1665
-1767
-1598
-1237
-815
-521
-458
-498
-573
-591
-530
-377
-64
443
1050
1639
2048
2083
1712
916
-26
-744
-1050
-868
-469
-127
50
-25
-260
-547
-839
-950
-855
-585
-120
312
634
687
335
-209
-770
-1008
-750
-186
520
1085
1336
1358
1145
871
682
570
658
888
1262
1785
2268
2613
2673
2397
1937
1411
983
755
707
840
1022
1152
1118
835
391
-130
-535
-684
-574
-249
56
166
58
-221
-466
-591
-621
-518
-371
-171
28
117
103
-98
-494
-1015
-1538
-1835
-1818
-1588
-1287
-1072
-968
-949
-1022
-1114
-1211
-1310
-1424
-1595
-1737
-1752
-1585
-1251
-897
-633
-504
-505
-565
-640
-662
-555
-341
-46
274
572
861
1072
1160
1150
1052
948
842
736
700
739
847
983
1066
1086
1025
847
605
351
178
171
289
496
687
728
575
192
-350
-902
-1375
-1640
-1638
-1401
-970
-505
-117
151
279
351
417
497
621
760
940
1187
1469
1758
1921
1857
1568
1096
603
194
-88
-200
-213
-158
-85
-57
-59
-111
-200
-286
-345
-316
-191
-9
211
442
682
867
914
758
422
40
-285
-475
-525
-518
-507
-571
-717
-867
-977
-990
-954
-972
-1038
-1143
-1216
-1214
-1171
-1081
-988
-928
-884
-877
-873
-853
-865
-908
-943
-883
-644
-275
111
417
593
689
773
875
994
1096
1107
1009
859
777
849
1024
1183
1198
1041
781
496
266
127
79
100
108
61
-56
-259
-540
-908
-1300
-1593
-1691
-1543
-1256
-955
-698
-521
-383
-262
-140
39
265
539
852
1179
1521
1802
1910
1782
1444
1030
643
342
163
112
190
331
439
444
312
75
-249
-571
-739
-647
-311
127
502
767
937
1033
1026
863
608
350
133
-8
-91
-111
-83
-113
-253
-477
-698
-811
-861
-911
-927
-858
-653
-404
-244
-192
-254
-387
-553
-763
-950
-1106
-1256
-1369
-1423
-1327
-1036
-641
-258
-2
109
149
161
166
164
165
221
356
577
866
1128
1279
1244
1036
768
519
346
240
137
25
-96
-185
-198
-194
-259
-456
-783
-1134
-1397
-1478
-1346
-1097
-842
-670
-586
-500
-355
-121
185
496
774
990
1155
1299
1396
1404
1300
1090
847
640
516
491
538
620
692
708
638
485
262
16
-195
-295
-226
-2
293
575
798
936
959
835
600
331
94
-66
-122
-76
0
0
-137
-384
-640
-803
-843
-796
-719
-636
-533
-389
-198
-3
118
84
-114
-427
-738
-929
-969
-907
-818
-726
-625
-525
-463
-482
-608
-809
-989
-1024
-841
-457
17
416
614
575
390
216
166
231
328
400
436
448
427
365
272
156
19
-121
-255
-372
-464
-530
-569
-592
-599
-583
-545
-511
-491
-431
-274
-1
346
683
924
1036
1046
1004
946
898
870
843
801
737
670
601
526
446
365
293
242
208
175
122
57
-2
-26
34
210
455
664
748
718
647
579
498
362
176
-4
-143
-279
-444
-596
-686
-734
-810
-932
-1010
-963
-816
-660
-551
-416
-177
123
338
359
219
9
-204
-379
-442
-330
-83
138
174
13
-229
-430
-577
-708
-808
-795
-635
-406
-197
-61
-6
-49
-178
-321
-370
-256
-28
181
269
252
216
199
175
118
50
3
-27
-49
-61
-50
-18
-4
-50
-151
-248
-280
-245
-178
-86
55
246
440
584
654
659
627
588
557
533
500
465
429
381
318
250
200
160
108
35
-49
-117
-169
-213
-231
-170
9
256
473
598
628
613
611
648
690
681
597
443
227
-50
-326
-527
-638
-706
-775
-823
-814
-761
-685
-591
-428
-176
108
310
351
261
136
57
56
124
233
327
347
279
174
83
-13
-178
-435
-694
-826
-785
-634
-482
-396
-381
-429
-495
-519
-477
-409
-388
-428
-460
-396
-227
-39
73
98
74
45
31
46
88
123
119
78
60
103
184
230
207
148
114
139
208
293
359
367
300
192
109
97
147
217
269
299
319
323
294
221
111
-11
-108
-145
-122
-66
-13
18
36
54
95
169
276
417
571
717
842
919
922
829
654
449
271
139
27
-100
-236
-356
-434
-471
-478
-469
-461
-465
-464
-420
-301
-133
18
102
124
129
149
186
226
240
201
104
-29
-158
-268
-376
-500
-624
-712
-734
-692
-630
-586
-576
-591
-602
-579
-516
-434
-368
-340
-345
-362
-358
-323
-252
-155
-57
15
36
11
-37
-70
-58
16
147
313
466
565
591
564
519
475
435
408
404
408
394
356
315
291
278
257
221
192
186
197
211
218
220
207
178
156
169
210
224
181
107
67
85
140
219
318
417
474
464
426
404
380
280
94
-87
-155
-121
-79
-105
-173
-241
-329
-461
-592
-637
-577
-499
-471
-458
-373
-221
-101
-82
-113
-102
-33
35
55
63
95
113
34
-159
-375
-509
-550
-562
-579
-554
-460
-363
-346
-408
-447
-393
-285
-187
-123
-50
32
71
46
10
23
77
101
53
-30
-73
-49
25
121
222
326
408
444
428
394
383
404
428
441
450
464
484
468
399
302
212
136
60
-11
-40
-9
50
85
74
56
67
101
129
119
77
32
17
47
117
194
240
233
177
100
31
-10
-31
-61
-119
-192
-228
-205
-173
-210
-308
-417
-482
-486
-465
-430
-359
-261
-162
-72
17
84
111
81
12
-12
46
129
179
182
142
87
18
-82
-165
-181
-148
-106
-57
-18
-25
-103
-260
-437
-520
-492
-422
-328
-216
-96
35
140
176
177
156
85
-6
-59
-68
-28
52
120
180
245
278
284
275
240
193
186
231
294
351
371
359
351
335
284
220
159
90
-1
-108
-208
-253
-242
-227
-215
-183
-128
-67
-26
-19
-10
19
46
56
65
88
119
152
175
200
233
244
209
129
30
-82
-192
-285
-348
-368
-350
-326
-313
-306
-297
-283
-251
-190
-110
-25
55
113
151
179
200
209
217
225
227
220
206
177
136
89
31
-27
-70
-92
-99
-100
-107
-124
-146
-170
-204
-239
-256
-266
-261
-236
-204
-160
-109
-76
-63
-48
-28
-5
23
43
61
81
89
77
62
56
51
51
62
93
149
219
276
315
341
347
315
257
187
121
68
20
-26
-62
-91
-119
-149
-171
-178
-163
-122
-70
-7
56
103
130
135
123
105
94
95
113
150
202
251
282
277
230
144
32
-94
-219
-324
-405
-455
-472
-469
-450
-413
-368
-316
-262
-200
-136
-66
5
72
139
199
243
264
261
245
220
193
164
137
121
112
104
91
66
39
10
-29
-73
-115
-155
-185
-212
-239
-258
-267
-267
-262
-254
-232
-194
-147
-98
-52
-9
22
39
45
45
50
63
82
107
143
181
219
253
289
324
365
409
443
464
461
425
355
252
128
4
-99
-177
-223
-238
-233
-221
-210
-201
-192
-176
-149
-111
-57
6
75
135
181
215
233
237
232
222
215
210
193
157
99
13
-94
-217
-343
-459
-546
-610
-645
-638
-614
-573
-524
-474
-415
-349
-271
-183
-84
24
125
208
264
295
293
267
234
206
195
207
239
284
331
364
373
356
313
255
185
116
54
-4
-55
-102
-144
-182
-213
-238
-251
-253
-240
-217
-185
-159
-140
-133
-135
-140
-138
-119
-81
-17
63
151
240
323
393
449
495
529
554
566
560
528
465
372
260
139
21
-80
-158
-214
-250
-269
-281
-293
-301
-306
-302
-282
-247
-195
-128
-58
11
71
109
129
137
139
139
143
149
148
134
97
37
-55
-167
-293
-414
-520
-599
-646
-660
-640
-601
-546
-486
-421
-355
-291
-228
-167
-107
-47
14
68
116
154
181
200
212
223
235
255
279
310
344
377
404
419
429
427
413
384
343
294
242
193
152
115
88
68
56
46
34
21
1
-25
-55
-85
-110
-122
-124
-107
-76
-32
27
89
149
200
234
249
245
225
196
165
129
96
63
28
-15
-72
-140
-218
-298
-371
-425
-456
-461
-440
-407
-372
-336
-312
-294
-279
-256
-216
-156
-79
11
103
184
238
261
258
226
179
122
66
19
-23
-57
-86
-119
-155
-189
-223
-243
-249
-244
-228
-203
-177
-149
-121
-90
-54
-6
50
109
172
224
258
271
260
233
204
180
170
178
206
241
276
305
314
298
265
216
163
114
72
48
37
40
44
47
41
22
-4
-35
-64
-87
-106
-115
-116
-109
-97
-82
-63
-42
-19
6
31
54
72
80
78
72
63
52
36
15
-10
-42
-79
-121
-169
-210
-246
-275
-287
-285
-261
-230
-206
-185
-177
-168
-159
-144
-117
-76
-20
38
94
142
170
176
163
137
111
89
79
83
93
107
115
106
85
49
7
-33
-66
-86
-93
-91
-82
-71
-60
-49
-39
-29
-14
3
23
45
66
86
99
104
95
74
56
36
23
18
21
33
49
61
67
60
43
21
-5
-32
-52
-61
-59
-46
-30
-12
0
2
-6
-18
-31
-44
-47
-44
-34
-16
5
21
34
40
44
46
46
53
60
70
75
76
75
69
59
46
30
10
-14
-36
-59
-81
-98
-116
-130
-133
-131
-118
-103
-89
-72
-58
-42
-25
-5
18
44
62
76
84
82
72
55
34
14
-1
-8
-6
3
13
21
23
14
-1
-21
-39
-52
-55
-50
-37
-20
-8
3
6
5
4
4
7
17
26
32
35
31
27
19
14
11
11
11
15
24
34
36
34
22
2
-21
-42
-53
-55
-48
-35
-22
-12
-5
-1
0
2
5
7
12
18
27
39
46
54
58
57
54
50
44
39
35
31
30
25
21
16
10
1
-11
-21
-32
-43
-51
-56
-61
-68
-73
-77
-81
-79
-73
-66
-57
-46
-35
-19
-1
15
31
45
53
55
55
53
45
33
20
2
-15
-27
-34
-39
-42
-39
-36
-36
-39
-46
-51
-54
-51
-45
-34
-16
3
19
35
47
56
60
61
59
55
53
51
49
46
43
43
45
48
48
51
52
50
41
32
21
10
2
-2
-4
-4
-3
-1
-1
-2
-4
-9
-14
-19
-20
-17
-8
2
15
25
34
41
46
48
45
40
33
22
13
5
-4
-12
-25
-41
-55
-71
-86
-95
-100
-104
-107
-111
-112
-109
-104
-100
-97
-92
-82
-70
-54
-34
-16
4
17
28
37
41
48
53
55
51
44
35
23
11
-1
-16
-33
-50
-66
-73
-78
-79
-80
-77
-71
-63
-48
-28
-4
23
48
71
96
117
136
153
164
170
170
167
164
161
158
152
143
132
120
108
101
93
86
76
61
47
32
16
2
-9
-26
-44
-60
-76
-91
-105
-117
-129
-138
-141
-139
-132
-119
-101
-82
-61
-37
-14
6
24
39
48
51
49
45
35
16
-7
-33
-62
-90
-115
-140
-164
-181
-190
-196
-194
-184
-172
-155
-133
-108
-79
-52
-22
9
37
62
86
104
120
131
136
136
134
129
122
111
99
86
70
58
44
29
18
8
-2
-11
-17
-20
-20
-17
-10
-3
4
10
19
31
42
52
61
66
68
68
67
64
60
53
48
43
37
34
32
27
24
20
16
11
6
1
-1
-4
-8
-13
-19
-27
-37
-49
-60
-71
-79
-83
-83
-83
-80
-76
-69
-61
-55
-45
-33
-21
-10
1
10
16
21
25
25
21
17
11
3
-4
-11
-21
-30
-40
-47
-52
-54
-54
-51
-44
-38
-28
-17
-4
13
30
49
67
82
91
95
99
96
89
81
69
57
45
32
19
5
-8
-18
-25
-30
-31
-31
-30
-30
-30
-31
-33
-33
-30
-28
-25
-21
-18
-13
-9
-6
-1
2
4
4
7
12
14
17
18
20
22
22
26
29
27
26
27
27
26
22
20
17
11
7
0
-7
-14
-23
-31
-38
-42
-44
-43
-41
-36
-32
-26
-21
-15
-10
-5
0
7
12
15
16
17
19
18
16
16
13
9
4
-2
-7
-10
-13
-16
-21
-27
-30
-33
-29
-24
-17
-11
-4
5
13
24
33
38
44
47
47
47
48
47
44
39
35
28
20
9
0
-8
-12
-16
-18
-20
-21
-24
-24
-27
-29
-28
-27
-24
-22
-18
-14
-12
-11
-11
-12
-12
-16
-17
-15
-12
-8
-5
1
5
6
6
6
8
9
11
14
16
20
21
22
21
19
16
12
5
2
-2
-5
-7
-8
-6
-7
-5
-5
-4
-3
-3
0
4
6
9
9
10
10
9
8
4
2
2
0
-1
-4
-7
-9
-11
-12
-14
-14
-12
-11
-10
-8
-6
-4
-2
-2
0
3
5
8
12
13
15
15
14
13
12
9
7
5
3
2
0
-1
-3
-4
-5
-4
-4
-5
-5
-5
-6
-8
-9
-7
-8
-8
-9
-8
-7
-5
-5
-5
-6
-7
-7
-5
-2
1
4
6
7
9
7
6
6
4
5
4
5
4
5
5
5
6
4
3
2
0
1
3
3
3
3
5
2
2
3
3
6
8
7
8
9
8
8
5
2
0
-1
-3
-4
-7
-8
-9
-12
-11
-11
-12
-13
-14
-12
-9
-5
-2
-2
0
1
1
2
2
5
7
7
7
7
7
5
3
1
-2
-2
-2
-2
-2
0
0
0
-2
-2
-3
0
2
4
6
5
4
4
3
2
0
-2
-4
-4
-4
-5
-3
-3
-4
-5
-6
-5
-1
4
4
7
6
4
7
3
2
2
0
0
0
-1
-1
0
0
1
0
-3
-4
-5
-3
-4
-3
-2
0
2
3
3
2
