-1
-6
-6
-2
0
1
-1
-8
-12
-7
-4
-3
-5
-8
-5
-4
-4
-4
-4
-3
-1
-1
1
0
1
7
9
9
9
9
6
4
5
8
11
7
2
2
2
0
0
1
2
-1
-3
-3
-6
-6
-4
-3
-4
-8
-12
-11
-12
-13
-10
-10
-9
-11
-13
-12
-10
-4
0
-1
-4
-3
-1
2
1
4
5
6
2
3
11
13
11
7
7
6
4
8
9
9
4
4
5
3
4
2
5
2
0
-1
0
8
6
-1
-3
-2
2
2
-3
-8
-8
-4
2
8
11
0
-10
-9
0
8
11
2
-12
-16
-11
0
7
1
-11
-20
-14
-3
7
8
-2
-12
-14
-7
2
7
6
3
-9
-15
7
25
31
18
3
-5
-4
5
14
28
33
39
50
42
32
68
146
199
184
141
120
99
106
166
211
173
23
-91
-85
-52
-59
-110
-194
-341
-466
-476
-455
-461
-550
-647
-692
-789
-809
-702
-637
-638
-688
-670
-560
-470
-347
-184
-52
28
134
305
446
592
787
973
1065
1036
1103
1292
1369
1377
1356
1336
1316
1218
1189
1172
1006
827
734
678
547
335
164
19
-156
-277
-299
-377
-596
-788
-795
-749
-811
-874
-832
-814
-913
-943
-791
-653
-671
-718
-677
-626
-557
-370
-213
-322
-499
-360
-80
-76
-167
131
590
598
223
-18
47
502
1582
2498
1700
-455
-1291
478
2504
2307
701
-432
-945
-1172
-468
891
908
-888
-2313
-2093
-1525
-1433
-1036
-547
-1398
-3139
-3457
-2031
-947
-1164
-1673
-1933
-2220
-2098
-1113
-229
-363
-634
-85
479
250
123
928
1878
2120
2092
2278
2234
1921
2164
3042
3517
3167
2750
2693
2525
2147
2205
2696
2750
2088
1401
1089
806
483
569
866
510
-491
-1115
-995
-841
-1011
-1056
-966
-1360
-2064
-2163
-1662
-1454
-1716
-1799
-1677
-1913
-2243
-1915
-1234
-1125
-1503
-1541
-1204
-1067
-1050
-705
-329
-432
-667
-437
-2
55
-119
-54
202
308
267
226
138
37
100
316
466
450
393
371
353
309
240
449
1312
2201
1754
39
-757
706
2570
2439
877
0
58
32
129
902
1271
155
-1223
-1277
-592
-407
-432
-207
-592
-1900
-2590
-1706
-597
-648
-1377
-1854
-2068
-2029
-1436
-730
-716
-1068
-903
-472
-509
-612
-10
854
1113
1013
1202
1462
1445
1645
2355
2875
2703
2428
2567
2664
2397
2316
2690
2813
2277
1688
1507
1352
988
855
967
604
-304
-831
-621
-462
-824
-1164
-1214
-1498
-2030
-2090
-1665
-1588
-2000
-2201
-2096
-2233
-2426
-2010
-1341
-1376
-1925
-1949
-1348
-909
-811
-634
-466
-649
-826
-469
134
373
266
226
306
337
352
431
506
507
521
626
735
641
373
297
457
411
302
1335
3288
3385
378
-2209
-468
3449
4253
1506
-661
-654
-449
-385
925
2205
840
-1888
-2454
-930
-48
-145
68
-266
-2311
-4018
-2893
-422
250
-1048
-2417
-3058
-2974
-1849
-292
87
-806
-1293
-856
-643
-759
-33
1366
1918
1391
1041
1274
1471
1816
2840
3692
3245
2242
2186
2832
2916
2641
2985
3391
2699
1515
1268
1740
1700
1206
1025
699
-376
-1172
-666
47
-495
-1606
-1903
-1788
-2147
-2335
-1792
-1636
-2610
-3388
-2893
-2238
-2462
-2623
-2012
-1806
-2599
-2911
-1830
-740
-849
-1264
-1077
-873
-997
-659
249
589
29
-309
143
627
741
887
1030
731
320
521
1094
1288
1149
1100
1011
711
574
741
1047
1893
3239
3331
945
-1435
-274
3204
4314
1919
-421
-574
-168
-201
532
1675
959
-1412
-2542
-1548
-463
-331
-389
-884
-2610
-4103
-3241
-1057
-422
-1737
-3051
-3392
-3130
-2298
-1071
-549
-1130
-1571
-1131
-740
-822
-273
1212
2179
1815
1245
1483
2111
2708
3493
4148
3888
3097
3003
3608
3799
3416
3280
3362
2922
2130
1815
1849
1487
885
634
386
-399
-1115
-1032
-785
-1271
-2050
-2301
-2314
-2618
-2825
-2619
-2629
-3222
-3635
-3333
-2905
-2808
-2608
-2251
-2402
-2908
-2640
-1419
-507
-605
-976
-981
-850
-624
97
1002
1095
339
-101
381
1115
1421
1431
1333
988
625
771
1287
1488
1281
1114
979
564
222
610
1550
2318
2455
1708
221
-686
453
2635
3002
971
-838
-705
37
123
324
901
431
-1273
-2117
-1098
100
0
-835
-1635
-2451
-2845
-2074
-838
-738
-1880
-2846
-2877
-2322
-1506
-735
-602
-1141
-1499
-1192
-717
-311
467
1431
1646
1120
1050
1894
2736
2965
3108
3493
3618
3299
3077
3195
3238
3128
3199
3214
2586
1615
1266
1615
1730
1151
369
-228
-720
-991
-846
-733
-1286
-2259
-2806
-2708
-2472
-2407
-2512
-2888
-3492
-3770
-3282
-2462
-2073
-2263
-2604
-2747
-2499
-1748
-802
-354
-652
-1112
-1100
-636
-30
581
931
646
-29
-201
535
1482
1817
1526
988
510
457
1054
1827
1910
1226
545
421
752
1197
1475
1472
1529
1865
1826
823
-87
685
2366
2473
671
-673
-362
196
30
27
428
-63
-1538
-2210
-1393
-581
-816
-1451
-1981
-2710
-3265
-2722
-1513
-1184
-2100
-3091
-3239
-2600
-1591
-732
-625
-1179
-1442
-908
-80
615
1321
1914
1966
1773
2146
3016
3591
3789
4102
4303
3828
3213
3427
4165
4274
3624
3002
2577
2063
1786
2060
2169
1315
82
-485
-529
-756
-1065
-1157
-1509
-2483
-3315
-3211
-2674
-2616
-3014
-3395
-3710
-3907
-3602
-2818
-2336
-2583
-2968
-2878
-2421
-1886
-1266
-713
-633
-991
-1152
-726
-21
506
717
608
265
52
362
1069
1585
1573
1192
744
497
634
1051
1316
1116
654
312
282
539
898
1082
1170
1551
1907
1318
29
-127
1545
2882
1879
-166
-764
41
550
500
697
687
-380
-1574
-1460
-500
-110
-488
-1084
-1883
-2739
-2727
-1654
-862
-1304
-2289
-2799
-2632
-1952
-1000
-475
-848
-1360
-1066
-303
202
734
1650
2205
1841
1524
2306
3492
3913
3715
3604
3513
3234
3259
3760
3913
3276
2620
2474
2345
1948
1757
1737
1125
4
-554
-375
-492
-1217
-1757
-1932
-2375
-2993
-2981
-2522
-2649
-3366
-3743
-3589
-3446
-3313
-2872
-2542
-2793
-3036
-2552
-1788
-1490
-1418
-1048
-614
-531
-553
-356
-164
-64
271
772
873
496
296
642
1169
1458
1470
1141
551
250
636
1266
1313
716
139
30
266
589
942
1448
1993
1918
799
-422
-91
1779
2947
1837
-220
-995
-317
498
849
932
504
-587
-1421
-1133
-265
135
-169
-966
-2080
-2869
-2404
-1001
-292
-1084
-2416
-3037
-2613
-1468
-300
15
-712
-1449
-1200
-270
634
1428
2059
2089
1687
1798
2689
3498
3680
3657
3604
3160
2623
2768
3400
3494
2860
2289
2056
1761
1480
1576
1655
1020
-78
-780
-942
-1065
-1281
-1485
-1905
-2664
-3281
-3274
-2905
-2695
-2740
-3017
-3532
-3851
-3383
-2407
-1970
-2363
-2720
-2415
-1835
-1433
-1047
-618
-517
-745
-743
-317
84
236
428
694
696
493
602
1086
1407
1292
1026
870
772
729
836
936
836
689
718
779
817
1289
2124
2203
934
-308
185
1740
2150
895
-419
-670
-349
-3
422
601
-90
-1185
-1496
-931
-427
-405
-682
-1351
-2364
-2800
-2000
-890
-767
-1546
-2275
-2496
-2122
-1094
-20
61
-722
-1020
-305
542
985
1508
2136
2186
1801
1986
2881
3476
3380
3210
3228
3116
3011
3329
3694
3369
2603
2247
2373
2433
2293
2064
1458
417
-284
-103
295
-14
-907
-1714
-2235
-2533
-2437
-2068
-2109
-2845
-3619
-3779
-3488
-3148
-2837
-2665
-2893
-3344
-3391
-2828
-2110
-1689
-1624
-1811
-2028
-1819
-1022
-196
18
-253
-429
-238
204
769
1258
1327
949
592
628
907
1136
1223
1221
1194
1151
923
380
-17
544
1964
2800
1881
-29
-1043
-270
1441
2502
1932
60
-1619
-1689
-214
1338
1642
555
-1109
-2196
-1795
-67
1494
1324
-555
-2495
-2893
-1560
323
1151
155
-1756
-2738
-1923
-202
959
976
227
-577
-715
168
1525
2245
1904
1173
903
1300
2090
2860
3063
2442
1610
1509
2250
3015
3134
2651
1916
1296
1232
1800
2323
2047
1087
194
-236
-300
-135
25
-271
-1142
-2030
-2364
-2242
-2068
-1978
-2073
-2561
-3275
-3581
-3191
-2577
-2311
-2491
-2928
-3333
-3252
-2492
-1601
-1381
-1828
-2198
-1999
-1370
-642
-87
48
-219
-447
-220
424
1134
1543
1401
792
311
523
1215
1668
1580
1226
921
761
793
1089
1630
2296
2629
2011
605
-219
624
2216
2580
1157
-649
-1372
-850
222
974
719
-482
-1610
-1698
-877
28
404
-75
-1381
-2642
-2579
-1134
141
-105
-1475
-2549
-2455
-1288
188
915
381
-665
-926
-49
1163
1932
2101
1772
1233
1106
1793
2795
3224
2880
2259
1826
1798
2286
2994
3176
2485
1556
1244
1594
2056
2193
1797
869
-97
-370
99
456
29
-871
-1590
-1892
-1861
-1658
-1580
-1922
-2558
-3024
-3144
-3091
-2892
-2547
-2410
-2815
-3429
-3529
-2934
-2160
-1705
-1704
-2056
-2409
-2258
-1482
-577
-104
-119
-324
-426
-165
556
1344
1611
1269
796
641
886
1406
1940
2063
1599
991
916
1581
2616
3211
2719
1355
260
499
1690
2346
1589
-24
-1294
-1443
-579
417
517
-566
-1948
-2453
-1778
-595
92
-368
-1763
-2970
-2873
-1531
-224
-112
-1126
-2245
-2438
-1414
134
1050
775
-87
-430
173
1271
2210
2566
2298
1783
1605
2045
2777
3237
3169
2663
2019
1698
1990
2626
2929
2512
1690
1072
1007
1438
1930
1898
1120
43
-587
-465
41
327
13
-875
-1852
-2251
-1843
-1138
-932
-1509
-2457
-3123
-3102
-2509
-1932
-1941
-2509
-3052
-3111
-2770
-2369
-2096
-2008
-2094
-2220
-2183
-1903
-1495
-1096
-793
-653
-601
-415
-8
381
509
496
570
736
889
1088
1356
1524
1497
1463
1683
2154
2751
3170
2925
1956
1075
1255
2265
2776
1935
304
-939
-1064
-184
796
715
-729
-2410
-2884
-1931
-642
-197
-1006
-2579
-3736
-3434
-1882
-538
-581
-1771
-2914
-3050
-1970
-281
853
648
-376
-850
-115
1273
2416
2863
2624
2095
1990
2669
3607
3945
3565
3028
2738
2708
2866
3068
2973
2436
1853
1648
1695
1658
1506
1297
920
372
-46
-169
-207
-344
-521
-757
-1207
-1721
-1891
-1672
-1475
-1600
-1965
-2401
-2743
-2712
-2273
-1913
-2124
-2700
-3011
-2827
-2412
-2043
-1863
-2000
-2382
-2583
-2275
-1644
-1145
-992
-1062
-1136
-1002
-574
-38
311
386
329
266
273
503
987
1429
1511
1294
1131
1401
2301
3477
3879
2806
1120
632
1877
3306
3171
1486
-360
-1175
-672
544
1266
528
-1322
-2779
-2713
-1436
-213
-194
-1622
-3518
-4300
-3220
-1260
-239
-993
-2685
-3700
-3003
-974
803
965
-202
-1098
-607
879
2243
2829
2651
2146
2020
2714
3801
4332
3950
3234
2852
2896
3157
3391
3306
2755
2049
1722
1840
1988
1890
1570
1067
457
-2
-102
-39
-176
-549
-957
-1331
-1662
-1800
-1686
-1553
-1662
-1994
-2382
-2690
-2742
-2444
-2068
-2084
-2519
-2904
-2896
-2611
-2291
-2059
-2050
-2306
-2579
-2507
-2067
-1587
-1329
-1271
-1269
-1165
-864
-468
-169
-31
61
152
179
219
498
1023
1445
1470
1308
1553
2589
3828
4042
2824
1341
1228
2579
3763
3344
1534
-272
-854
-16
1312
1723
545
-1409
-2600
-2255
-923
144
-144
-1911
-3932
-4475
-3050
-1059
-393
-1574
-3435
-4304
-3315
-1103
605
561
-742
-1648
-1124
448
2026
2829
2635
1920
1656
2397
3644
4372
4168
3460
2852
2757
3245
3840
3826
3036
2135
1843
2132
2490
2524
2072
1201
343
34
296
534
257
-428
-1135
-1583
-1648
-1390
-1180
-1416
-2006
-2480
-2567
-2400
-2228
-2218
-2447
-2816
-2973
-2719
-2352
-2288
-2503
-2650
-2582
-2453
-2363
-2259
-2118
-1939
-1658
-1280
-1002
-980
-1044
-885
-475
-54
172
186
111
127
372
801
1228
1619
2208
3033
3489
3005
1961
1497
2193
3283
3513
2446
758
-418
-304
852
1821
1438
-219
-1846
-2227
-1281
33
472
-666
-2819
-4290
-3758
-1735
-170
-531
-2464
-4218
-4180
-2221
112
926
-199
-1808
-2114
-697
1401
2770
2712
1676
937
1505
3115
4445
4473
3416
2306
2037
2766
3829
4206
3392
2013
1265
1682
2665
3233
2884
1819
711
268
676
1334
1392
602
-500
-1214
-1244
-805
-440
-633
-1391
-2197
-2506
-2262
-1872
-1768
-2107
-2718
-3190
-3157
-2658
-2183
-2196
-2700
-3282
-3477
-3119
-2472
-2075
-2226
-2627
-2646
-2082
-1363
-963
-940
-1047
-1065
-830
-266
357
591
371
143
359
1138
2425
3798
4210
3016
1245
857
2403
4190
4331
2667
441
-898
-452
1408
2851
2132
-371
-2426
-2408
-709
1093
1456
-306
-3187
-4774
-3527
-683
984
62
-2463
-4445
-4207
-1661
1255
1974
-2
-2407
-2742
-790
1750
3182
2826
1210
-26
639
2884
4644
4401
2691
1118
781
1782
3279
3878
2792
861
-144
555
2088
3081
2788
1389
-111
-497
503
1785
2032
1067
-275
-1119
-1056
-223
627
562
-517
-1707
-2132
-1776
-1147
-747
-951
-1816
-2762
-2954
-2306
-1609
-1566
-2168
-2944
-3391
-3174
-2431
-1868
-2054
-2643
-2797
-2262
-1535
-1099
-1038
-1233
-1370
-1010
-154
499
391
-85
-93
658
1953
3413
4199
3419
1549
566
1716
3776
4489
3130
796
-971
-1070
561
2394
2288
-96
-2669
-3242
-1733
269
1115
-90
-2838
-4962
-4377
-1581
671
374
-1898
-4080
-4403
-2361
738
2354
1109
-1445
-2495
-1065
1499
3373
3547
2137
503
489
2461
4524
4692
3135
1451
784
1329
2611
3480
2808
931
-387
-43
1230
2128
2136
1332
101
-660
-165
1098
1746
1217
237
-376
-429
55
832
1174
571
-436
-920
-724
-354
-143
-184
-644
-1393
-1796
-1523
-1072
-1085
-1590
-2261
-2858
-3089
-2765
-2262
-2230
-2694
-3051
-2975
-2645
-2202
-1726
-1561
-1867
-2086
-1622
-753
-250
-300
-411
-77
1029
2706
3777
3057
1131
203
1459
3546
4333
3126
781
-1202
-1368
536
2680
2629
106
-2651
-3435
-2012
263
1487
202
-3038
-5442
-4630
-1444
985
645
-1798
-4183
-4489
-2091
1364
2989
1556
-1100
-2203
-835
1860
4107
4511
2895
885
708
2724
4921
5287
3797
1816
690
1089
2605
3674
2918
854
-608
-399
824
1865
2005
1036
-551
-1490
-908
500
1258
830
-145
-899
-992
-271
803
1228
550
-494
-954
-725
-218
269
406
-148
-1103
-1573
-1184
-549
-416
-922
-1796
-2644
-2951
-2498
-1812
-1697
-2295
-3026
-3291
-2919
-2178
-1618
-1658
-2118
-2363
-2053
-1412
-825
-438
-54
689
1744
2347
1850
837
645
1672
2889
3131
2150
483
-817
-633
987
2319
1720
-408
-2188
-2360
-1096
540
1071
-506
-3247
-4610
-3231
-589
799
-29
-2165
-3880
-3555
-911
2069
2777
934
-1135
-1312
409
2758
4373
4272
2637
1240
1767
3715
5056
4704
3281
1827
1088
1520
2717
3232
2106
244
-676
-211
790
1442
1264
125
-1311
-1792
-912
239
447
-253
-1061
-1446
-1230
-453
332
361
-338
-914
-869
-511
-225
-32
-4
-304
-691
-720
-464
-387
-577
-758
-943
-1340
-1729
-1695
-1404
-1407
-1804
-2155
-2241
-2216
-2113
-1828
-1520
-1496
-1700
-1764
-1546
-1062
-81
1427
2503
1979
240
-794
133
2157
3425
2960
1025
-1224
-2104
-656
1877
2862
1150
-1707
-3328
-2687
-406
1764
1710
-1176
-4561
-5158
-2437
805
1664
-254
-3163
-4639
-3117
597
3406
2887
44
-1945
-1248
1369
3961
4866
3549
1296
520
2225
4683
5477
4141
2066
774
996
2444
3695
3174
998
-869
-877
503
1753
1879
775
-957
-2113
-1727
-267
704
307
-861
-1734
-1796
-1069
28
680
285
-748
-1378
-1135
-431
147
315
-23
-692
-1088
-793
-188
31
-275
-738
-1113
-1345
-1273
-898
-685
-991
-1486
-1677
-1643
-1672
-1620
-1290
-993
-1113
-1451
-1551
-1213
-247
1412
2837
2509
432
-1259
-731
1360
2948
2799
992
-1485
-2840
-1661
1076
2471
962
-1969
-3811
-3437
-1287
1085
1470
-1139
-4646
-5564
-3060
216
1400
-28
-2634
-4280
-3221
230
3215
3117
627
-1278
-821
1413
3862
5060
4132
1890
737
2110
4575
5611
4524
2538
1074
948
2248
3808
3772
1734
-439
-823
419
1748
2065
1152
-581
-2002
-1896
-469
636
297
-928
-1845
-1911
-1241
-270
267
-155
-1092
-1543
-1221
-707
-474
-474
-629
-939
-1155
-994
-657
-556
-712
-844
-883
-932
-989
-1025
-1059
-1024
-869
-827
-1143
-1538
-1502
-1041
-633
-545
-616
-484
281
1635
2505
1755
-31
-830
265
1931
2492
1579
-253
-2012
-2277
-475
1615
1481
-891
-3090
-3372
-2004
-83
1033
-123
-3273
-5484
-4298
-1037
904
126
-2124
-3997
-4021
-1526
1993
3428
1633
-914
-1287
612
2985
4477
4443
2881
1220
1471
3599
5240
4795
3129
1832
1527
2170
3337
3832
2651
677
-100
820
2030
2290
1575
302
-980
-1339
-392
699
501
-749
-1681
-1733
-1332
-792
-314
-440
-1280
-1912
-1623
-997
-871
-1097
-1209
-1346
-1637
-1665
-1288
-1080
-1335
-1558
-1393
-1182
-1231
-1349
-1347
-1307
-1233
-1026
-788
-708
-755
-798
-796
-667
-234
613
1751
2608
2317
759
-678
-366
1465
2889
2555
772
-1344
-2502
-1645
743
2254
1094
-1606
-3283
-2876
-1091
866
1490
-401
-3640
-5014
-3071
-53
1078
-170
-2396
-4008
-3560
-669
2517
2986
633
-1488
-1112
1059
3251
4381
3882
2045
743
1730
4078
5101
3858
1930
961
1205
2232
3289
3159
1398
-466
-504
1110
2449
2339
1177
-217
-1104
-775
606
1528
792
-822
-1665
-1314
-516
99
191
-556
-1740
-2142
-1339
-486
-655
-1440
-1962
-2112
-2036
-1556
-925
-982
-1837
-2483
-2238
-1580
-1192
-1152
-1382
-1887
-2281
-1988
-1101
-402
-374
-776
-1124
-1052
-278
1304
3128
3817
2437
-26
-1110
453
3063
4079
2628
-97
-2290
-2486
-312
2435
2826
126
-3082
-3979
-2340
291
2178
1643
-1703
-5183
-5113
-1459
1898
1996
-464
-3190
-4336
-2692
1135
3927
2966
-284
-2013
-824
1698
3853
4704
3558
1149
114
1937
4567
5089
3334
1215
105
376
1861
3292
2840
493
-1461
-1275
310
1578
1741
795
-879
-2124
-1656
148
1362
858
-570
-1607
-1778
-1122
90
941
437
-1050
-1995
-1651
-780
-273
-234
-602
-1416
-2140
-1942
-978
-352
-622
-1319
-1874
-2079
-1761
-1046
-699
-1208
-1933
-1972
-1441
-1000
-766
-537
-470
-746
-895
-105
1789
3667
3700
1364
-1212
-1165
1519
3863
3569
1212
-1308
-2546
-1669
900
2786
1777
-1304
-3572
-3409
-1337
1260
2413
390
-3633
-5583
-3310
527
2116
810
-1725
-3795
-3720
-631
3257
4084
1340
-1377
-1304
735
2893
4308
4238
2405
610
1165
3490
4782
3900
2190
985
629
1299
2594
2897
1249
-847
-1257
-33
1113
1236
557
-594
-1707
-1826
-718
385
261
-769
-1562
-1665
-1301
-666
-75
-104
-825
-1458
-1376
-896
-628
-631
-728
-996
-1342
-1314
-806
-442
-672
-1102
-1182
-1000
-920
-985
-1078
-1206
-1310
-1188
-880
-759
-979
-1166
-919
-397
-12
359
1249
2427
2545
909
-979
-899
1164
2882
2446
297
-1865
-2599
-1368
889
2037
823
-1587
-3092
-2846
-1208
995
2058
249
-3362
-4987
-2716
882
2208
716
-1735
-3315
-2736
171
3253
3578
1175
-865
-486
1402
3193
4177
3840
2197
935
1825
3949
4721
3479
1897
1297
1573
2301
2997
2701
1079
-488
-445
826
1684
1354
295
-841
-1527
-1264
-229
448
-84
-1307
-2031
-1841
-1229
-764
-722
-1187
-1924
-2324
-2027
-1434
-1216
-1499
-1892
-2094
-2043
-1713
-1214
-948
-1177
-1581
-1651
-1319
-898
-652
-730
-1187
-1686
-1598
-802
-3
108
-336
-680
-539
-48
418
691
1112
2008
2768
2196
356
-842
135
2303
3275
1981
-494
-2212
-1886
147
1968
1752
-235
-2025
-2281
-1239
321
1557
1294
-897
-3296
-3393
-965
1558
1900
45
-2263
-2989
-1229
1723
3185
1948
-241
-898
304
1856
2580
2384
1658
1047
1254
2174
2764
2377
1590
1259
1479
1889
2204
2086
1274
245
14
840
1766
1772
862
-186
-657
-295
556
1060
576
-561
-1333
-1172
-482
-28
-184
-840
-1590
-1929
-1654
-1153
-1061
-1551
-2175
-2434
-2260
-1908
-1691
-1813
-2206
-2471
-2221
-1606
-1217
-1423
-1947
-2200
-1905
-1287
-793
-718
-994
-1225
-1016
-350
346
612
394
42
-43
387
1326
2343
2651
1757
253
-511
275
2002
3182
2737
884
-981
-1320
188
2196
2886
1679
-309
-1408
-829
811
2037
1713
75
-1401
-1410
-100
1179
1278
230
-967
-1260
-405
807
1244
536
-544
-916
-265
749
1212
774
-80
-454
139
1229
1757
1189
105
-411
114
1140
1725
1372
411
-325
-234
531
1251
1353
889
319
15
76
384
704
797
591
223
-106
-278
-262
-118
-38
-198
-571
-955
-1198
-1294
-1273
-1192
-1185
-1368
-1695
-1971
-2021
-1833
-1568
-1482
-1738
-2176
-2364
-2048
-1466
-1104
-1174
-1457
-1563
-1282
-736
-256
-109
-234
-329
-162
221
595
776
720
558
542
852
1366
1706
1590
1122
716
744
1213
1744
1865
1440
795
438
612
1102
1447
1345
879
422
309
546
805
767
439
122
71
228
315
159
-145
-355
-336
-152
-2
-47
-281
-537
-614
-471
-246
-144
-253
-456
-537
-385
-127
-11
-121
-270
-218
43
277
289
155
107
272
532
662
579
424
419
613
823
852
700
528
483
571
689
723
614
383
138
10
32
102
65
-166
-532
-863
-1014
-982
-901
-930
-1127
-1445
-1741
-1847
-1673
-1315
-1051
-1134
-1540
-1938
-1920
-1375
-646
-275
-536
-1172
-1574
-1311
-494
301
515
78
-547
-741
-265
560
1143
1128
659
235
260
733
1274
1467
1215
806
624
819
1185
1373
1213
855
637
745
1051
1222
1050
659
381
442
745
951
796
340
-69
-112
200
527
515
108
-399
-620
-410
14
252
74
-389
-757
-734
-361
39
138
-125
-506
-668
-467
-74
192
142
-131
-355
-325
-72
202
314
245
126
95
177
311
428
492
499
452
381
330
340
394
410
319
137
-38
-105
-69
-51
-163
-400
-626
-704
-632
-545
-588
-772
-983
-1075
-1012
-889
-832
-888
-1002
-1075
-1062
-993
-921
-877
-847
-802
-733
-670
-634
-603
-534
-398
-218
-61
7
-9
-38
9
175
405
579
621
542
438
429
556
769
942
973
869
728
670
750
930
1091
1125
1011
842
750
797
936
1032
982
801
612
532
570
625
586
432
232
94
62
84
67
-46
-216
-357
-403
-370
-332
-359
-463
-588
-654
-617
-507
-411
-388
-449
-532
-553
-460
-270
-89
-34
-121
-245
-258
-89
165
315
244
25
-134
-68
179
384
360
111
-157
-219
-33
217
285
82
-244
-433
-357
-113
69
11
-264
-545
-631
-484
-253
-142
-236
-461
-644
-662
-520
-340
-265
-333
-462
-543
-517
-424
-338
-298
-294
-286
-248
-209
-195
-202
-174
-70
73
173
171
84
18
81
288
522
621
528
347
285
438
727
950
925
710
511
503
713
939
977
802
525
365
415
569
645
515
241
15
-23
80
159
89
-126
-332
-392
-306
-191
-189
-316
-460
-511
-425
-276
-190
-221
-317
-368
-300
-156
-40
-24
-90
-158
-156
-75
23
65
28
-46
-89
-68
-10
35
32
-17
-65
-70
-30
13
17
-19
-54
-52
-19
22
32
-3
-61
-89
-62
0
42
29
-37
-118
-155
-118
-38
8
-24
-121
-224
-262
-219
-130
-63
-91
-197
-303
-335
-264
-147
-69
-90
-184
-267
-256
-155
-33
30
11
-46
-71
-19
83
179
220
205
180
188
248
323
365
358
320
298
315
346
360
332
276
236
213
209
202
167
121
70
32
12
1
-11
-31
-49
-73
-98
-113
-114
-96
-71
-51
-50
-73
-93
-84
-44
-7
2
-20
-49
-60
-42
-8
9
-4
-36
-59
-54
-32
-13
-12
-32
-59
-73
-65
-40
-16
-12
-29
-52
-62
-50
-24
4
10
-4
-20
-29
-23
-11
0
2
-4
-14
-26
-37
-50
-59
-53
-40
-42
-65
-103
-133
-137
-116
-86
-83
-115
-163
-190
-170
-117
-69
-63
-104
-148
-150
-88
-7
41
33
-5
-27
4
80
155
184
156
113
101
138
201
242
233
187
138
129
164
209
220
184
124
79
72
96
126
127
93
44
7
4
25
55
72
58
22
-17
-31
-12
23
44
30
-12
-59
-78
-58
-23
-8
-32
-84
-122
-127
-96
-63
-60
-88
-121
-132
-114
-85
-68
-71
-83
-83
-65
-44
-35
-38
-40
-26
3
31
29
6
-16
-11
21
55
61
30
-17
-41
-24
14
32
8
-42
-79
-78
-48
-18
-25
-60
-98
-109
-83
-46
-34
-54
-83
-93
-68
-28
4
6
-14
-34
-29
11
58
80
66
35
20
33
71
104
107
82
50
37
51
77
97
94
72
44
32
39
54
65
61
49
34
26
26
30
41
51
57
51
35
16
10
25
42
47
33
6
-18
-29
-17
0
3
-15
-45
-65
-68
-58
-43
-40
-51
-69
-79
-70
-53
-44
-44
-48
-49
-44
-33
-23
-19
-15
-14
-11
-6
-2
5
11
10
6
-1
-2
4
11
13
5
-13
-27
-28
-15
-3
-3
-19
-43
-57
-50
-31
-16
-19
-34
-46
-48
-35
-18
-2
3
-3
-6
-2
8
14
19
20
23
28
30
24
15
11
18
32
38
27
8
-6
-2
12
28
30
14
-4
-12
0
22
40
35
18
6
9
32
57
66
55
34
26
36
60
74
68
46
25
22
35
47
46
27
4
-9
-6
1
4
-3
-23
-38
-41
-33
-25
-25
-33
-44
-49
-46
-35
-25
-23
-33
-39
-40
-31
-21
-13
-13
-16
-22
-26
-23
-15
-8
-7
-17
-28
-34
-31
-22
-16
-18
-31
-40
-40
-33
-24
-19
-20
-27
-33
-27
-15
-3
1
-4
-4
0
9
16
21
21
16
17
22
27
30
25
22
19
21
26
27
23
9
1
2
9
17
15
4
-7
-13
-8
5
10
7
-1
-2
4
15
24
30
25
16
18
28
42
44
35
26
24
30
40
43
38
27
20
18
18
18
17
14
9
1
-2
-7
-11
-12
-14
-16
-22
-28
-30
-26
-23
-23
-25
-31
-40
-41
-32
-23
-21
-27
-36
-41
-39
-30
-23
-22
-31
-39
-41
-37
-28
-22
-22
-28
-36
-36
-26
-14
-9
-12
-17
-17
-9
7
19
20
14
11
17
29
42
46
40
33
33
37
46
51
48
39
34
29
27
25
23
18
9
1
0
-1
-4
-10
-15
-18
-23
-22
-19
-16
-13
-13
-10
-9
-8
-5
6
16
18
18
18
19
26
31
36
39
37
33
31
31
31
31
28
19
9
5
5
5
1
-3
-11
-18
-24
-25
-23
-20
-24
-29
-33
-36
-34
-29
-24
-23
-30
-35
-36
-32
-25
-20
-19
-23
-28
-29
-27
-24
-19
-18
-23
-29
-28
-26
-24
-25
-28
-29
-28
-27
-20
-12
-3
0
2
4
7
17
29
39
41
40
41
46
51
55
58
58
58
58
57
53
46
39
38
35
30
23
16
8
3
0
0
-5
-14
-22
-26
-27
-25
-23
-24
-29
-32
-32
-26
-20
-20
-21
-22
-20
-18
-14
-9
-5
-6
-7
-7
-6
-5
-2
3
5
4
-1
-2
-3
0
0
1
0
-6
-6
-5
-3
-1
-3
-4
-6
-5
-1
5
8
8
7
9
12
13
15
17
17
15
12
11
10
9
8
6
2
-6
-10
-10
-12
-16
-20
-23
-21
-19
-20
-21
-23
-24
-21
-14
-8
-7
-6
-3
-1
5
11
17
18
15
18
21
25
28
28
25
22
19
17
14
12
12
11
8
4
1
-3
-4
-6
-6
-6
-10
-16
-20
-19
-14
-11
-14
-18
-20
-15
-11
-7
-6
-7
-7
-6
-3
1
5
6
2
-2
-1
3
5
5
3
-4
-8
-8
-2
2
2
0
-3
-7
-8
-4
3
4
1
-3
-5
-2
5
13
15
11
9
7
9
12
14
14
11
6
7
8
12
12
7
4
1
-1
-1
-3
-5
-5
-6
-13
-16
-18
-15
-9
-10
-10
-13
-13
-10
-8
-3
-4
-5
-2
-2
-2
-3
-2
0
1
4
5
3
4
2
7
9
12
11
9
4
3
7
10
11
8
4
-1
-1
4
5
5
1
-4
-7
-6
-2
1
1
-5
-7
-10
-8
-3
1
0
-3
-6
-9
-7
-4
-3
-4
-6
-8
-8
-8
-8
-7
-8
-10
-10
-8
-5
-3
-4
-4
-2
-2
1
4
6
7
4
2
4
8
13
14
10
6
6
7
12
17
15
11
5
8
11
14
15
11
3
-1
3
8
8
6
0
-2
-3
-2
1
0
-4
-8
-9
-7
-6
-8
-12
-16
-14
-12
-8
-7
-11
-14
-13
-8
-5
-4
-3
-4
-5
-5
-1
3
3
1
-1
-2
2
5
7
6
2
0
0
2
2
2
4
2
1
1
-1
2
0
2
3
-3
-4
-4
-4
-6
-8
-5
-5
-5
-7
-6
-5
-7
-7
-6
-5
-4
-4
-2
0
-1
-1
0
2
3
5
5
5
5
6
9
10
8
6
7
5
6
8
10
10
10
10
11
12
11
8
8
9
9
8
7
6
3
3
5
6
3
-2
-4
-4
-3
-1
-1
-3
-7
-11
-9
-5
-7
-9
-9
-10
-11
-10
-9
-7
-8
-9
-10
-10
-10
-8
-9
-10
-11
-9
-8
-9
-10
-8
-6
-5
-6
-6
-5
-2
1
2
2
1
1
2
3
6
6
5
4
2
1
3
8
10
6
3
1
3
5
6
5
3
3
2
2
-1
1
4
3
1
-2
-2
-1
-1
1
3
2
1
2
1
0
2
6
6
4
3
4
7
11
14
10
7
6
6
11
11
10
9
7
3
5
7
6
6
3
1
-2
-1
-1
-3
-6
-8
-9
-9
-8
-8
-9
-11
-11
-11
-10
-10
-11
-11
-11
-11
-11
-11
-11
-10
-10
-11
-12
-12
-13
-11
-9
-8
-8
-7
-6
-7
-6
-5
-6
-5
-5
-2
3
6
6
5
2
4
7
11
15
14
10
9
10
12
13
14
13
10
8
10
12
14
10
10
9
10
11
12
10
7
6
3
5
1
-1
-3
-4
-6
-4
-2
-2
-3
-7
-5
-3
-2
-1
-2
-3
-3
-2
0
2
0
-3
-4
-4
-4
-2
-2
-2
-5
-6
-2
0
-1
-4
-6
-7
-7
-5
-3
-2
-3
-7
-5
-4
-3
-1
1
1
0
-2
-1
-3
-4
-5
-3
-3
-5
-6
-5
-5
-5
-7
-9
-9
-9
-5
-5
-5
-7
-7
-4
-1
-1
-2
-2
-2
0
0
2
3
4
4
5
9
10
10
9
11
12
13
13
14
13
13
13
13
12
10
10
11
9
9
8
7
5
1
1
3
3
2
-2
-6
-7
-7
-4
-3
-4
-4
-7
-9
-8
-5
-5
-4
-1
-3
-8
-8
-9
-6
-4
-6
-6
-5
-5
-5
-6
-5
-6
-6
-4
-2
-3
-5
-4
-2
-1
0
1
0
0
-1
0
2
1
2
2
3
3
4
6
4
3
0
0
0
-1
-2
-3
-4
-6
-5
-3
-3
-3
-6
-3
-2
-4
-6
-6
-6
-5
-3
1
0
-3
-4
-2
3
4
4
7
5
3
6
11
13
11
10
9
9
9
10
13
11
9
10
9
8
8
8
10
10
5
4
4
3
3
5
4
3
-2
-4
-4
-3
-3
-3
-5
-8
-11
-12
-9
-7
-8
-10
-12
-14
-17
-14
-13
-14
-14
-13
-13
-10
-9
-8
-10
-11
-10
-6
-3
0
1
2
2
0
1
5
7
6
5
5
4
2
4
9
10
9
10
10
8
4
2
4
4
2
1
3
2
-1
0
1
1
-1
2
4
3
0
0
1
-1
-3
0
2
-1
-4
-3
1
0
0
2
3
4
1
3
5
3
3
3
3
3
2
6
5
3
0
1
6
4
3
3
2
1
1
3
4
1
0
0
1
0
-1
1
1
-2
-5
-4
-4
-6
-7
-7
-7
-8
-12
-10
-12
-14
-13
-12
-11
-12
-13
-11
-10
-10
-8
-5
-4
-5
-4
-2
-1
-1
0
3
4
1
0
4
6
5
6
6
6
4
5
7
8
5
5
6
7
8
9
9
6
3
3
7
6
5
5
3
1
-1
2
3
3
2
2
2
2
3
3
4
5
2
0
-1
0
0
3
3
1
0
0
0
0
-1
2
1
-1
-2
-1
1
1
1
2
1
-1
0
2
2
1
0
-1
-3
-4
-3
-1
-2
-6
-7
-8
-8
-8
-8
-7
-11
-14
-14
-12
-10
-11
-12
-12
-14
-13
-11
-9
-8
-7
-6
-6
-5
-5
-3
-3
-3
-1
0
3
4
4
6
5
4
3
5
6
6
8
10
10
10
10
10
11
13
14
15
16
15
13
13
12
12
14
14
12
13
12
11
11
8
6
5
3
3
3
1
-1
-3
-5
-5
-7
-10
-11
-10
-9
-8
-8
-9
-11
-11
-9
-9
-9
-12
-12
-11
-9
-9
-9
-9
-10
-8
-5
-4
-3
-3
-4
-4
-4
-3
0
0
-2
-4
-4
-4
-3
-1
-3
-5
-5
-1
1
1
-1
-2
-2
-1
1
1
4
3
0
2
4
4
2
0
1
1
0
2
3
2
2
4
7
6
3
2
3
6
6
5
5
3
4
6
8
8
4
5
7
7
5
6
6
6
5
9
11
8
8
6
6
6
7
9
9
7
5
4
4
1
-2
-2
-4
-4
-7
-7
-8
-12
-15
-14
-14
-12
-12
-12
-15
-17
-15
-11
-10
-12
-12
-9
-11
-11
-7
-4
-5
-7
-6
-4
-2
-2
-1
-1
0
0
2
1
-1
-1
1
3
2
2
3
3
5
5
5
4
4
3
4
6
8
9
7
8
7
7
10
10
8
7
6
6
5
5
6
6
4
2
1
2
1
0
-1
0
-1
-1
0
-1
-2
-4
-3
-1
0
-2
-4
-3
-2
1
1
0
-1
-2
-1
0
3
2
2
2
1
1
3
2
3
0
0
1
-1
-2
-5
-4
-6
-6
-6
-5
-6
-6
-6
-4
-3
-6
-5
-5
-5
-5
-4
-4
-4
-3
-4
-2
-1
-2
-2
0
1
3
3
3
2
0
2
3
3
2
2
4
3
2
4
4
1
1
2
2
2
2
3
4
3
4
5
10
11
8
12
12
14
13
8
1
-3
-4
-1
-3
-8
-13
-15
-19
-28
-37
-44
-42
-37
-32
-26
-30
-41
-47
-54
-63
-67
-51
-21
-13
-27
-29
-7
1
-18
-14
31
57
37
35
84
102
53
33
98
166
120
71
230
477
464
3
-536
-447
381
1221
1075
-222
-1220
-722
542
958
29
-857
-591
40
-128
-949
-1336
-924
-378
-327
-567
-399
364
872
206
-1283
-1738
-114
1999
2359
818
-695
-828
-98
375
387
430
778
1213
1260
668
-163
-427
48
513
389
134
432
930
664
-499
-1555
-1561
-602
493
954
540
-329
-1004
-1219
-1165
-964
-423
377
782
365
-453
-907
-845
-619
-383
-6
462
697
516
34
-507
-813
-644
-67
515
766
685
412
-15
-488
-716
-490
34
526
804
806
472
-126
-635
-676
-205
481
1004
1094
708
91
-341
-351
-68
256
531
741
791
584
177
-239
-496
-485
-175
301
645
618
202
-399
-892
-991
-594
60
519
499
92
-403
-730
-768
-520
-110
264
431
332
30
-310
-487
-414
-184
66
263
373
326
63
-322
-606
-604
-308
107
382
341
4
-420
-691
-678
-391
24
340
371
121
-209
-392
-330
-95
176
367
434
406
320
198
63
-4
89
323
558
636
505
238
-33
-175
-127
67
280
372
272
15
-265
-409
-337
-124
53
77
-43
-176
-231
-217
-202
-225
-223
-114
62
155
59
-145
-264
-196
-17
136
208
202
123
-17
-146
-149
17
218
264
114
-87
-161
-99
-27
-20
-40
-16
27
10
-70
-133
-123
-72
-35
2
89
183
175
23
-144
-142
46
259
328
236
105
22
-22
-51
-31
73
185
168
1
-172
-201
-109
-57
-121
-203
-171
-45
15
-81
-226
-250
-134
-10
22
12
52
119
113
19
-46
31
201
287
205
56
12
104
199
173
57
-14
19
75
57
-21
-74
-69
-62
-95
-135
-120
-71
-66
-133
-207
-195
-97
-16
-37
-114
-145
-95
-28
-7
-18
-8
30
43
2
-45
-36
33
94
91
48
20
25
33
20
8
29
78
104
78
28
8
31
64
67
43
44
84
123
113
55
3
6
56
97
105
90
65
42
13
-19
-24
2
34
36
4
-32
-44
-38
-43
-63
-75
-56
-26
-20
-48
-84
-104
-101
-90
-81
-60
-33
-22
-45
-88
-111
-92
-50
-21
-11
-7
-2
-7
-27
-49
-40
10
59
70
37
2
1
27
44
35
21
29
57
78
64
25
-2
1
22
34
31
31
35
28
4
-26
-34
-14
17
28
12
-13
-25
-16
-7
-7
-14
-12
1
13
11
0
-13
-15
-8
4
15
21
23
18
7
-2
-7
-4
9
23
30
22
9
-3
-9
-7
-1
3
7
10
8
-2
-15
-20
-15
-5
4
4
-6
-11
-11
-10
-13
-18
-16
-4
5
1
-10
-16
-12
-3
-1
-2
0
2
2
0
-5
-5
3
9
6
-1
-2
4
12
9
2
-3
-2
1
3
2
2
2
3
-5
-11
-12
-2
7
6
2
-1
-1
2
1
-1
0
6
15
21
14
3
-2
-2
2
2
8
