-1
-1
-1
-2
0
1
-1
-2
-1
0
1
5
4
4
4
2
0
0
1
2
2
2
3
2
4
5
2
3
5
4
3
3
5
4
6
9
8
6
5
5
5
5
5
4
4
3
0
1
1
2
1
-2
-4
-5
-3
-2
-2
-3
-5
-6
-5
-3
-6
-8
-10
-11
-10
-8
-7
-7
-6
-7
-7
-6
-9
-14
-13
-5
-3
1
1
-9
-6
4
6
2
2
1
-1
5
8
7
10
0
-22
-19
12
24
-2
-17
1
34
49
104
216
167
-64
-203
-151
-143
-171
-90
-6
3
18
85
129
112
48
0
-17
-13
111
269
221
82
-14
-217
-481
-451
-221
-70
63
242
373
395
334
133
-81
-178
-173
-133
-43
41
26
-113
-284
-278
-112
-46
-77
69
297
260
251
679
827
175
-539
-719
-723
-705
-342
198
386
24
-354
-208
177
299
301
422
244
-232
-310
82
444
443
-59
-714
-859
-616
-356
222
897
829
312
103
7
-78
79
266
292
157
-157
-384
-295
-173
-99
194
432
290
136
160
-52
-325
-146
194
349
498
575
321
-203
-548
-365
-42
-34
-202
-436
-581
-383
-82
77
192
409
616
321
-255
-398
-466
-563
-267
-175
-526
-822
-884
-537
-141
-119
83
494
553
507
545
495
388
372
485
334
-140
-429
-377
-86
189
270
562
899
768
603
455
-5
-363
-446
-194
117
-168
-371
-154
-372
-445
-31
81
88
-41
-314
-226
-395
-662
-209
56
-225
-249
33
220
-44
-262
69
116
-301
-292
307
600
135
-5
195
-283
-283
439
188
-111
510
511
141
430
276
-701
-679
374
404
-191
115
372
-40
-105
-43
-173
269
926
586
-318
-626
-493
-164
299
-44
-789
-541
-31
-22
-81
-45
438
795
191
-128
-22
-435
-611
-423
-73
354
12
-462
-274
-107
-128
-38
252
448
501
537
404
320
354
86
-432
-685
-1012
-1295
-389
755
1102
1348
831
-482
-1126
-902
-345
353
879
719
597
452
-301
-411
-520
-1116
-797
-19
330
372
522
552
314
257
24
-441
-543
-269
14
48
-147
-89
423
351
60
213
-325
-644
-46
274
266
424
827
392
-410
-515
-835
-778
-374
-13
678
654
288
132
-34
-187
-338
-29
-98
-467
81
567
212
-236
-194
-88
-602
-673
158
250
214
842
720
181
-151
-558
-849
-799
-234
284
691
794
344
361
93
-781
-716
-189
-69
57
344
384
301
746
927
-13
-917
-1186
-1132
-576
467
1442
1422
819
203
-721
-1320
-1251
-557
309
676
965
938
231
-399
-391
-290
-576
-570
-375
-59
460
664
745
415
-105
-443
-766
-753
-553
-12
750
1036
730
-36
-724
-875
-620
-205
79
443
1055
921
294
-164
-1001
-1023
-361
-190
359
764
428
-68
-70
114
-440
-403
-98
-216
378
504
578
524
-414
-374
-390
-659
-373
-366
70
517
550
472
495
340
-665
-524
231
-291
-270
481
681
162
-321
-339
-706
-457
603
696
125
-284
-315
167
546
436
170
-157
-709
-870
-396
21
307
622
980
797
-320
-873
-544
-548
-453
378
757
219
346
494
-387
-590
-286
-301
-257
-356
91
733
545
286
214
-227
-769
-589
-246
-61
592
879
633
81
-667
-751
-437
-86
-13
2
485
430
167
389
83
-620
-905
-499
130
455
682
594
431
15
-658
-375
-295
-812
-40
882
550
255
273
-296
-597
-355
-401
26
365
85
534
853
210
-250
-409
-783
-526
466
522
143
198
-114
-147
15
-360
-565
-470
-30
558
657
306
39
138
46
-139
-53
-274
-614
-509
-35
470
567
417
284
-40
-503
-726
-614
-24
688
732
651
434
-545
-903
-282
-23
-32
-134
-408
-211
292
437
610
613
-81
-430
-168
-199
-444
-396
223
694
421
247
-59
-708
-548
-104
-164
221
621
282
209
199
-362
-514
-80
302
601
579
-135
-584
-258
-231
-10
518
137
-458
-500
-104
136
-17
152
270
23
-214
-130
143
5
38
327
312
42
-388
-107
377
-50
-106
206
-135
-266
97
135
-225
-304
-158
-116
149
57
-327
-282
-473
-415
381
798
548
247
186
-159
-358
33
24
-149
-98
-54
60
-8
48
267
241
74
-177
-366
-514
-435
113
595
514
47
-85
-46
-289
-151
186
93
-118
-76
222
316
137
80
148
96
-125
-229
-135
-171
-362
-76
564
421
59
252
37
-436
-480
-420
-285
-26
308
604
382
-262
-439
-48
-11
-156
134
164
-168
123
727
528
-70
-368
-610
-634
-450
-124
429
504
185
163
207
-64
-439
-230
236
52
-28
392
260
-181
-167
-259
-563
-603
-400
173
743
673
477
362
-146
-550
-426
-252
-233
-27
437
610
299
-4
-226
-629
-830
-369
197
439
863
1136
547
-267
-722
-993
-848
-175
499
873
776
280
-30
-335
-772
-540
0
167
465
745
540
8
-625
-899
-785
-607
-104
675
984
725
506
241
-277
-663
-703
-434
-88
215
545
569
179
-250
-551
-546
-217
76
349
618
386
-123
-312
-344
-247
-12
130
195
140
-108
-332
-255
-67
-11
236
574
514
246
-63
-426
-582
-544
-409
-122
185
326
417
543
323
-166
-370
-297
-115
137
359
378
120
-119
-197
-243
-166
-128
-167
22
115
-48
3
284
451
384
189
-112
-448
-607
-483
-97
196
113
95
371
412
131
-71
-178
-298
-294
17
498
646
300
-129
-436
-740
-818
-387
288
748
753
397
-2
-307
-467
-437
-290
-37
210
296
387
539
322
-268
-622
-497
-272
-108
262
679
669
218
-226
-350
-455
-751
-639
0
366
334
412
452
152
-186
-363
-418
-182
165
276
319
259
-97
-377
-349
-281
-174
113
405
487
356
90
-103
-68
-38
-75
-31
-68
-160
11
258
181
-103
-267
-304
-180
144
338
231
75
8
43
88
-190
-558
-371
74
204
259
419
457
202
-373
-822
-566
-34
160
390
688
360
-196
-174
58
18
-174
-390
-420
-36
371
441
447
333
14
-144
-218
-390
-281
182
367
122
-81
-229
-293
-70
-4
-284
-288
143
308
43
-206
-320
-212
71
153
-20
-64
28
-61
-248
-284
-77
253
307
-44
-175
154
137
-311
-280
204
186
-356
-486
11
437
350
67
-64
-231
-310
46
344
-79
-505
125
795
327
-183
302
674
-130
-945
-405
761
1019
357
-35
99
114
-93
26
571
876
551
-82
-347
-45
378
470
206
-87
-190
-34
261
496
519
217
-189
-388
-333
-127
36
57
-29
-150
-353
-588
-511
-141
56
-162
-395
-210
97
63
-335
-644
-568
-389
-309
-260
-89
87
-46
-435
-673
-462
-76
7
-183
-208
69
218
29
-126
-48
-39
-276
-441
-221
211
453
363
126
0
31
118
172
196
215
189
113
106
207
257
165
67
92
147
138
133
171
144
26
-33
7
58
76
82
88
54
-15
-15
127
229
119
-102
-167
-5
84
-57
-159
-26
118
30
-90
-17
136
201
209
198
43
-170
-129
104
145
-29
-39
211
359
203
40
139
315
308
186
183
219
70
-111
-85
108
227
173
66
-78
-230
-283
-174
-19
5
-31
-92
-239
-420
-456
-361
-374
-499
-505
-329
-164
-134
-186
-281
-426
-486
-344
-148
-144
-271
-274
-159
-150
-218
-125
7
-103
-305
-229
58
214
221
270
302
208
127
186
215
105
26
27
43
137
297
281
-6
-214
-165
-112
-91
103
378
349
-28
-256
-98
59
-94
-319
-233
114
295
154
26
170
298
39
-318
-112
580
898
591
313
374
379
174
147
484
795
770
477
227
294
631
861
703
427
345
341
216
175
440
705
548
83
-210
-165
-33
-36
-203
-421
-533
-550
-485
-355
-297
-460
-831
-1149
-1178
-999
-829
-760
-763
-806
-915
-1075
-1157
-1033
-811
-757
-840
-596
48
427
157
-285
-332
-155
-182
-219
79
385
188
-347
-548
-177
232
192
-88
-190
-106
-51
15
281
580
551
190
-153
-209
-29
157
146
-16
-90
26
184
261
347
460
402
184
251
731
1043
805
471
608
975
1074
1033
1080
990
686
583
799
997
1104
1228
1043
421
165
672
1067
773
444
601
558
20
-95
447
617
21
-439
-256
-70
-367
-666
-615
-574
-808
-1037
-914
-603
-541
-845
-1224
-1338
-1253
-1214
-1145
-956
-879
-1103
-1343
-1321
-1153
-908
-548
-178
44
166
221
-1
-380
-507
-402
-434
-561
-397
-83
-17
-149
-179
-154
-342
-696
-873
-666
-201
207
325
157
-235
-767
-1161
-1063
-490
149
522
620
578
472
408
427
422
331
289
471
826
1115
1275
1423
1516
1356
1056
1097
1559
1871
1735
1552
1579
1524
1273
1166
1211
997
634
590
886
1099
974
706
513
414
371
153
-208
-325
-129
54
-55
-312
-537
-747
-885
-1027
-1298
-1549
-1481
-1171
-1034
-1226
-1514
-1596
-1506
-1367
-1281
-1289
-1260
-1141
-1022
-1033
-1098
-1019
-747
-278
337
855
913
462
-90
-479
-640
-492
-105
283
445
362
124
-143
-299
-390
-597
-835
-770
-349
155
470
398
-207
-1231
-2096
-2231
-1582
-535
288
459
72
-401
-532
-311
42
360
503
489
490
610
855
1127
1263
1149
970
1183
1867
2466
2490
2074
1659
1389
1237
1425
1992
2408
2169
1453
948
868
833
764
883
1048
846
397
329
592
394
-266
-539
-260
-244
-664
-660
-247
-479
-1347
-1657
-1292
-1294
-1723
-1661
-1216
-1318
-1769
-1675
-1225
-1206
-1504
-1478
-1228
-1233
-1355
-1214
-837
-354
310
979
1167
713
-54
-651
-812
-497
138
744
971
667
66
-379
-509
-620
-900
-1082
-910
-495
-4
440
417
-522
-2034
-3112
-3132
-2276
-1020
142
587
0
-1033
-1565
-1305
-615
162
806
1035
800
542
668
1024
1236
1310
1480
1798
2236
2731
3006
2786
2204
1715
1608
1892
2404
2801
2717
2176
1567
1169
1035
1115
1225
1141
908
729
596
390
229
194
5
-447
-695
-492
-385
-761
-1181
-1287
-1344
-1479
-1414
-1203
-1315
-1769
-2083
-1981
-1709
-1524
-1357
-1263
-1426
-1780
-1968
-1749
-1193
-431
511
1378
1552
780
-306
-909
-870
-403
371
1109
1109
241
-669
-945
-796
-664
-638
-738
-988
-1097
-713
-85
51
-707
-2006
-3120
-3464
-2825
-1493
-240
99
-710
-1934
-2501
-1982
-773
433
1137
1085
463
-71
69
850
1709
2238
2410
2421
2554
2909
3289
3380
3120
2789
2669
2865
3247
3529
3401
2770
1981
1474
1496
1821
1958
1688
1128
589
232
83
165
236
-11
-531
-915
-932
-872
-1005
-1284
-1591
-1830
-1878
-1630
-1314
-1370
-1880
-2443
-2642
-2425
-1964
-1505
-1323
-1597
-2079
-2141
-1464
-259
955
1608
1309
188
-950
-1194
-356
899
1647
1412
338
-934
-1537
-1104
-172
312
-88
-998
-1747
-1878
-1319
-503
-281
-1223
-2877
-4073
-4003
-2784
-1240
-356
-714
-2043
-3235
-3199
-1850
-119
954
944
154
-640
-652
334
1730
2703
2974
2825
2702
2881
3344
3811
3963
3837
3767
3964
4312
4485
4215
3529
2796
2458
2621
2939
2945
2397
1442
546
168
379
775
792
193
-743
-1469
-1593
-1221
-895
-1110
-1833
-2580
-2894
-2642
-2094
-1770
-2018
-2626
-2983
-2771
-2250
-1821
-1642
-1670
-1682
-1220
-15
1310
1661
765
-562
-1332
-1007
370
1980
2484
1301
-572
-1630
-1365
-322
619
638
-552
-2208
-2978
-2279
-934
-280
-1063
-3004
-4983
-5688
-4587
-2494
-980
-1121
-2659
-4201
-4358
-2903
-847
543
650
-234
-1167
-1144
78
1725
2850
3175
2996
2756
2814
3398
4278
4916
5081
4976
4893
4920
5003
5007
4811
4488
4217
3990
3695
3266
2665
1933
1329
1119
1162
1020
501
-212
-904
-1388
-1463
-1230
-1188
-1682
-2422
-2928
-3035
-2784
-2317
-2079
-2484
-3231
-3583
-3327
-2744
-1967
-1174
-799
-741
-338
358
540
91
-234
-109
241
850
1528
1409
231
-889
-909
-141
591
860
371
-922
-2195
-2384
-1497
-580
-677
-2066
-4119
-5594
-5536
-4116
-2500
-1934
-2888
-4670
-5720
-4948
-2821
-824
-65
-625
-1869
-2681
-2046
-51
2037
3062
2978
2388
1939
2246
3536
5150
6037
5918
5318
4773
4585
4934
5629
6055
5907
5445
4909
4284
3680
3300
3026
2693
2427
2227
1736
868
21
-552
-940
-1124
-1086
-1189
-1762
-2555
-3086
-3262
-3242
-3091
-2935
-3014
-3293
-3413
-3125
-2596
-2160
-1809
-1199
-300
352
370
19
-233
-195
217
907
1221
644
-254
-483
23
562
698
349
-525
-1513
-1791
-1139
-310
-247
-1275
-3057
-4706
-5237
-4417
-3057
-2363
-2946
-4411
-5588
-5418
-4002
-2431
-1672
-1898
-2656
-3175
-2705
-1181
505
1412
1406
1024
932
1584
2985
4528
5396
5275
4626
4266
4631
5538
6457
6852
6428
5396
4474
4242
4586
4992
5027
4442
3295
2131
1543
1509
1573
1409
906
23
-937
-1454
-1476
-1427
-1569
-1900
-2505
-3262
-3685
-3540
-3226
-3036
-2824
-2564
-2377
-2119
-1564
-1053
-977
-1069
-891
-522
-192
113
266
58
-257
-167
265
498
279
-237
-769
-964
-558
185
518
-79
-1430
-2890
-3732
-3520
-2527
-1654
-1767
-2923
-4388
-5221
-4882
-3618
-2320
-1898
-2501
-3440
-3852
-3301
-1981
-564
208
145
-203
-100
753
2073
3271
3798
3520
2974
2976
3816
5050
6014
6295
5781
4818
4151
4274
4921
5440
5481
4935
3828
2634
1989
1982
2137
2097
1789
1121
178
-621
-1045
-1281
-1449
-1465
-1503
-1843
-2359
-2786
-3159
-3398
-3081
-2219
-1407
-1011
-972
-1285
-1803
-1872
-1063
0
493
277
-305
-855
-918
-249
619
862
318
-451
-881
-697
-21
541
302
-814
-2145
-2972
-2960
-2262
-1592
-1721
-2722
-3886
-4451
-4159
-3269
-2393
-2206
-2785
-3466
-3580
-3039
-2197
-1432
-1026
-991
-921
-446
347
1107
1638
1970
2228
2572
3063
3564
3904
4077
4209
4419
4692
4905
4935
4775
4529
4273
4062
3869
3613
3249
2818
2414
2073
1760
1406
909
253
-416
-906
-1128
-1142
-1166
-1421
-1928
-2451
-2705
-2652
-2381
-2034
-1725
-1474
-1242
-1056
-1029
-1106
-1036
-651
-132
202
176
-74
-230
-37
444
793
672
168
-318
-452
-182
232
368
-46
-887
-1760
-2328
-2440
-2217
-2033
-2251
-2875
-3542
-3853
-3655
-3113
-2647
-2638
-3037
-3395
-3297
-2705
-1895
-1207
-866
-825
-770
-406
282
1064
1711
2112
2275
2345
2556
2998
3542
3968
4153
4122
4002
3996
4194
4429
4415
4051
3514
3044
2802
2762
2705
2385
1793
1158
663
319
26
-291
-643
-998
-1285
-1515
-1805
-2167
-2447
-2530
-2405
-2121
-1742
-1334
-1024
-867
-881
-971
-902
-528
0
336
258
-38
-170
56
542
921
877
461
47
-16
254
555
572
149
-626
-1416
-1929
-2114
-2104
-2124
-2323
-2748
-3223
-3463
-3373
-3086
-2821
-2763
-2926
-3102
-2995
-2522
-1936
-1509
-1291
-1169
-945
-456
287
1041
1572
1895
2130
2341
2602
2996
3478
3882
4132
4250
4221
4094
4031
4073
4049
3857
3543
3150
2741
2446
2273
2006
1550
1047
594
171
-205
-529
-906
-1345
-1660
-1836
-2050
-2364
-2667
-2878
-2971
-2798
-2325
-1758
-1313
-1052
-1000
-1146
-1166
-772
-123
373
475
304
150
290
775
1254
1298
924
521
440
713
1082
1209
877
165
-584
-1110
-1393
-1486
-1555
-1804
-2311
-2897
-3239
-3237
-3032
-2828
-2857
-3195
-3553
-3528
-3003
-2304
-1813
-1591
-1580
-1543
-1091
-166
856
1556
1854
1957
2023
2319
3032
3826
4294
4385
4277
4180
4214
4461
4765
4695
4239
3714
3263
2980
2826
2628
2144
1267
466
104
0
0
-203
-884
-1830
-2609
-2738
-2443
-2431
-2700
-3173
-3707
-3745
-3202
-2338
-1633
-1478
-1466
-1515
-1579
-1144
-353
359
626
301
4
82
549
1398
1904
1670
1007
387
481
1165
1779
1962
1315
134
-855
-1419
-1397
-1081
-1035
-1385
-2216
-3054
-3311
-3149
-2760
-2458
-2676
-3243
-3746
-3651
-2786
-1924
-1547
-1550
-1730
-1567
-844
224
1214
1534
1431
1567
2075
2896
3750
4275
4382
4140
4005
4318
4822
5262
5356
4917
4275
3788
3606
3597
3379
2839
1962
932
348
322
343
-34
-893
-1908
-2676
-2972
-2720
-2430
-2748
-3530
-4263
-4608
-4302
-3470
-2587
-2112
-2147
-2284
-2316
-2178
-1524
-415
432
485
13
-224
144
934
1763
2111
1689
872
462
925
1842
2394
2098
1034
-195
-1004
-1242
-982
-599
-680
-1438
-2464
-3054
-2900
-2435
-2136
-2204
-2754
-3468
-3748
-3315
-2470
-1886
-1816
-1937
-1899
-1484
-632
451
1336
1663
1578
1595
2041
2884
3819
4466
4583
4266
4022
4253
4860
5426
5539
5138
4523
4004
3748
3694
3550
3064
2198
1272
707
536
387
-65
-825
-1663
-2322
-2639
-2637
-2668
-3101
-3849
-4367
-4226
-3664
-3095
-2705
-2481
-2461
-2681
-2746
-2222
-1316
-655
-565
-759
-735
-384
180
778
1070
857
398
317
886
1611
1798
1334
572
-134
-640
-840
-680
-559
-917
-1715
-2410
-2593
-2423
-2191
-2060
-2244
-2788
-3320
-3299
-2601
-1833
-1525
-1631
-1810
-1695
-1137
-208
762
1280
1321
1360
1776
2560
3396
4041
4423
4478
4391
4520
4935
5376
5479
5180
4710
4272
4022
4006
4029
3756
2988
1983
1215
831
642
367
-140
-862
-1695
-2379
-2718
-2857
-3050
-3428
-3876
-4181
-4192
-3848
-3286
-2779
-2537
-2620
-2821
-2727
-2147
-1256
-600
-571
-872
-942
-482
382
1167
1442
1113
495
284
814
1681
2165
1875
1050
97
-638
-878
-620
-327
-599
-1531
-2498
-2895
-2715
-2240
-1876
-2005
-2725
-3633
-3896
-3214
-2218
-1667
-1789
-2193
-2279
-1766
-677
522
1150
1100
890
1142
1936
2829
3520
3909
3959
3838
3876
4353
5085
5505
5416
5021
4606
4384
4371
4437
4256
3490
2385
1601
1460
1603
1372
534
-624
-1675
-2277
-2284
-1980
-2024
-2765
-3770
-4228
-3906
-3292
-2858
-2684
-2697
-2952
-3165
-2822
-1905
-1037
-819
-1128
-1335
-1115
-486
407
1090
1107
489
-47
214
1111
1822
1816
1210
388
-324
-687
-567
-233
-278
-1001
-2002
-2582
-2545
-2180
-1870
-1894
-2377
-3154
-3663
-3402
-2570
-1886
-1744
-1952
-2114
-1982
-1427
-510
381
752
643
660
1198
2079
2896
3440
3671
3631
3576
3907
4629
5210
5232
4809
4376
4185
4208
4351
4367
3877
2866
1886
1541
1740
1801
1386
593
-400
-1323
-1900
-1909
-1742
-2158
-3022
-3593
-3511
-3027
-2678
-2513
-2525
-2982
-3356
-2972
-1926
-1044
-1160
-1733
-1823
-1420
-661
217
821
853
191
-297
226
1277
2062
2069
1388
484
-421
-771
-313
236
154
-833
-2076
-2671
-2620
-2075
-1468
-1488
-2248
-3424
-4019
-3399
-2344
-1664
-1691
-2249
-2564
-2316
-1335
101
891
748
218
61
820
1931
2847
3430
3395
3140
3192
3724
4678
5218
4978
4438
3898
3832
4233
4525
4492
3713
2421
1652
1551
1839
1910
1147
128
-790
-1538
-1617
-1453
-1582
-2210
-3377
-3985
-3603
-2998
-2446
-2302
-2563
-2946
-3364
-3052
-1961
-1103
-1018
-1620
-2047
-1708
-985
32
944
1073
526
-195
-130
1024
2128
2440
1950
918
18
-372
-49
729
908
68
-1210
-2052
-2029
-1554
-1128
-1092
-1750
-2762
-3346
-3023
-2094
-1535
-1776
-2352
-2701
-2419
-1499
-428
252
210
-207
-199
500
1548
2415
2798
2797
2685
2829
3473
4337
4878
4789
4290
3898
3833
4023
4277
4214
3580
2587
1766
1536
1682
1549
945
93
-794
-1448
-1711
-1650
-1671
-2307
-3335
-3901
-3634
-2929
-2370
-2186
-2468
-3203
-3702
-3317
-2175
-1210
-1265
-1906
-2167
-1858
-1078
-68
588
605
56
-386
44
1146
2028
2139
1639
871
181
-1
443
1011
979
37
-1068
-1437
-1221
-831
-559
-790
-1518
-2296
-2449
-1749
-1045
-1054
-1491
-1821
-1775
-1357
-617
136
331
28
-138
223
1030
1788
2272
2527
2424
2281
2634
3384
4139
4448
4081
3501
3169
3205
3627
4051
3968
3238
2175
1471
1489
1717
1439
624
-297
-1133
-1772
-1948
-1883
-2174
-2908
-3660
-3804
-3316
-2982
-2938
-2850
-3130
-3712
-3804
-3267
-2322
-1665
-1929
-2383
-2257
-1749
-965
-98
285
103
-220
-152
651
1776
2187
1745
1162
671
414
618
1013
1204
870
-110
-915
-909
-542
-237
-203
-615
-1335
-1946
-1975
-1347
-695
-690
-1169
-1500
-1377
-809
-5
586
675
346
100
483
1342
2109
2487
2497
2426
2580
2979
3532
4018
4127
3874
3552
3414
3540
3757
3771
3458
2860
2185
1835
1849
1690
1060
218
-586
-1141
-1381
-1580
-1967
-2623
-3467
-3900
-3619
-3315
-3341
-3324
-3334
-3690
-4020
-3974
-3500
-2831
-2697
-3039
-2961
-2528
-2108
-1347
-628
-588
-835
-834
-341
669
1440
1347
999
740
408
395
755
944
851
438
-245
-494
-266
-146
-81
-64
-490
-1089
-1250
-912
-362
-96
-393
-769
-733
-398
233
996
1225
857
584
851
1612
2438
2821
2762
2571
2538
2927
3647
4183
4180
3773
3378
3322
3622
4021
4101
3657
2921
2220
1833
1943
2095
1619
671
-333
-1173
-1451
-1299
-1451
-2052
-2994
-4013
-4048
-3201
-2797
-2872
-3147
-4028
-4693
-4323
-3548
-2775
-2632
-3564
-4148
-3521
-2674
-1809
-916
-973
-1761
-2059
-1575
-391
1000
1227
400
-164
-503
-527
291
1022
887
163
-938
-1482
-804
55
248
-9
-644
-1498
-1670
-856
89
518
29
-996
-1084
-265
637
1637
1996
1344
752
884
1856
3159
3717
3370
2869
2718
3013
3911
4917
5031
4456
3793
3340
3664
4272
4359
4068
3332
2466
2165
2318
2483
2141
1158
57
-654
-808
-790
-964
-1479
-2494
-3547
-3895
-3370
-2745
-2770
-3101
-3644
-4391
-4463
-3861
-3098
-2709
-3399
-4244
-4042
-3283
-2463
-1717
-1612
-2253
-2775
-2357
-1216
46
626
50
-742
-1093
-1104
-467
370
460
-201
-1171
-1758
-1400
-486
63
-201
-878
-1561
-1815
-1068
63
431
-63
-906
-1249
-503
683
1538
1839
1443
807
936
1996
3139
3697
3580
3092
2884
3305
4048
4756
5031
4587
3961
3805
4136
4718
5036
4625
3781
3042
2675
2824
3168
2906
1847
690
43
-34
46
-314
-1105
-1991
-2938
-3413
-2930
-2400
-2504
-2831
-3311
-3910
-4097
-3841
-3290
-2734
-3060
-4038
-4250
-3608
-2876
-2105
-1762
-2321
-2919
-2816
-2060
-821
-36
-522
-1359
-1662
-1609
-1165
-509
-327
-727
-1448
-2131
-2065
-1306
-853
-1010
-1316
-1630
-1781
-1455
-791
-241
-255
-835
-1151
-573
379
1096
1484
1497
1301
1363
1925
2810
3474
3476
3191
3263
3731
4300
4776
4909
4618
4224
4120
4431
4890
5022
4585
3884
3362
3161
3242
3380
3119
2320
1395
741
502
526
273
-463
-1293
-2113
-2809
-2650
-1892
-1666
-1969
-2664
-3720
-4045
-3434
-2734
-2221
-2593
-3900
-4443
-3641
-2552
-1762
-1598
-2427
-3429
-3274
-2184
-954
-68
-451
-1655
-2218
-2232
-1797
-813
-431
-1103
-2111
-2844
-2721
-1780
-918
-988
-1802
-2574
-2959
-2397
-1014
-309
-672
-1484
-2095
-1480
16
1122
1516
1164
513
537
1620
3096
3809
3605
3087
2772
3298
4335
5098
5435
4994
4158
3968
4395
5002
5425
5215
4393
3456
3017
3247
3764
3839
2858
1511
781
584
805
998
320
-856
-1848
-2543
-2302
-1373
-1255
-1773
-2203
-3035
-3637
-3214
-2597
-2170
-2273
-3428
-4296
-3680
-2566
-1819
-1416
-1885
-3062
-3316
-2317
-1065
-82
-285
-1633
-2348
-2143
-1739
-1020
-532
-1068
-2144
-2861
-2848
-2133
-1306
-1366
-2120
-2656
-2943
-2673
-1524
-597
-776
-1657
-2346
-1932
-448
927
1336
965
370
229
1241
2920
3813
3508
2722
2356
2998
4227
5101
5247
4739
3963
3668
4158
4841
5081
4714
3885
3118
2887
3103
3476
3458
2614
1478
773
645
899
976
385
-667
-1568
-2062
-1965
-1249
-884
-1197
-1681
-2566
-3203
-2649
-1744
-1276
-1574
-2809
-3752
-3336
-2101
-1035
-689
-1358
-2728
-3244
-2162
-732
146
-1
-1237
-2217
-2359
-2036
-1114
-413
-1025
-2429
-3401
-3305
-2438
-1478
-1249
-2072
-3095
-3670
-3359
-1887
-774
-1165
-2146
-2818
-2443
-944
488
1071
834
215
48
971
2541
3452
3363
2927
2623
3034
4056
4875
5265
4989
4207
3866
4255
4910
5235
4898
4134
3389
3075
3257
3600
3530
2633
1467
727
518
741
795
273
-539
-1450
-2199
-2231
-1591
-1166
-1319
-1714
-2462
-3121
-2838
-2150
-1528
-1331
-2370
-3568
-3413
-2388
-1359
-826
-1226
-2312
-2931
-2297
-1032
78
300
-781
-1801
-1864
-1590
-1027
-495
-785
-1670
-2490
-2677
-2134
-1431
-1247
-1894
-2664
-2977
-2887
-2055
-1105
-1139
-1787
-2390
-2332
-1253
-65
489
480
166
45
602
1809
2759
2871
2637
2456
2750
3611
4307
4667
4688
4215
3849
4077
4599
4911
4754
4224
3579
3192
3162
3289
3358
2839
1781
1028
730
666
676
274
-479
-1154
-1818
-2181
-1717
-1173
-1284
-1552
-2069
-2839
-2847
-2261
-1732
-1381
-1991
-3255
-3436
-2432
-1428
-864
-967
-1895
-2654
-2235
-1107
-6
404
-508
-1702
-1912
-1573
-1128
-677
-783
-1566
-2435
-2708
-2272
-1624
-1345
-1875
-2670
-2893
-2759
-2243
-1346
-1095
-1687
-2298
-2300
-1414
-172
537
533
309
282
633
1615
2702
2966
2696
2546
2807
3625
4402
4648
4580
4262
3920
4009
4486
4826
4638
4091
3491
3115
3109
3197
3146
2738
1858
1102
835
788
680
169
-603
-1200
-1666
-1925
-1722
-1442
-1560
-1839
-2143
-2610
-2774
-2472
-2112
-1715
-1890
-2869
-3297
-2708
-1886
-1199
-1026
-1611
-2304
-2245
-1401
-371
228
-226
-1233
-1595
-1440
-1136
-696
-650
-1134
-1788
-2228
-2084
-1644
-1389
-1616
-2182
-2517
-2632
-2421
-1753
-1353
-1496
-1910
-2187
-1711
-783
-34
386
427
371
566
1293
2307
2790
2758
2670
2805
3479
4202
4497
4511
4197
3904
4040
4423
4708
4527
4053
3634
3303
3201
3183
3064
2733
1951
1226
945
808
790
491
-303
-1003
-1575
-1991
-1819
-1345
-1324
-1695
-2043
-2573
-2910
-2494
-2025
-1814
-1862
-2707
-3378
-2824
-1890
-1294
-1135
-1658
-2491
-2538
-1567
-479
136
-123
-1178
-1786
-1527
-1106
-714
-653
-1248
-2055
-2419
-2112
-1530
-1205
-1485
-2247
-2727
-2680
-2293
-1568
-1083
-1388
-2043
-2281
-1701
-608
259
459
196
58
396
1354
2628
3217
2818
2254
2282
3087
4226
4937
4882
4300
3724
3655
4259
4983
4953
4202
3391
2938
3031
3365
3445
3034
2049
1026
631
750
927
665
-168
-1084
-1738
-2070
-1921
-1418
-1241
-1658
-2082
-2351
-2588
-2407
-2038
-1891
-1877
-2354
-3019
-2839
-2051
-1482
-1254
-1409
-1941
-2234
-1750
-873
-209
-107
-741
-1405
-1406
-1174
-1007
-891
-1116
-1661
-2098
-2170
-1927
-1654
-1652
-2014
-2406
-2517
-2379
-1923
-1411
-1434
-1884
-2193
-1948
-1112
-217
218
200
57
227
977
2053
2728
2632
2293
2341
2960
3898
4551
4645
4319
3856
3763
4205
4712
4749
4304
3763
3367
3266
3376
3345
3104
2497
1591
1098
1061
963
682
159
-540
-1137
-1465
-1646
-1725
-1598
-1676
-1946
-1904
-2091
-2583
-2559
-2254
-1983
-1824
-2226
-2753
-2613
-1942
-1328
-1108
-1350
-2024
-2302
-1509
-538
-74
-180
-954
-1514
-1341
-1041
-805
-837
-1333
-1914
-2168
-1970
-1657
-1545
-1724
-2248
-2662
-2655
-2351
-1739
-1379
-1724
-2197
-2311
-1812
-814
-53
146
-3
-124
306
1344
2367
2701
2374
2107
2396
3245
4204
4627
4413
3890
3555
3871
4565
4877
4544
3840
3252
3132
3379
3520
3285
2712
1917
1344
1264
1251
973
475
-237
-871
-1182
-1350
-1494
-1544
-1582
-1773
-1872
-1808
-1960
-2181
-2181
-2140
-1964
-1810
-2069
-2371
-2281
-1928
-1486
-1121
-1172
-1558
-1687
-1367
-820
-236
-88
-540
-1026
-1260
-1271
-1037
-879
-1092
-1534
-1977
-2187
-1995
-1628
-1532
-1845
-2303
-2565
-2390
-1860
-1470
-1543
-1927
-2184
-1874
-1014
-174
176
43
-123
207
1069
1989
2448
2339
2074
2199
2875
3765
4289
4166
3690
3394
3600
4112
4430
4244
3661
3087
2892
3066
3255
3100
2555
1879
1345
1137
1123
962
536
-89
-730
-1114
-1237
-1310
-1381
-1468
-1629
-1757
-1789
-1855
-1962
-1931
-1833
-1766
-1759
-1927
-2086
-1898
-1507
-1230
-1152
-1308
-1495
-1401
-1042
-662
-424
-443
-673
-862
-929
-988
-1072
-1171
-1330
-1541
-1757
-1929
-1952
-1857
-1803
-1877
-2034
-2130
-2033
-1758
-1497
-1447
-1588
-1645
-1348
-709
-65
249
242
246
607
1307
1997
2317
2252
2167
2444
3085
3725
3952
3723
3391
3331
3595
3901
3931
3610
3139
2806
2724
2759
2706
2408
1903
1375
967
738
611
393
-22
-578
-1101
-1413
-1501
-1523
-1654
-1899
-2099
-2080
-1874
-1687
-1699
-1895
-2021
-1889
-1571
-1318
-1318
-1486
-1564
-1362
-928
-566
-515
-720
-922
-819
-402
20
132
-164
-637
-948
-914
-663
-539
-799
-1354
-1852
-1943
-1620
-1245
-1206
-1607
-2129
-2291
-1932
-1331
-984
-1141
-1530
-1630
-1139
-278
403
565
371
315
756
1548
2225
2447
2291
2174
2415
2950
3440
3591
3414
3181
3140
3312
3482
3424
3124
2743
2465
2359
2303
2152
1858
1457
1059
737
483
232
-87
-483
-905
-1252
-1454
-1543
-1618
-1751
-1926
-2028
-1986
-1863
-1784
-1864
-1998
-1994
-1823
-1595
-1497
-1581
-1654
-1509
-1169
-843
-767
-912
-1021
-851
-436
-89
-76
-371
-688
-756
-580
-413
-496
-854
-1259
-1447
-1355
-1129
-1015
-1145
-1420
-1627
-1597
-1332
-1014
-849
-876
-938
-821
-462
28
426
616
709
878
1198
1608
1974
2205
2354
2511
2707
2901
3038
3093
3110
3134
3160
3142
3038
2859
2686
2565
2466
2311
2061
1735
1422
1165
938
681
343
-51
-439
-753
-991
-1215
-1459
-1723
-1955
-2115
-2172
-2158
-2127
-2126
-2175
-2230
-2238
-2135
-1957
-1796
-1705
-1683
-1664
-1541
-1292
-1017
-817
-752
-752
-692
-495
-226
-31
-3
-142
-316
-407
-402
-385
-451
-631
-861
-1014
-1031
-942
-867
-897
-1027
-1142
-1128
-960
-729
-578
-557
-560
-442
-142
270
615
795
881
1024
1326
1738
2115
2342
2414
2446
2552
2758
2983
3099
3070
2952
2839
2790
2782
2749
2640
2446
2206
1971
1763
1556
1327
1052
727
375
23
-313
-603
-858
-1110
-1378
-1660
-1917
-2090
-2181
-2216
-2247
-2293
-2337
-2358
-2330
-2279
-2200
-2096
-1992
-1894
-1807
-1727
-1599
-1407
-1183
-973
-829
-739
-655
-507
-300
-126
-54
-108
-222
-301
-319
-311
-340
-458
-617
-734
-780
-751
-709
-698
-713
-727
-692
-586
-447
-306
-189
-95
30
219
480
753
967
1115
1246
1439
1732
2045
2270
2353
2350
2390
2540
2749
2887
2856
2689
2516
2447
2485
2520
2437
2207
1908
1643
1481
1380
1249
999
612
182
-188
-434
-590
-766
-1043
-1403
-1748
-1962
-2024
-2001
-1994
-2074
-2189
-2264
-2257
-2161
-2050
-1950
-1859
-1811
-1782
-1753
-1680
-1513
-1274
-1042
-918
-915
-935
-854
-619
-331
-178
-250
-453
-607
-568
-397
-298
-409
-684
-924
-957
-796
-612
-589
-732
-874
-829
-561
-228
-50
-87
-168
-88
227
666
973
1020
930
949
1230
1697
2102
2226
2107
1991
2077
2394
2753
2913
2810
2568
2394
2416
2568
2670
2573
2277
1917
1646
1545
1533
1439
1157
725
296
24
-83
-168
-403
-816
-1259
-1545
-1624
-1632
-1735
-1969
-2206
-2291
-2206
-2079
-2099
-2215
-2235
-2090
-1822
-1624
-1646
-1773
-1760
-1480
-1075
-812
-825
-1003
-1051
-814
-437
-171
-194
-437
-633
-614
-417
-246
-273
-483
-715
-792
-698
-562
-505
-562
-645
-645
-540
-384
-261
-188
-124
-16
130
285
440
587
744
918
1071
1194
1330
1517
1730
1899
1991
2027
2093
2235
2401
2494
2468
2375
2318
2335
2370
2315
2136
1902
1713
1608
1504
1299
987
659
416
270
117
-129
-467
-804
-1050
-1195
-1287
-1405
-1577
-1774
-1950
-2048
-2059
-1997
-1906
-1862
-1890
-1948
-1927
-1750
-1478
-1255
-1182
-1243
-1272
-1125
-826
-537
-429
-507
-625
-594
-383
-151
-65
-177
-350
-415
-336
-221
-198
-321
-489
-583
-562
-478
-434
-465
-534
-563
-498
-364
-215
-106
-53
-7
80
230
421
598
725
814
913
1056
1230
1405
1545
1654
1761
1860
1944
1999
2040
2103
2178
2206
2139
1995
1863
1821
1836
1796
1593
1264
947
768
726
657
412
1
-426
-686
-752
-773
-913
-1219
-1570
-1787
-1797
-1702
-1666
-1758
-1915
-2009
-1940
-1751
-1570
-1477
-1467
-1458
-1350
-1141
-905
-734
-656
-629
-566
-420
-238
-111
-76
-104
-121
-69
16
63
33
-45
-111
-118
-90
-84
-127
-200
-250
-252
-229
-212
-216
-229
-220
-169
-99
-39
5
39
89
189
312
416
486
535
609
737
897
1036
1114
1145
1185
1284
1430
1554
1582
1523
1459
1466
1538
1584
1517
1340
1139
1007
968
936
811
568
278
49
-72
-133
-237
-433
-685
-912
-1041
-1076
-1091
-1147
-1253
-1367
-1427
-1405
-1329
-1257
-1222
-1206
-1178
-1108
-993
-869
-757
-665
-588
-515
-440
-359
-272
-189
-121
-73
-52
-53
-50
-26
15
54
52
0
-55
-74
-37
19
38
-4
-78
-119
-91
-17
40
27
-47
-104
-84
15
125
171
137
85
103
217
372
487
513
486
491
583
745
885
927
886
847
880
985
1087
1106
1018
903
839
842
869
831
693
506
346
262
219
149
19
-167
-342
-449
-493
-512
-563
-673
-804
-886
-882
-825
-784
-804
-862
-885
-827
-711
-615
-588
-608
-600
-512
-380
-283
-267
-305
-310
-233
-113
-44
-68
-148
-191
-138
-39
22
-4
-93
-156
-132
-44
30
30
-34
-93
-82
-13
60
76
34
-13
-10
50
126
166
149
114
118
184
276
348
372
361
377
440
533
609
631
615
609
644
703
736
717
657
597
576
578
556
475
353
244
181
153
105
-1
-139
-260
-322
-327
-337
-393
-484
-567
-597
-567
-517
-503
-542
-593
-603
-544
-451
-383
-380
-421
-439
-385
-279
-181
-155
-193
-227
-199
-109
-20
2
-46
-107
-113
-54
15
28
-27
-99
-119
-77
-17
4
-36
-93
-106
-60
5
36
18
-17
-20
27
93
137
142
128
141
190
252
303
323
327
350
400
455
492
502
498
508
540
567
569
545
502
468
454
441
407
336
239
146
76
33
-8
-81
-194
-318
-413
-455
-460
-471
-518
-598
-679
-703
-640
-537
-471
-478
-529
-552
-482
-329
-189
-145
-192
-259
-238
-105
63
156
118
14
-43
14
151
261
254
138
14
-12
72
179
200
102
-35
-111
-77
24
86
42
-69
-159
-156
-74
11
32
-12
-69
-75
-13
79
152
182
180
188
234
301
366
417
446
461
470
480
492
504
518
517
496
452
391
338
308
287
244
163
52
-57
-128
-164
-196
-262
-365
-475
-546
-567
-556
-567
-615
-681
-723
-700
-628
-570
-554
-573
-579
-524
-410
-299
-243
-247
-256
-207
-86
51
125
120
84
94
179
294
362
346
282
237
257
329
382
369
297
218
185
203
238
242
201
138
87
72
84
99
99
76
48
30
25
33
58
85
103
103
90
82
102
155
208
228
206
168
160
203
268
306
279
209
155
158
201
224
184
91
0
-42
-39
-36
-79
-169
-268
-330
-344
-338
-352
-409
-475
-517
-517
-491
-475
-472
-486
-488
-465
-423
-375
-334
-303
-279
-251
-205
-142
-76
-27
-3
9
27
71
132
180
203
198
187
195
227
268
287
274
242
217
217
239
259
259
231
191
164
156
165
180
177
148
112
81
77
97
125
139
123
91
71
84
127
163
170
142
107
105
138
180
196
164
111
82
88
115
122
86
21
-30
-49
-46
-51
-87
-149
-206
-232
-230
-225
-245
-284
-320
-334
-319
-301
-295
-298
-304
-294
-271
-248
-224
-206
-188
-171
-159
-140
-113
-76
-38
-18
-13
-13
-4
22
54
76
79
63
51
56
78
105
112
101
74
59
68
93
116
118
99
77
68
85
112
128
125
108
91
96
118
146
164
157
139
128
138
165
186
190
175
156
147
151
163
168
154
126
97
81
81
77
66
38
2
-27
-46
-52
-60
-80
-113
-148
-165
-169
-171
-176
-192
-215
-230
-231
-220
-207
-201
-206
-216
-213
-196
-172
-146
-136
-141
-139
-126
-97
-60
-40
-37
-40
-38
-20
16
43
50
38
24
24
43
68
78
66
43
26
30
48
62
57
41
22
18
33
51
61
59
50
44
51
70
92
104
105
99
96
107
129
145
151
141
127
124
135
153
159
147
125
104
98
102
103
93
66
36
14
6
4
-6
-30
-62
-89
-106
-111
-113
-121
-135
-152
-162
-159
-153
-143
-140
-142
-145
-142
-131
-115
-96
-86
-84
-80
-75
-62
-49
-39
-32
-34
-37
-33
-21
-7
-1
-2
-10
-17
-17
-9
6
11
7
-2
-8
-1
6
13
16
12
11
13
22
34
45
54
52
51
54
62
75
85
93
94
97
104
116
131
136
128
120
116
121
131
129
118
98
82
76
75
70
51
24
-1
-18
-23
-27
-42
-66
-88
-100
-102
-104
-112
-122
-134
-141
-137
-122
-112
-108
-108
-109
-101
-88
-73
-58
-52
-52
-48
-37
-21
-4
6
4
4
8
20
35
40
36
27
19
19
29
39
38
30
17
6
1
4
4
-4
-14
-21
-25
-20
-14
-13
-17
-22
-22
-18
-9
1
8
13
16
20
28
44
56
61
63
65
67
72
81
87
86
79
71
65
68
73
70
54
37
23
14
13
10
-2
-23
-42
-49
-48
-48
-55
-71
-89
-94
-89
-81
-74
-72
-77
-78
-70
-56
-45
-38
-32
-28
-21
-9
1
10
11
12
15
19
28
36
43
44
41
39
39
39
38
30
21
14
10
8
4
-5
-17
-30
-37
-41
-40
-43
-47
-52
-53
-50
-42
-35
-29
-23
-19
-12
-1
7
17
27
32
38
40
42
46
52
59
61
60
55
49
50
55
56
52
38
26
19
18
21
15
5
-10
-22
-26
-24
-22
-26
-39
-48
-49
-45
-38
-33
-35
-39
-44
-41
-27
-14
-6
-7
-12
-12
-4
12
27
30
22
14
13
24
37
42
38
25
16
16
24
29
23
6
-11
-17
-14
-11
-15
-28
-42
-54
-56
-52
-49
-52
-62
-66
-63
-54
-43
-34
-30
-28
-23
-12
7
20
29
34
34
38
46
58
68
69
62
57
53
55
61
63
56
41
27
22
25
26
21
9
-5
-15
-19
-16
-15
-19
-25
-36
-42
-35
-28
-23
-22
-25
-30
-25
-14
-1
8
8
1
0
6
19
31
34
33
27
23
28
36
40
34
21
9
6
11
17
11
-6
-28
-44
-45
-39
-38
-49
-67
-80
-82
-72
-62
-65
-77
-88
-87
-76
-56
-39
-33
-34
-32
-22
-5
12
23
30
34
41
52
61
70
75
76
73
66
64
66
73
73
66
53
38
30
32
35
29
15
1
-9
-11
-6
-1
-5
-15
-23
-23
-20
-13
-8
-8
-13
-16
-13
0
14
23
23
17
12
14
22
32
34
26
19
17
22
30
30
20
5
-8
-11
-11
-11
-20
-34
-48
-54
-59
-60
-56
-67
-79
-89
-88
-88
-87
-83
-84
-75
-73
-63
-49
-40
-39
-35
-29
-18
-6
6
17
22
34
42
47
54
58
60
62
63
64
67
66
68
66
60
59
51
46
45
41
35
25
19
18
17
14
7
0
-2
-3
-5
-7
-9
-10
-10
-10
-9
-6
-2
4
6
8
9
7
6
11
15
18
20
20
22
25
26
24
21
16
11
10
9
5
-2
-7
-16
-20
-25
-32
-39
-44
-50
-53
-55
-56
-56
-59
-60
-62
-61
-59
-56
-53
-49
-45
-42
-36
-30
-24
-20
-18
-13
-10
-5
1
9
12
13
15
18
20
21
23
25
24
24
25
28
27
25
23
21
20
21
22
24
24
25
27
29
31
31
30
32
33
33
34
35
35
34
30
32
30
28
28
28
28
27
25
23
22
19
15
11
6
2
-1
-4
-9
-13
-19
-25
-30
-34
-37
-40
-45
-52
-54
-55
-58
-60
-63
-65
-65
-67
-65
-63
-60
-58
-54
-48
-45
-38
-32
-26
-21
-16
-11
-4
1
10
18
22
25
28
30
36
37
39
40
37
36
37
37
37
33
30
26
24
24
24
20
19
17
17
18
20
20
19
15
14
16
19
22
24
24
25
27
29
30
31
30
29
28
27
30
29
28
26
24
19
12
10
6
1
-4
-11
-17
-20
-24
-27
-36
-44
-46
-51
-56
-59
-62
-63
-61
-61
-61
-64
-63
-62
-59
-55
-53
-50
-44
-41
-33
-28
-25
-21
-17
-10
-5
0
5
6
13
21
29
29
29
31
31
34
37
39
40
39
37
36
34
32
32
30
29
28
25
23
22
24
23
21
21
22
22
23
24
27
29
31
31
31
29
26
25
24
25
21
17
16
12
11
11
5
0
-5
-10
-16
-18
-18
-23
-26
-30
-36
-40
-43
