-7
-9
-9
-9
-6
-2
-1
-1
-3
-3
-1
0
0
-2
1
4
7
6
2
2
0
1
3
4
4
5
3
4
3
5
6
7
5
3
2
2
2
0
0
-2
-4
-4
-4
-3
-4
-4
-3
-3
-2
-3
-5
-5
-3
-4
-4
-5
-7
-8
-10
-9
-9
-7
-5
-4
-2
1
3
5
5
7
9
10
14
13
14
15
16
17
16
17
17
16
17
15
13
12
13
12
10
9
9
7
7
2
-2
-4
-5
-5
-5
-7
-8
-9
-10
-12
-14
-18
-19
-18
-16
-17
-19
-19
-20
-19
-17
-16
-14
-11
-9
-9
-8
-7
-7
-6
-6
-3
-2
-2
0
2
1
0
-1
0
1
4
8
14
16
17
20
20
23
25
24
25
23
22
17
14
9
1
-4
-8
-12
-17
-23
-25
-27
-30
-30
-30
-28
-27
-26
-42
-49
-38
-34
-26
-24
-22
-8
4
14
26
45
61
75
90
101
131
150
150
153
146
157
176
166
161
151
147
161
159
154
150
141
147
142
123
108
87
67
45
18
-9
-35
-58
-85
-107
-125
-143
-162
-193
-225
-246
-270
-286
-316
-350
-357
-361
-350
-342
-349
-332
-309
-289
-264
-259
-247
-220
-206
-186
-172
-159
-135
-111
-88
-67
-51
-34
-22
-10
-2
0
-2
-4
-8
-11
-7
2
17
44
80
133
203
284
377
473
574
672
760
833
885
911
905
861
767
631
462
268
52
-170
-387
-580
-733
-841
-891
-891
-849
-779
-698
-612
-533
-465
-417
-399
-397
-413
-421
-416
-383
-315
-211
-63
111
306
512
705
880
1008
1083
1102
1065
985
871
753
643
548
486
439
419
417
426
447
448
434
383
300
203
78
-33
-146
-248
-327
-404
-442
-475
-484
-476
-483
-485
-519
-574
-636
-710
-766
-823
-864
-882
-891
-866
-823
-751
-659
-567
-466
-386
-307
-239
-185
-127
-93
-59
-38
-27
-7
7
32
57
79
108
130
154
176
197
220
224
224
220
211
209
207
213
226
243
271
307
364
444
550
681
827
989
1160
1323
1455
1535
1551
1482
1329
1087
769
403
12
-379
-739
-1047
-1275
-1410
-1455
-1416
-1313
-1161
-995
-838
-716
-642
-622
-656
-728
-822
-906
-955
-947
-861
-695
-448
-135
209
549
852
1085
1229
1270
1214
1074
885
675
479
327
239
220
263
350
460
566
644
674
648
566
441
286
118
-37
-170
-268
-326
-347
-335
-304
-262
-225
-207
-216
-265
-346
-448
-563
-675
-774
-838
-860
-836
-767
-667
-539
-398
-263
-147
-60
2
36
48
46
32
18
9
13
29
59
99
144
183
199
193
162
108
36
-39
-104
-144
-157
-146
-116
-69
-11
48
100
155
223
317
446
612
812
1046
1296
1526
1703
1792
1772
1628
1350
942
442
-99
-640
-1143
-1568
-1874
-2031
-2039
-1910
-1671
-1351
-991
-644
-360
-176
-103
-142
-276
-475
-690
-862
-944
-909
-741
-448
-51
405
865
1263
1547
1681
1656
1482
1189
833
475
174
-24
-98
-48
120
363
637
885
1057
1131
1095
948
704
399
83
-202
-427
-575
-631
-591
-478
-330
-183
-62
11
13
-59
-204
-391
-588
-772
-927
-1029
-1062
-1021
-915
-766
-597
-416
-247
-114
-32
0
-2
-25
-62
-98
-112
-93
-50
1
54
104
137
130
79
0
-98
-197
-293
-383
-443
-463
-448
-401
-335
-254
-160
-64
40
155
300
483
706
962
1265
1621
1992
2311
2509
2520
2311
1882
1264
522
-260
-1012
-1674
-2197
-2532
-2643
-2531
-2235
-1811
-1318
-804
-317
98
390
519
459
216
-155
-556
-877
-1031
-976
-725
-324
168
696
1197
1602
1839
1850
1637
1241
753
285
-70
-255
-270
-148
69
358
702
1067
1392
1599
1628
1459
1114
661
187
-236
-568
-800
-935
-970
-895
-709
-442
-161
53
133
54
-152
-425
-713
-969
-1176
-1325
-1401
-1392
-1287
-1089
-830
-563
-345
-212
-159
-154
-169
-183
-188
-189
-180
-155
-109
-42
37
111
156
155
105
28
-59
-145
-226
-306
-363
-370
-331
-246
-138
-22
88
170
232
304
405
542
729
981
1352
1869
2466
3014
3353
3351
2980
2271
1302
218
-846
-1791
-2550
-3077
-3326
-3256
-2900
-2354
-1719
-1070
-434
177
708
1060
1144
907
379
-308
-954
-1363
-1426
-1159
-667
-67
544
1112
1575
1851
1857
1557
995
300
-351
-799
-940
-767
-355
180
744
1280
1748
2090
2231
2121
1762
1205
539
-125
-687
-1072
-1249
-1231
-1061
-778
-416
-32
285
451
419
197
-165
-595
-1015
-1344
-1534
-1579
-1507
-1348
-1119
-840
-568
-370
-288
-307
-372
-436
-476
-472
-409
-284
-128
15
143
278
413
490
448
291
90
-102
-272
-410
-480
-456
-359
-236
-119
-2
123
238
299
273
181
97
84
177
415
870
1613
2562
3462
4036
4133
3744
2896
1638
127
-1376
-2640
-3540
-4044
-4133
-3786
-3071
-2166
-1269
-497
160
735
1172
1364
1210
714
2
-750
-1372
-1699
-1622
-1149
-412
382
1073
1620
1984
2068
1760
1064
173
-651
-1208
-1395
-1196
-647
146
1023
1830
2482
2941
3148
3025
2536
1753
857
15
-684
-1195
-1473
-1477
-1209
-764
-260
213
594
827
842
605
156
-400
-962
-1440
-1778
-1931
-1876
-1668
-1406
-1184
-1028
-908
-831
-812
-852
-905
-892
-796
-657
-498
-340
-197
-60
55
122
134
66
-65
-193
-296
-348
-325
-258
-141
22
171
344
517
588
550
378
118
-44
-75
35
317
702
1333
2373
3589
4650
5165
4855
3887
2399
500
-1382
-2961
-4095
-4665
-4805
-4478
-3550
-2297
-1026
12
604
973
1312
1501
1464
1055
240
-693
-1531
-2066
-2048
-1532
-679
275
990
1413
1646
1711
1559
1040
167
-733
-1355
-1522
-1205
-534
351
1331
2262
3006
3487
3671
3534
3039
2166
1020
-108
-973
-1523
-1786
-1804
-1571
-1064
-438
135
584
857
955
873
563
80
-475
-1029
-1507
-1863
-2077
-2083
-1905
-1655
-1428
-1287
-1164
-998
-868
-804
-764
-710
-568
-399
-302
-225
-185
-229
-320
-468
-598
-626
-584
-452
-208
79
339
527
639
666
607
534
448
304
86
-225
-479
-547
-497
-201
366
1092
2223
3760
5259
6282
6214
5001
3226
997
-1429
-3428
-4836
-5498
-5444
-4998
-3951
-2370
-844
371
1027
1133
1222
1457
1712
1788
1309
363
-664
-1557
-2034
-1998
-1570
-873
-207
195
433
644
862
922
579
-11
-464
-557
-219
396
1053
1684
2156
2390
2488
2465
2367
2219
1831
1156
345
-400
-846
-1020
-1079
-968
-656
-213
285
660
844
846
575
112
-410
-939
-1308
-1473
-1518
-1433
-1263
-1021
-709
-555
-665
-923
-1233
-1452
-1522
-1511
-1370
-1108
-842
-602
-443
-405
-413
-498
-679
-803
-827
-732
-466
-105
274
567
694
728
681
466
156
-136
-344
-456
-561
-634
-549
-276
260
949
1811
3281
5191
6691
7019
5905
3933
1629
-1107
-3745
-5526
-6310
-6098
-5209
-3884
-2054
-244
954
1477
1319
930
948
1344
1782
1828
1237
354
-511
-1295
-1842
-2038
-1842
-1383
-1004
-708
-255
399
1053
1298
1002
540
282
393
830
1318
1752
2210
2599
2802
2784
2574
2353
2007
1202
63
-975
-1583
-1663
-1471
-1126
-454
376
1049
1419
1354
950
312
-607
-1567
-2282
-2615
-2403
-1792
-1114
-520
-108
131
193
-86
-635
-1174
-1570
-1765
-1773
-1605
-1238
-855
-710
-822
-1051
-1233
-1275
-1216
-1043
-664
-82
529
1003
1249
1260
1139
853
339
-198
-611
-845
-848
-759
-597
-272
107
577
1156
1700
2502
3821
5240
6028
5520
3857
1804
-470
-2876
-4809
-5826
-5760
-4894
-3706
-2188
-539
727
1439
1495
1132
996
1344
2021
2493
2195
1291
179
-988
-2076
-2959
-3361
-3082
-2374
-1529
-596
465
1558
2277
2246
1619
910
515
523
821
1278
1878
2550
3054
3193
2916
2334
1656
873
-75
-939
-1397
-1276
-708
-25
649
1226
1498
1340
714
-196
-1054
-1683
-2022
-2109
-1990
-1609
-1048
-530
-241
-243
-385
-532
-680
-824
-934
-897
-717
-632
-760
-1014
-1230
-1399
-1682
-2038
-2202
-2056
-1634
-1025
-343
354
974
1336
1375
1124
712
347
13
-370
-645
-763
-751
-596
-478
-356
-135
115
599
1249
1949
3170
4809
6080
6196
4694
2316
-75
-2548
-4748
-6064
-6309
-5437
-3996
-2423
-657
807
1569
1743
1371
976
1198
2016
3038
3416
2659
1323
-148
-1668
-3071
-4142
-4445
-3876
-2854
-1578
-56
1505
2719
3124
2590
1554
634
193
342
921
1602
2324
3008
3339
3178
2506
1572
812
136
-527
-782
-453
364
1277
1809
1973
1871
1357
456
-623
-1688
-2502
-2891
-2884
-2487
-1801
-1034
-226
416
553
243
-242
-692
-1036
-1348
-1567
-1493
-1262
-1196
-1328
-1565
-1845
-2139
-2482
-2660
-2351
-1624
-714
209
943
1397
1578
1402
943
423
-132
-519
-639
-720
-592
-276
-159
-129
-151
-34
648
1500
2600
4482
6408
7355
6514
3724
374
-2736
-5663
-7586
-8051
-7070
-4805
-2409
-419
1179
1802
1620
1068
385
489
1700
3442
4933
5033
3549
1414
-870
-3017
-4666
-5561
-5198
-3632
-1635
399
2187
3359
3754
3107
1594
71
-810
-695
259
1380
2421
3344
3852
3661
2550
900
-442
-1171
-1339
-962
-50
1393
2869
3658
3620
2890
1709
347
-1083
-2272
-2845
-2712
-1965
-1077
-618
-650
-953
-1329
-1648
-1885
-1775
-1086
-218
372
569
416
52
-645
-1750
-2826
-3600
-3967
-3729
-3048
-2146
-1215
-554
-75
265
220
-11
-137
-51
277
507
577
706
682
340
-268
-901
-1137
-944
-358
725
2142
3929
6021
7802
8463
7132
4011
378
-3133
-6154
-8092
-8618
-7450
-5184
-2951
-985
448
1009
942
420
28
625
2268
4478
6197
6250
4613
1929
-1170
-3991
-5969
-6529
-5388
-3117
-570
1665
3250
4064
3929
2758
1034
-410
-908
-303
999
2388
3413
3791
3284
1833
-145
-1841
-2528
-2093
-1015
358
1935
3419
4326
4251
3243
1823
346
-1014
-1973
-2338
-2105
-1535
-1064
-936
-1223
-1832
-2433
-2667
-2383
-1679
-650
605
1648
2013
1525
380
-908
-2125
-3197
-3723
-3572
-2876
-1822
-866
-191
189
41
-429
-893
-1292
-1355
-1003
-453
162
545
575
447
207
-125
-528
-881
-888
-376
715
2173
3938
6373
8770
9508
7749
3930
-289
-3660
-6383
-8118
-8059
-6475
-4075
-1854
-569
-51
-378
-1491
-2474
-2655
-1405
1613
5250
7714
7689
5125
1424
-2196
-5267
-7201
-7386
-5596
-2401
886
3338
4694
4876
3929
2039
-158
-1562
-1478
13
2181
3962
4745
4500
3265
1158
-1370
-3406
-3889
-2678
-600
1675
3766
5271
5753
4851
2957
1026
-430
-1226
-1300
-876
-205
357
335
-387
-1694
-3276
-4408
-4591
-3819
-2265
-286
1632
2871
2840
1635
-66
-1697
-3020
-3848
-3885
-3121
-1974
-929
-328
-185
-449
-1085
-1682
-1861
-1525
-698
269
990
1277
1082
499
-415
-1438
-2250
-2633
-2337
-1607
-608
957
2718
4643
7009
8816
9209
7671
4084
104
-3273
-6069
-7387
-7101
-5643
-3282
-1318
-292
28
-733
-1961
-2751
-2731
-1126
1876
4934
6804
6345
3696
198
-3272
-5977
-7184
-6560
-4084
-625
2477
4452
4937
4049
2291
191
-1385
-1674
-575
1548
3795
5170
5291
4143
1993
-580
-2905
-4139
-3652
-1681
924
3329
4964
5508
4892
3361
1485
0
-690
-600
81
946
1561
1594
839
-625
-2478
-4147
-4946
-4566
-3129
-1133
804
2186
2473
1527
-120
-1811
-3023
-3619
-3651
-3040
-2026
-1071
-500
-470
-881
-1670
-2553
-2914
-2538
-1416
147
1420
2182
2359
1795
882
-190
-1432
-2318
-2656
-2559
-1708
-170
1672
3939
6408
8241
8481
6394
2723
-865
-3716
-5716
-6477
-5751
-3730
-1477
-130
206
-323
-1538
-2770
-3260
-2345
223
3753
6790
7610
5384
1090
-3415
-6660
-8065
-7582
-5193
-1428
2320
4780
5502
4702
2990
946
-947
-1960
-1405
715
3585
5881
6424
5086
2572
-364
-2972
-4471
-4229
-2171
723
3146
4469
4608
3756
2228
393
-967
-1118
-154
1352
2776
3481
3206
2002
24
-2177
-3893
-4642
-4183
-2781
-1061
427
1308
1442
713
-774
-2284
-3145
-3165
-2436
-1401
-479
61
-67
-851
-2025
-3147
-3787
-3837
-3265
-2135
-754
593
1499
1685
1296
628
76
-208
-363
-416
-553
-612
-116
661
1834
3962
6330
7648
6903
3970
374
-2649
-4993
-6272
-6104
-4536
-2177
-319
495
436
-554
-1915
-2763
-2557
-739
2445
5645
7360
6364
2721
-1964
-6005
-8276
-8240
-6021
-2221
1805
4538
5472
4794
3002
906
-894
-1888
-1526
188
2621
4797
5698
4893
2685
-143
-2667
-4132
-3929
-2001
779
3247
4574
4446
3201
1379
-476
-1655
-1665
-578
1051
2546
3471
3457
2387
688
-1131
-2575
-3136
-2723
-1568
-130
968
1413
1149
137
-1341
-2628
-3131
-2701
-1678
-547
360
717
251
-899
-2255
-3287
-3673
-3438
-2723
-1726
-834
-263
24
-75
-549
-967
-930
-425
238
632
744
1054
1583
1983
2806
4527
6162
6296
4256
761
-2498
-4745
-6071
-6189
-4974
-2844
-696
538
825
293
-1066
-2395
-2799
-1869
640
3967
6533
6936
4370
-371
-5126
-8140
-8727
-6994
-3534
622
3965
5372
4835
3108
1181
-230
-833
-416
1135
3344
5305
6257
5671
3629
889
-1748
-3603
-4105
-3017
-681
1879
3514
3682
2661
1203
-146
-1056
-1094
-169
1182
2312
2750
2304
1238
-22
-1115
-1787
-1928
-1462
-549
308
612
285
-309
-776
-1221
-1776
-1994
-1580
-919
-478
-379
-442
-548
-804
-1189
-1475
-1472
-1265
-1184
-1330
-1587
-1930
-2178
-2144
-1970
-1715
-1270
-716
-223
67
274
781
1818
3431
5386
6943
7232
5664
2336
-1597
-4835
-6720
-7031
-5957
-4088
-2093
-601
35
-100
-647
-1085
-977
32
2054
4455
6114
6087
4014
371
-3672
-6752
-7897
-6853
-4062
-579
2276
3623
3292
1723
-74
-1164
-1184
-92
1815
3871
5388
5882
5230
3722
1928
445
-361
-378
325
1302
1915
1751
755
-631
-1717
-2012
-1323
70
1512
2468
2584
1825
613
-546
-1280
-1369
-984
-442
101
461
414
-115
-945
-1794
-2406
-2522
-2071
-1225
-297
307
360
-38
-630
-1168
-1479
-1489
-1303
-1079
-853
-745
-862
-1050
-1141
-1121
-1061
-1034
-1008
-974
-989
-1110
-1172
-775
137
1451
3410
5707
7254
7111
4871
1240
-2329
-4928
-6078
-5650
-4210
-2527
-1322
-1057
-1586
-2605
-3560
-3569
-2203
478
3992
7126
8499
7351
3893
-605
-4484
-6538
-6284
-4127
-1123
1546
2894
2615
1184
-692
-2212
-2632
-1777
48
2288
4161
4994
4546
3070
1224
-201
-605
127
1592
3213
4311
4325
3144
1142
-925
-2250
-2392
-1450
69
1532
2381
2202
1047
-549
-1960
-2621
-2290
-1255
-8
905
1076
547
-376
-1285
-1817
-1854
-1402
-681
-133
-19
-419
-1196
-1967
-2413
-2347
-1720
-761
151
614
401
-334
-1232
-1912
-2107
-1876
-1384
-710
-103
88
-203
-665
-795
-273
988
2929
5065
6585
6728
5075
2085
-1052
-3333
-4392
-4419
-3894
-3129
-2302
-1844
-2095
-2918
-3691
-3705
-2664
-664
1952
4454
5873
5501
3347
300
-2321
-3524
-3088
-1506
387
1847
2381
1882
655
-726
-1607
-1599
-822
379
1702
2779
3214
2841
1820
569
-320
-391
350
1536
2666
3269
3111
2279
1090
-3
-560
-351
450
1335
1797
1557
627
-684
-1896
-2514
-2187
-1010
384
1288
1383
769
-243
-1360
-2297
-2776
-2678
-2075
-1169
-231
503
791
428
-453
-1369
-1925
-1920
-1319
-440
258
485
138
-651
-1591
-2443
-2946
-2902
-2308
-1428
-652
33
899
1819
2681
3600
4395
4695
4159
2632
582
-1252
-2352
-2483
-1887
-1117
-670
-838
-1458
-2282
-3230
-3840
-3556
-2369
-588
1312
2772
3336
2621
769
-1336
-2802
-3120
-2205
-442
1538
2977
3269
2466
1055
-402
-1307
-1313
-473
861
2108
2832
2950
2438
1409
268
-516
-606
56
1193
2419
3304
3471
2799
1490
84
-790
-823
-79
1097
2092
2367
1761
526
-850
-1920
-2407
-2212
-1474
-513
312
731
654
120
-742
-1647
-2286
-2504
-2318
-1870
-1288
-732
-396
-312
-343
-395
-459
-544
-627
-655
-673
-682
-576
-421
-410
-611
-1008
-1563
-2156
-2562
-2469
-1768
-557
1161
3183
4814
5411
4760
3051
843
-1140
-2274
-2359
-1831
-1254
-860
-735
-963
-1580
-2427
-3111
-3198
-2394
-694
1418
3078
3508
2479
483
-1585
-2840
-2789
-1599
68
1508
2326
2420
1867
980
246
-11
179
615
1124
1614
1989
2174
2140
1846
1337
852
676
850
1175
1459
1616
1589
1375
1097
872
722
624
533
433
330
279
316
337
131
-342
-805
-1014
-1000
-944
-892
-794
-725
-810
-1073
-1372
-1581
-1696
-1760
-1773
-1678
-1438
-1112
-850
-729
-714
-736
-739
-755
-769
-676
-462
-298
-369
-644
-935
-1128
-1260
-1371
-1376
-1117
-550
239
1138
1963
2473
2472
1909
972
47
-496
-480
-61
421
755
867
694
169
-668
-1601
-2316
-2536
-2112
-1136
29
908
1161
764
-8
-751
-1109
-976
-469
230
975
1601
1894
1733
1232
687
321
193
273
514
831
1108
1290
1373
1379
1367
1371
1368
1298
1180
1149
1296
1551
1723
1685
1444
1100
773
536
390
267
105
-92
-267
-378
-440
-502
-616
-820
-1099
-1334
-1330
-1007
-527
-189
-203
-618
-1347
-2172
-2779
-2912
-2549
-1874
-1146
-573
-288
-302
-524
-815
-1057
-1163
-1077
-818
-518
-353
-444
-757
-1130
-1353
-1263
-810
-51
850
1640
2066
2032
1595
905
172
-345
-440
-140
286
594
770
946
1149
1254
1163
920
637
363
67
-288
-669
-1002
-1243
-1410
-1518
-1471
-1150
-638
-218
-76
-91
-33
120
224
232
270
427
618
702
623
462
389
525
852
1239
1565
1761
1782
1612
1357
1205
1232
1307
1297
1269
1395
1712
2035
2130
1915
1470
939
428
29
-165
-129
24
86
-107
-539
-1044
-1437
-1630
-1630
-1503
-1337
-1221
-1229
-1404
-1724
-2071
-2281
-2270
-2087
-1824
-1542
-1302
-1177
-1149
-1077
-842
-497
-220
-136
-256
-559
-963
-1282
-1313
-1004
-470
143
709
1121
1283
1197
950
644
402
340
504
784
976
975
831
652
473
264
54
-58
13
241
495
633
524
98
-598
-1359
-1901
-2048
-1796
-1286
-715
-249
18
111
82
-17
-90
-27
213
546
849
1063
1186
1231
1245
1313
1474
1672
1810
1839
1784
1682
1564
1481
1449
1434
1385
1318
1309
1385
1475
1465
1285
935
477
48
-177
-118
150
435
554
415
30
-503
-1064
-1561
-1928
-2149
-2270
-2366
-2450
-2460
-2361
-2199
-2042
-1912
-1795
-1708
-1671
-1650
-1574
-1390
-1095
-752
-454
-256
-129
-34
14
-18
-45
86
425
837
1132
1230
1141
864
447
66
-79
66
376
689
913
988
852
468
-103
-668
-997
-963
-664
-353
-198
-187
-246
-402
-725
-1152
-1509
-1672
-1635
-1437
-1073
-597
-208
-82
-174
-225
1
512
1152
1770
2284
2620
2702
2519
2148
1721
1392
1286
1421
1682
1936
2142
2286
2279
2027
1602
1214
992
904
900
1012
1197
1257
1039
620
203
-111
-329
-428
-356
-163
-3
-24
-296
-802
-1431
-2003
-2357
-2497
-2530
-2535
-2547
-2608
-2743
-2862
-2788
-2455
-1964
-1451
-1004
-683
-551
-625
-804
-938
-943
-776
-423
63
574
1018
1312
1372
1142
693
260
33
26
159
388
676
925
955
655
86
-574
-1098
-1297
-1121
-687
-219
63
59
-213
-641
-1042
-1283
-1331
-1220
-986
-659
-283
51
271
372
382
345
293
262
312
499
821
1213
1619
2025
2406
2684
2809
2817
2785
2731
2610
2435
2283
2167
2009
1755
1450
1168
894
601
345
226
243
300
287
149
-104
-398
-648
-820
-932
-988
-969
-904
-856
-869
-956
-1150
-1478
-1870
-2161
-2249
-2192
-2130
-2143
-2216
-2293
-2318
-2225
-1969
-1600
-1247
-1017
-907
-800
-556
-113
483
1098
1583
1814
1739
1419
999
612
322
121
-36
-153
-205
-176
-100
-63
-152
-370
-640
-835
-859
-708
-465
-263
-217
-347
-602
-900
-1154
-1323
-1430
-1479
-1422
-1181
-717
-139
376
732
926
1030
1138
1293
1535
1842
2071
2112
1965
1721
1503
1350
1258
1263
1355
1511
1722
1950
2174
2367
2427
2320
2081
1765
1481
1277
1099
913
678
355
-2
-320
-553
-696
-824
-997
-1185
-1363
-1526
-1657
-1741
-1748
-1681
-1616
-1590
-1604
-1657
-1701
-1683
-1572
-1340
-1033
-765
-630
-680
-899
-1181
-1426
-1568
-1536
-1328
-980
-534
-49
415
810
1069
1156
1118
1056
1093
1281
1528
1665
1566
1214
698
113
-470
-988
-1372
-1585
-1621
-1505
-1294
-1093
-1014
-1102
-1275
-1376
-1295
-1042
-734
-501
-409
-440
-524
-576
-530
-379
-173
19
173
350
643
1083
1611
2095
2411
2527
2513
2458
2416
2359
2228
2004
1716
1433
1222
1131
1145
1189
1193
1165
1172
1257
1359
1364
1213
940
602
251
-66
-291
-397
-424
-474
-627
-889
-1223
-1603
-1993
-2317
-2471
-2381
-2067
-1644
-1254
-1013
-990
-1182
-1494
-1766
-1823
-1573
-1063
-447
81
354
304
-17
-448
-779
-843
-580
-75
508
1005
1295
1332
1135
791
436
205
174
352
679
1040
1274
1218
799
91
-702
-1351
-1697
-1705
-1461
-1127
-886
-863
-1075
-1420
-1730
-1875
-1813
-1567
-1184
-717
-237
160
393
448
386
296
288
445
800
1277
1712
1948
1951
1833
1731
1688
1671
1639
1608
1594
1593
1600
1633
1687
1693
1567
1308
994
710
494
344
278
320
458
623
721
692
527
240
-143
-577
-973
-1240
-1351
-1377
-1393
-1415
-1426
-1430
-1456
-1522
-1606
-1666
-1656
-1536
-1297
-992
-730
-612
-656
-783
-874
-846
-680
-416
-108
200
472
674
778
769
658
487
333
247
231
236
219
186
169
183
217
247
252
210
106
-70
-313
-615
-958
-1293
-1549
-1671
-1649
-1519
-1346
-1192
-1083
-979
-824
-590
-282
60
389
627
704
624
495
470
650
1012
1421
1738
1898
1911
1844
1763
1716
1703
1681
1609
1490
1380
1329
1327
1318
1250
1126
977
810
633
465
319
196
73
-61
-183
-252
-260
-247
-270
-372
-556
-788
-1017
-1192
-1282
-1291
-1248
-1191
-1147
-1121
-1116
-1137
-1190
-1257
-1285
-1224
-1062
-840
-640
-517
-487
-543
-634
-697
-654
-452
-107
289
614
789
798
680
501
331
219
179
178
168
132
71
-9
-117
-260
-404
-488
-460
-334
-175
-71
-82
-232
-497
-816
-1103
-1286
-1333
-1248
-1069
-839
-603
-382
-166
65
340
648
960
1233
1439
1582
1680
1743
1761
1721
1647
1571
1529
1532
1550
1528
1417
1223
1007
851
794
822
883
911
873
767
616
455
297
155
36
-58
-131
-204
-288
-401
-556
-747
-971
-1208
-1448
-1660
-1800
-1832
-1745
-1568
-1334
-1110
-960
-921
-975
-1049
-1094
-1071
-980
-853
-732
-663
-627
-592
-513
-362
-137
153
455
703
847
868
792
644
470
314
216
184
218
304
402
453
402
227
-49
-376
-675
-867
-904
-808
-644
-468
-322
-248
-282
-423
-614
-762
-785
-656
-397
-57
274
518
621
586
483
407
441
616
915
1290
1660
1947
2101
2108
2001
1842
1680
1528
1401
1325
1317
1349
1325
1162
862
511
208
-2
-105
-114
-76
-75
-180
-378
-586
-724
-783
-809
-834
-864
-893
-932
-999
-1076
-1140
-1179
-1229
-1345
-1529
-1711
-1816
-1827
-1769
-1645
-1429
-1134
-836
-613
-472
-384
-337
-337
-343
-262
-48
230
453
568
614
654
694
708
683
643
616
610
627
656
672
623
478
269
82
-2
21
74
71
-6
-107
-188
-254
-335
-445
-567
-671
-729
-723
-652
-537
-412
-303
-216
-114
34
239
478
722
951
1142
1268
1312
1279
1206
1155
1151
1180
1203
1192
1144
1075
1013
977
984
1011
1018
962
833
659
472
281
77
-137
-332
-466
-524
-522
-503
-502
-538
-625
-761
-925
-1082
-1198
-1268
-1296
-1288
-1243
-1157
-1034
-893
-761
-676
-668
-740
-859
-971
-1025
-1001
-921
-815
-713
-624
-547
-478
-403
-293
-118
122
393
640
811
895
892
825
718
577
427
299
220
207
246
303
332
299
187
19
-157
-292
-343
-307
-199
-60
56
107
75
-21
-137
-231
-280
-279
-237
-181
-125
-81
-47
2
95
253
470
719
950
1116
1192
1187
1141
1100
1084
1077
1056
1014
963
919
882
833
756
665
582
516
453
345
170
-39
-231
-355
-399
-390
-364
-345
-355
-406
-496
-609
-719
-800
-846
-859
-858
-857
-860
-863
-846
-807
-766
-752
-766
-775
-735
-634
-512
-411
-342
-290
-240
-211
-233
-317
-442
-568
-656
-664
-554
-315
16
351
591
662
550
320
76
-83
-99
-2
124
215
257
267
251
169
-14
-268
-483
-546
-421
-170
92
263
308
247
117
-39
-165
-202
-115
85
331
532
628
613
532
443
381
348
354
428
587
808
1017
1120
1086
959
831
772
791
854
936
1017
1078
1078
971
765
519
312
184
114
50
-39
-147
-247
-331
-424
-551
-690
-799
-821
-740
-611
-516
-512
-590
-699
-797
-875
-941
-998
-1028
-1000
-919
-817
-721
-644
-585
-537
-503
-481
-458
-411
-336
-249
-174
-135
-137
-180
-240
-280
-268
-180
-19
170
324
381
316
160
-9
-110
-115
-52
16
42
22
-22
-83
-161
-257
-351
-392
-349
-226
-64
81
182
225
216
167
109
104
194
379
615
811
902
882
797
707
655
649
668
703
745
792
827
835
804
740
663
599
574
606
697
821
921
927
804
590
373
236
191
177
122
0
-160
-314
-446
-561
-668
-758
-817
-836
-823
-798
-764
-732
-703
-686
-682
-677
-664
-641
-617
-614
-640
-694
-752
-794
-809
-805
-785
-755
-711
-640
-540
-427
-314
-218
-152
-119
-101
-60
33
183
351
466
477
383
249
149
131
177
227
232
195
151
131
135
122
56
-55
-162
-209
-178
-98
-17
25
30
13
-3
-9
1
41
117
224
343
449
535
603
665
723
768
787
777
743
690
618
537
463
422
428
475
527
546
536
509
492
486
476
454
434
435
449
434
337
138
-120
-358
-511
-562
-537
-484
-448
-460
-522
-628
-749
-838
-868
-822
-720
-607
-518
-475
-476
-502
-537
-567
-582
-574
-535
-478
-418
-373
-361
-369
-377
-368
-333
-273
-194
-112
-47
-17
-19
-22
12
109
255
397
486
494
438
357
289
253
244
244
240
229
207
166
91
-21
-147
-252
-298
-262
-163
-40
56
96
80
25
-28
-53
-37
8
69
134
197
258
310
346
359
354
339
336
358
397
436
441
399
321
231
164
140
160
208
269
325
370
389
386
371
342
306
255
187
116
50
-2
-43
-86
-147
-229
-313
-384
-422
-442
-453
-450
-433
-387
-320
-255
-209
-207
-244
-299
-354
-385
-389
-376
-350
-328
-306
-272
-233
-199
-182
-188
-200
-194
-158
-97
-30
23
53
65
70
79
92
109
121
123
114
104
98
96
97
89
71
49
21
2
-10
-20
-39
-70
-104
-128
-133
-118
-85
-40
2
38
62
79
93
108
128
156
191
228
264
295
324
350
362
353
322
271
216
175
152
150
162
170
167
150
129
104
89
82
74
70
70
73
77
73
43
-15
-86
-155
-203
-219
-208
-181
-163
-165
-194
-238
-276
-295
-298
-277
-240
-201
-168
-147
-137
-139
-141
-138
-129
-114
-86
-46
-6
26
34
17
-16
-55
-82
-88
-73
-44
-12
15
32
39
30
7
-23
-53
-65
-58
-26
20
60
84
87
67
34
-5
-38
-62
-76
-79
-74
-60
-42
-24
-6
12
31
54
81
110
142
171
193
212
221
223
221
215
216
219
222
227
229
225
221
213
192
164
126
86
41
-4
-40
-66
-76
-71
-58
-45
-44
-58
-84
-109
-122
-114
-93
-77
-75
-96
-140
-189
-231
-249
-239
-205
-157
-114
-85
-69
-70
-74
-82
-90
-98
-96
-85
-65
-42
-28
-27
-37
-44
-40
-19
13
44
65
69
65
54
41
27
14
2
-9
-23
-31
-31
-25
-15
-7
2
6
8
11
17
28
41
52
62
65
67
65
64
63
61
55
47
39
33
38
55
82
109
127
135
135
127
118
115
121
132
137
132
108
81
59
39
27
18
7
-6
-21
-33
-46
-59
-72
-92
-115
-136
-143
-139
-126
-107
-92
-82
-75
-74
-78
-81
-87
-91
-94
-95
-87
-72
-52
-37
-31
-29
-33
-36
-34
-31
-25
-22
-18
-15
-10
-2
8
15
18
17
12
6
7
11
19
28
37
44
48
49
45
38
32
28
33
37
40
41
36
29
23
20
21
27
33
41
47
47
45
39
35
34
32
36
40
45
49
46
44
43
39
36
36
38
42
47
54
60
59
58
52
42
34
22
14
5
2
-3
-8
-14
-28
-39
-54
-65
-75
-92
-106
-125
-136
-140
-136
-125
-118
-109
-106
-99
-89
-79
-67
-66
-65
-68
-72
-68
-63
-51
-42
-32
-20
-15
-6
-8
-9
-15
-24
-22
-17
-4
11
23
33
36
42
38
31
26
20
23
28
42
60
73
82
76
64
51
43
41
47
60
67
76
74
73
72
72
74
76
82
86
88
88
83
76
65
54
45
36
32
30
29
30
26
23
19
13
5
0
-4
-11
-16
-22
-27
-27
-29
-29
-32
-37
-44
-50
-57
-63
-68
-73
-76
-79
-86
-95
-103
-115
-124
-130
-131
-123
-112
-99
-86
-72
-62
-56
-55
-53
-52
-50
-44
-38
-25
-11
0
9
17
17
16
15
12
10
13
20
26
37
47
57
66
72
75
76
79
79
80
83
88
95
102
107
111
111
107
101
88
72
58
47
38
34
34
40
46
50
54
50
44
35
26
22
20
21
21
21
20
18
13
5
-3
-10
-19
-27
-37
-47
-51
-53
-54
-53
-52
-55
-61
-64
-71
-78
-82
-82
-78
-72
-67
-60
-60
-63
-70
-82
-92
-99
-102
-99
-93
-85
-79
-77
-78
-77
-75
-69
-60
-43
-23
-4
12
26
32
35
37
35
36
36
38
41
46
46
45
43
43
45
49
53
55
56
57
55
53
55
56
58
63
65
65
60
54
47
39
37
37
38
41
41
37
30
19
10
3
3
6
16
26
30
30
26
17
9
1
0
0
2
8
7
4
-2
-9
-16
-18
-20
-22
-25
-28
-30
-37
-47
-54
-59
-62
-59
-52
-42
-29
-18
-16
-22
-29
-41
-50
-58
-61
-55
-52
-48
-46
-49
-55
-59
-62
-59
-56
-50
-42
-37
-31
-30
-31
-30
-27
-23
-12
0
17
34
46
56
58
54
50
43
38
36
34
33
33
33
35
35
35
37
42
48
57
65
73
81
83
81
74
67
59
52
51
49
51
52
51
46
38
30
20
8
1
-6
-8
-9
-8
-4
1
0
0
-5
-9
-11
-13
-11
-10
-7
-6
-6
-9
-13
-18
-24
-33
-42
-48
-55
-60
-63
-64
-64
-61
-59
-55
-51
-48
-46
-44
-42
-40
-40
-40
-39
-39
-42
-44
-45
-43
-42
-40
-35
-30
-25
-21
-18
-16
-12
-12
-10
-8
-8
-6
-5
-2
-3
-3
2
6
14
21
30
38
45
53
57
57
56
54
52
51
51
51
52
54
54
54
56
59
64
66
67
67
63
59
53
48
42
37
32
26
22
18
14
9
2
-2
-6
-9
-9
-14
-14
-15
-16
-16
-17
-17
-14
-14
-12
-10
-9
-6
-5
-7
-12
-20
-29
-38
-45
-48
-47
-47
-45
-45
-48
-49
-48
-49
-46
-41
-35
-28
-27
-26
-29
-35
-37
-41
-43
-39
-33
-25
-21
-18
-16
-18
-20
-22
-22
-21
-16
-11
-6
-3
-1
1
1
0
1
3
8
14
20
24
29
33
38
43
50
52
56
59
61
62
61
59
57
52
50
49
51
50
52
56
58
59
58
56
52
45
36
28
21
16
12
9
7
4
1
-3
-7
-14
-18
-23
-23
-21
-19
-18
-21
-28
-35
-42
-44
-42
-37
-33
-29
-30
-34
-41
-49
-57
-63
-64
-64
-62
-59
-57
-57
-58
-57
-57
-58
-53
-49
-42
-36
-33
-33
-35
-36
-35
-33
-31
-25
-18
-12
-7
-3
-1
0
2
5
13
22
29
37
41
41
41
37
36
37
38
45
50
56
58
58
59
59
62
62
67
72
76
79
78
77
76
75
74
70
69
66
63
60
54
48
42
37
36
33
31
26
14
-1
-14
-26
-33
-40
-45
-47
-50
-51
-53
-59
-64
-70
-74
-74
-72
-71
-65
-61
-57
-54
-54
-54
-54
-56
-56
-56
-57
-54
-50
-47
-44
-44
-47
-51
-56
-60
-61
-59
-54
-49
-41
-35
-29
-25
-23
-22
-24
-26
-25
-19
-10
3
16
25
30
33
33
29
26
23
23
30
40
51
61
65
64
60
53
50
46
44
44
50
59
68
75
74
73
71
67
65
61
59
56
55
57
58
54
47
41
35
30
26
17
9
-1
-7
-12
-19
-24
-33
-37
-41
-43
-41
-42
-47
-51
-54
-52
-50
-48
-47
-47
-44
-41
-41
-41
-43
-42
-40
-39
-34
-33
-32
-30
-29
-28
-28
-30
-29
-27
-23
-18
-16
-15
-16
-16
-14
-11
-9
-7
-7
-8
-8
-6
-3
0
2
4
7
12
15
16
17
18
19
20
20
21
24
26
30
29
28
27
28
26
27
25
25
26
28
28
27
29
27
26
27
26
26
24
25
26
25
23
20
19
19
18
15
13
10
9
6
3
1
-2
-5
-8
-10
-14
-17
-19
-22
-24
-25
-25
-25
-26
-28
-28
-30
-31
-32
-30
-27
-24
-22
-22
-21
-23
-23
-21
-21
-19
-15
-12
-11
-11
-11
-8
-7
-6
-6
-4
-1
1
3
5
4
5
5
7
6
5
5
4
4
4
3
3
2
2
2
2
0
0
1
0
3
3
5
6
7
8
7
6
3
2
1
0
2
0
2
3
3
7
9
13
13
15
17
20
23
27
30
34
38
39
41
39
36
35
31
30
27
25
23
19
14
9
6
1
-2
-5
-7
-8
-12
-15
-17
-17
-17
-17
-17
-15
-12
-13
-14
-13
-16
-18
-16
-16
-15
-16
-17
-17
-18
-20
-22
-22
-22
-22
-22
-21
-18
-16
-15
-13
-10
-11
-9
-9
-10
-9
-9
-10
-7
-8
-6
