4
6
6
3
1
0
-1
1
3
6
7
9
6
3
4
5
5
5
8
8
8
9
8
5
5
3
3
5
7
7
7
4
1
-3
-3
-3
-2
-1
-1
-1
-2
-5
-5
-5
-4
-3
-2
-2
-2
-1
-3
-2
-3
-3
-4
-2
-3
-3
-4
-5
-6
-8
-7
-7
-6
-4
-4
-5
-7
-9
-8
-11
-12
-12
-11
-12
-13
-11
-10
-10
-11
-11
-11
-10
-6
-4
-1
2
4
4
6
7
9
10
9
10
11
14
18
19
20
20
23
24
24
24
23
24
23
23
23
22
20
18
17
17
14
13
11
8
4
1
-1
-4
-6
-8
-11
-12
-14
-16
-19
-19
-18
-17
-16
-18
-19
-17
-18
-18
-19
-20
-20
-20
-18
-18
-16
-13
-14
-16
-16
-16
-14
-10
-5
-2
1
7
13
19
21
23
27
20
14
5
-6
-16
-27
-36
-44
-46
-51
-58
-53
-47
-40
-34
-32
-26
-22
-23
-28
-37
-45
-45
-43
-31
-17
5
33
65
101
139
191
223
242
255
253
270
272
252
239
220
215
215
199
189
176
163
158
139
112
79
40
1
-42
-80
-120
-152
-187
-220
-230
-236
-232
-228
-241
-248
-257
-269
-275
-294
-307
-302
-300
-287
-273
-251
-208
-169
-135
-109
-93
-75
-63
-56
-54
-58
-62
-58
-48
-34
-17
-6
3
7
7
6
2
0
1
1
5
15
32
52
68
79
88
99
108
123
149
187
255
330
413
509
598
704
780
801
800
748
681
587
447
293
129
-29
-180
-311
-412
-481
-516
-540
-539
-515
-499
-489
-515
-579
-648
-740
-826
-906
-980
-976
-915
-801
-632
-442
-215
26
258
460
640
792
875
922
929
906
882
820
752
694
651
654
674
702
744
781
806
801
759
677
560
409
235
49
-138
-311
-457
-576
-660
-710
-729
-723
-706
-686
-673
-675
-691
-718
-751
-778
-790
-776
-736
-676
-600
-516
-431
-350
-273
-204
-138
-73
-11
47
98
137
160
163
156
143
134
135
146
163
179
186
176
154
128
104
87
90
112
144
183
218
242
254
256
259
268
289
318
352
397
456
535
630
747
875
1002
1106
1161
1150
1064
899
671
399
105
-182
-443
-663
-838
-961
-1041
-1079
-1082
-1060
-1023
-990
-978
-1001
-1061
-1152
-1254
-1348
-1401
-1393
-1313
-1158
-938
-663
-353
-20
309
616
879
1082
1218
1287
1296
1256
1179
1082
986
909
866
862
894
956
1031
1100
1146
1150
1097
984
812
595
346
81
-179
-413
-602
-741
-830
-865
-851
-807
-745
-688
-644
-622
-627
-655
-699
-744
-781
-807
-804
-766
-694
-597
-483
-352
-225
-113
-35
14
36
28
-4
-49
-85
-106
-115
-107
-75
-26
28
74
109
131
135
118
91
60
38
24
23
42
84
137
193
249
304
352
385
412
439
477
533
617
739
895
1065
1222
1346
1415
1418
1333
1167
935
644
309
-47
-386
-675
-899
-1053
-1134
-1148
-1115
-1058
-991
-934
-904
-928
-1014
-1147
-1306
-1453
-1550
-1567
-1487
-1314
-1060
-738
-365
29
421
773
1053
1242
1328
1320
1245
1123
979
835
706
598
529
508
544
628
742
857
942
979
948
850
690
483
242
-18
-273
-499
-670
-765
-779
-717
-599
-460
-331
-231
-170
-150
-171
-235
-337
-471
-614
-736
-800
-790
-706
-568
-404
-237
-88
33
124
173
169
112
6
-124
-244
-323
-352
-334
-280
-205
-120
-40
35
94
135
152
149
132
111
93
87
100
132
180
235
290
336
368
395
412
417
410
403
411
452
563
752
998
1246
1433
1507
1448
1259
973
623
237
-167
-581
-970
-1287
-1502
-1603
-1592
-1500
-1357
-1178
-984
-806
-691
-681
-795
-1018
-1282
-1499
-1599
-1546
-1348
-1039
-647
-199
283
773
1230
1589
1802
1851
1758
1565
1329
1083
843
617
427
309
281
353
503
690
863
985
1042
1037
977
853
671
433
153
-133
-388
-584
-696
-728
-689
-598
-485
-364
-268
-221
-231
-292
-380
-469
-538
-587
-618
-645
-663
-667
-646
-590
-511
-424
-342
-282
-247
-232
-236
-250
-280
-330
-387
-436
-459
-447
-402
-347
-296
-268
-260
-251
-222
-168
-106
-55
-14
31
90
176
280
371
426
427
403
403
443
511
578
629
697
817
1038
1382
1799
2183
2426
2462
2307
2003
1591
1101
549
-55
-675
-1236
-1646
-1856
-1892
-1807
-1657
-1469
-1246
-1003
-783
-650
-671
-870
-1202
-1561
-1824
-1903
-1786
-1508
-1119
-638
-64
580
1226
1783
2147
2248
2077
1696
1212
732
304
-49
-319
-479
-493
-354
-89
247
583
857
1022
1071
1029
911
728
484
197
-101
-364
-567
-683
-710
-660
-555
-427
-301
-198
-143
-145
-200
-294
-405
-507
-570
-581
-548
-489
-418
-344
-274
-218
-175
-135
-98
-64
-48
-36
-11
30
71
89
72
20
-60
-165
-272
-351
-395
-416
-432
-436
-399
-320
-210
-75
73
219
349
451
524
555
545
507
452
390
334
309
345
466
683
1032
1518
2066
2515
2719
2646
2337
1834
1172
417
-343
-1066
-1740
-2311
-2650
-2674
-2440
-2100
-1748
-1382
-998
-651
-420
-365
-501
-840
-1346
-1881
-2234
-2245
-1916
-1362
-688
81
933
1786
2505
2969
3102
2868
2285
1467
629
-40
-482
-743
-870
-843
-612
-190
355
919
1384
1647
1641
1397
1037
671
333
0
-323
-580
-711
-693
-541
-309
-99
-2
-30
-136
-263
-403
-549
-681
-809
-927
-973
-879
-647
-364
-128
21
81
70
11
-61
-128
-180
-214
-238
-224
-122
58
243
339
311
164
-85
-378
-652
-872
-1034
-1140
-1159
-1062
-854
-536
-147
220
505
690
786
819
785
692
566
422
283
165
85
138
387
752
1218
1894
2780
3573
3844
3563
3011
2224
1058
-343
-1574
-2431
-3121
-3742
-3948
-3506
-2687
-1891
-1215
-528
191
726
912
750
248
-557
-1562
-2547
-3130
-3034
-2317
-1271
-162
957
2105
3107
3710
3797
3363
2461
1204
-173
-1302
-1906
-1959
-1602
-1017
-290
581
1517
2302
2741
2749
2361
1649
711
-224
-910
-1264
-1349
-1253
-1009
-617
-137
302
584
615
353
-135
-726
-1270
-1631
-1756
-1628
-1303
-912
-532
-150
231
501
496
214
-174
-553
-890
-1104
-1047
-667
-133
349
760
1154
1463
1519
1215
626
-75
-791
-1463
-1983
-2202
-2028
-1555
-951
-291
413
1083
1560
1710
1558
1240
825
359
-56
-309
-351
-223
54
512
1130
1889
2819
3806
4509
4582
3993
2987
1691
91
-1595
-2978
-3889
-4467
-4780
-4582
-3724
-2519
-1411
-559
130
707
1061
1093
812
239
-594
-1604
-2573
-3138
-3021
-2254
-1152
-49
928
1783
2427
2688
2479
1850
929
-109
-1035
-1568
-1479
-793
221
1227
2033
2649
3077
3207
2948
2333
1503
605
-225
-813
-1008
-800
-360
97
425
592
604
431
36
-551
-1209
-1766
-2094
-2141
-1901
-1358
-590
200
785
1041
1033
791
222
-617
-1468
-2058
-2260
-2161
-1762
-983
23
989
1712
2082
2142
1868
1207
307
-651
-1476
-1995
-2221
-2172
-1823
-1257
-560
85
501
740
824
702
385
-76
-446
-540
-482
-366
-182
128
659
1275
1882
2670
3675
4589
4895
4352
3334
2184
777
-914
-2525
-3629
-4217
-4604
-4685
-4076
-2892
-1686
-834
-213
482
1194
1652
1742
1441
745
-253
-1331
-2119
-2290
-1835
-1029
-206
439
987
1492
1760
1593
940
-22
-966
-1643
-1824
-1332
-256
1099
2348
3211
3716
3973
3920
3431
2464
1204
-14
-987
-1571
-1616
-1167
-442
273
754
1005
1082
926
483
-279
-1255
-2166
-2794
-3024
-2821
-2277
-1500
-673
-34
325
453
410
167
-369
-1106
-1719
-1989
-1917
-1589
-1043
-274
563
1172
1395
1321
1097
722
140
-540
-1049
-1221
-1122
-844
-399
121
533
703
648
492
300
73
-152
-337
-440
-430
-365
-240
61
580
1211
1894
2823
4119
5280
5563
4872
3674
2217
336
-1825
-3550
-4444
-4860
-5079
-4758
-3563
-1912
-605
143
708
1271
1631
1606
1251
660
-232
-1401
-2461
-2902
-2496
-1472
-331
586
1230
1625
1760
1552
927
-55
-1201
-2190
-2619
-2258
-1131
476
2071
3265
3910
4061
3867
3377
2564
1491
318
-680
-1203
-1152
-634
104
767
1187
1302
1152
877
539
69
-604
-1433
-2153
-2455
-2308
-1898
-1415
-972
-639
-515
-589
-655
-626
-698
-1013
-1411
-1567
-1349
-923
-437
76
481
593
381
8
-299
-481
-640
-794
-847
-667
-175
482
1047
1362
1358
1039
491
-142
-624
-802
-770
-678
-599
-479
-179
312
855
1430
2205
3292
4451
5102
4933
4151
2907
1120
-1090
-3191
-4566
-5145
-5266
-4867
-3725
-2095
-559
468
1092
1601
1900
1835
1464
808
-80
-1073
-1953
-2344
-2084
-1337
-342
553
1131
1420
1430
1163
615
-247
-1216
-1956
-2197
-1746
-706
640
2029
3150
3766
3827
3399
2671
1755
665
-407
-1150
-1342
-961
-222
624
1418
1977
2149
1896
1302
586
-124
-860
-1550
-2008
-2061
-1701
-1169
-679
-268
-2
14
-285
-813
-1335
-1762
-2156
-2454
-2468
-2057
-1337
-621
-60
369
599
482
7
-580
-1003
-1240
-1366
-1289
-882
-186
573
1178
1528
1559
1217
592
-107
-691
-1101
-1303
-1224
-874
-413
44
596
1318
2065
2814
3856
5185
6060
5722
4340
2664
904
-1238
-3514
-5093
-5640
-5588
-5206
-4112
-2156
-120
1086
1441
1536
1722
1841
1676
1245
569
-362
-1326
-1936
-1879
-1166
-217
506
788
706
549
476
335
-76
-786
-1486
-1714
-1290
-335
929
2227
3269
3717
3422
2671
1863
1090
170
-908
-1740
-1941
-1572
-926
-155
704
1449
1759
1582
1192
828
456
-91
-770
-1325
-1550
-1406
-1013
-494
70
531
704
509
33
-483
-926
-1422
-1991
-2416
-2464
-2116
-1622
-1152
-668
-249
-52
-147
-418
-562
-491
-385
-279
-67
367
931
1288
1352
1240
871
246
-522
-1257
-1700
-1894
-1938
-1770
-1455
-854
182
1392
2744
4414
6232
7587
7555
6013
3844
1426
-1345
-4096
-6089
-6776
-6443
-5649
-4163
-1943
136
1295
1447
1148
944
784
650
623
387
-205
-909
-1371
-1283
-780
-190
347
595
474
276
212
304
290
-130
-695
-904
-537
312
1292
2191
2968
3412
3346
2881
2301
1838
1348
572
-308
-856
-887
-649
-507
-459
-309
-102
-10
-78
-202
-285
-425
-707
-953
-909
-525
-52
193
202
191
210
112
-176
-511
-720
-874
-1067
-1205
-1140
-924
-852
-1093
-1488
-1856
-2078
-2085
-1890
-1453
-823
-121
633
1281
1717
1951
1863
1469
876
165
-463
-1019
-1536
-1799
-1853
-1813
-1688
-1491
-979
-114
909
2384
4352
6168
7016
6372
4707
2725
327
-2331
-4506
-5679
-5788
-5284
-4259
-2326
-107
1274
1518
1059
664
580
528
639
864
683
57
-684
-1120
-995
-703
-551
-457
-493
-486
-171
294
735
855
497
99
-55
97
670
1439
2191
2775
2960
2957
2933
2682
2216
1568
867
362
-9
-164
22
225
204
-35
-361
-545
-738
-1078
-1301
-1355
-1383
-1421
-1380
-997
-424
-140
-129
-139
-137
-208
-449
-617
-478
-316
-364
-551
-810
-1101
-1568
-2237
-2748
-2911
-2783
-2423
-1871
-1085
-158
633
1163
1502
1689
1704
1559
1301
996
701
321
-174
-638
-1047
-1476
-1950
-2361
-2271
-1453
-78
1971
4622
7010
8024
7113
4881
2320
-471
-3406
-5595
-6408
-5964
-4830
-3317
-1212
973
2031
1722
814
197
259
618
988
1345
1287
664
-156
-757
-831
-597
-529
-613
-695
-637
-235
324
683
599
-8
-656
-811
-479
199
1043
1874
2547
2722
2430
2171
2041
1759
1166
523
395
764
1120
1303
1379
1301
894
68
-783
-1264
-1466
-1604
-1751
-1769
-1514
-1135
-828
-638
-547
-479
-434
-420
-338
-112
203
411
349
71
-314
-826
-1539
-2358
-3018
-3347
-3323
-2932
-2204
-1318
-508
88
491
728
786
788
876
1005
1113
1188
1231
1235
1023
516
-142
-885
-1467
-1579
-1127
144
2292
4703
6395
6500
5107
3023
544
-2194
-4496
-5710
-5755
-5079
-3990
-2287
-361
714
615
-37
-437
-180
590
1691
2759
2993
2121
671
-708
-1577
-1902
-1783
-1283
-693
-158
518
1261
1671
1362
399
-586
-1067
-937
-225
900
2069
2783
2718
2097
1389
781
264
-103
-77
480
1363
2286
3042
3393
3048
1856
107
-1558
-2700
-3256
-3251
-2723
-1840
-925
-218
314
679
666
241
-275
-551
-533
-373
-91
327
577
344
-247
-855
-1345
-1867
-2419
-2704
-2573
-2192
-1793
-1385
-888
-502
-412
-512
-533
-245
207
598
972
1198
1127
809
276
-250
-640
-881
-617
216
1346
2772
4279
5329
5312
3882
1716
-301
-2116
-3630
-4378
-4113
-3076
-2064
-1425
-795
-370
-659
-1529
-2285
-2119
-1014
299
1398
2005
1810
903
-370
-1384
-1556
-988
-26
1047
1958
2689
3093
2844
1925
514
-946
-1880
-1994
-1183
328
1940
3078
3317
2618
1403
187
-640
-937
-692
158
1470
2824
3808
4176
3874
2869
1263
-459
-1732
-2294
-2212
-1779
-1292
-1019
-1178
-1656
-2170
-2558
-2714
-2495
-1792
-682
504
1474
2084
2136
1442
164
-1170
-2080
-2429
-2379
-2091
-1629
-1194
-1012
-1068
-1165
-1102
-918
-807
-698
-368
183
722
903
647
205
-311
-869
-1252
-1160
-410
750
1939
3208
4619
5659
5562
4124
1920
-309
-2223
-3590
-3985
-3345
-2283
-1433
-911
-569
-488
-912
-1661
-2112
-1899
-1065
198
1486
2190
1794
353
-1408
-2771
-3374
-3013
-1684
224
2029
3245
3824
3789
2972
1409
-292
-1326
-1333
-456
979
2552
3715
3885
2896
1191
-585
-1908
-2431
-2025
-775
958
2636
3837
4231
3674
2413
943
-261
-948
-1102
-745
-63
464
447
-89
-849
-1545
-2098
-2427
-2296
-1663
-867
-315
-152
-257
-561
-1126
-1799
-2174
-1991
-1397
-701
-111
163
-87
-870
-1871
-2644
-2926
-2610
-1609
-114
1383
2466
2861
2514
1493
-3
-1525
-2570
-2900
-2386
-1053
735
2720
4601
5873
5963
4573
2159
-293
-2175
-3322
-3425
-2428
-843
490
1006
853
339
-640
-1992
-3037
-3104
-1996
-196
1485
2398
2112
559
-1719
-3790
-4762
-4190
-2432
-295
1579
2873
3461
3247
2281
940
-248
-946
-875
118
1757
3375
4217
3849
2395
344
-1606
-2686
-2568
-1425
311
2112
3485
4030
3584
2380
855
-567
-1463
-1543
-805
405
1524
2078
1786
657
-876
-2194
-2789
-2433
-1298
223
1642
2392
2213
1232
-276
-1885
-3177
-3823
-3542
-2472
-1120
21
532
230
-744
-2061
-3179
-3599
-3251
-2288
-969
368
1409
1924
1864
1378
633
-203
-840
-943
-409
575
1867
3240
4126
3955
2576
480
-1565
-3177
-4111
-3909
-2611
-915
466
1207
1410
1067
38
-1200
-1794
-1422
-303
1163
2483
3046
2249
135
-2376
-4267
-4996
-4388
-2601
-176
2035
3314
3562
3036
1923
477
-804
-1300
-700
677
2271
3627
4270
3820
2296
244
-1463
-2269
-2160
-1272
156
1653
2684
2905
2373
1418
363
-478
-769
-441
219
821
1075
848
160
-853
-1844
-2374
-2253
-1585
-590
502
1404
1787
1464
603
-356
-1064
-1397
-1279
-722
-46
277
22
-630
-1327
-1883
-2306
-2484
-2293
-1897
-1508
-1136
-775
-485
-349
-402
-448
-317
-62
430
1262
2203
3109
3908
4339
4079
2894
988
-973
-2592
-3827
-4445
-4261
-3481
-2539
-1781
-1181
-601
-224
-124
92
806
1959
3059
3523
3057
1625
-553
-2872
-4487
-4784
-3727
-1850
120
1627
2373
2258
1405
174
-933
-1470
-1170
-55
1571
3250
4457
4795
4200
2938
1526
495
128
392
971
1483
1716
1564
952
-4
-930
-1422
-1367
-936
-284
471
1037
1042
406
-526
-1266
-1559
-1376
-768
127
967
1328
1033
242
-783
-1778
-2460
-2624
-2176
-1226
-128
735
1102
917
325
-472
-1272
-1862
-2097
-1975
-1608
-1188
-902
-794
-817
-968
-1150
-1188
-982
-457
380
1382
2518
3783
4790
4925
3897
2041
15
-1768
-3098
-3651
-3309
-2498
-1797
-1456
-1373
-1422
-1658
-2017
-2054
-1351
6
1573
2844
3382
2915
1542
-168
-1459
-1840
-1264
-95
1016
1513
1309
620
-331
-1273
-1871
-1874
-1248
-195
998
2056
2716
2785
2229
1309
528
286
652
1465
2425
3153
3351
2938
2096
1160
412
-33
-228
-279
-300
-430
-748
-1184
-1591
-1876
-1939
-1645
-1004
-222
447
790
748
401
-131
-679
-1019
-1030
-815
-613
-556
-668
-982
-1467
-1903
-1994
-1645
-1051
-435
93
404
416
146
-293
-683
-930
-1158
-1378
-1459
-1307
-830
-22
1102
2551
3990
4790
4555
3329
1563
-181
-1619
-2533
-2681
-2191
-1498
-1001
-922
-1209
-1739
-2394
-2839
-2707
-1909
-633
654
1402
1375
716
-179
-829
-902
-263
892
2004
2572
2499
1968
1231
507
-24
-204
-26
400
919
1343
1473
1172
487
-287
-799
-799
-168
926
2047
2747
2795
2297
1571
860
362
210
352
588
682
510
97
-498
-1198
-1827
-2198
-2185
-1780
-1126
-415
177
502
496
228
-120
-341
-372
-292
-232
-276
-470
-805
-1178
-1429
-1432
-1181
-788
-415
-180
-142
-267
-457
-690
-921
-1008
-934
-821
-786
-826
-699
-268
371
1236
2271
3131
3426
2935
1844
604
-532
-1388
-1741
-1625
-1285
-965
-804
-807
-967
-1232
-1335
-1050
-472
147
554
500
-127
-1198
-2285
-2832
-2566
-1612
-313
876
1593
1740
1444
1022
811
940
1339
1825
2192
2326
2206
1843
1282
624
51
-196
-10
497
1148
1737
2048
1949
1502
1032
862
982
1147
1164
969
602
116
-374
-697
-859
-1032
-1264
-1465
-1508
-1372
-1164
-954
-797
-775
-812
-713
-412
-48
130
29
-239
-604
-984
-1175
-1034
-636
-280
-206
-313
-450
-664
-1014
-1386
-1541
-1400
-1168
-946
-640
-272
5
135
332
861
1636
2266
2469
2180
1470
511
-451
-1163
-1480
-1451
-1257
-1059
-955
-985
-1131
-1332
-1421
-1180
-552
259
897
1053
621
-258
-1208
-1751
-1555
-677
501
1500
1937
1638
745
-288
-947
-980
-433
499
1571
2460
2867
2728
2226
1612
1069
735
734
1057
1502
1815
1832
1533
1027
535
294
410
781
1165
1318
1084
462
-347
-1035
-1353
-1249
-844
-319
154
393
251
-295
-1071
-1809
-2291
-2421
-2161
-1573
-884
-392
-240
-322
-477
-639
-788
-826
-672
-386
-114
54
105
13
-244
-594
-863
-939
-866
-783
-783
-840
-833
-645
-223
368
948
1321
1355
1086
684
316
64
-72
-152
-243
-394
-617
-915
-1275
-1638
-1858
-1734
-1196
-403
329
680
470
-262
-1200
-1872
-1927
-1322
-284
852
1741
2119
1933
1371
748
306
180
433
1004
1663
2134
2274
2081
1624
1045
580
472
789
1393
2061
2590
2781
2534
1963
1337
883
645
558
547
531
409
134
-213
-531
-777
-940
-987
-876
-656
-451
-377
-480
-742
-1085
-1385
-1540
-1547
-1500
-1510
-1615
-1771
-1902
-1949
-1888
-1716
-1469
-1197
-903
-564
-213
41
96
-20
-188
-307
-367
-391
-377
-332
-281
-204
-18
324
702
914
881
672
403
155
-35
-125
-109
-58
-14
38
97
100
-14
-209
-339
-287
-72
197
369
295
-87
-661
-1182
-1427
-1348
-1051
-686
-370
-162
-31
106
309
563
834
1113
1385
1589
1679
1671
1604
1468
1284
1158
1166
1249
1263
1155
1026
968
1005
1171
1485
1860
2094
2042
1733
1294
810
312
-144
-477
-659
-700
-634
-504
-378
-340
-425
-590
-751
-842
-846
-797
-764
-788
-876
-1005
-1166
-1383
-1658
-1958
-2228
-2421
-2478
-2345
-2020
-1582
-1147
-796
-542
-364
-236
-92
151
497
836
1056
1148
1159
1061
756
247
-292
-655
-750
-609
-329
-51
69
-34
-243
-352
-268
-53
176
376
549
667
677
546
279
-74
-426
-651
-634
-377
-32
194
169
-97
-495
-876
-1093
-1078
-877
-591
-267
126
572
951
1162
1228
1246
1298
1446
1736
2132
2454
2506
2271
1888
1488
1123
830
691
720
837
942
993
963
811
522
180
-81
-189
-153
-24
132
228
184
-16
-329
-692
-1056
-1346
-1475
-1418
-1227
-960
-659
-422
-399
-678
-1195
-1780
-2258
-2504
-2437
-2079
-1583
-1164
-963
-955
-1008
-976
-757
-314
309
997
1561
1838
1774
1428
911
332
-196
-529
-570
-360
-53
186
230
27
-404
-912
-1250
-1238
-906
-458
-106
49
31
-91
-236
-343
-400
-461
-573
-694
-714
-574
-355
-201
-179
-250
-312
-258
-21
386
844
1201
1421
1574
1723
1846
1900
1866
1747
1558
1374
1335
1519
1842
2127
2272
2276
2152
1892
1517
1108
749
446
185
0
-51
-17
-53
-271
-626
-990
-1272
-1447
-1489
-1375
-1159
-963
-864
-821
-782
-764
-817
-916
-985
-989
-987
-1055
-1200
-1376
-1526
-1614
-1612
-1500
-1292
-1051
-833
-613
-332
26
390
672
838
922
948
919
857
798
759
721
647
506
291
2
-350
-735
-1104
-1387
-1519
-1485
-1362
-1233
-1117
-993
-873
-815
-808
-735
-505
-155
209
518
734
773
557
162
-193
-336
-286
-136
100
441
834
1156
1341
1432
1483
1524
1595
1752
1990
2201
2268
2159
1932
1675
1469
1370
1362
1368
1308
1152
917
649
398
223
167
213
295
336
266
60
-283
-726
-1192
-1595
-1867
-1959
-1875
-1683
-1510
-1440
-1477
-1567
-1635
-1614
-1442
-1134
-806
-599
-545
-572
-610
-607
-512
-293
-16
182
199
71
-108
-275
-378
-367
-206
75
387
648
803
816
671
406
92
-168
-300
-296
-232
-233
-384
-691
-1085
-1477
-1775
-1913
-1892
-1763
-1574
-1332
-1017
-633
-223
149
434
628
778
945
1163
1405
1627
1786
1850
1823
1743
1639
1509
1351
1212
1165
1242
1416
1632
1830
1952
1951
1834
1656
1460
1245
1015
810
657
546
422
246
3
-293
-578
-769
-819
-751
-638
-557
-584
-755
-1026
-1317
-1547
-1682
-1699
-1585
-1388
-1220
-1162
-1211
-1335
-1509
-1679
-1729
-1576
-1262
-886
-511
-153
129
250
220
147
125
161
229
347
500
601
583
492
422
396
347
241
109
-28
-172
-298
-355
-331
-304
-357
-470
-577
-638
-661
-650
-598
-532
-511
-554
-626
-714
-836
-995
-1114
-1088
-869
-485
7
549
1062
1460
1710
1857
1964
2038
2060
2042
2036
2050
2045
1993
1907
1820
1733
1650
1611
1625
1632
1533
1285
929
528
132
-189
-351
-334
-208
-72
-2
-46
-262
-651
-1104
-1463
-1645
-1665
-1573
-1415
-1271
-1231
-1333
-1507
-1670
-1791
-1872
-1874
-1752
-1537
-1322
-1159
-1037
-916
-786
-627
-398
-94
220
459
590
638
631
580
519
496
518
532
481
329
82
-206
-455
-580
-531
-359
-169
-60
-77
-201
-370
-510
-575
-572
-536
-492
-444
-392
-330
-263
-190
-111
-38
31
111
225
379
552
729
912
1110
1320
1524
1693
1811
1872
1868
1811
1753
1743
1782
1809
1773
1676
1541
1372
1174
978
817
675
520
360
229
118
-27
-237
-478
-690
-847
-955
-1011
-1035
-1084
-1217
-1424
-1639
-1790
-1857
-1838
-1727
-1540
-1334
-1171
-1065
-1003
-981
-1006
-1043
-1017
-889
-674
-406
-117
126
255
230
108
-6
-67
-67
-10
94
225
334
399
449
480
444
310
106
-97
-260
-389
-507
-614
-717
-816
-903
-962
-979
-954
-928
-919
-887
-784
-590
-353
-132
71
279
498
712
925
1139
1328
1460
1526
1562
1597
1617
1608
1598
1633
1730
1866
1992
2041
1969
1772
1518
1308
1204
1205
1249
1260
1182
1002
743
469
235
47
-110
-256
-388
-501
-628
-818
-1082
-1385
-1680
-1905
-1994
-1928
-1747
-1554
-1445
-1437
-1504
-1590
-1647
-1632
-1530
-1363
-1147
-888
-603
-337
-144
-47
-45
-124
-233
-296
-244
-79
131
330
476
535
511
451
415
399
346
207
7
-195
-357
-452
-456
-401
-357
-384
-470
-572
-669
-781
-919
-1043
-1110
-1089
-971
-769
-531
-333
-226
-193
-158
-55
138
403
700
1004
1298
1575
1834
2067
2241
2325
2306
2203
2084
1995
1951
1920
1879
1832
1802
1783
1744
1651
1469
1180
805
421
136
-2
-51
-92
-156
-225
-289
-357
-433
-526
-676
-917
-1214
-1461
-1585
-1607
-1603
-1625
-1681
-1777
-1906
-2017
-2045
-1971
-1826
-1635
-1388
-1074
-710
-337
18
329
552
652
637
562
470
376
275
177
91
11
-49
-94
-156
-291
-530
-832
-1094
-1220
-1173
-988
-749
-547
-443
-417
-414
-401
-397
-449
-565
-698
-785
-776
-665
-484
-300
-159
-65
27
145
289
436
569
693
835
1027
1285
1587
1891
2154
2351
2490
2576
2614
2582
2468
2273
2031
1813
1677
1638
1645
1617
1496
1254
913
536
195
-67
-249
-364
-434
-475
-502
-540
-629
-784
-998
-1223
-1392
-1462
-1419
-1301
-1173
-1094
-1088
-1140
-1220
-1291
-1332
-1334
-1301
-1243
-1172
-1089
-992
-884
-765
-631
-475
-288
-71
164
377
515
532
416
208
-19
-193
-274
-272
-242
-244
-305
-422
-585
-778
-996
-1228
-1439
-1584
-1613
-1501
-1284
-1039
-843
-730
-684
-666
-633
-550
-420
-260
-82
121
349
596
839
1049
1207
1309
1368
1425
1510
1636
1791
1953
2098
2209
2285
2325
2343
2352
2357
2365
2366
2340
2259
2094
1828
1484
1124
814
593
449
345
235
84
-125
-374
-630
-870
-1091
-1294
-1453
-1539
-1547
-1500
-1433
-1380
-1368
-1397
-1434
-1425
-1345
-1223
-1118
-1069
-1068
-1097
-1129
-1139
-1100
-1011
-898
-780
-640
-459
-261
-86
32
80
73
23
-33
-51
-29
-17
-76
-217
-405
-591
-733
-804
-802
-764
-749
-784
-843
-890
-911
-917
-912
-886
-828
-731
-595
-429
-262
-134
-62
-15
65
218
444
710
983
1229
1427
1577
1702
1829
1941
2014
2041
2039
2031
2016
1996
1974
1940
1881
1801
1726
1673
1635
1580
1485
1349
1171
965
747
536
347
184
39
-92
-226
-386
-584
-813
-1047
-1265
-1455
-1601
-1688
-1719
-1691
-1604
-1472
-1338
-1247
-1208
-1200
-1180
-1124
-1030
-896
-748
-611
-498
-403
-316
-255
-233
-262
-306
-337
-342
-320
-286
-264
-282
-338
-422
-482
-496
-473
-426
-370
-322
-310
-353
-450
-579
-720
-843
-916
-930
-890
-823
-754
-704
-668
-624
-560
-464
-331
-158
62
322
601
869
1095
1249
1330
1365
1401
1471
1584
1720
1854
1963
2041
2092
2111
2092
2030
1926
1808
1700
1612
1531
1422
1263
1049
807
577
392
262
164
84
7
-71
-152
-247
-378
-557
-783
-1024
-1230
-1361
-1401
-1379
-1334
-1310
-1335
-1391
-1438
-1439
-1376
-1259
-1111
-959
-824
-706
-603
-519
-451
-396
-340
-265
-159
-34
79
147
151
86
-30
-167
-305
-434
-549
-640
-699
-719
-711
-692
-670
-655
-646
-624
-587
-539
-500
-491
-510
-544
-564
-545
-475
-366
-245
-145
-75
-24
36
131
280
475
688
893
1068
1205
1318
1413
1496
1571
1639
1697
1741
1759
1749
1701
1631
1556
1501
1479
1469
1441
1361
1216
1032
839
674
544
434
321
194
54
-85
-224
-363
-519
-694
-863
-998
-1066
-1068
-1037
-1016
-1037
-1096
-1158
-1197
-1179
-1116
-1038
-968
-928
-902
-872
-824
-742
-642
-537
-436
-353
-278
-214
-162
-116
-83
-56
-27
0
24
32
7
-57
-160
-279
-398
-498
-574
-634
-678
-715
-748
-773
-800
-817
-821
-804
-753
-669
-566
-465
-390
-344
-315
-265
-162
4
216
425
595
701
744
767
810
902
1050
1235
1423
1582
1689
1741
1750
1738
1723
1717
1717
1712
1686
1624
1524
1398
1264
1134
1007
866
699
502
284
70
-111
-247
-339
-405
-465
-542
-654
-801
-970
-1136
-1263
-1323
-1302
-1213
-1085
-959
-863
-812
-799
-803
-798
-773
-716
-641
-563
-497
-453
-428
-418
-406
-379
-330
-272
-216
-180
-174
-193
-232
-273
-310
-340
-352
-355
-352
-351
-362
-383
-417
-450
-472
-478
-466
-450
-450
-474
-526
-588
-639
-654
-614
-515
-372
-213
-62
68
166
239
303
373
458
560
672
784
891
988
1073
1155
1241
1339
1435
1522
1583
1605
1585
1531
1458
1384
1314
1255
1203
1148
1074
971
837
687
537
408
308
238
191
143
76
-24
-150
-294
-429
-542
-630
-697
-762
-840
-938
-1049
-1152
-1230
-1255
-1215
-1123
-1002
-879
-776
-705
-659
-628
-592
-543
-481
-417
-367
-339
-334
-346
-362
-370
-363
-350
-342
-360
-413
-502
-607
-704
-764
-771
-718
-616
-496
-382
-302
-268
-275
-307
-345
-375
-382
-368
-341
-309
-277
-244
-202
-145
-67
36
161
293
421
531
621
698
771
853
947
1047
1145
1229
1297
1346
1382
1413
1450
1486
1511
1515
1485
1421
1334
1237
1150
1086
1034
986
919
808
650
454
246
52
-96
-195
-247
-279
-316
-378
-474
-590
-702
-783
-820
-808
-769
-730
-718
-746
-810
-890
-950
-970
-939
-867
-775
-690
-629
-599
-591
-589
-574
-538
-485
-431
-393
-384
-401
-432
-461
-476
-474
-464
-466
-496
-559
-654
-764
-868
-944
-975
-953
-886
-792
-682
-577
-482
-395
-308
-221
-128
-33
56
132
190
230
262
295
339
407
502
620
755
887
1011
1111
1192
1258
1322
1393
1466
1530
1569
1575
1544
1483
1408
1340
1293
1270
1252
1228
1176
1089
965
818
661
510
373
247
128
7
-123
-260
-395
-515
-604
-661
-687
-690
-690
-695
-715
-746
-781
-803
-804
-785
-750
-712
-686
-676
-687
-707
-729
-741
-737
-721
-691
-660
-631
-612
-599
-596
-595
-599
-602
-599
-594
-589
-585
-579
-571
-563
-552
-540
-531
-522
-512
-505
-503
-497
-488
-468
-438
-390
-329
-260
-186
-114
-48
19
88
171
272
388
511
627
724
799
853
888
913
938
974
1022
1078
1133
1183
1223
1246
1255
1250
1230
1202
1167
1131
1094
1054
1017
978
936
884
819
733
625
504
377
256
147
50
-36
-121
-212
-311
-418
-520
-608
-677
-721
-738
-734
-720
-708
-708
-723
-746
-771
-782
-773
-744
-699
-653
-615
-595
-599
-615
-631
-639
-637
-626
-611
-598
-586
-581
-581
-582
-582
-577
-566
-548
-527
-506
-484
-457
-430
-399
-369
-340
-313
-290
-263
-240
-215
-186
-157
-122
-82
-36
15
70
131
189
253
321
391
467
540
611
672
722
772
822
872
926
981
1032
1073
1092
1093
1082
1066
1051
1036
1019
998
965
917
849
773
696
623
558
497
441
386
325
259
188
113
40
-37
-115
-195
-283
-375
-458
-530
-583
-621
-649
-672
-694
-719
-744
-761
-760
-736
-692
-634
-572
-513
-476
-464
-470
-494
-526
-560
-587
-602
-604
-605
-604
-606
-607
-611
-621
-622
-611
-589
-556
-506
-443
-367
-297
-233
-176
-128
-92
-69
-50
-24
8
38
68
102
135
165
190
212
236
261
292
328
370
412
453
495
536
581
625
658
684
703
710
705
691
683
681
687
698
711
722
721
705
667
613
547
474
402
342
294
259
232
211
190
161
122
78
33
-3
-31
-50
-55
-54
-55
-63
-85
-127
-185
-259
-338
-414
-476
-516
-533
-526
-499
-463
-427
-397
-375
-364
-360
-360
-357
-352
-346
-342
-348
-368
-405
-455
-513
-574
-628
-668
-693
-700
-691
-672
-646
-613
-573
-525
-468
-401
-327
-254
-186
-123
-72
-33
-2
23
46
72
98
125
149
170
186
199
213
234
265
314
376
449
524
590
643
678
698
709
720
733
752
771
786
789
779
747
698
636
570
513
470
444
429
419
405
374
328
267
198
130
66
18
-16
-40
-51
-61
-71
-85
-109
-137
-169
-199
-222
-240
-248
-253
-261
-270
-287
-310
-341
-378
-407
-432
-435
-424
-408
-377
-343
-313
-289
-281
-280
-288
-302
-311
-332
-359
-387
-425
-458
-495
-534
-559
-579
-582
-570
-560
-536
-506
-467
-413
-365
-316
-260
-206
-150
-100
-56
-17
17
49
77
104
135
164
190
209
230
250
268
293
316
345
385
424
467
503
532
564
586
601
608
599
595
589
574
559
530
498
475
443
414
377
336
303
269
239
212
187
170
160
148
135
118
99
79
59
37
15
-10
-37
-66
-95
-126
-159
-189
-220
-249
-275
-308
-335
-359
-383
-405
-428
-449
-460
-464
-460
-455
-453
-444
-438
-432
-431
-436
-439
-439
-438
-440
-443
-449
-448
-447
-445
-439
-430
-411
-380
-347
-306
-264
-218
-165
-113
-60
-9
38
86
128
166
202
235
263
289
310
329
351
368
381
397
413
431
449
464
480
494
507
523
532
540
546
547
551
551
541
533
519
510
504
490
476
457
439
420
399
373
346
315
282
252
219
189
160
133
107
77
46
11
-23
-55
-87
-116
-145
-172
-202
-237
-272
-310
-351
-397
-444
-493
-541
-587
-630
-666
-694
-715
-734
-745
-754
-758
-757
-757
-750
-740
-725
-695
-662
-623
-582
-549
-515
-485
-460
-431
-399
-358
-305
-248
-188
-127
-64
-4
50
100
150
202
254
301
353
402
453
500
540
577
607
633
654
664
669
669
669
674
674
675
675
673
651
627
606
576
546
509
474
449
425
401
377
341
312
283
255
227
198
173
152
132
113
93
71
53
34
11
-12
-36
-62
-87
-112
-138
-158
-179
-201
-224
-251
-278
-308
-341
-372
-396
-413
-417
-427
-440
-451
-468
-473
-481
-498
-504
-509
-498
-481
-468
-452
-437
-419
-395
-382
-371
-354
-332
-296
-255
-222
-191
-163
-134
-103
-76
-48
-19
8
38
69
99
128
158
179
197
216
234
258
279
298
318
335
344
347
345
347
351
353
358
359
359
361
356
347
332
314
297
281
267
256
248
241
232
215
194
165
134
109
84
70
58
45
37
24
7
-12
-38
-64
-88
-105
-117
-123
-125
-127
-129
-134
-140
-150
-164
-177
-192
-205
-211
-215
-219
-220
-221
-221
-219
-226
-229
-234
-238
-239
-245
-247
-248
-248
-243
-237
-229
-218
-208
-194
-181
-173
-164
-158
-149
-137
-122
-104
-81
-56
-31
-5
21
44
61
75
88
99
116
136
164
193
218
241
256
267
273
270
269
265
265
271
273
273
270
262
255
243
226
209
190
176
165
151
135
123
108
92
76
58
43
32
25
22
21
19
18
16
14
9
5
1
-3
-6
-9
-12
-12
-11
-10
-10
-15
-21
-28
-40
-53
-67
-81
-97
-113
-129
-143
-156
-175
-192
-213
-239
-259
-279
-295
-307
-320
-325
-329
-333
-337
-332
-327
-321
-310
-299
-279
-257
-236
-213
-192
-167
-140
-115
-89
-62
-36
-9
17
42
64
87
107
124
143
161
176
190
200
211
220
226
230
230
228
229
225
221
215
205
198
192
184
179
170
162
156
151
147
138
131
127
124
123
119
114
110
107
105
105
103
99
96
91
87
82
77
72
68
63
56
48
39
30
20
7
-5
-17
-29
-41
-55
-68
-82
-98
-113
-128
-141
-154
-166
-180
-193
-205
-213
-224
-233
-238
-242
-240
-239
-241
-239
-241
-239
-235
-231
-226
-218
-205
-187
-171
-155
-138
-122
-102
-81
-65
-50
-34
-18
-2
12
29
48
66
83
100
115
129
140
147
153
161
167
175
182
186
192
198
201
198
190
182
175
168
160
152
146
141
136
130
121
110
100
91
81
73
65
64
65
67
69
65
61
57
51
43
33
25
21
20
21
23
23
19
13
1
-12
-24
-39
-51
-61
-71
-76
-83
-90
-100
-114
-129
-147
-163
-180
-195
-208
-219
-225
-229
-226
-221
-219
-214
-211
-210
-207
-205
-201
-192
-178
-163
-146
-128
-108
-88
-69
-52
-42
-27
-11
6
25
44
63
81
99
118
134
149
159
165
173
180
187
194
197
200
201
201
203
203
200
194
189
186
182
179
171
160
153
145
136
128
120
110
102
94
88
80
69
60
50
42
35
29
26
22
18
12
6
0
-9
-17
-28
-34
-43
-48
-54
-64
-73
-84
-99
-114
-128
-140
-148
-156
-162
-168
-175
-183
-195
-205
-217
-227
-236
-242
-243
-242
-235
-232
-229
-227
-230
-230
-228
-220
-203
-185
-161
-136
-110
-89
-70
-52
-38
-25
-6
19
47
80
112
142
165
178
183
184
182
182
195
218
248
274
285
280
267
241
217
206
211
230
258
278
281
263
228
186
150
136
142
162
183
193
179
143
91
43
10
0
12
34
54
57
39
4
-43
-82
-106
-109
-95
-72
-51
-47
-60
-89
-128
-165
-192
-201
-195
-181
-167
-160
-166
-187
-216
-246
-270
-280
-273
-255
-232
-213
-205
-212
-227
-240
-249
-244
-228
-198
-166
-139
-119
-111
-108
-105
-99
-83
-57
-26
11
41
66
83
92
99
108
123
146
169
193
217
229
234
237
237
237
238
242
244
243
242
234
223
214
203
193
188
184
177
166
154
139
122
105
94
87
81
75
68
55
41
25
9
-1
-11
-15
-17
-20
-25
-32
-41
-51
-60
-67
-73
-76
-75
-76
-77
-77
-78
-84
-95
-106
-116
-126
-133
-136
-139
-142
-147
-154
-163
-174
-186
-194
-197
-195
-188
-183
-176
-175
-174
-174
-175
-170
-160
-146
-129
-112
-98
-85
-76
-66
-58
-44
-29
-11
12
33
51
68
80
90
98
107
121
135
152
170
186
198
203
204
202
201
199
199
202
207
207
204
195
183
168
154
142
137
131
125
119
110
99
84
68
52
39
28
19
13
7
-1
-6
-15
-26
-36
-45
-52
-58
-62
-65
-69
-71
-73
-75
-79
-81
-83
-86
-87
-88
-88
-85
-84
-85
-86
-91
-94
-100
-105
-109
-111
-112
-114
-117
-119
-125
-133
-137
-139
-139
-138
-134
-132
-132
-132
-131
-129
-123
-117
-108
-95
-81
-69
-56
-42
-29
-14
-2
13
29
47
65
82
97
108
120
130
140
150
160
173
181
188
194
194
197
196
194
191
185
183
181
171
164
153
143
133
124
115
107
100
93
85
74
65
53
45
39
33
28
22
19
16
13
6
0
-4
-11
-14
-19
-22
-25
-29
-34
-39
-43
-47
-51
-59
-65
-74
-81
-88
-97
-107
-118
-128
-138
-150
-160
-169
-176
-185
-192
-189
-194
-200
-204
-206
-198
-192
-191
-188
-186
-175
-163
-157
-148
-139
-127
-110
-100
-90
-78
-64
-50
-34
-22
-9
3
15
27
40
51
61
69
71
77
85
92
99
99
99
105
107
114
110
102
103
104
105
105
95
95
94
93
94
81
74
73
69
69
61
54
52
50
48
43
35
32
29
29
24
20
16
15
15
14
11
8
6
6
0
-4
-3
-5
-5
-7
-9
-10
-12
-13
-18
-19
-20
-23
-24
-24
-24
-22
-22
-23
-24
-25
-25
-26
-27
-25
-26
-23
-23
-24
-24
-23
-23
-19
-17
-16
-15
-12
-10
-9
-8
-9
-6
-5
-2
-1
0
2
2
4
6
8
10
12
13
16
14
16
17
17
18
19
19
21
21
21
24
26
26
26
25
24
22
24
24
23
24
24
23
24
22
21
18
19
18
17
18
16
15
14
11
10
9
11
9
7
3
-1
-1
-4
-5
-6
-8
-9
-12
-13
-15
-18
-20
-21
-24
-23
-24
-25
-28
-31
-33
-32
-33
-33
-31
-30
-30
-31
-30
-30
-29
-28
-29
-29
-23
-21
-21
-20
-17
-15
-13
-9
-8
-6
-5
-3
1
4
6
8
10
10
11
12
15
17
20
22
20
21
23
26
29
29
29
30
29
26
26
26
24
25
24
25
24
25
24
22
22
22
20
21
19
18
16
16
15
15
14
14
10
8
8
6
4
2
-1
-3
-3
-6
-7
-10
-11
-11
-13
-14
-17
-17
-18
-20
-21
-23
-25
-26
-26
-27
-28
-29
-31
-30
-31
-28
-26
-27
-27
-26
-26
-24
-24
-23
-24
-23
-20
