2
1
0
0
0
1
2
8
8
2
-2
-4
-3
-5
-7
-6
-1
3
1
2
1
3
0
-4
-4
-6
-5
-1
0
-6
-6
-9
-8
-7
-7
-5
-6
-2
1
4
4
2
-2
-4
-3
-5
-5
-6
-9
-9
-3
2
5
4
3
-1
1
3
4
5
2
2
4
4
5
5
6
4
1
0
1
6
11
9
3
5
3
0
-1
-2
-3
-3
-2
3
9
13
13
11
8
4
2
0
-1
-2
-1
-2
1
5
4
2
-2
-5
-3
-3
-1
-5
-8
-6
-6
-5
-5
-4
-5
-4
1
2
-2
-3
-2
-5
-6
-6
-9
-9
-8
-5
1
3
3
-1
-4
-1
1
0
2
-1
-4
-5
-8
-9
-9
-4
-2
4
10
7
7
5
4
3
-1
0
4
7
12
12
11
10
6
4
0
1
2
0
2
2
-1
0
1
1
1
1
1
4
7
6
4
1
2
0
-4
-3
-5
-5
-5
-5
-2
3
7
9
7
5
2
1
0
-2
-2
-3
-5
-4
-4
-5
-5
-5
-4
-4
-6
-11
-12
-17
-21
-29
-46
-48
-50
-50
-45
-53
-48
-39
-35
-27
-24
-17
-7
-1
9
19
37
54
64
77
80
96
108
112
123
127
147
172
182
195
198
202
221
211
195
177
152
139
118
88
63
42
30
23
22
24
27
30
24
8
-18
-52
-85
-131
-177
-208
-227
-229
-228
-219
-183
-133
-65
17
122
241
370
509
634
785
898
931
925
836
696
469
124
-282
-736
-1211
-1683
-2112
-2467
-2726
-2876
-2910
-2823
-2631
-2351
-2009
-1628
-1236
-860
-515
-212
47
263
441
594
730
854
970
1083
1199
1309
1412
1495
1558
1612
1641
1651
1639
1605
1561
1504
1432
1355
1270
1182
1101
1026
960
900
847
799
749
695
633
568
493
410
325
237
147
56
-41
-142
-252
-370
-497
-637
-781
-923
-1059
-1183
-1291
-1374
-1426
-1449
-1433
-1387
-1317
-1230
-1131
-1028
-932
-851
-781
-711
-632
-529
-388
-200
48
348
685
1040
1388
1703
1941
2081
2090
1952
1665
1230
672
18
-691
-1416
-2109
-2727
-3230
-3592
-3796
-3837
-3721
-3463
-3091
-2635
-2128
-1594
-1061
-556
-91
326
691
999
1259
1485
1681
1858
2027
2197
2367
2538
2702
2856
2988
3086
3133
3117
3030
2863
2618
2302
1928
1511
1071
635
224
-132
-417
-620
-736
-761
-704
-584
-416
-226
-40
124
238
297
287
211
77
-106
-316
-540
-758
-950
-1114
-1243
-1340
-1409
-1458
-1499
-1537
-1579
-1623
-1664
-1695
-1711
-1700
-1653
-1563
-1433
-1275
-1087
-889
-688
-495
-322
-166
-28
104
240
393
584
828
1120
1459
1820
2176
2503
2757
2904
2900
2732
2391
1877
1215
436
-408
-1278
-2127
-2897
-3536
-4012
-4310
-4424
-4344
-4093
-3702
-3205
-2630
-2006
-1374
-766
-191
339
812
1215
1557
1844
2078
2262
2410
2538
2651
2755
2845
2932
3012
3071
3095
3072
2994
2837
2598
2280
1895
1453
968
471
-7
-437
-793
-1058
-1211
-1243
-1166
-991
-737
-433
-109
192
445
632
728
724
618
430
171
-140
-480
-816
-1122
-1386
-1598
-1746
-1826
-1847
-1828
-1776
-1697
-1603
-1517
-1444
-1379
-1320
-1264
-1217
-1169
-1106
-1033
-961
-891
-813
-724
-632
-539
-429
-279
-81
157
450
828
1273
1740
2186
2611
2992
3257
3348
3260
3015
2583
1939
1137
267
-642
-1597
-2530
-3327
-3935
-4389
-4686
-4754
-4574
-4232
-3802
-3254
-2574
-1854
-1189
-571
66
677
1170
1556
1916
2254
2486
2607
2702
2816
2882
2867
2849
2887
2937
2922
2887
2890
2886
2791
2610
2413
2185
1848
1408
957
531
82
-385
-783
-1052
-1226
-1341
-1349
-1200
-956
-701
-432
-119
188
404
512
563
553
427
184
-106
-405
-733
-1096
-1427
-1672
-1856
-2010
-2104
-2099
-2032
-1963
-1892
-1793
-1684
-1613
-1587
-1551
-1493
-1452
-1433
-1383
-1284
-1180
-1096
-982
-815
-648
-503
-323
-56
249
550
911
1380
1882
2311
2700
3093
3405
3501
3386
3166
2815
2216
1406
568
-249
-1136
-2075
-2869
-3404
-3802
-4130
-4256
-4073
-3723
-3371
-2947
-2335
-1643
-1058
-558
13
623
1096
1410
1736
2105
2357
2437
2504
2648
2755
2733
2697
2781
2901
2924
2903
2966
3051
2991
2793
2578
2344
1961
1410
841
322
-216
-792
-1274
-1562
-1712
-1793
-1738
-1476
-1087
-694
-297
146
571
854
982
1020
963
744
361
-87
-529
-1005
-1514
-1966
-2295
-2534
-2730
-2840
-2817
-2716
-2605
-2485
-2316
-2126
-1986
-1891
-1789
-1681
-1609
-1566
-1501
-1399
-1296
-1205
-1070
-879
-667
-442
-159
218
641
1097
1617
2214
2812
3343
3830
4261
4563
4644
4525
4256
3795
3096
2217
1276
296
-759
-1812
-2720
-3437
-4030
-4483
-4694
-4644
-4450
-4178
-3758
-3167
-2529
-1950
-1362
-705
-61
459
900
1366
1806
2109
2303
2506
2721
2839
2862
2915
3034
3121
3129
3151
3235
3277
3185
3018
2841
2584
2155
1605
1051
491
-139
-784
-1315
-1695
-1988
-2195
-2217
-2035
-1748
-1427
-1033
-557
-108
222
458
631
691
575
324
18
-341
-777
-1249
-1667
-2003
-2293
-2533
-2660
-2665
-2602
-2513
-2378
-2187
-1999
-1863
-1754
-1641
-1540
-1485
-1443
-1359
-1235
-1104
-967
-770
-507
-239
29
340
730
1150
1565
2033
2587
3178
3705
4171
4624
4991
5148
5062
4821
4415
3741
2793
1729
655
-501
-1751
-2915
-3837
-4574
-5217
-5662
-5760
-5590
-5339
-4995
-4415
-3648
-2914
-2261
-1533
-709
19
567
1084
1661
2148
2421
2610
2862
3079
3118
3069
3109
3203
3185
3082
3063
3123
3074
2881
2692
2545
2275
1809
1291
831
322
-313
-925
-1378
-1722
-2049
-2275
-2260
-2060
-1810
-1506
-1060
-517
-41
326
652
937
1063
989
806
572
239
-218
-701
-1120
-1498
-1867
-2172
-2343
-2411
-2441
-2432
-2343
-2209
-2098
-2016
-1928
-1835
-1775
-1739
-1674
-1558
-1413
-1242
-1007
-699
-354
14
407
830
1258
1677
2093
2503
2917
3317
3692
4014
4267
4449
4511
4417
4149
3721
3124
2342
1405
391
-657
-1737
-2801
-3745
-4500
-5078
-5494
-5680
-5601
-5319
-4918
-4392
-3718
-2970
-2252
-1575
-890
-218
358
833
1272
1697
2040
2280
2483
2691
2851
2923
2963
3026
3080
3075
3037
3015
2985
2878
2709
2511
2267
1931
1505
1043
565
56
-461
-917
-1279
-1551
-1722
-1753
-1638
-1410
-1104
-723
-287
139
508
811
1040
1154
1125
975
733
397
-29
-501
-965
-1399
-1807
-2158
-2410
-2569
-2663
-2698
-2668
-2589
-2505
-2430
-2348
-2255
-2164
-2069
-1946
-1773
-1547
-1276
-956
-583
-161
283
722
1155
1588
2018
2415
2780
3145
3509
3836
4080
4259
4393
4412
4245
3909
3455
2859
2054
1088
88
-908
-1956
-3013
-3919
-4603
-5133
-5545
-5726
-5609
-5309
-4947
-4470
-3815
-3086
-2430
-1824
-1163
-489
58
494
943
1417
1794
2052
2311
2610
2844
2959
3062
3212
3329
3338
3313
3328
3312
3174
2958
2745
2489
2095
1605
1118
641
106
-456
-915
-1238
-1493
-1672
-1680
-1487
-1192
-850
-418
113
629
1032
1350
1611
1745
1672
1430
1106
693
148
-472
-1055
-1572
-2065
-2510
-2822
-2984
-3069
-3109
-3063
-2927
-2782
-2678
-2571
-2431
-2297
-2202
-2095
-1916
-1680
-1421
-1126
-748
-301
147
579
1032
1507
1959
2352
2730
3130
3515
3819
4034
4221
4346
4311
4090
3733
3266
2616
1761
800
-165
-1154
-2206
-3210
-4025
-4637
-5131
-5469
-5525
-5320
-4992
-4601
-4061
-3367
-2681
-2093
-1515
-876
-290
149
531
968
1396
1696
1926
2223
2544
2758
2887
3059
3280
3416
3440
3480
3562
3557
3399
3191
2995
2702
2228
1674
1154
617
-15
-638
-1106
-1430
-1696
-1860
-1793
-1521
-1177
-786
-282
305
833
1237
1567
1828
1925
1804
1531
1166
686
67
-606
-1240
-1827
-2385
-2857
-3173
-3348
-3434
-3436
-3332
-3149
-2968
-2805
-2633
-2459
-2325
-2223
-2095
-1912
-1704
-1466
-1161
-775
-350
82
538
1017
1486
1915
2321
2732
3135
3494
3808
4076
4293
4412
4406
4269
3982
3532
2905
2122
1227
259
-761
-1793
-2775
-3636
-4340
-4878
-5226
-5357
-5281
-5045
-4690
-4220
-3659
-3075
-2505
-1947
-1388
-857
-377
75
526
967
1375
1758
2144
2521
2852
3129
3374
3583
3723
3780
3779
3727
3605
3402
3136
2823
2459
2019
1529
1021
501
-25
-537
-969
-1297
-1529
-1638
-1601
-1405
-1089
-689
-213
311
825
1266
1614
1853
1950
1876
1639
1274
793
204
-445
-1102
-1727
-2305
-2800
-3173
-3414
-3536
-3553
-3473
-3314
-3116
-2914
-2717
-2534
-2370
-2229
-2096
-1938
-1746
-1517
-1241
-910
-518
-97
348
808
1279
1751
2203
2649
3091
3516
3891
4192
4434
4584
4601
4440
4113
3631
2966
2122
1157
144
-903
-1970
-2978
-3829
-4497
-5012
-5338
-5428
-5294
-5021
-4651
-4152
-3560
-2955
-2387
-1821
-1235
-684
-198
255
721
1172
1569
1938
2317
2685
2993
3244
3478
3681
3811
3860
3858
3809
3681
3459
3177
2841
2438
1954
1423
884
330
-215
-722
-1138
-1447
-1656
-1726
-1646
-1422
-1087
-668
-172
353
856
1291
1638
1870
1947
1855
1607
1220
703
83
-588
-1262
-1908
-2488
-2966
-3317
-3539
-3643
-3636
-3537
-3379
-3198
-3009
-2829
-2672
-2537
-2419
-2289
-2141
-1957
-1728
-1439
-1085
-679
-220
276
800
1342
1891
2452
3010
3552
4057
4504
4871
5133
5258
5225
5011
4599
3989
3199
2253
1191
59
-1092
-2211
-3246
-4133
-4833
-5325
-5598
-5649
-5490
-5157
-4694
-4129
-3503
-2858
-2232
-1641
-1079
-564
-103
316
712
1088
1435
1764
2089
2402
2692
2955
3200
3414
3580
3687
3745
3746
3668
3505
3269
2962
2571
2099
1573
1011
427
-167
-721
-1195
-1573
-1837
-1968
-1931
-1744
-1432
-1010
-499
61
602
1090
1500
1795
1933
1898
1703
1360
879
286
-362
-1018
-1654
-2238
-2725
-3080
-3306
-3417
-3419
-3322
-3158
-2972
-2781
-2596
-2427
-2289
-2179
-2062
-1929
-1778
-1592
-1351
-1042
-678
-273
185
689
1230
1781
2345
2929
3502
4037
4494
4874
5154
5279
5222
4965
4518
3864
3003
1980
858
-320
-1533
-2709
-3751
-4601
-5255
-5693
-5872
-5784
-5492
-5062
-4493
-3818
-3117
-2461
-1853
-1270
-745
-317
40
381
710
997
1262
1560
1886
2199
2498
2818
3154
3454
3694
3901
4065
4139
4098
3959
3737
3391
2908
2326
1683
980
225
-518
-1181
-1742
-2187
-2470
-2545
-2417
-2124
-1678
-1079
-384
327
1003
1617
2120
2440
2546
2447
2157
1670
1011
258
-530
-1317
-2058
-2692
-3172
-3496
-3678
-3715
-3620
-3438
-3209
-2961
-2708
-2486
-2308
-2178
-2070
-1977
-1891
-1789
-1649
-1464
-1225
-916
-543
-100
402
974
1597
2257
2957
3662
4324
4888
5354
5696
5838
5729
5379
4817
4010
2945
1722
448
-870
-2231
-3503
-4529
-5308
-5897
-6228
-6200
-5872
-5400
-4818
-4052
-3180
-2390
-1728
-1088
-466
-1
284
535
819
1039
1167
1336
1619
1927
2188
2490
2897
3317
3654
3936
4227
4447
4487
4380
4186
3869
3346
2658
1910
1122
258
-637
-1434
-2082
-2613
-3001
-3154
-3054
-2773
-2349
-1751
-1001
-213
523
1206
1812
2253
2460
2453
2259
1860
1257
527
-245
-1031
-1807
-2501
-3034
-3394
-3602
-3655
-3555
-3340
-3077
-2787
-2479
-2194
-1993
-1872
-1792
-1734
-1697
-1674
-1624
-1533
-1397
-1200
-904
-505
-40
496
1114
1848
2673
3523
4361
5133
5805
6322
6641
6717
6496
5950
5087
3961
2641
1188
-362
-1932
-3410
-4688
-5688
-6388
-6757
-6797
-6539
-6029
-5315
-4441
-3506
-2613
-1812
-1108
-504
-30
305
527
671
756
822
918
1069
1271
1518
1840
2249
2717
3207
3682
4111
4448
4658
4730
4639
4360
3876
3211
2406
1492
510
-494
-1454
-2315
-3027
-3527
-3784
-3781
-3535
-3058
-2371
-1533
-616
304
1165
1903
2462
2800
2902
2756
2374
1791
1059
245
-599
-1411
-2126
-2700
-3099
-3310
-3337
-3206
-2956
-2631
-2276
-1929
-1638
-1426
-1309
-1280
-1319
-1409
-1513
-1608
-1664
-1663
-1585
-1402
-1111
-702
-182
465
1231
2105
3050
4017
4953
5791
6464
6917
7090
6935
6428
5573
4405
2982
1378
-320
-2019
-3624
-5023
-6137
-6904
-7300
-7321
-6988
-6366
-5519
-4525
-3473
-2451
-1539
-778
-190
219
452
537
521
449
364
321
366
519
791
1186
1700
2311
2977
3651
4284
4825
5219
5424
5416
5168
4675
3942
3006
1911
717
-505
-1682
-2729
-3580
-4177
-4475
-4456
-4123
-3512
-2662
-1640
-529
581
1607
2473
3115
3482
3555
3337
2855
2148
1285
344
-601
-1479
-2228
-2796
-3153
-3298
-3245
-3024
-2680
-2274
-1858
-1482
-1185
-1000
-947
-1008
-1171
-1409
-1686
-1956
-2177
-2320
-2346
-2226
-1930
-1453
-796
42
1048
2181
3373
4564
5679
6642
7366
7767
7802
7442
6663
5489
3983
2239
342
-1605
-3468
-5111
-6444
-7401
-7939
-8026
-7688
-7011
-6071
-4946
-3734
-2556
-1506
-631
38
472
667
670
547
340
101
-92
-172
-98
140
555
1162
1924
2782
3679
4565
5365
5986
6368
6486
6300
5789
4955
3860
2567
1128
-361
-1792
-3054
-4082
-4816
-5180
-5158
-4763
-4053
-3072
-1887
-615
630
1768
2727
3425
3799
3848
3599
3070
2305
1386
417
-529
-1396
-2117
-2626
-2907
-2989
-2880
-2602
-2216
-1795
-1401
-1062
-815
-713
-766
-948
-1238
-1623
-2075
-2518
-2894
-3180
-3341
-3311
-3033
-2522
-1783
-800
419
1799
3227
4636
5970
7109
7916
8320
8308
7842
6880
5473
3748
1817
-248
-2330
-4236
-5808
-6994
-7769
-8054
-7819
-7164
-6223
-5077
-3788
-2498
-1370
-467
212
641
785
673
426
118
-219
-521
-685
-636
-380
65
722
1581
2564
3576
4567
5482
6226
6696
6851
6692
6193
5336
4177
2803
1303
-254
-1760
-3075
-4116
-4833
-5183
-5128
-4680
-3916
-2916
-1750
-520
656
1671
2465
3003
3240
3167
2826
2280
1595
822
46
-656
-1231
-1657
-1920
-2004
-1934
-1751
-1503
-1227
-965
-771
-672
-682
-810
-1052
-1389
-1797
-2249
-2708
-3122
-3446
-3650
-3694
-3545
-3166
-2556
-1719
-649
613
1994
3394
4742
5960
6936
7574
7807
7610
6968
5880
4436
2754
938
-925
-2708
-4247
-5440
-6256
-6673
-6664
-6265
-5593
-4753
-3809
-2837
-1969
-1303
-841
-547
-433
-496
-647
-780
-852
-853
-716
-363
184
852
1619
2488
3399
4229
4925
5487
5870
5988
5821
5429
4833
4015
2999
1900
810
-264
-1271
-2098
-2670
-3017
-3160
-3054
-2698
-2187
-1630
-1039
-422
123
507
751
902
934
824
635
457
300
133
-3
-39
0
44
82
142
187
143
4
-186
-425
-755
-1152
-1550
-1914
-2263
-2580
-2814
-2951
-3028
-3051
-2983
-2822
-2605
-2330
-1975
-1508
-949
-284
507
1395
2316
3204
4034
4740
5245
5472
5394
5007
4300
3332
2180
938
-335
-1574
-2669
-3540
-4143
-4477
-4549
-4378
-4038
-3615
-3161
-2718
-2341
-2088
-1966
-1923
-1912
-1884
-1786
-1548
-1137
-569
149
1008
1956
2914
3790
4524
5076
5404
5492
5354
5007
4473
3787
3018
2232
1473
775
155
-349
-722
-962
-1064
-1043
-933
-782
-617
-448
-313
-236
-235
-307
-430
-589
-740
-852
-907
-894
-805
-632
-381
-81
228
508
733
883
934
872
696
400
-8
-490
-999
-1503
-1973
-2386
-2701
-2878
-2914
-2813
-2614
-2354
-2069
-1783
-1497
-1225
-989
-796
-615
-368
-7
498
1117
1779
2433
3040
3577
3997
4194
4089
3644
2907
1978
951
-95
-1134
-2115
-2967
-3576
-3853
-3822
-3557
-3162
-2723
-2285
-1882
-1546
-1333
-1323
-1520
-1825
-2096
-2211
-2120
-1805
-1266
-505
485
1681
3000
4278
5333
6064
6445
6492
6228
5654
4792
3692
2463
1261
213
-605
-1197
-1578
-1747
-1707
-1451
-1031
-527
-44
325
562
669
668
555
319
-7
-381
-737
-1000
-1135
-1133
-1019
-822
-549
-234
82
340
493
526
424
202
-121
-516
-938
-1355
-1721
-2015
-2226
-2352
-2383
-2308
-2132
-1896
-1655
-1452
-1305
-1200
-1124
-1064
-1017
-984
-909
-700
-258
426
1295
2223
3096
3836
4387
4710
4710
4305
3452
2222
786
-666
-1982
-3098
-3975
-4565
-4805
-4615
-4008
-3097
-2076
-1147
-444
-11
160
72
-299
-936
-1736
-2512
-3025
-3098
-2672
-1797
-588
860
2472
4154
5730
6964
7655
7708
7177
6218
4987
3591
2097
601
-731
-1713
-2232
-2301
-2045
-1624
-1152
-666
-177
268
568
625
431
78
-295
-573
-708
-716
-628
-446
-138
313
833
1293
1569
1602
1393
996
462
-174
-885
-1634
-2318
-2812
-3041
-3002
-2764
-2407
-1999
-1589
-1193
-850
-606
-517
-624
-891
-1248
-1596
-1872
-2035
-2081
-1992
-1719
-1187
-317
863
2219
3541
4630
5379
5736
5680
5186
4216
2795
1024
-873
-2604
-3957
-4847
-5321
-5428
-5184
-4587
-3667
-2530
-1359
-412
97
134
-174
-668
-1259
-1894
-2484
-2887
-2928
-2433
-1320
293
2108
3815
5253
6365
7088
7324
6991
6085
4696
3074
1563
419
-296
-663
-741
-541
-107
461
1018
1374
1336
844
39
-839
-1625
-2256
-2670
-2784
-2542
-1938
-981
247
1527
2585
3258
3542
3465
3014
2215
1174
17
-1134
-2128
-2794
-3051
-2990
-2746
-2375
-1911
-1445
-1112
-977
-1055
-1344
-1784
-2232
-2522
-2604
-2537
-2334
-1968
-1425
-771
-140
372
664
722
665
708
1017
1554
2156
2690
3144
3518
3758
3756
3405
2602
1317
-275
-1855
-3148
-4111
-4828
-5307
-5451
-5182
-4528
-3550
-2380
-1296
-595
-350
-385
-524
-768
-1108
-1404
-1481
-1229
-563
611
2211
3893
5287
6253
6797
6885
6441
5495
4173
2624
1049
-237
-959
-1103
-880
-463
67
631
1113
1406
1426
1074
339
-582
-1370
-1799
-1843
-1564
-1008
-245
637
1560
2424
3036
3164
2735
1905
919
-43
-883
-1526
-1938
-2135
-2115
-1864
-1442
-1047
-901
-1073
-1485
-2031
-2634
-3189
-3593
-3803
-3760
-3355
-2525
-1402
-248
736
1473
1899
1935
1606
1022
270
-502
-966
-748
180
1456
2704
3746
4443
4595
4128
3135
1631
-475
-2952
-5119
-6396
-6771
-6513
-5742
-4537
-3190
-1933
-699
514
1245
1009
-33
-1268
-2284
-2979
-3173
-2658
-1579
-256
1319
3348
5583
7299
8013
7794
6845
5276
3378
1617
215
-942
-1798
-1963
-1258
-49
1122
1979
2377
2156
1369
387
-474
-1248
-1983
-2390
-2109
-1118
333
1994
3589
4717
5101
4844
4210
3246
1873
229
-1332
-2500
-3119
-3070
-2383
-1397
-565
-107
29
-145
-734
-1741
-2999
-4309
-5463
-6128
-6004
-5115
-3781
-2269
-686
806
1951
2614
2833
2588
1799
637
-460
-1166
-1437
-1198
-216
1446
3273
4709
5553
5727
4967
3193
810
-1672
-4088
-6334
-7888
-8186
-7304
-5824
-4153
-2446
-1032
-333
-268
-362
-474
-923
-1757
-2455
-2541
-2035
-1079
380
2191
3808
4825
5438
5961
6219
5848
4886
3713
2538
1433
661
476
679
794
702
666
748
644
162
-573
-1409
-2300
-2994
-3050
-2348
-1250
-114
1069
2371
3592
4469
4962
5079
4686
3763
2666
1807
1215
670
148
-186
-320
-394
-438
-403
-454
-872
-1672
-2577
-3380
-4110
-4753
-5167
-5264
-5109
-4714
-3975
-2931
-1830
-899
-173
329
573
640
700
782
744
586
491
621
1089
2029
3410
4761
5464
5316
4528
3236
1442
-646
-2679
-4547
-6251
-7369
-7320
-6176
-4733
-3630
-2908
-2544
-2663
-3028
-3028
-2505
-2032
-1967
-1845
-1112
100
1398
2753
4111
4992
5094
4918
5116
5525
5520
4973
4237
3448
2539
1761
1439
1306
784
-121
-835
-1091
-1166
-1293
-1440
-1693
-2213
-2733
-2672
-1915
-965
-190
554
1475
2475
3447
4430
5232
5356
4651
3621
2790
2126
1372
585
-16
-416
-659
-577
-116
281
47
-843
-1940
-2952
-3893
-4738
-5306
-5538
-5508
-5103
-4092
-2570
-1069
-78
326
317
82
-197
-362
-427
-513
-630
-529
113
1444
3283
5077
6175
6209
5292
3733
1791
-289
-2243
-3917
-5306
-6188
-6123
-5018
-3503
-2423
-2136
-2560
-3532
-4687
-5321
-4932
-3839
-2764
-1914
-955
256
1479
2568
3536
4166
4137
3686
3585
4226
5189
5839
5931
5454
4432
3130
2066
1453
947
230
-514
-924
-949
-786
-634
-760
-1442
-2570
-3499
-3610
-2869
-1623
-143
1394
2751
3783
4576
5139
5123
4209
2666
1175
194
-214
-111
393
959
1202
1117
996
862
353
-740
-2147
-3430
-4323
-4662
-4345
-3564
-2806
-2378
-2125
-1726
-1168
-701
-517
-603
-812
-943
-800
-370
109
304
140
20
518
1800
3379
4480
4648
3900
2479
773
-760
-1890
-2897
-4125
-5238
-5482
-4659
-3415
-2488
-2172
-2542
-3557
-4593
-4651
-3453
-1873
-896
-570
-376
-84
317
1004
1983
2720
2774
2603
3063
4271
5530
6162
5954
4914
3251
1616
755
736
950
926
731
574
424
188
-186
-859
-1994
-3316
-4053
-3646
-2261
-476
1235
2595
3397
3651
3682
3731
3602
2991
2077
1402
1258
1472
1730
1799
1453
559
-618
-1515
-1848
-1902
-2093
-2471
-2818
-2974
-2946
-2779
-2585
-2549
-2708
-2768
-2341
-1374
-235
637
1070
1131
958
690
434
180
-130
-315
111
1403
3142
4484
4787
3932
2128
-178
-2296
-3655
-4302
-4724
-5036
-4810
-3859
-2720
-2123
-2287
-3072
-4317
-5544
-5783
-4405
-2039
-50
874
1084
1079
977
931
1293
2034
2633
2897
3417
4677
6163
6830
6176
4507
2362
290
-1012
-1061
-113
991
1619
1754
1575
1057
121
-1144
-2493
-3614
-4076
-3491
-1887
187
2024
3163
3470
3103
2467
2014
1901
1940
1982
2125
2485
2882
2973
2582
1736
530
-824
-1895
-2279
-2032
-1667
-1649
-2012
-2526
-3030
-3484
-3819
-3961
-3884
-3562
-2890
-1813
-538
536
1093
1121
860
618
570
687
876
1208
1963
3197
4494
5260
5052
3765
1593
-931
-3022
-4139
-4389
-4299
-4169
-3880
-3352
-2868
-2798
-3264
-4119
-5085
-5728
-5456
-3955
-1707
207
938
509
-370
-973
-911
-115
1268
2897
4376
5548
6529
7320
7496
6534
4451
1993
152
-497
11
1217
2458
3046
2552
1113
-686
-2301
-3542
-4410
-4720
-4141
-2625
-605
1255
2443
2725
2158
1150
378
390
1202
2319
3212
3668
3737
3460
2810
1815
653
-425
-1177
-1422
-1103
-423
116
9
-864
-2155
-3362
-4174
-4524
-4443
-3937
-3095
-2132
-1291
-725
-480
-574
-941
-1319
-1355
-883
-27
1034
2324
3874
5357
6201
5951
4628
2646
528
-1238
-2321
-2707
-2717
-2737
-2905
-3103
-3278
-3575
-4172
-5000
-5655
-5675
-4789
-3078
-1056
481
857
-11
-1458
-2527
-2563
-1517
233
2202
3994
5360
6211
6529
6236
5255
3713
2103
1092
1111
2059
3382
4390
4550
3692
2017
-28
-1933
-3303
-3957
-3890
-3211
-2112
-898
40
370
39
-669
-1281
-1361
-691
602
2100
3274
3760
3507
2726
1717
759
77
-187
-41
379
847
1101
900
102
-1186
-2589
-3646
-4047
-3756
-2985
-2039
-1206
-680
-535
-737
-1156
-1628
-1991
-2059
-1709
-958
0
904
1718
2607
3546
4226
4179
3268
1894
627
-185
-597
-886
-1275
-1771
-2238
-2570
-2804
-3093
-3540
-4084
-4526
-4592
-4020
-2757
-1190
-66
-38
-1099
-2475
-3160
-2635
-1134
687
2300
3534
4421
4983
5140
4820
4049
3005
2050
1613
1956
2956
4086
4671
4317
3096
1456
-57
-1122
-1699
-1902
-1821
-1461
-889
-331
-92
-354
-1012
-1723
-2065
-1748
-785
488
1569
2050
1858
1231
541
79
-46
138
565
1160
1781
2181
2079
1342
87
-1322
-2460
-3033
-2996
-2539
-1942
-1424
-1082
-923
-944
-1135
-1458
-1771
-1870
-1588
-953
-223
291
486
637
1114
1995
2881
3158
2558
1383
307
-191
-180
-148
-549
-1385
-2283
-2853
-3019
-3011
-3112
-3427
-3793
-3879
-3373
-2220
-781
243
238
-853
-2386
-3352
-3068
-1646
162
1573
2350
2816
3385
4087
4524
4313
3513
2654
2346
2827
3799
4665
4906
4343
3187
1850
705
-52
-438
-577
-592
-553
-494
-461
-539
-827
-1306
-1775
-1917
-1497
-574
473
1154
1187
656
-70
-611
-784
-630
-265
223
775
1297
1600
1472
847
-105
-1056
-1681
-1827
-1584
-1195
-922
-904
-1098
-1346
-1492
-1477
-1363
-1244
-1133
-949
-643
-299
-127
-281
-648
-858
-547
327
1348
1912
1689
862
0
-397
-272
-17
-79
-585
-1279
-1764
-1896
-1872
-2004
-2431
-2910
-2988
-2362
-1151
95
724
403
-667
-1882
-2580
-2420
-1519
-311
755
1465
1884
2174
2428
2587
2548
2347
2190
2336
2909
3746
4474
4717
4300
3360
2251
1340
806
617
621
664
638
469
100
-456
-1087
-1604
-1810
-1603
-1047
-342
268
592
559
233
-227
-629
-805
-666
-254
282
730
922
800
408
-139
-691
-1110
-1289
-1228
-1022
-808
-702
-743
-907
-1137
-1365
-1536
-1597
-1498
-1204
-750
-259
82
110
-216
-778
-1337
-1653
-1597
-1213
-685
-232
-14
-40
-209
-379
-465
-479
-488
-555
-674
-787
-827
-798
-772
-828
-965
-1044
-873
-358
382
1038
1285
983
270
-478
-875
-733
-148
582
1152
1427
1471
1449
1469
1517
1516
1438
1382
1504
1887
2451
2953
3140
2907
2367
1758
1290
1042
943
862
715
486
218
-44
-290
-523
-725
-831
-765
-506
-135
200
351
259
-7
-298
-474
-474
-337
-162
-48
-40
-113
-214
-319
-426
-556
-716
-891
-1063
-1212
-1325
-1426
-1537
-1656
-1739
-1711
-1509
-1133
-656
-221
39
52
-162
-507
-863
-1139
-1288
-1294
-1172
-934
-641
-372
-204
-168
-229
-334
-431
-508
-576
-631
-653
-599
-455
-267
-121
-74
-95
-76
86
384
696
848
742
445
158
87
307
706
1086
1297
1329
1293
1303
1375
1430
1384
1244
1118
1130
1316
1593
1810
1850
1717
1491
1269
1091
917
705
470
262
126
52
-15
-118
-263
-386
-406
-289
-79
122
232
234
161
70
-6
-71
-148
-249
-350
-408
-398
-338
-260
-202
-183
-208
-298
-474
-744
-1085
-1429
-1699
-1826
-1805
-1674
-1463
-1180
-837
-470
-170
-28
-78
-277
-514
-668
-685
-598
-492
-433
-433
-465
-508
-559
-650
-803
-1011
-1224
-1369
-1394
-1307
-1160
-1014
-900
-807
-687
-498
-248
16
220
321
363
414
549
777
1042
1261
1379
1423
1475
1595
1767
1906
1924
1811
1652
1565
1609
1749
1878
1934
1926
1920
1950
1958
1835
1502
1010
529
221
140
170
123
-94
-440
-741
-844
-725
-481
-270
-176
-164
-143
-63
31
32
-129
-439
-782
-1022
-1091
-1002
-837
-682
-580
-530
-522
-559
-658
-840
-1087
-1342
-1523
-1554
-1402
-1103
-756
-494
-403
-485
-655
-806
-870
-845
-782
-729
-691
-633
-521
-370
-246
-219
-300
-429
-514
-510
-445
-421
-527
-766
-1037
-1193
-1121
-805
-339
130
470
634
646
580
505
471
515
645
870
1182
1551
1912
2168
2230
2070
1747
1371
1065
911
914
1012
1116
1174
1183
1168
1163
1173
1188
1182
1134
1059
974
895
813
692
495
215
-119
-442
-685
-814
-837
-795
-741
-698
-672
-659
-655
-655
-653
-652
-659
-678
-714
-752
-747
-666
-501
-308
-185
-192
-325
-511
-660
-727
-735
-743
-781
-818
-790
-671
-519
-447
-532
-756
-1016
-1169
-1154
-1019
-878
-823
-858
-898
-840
-658
-423
-250
-235
-359
-512
-566
-464
-258
-63
21
2
-22
62
288
583
812
872
776
633
564
630
793
971
1097
1178
1264
1395
1544
1625
1558
1339
1050
813
721
778
902
983
955
829
686
589
564
580
596
607
629
696
799
888
900
792
573
311
75
-100
-222
-326
-439
-567
-689
-784
-844
-880
-908
-943
-978
-995
-981
-939
-883
-826
-769
-697
-602
-493
-393
-334
-343
-428
-572
-744
-917
-1051
-1124
-1125
-1052
-948
-864
-838
-878
-949
-1004
-1014
-974
-906
-839
-778
-711
-607
-451
-263
-72
88
205
280
325
360
405
460
524
589
654
715
774
835
887
924
938
938
944
976
1048
1148
1240
1287
1262
1178
1072
983
934
918
911
889
844
790
739
695
639
543
410
273
177
159
221
313
374
364
286
189
116
82
51
-5
-99
-210
-301
-358
-409
-494
-630
-795
-926
-966
-907
-809
-756
-803
-932
-1063
-1116
-1058
-905
-717
-555
-448
-384
-355
-364
-434
-580
-774
-946
-1030
-990
-851
-688
-578
-565
-649
-779
-898
-972
-985
-940
-848
-712
-552
-385
-228
-94
22
128
247
388
545
694
816
908
975
1023
1047
1036
1001
966
964
1022
1125
1223
1257
1205
1085
958
880
859
864
851
797
723
674
672
703
726
701
624
525
439
387
350
290
198
91
13
1
51
131
201
240
245
222
180
117
13
-139
-322
-509
-676
-813
-915
-982
-1018
-1033
-1039
-1046
-1068
-1110
-1165
-1208
-1212
-1159
-1058
-919
-751
-576
-413
-281
-198
-169
-191
-249
-312
-353
-364
-349
-321
-294
-282
-288
-312
-364
-440
-535
-632
-705
-739
-725
-674
-609
-542
-467
-377
-255
-90
104
311
517
713
887
1033
1144
1211
1229
1208
1165
1133
1133
1182
1273
1370
1439
1451
1392
1276
1122
956
801
682
622
620
658
710
731
684
564
379
164
-42
-204
-293
-311
-277
-222
-174
-151
-146
-142
-108
-34
68
167
219
199
97
-74
-287
-511
-711
-865
-952
-978
-962
-940
-959
-1047
-1203
-1390
-1552
-1637
-1619
-1509
-1341
-1149
-952
-755
-570
-402
-270
-176
-120
-84
-50
-15
14
26
18
4
5
38
93
148
168
139
63
-44
-157
-263
-348
-397
-398
-340
-222
-54
135
318
478
610
729
839
930
994
1018
1013
997
999
1037
1110
1201
1282
1336
1352
1323
1250
1136
995
840
685
559
470
420
396
367
307
202
52
-125
-306
-467
-591
-673
-703
-685
-623
-538
-450
-377
-318
-250
-158
-38
93
198
245
212
115
-16
-152
-269
-365
-433
-481
-520
-563
-636
-757
-925
-1112
-1265
-1345
-1343
-1278
-1199
-1126
-1063
-989
-878
-732
-570
-414
-278
-157
-42
65
144
180
171
146
146
193
284
383
449
455
400
304
195
85
-10
-88
-140
-149
-108
-25
82
196
302
398
490
578
661
721
744
736
704
675
671
704
775
857
939
1008
1045
1036
969
850
699
550
437
386
395
435
459
429
325
154
-67
-290
-470
-587
-637
-636
-618
-602
-605
-618
-613
-564
-452
-281
-80
107
238
289
250
146
23
-72
-105
-69
6
69
64
-39
-224
-444
-642
-783
-856
-883
-892
-907
-936
-971
-995
-989
-943
-850
-708
-539
-377
-266
-232
-266
-336
-392
-392
-323
-197
-48
92
207
291
339
350
314
234
132
38
-14
-16
23
75
123
167
219
296
396
494
568
604
610
605
613
642
679
710
737
763
806
865
917
933
895
808
699
604
546
522
518
514
500
474
432
361
249
96
-91
-277
-420
-502
-526
-520
-513
-511
-502
-475
-422
-353
-291
-242
-199
-148
-79
-7
41
57
41
17
4
4
-4
-49
-144
-275
-409
-514
-579
-636
-719
-841
-979
-1083
-1120
-1085
-1002
-908
-825
-744
-654
-548
-446
-375
-343
-323
-287
-207
-87
36
118
152
152
152
175
220
268
290
285
258
236
229
230
235
240
259
315
405
516
620
685
697
667
627
594
582
585
603
628
652
671
679
672
639
589
537
491
464
453
454
463
473
477
463
419
344
247
139
37
-53
-133
-207
-286
-370
-453
-526
-580
-615
-628
-623
-593
-537
-460
-372
-291
-229
-204
-205
-215
-217
-204
-184
-172
-174
-186
-202
-216
-229
-257
-305
-371
-448
-525
-589
-644
-682
-703
-715
-688
-625
-529
-413
-312
-227
-163
-119
-91
-81
-78
-68
-42
2
66
135
192
232
250
247
238
229
219
208
196
187
189
202
231
263
302
353
405
458
497
510
510
493
470
453
435
429
423
398
357
296
229
174
130
102
95
105
133
171
203
224
227
222
225
236
252
260
250
218
150
55
-54
-161
-257
-329
-373
-389
-376
-357
-342
-331
-331
-332
-331
-323
-308
-285
-256
-226
-197
-173
-154
-134
-115
-97
-85
-86
-99
-130
-174
-223
-275
-317
-345
-355
-352
-330
-297
-256
-209
-171
-140
-120
-110
-103
-96
-84
-59
-30
4
28
41
47
50
53
59
74
95
123
157
193
231
266
291
309
322
332
344
357
370
382
392
403
413
422
424
413
387
344
291
230
168
114
64
23
-2
-18
-27
-29
-26
-18
-6
12
39
73
113
154
183
192
184
158
111
51
-18
-83
-141
-189
-222
-239
-245
-251
-256
-262
-268
-275
-288
-301
-313
-325
-329
-325
-315
-290
-258
-215
-165
-119
-78
-52
-43
-49
-72
-105
-139
-168
-182
-186
-184
-170
-150
-126
-105
-93
-86
-82
-75
-59
-37
-9
22
50
72
86
93
93
90
81
73
74
83
105
131
158
185
203
216
225
231
237
248
259
271
281
287
296
299
291
269
229
183
133
83
40
11
-11
-21
-23
-23
-24
-31
-41
-53
-64
-69
-64
-50
-28
-1
24
40
42
31
4
-32
-65
-93
-110
-113
-105
-88
-74
-70
-79
-101
-134
-169
-199
-221
-225
-217
-195
-171
-148
-130
-117
-108
-101
-89
-75
-54
-34
-15
-3
1
-6
-21
-39
-50
-57
-53
-39
-21
0
15
25
30
32
31
30
36
40
45
52
54
48
35
19
2
-11
-15
-13
-2
12
25
36
42
44
49
57
73
92
120
147
174
199
211
214
205
190
171
150
132
114
99
86
72
51
29
8
-10
-26
-34
-37
-35
-26
-14
1
16
22
21
14
4
-5
-16
-19
-22
-26
-31
-43
-57
-75
-97
-115
-131
-136
-132
-126
-118
-112
-116
-131
-147
-159
-163
-150
-127
-95
-65
-42
-29
-35
-48
-68
-91
-105
-111
-103
-83
-66
-53
-49
-56
-68
-77
-75
-58
-29
9
49
83
103
108
95
68
37
8
-10
-11
1
18
30
35
28
13
-1
-10
-2
24
64
114
163
202
223
226
213
194
177
168
170
178
180
171
153
122
83
44
10
-11
-18
-12
-1
9
12
3
-10
-23
-30
-26
-11
13
36
55
64
63
52
33
14
-3
-14
-16
-18
-20
-29
-48
-75
-106
-136
-158
-169
-176
-175
-172
-162
-148
-136
-128
-120
-109
-98
-83
-67
-49
-32
-20
-13
-11
-15
-24
-35
-43
-53
-63
-69
-70
-63
-50
-37
-25
-11
-1
8
13
13
12
10
6
3
4
7
13
19
22
22
20
17
18
22
31
44
61
80
95
109
121
129
134
132
130
133
133
132
125
112
100
87
75
68
59
55
49
39
26
15
4
-5
-12
-14
-10
-5
4
11
13
11
5
1
-2
-4
-5
-4
-4
-9
-19
-35
-54
-68
-82
-90
-93
-94
-87
-81
-79
-79
-85
-88
-93
-95
-92
-87
-79
-66
-52
-36
-23
-13
-8
-8
-11
-17
-21
-23
-21
-17
-13
-5
0
4
5
4
3
-3
-8
-9
-8
-3
1
4
7
11
12
15
15
16
16
16
20
26
38
48
57
64
71
77
81
85
88
94
97
97
95
94
88
80
71
59
52
47
42
39
33
26
18
13
9
2
-2
-7
-8
-8
-7
-7
-7
-9
-12
-15
-19
-23
-24
-27
-31
-36
-43
-46
-52
-58
-64
-68
-71
-73
-73
-75
-77
-78
-81
-81
-80
-80
-79
-76
-71
-68
-63
-57
-53
-47
-43
-39
-34
-29
-25
-21
-18
-15
-9
-1
7
16
22
30
35
41
46
47
49
53
58
64
69
71
70
71
71
69
65
62
58
56
57
59
62
64
62
60
59
58
56
54
53
52
50
48
47
44
37
30
23
17
12
11
7
2
-2
-6
-12
-17
-21
-21
-22
-25
-26
-29
-30
-30
-30
-30
-32
-36
-38
-42
-45
-49
-53
-59
-65
-71
-75
-77
-78
-78
-79
-78
-81
-82
-79
-76
-71
-65
-56
-51
-47
-43
-40
-34
-29
-23
-14
-10
-5
0
4
8
12
14
16
19
22
27
31
36
37
40
41
42
44
47
48
47
49
52
57
59
62
63
60
62
63
67
71
73
78
82
82
80
76
72
66
61
54
47
41
37
32
27
21
16
9
3
-3
-7
-13
-20
-28
-33
-37
-39
-37
-42
-49
-49
-53
-58
-59
-58
-58
-56
-47
-40
-35
-32
-35
-36
-38
-43
-46
-52
-59
-62
-62
-62
-63
-67
-72
-75
-73
-69
-66
-60
-56
-51
-45
-39
-32
-24
-14
-4
3
10
18
27
33
38
43
45
45
47
50
51
50
49
46
44
45
47
47
45
45
43
43
43
44
43
41
44
46
47
47
48
47
48
54
58
57
55
49
46
43
42
41
37
32
30
26
22
16
8
0
-8
-15
-20
-23
-27
-32
-34
-37
-41
-44
-45
-48
-49
-52
-54
-53
-54
-52
-50
-48
-47
-46
-47
-47
-47
-48
-52
-54
-56
-56
-56
-56
-54
-55
-55
-54
-57
-54
-52
-47
-42
-38
-33
-24
-15
-7
3
13
20
29
38
44
52
58
62
69
69
70
68
68
67
62
57
51
47
42
40
36
33
31
29
28
26
26
25
24
24
26
26
24
23
20
21
22
21
20
18
14
13
12
10
10
10
12
10
9
7
6
4
2
-2
-4
-6
-8
-9
-10
-12
-14
-18
-24
-27
-30
-34
-36
-40
-43
-44
-46
-44
-42
-42
-41
-41
-40
-40
-40
-39
-40
-40
-41
-40
-38
-41
-43
-44
-45
-48
-49
-49
-47
-46
-41
-37
-34
-27
-23
-17
-10
-1
8
16
26
34
40
44
48
52
57
59
62
64
65
66
64
62
60
57
52
48
47
45
46
44
43
40
35
32
30
28
25
24
23
20
18
16
12
11
6
1
-1
-1
-3
-5
-5
-5
-5
-3
-3
-3
-5
-6
-5
-3
-4
-5
-8
-9
-12
-15
-17
-19
-21
-28
-33
-36
-38
-40
-43
-47
-47
-47
-47
-47
-47
-49
-46
-44
-41
-38
-33
-30
-30
-27
-26
-24
-22
-20
-21
-21
-20
-21
-21
-19
-16
-10
-5
-1
4
7
10
13
13
15
18
21
24
30
34
35
37
38
38
38
39
38
39
40
39
38
37
36
37
35
37
37
36
35
34
33
31
33
34
33
33
32
28
24
22
18
14
13
12
12
12
8
5
1
-2
-7
-10
-10
-13
-14
-16
-18
-19
-24
-27
-28
-28
-29
-32
-33
-39
-41
-43
-45
-43
-42
-41
-40
-41
-39
-39
-41
-42
-43
-43
-38
-37
-33
-29
-26
-27
-27
-28
-27
-25
-23
-20
-16
-13
-11
-9
-5
1
3
7
10
12
18
22
24
27
31
32
35
37
39
41
42
43
44
43
41
41
39
38
37
34
35
33
34
33
32
31
31
32
31
32
29
28
26
24
23
21
20
19
18
14
12
11
9
9
6
4
0
-4
-4
-7
-11
-13
-18
-22
-25
-28
-30
-32
-34
-34
-36
-39
-40
-41
-44
-45
-45
-45
-43
-41
-39
-39
-37
-37
-38
-38
-36
-35
-35
-33
-33
-32
-32
-31
-30
-27
-24
-20
-19
-21
-23
-19
-17
-14
-10
-8
-4
2
9
16
20
25
27
28
33
38
42
45
48
52
57
61
61
62
62
59
56
54
54
53
52
51
48
42
40
39
37
33
31
29
25
23
20
15
11
8
3
1
-4
-6
-6
-7
-8
-10
-12
-15
-18
-20
-25
-28
-32
-36
-38
-36
-38
-38
-39
-40
-41
-44
-46
-46
-47
-48
-46
-44
-43
-39
-36
-34
-32
-31
-27
-24
-22
-18
-14
-12
-11
-10
-10
-8
-6
-5
-3
0
1
4
4
5
7
8
8
