-5
-3
-3
-1
-1
-2
-1
-2
-1
1
2
4
5
4
5
5
7
8
7
7
8
9
7
9
9
9
10
11
10
10
10
7
7
7
7
6
6
4
3
1
1
3
3
3
3
3
1
-1
-2
1
0
-2
-2
-3
0
0
0
1
0
1
1
0
0
-2
-4
-2
0
-1
-1
-1
0
1
0
-3
-7
-6
-7
-8
-9
-11
-12
-12
-14
-14
-15
-12
-12
-13
-14
-17
-18
-19
-20
-20
-20
-19
-18
-16
-15
-15
-15
-12
-11
-6
-2
-1
1
3
4
7
13
14
17
19
18
19
23
26
28
32
33
35
36
33
32
31
32
33
32
33
30
27
25
23
20
18
17
16
17
12
8
6
3
2
1
-4
-8
-11
-13
-14
-19
-23
-25
-27
-28
-29
-31
-36
-49
-49
-47
-47
-41
-45
-43
-33
-27
-19
-17
-13
-8
-6
-7
-8
-16
-23
-30
-41
-52
-70
-85
-92
-102
-104
-110
-120
-114
-111
-107
-107
-114
-112
-107
-104
-96
-94
-86
-67
-46
-18
15
54
93
136
180
223
284
324
353
382
395
429
446
435
431
412
411
412
387
367
340
318
309
284
254
227
198
178
155
120
89
56
25
-9
-44
-80
-113
-145
-183
-213
-235
-260
-280
-315
-348
-366
-391
-409
-442
-482
-495
-510
-515
-522
-547
-545
-534
-522
-500
-499
-486
-459
-437
-409
-397
-388
-358
-329
-290
-245
-189
-106
0
127
269
435
599
727
831
885
919
922
846
738
598
449
307
158
28
-74
-150
-197
-212
-199
-171
-143
-132
-143
-178
-242
-325
-425
-549
-648
-718
-757
-743
-707
-614
-464
-285
-79
140
368
579
765
912
1030
1132
1162
1147
1102
1028
967
885
784
701
634
586
556
539
527
521
510
487
446
393
323
247
169
89
13
-56
-116
-162
-194
-219
-240
-269
-310
-360
-427
-501
-580
-660
-737
-801
-850
-882
-901
-913
-918
-928
-930
-923
-902
-866
-824
-779
-727
-672
-615
-559
-514
-474
-435
-392
-339
-276
-201
-112
0
150
383
711
1098
1446
1679
1763
1721
1604
1411
1126
763
384
59
-191
-389
-566
-745
-879
-898
-771
-536
-286
-127
-102
-186
-332
-520
-753
-994
-1176
-1246
-1206
-1090
-938
-752
-514
-222
114
470
817
1123
1359
1503
1559
1541
1468
1355
1212
1044
868
710
596
540
528
531
537
547
579
622
649
638
601
567
540
499
415
286
142
24
-46
-72
-72
-70
-75
-84
-96
-122
-177
-259
-365
-494
-641
-784
-893
-954
-984
-1014
-1059
-1117
-1181
-1245
-1306
-1344
-1335
-1270
-1174
-1081
-1006
-932
-843
-732
-624
-540
-476
-415
-340
-257
-175
-55
177
576
1090
1567
1875
1983
1955
1843
1622
1262
800
333
-56
-368
-638
-886
-1083
-1166
-1085
-837
-474
-117
123
216
188
74
-147
-482
-857
-1139
-1238
-1170
-999
-750
-417
-14
411
809
1155
1447
1678
1819
1859
1805
1660
1424
1128
832
584
399
268
200
226
331
454
552
621
686
731
718
640
526
413
311
221
164
146
142
128
116
146
208
237
177
39
-108
-237
-377
-546
-723
-874
-983
-1058
-1098
-1107
-1109
-1143
-1216
-1289
-1325
-1334
-1364
-1435
-1500
-1500
-1422
-1312
-1207
-1094
-947
-768
-603
-480
-398
-339
-272
-127
217
822
1561
2169
2481
2544
2481
2278
1790
976
41
-725
-1201
-1483
-1700
-1855
-1863
-1653
-1221
-611
66
637
941
973
839
593
177
-446
-1109
-1540
-1608
-1389
-1011
-490
212
1017
1730
2221
2502
2620
2560
2287
1847
1361
904
475
97
-147
-198
-100
75
313
626
953
1163
1195
1113
991
801
494
124
-176
-311
-309
-221
-54
200
475
669
747
743
658
435
55
-399
-812
-1142
-1422
-1631
-1700
-1599
-1403
-1214
-1043
-867
-725
-679
-746
-870
-1012
-1212
-1456
-1640
-1681
-1595
-1487
-1386
-1209
-950
-709
-552
-474
-426
-372
-221
278
1258
2394
3154
3322
3199
3138
2959
2164
650
-1069
-2344
-2997
-3313
-3491
-3451
-3061
-2280
-1174
137
1425
2314
2543
2265
1783
1172
265
-963
-2106
-2648
-2495
-1900
-1051
66
1442
2752
3596
3869
3673
3087
2148
978
-135
-950
-1461
-1673
-1445
-706
343
1334
2043
2535
2860
2843
2328
1447
545
-187
-821
-1366
-1633
-1476
-940
-235
470
1160
1735
1981
1839
1420
850
160
-678
-1498
-2022
-2172
-2067
-1890
-1678
-1322
-909
-622
-494
-505
-567
-607
-670
-679
-577
-481
-459
-490
-499
-472
-566
-865
-1264
-1630
-1859
-1969
-2011
-1936
-1644
-999
226
2073
4010
5293
5642
5280
4578
3542
1723
-887
-3498
-5274
-5934
-5779
-5171
-4185
-2859
-1265
450
2010
3219
3686
3092
1861
512
-801
-2016
-3129
-3783
-3445
-2210
-534
1218
2795
4071
4724
4495
3556
2124
448
-1158
-2466
-3096
-2859
-2033
-812
725
2376
3835
4685
4726
4142
3140
1823
315
-1088
-2011
-2327
-2105
-1453
-471
729
1865
2629
2963
2865
2337
1448
347
-672
-1379
-1811
-2025
-1992
-1673
-1139
-636
-366
-346
-534
-848
-1183
-1470
-1599
-1530
-1276
-757
-3
790
1357
1458
1140
545
-299
-1268
-2243
-3115
-3672
-3809
-3432
-2584
-1569
-480
841
2637
4720
6030
5932
4785
3204
1729
54
-2316
-4691
-6187
-6380
-5376
-3955
-2479
-1085
-64
795
1551
2065
2219
1494
142
-942
-1593
-1851
-1880
-1843
-1235
-8
1278
2413
3161
3398
3134
2196
923
-218
-1189
-1811
-1964
-1535
-352
1094
2299
3262
3930
4212
3944
2986
1700
480
-568
-1350
-1774
-1688
-1057
-161
828
1835
2621
2998
2857
2307
1669
955
72
-777
-1337
-1481
-1352
-1265
-1233
-1111
-943
-898
-1039
-1266
-1443
-1488
-1380
-1062
-476
204
741
1063
1185
1127
753
31
-865
-1802
-2547
-3043
-3362
-3267
-2777
-2095
-1298
-592
244
1594
3332
4909
5414
4697
3490
2174
773
-1184
-3857
-6097
-7039
-6652
-5297
-3824
-2529
-1317
-345
634
1624
2203
2171
1335
218
-391
-702
-995
-1262
-1370
-752
420
1399
2070
2369
2260
1842
988
0
-728
-1172
-1129
-574
394
1711
2892
3714
4275
4356
3813
2720
1315
26
-893
-1402
-1492
-1054
-126
943
1921
2704
3197
3350
3051
2387
1578
774
115
-488
-956
-1122
-1232
-1327
-1386
-1532
-1596
-1616
-1684
-1655
-1598
-1468
-1185
-826
-314
228
575
794
793
447
-83
-735
-1511
-2211
-2733
-2981
-2900
-2752
-2523
-2065
-1543
-920
-233
886
3139
5499
6419
5790
4065
2271
647
-2020
-5444
-8095
-8987
-7835
-5705
-3582
-1595
-224
636
1367
1885
2348
2106
760
-368
-684
-494
-21
32
-44
552
1259
1728
2030
1865
1355
526
-476
-975
-1004
-806
-265
572
1870
3299
4031
4230
4199
3713
2912
1843
605
-226
-661
-909
-619
148
1007
1731
2137
2448
2808
2935
2713
2142
1456
896
227
-469
-956
-1423
-1749
-1948
-2223
-2281
-2184
-2191
-2136
-2035
-1841
-1463
-1058
-588
-69
418
886
1081
860
281
-611
-1573
-2424
-3099
-3494
-3583
-3372
-2927
-2298
-1663
-1253
-805
232
2422
5384
7309
7234
5645
3430
1399
-1114
-4758
-8211
-9957
-9258
-6561
-3512
-1052
479
954
1116
1399
1682
1691
911
-71
-132
570
1384
1768
1495
1218
1177
936
631
388
99
-84
-244
-303
-43
251
535
990
1602
2342
2904
3156
3305
3246
2819
2060
1056
46
-729
-1281
-1518
-1131
-244
815
1918
2744
3240
3543
3381
2792
2022
1075
140
-691
-1390
-1754
-1877
-1923
-2016
-2298
-2493
-2437
-2259
-1913
-1517
-1099
-347
506
1057
1403
1376
993
641
81
-672
-1358
-2212
-2884
-3062
-3063
-2966
-2940
-2852
-2377
-1869
-1240
202
2961
6473
8507
7950
5880
3391
995
-1996
-6011
-9265
-10155
-8679
-5760
-2853
-791
105
-95
-385
-95
634
1074
526
8
558
1467
1975
1644
690
205
191
93
180
470
774
1010
935
720
470
10
-340
-182
597
1743
2673
3380
4009
4112
3481
2314
860
-421
-1328
-1907
-1778
-747
658
1974
3053
3723
3966
3808
3125
2161
1260
388
-316
-611
-680
-798
-1073
-1506
-2010
-2458
-2728
-2746
-2402
-1700
-903
-123
673
1314
1566
1331
798
152
-423
-681
-917
-1289
-1538
-1908
-2370
-2600
-2844
-3169
-3438
-3678
-3207
-862
3269
7094
8533
7440
5097
2921
723
-2741
-6933
-9735
-9656
-7058
-3734
-1230
-389
-1056
-2048
-2539
-2007
-610
258
488
1100
1904
2430
2116
460
-1389
-2228
-2102
-1095
379
1719
2783
3272
3077
2376
1100
-403
-1440
-1545
-455
1353
3048
4436
5304
5197
4066
2174
21
-1655
-2422
-2245
-1110
731
2543
3787
4379
4287
3632
2699
1784
1166
924
953
1070
1085
945
442
-654
-2090
-3445
-4259
-4161
-3319
-2106
-749
479
1305
1640
1504
980
335
-234
-777
-965
-524
-74
-123
-711
-1770
-2724
-3317
-3815
-3974
-3961
-3729
-1747
2366
6569
8345
6615
3217
765
-837
-3018
-6152
-8890
-8861
-5980
-2491
11
403
-1380
-3577
-4762
-4047
-1630
371
1222
1978
2732
3022
2042
-561
-3192
-4330
-3809
-1849
846
3375
5017
5150
4021
2512
899
-735
-1765
-1574
49
2516
4582
5697
5886
4931
2938
510
-1710
-3019
-3071
-2035
-33
2478
4435
5135
4659
3495
2236
1282
822
1023
1834
2779
3272
3039
1923
96
-1827
-3453
-4469
-4589
-3848
-2297
-354
1031
1374
866
-50
-787
-1142
-1183
-741
-25
722
1415
1601
1095
-262
-2314
-4100
-5000
-5013
-4509
-3562
-1568
1952
5725
7180
5817
2758
-437
-2487
-4432
-6431
-7095
-6398
-4283
-1652
-357
-476
-2099
-4747
-6027
-5180
-2692
418
2201
2909
3181
2300
505
-1977
-4379
-4986
-3739
-1368
1738
4474
5849
5576
3622
1032
-944
-1949
-1698
-129
2310
4829
6532
6806
5637
3647
1396
-469
-1326
-1224
-361
968
2276
3126
3127
2220
895
-7
-13
813
2192
3625
4665
5112
4599
2950
661
-1727
-3497
-4073
-3776
-2898
-1749
-809
-156
-49
-699
-1676
-2430
-2600
-1942
-720
467
1439
1873
1635
1084
194
-924
-2103
-3119
-3366
-3026
-2626
-1978
-600
1969
4512
4642
2599
15
-1929
-2807
-4226
-5972
-6081
-4624
-2176
-223
-101
-1053
-2785
-4735
-5173
-3761
-1264
1086
1930
1831
1418
41
-1960
-3849
-4648
-3444
-1054
1499
3713
4900
4703
3243
1102
-876
-2030
-1901
-381
2087
4628
6081
6078
5075
3394
1577
-63
-1047
-537
1055
2911
4242
4337
3604
2320
657
-617
-1223
-941
342
2019
3609
4586
4340
2951
892
-1001
-2027
-2254
-1858
-1185
-514
41
19
-732
-1913
-3075
-3703
-3507
-2523
-1094
333
1257
1420
974
220
-502
-1062
-1420
-1413
-1199
-1045
-810
-48
1970
4511
5194
3387
137
-2736
-3867
-4674
-5997
-6842
-6435
-4237
-1710
-653
-969
-2451
-4045
-4234
-2744
293
3219
3889
2719
729
-1486
-3384
-5292
-6431
-5309
-2278
1363
4308
5549
5091
3298
654
-1629
-2467
-1776
-34
2127
4270
5814
5857
4259
1798
-336
-1191
-884
188
1804
3429
4487
4560
3641
2377
1381
833
854
1497
2547
3423
3429
2546
1336
162
-911
-1801
-2115
-1378
-24
893
1060
703
55
-761
-1792
-2528
-2455
-1881
-1398
-1244
-1081
-679
-489
-879
-1483
-1763
-1356
-496
6
2
-402
-657
812
3961
6473
6269
3113
-806
-2986
-3771
-5023
-7031
-8092
-6346
-2797
-408
-548
-2808
-5437
-6544
-5529
-2278
1876
4402
4496
2949
749
-1434
-3886
-6280
-6659
-4077
145
3780
5213
4468
2437
-88
-2185
-3015
-2177
69
2681
4764
5864
5618
4101
1698
-743
-1912
-1438
164
2173
3721
4436
4165
2938
1549
713
687
1431
2535
3707
4588
4537
3421
1722
56
-1094
-1596
-1456
-686
242
636
380
-173
-685
-1038
-1265
-1321
-1064
-593
-322
-463
-864
-1368
-1840
-1958
-1578
-977
-473
-293
-439
-538
-466
-5
1745
4320
5807
5256
2843
-64
-2068
-3675
-5598
-7388
-7678
-5645
-2809
-1239
-1657
-3393
-4762
-4923
-3756
-1224
1444
2973
2943
1200
-1274
-3380
-5035
-5837
-5209
-3008
334
3233
4216
3288
1304
-616
-1669
-1774
-917
769
2622
3929
4147
3310
1974
574
-335
-297
645
2002
2932
3063
2658
2091
1717
1718
2119
2835
3648
4280
4504
4210
3347
2110
906
106
-81
229
786
1208
1095
446
-450
-1247
-1640
-1478
-851
-50
515
554
29
-951
-1910
-2425
-2554
-2177
-1492
-983
-602
-527
-768
-845
-97
2395
5552
6935
5886
3057
-67
-2242
-3727
-5000
-6305
-6976
-5806
-3602
-2243
-2762
-4962
-6843
-6458
-3847
-335
2292
3192
2761
1150
-1260
-3545
-5076
-5160
-3586
-1085
1408
2722
2229
388
-1982
-3673
-3665
-2061
279
2315
3479
3881
3628
2586
981
-381
-610
636
2600
4024
4227
3147
1304
-547
-1618
-972
1322
3977
5801
6270
5749
4837
3529
1910
613
209
731
1665
2277
2160
1372
211
-747
-1037
-822
-305
349
743
835
596
-200
-1202
-1892
-1925
-1233
-344
250
151
-828
-1971
-2739
-2734
-753
3048
6265
6921
4875
1491
-1511
-3259
-3848
-4114
-4399
-3925
-2565
-1459
-1922
-4405
-7661
-9324
-7627
-3157
1076
2712
1905
-180
-2422
-4196
-5543
-6028
-4814
-1889
1711
4300
4608
2744
-166
-2693
-3628
-2716
-820
1035
2203
2392
1886
1010
-244
-1521
-2056
-1203
1114
3921
5688
5437
3494
1250
-105
-168
853
2321
3722
4690
4843
4230
3189
2055
1278
1154
1652
2507
3195
3139
2188
782
-381
-775
-439
143
608
849
866
560
-189
-976
-1306
-1196
-780
-303
16
190
13
-691
-1609
-1568
584
3841
5842
5467
3225
381
-1977
-3276
-3695
-4057
-4359
-3859
-2726
-2027
-2625
-4534
-6702
-7158
-4689
-718
2016
2186
343
-2232
-4365
-5432
-5497
-4828
-3468
-1436
606
1449
755
-818
-2476
-3068
-1937
123
2093
3367
3532
2740
1388
-16
-847
-1074
-870
-90
1106
2237
2764
2203
705
-816
-1231
-20
2168
4026
4822
4809
4531
4151
3423
2387
1683
1808
2570
3162
2982
2255
1207
-15
-808
-862
-230
864
1764
2072
1668
565
-642
-1387
-1463
-932
-310
5
139
280
201
-147
213
1820
3505
4018
3178
1430
-558
-2128
-2716
-2479
-2326
-2356
-1943
-1445
-1721
-2989
-5081
-7095
-7295
-4928
-1437
913
1238
105
-1774
-3764
-5027
-4915
-3556
-1516
775
2360
2227
712
-1280
-3136
-4127
-3788
-2335
-377
1267
2105
2153
1353
71
-672
-580
87
1292
2586
3353
3420
2754
1501
102
-877
-941
-114
1003
1894
2475
2754
2753
2649
2474
2116
1766
1849
2530
3468
3899
3307
2069
1050
744
969
1146
898
354
-178
-659
-1180
-1613
-1664
-1212
-528
-55
40
0
424
1496
2489
2764
2278
1454
821
233
-584
-1339
-1971
-2525
-2643
-2293
-1944
-1942
-2347
-2889
-3070
-2593
-1625
-714
-500
-1123
-1960
-2560
-3045
-3331
-3193
-2678
-1847
-872
-57
475
554
19
-785
-1404
-1654
-1339
-617
-28
405
849
1124
1082
680
117
-156
-88
124
464
810
1073
1394
1740
1979
2033
1719
1099
618
563
880
1279
1423
1284
1073
900
808
893
1137
1430
1714
1915
1901
1586
1082
747
839
1236
1626
1724
1340
575
-316
-1207
-1932
-2266
-2205
-1888
-1351
-573
350
1143
1497
1351
1039
923
1036
1139
1004
567
-57
-564
-785
-994
-1516
-2174
-2468
-2157
-1534
-1031
-756
-619
-527
-533
-888
-1427
-1540
-1185
-926
-1066
-1482
-1799
-1718
-1434
-1280
-1357
-1707
-2081
-1999
-1507
-980
-608
-491
-388
60
658
1112
1417
1491
1407
1345
1172
860
631
554
647
756
525
124
72
471
1050
1459
1594
1653
1658
1499
1232
993
959
1166
1363
1410
1291
970
599
396
403
602
909
1188
1384
1364
892
23
-873
-1382
-1236
-528
325
958
1105
616
-245
-1008
-1352
-1181
-763
-468
-143
552
1358
1632
979
-434
-1823
-2379
-1969
-1115
-530
-555
-908
-1181
-1360
-1555
-1708
-1736
-1483
-830
-95
252
28
-703
-1485
-1815
-1826
-1831
-1810
-1660
-1268
-780
-651
-887
-1099
-1106
-771
-92
591
1067
1318
1386
1479
1637
1626
1432
1204
1001
905
970
1140
1313
1279
954
610
486
551
707
802
761
722
802
1025
1370
1711
1978
2107
1885
1380
881
475
217
176
319
568
674
447
124
-130
-409
-609
-687
-726
-582
-350
-339
-491
-684
-825
-781
-713
-641
-332
-36
-35
-217
-576
-979
-1212
-1425
-1592
-1524
-1456
-1576
-1800
-2028
-2006
-1689
-1455
-1343
-1089
-716
-359
-188
-496
-1097
-1424
-1300
-784
-86
360
532
619
515
344
354
427
513
610
682
907
1277
1471
1433
1282
1084
1021
1208
1487
1661
1615
1342
1069
1019
1061
1046
962
805
739
868
1013
977
649
94
-312
-346
-208
-161
-253
-320
-288
-188
-23
104
219
546
973
1297
1407
1014
275
-314
-707
-970
-1159
-1397
-1395
-1184
-1275
-1453
-1408
-1308
-1024
-590
-298
-82
9
-155
-390
-673
-1116
-1480
-1530
-1372
-1225
-1351
-1813
-2099
-1940
-1662
-1335
-988
-788
-482
26
471
773
785
495
374
597
911
1151
1203
1156
1258
1384
1317
1230
1291
1439
1555
1382
824
337
308
567
869
1062
1134
1320
1510
1337
813
139
-391
-379
85
542
799
814
629
432
211
-137
-450
-535
-380
-89
112
23
-167
-193
-119
-43
-41
-233
-449
-487
-448
-385
-372
-502
-573
-471
-301
-34
183
20
-469
-1031
-1481
-1673
-1622
-1470
-1370
-1468
-1736
-1856
-1610
-1294
-1212
-1280
-1337
-1172
-771
-573
-741
-969
-1080
-972
-708
-511
-242
255
692
908
943
865
991
1450
1966
2432
2820
2976
2871
2535
1998
1419
919
623
763
1245
1611
1549
1127
620
274
88
-35
-52
166
582
945
1033
829
494
236
75
-130
-396
-654
-814
-734
-549
-556
-765
-1012
-1015
-493
236
664
733
441
1
-232
-440
-726
-889
-991
-932
-656
-605
-771
-875
-1044
-1164
-1086
-1003
-809
-491
-450
-686
-1008
-1429
-1687
-1655
-1695
-1834
-1889
-1932
-1803
-1443
-1207
-1050
-836
-804
-833
-753
-678
-377
167
525
728
900
999
1298
1767
2028
2147
2244
2344
2631
2905
2823
2533
2249
2026
1898
1708
1437
1331
1412
1442
1217
724
224
11
116
328
374
227
92
89
227
355
265
34
-132
-176
-135
-222
-591
-979
-1098
-919
-584
-381
-358
-350
-381
-456
-523
-644
-774
-854
-859
-664
-435
-437
-564
-702
-815
-817
-794
-746
-563
-449
-609
-1023
-1623
-2113
-2220
-2133
-2086
-2040
-1876
-1531
-1144
-1002
-1149
-1332
-1395
-1341
-1152
-871
-578
-260
34
177
209
256
448
946
1609
2060
2174
2090
2022
2126
2274
2251
2096
2011
2112
2335
2481
2412
2173
1917
1776
1727
1657
1518
1329
1148
989
764
454
164
-91
-342
-520
-613
-700
-748
-762
-755
-649
-516
-392
-128
129
167
93
-21
-170
-332
-590
-815
-827
-833
-983
-1166
-1301
-1251
-952
-581
-324
-319
-555
-760
-752
-666
-708
-933
-1252
-1490
-1523
-1404
-1337
-1443
-1636
-1728
-1565
-1265
-1069
-1039
-1142
-1303
-1378
-1332
-1188
-931
-604
-247
76
274
400
578
803
956
978
975
1121
1485
1923
2206
2255
2184
2100
2025
1927
1783
1645
1567
1516
1485
1463
1414
1419
1514
1565
1480
1278
1102
1087
1093
955
709
397
91
-136
-365
-645
-955
-1253
-1334
-1124
-885
-722
-588
-507
-406
-321
-400
-548
-678
-766
-638
-401
-348
-407
-511
-684
-827
-972
-1123
-1107
-1028
-1057
-1118
-1245
-1465
-1595
-1615
-1574
-1428
-1282
-1177
-978
-780
-718
-734
-851
-1004
-975
-776
-511
-190
25
68
80
85
170
446
742
945
1121
1256
1387
1533
1569
1493
1389
1262
1213
1312
1455
1544
1507
1360
1264
1294
1352
1362
1354
1376
1405
1353
1149
863
618
424
264
170
92
23
-2
-59
-185
-322
-446
-400
-122
102
97
-106
-521
-986
-1321
-1578
-1642
-1482
-1331
-1150
-911
-793
-682
-586
-726
-899
-929
-901
-710
-465
-412
-440
-631
-1111
-1513
-1667
-1696
-1542
-1352
-1246
-1012
-765
-727
-765
-881
-1005
-835
-475
-92
378
751
932
1074
1151
1227
1412
1490
1400
1325
1279
1263
1287
1251
1223
1292
1357
1398
1463
1498
1466
1373
1250
1146
1067
959
815
718
713
706
625
524
451
401
308
89
-156
-256
-238
-193
-204
-335
-457
-407
-222
-40
-12
-243
-651
-1041
-1268
-1282
-1224
-1268
-1394
-1471
-1436
-1342
-1289
-1283
-1250
-1138
-926
-633
-360
-208
-222
-419
-733
-1089
-1430
-1635
-1652
-1528
-1303
-1045
-814
-608
-474
-442
-446
-439
-381
-198
89
394
652
757
694
613
621
760
1048
1370
1633
1871
2049
2140
2194
2160
2006
1845
1731
1686
1721
1723
1609
1452
1261
1050
909
823
782
840
901
847
689
453
214
40
-134
-327
-454
-513
-558
-617
-736
-899
-978
-880
-632
-350
-193
-271
-538
-848
-1134
-1364
-1524
-1641
-1650
-1505
-1347
-1255
-1190
-1201
-1287
-1408
-1561
-1598
-1463
-1336
-1249
-1191
-1235
-1289
-1301
-1334
-1285
-1121
-918
-600
-256
-94
-111
-286
-537
-606
-481
-292
-21
282
559
831
1020
1115
1257
1454
1627
1806
2010
2206
2350
2339
2173
2020
1988
2034
2086
2098
2069
2032
1965
1830
1660
1486
1333
1243
1209
1188
1113
950
802
739
676
498
157
-227
-465
-568
-687
-869
-1097
-1260
-1210
-1018
-849
-789
-914
-1135
-1255
-1310
-1389
-1497
-1631
-1722
-1701
-1670
-1656
-1598
-1565
-1600
-1655
-1740
-1809
-1780
-1703
-1625
-1582
-1669
-1825
-1873
-1794
-1656
-1477
-1293
-1085
-822
-628
-583
-608
-621
-541
-283
70
394
670
877
1036
1195
1306
1371
1515
1752
1968
2071
2002
1853
1814
1883
1966
2048
2110
2183
2328
2483
2550
2532
2418
2260
2160
2076
1951
1842
1778
1739
1678
1494
1169
841
581
332
109
-43
-129
-150
-177
-323
-518
-640
-700
-682
-649
-773
-1041
-1349
-1665
-1891
-2009
-2126
-2189
-2165
-2157
-2152
-2139
-2182
-2210
-2174
-2135
-2058
-1967
-1981
-2097
-2277
-2504
-2634
-2577
-2400
-2145
-1887
-1681
-1445
-1146
-878
-715
-696
-768
-760
-576
-251
134
461
678
840
994
1160
1370
1594
1810
2030
2227
2378
2498
2562
2554
2499
2413
2336
2306
2315
2350
2409
2463
2477
2430
2303
2118
1940
1807
1737
1725
1708
1661
1589
1471
1292
1056
760
441
193
45
-18
-8
-3
-56
-141
-256
-388
-530
-739
-1044
-1375
-1654
-1832
-1910
-1987
-2135
-2312
-2431
-2448
-2383
-2298
-2259
-2257
-2259
-2257
-2254
-2273
-2352
-2469
-2553
-2562
-2467
-2271
-2040
-1842
-1692
-1600
-1549
-1508
-1482
-1442
-1306
-1027
-614
-149
236
472
618
765
968
1237
1490
1662
1779
1877
1951
1989
1953
1863
1844
1965
2192
2445
2602
2626
2628
2659
2678
2662
2572
2420
2303
2205
2065
1906
1735
1559
1440
1345
1242
1174
1089
921
718
484
249
131
141
207
269
191
-70
-344
-554
-738
-907
-1105
-1301
-1378
-1390
-1473
-1611
-1788
-1985
-2102
-2142
-2171
-2196
-2281
-2459
-2629
-2753
-2856
-2883
-2825
-2709
-2508
-2284
-2119
-1971
-1827
-1684
-1499
-1301
-1123
-936
-759
-622
-496
-390
-315
-215
-61
136
386
625
793
921
1041
1181
1363
1558
1743
1918
2068
2175
2237
2244
2205
2161
2143
2162
2206
2235
2220
2159
2063
1953
1856
1799
1799
1843
1871
1819
1651
1382
1078
802
592
469
442
490
568
599
511
303
49
-185
-368
-522
-703
-909
-1094
-1240
-1351
-1451
-1550
-1597
-1554
-1480
-1433
-1475
-1634
-1847
-2057
-2237
-2357
-2421
-2432
-2369
-2272
-2203
-2166
-2149
-2102
-1954
-1735
-1523
-1377
-1305
-1255
-1126
-905
-634
-349
-103
102
312
519
677
751
756
758
827
967
1103
1178
1190
1185
1219
1285
1349
1416
1518
1672
1855
1998
2044
1987
1895
1837
1833
1847
1840
1789
1704
1606
1493
1346
1168
991
869
821
806
775
713
618
515
430
350
256
155
56
-37
-143
-302
-515
-749
-956
-1085
-1143
-1185
-1244
-1323
-1431
-1543
-1638
-1710
-1752
-1769
-1778
-1784
-1805
-1853
-1902
-1932
-1948
-1922
-1840
-1723
-1579
-1439
-1348
-1302
-1278
-1234
-1114
-919
-693
-460
-258
-92
75
248
409
560
683
786
896
1018
1138
1246
1320
1372
1438
1526
1618
1671
1641
1547
1451
1397
1397
1435
1479
1513
1549
1580
1590
1555
1470
1354
1226
1094
975
864
753
640
507
354
218
122
69
58
42
4
-34
-74
-125
-196
-316
-478
-646
-797
-923
-1017
-1089
-1124
-1131
-1144
-1193
-1284
-1398
-1494
-1555
-1602
-1657
-1717
-1750
-1737
-1677
-1600
-1525
-1429
-1291
-1107
-924
-801
-769
-785
-777
-701
-566
-430
-332
-250
-158
-38
108
251
382
518
661
793
904
983
1037
1088
1144
1202
1267
1340
1421
1503
1564
1589
1599
1610
1623
1630
1597
1512
1406
1298
1191
1069
924
774
665
617
610
612
597
547
477
378
257
137
38
-23
-62
-128
-259
-433
-610
-752
-853
-928
-994
-1034
-1043
-1025
-1006
-1026
-1084
-1151
-1208
-1238
-1255
-1275
-1303
-1335
-1376
-1429
-1491
-1553
-1593
-1585
-1525
-1417
-1276
-1125
-974
-831
-711
-611
-520
-414
-263
-67
140
321
456
549
623
686
730
749
748
754
798
875
953
1000
1018
1035
1090
1186
1290
1378
1448
1516
1590
1653
1679
1656
1588
1505
1427
1344
1246
1124
993
880
788
698
589
452
309
184
87
11
-59
-128
-187
-234
-276
-334
-410
-492
-555
-599
-651
-729
-843
-973
-1094
-1195
-1284
-1365
-1427
-1448
-1425
-1385
-1363
-1373
-1397
-1408
-1400
-1389
-1387
-1387
-1358
-1290
-1194
-1116
-1069
-1031
-972
-878
-776
-692
-623
-537
-407
-232
-43
132
293
451
609
746
839
896
951
1039
1163
1288
1370
1390
1366
1327
1292
1270
1263
1278
1314
1367
1409
1417
1384
1336
1317
1334
1371
1389
1362
1294
1204
1118
1041
962
873
780
686
572
417
215
-4
-193
-325
-406
-464
-528
-604
-682
-757
-840
-940
-1043
-1115
-1130
-1105
-1091
-1122
-1204
-1297
-1363
-1406
-1437
-1467
-1490
-1491
-1488
-1513
-1579
-1653
-1676
-1613
-1479
-1328
-1195
-1084
-983
-897
-834
-794
-749
-656
-498
-301
-118
23
138
245
352
449
530
615
733
889
1054
1187
1269
1313
1355
1420
1496
1561
1608
1645
1682
1710
1707
1666
1604
1546
1508
1467
1399
1299
1185
1083
996
915
829
741
665
608
558
502
437
368
298
217
113
-19
-166
-299
-412
-507
-594
-688
-786
-890
-1002
-1116
-1219
-1296
-1342
-1364
-1374
-1383
-1390
-1391
-1390
-1386
-1381
-1373
-1362
-1344
-1323
-1301
-1276
-1252
-1223
-1186
-1133
-1063
-975
-877
-783
-706
-642
-578
-498
-390
-258
-112
43
192
318
420
505
583
670
769
877
989
1091
1180
1250
1300
1335
1363
1385
1406
1423
1429
1431
1434
1435
1428
1407
1367
1318
1261
1192
1116
1033
947
876
810
735
647
541
423
309
200
89
-12
-100
-167
-221
-283
-360
-454
-562
-668
-766
-847
-906
-938
-956
-976
-1013
-1083
-1173
-1254
-1309
-1322
-1294
-1240
-1184
-1141
-1127
-1138
-1157
-1165
-1142
-1080
-983
-869
-766
-692
-653
-633
-613
-575
-506
-408
-291
-170
-63
12
66
110
170
255
359
466
564
643
705
760
817
877
943
1014
1084
1142
1178
1188
1181
1170
1169
1180
1198
1207
1192
1148
1078
996
920
859
817
774
723
660
576
475
369
265
173
100
44
-8
-70
-153
-259
-373
-475
-554
-604
-631
-654
-685
-731
-792
-854
-914
-957
-973
-967
-941
-913
-904
-905
-920
-938
-934
-912
-863
-795
-732
-679
-651
-642
-623
-588
-521
-435
-347
-267
-205
-159
-127
-93
-47
19
103
195
278
347
389
411
424
444
488
554
631
701
745
768
776
775
779
783
800
836
868
889
882
845
800
755
721
695
670
650
619
577
518
439
355
279
212
159
110
54
-17
-97
-182
-265
-340
-409
-468
-514
-554
-597
-652
-714
-768
-809
-827
-829
-829
-828
-829
-830
-828
-828
-820
-794
-753
-695
-639
-596
-567
-546
-519
-472
-407
-332
-254
-188
-134
-92
-53
-15
30
86
154
224
283
324
345
359
385
423
470
517
555
590
623
643
648
639
639
657
685
714
725
720
711
699
687
668
639
619
616
616
605
571
515
459
407
362
315
261
208
162
115
62
-8
-91
-176
-245
-298
-347
-404
-464
-530
-590
-646
-704
-755
-801
-838
-862
-885
-906
-926
-947
-953
-949
-936
-914
-890
-855
-814
-770
-720
-675
-624
-566
-505
-438
-370
-298
-223
-149
-78
-15
46
110
177
246
309
367
424
482
542
597
640
677
711
750
783
809
829
845
863
878
883
884
877
867
859
845
830
811
793
772
750
718
680
637
591
547
498
444
388
329
265
197
125
51
-21
-95
-173
-249
-324
-397
-471
-546
-613
-679
-738
-793
-847
-893
-935
-969
-996
-1021
-1039
-1054
-1064
-1063
-1057
-1048
-1028
-1002
-970
-936
-902
-858
-810
-755
-692
-628
-560
-484
-410
-333
-254
-178
-101
-21
59
138
216
289
360
429
497
565
629
687
744
798
851
899
938
974
1003
1029
1054
1071
1081
1085
1082
1077
1070
1052
1028
996
961
923
877
827
774
714
652
585
516
444
366
288
209
127
48
-32
-113
-195
-276
-355
-432
-507
-581
-651
-720
-785
-842
-899
-951
-994
-1033
-1064
-1091
-1111
-1125
-1134
-1134
-1130
-1117
-1096
-1066
-1033
-995
-954
-910
-861
-808
-751
-689
-625
-557
-493
-426
-356
-282
-207
-131
-55
23
100
174
248
321
395
467
539
609
674
735
787
838
881
920
957
990
1020
1046
1066
1078
1082
1081
1076
1067
1055
1043
1027
1002
969
926
881
828
772
715
660
603
540
471
397
313
228
146
64
-15
-95
-174
-251
-330
-411
-495
-576
-654
-724
-783
-836
-883
-928
-972
-1013
-1052
-1086
-1111
-1128
-1137
-1136
-1132
-1122
-1106
-1088
-1060
-1026
-986
-941
-890
-834
-772
-710
-645
-579
-512
-439
-364
-288
-212
-137
-60
15
85
154
228
300
369
435
501
565
626
685
739
791
839
882
924
960
993
1017
1035
1050
1057
1059
1059
1053
1040
1019
992
965
932
896
854
807
757
703
643
581
514
446
373
295
218
140
64
-10
-88
-164
-238
-309
-379
-448
-514
-575
-629
-682
-734
-780
-824
-855
-885
-915
-937
-954
-964
-967
-969
-965
-955
-940
-915
-889
-860
-827
-792
-748
-704
-658
-605
-554
-497
-437
-382
-323
-265
-206
-147
-92
-37
20
77
130
183
232
284
340
392
436
480
519
561
599
631
664
691
717
742
760
773
787
795
802
802
796
788
775
758
737
708
680
648
612
575
531
484
435
381
328
275
222
172
115
57
1
-50
-100
-154
-209
-264
-310
-350
-393
-433
-474
-505
-531
-556
-575
-597
-616
-621
-627
-630
-635
-640
-630
-619
-609
-594
-581
-559
-532
-511
-484
-460
-431
-393
-361
-329
-296
-265
-228
-190
-156
-122
-87
-50
-15
18
49
80
110
139
166
193
221
248
271
292
316
336
356
371
384
404
416
426
435
437
441
444
445
447
441
434
433
427
418
404
383
366
346
326
303
275
250
225
197
170
139
109
79
49
19
-10
-40
-70
-101
-130
-158
-181
-204
-226
-249
-270
-284
-300
-316
-331
-345
-350
-350
-353
-356
-360
-361
-355
-351
-347
-339
-334
-319
-304
-290
-276
-261
-244
-224
-206
-191
-175
-154
-132
-110
-88
-68
-46
-24
-1
23
42
64
83
102
123
139
157
175
190
204
221
232
243
249
255
264
271
277
274
272
273
269
266
262
248
239
228
216
208
189
176
164
151
138
120
103
87
70
50
30
10
-4
-17
-33
-49
-66
-78
-92
-105
-116
-128
-137
-146
-152
-159
-167
-171
-174
-179
-181
-183
-179
-176
-176
-174
-174
-169
-162
-161
-158
-151
-142
-131
-123
-113
-103
-94
-81
-71
-61
-51
-39
-29
-17
-6
4
15
25
35
43
51
59
68
74
81
90
95
100
104
106
111
116
116
119
119
122
122
118
120
114
107
105
105
106
99
90
82
75
68
59
49
45
38
32
26
20
13
3
-6
-13
-21
-29
-36
-41
-47
-52
-58
-59
-61
-65
-71
-73
-74
-75
-75
-75
-77
-78
-80
-82
-82
-81
-78
-75
-70
-68
-64
-60
-57
-54
-50
-48
-44
-41
-36
-31
-25
-18
-11
-7
0
6
12
19
23
28
31
36
44
50
54
57
58
62
63
66
65
64
65
65
63
63
61
60
56
51
49
48
45
39
35
31
26
20
18
18
19
14
6
1
-6
-11
-17
-21
-24
-29
-31
-33
-35
-39
-41
-42
-45
-47
-47
-47
-44
-45
-49
-48
-46
-45
-43
-42
-39
-36
-37
-32
-28
-24
-21
-20
-15
-13
-14
-12
-7
-3
-1
1
4
7
9
11
14
17
18
20
22
24
25
28
31
33
33
30
30
29
27
28
29
30
31
32
34
34
30
28
28
27
24
21
22
20
15
14
14
12
9
5
4
1
-2
-5
-4
-5
-8
-10
-10
-13
-19
-23
-19
-20
-24
-29
-30
-29
-31
-32
-33
-34
-38
-40
-37
-34
-33
-34
-31
-31
-30
-31
-29
-26
-28
-27
-24
-19
-15
-14
-11
-6
-4
-5
-1
2
5
7
9
14
19
22
23
24
25
27
27
28
32
34
36
40
44
42
42
47
47
45
42
41
39
37
37
35
32
29
27
26
21
18
15
11
9
4
1
-4
-7
-11
-15
-15
-18
-23
-23
-24
-26
-31
-35
-36
-37
-40
-38
-37
-37
-41
-43
-42
-41
-40
-42
-39
-39
-40
-40
-38
-36
-34
-32
-27
-24
-23
-24
-22
-19
-16
-11
-4
-1
1
3
6
9
11
13
19
23
25
25
27
31
32
32
36
41
41
38
42
44
42
43
44
47
47
45
48
47
46
43
42
43
41
37
36
33
28
25
22
20
17
11
6
5
2
-3
-7
-10
-14
-21
-25
-29
-33
-36
-40
-44
-47
-48
-48
-49
-50
-51
-52
-53
-53
-55
-52
-48
-49
-52
-50
-47
-46
-45
-42
-36
-35
-37
-33
-26
-22
-19
-15
-9
-5
-7
-3
1
3
3
6
13
19
22
26
33
36
35
38
43
47
45
45
51
52
52
51
51
53
52
51
52
52
50
46
48
48
44
39
39
38
35
31
29
29
25
20
17
14
9
3
3
5
0
-7
-12
-18
-24
-28
-28
-30
-34
-40
-40
-39
-47
-52
-53
-55
-57
-59
-54
-54
-57
-59
-59
-58
-59
-57
-51
-45
-43
-41
-37
-34
-30
-29
-28
-23
-19
-17
-12
-6
-1
0
1
7
10
15
21
27
32
31
34
37
39
39
40
44
49
48
46
47
48
44
45
47
47
45
42
42
45
44
40
36
35
31
29
29
27
23
20
17
15
12
8
5
3
-1
-2
-4
-9
-13
-19
-21
-21
-22
-25
-28
-31
-34
-36
-37
-37
-37
-39
-40
-40
-42
-40
-39
-40
-40
-38
-36
-36
-34
-33
-30
-28
-29
-26
-22
-22
-21
-18
-15
-12
-9
-7
-4
-2
-3
1
7
9
10
14
17
19
20
20
23
24
25
29
31
34
35
36
38
41
40
37
36
36
33
30
31
32
28
27
28
26
25
26
23
23
18
14
14
16
14
6
0
-3
-7
-13
-17
-20
-24
-31
-33
-36
-41
-46
-56
-62
-62
-63
-63
-67
-73
-75
-76
-75
-73
-79
-79
-74
-70
-62
-58
-57
-58
-62
-55
-44
-42
-44
-39
-31
-21
-14
-1
11
5
-6
-2
14
28
37
46
52
54
56
59
51
42
50
62
75
105
138
138
85
39
44
59
80
128
172
168
119
79
63
51
53
81
104
109
124
143
112
37
-15
-29
-25
10
86
141
107
12
-61
-95
-109
-83
-16
34
18
-30
-68
-102
-144
-162
-136
-96
-72
-58
-52
-78
-132
-175
-180
-157
-123
-81
-47
-53
-88
-126
-143
-137
-111
-73
-40
-30
-40
-56
-70
-74
-57
-28
0
18
28
28
19
20
30
44
59
81
104
113
110
109
104
93
90
107
130
146
154
154
136
108
91
95
108
117
124
120
101
71
46
39
39
38
37
33
17
-2
-17
-29
-41
-51
-51
-46
-44
-52
-60
-74
-93
-101
-96
-86
-76
-75
-80
-91
-102
-99
-89
-77
-67
-61
-62
-65
-65
-60
-52
-40
-30
-23
-20
-20
-22
-21
-19
-13
-1
8
14
18
17
15
15
17
21
27
31
37
41
38
35
33
33
36
40
43
45
43
42
41
41
43
44
43
42
39
36
32
28
25
22
22
22
20
17
13
7
1
-3
-3
-1
0
0
-3
-7
-13
-18
-19
-18
-18
-17
-18
-18
-22
-27
-24
-24
-21
-17
-16
-17
-20
-22
-21
-21
-18
-14
-14
-16
-19
-20
-21
-21
-16
-12
-12
-13
-14
-15
-14
-12
-9
-8
-7
-5
-5
-5
-3
-2
-1
0
2
4
4
4
5
8
11
13
13
14
14
13
14
15
15
14
16
16
18
16
13
15
15
14
14
11
11
10
11
10
8
9
8
6
5
5
4
5
2
-1
-4
-4
-2
-2
-4
-5
-6
-7
-8
-8
-6
-6
-7
-8
-8
-9
-12
-11
-9
-10
-12
-13
-13
-14
-15
-15
-13
-11
-11
-10
-9
-8
-11
-11
-10
-10
-8
-9
-5
-4
-5
-5
-4
-3
-5
-3
-1
3
4
3
4
5
5
5
7
7
10
11
11
13
13
13
14
18
19
17
20
21
18
16
15
18
16
15
15
17
18
15
13
12
8
8
8
7
5
2
0
-1
-3
-6
-8
-7
-7
-10
-10
-11
-14
-15
-16
-16
-17
-18
-17
-18
-18
-20
-21
-18
-20
-21
-22
-20
-18
-16
-15
-13
-12
