4
4
0
-2
-2
1
2
1
1
1
1
2
4
5
6
5
2
-1
-1
1
1
3
5
5
5
6
8
7
4
2
0
0
1
2
4
3
4
5
7
8
6
6
4
4
4
1
-3
-5
-6
-8
-7
-5
-2
-2
0
-1
0
-4
-4
-3
-6
-8
-11
-10
-8
-6
-4
-6
-5
-6
1
9
11
12
10
4
-2
-5
-8
-7
-7
-5
-4
-2
-1
-2
0
3
1
2
2
2
2
2
4
5
2
1
-1
0
1
1
-1
0
0
-1
0
1
-1
-1
-1
1
3
3
1
1
0
-1
-3
-3
-3
-1
0
3
6
7
5
4
3
3
2
1
0
-1
-1
-2
-4
-3
-2
-3
-1
1
1
2
1
1
-2
-4
-4
-5
-5
-4
-1
2
3
4
3
4
2
3
3
0
-2
-2
-2
0
-2
-1
1
2
1
-2
-1
-4
-3
-2
-2
-3
0
2
5
8
7
6
5
6
6
10
10
8
8
8
8
7
8
7
1
-1
-1
0
3
3
5
5
5
1
-2
-4
-5
-5
-9
-11
-13
-13
-15
-15
-19
-21
-21
-22
-19
-19
-17
-29
-41
-37
-43
-42
-49
-61
-56
-54
-48
-39
-31
-9
10
31
45
76
102
108
118
118
128
145
143
149
152
160
192
205
215
223
218
244
257
247
240
220
220
227
208
191
171
152
137
102
69
40
6
-28
-59
-79
-104
-132
-162
-191
-210
-242
-264
-272
-286
-282
-263
-216
-144
-78
2
109
239
355
468
591
673
711
669
568
441
204
-124
-517
-912
-1381
-1848
-2240
-2554
-2748
-2855
-2857
-2741
-2501
-2198
-1861
-1498
-1110
-739
-425
-157
97
325
510
663
829
1017
1203
1367
1537
1723
1889
1997
2063
2104
2106
2042
1910
1760
1601
1407
1192
985
813
674
548
453
408
396
399
412
441
477
495
490
467
429
365
273
163
44
-75
-202
-327
-434
-522
-599
-673
-735
-781
-824
-885
-954
-1014
-1067
-1126
-1179
-1202
-1191
-1160
-1112
-1037
-930
-812
-700
-586
-458
-332
-228
-127
1
154
313
486
705
958
1205
1413
1594
1733
1773
1685
1486
1193
788
258
-348
-964
-1575
-2180
-2730
-3148
-3415
-3555
-3571
-3421
-3114
-2721
-2289
-1806
-1276
-757
-307
86
462
794
1046
1241
1437
1646
1823
1971
2145
2360
2563
2718
2847
2970
3041
3005
2881
2703
2456
2109
1682
1236
806
381
-31
-371
-595
-722
-774
-737
-589
-368
-137
83
301
497
618
647
610
531
387
176
-57
-282
-497
-714
-920
-1077
-1185
-1276
-1358
-1415
-1442
-1462
-1498
-1530
-1538
-1524
-1509
-1488
-1436
-1344
-1239
-1131
-1006
-853
-699
-569
-455
-342
-227
-131
-48
63
219
389
574
815
1124
1461
1754
1996
2204
2327
2305
2131
1844
1434
856
148
-587
-1284
-1966
-2626
-3178
-3541
-3727
-3774
-3648
-3322
-2859
-2359
-1835
-1247
-627
-70
376
753
1098
1386
1589
1753
1930
2099
2218
2322
2474
2666
2823
2908
2964
3001
2977
2855
2651
2389
2045
1604
1114
636
192
-238
-634
-933
-1093
-1126
-1058
-884
-605
-274
54
356
631
843
938
905
780
595
337
13
-326
-643
-933
-1205
-1424
-1559
-1633
-1689
-1729
-1730
-1697
-1674
-1676
-1669
-1642
-1630
-1640
-1636
-1588
-1520
-1460
-1386
-1265
-1104
-950
-802
-636
-440
-250
-76
124
373
646
906
1182
1534
1930
2281
2538
2736
2871
2873
2694
2374
1948
1364
601
-229
-991
-1690
-2394
-3055
-3531
-3777
-3858
-3796
-3532
-3087
-2595
-2119
-1581
-940
-310
172
532
875
1199
1445
1634
1837
2032
2142
2186
2293
2506
2719
2828
2863
2906
2953
2939
2848
2696
2454
2070
1581
1093
646
177
-350
-845
-1203
-1407
-1488
-1443
-1258
-970
-650
-297
107
515
819
973
1024
1005
889
654
346
22
-324
-697
-1045
-1302
-1485
-1649
-1787
-1853
-1851
-1833
-1833
-1821
-1776
-1738
-1735
-1745
-1725
-1691
-1676
-1666
-1612
-1509
-1393
-1287
-1161
-987
-780
-557
-311
-24
297
626
970
1373
1837
2295
2671
2937
3134
3258
3254
3083
2756
2283
1634
834
6
-752
-1468
-2199
-2884
-3391
-3676
-3790
-3740
-3490
-3081
-2646
-2226
-1728
-1127
-538
-78
275
603
896
1125
1333
1578
1822
1980
2072
2218
2451
2683
2837
2934
3017
3063
3027
2932
2796
2562
2173
1667
1145
649
137
-404
-890
-1250
-1473
-1566
-1501
-1264
-907
-510
-80
396
865
1223
1418
1484
1444
1274
963
569
137
-326
-812
-1252
-1583
-1817
-1998
-2137
-2195
-2177
-2129
-2075
-2013
-1942
-1899
-1903
-1920
-1919
-1904
-1902
-1905
-1870
-1793
-1697
-1601
-1477
-1299
-1082
-841
-560
-223
168
589
1055
1598
2190
2752
3213
3582
3861
4006
3972
3741
3318
2692
1872
951
32
-857
-1747
-2608
-3329
-3832
-4119
-4219
-4112
-3816
-3413
-2969
-2453
-1839
-1196
-630
-168
256
662
1017
1318
1612
1906
2152
2324
2483
2693
2928
3128
3284
3419
3533
3587
3567
3492
3337
3040
2584
2019
1411
768
95
-570
-1174
-1672
-2030
-2210
-2186
-1974
-1638
-1220
-734
-212
288
704
994
1141
1130
966
687
338
-67
-520
-989
-1415
-1764
-2031
-2215
-2309
-2326
-2293
-2236
-2155
-2041
-1922
-1836
-1799
-1787
-1778
-1789
-1822
-1834
-1796
-1724
-1643
-1544
-1381
-1148
-883
-593
-258
136
560
1003
1499
2091
2740
3342
3839
4246
4573
4749
4707
4449
3996
3319
2393
1320
255
-768
-1809
-2846
-3721
-4324
-4689
-4863
-4790
-4452
-3975
-3480
-2923
-2222
-1459
-808
-302
162
621
995
1279
1562
1865
2090
2199
2316
2538
2797
2980
3107
3247
3386
3454
3458
3444
3354
3083
2622
2074
1502
851
96
-679
-1384
-2003
-2516
-2840
-2903
-2749
-2466
-2063
-1496
-812
-130
460
953
1339
1544
1526
1347
1084
723
230
-323
-818
-1225
-1583
-1884
-2055
-2083
-2050
-2002
-1898
-1722
-1553
-1459
-1419
-1384
-1376
-1442
-1551
-1631
-1671
-1711
-1737
-1691
-1568
-1399
-1192
-903
-524
-103
341
835
1388
1976
2605
3263
3873
4340
4659
4886
4974
4823
4410
3799
2983
1919
723
-418
-1476
-2559
-3632
-4482
-4995
-5269
-5360
-5164
-4679
-4098
-3549
-2917
-2107
-1276
-637
-163
304
761
1111
1374
1655
1940
2090
2105
2159
2349
2577
2699
2752
2859
3026
3159
3225
3253
3205
2968
2518
1990
1460
842
59
-792
-1537
-2129
-2598
-2898
-2947
-2760
-2436
-1982
-1337
-543
225
849
1350
1751
1978
1968
1772
1471
1049
487
-126
-653
-1081
-1462
-1773
-1937
-1950
-1898
-1821
-1682
-1483
-1313
-1236
-1219
-1214
-1248
-1365
-1541
-1696
-1793
-1865
-1912
-1876
-1731
-1510
-1248
-912
-475
11
504
1018
1600
2257
2934
3596
4173
4604
4897
5073
5075
4799
4248
3492
2515
1308
27
-1149
-2276
-3481
-4623
-5417
-5834
-6057
-6072
-5715
-5073
-4428
-3809
-2987
-1980
-1116
-537
-41
508
966
1238
1481
1797
2043
2097
2101
2254
2518
2714
2802
2916
3121
3336
3473
3572
3657
3626
3371
2945
2497
2002
1315
438
-444
-1197
-1874
-2488
-2899
-3008
-2896
-2653
-2204
-1486
-637
151
843
1499
2049
2343
2369
2234
1971
1518
886
217
-401
-988
-1539
-1967
-2211
-2323
-2368
-2320
-2145
-1906
-1700
-1553
-1448
-1397
-1432
-1552
-1709
-1885
-2064
-2206
-2273
-2246
-2131
-1926
-1621
-1218
-730
-182
403
1017
1654
2346
3096
3851
4494
4928
5211
5392
5382
5060
4448
3638
2603
1306
-74
-1316
-2471
-3702
-4890
-5714
-6113
-6281
-6245
-5849
-5132
-4374
-3664
-2795
-1735
-790
-162
309
816
1257
1495
1640
1853
2044
2056
1995
2093
2358
2582
2703
2859
3117
3372
3549
3710
3870
3886
3654
3260
2823
2318
1627
761
-142
-990
-1771
-2441
-2883
-3065
-3052
-2867
-2452
-1778
-961
-141
636
1339
1902
2251
2390
2336
2075
1587
935
222
-490
-1174
-1792
-2286
-2630
-2825
-2873
-2778
-2568
-2305
-2045
-1821
-1637
-1516
-1479
-1544
-1691
-1874
-2053
-2193
-2248
-2216
-2097
-1888
-1554
-1085
-531
74
708
1378
2038
2691
3402
4150
4788
5191
5437
5620
5646
5356
4767
4017
3057
1778
333
-969
-2105
-3324
-4589
-5539
-5991
-6174
-6244
-5999
-5331
-4523
-3835
-3094
-2091
-1081
-421
-36
403
874
1108
1122
1214
1442
1553
1498
1570
1904
2263
2452
2644
3026
3440
3665
3780
3963
4084
3901
3460
2997
2517
1776
793
-164
-977
-1781
-2597
-3163
-3354
-3326
-3193
-2802
-2033
-1103
-251
541
1389
2160
2618
2769
2767
2625
2192
1495
751
79
-596
-1328
-1947
-2323
-2529
-2682
-2728
-2557
-2268
-2032
-1877
-1688
-1494
-1442
-1547
-1686
-1810
-1992
-2209
-2330
-2284
-2151
-1982
-1697
-1238
-656
-63
554
1215
1871
2461
3005
3620
4258
4757
5014
5134
5223
5145
4782
4159
3407
2445
1162
-234
-1459
-2504
-3653
-4840
-5676
-6031
-6137
-6159
-5833
-5102
-4302
-3658
-2954
-1954
-998
-430
-137
220
626
787
777
864
1089
1217
1221
1407
1852
2328
2646
2950
3395
3825
4077
4196
4320
4330
4036
3515
2938
2344
1540
541
-422
-1256
-2004
-2704
-3125
-3175
-2993
-2674
-2137
-1271
-279
633
1451
2233
2879
3181
3187
3020
2691
2099
1283
450
-322
-1067
-1802
-2383
-2718
-2891
-2969
-2934
-2719
-2420
-2172
-1991
-1837
-1728
-1755
-1892
-2078
-2278
-2502
-2708
-2788
-2721
-2503
-2169
-1715
-1161
-537
160
884
1586
2204
2772
3308
3809
4275
4672
4948
5012
4916
4711
4369
3812
3037
2129
1077
-110
-1311
-2378
-3343
-4318
-5187
-5721
-5856
-5774
-5545
-5045
-4281
-3478
-2775
-2041
-1221
-530
-144
79
375
672
806
850
1005
1270
1487
1691
2043
2543
2997
3335
3679
4079
4393
4496
4446
4291
3972
3430
2734
1982
1151
211
-748
-1572
-2209
-2686
-2987
-3030
-2788
-2329
-1689
-879
52
960
1738
2393
2905
3174
3131
2828
2353
1705
898
33
-769
-1492
-2152
-2678
-2980
-3085
-3083
-3002
-2811
-2529
-2256
-2059
-1936
-1878
-1922
-2084
-2311
-2531
-2724
-2887
-2970
-2896
-2635
-2217
-1690
-1055
-314
475
1245
1964
2653
3285
3795
4193
4540
4842
4993
4953
4787
4554
4175
3552
2766
1913
969
-130
-1274
-2275
-3141
-3981
-4724
-5149
-5229
-5154
-4977
-4552
-3859
-3150
-2565
-1970
-1289
-709
-398
-206
59
314
417
473
695
1037
1331
1601
2017
2566
3044
3400
3747
4108
4331
4347
4251
4078
3732
3151
2448
1706
884
-36
-951
-1722
-2350
-2846
-3118
-3088
-2780
-2281
-1592
-705
271
1190
1989
2680
3183
3393
3283
2951
2454
1758
889
-27
-874
-1650
-2355
-2899
-3205
-3306
-3304
-3196
-2933
-2563
-2228
-2010
-1858
-1770
-1806
-2007
-2271
-2505
-2733
-2942
-3060
-2932
-2609
-2167
-1602
-916
-89
716
1514
2282
2985
3597
4033
4445
4775
5028
5095
4966
4784
4436
3986
3318
2545
1696
686
-349
-1411
-2298
-3145
-3968
-4617
-5029
-5099
-5070
-4844
-4406
-3805
-3153
-2605
-1957
-1343
-852
-576
-394
-124
59
209
345
633
990
1287
1672
2146
2718
3166
3541
3932
4237
4433
4428
4371
4151
3687
3066
2335
1595
679
-275
-1154
-1920
-2543
-3042
-3189
-3068
-2752
-2241
-1496
-513
430
1302
2112
2830
3301
3405
3293
2978
2451
1649
717
-179
-1062
-1908
-2670
-3167
-3407
-3508
-3480
-3286
-2891
-2472
-2150
-1900
-1687
-1576
-1670
-1903
-2141
-2395
-2698
-2969
-3043
-2869
-2584
-2183
-1624
-873
-15
836
1720
2531
3250
3812
4270
4703
5025
5242
5206
4999
4708
4376
3964
3277
2448
1511
512
-569
-1626
-2452
-3225
-4008
-4698
-4995
-4917
-4772
-4536
-4100
-3451
-2885
-2458
-1926
-1321
-889
-771
-678
-432
-209
-111
12
359
772
1092
1462
2055
2756
3300
3694
4094
4479
4668
4623
4468
4190
3665
2892
2039
1199
296
-681
-1622
-2387
-2952
-3313
-3399
-3200
-2743
-2090
-1249
-258
771
1734
2551
3187
3569
3651
3460
3023
2357
1473
484
-484
-1375
-2176
-2845
-3272
-3449
-3437
-3277
-2953
-2481
-2022
-1662
-1398
-1202
-1129
-1289
-1593
-1965
-2365
-2790
-3153
-3277
-3183
-2911
-2499
-1908
-1103
-201
764
1695
2540
3288
3891
4425
4865
5214
5397
5304
5037
4660
4248
3675
2882
1981
983
-69
-1147
-2066
-2811
-3548
-4245
-4718
-4795
-4659
-4444
-4063
-3494
-2888
-2429
-1970
-1420
-952
-754
-732
-614
-433
-340
-292
-89
294
677
1052
1589
2305
2997
3528
3994
4476
4823
4894
4745
4503
4106
3421
2540
1610
686
-327
-1364
-2212
-2846
-3298
-3580
-3530
-3119
-2509
-1759
-862
184
1187
2016
2695
3216
3479
3379
3006
2458
1728
791
-221
-1119
-1889
-2555
-3077
-3314
-3276
-3087
-2785
-2349
-1816
-1365
-1079
-908
-844
-947
-1259
-1689
-2149
-2632
-3085
-3399
-3469
-3289
-2929
-2403
-1706
-823
187
1214
2181
3018
3734
4294
4736
5113
5406
5505
5316
4994
4651
4255
3660
2861
1998
1040
-36
-1103
-1974
-2700
-3487
-4247
-4696
-4744
-4638
-4492
-4152
-3595
-3051
-2660
-2228
-1683
-1264
-1172
-1197
-1061
-868
-802
-751
-462
19
465
918
1589
2433
3157
3682
4201
4731
5033
4983
4758
4459
3934
3094
2115
1179
207
-881
-1896
-2635
-3129
-3499
-3641
-3394
-2830
-2135
-1313
-278
832
1771
2490
3095
3530
3598
3292
2804
2205
1396
415
-500
-1214
-1816
-2358
-2689
-2702
-2505
-2259
-1946
-1495
-1027
-729
-628
-621
-705
-995
-1502
-2069
-2600
-3110
-3579
-3859
-3824
-3541
-3098
-2482
-1647
-640
411
1424
2372
3212
3890
4402
4829
5202
5429
5397
5145
4832
4478
3965
3223
2360
1446
407
-716
-1720
-2510
-3258
-4072
-4709
-4937
-4884
-4780
-4553
-4045
-3417
-2925
-2516
-1979
-1425
-1157
-1167
-1133
-955
-856
-873
-733
-306
210
682
1284
2149
3052
3746
4297
4865
5334
5473
5303
4993
4520
3733
2694
1627
609
-470
-1587
-2522
-3176
-3615
-3849
-3733
-3240
-2531
-1720
-759
359
1445
2319
2991
3490
3700
3512
3037
2453
1764
910
-13
-818
-1446
-1964
-2327
-2404
-2212
-1928
-1647
-1295
-856
-481
-312
-334
-503
-858
-1409
-2041
-2650
-3247
-3828
-4256
-4386
-4210
-3808
-3190
-2352
-1344
-252
864
1934
2853
3582
4173
4703
5154
5434
5488
5314
4994
4595
4097
3427
2556
1538
429
-692
-1709
-2560
-3337
-4129
-4814
-5172
-5178
-4997
-4680
-4158
-3500
-2893
-2372
-1813
-1266
-958
-939
-969
-889
-804
-782
-654
-284
230
776
1441
2314
3244
4032
4671
5248
5709
5889
5754
5390
4816
3981
2913
1750
588
-579
-1715
-2680
-3370
-3776
-3918
-3758
-3281
-2551
-1648
-624
451
1458
2286
2910
3315
3436
3246
2806
2204
1490
699
-82
-767
-1328
-1769
-2039
-2072
-1907
-1669
-1416
-1132
-841
-648
-626
-756
-1018
-1440
-1998
-2589
-3128
-3622
-4080
-4385
-4418
-4176
-3736
-3116
-2305
-1344
-309
740
1759
2661
3376
3930
4432
4909
5270
5427
5382
5210
4941
4530
3934
3133
2144
993
-227
-1371
-2381
-3317
-4218
-4960
-5373
-5430
-5223
-4810
-4196
-3470
-2765
-2107
-1442
-849
-514
-471
-556
-625
-686
-744
-681
-424
-16
502
1212
2161
3200
4134
4895
5524
5987
6178
6060
5657
4960
3950
2706
1388
110
-1122
-2286
-3273
-3958
-4294
-4294
-3963
-3313
-2426
-1413
-352
710
1686
2461
2966
3205
3188
2895
2359
1672
947
237
-432
-1000
-1408
-1640
-1711
-1623
-1396
-1114
-884
-737
-657
-652
-768
-1028
-1401
-1871
-2401
-2936
-3394
-3739
-3979
-4069
-3954
-3612
-3086
-2411
-1601
-713
169
974
1720
2395
2970
3449
3907
4411
4858
5154
5285
5328
5247
4920
4329
3515
2520
1282
-100
-1422
-2587
-3673
-4730
-5535
-5906
-5874
-5578
-5000
-4119
-3121
-2222
-1453
-711
-109
136
8
-254
-481
-714
-926
-956
-702
-256
325
1128
2188
3321
4298
5067
5663
6037
6062
5718
5048
4073
2821
1418
44
-1210
-2320
-3237
-3858
-4125
-4033
-3595
-2868
-1966
-1007
-36
913
1732
2310
2625
2724
2611
2272
1790
1285
803
321
-111
-373
-459
-475
-477
-411
-264
-167
-211
-371
-580
-876
-1293
-1736
-2116
-2434
-2767
-3063
-3208
-3212
-3157
-3066
-2875
-2594
-2302
-2008
-1651
-1197
-732
-314
116
588
1136
1766
2543
3460
4363
5159
5759
6198
6379
6194
5590
4529
3107
1380
-436
-2189
-3778
-5162
-6279
-6952
-7106
-6718
-5904
-4756
-3423
-2113
-962
-51
614
923
789
279
-399
-1036
-1536
-1798
-1711
-1225
-411
651
1946
3396
4771
5817
6453
6722
6617
6082
5141
3901
2481
966
-501
-1723
-2590
-3102
-3305
-3183
-2744
-2060
-1255
-451
268
823
1189
1370
1395
1301
1118
898
677
504
435
494
653
837
1014
1162
1240
1172
914
494
-54
-703
-1422
-2126
-2707
-3120
-3350
-3401
-3249
-2912
-2482
-2042
-1661
-1350
-1176
-1201
-1417
-1768
-2135
-2454
-2671
-2719
-2565
-2203
-1657
-882
211
1639
3246
4755
6010
6945
7536
7650
7194
6184
4665
2720
518
-1577
-3282
-4593
-5629
-6333
-6496
-6070
-5246
-4176
-2896
-1569
-520
79
353
412
149
-497
-1292
-1891
-2187
-2189
-1763
-782
628
2156
3654
5092
6298
6971
6974
6420
5432
4071
2474
919
-412
-1481
-2229
-2521
-2304
-1730
-983
-163
606
1140
1335
1245
934
391
-341
-1053
-1550
-1778
-1748
-1405
-737
113
974
1792
2535
3051
3159
2848
2234
1367
262
-945
-2028
-2872
-3497
-3858
-3833
-3432
-2839
-2197
-1524
-876
-421
-261
-327
-539
-915
-1459
-2023
-2447
-2708
-2822
-2718
-2347
-1815
-1265
-732
-132
603
1509
2559
3591
4391
4875
5140
5227
5046
4513
3621
2370
833
-679
-1817
-2583
-3285
-4013
-4488
-4491
-4138
-3562
-2747
-1826
-1203
-1053
-1058
-923
-835
-1084
-1489
-1613
-1337
-783
95
1427
2968
4241
5123
5837
6368
6352
5583
4275
2744
1122
-434
-1621
-2283
-2548
-2523
-2098
-1211
-110
849
1496
1787
1682
1221
580
-83
-766
-1433
-1877
-1902
-1528
-890
-55
903
1776
2365
2661
2721
2456
1761
777
-214
-1086
-1868
-2493
-2808
-2796
-2605
-2295
-1824
-1274
-902
-819
-882
-951
-1084
-1343
-1603
-1707
-1660
-1543
-1323
-939
-471
-84
152
281
265
17
-404
-707
-590
-18
816
1719
2624
3494
4172
4501
4410
3831
2642
900
-951
-2392
-3304
-3914
-4328
-4368
-3936
-3180
-2214
-1051
90
716
559
-77
-748
-1388
-2108
-2769
-3031
-2736
-1926
-523
1512
3818
5749
6949
7510
7530
6858
5412
3409
1171
-1028
-2850
-3870
-3942
-3346
-2443
-1356
-121
1064
1935
2343
2205
1476
324
-810
-1529
-1789
-1708
-1288
-480
597
1726
2768
3581
3875
3434
2418
1222
51
-1097
-2127
-2794
-2989
-2800
-2301
-1512
-649
-73
48
-152
-519
-1089
-1838
-2545
-2990
-3121
-2914
-2274
-1242
-133
753
1365
1750
1846
1540
886
32
-926
-1854
-2409
-2185
-1101
492
2123
3548
4660
5259
5094
4112
2435
188
-2421
-4832
-6299
-6536
-5913
-4885
-3506
-1752
15
1324
2114
2478
2179
910
-993
-2705
-3775
-4313
-4341
-3570
-1975
8
2044
4163
6205
7519
7601
6662
5237
3574
1748
47
-1179
-1857
-2013
-1539
-428
890
1821
2110
1842
1134
127
-920
-1794
-2486
-2953
-2865
-1939
-343
1432
3036
4294
4955
4854
4171
3226
2036
445
-1292
-2549
-2968
-2723
-2089
-1166
-152
564
780
642
257
-552
-1880
-3358
-4450
-4912
-4770
-4046
-2816
-1367
-48
1024
1870
2365
2245
1468
308
-885
-1890
-2565
-2787
-2534
-1870
-768
845
2812
4595
5619
5663
4840
3330
1326
-890
-3003
-4786
-6037
-6432
-5736
-4186
-2414
-958
15
504
487
68
-476
-982
-1538
-2152
-2489
-2178
-1231
22
1322
2518
3406
3834
3923
3904
3773
3328
2545
1710
1140
948
1083
1403
1701
1825
1789
1698
1538
1163
499
-372
-1239
-1839
-1943
-1526
-830
-123
531
1215
1908
2455
2733
2709
2354
1687
914
336
30
-178
-432
-650
-710
-643
-537
-426
-388
-611
-1168
-1853
-2414
-2813
-3171
-3483
-3602
-3429
-2954
-2193
-1228
-289
381
735
872
848
628
228
-265
-749
-1122
-1275
-1174
-900
-478
219
1308
2618
3738
4325
4237
3464
2088
403
-1257
-2761
-4124
-5135
-5347
-4590
-3269
-1960
-970
-424
-435
-915
-1403
-1506
-1372
-1383
-1490
-1277
-561
463
1571
2651
3444
3658
3393
3131
3124
3119
2790
2179
1555
1086
856
901
1064
1028
655
183
-77
-104
-75
-146
-353
-610
-683
-294
501
1309
1797
2006
2150
2290
2395
2477
2457
2108
1367
570
89
-150
-466
-926
-1312
-1496
-1529
-1384
-998
-613
-659
-1248
-2029
-2674
-3190
-3652
-3939
-3885
-3462
-2685
-1522
-90
1194
1922
2039
1769
1287
675
38
-522
-945
-1215
-1212
-858
-173
760
1855
2932
3651
3734
3132
2002
488
-1209
-2771
-3921
-4563
-4683
-4180
-3084
-1822
-963
-768
-1127
-1829
-2635
-3128
-2916
-2049
-962
24
920
1786
2485
2844
2850
2552
2007
1440
1264
1732
2593
3319
3572
3370
2876
2186
1341
414
-534
-1429
-2094
-2261
-1823
-1044
-357
-10
57
41
104
347
824
1474
2155
2811
3518
4273
4815
4791
4063
2794
1299
-87
-1084
-1565
-1630
-1474
-1185
-748
-252
34
-167
-950
-2162
-3465
-4434
-4780
-4515
-3841
-2945
-1938
-927
-51
568
830
669
169
-350
-553
-347
106
588
971
1117
966
670
560
851
1444
2035
2381
2366
1923
1048
-158
-1489
-2793
-3963
-4808
-5049
-4545
-3529
-2499
-1870
-1770
-2139
-2773
-3301
-3279
-2547
-1414
-326
560
1348
2078
2639
2958
3055
2929
2620
2372
2536
3173
3869
4096
3673
2790
1737
731
-54
-529
-788
-999
-1169
-1128
-830
-539
-597
-1060
-1620
-1908
-1682
-841
514
2040
3317
4171
4722
5054
5035
4503
3521
2343
1246
481
210
354
576
545
219
-244
-733
-1253
-1837
-2493
-3192
-3799
-4059
-3816
-3200
-2538
-2068
-1789
-1592
-1352
-961
-412
117
378
332
178
106
74
-62
-314
-582
-723
-508
365
1931
3624
4606
4453
3342
1671
-258
-2113
-3524
-4385
-4851
-4913
-4290
-3030
-1848
-1526
-2159
-3270
-4383
-5095
-4894
-3527
-1536
103
936
1256
1418
1412
1253
1244
1596
2175
2894
3962
5400
6576
6693
5580
3749
1793
131
-864
-995
-515
9
258
310
227
-169
-993
-2016
-2830
-3112
-2643
-1337
550
2391
3585
3972
3773
3268
2668
2175
1920
1862
1920
2120
2465
2719
2501
1674
486
-681
-1544
-1969
-1984
-1825
-1808
-2073
-2476
-2801
-3001
-3122
-3162
-3012
-2570
-1818
-844
162
940
1246
989
346
-356
-874
-1157
-1277
-1293
-1193
-845
-29
1283
2657
3390
3090
1946
458
-947
-1960
-2421
-2508
-2584
-2749
-2707
-2304
-1911
-1997
-2577
-3337
-3986
-4194
-3518
-1874
-4
1047
922
126
-656
-1074
-969
-240
949
2178
3203
4153
5131
5768
5517
4318
2721
1403
725
759
1358
2079
2286
1640
423
-781
-1649
-2207
-2483
-2324
-1642
-569
646
1748
2444
2466
1858
1095
752
1065
1828
2624
3134
3196
2795
2063
1216
414
-329
-992
-1407
-1368
-899
-350
-161
-567
-1503
-2655
-3570
-3882
-3537
-2829
-2109
-1489
-905
-334
128
388
413
238
-2
-91
98
454
680
528
15
-521
-586
72
1133
1881
1815
982
-195
-1317
-2121
-2521
-2710
-2959
-3201
-3048
-2384
-1677
-1478
-1848
-2485
-3068
-3201
-2423
-719
1092
2005
1763
901
33
-515
-531
66
992
1802
2407
3052
3756
4116
3783
2864
1761
905
615
975
1673
2097
1854
1029
-19
-950
-1525
-1647
-1427
-1070
-622
3
734
1246
1304
1010
673
574
891
1655
2621
3289
3298
2716
1910
1158
517
-11
-396
-649
-825
-932
-965
-1044
-1389
-2046
-2762
-3196
-3170
-2721
-2047
-1430
-1100
-1058
-1084
-971
-654
-180
357
845
1205
1440
1570
1504
1130
482
-215
-589
-283
782
2135
2929
2621
1342
-334
-1882
-2950
-3366
-3302
-3171
-3138
-2914
-2339
-1809
-1846
-2438
-3161
-3632
-3528
-2504
-604
1325
2212
1796
733
-205
-636
-388
567
1887
2994
3634
4001
4208
4018
3219
2023
884
169
55
498
1117
1320
791
-253
-1305
-1971
-2079
-1659
-946
-259
244
636
944
1002
707
284
115
396
1085
2038
2983
3500
3300
2543
1704
1117
774
563
442
346
155
-162
-545
-985
-1581
-2324
-2956
-3193
-2987
-2511
-2009
-1664
-1568
-1660
-1711
-1502
-998
-329
339
899
1318
1563
1614
1441
1058
514
-19
-160
422
1613
2736
3104
2524
1234
-337
-1718
-2498
-2649
-2604
-2720
-2885
-2819
-2633
-2657
-2948
-3302
-3592
-3695
-3229
-1937
-219
1045
1313
751
-152
-900
-1056
-403
793
1951
2718
3177
3535
3814
3927
3793
3363
2723
2143
1872
1823
1615
973
-75
-1260
-2203
-2517
-2085
-1257
-563
-227
-93
14
79
71
80
197
421
799
1432
2249
2849
2848
2283
1552
1012
791
879
1133
1250
977
395
-157
-509
-787
-1146
-1548
-1872
-2055
-2069
-1927
-1793
-1879
-2180
-2412
-2290
-1796
-1120
-467
-14
155
151
152
245
347
347
258
188
336
874
1721
2448
2555
1924
842
-251
-1007
-1277
-1211
-1204
-1515
-2002
-2352
-2489
-2595
-2811
-3119
-3379
-3369
-2842
-1763
-480
475
758
417
-206
-672
-653
-121
659
1363
1861
2200
2493
2828
3207
3482
3470
3177
2816
2577
2428
2197
1757
1065
214
-564
-999
-1034
-869
-743
-749
-825
-864
-766
-502
-151
157
367
545
784
1090
1400
1603
1622
1479
1301
1198
1172
1126
937
543
10
-466
-716
-774
-815
-972
-1234
-1527
-1764
-1861
-1796
-1653
-1563
-1534
-1472
-1324
-1128
-947
-824
-789
-815
-787
-598
-284
15
184
217
189
249
525
939
1179
980
382
-293
-712
-750
-519
-288
-285
-543
-909
-1223
-1446
-1666
-2000
-2428
-2722
-2583
-1928
-988
-117
410
486
195
-126
-111
294
817
1193
1440
1706
2060
2509
3014
3409
3441
3039
2476
2094
1980
1936
1751
1371
856
327
-63
-208
-187
-201
-360
-581
-687
-593
-359
-118
7
-37
-161
-187
4
343
652
800
784
689
621
639
679
577
241
-210
-552
-684
-688
-710
-843
-1114
-1451
-1683
-1663
-1433
-1204
-1111
-1110
-1118
-1132
-1185
-1272
-1359
-1421
-1397
-1204
-843
-446
-156
-2
33
-37
-174
-258
-203
-32
173
363
515
573
516
391
246
79
-116
-246
-260
-214
-216
-316
-501
-756
-1022
-1177
-1136
-901
-549
-166
141
286
267
178
132
197
427
863
1467
2117
2669
3012
3047
2741
2213
1701
1369
1215
1153
1113
1049
891
617
276
-63
-364
-595
-690
-608
-393
-145
40
108
45
-105
-235
-232
-65
201
459
625
668
611
489
314
73
-231
-538
-758
-844
-822
-762
-744
-816
-960
-1123
-1218
-1200
-1075
-902
-765
-725
-809
-981
-1174
-1302
-1312
-1195
-1005
-830
-723
-671
-665
-701
-748
-756
-684
-525
-283
20
311
500
540
465
336
208
135
165
291
461
611
685
636
442
148
-147
-355
-436
-387
-250
-107
-24
-15
-45
-73
-65
31
281
694
1204
1707
2103
2300
2246
1969
1596
1276
1091
1047
1088
1122
1065
874
580
242
-95
-377
-549
-567
-441
-228
3
167
193
66
-131
-272
-273
-136
85
320
495
543
447
246
-29
-338
-616
-777
-780
-678
-574
-530
-557
-654
-801
-953
-1044
-1045
-973
-855
-700
-531
-406
-391
-507
-696
-854
-902
-845
-760
-723
-752
-820
-888
-919
-864
-711
-513
-349
-263
-227
-198
-151
-97
-65
-68
-88
-64
59
286
551
767
867
840
728
600
510
461
399
266
77
-93
-155
-90
53
216
376
534
707
908
1124
1308
1404
1388
1287
1193
1165
1203
1255
1266
1205
1049
799
479
136
-164
-381
-485
-456
-310
-111
42
85
25
-86
-193
-273
-297
-230
-66
148
330
415
378
226
1
-233
-402
-468
-449
-410
-430
-555
-759
-961
-1082
-1108
-1055
-941
-762
-525
-272
-61
30
-42
-257
-511
-672
-673
-551
-417
-371
-455
-633
-811
-895
-845
-694
-515
-375
-301
-296
-334
-395
-470
-560
-646
-673
-587
-379
-89
196
389
447
398
318
279
307
374
424
422
373
316
286
294
329
374
433
526
680
887
1111
1298
1409
1447
1429
1388
1344
1297
1240
1157
1044
892
695
457
213
22
-76
-78
-20
54
94
69
-4
-75
-117
-157
-219
-269
-252
-146
15
175
300
339
265
128
21
-8
-30
-120
-286
-473
-677
-906
-1085
-1146
-1122
-1124
-1171
-1169
-1066
-915
-784
-667
-561
-506
-510
-506
-433
-344
-343
-454
-596
-708
-785
-811
-744
-583
-416
-329
-307
-285
-239
-211
-222
-238
-229
-195
-140
-55
62
183
267
301
307
324
378
458
529
551
493
365
236
166
161
175
205
305
507
749
951
1110
1269
1404
1444
1418
1435
1521
1548
1424
1232
1094
981
771
471
186
-21
-157
-194
-96
60
127
54
-82
-218
-360
-479
-507
-447
-391
-361
-270
-91
48
9
-161
-312
-380
-414
-417
-335
-195
-134
-247
-472
-684
-836
-946
-1021
-1048
-1026
-987
-944
-876
-784
-687
-621
-581
-556
-531
-491
-432
-365
-332
-368
-440
-476
-440
-361
-292
-245
-221
-237
-285
-305
-233
-95
22
87
153
267
394
484
555
626
660
620
573
625
762
826
711
494
328
248
180
105
98
181
271
315
378
528
720
849
908
960
1012
1044
1085
1176
1256
1214
1049
873
715
482
167
-63
-80
-14
-73
-263
-390
-362
-310
-374
-506
-568
-537
-512
-525
-483
-342
-223
-279
-482
-648
-661
-578
-515
-497
-508
-564
-655
-696
-634
-557
-604
-727
-758
-654
-551
-519
-449
-280
-180
-303
-511
-529
-332
-168
-187
-251
-210
-117
-91
-102
-47
56
99
67
41
46
43
43
89
148
133
64
72
207
388
527
626
713
750
714
659
656
695
704
619
444
249
117
110
193
287
343
351
320
278
263
292
313
276
220
229
320
435
517
556
547
468
309
112
-47
-121
-125
-105
-85
-91
-144
-226
-304
-348
-373
-413
-452
-437
-385
-363
-386
-398
-368
-368
-447
-530
-508
-393
-301
-301
-337
-366
-412
-500
-596
-650
-653
-620
-539
-405
-230
-58
71
148
179
179
173
175
182
182
157
124
98
84
81
87
108
154
220
268
268
238
222
221
182
87
6
-6
25
47
75
151
250
298
291
297
348
388
367
289
188
74
-34
-71
2
144
274
337
328
248
123
27
33
130
255
352
413
449
426
322
152
-18
-153
-276
-405
-503
-499
-398
-301
-293
-345
-376
-363
-324
-260
-162
-63
-20
-33
-50
-47
-32
6
83
150
128
15
-91
-124
-136
-198
-279
-310
-297
-305
-348
-374
-373
-410
-503
-561
-510
-375
-223
-77
77
202
254
242
220
217
207
184
174
199
254
311
367
416
430
383
295
227
215
223
196
131
72
46
37
22
30
80
144
149
91
44
52
90
54
-87
-270
-402
-404
-259
-19
180
240
165
57
10
41
120
223
329
404
460
538
644
720
667
454
146
-154
-355
-429
-423
-428
-502
-613
-688
-682
-617
-536
-452
-378
-325
-278
-202
-77
72
191
244
245
225
202
186
179
167
136
92
53
26
-5
-61
-122
-184
-265
-383
-521
-625
-653
-614
-512
-351
-149
31
116
118
84
64
45
12
-8
18
102
209
299
356
366
323
235
146
113
163
266
359
388
347
273
210
185
205
245
282
294
278
237
171
86
-9
-122
-248
-343
-344
-243
-115
-48
-67
-137
-214
-263
-234
-95
131
372
569
695
756
753
677
544
391
258
166
105
47
-28
-129
-262
-414
-557
-661
-706
-698
-647
-562
-458
-367
-305
-264
-220
-158
-81
2
82
140
155
123
65
-1
-67
-131
-186
-227
-254
-270
-287
-322
-380
-444
-477
-465
-417
-347
-256
-155
-59
0
20
20
25
43
67
100
149
219
286
326
324
283
224
160
110
103
158
267
380
441
431
377
327
313
349
430
534
623
653
606
495
357
217
86
-27
-110
-147
-137
-107
-89
-108
-162
-226
-256
-227
-128
31
215
377
474
496
467
417
359
294
231
173
119
57
-26
-125
-217
-298
-376
-462
-551
-637
-702
-743
-760
-741
-685
-598
-508
-448
-415
-376
-303
-202
-120
-82
-86
-113
-150
-184
-182
-129
-67
-73
-174
-329
-467
-538
-545
-492
-374
-220
-82
5
52
101
163
221
264
305
359
406
428
437
458
489
490
442
372
321
302
296
294
319
361
384
355
304
300
356
431
489
531
574
601
586
525
449
381
296
180
53
-40
-81
-102
-146
-215
-292
-355
-388
-368
-273
-120
49
180
257
286
283
268
246
227
209
170
109
29
-64
-178
-318
-481
-642
-769
-847
-879
-871
-833
-779
-721
-666
-611
-549
-482
-423
-374
-329
-282
-230
-181
-146
-123
-110
-99
-89
-82
-71
-59
-63
-100
-162
-225
-263
-271
-254
-211
-139
-37
82
194
292
370
418
428
410
395
413
466
540
606
640
631
575
483
383
315
293
310
347
380
401
409
407
403
411
434
473
524
577
622
640
615
533
411
262
117
0
-87
-152
-214
-282
-361
-435
-482
-490
-453
-389
-321
-270
-243
-224
-197
-151
-89
-22
46
97
115
96
30
-86
-249
-452
-667
-841
-933
-941
-883
-798
-722
-675
-646
-612
-547
-447
-333
-237
-180
-150
-135
-118
-89
-51
-8
23
37
45
57
82
108
110
68
-10
-102
-161
-156
-79
53
198
313
381
414
438
473
522
578
627
663
683
693
691
664
605
513
406
312
249
222
219
226
223
210
190
177
181
207
254
316
386
453
502
506
441
315
154
-3
-130
-226
-287
-325
-366
-428
-507
-587
-649
-684
-691
-664
-600
-505
-408
-330
-279
-247
-215
-165
-79
38
158
231
223
132
-3
-136
-236
-297
-324
-334
-353
-381
-417
-435
-426
-393
-347
-298
-239
-170
-102
-37
20
67
105
139
168
199
226
229
204
156
94
37
-4
-33
-42
-38
-25
-11
3
22
45
73
109
150
204
266
329
383
417
432
433
423
411
399
380
344
281
188
79
-26
-110
-161
-176
-162
-128
-77
-24
34
98
165
238
312
370
403
402
369
303
222
133
40
-53
-138
-210
-255
-272
-273
-270
-279
-309
-356
-388
-383
-333
-244
-138
-44
22
59
76
92
108
127
138
129
101
59
9
-50
-113
-179
-243
-295
-324
-334
-321
-290
-251
-214
-186
-165
-144
-121
-100
-81
-69
-57
-50
-49
-53
-73
-107
-143
-174
-196
-208
-213
-213
-217
-225
-224
-204
-153
-69
33
139
225
277
296
288
279
280
297
332
364
387
389
371
340
297
245
195
147
104
68
37
19
17
27
52
89
138
196
258
318
370
405
413
387
332
258
182
110
50
5
-19
-34
-42
-53
-69
-90
-117
-141
-158
-160
-147
-126
-107
-90
-78
-66
-50
-36
-23
-21
-37
-70
-115
-168
-219
-272
-319
-357
-389
-410
-419
-407
-376
-333
-287
-249
-221
-209
-203
-199
-186
-167
-142
-114
-90
-71
-66
-76
-97
-126
-155
-175
-187
-192
-193
-193
-187
-177
-148
-92
-14
82
180
265
319
339
338
324
320
338
373
416
448
451
416
349
270
206
170
169
200
241
276
289
277
251
229
220
235
275
330
383
415
419
391
331
247
151
65
0
-44
-66
-84
-103
-138
-186
-232
-269
-286
-277
-248
-209
-170
-138
-122
-124
-138
-156
-168
-166
-152
-130
-120
-137
-189
-264
-346
-412
-453
-465
-458
-434
-403
-365
-324
-290
-273
-275
-285
-282
-252
-188
-107
-35
9
9
-18
-50
-75
-86
-93
-101
-106
-101
-83
-50
-18
3
13
20
52
112
194
274
328
348
346
348
371
423
489
541
559
542
499
442
387
329
273
225
198
205
236
278
300
283
233
175
140
149
202
275
334
358
339
279
195
100
5
-79
-141
-183
-209
-228
-259
-303
-361
-414
-450
-458
-439
-404
-367
-332
-302
-271
-237
-205
-180
-161
-152
-149
-149
-152
-157
-172
-200
-235
-273
-309
-336
-353
-358
-352
-335
-314
-291
-269
-245
-218
-183
-140
-88
-33
17
57
85
110
129
141
146
136
119
104
94
92
92
93
92
93
102
124
165
215
270
323
365
395
416
430
446
460
472
477
473
454
418
368
317
266
220
185
158
139
121
99
77
54
39
38
47
67
88
103
108
98
72
32
-21
-79
-139
-199
-251
-298
-342
-376
-407
-430
-443
-447
-442
-438
-434
-427
-414
-400
-379
-349
-311
-262
-207
-154
-103
-65
-40
-24
-22
-35
-50
-61
-74
-82
-85
-87
-85
-78
-62
-44
-21
1
24
47
71
99
126
154
173
185
196
202
205
199
184
161
130
97
70
50
41
40
47
67
95
127
162
194
221
243
254
264
271
271
262
239
208
177
147
122
104
93
86
80
69
52
27
-3
-41
-80
-110
-127
-127
-111
-87
-57
-29
-4
11
12
-1
-30
-68
-115
-159
-194
-218
-225
-223
-220
-212
-206
-202
-200
-208
-215
-220
-219
-203
-180
-145
-103
-58
-13
25
54
67
64
52
30
6
-14
-27
-30
-27
-19
-9
-1
8
17
28
38
45
52
59
68
76
84
95
101
107
113
122
130
136
135
130
118
104
83
59
36
14
0
-11
-12
-5
8
28
49
64
77
81
79
70
53
32
11
0
-6
-7
-2
5
9
9
5
-6
-21
-38
-54
-62
-60
-45
-24
4
34
61
79
89
88
75
53
27
0
-29
-51
-72
-88
-98
-111
-123
-134
-145
-152
-160
-162
-156
-142
-121
-92
-59
-24
8
33
49
62
68
70
71
71
70
65
60
48
32
8
-20
-49
-73
-89
-96
-94
-82
-68
-52
-37
-21
-9
1
10
18
27
41
57
75
90
100
102
94
77
55
30
2
-20
-38
-49
-50
-44
-31
-12
11
30
47
61
70
77
77
72
65
54
45
39
33
24
14
4
-5
-16
-25
-33
-39
-41
-36
-22
-1
26
53
77
95
106
112
108
99
79
53
27
1
-20
-40
-57
-73
-93
-112
-129
-145
-158
-169
-177
-178
-172
-154
-129
-102
-70
-38
-8
17
42
62
74
83
82
77
72
63
52
39
23
7
-13
-35
-51
-64
-70
-73
-65
-53
-38
-18
1
14
23
24
25
28
36
46
60
73
83
89
89
86
74
60
47
36
30
29
34
38
41
43
40
36
29
22
18
15
12
12
11
15
18
19
19
13
4
-8
-23
-38
-53
-65
-69
-67
-55
-41
-26
-9
8
20
29
33
35
37
32
27
20
13
4
-11
-30
-52
-78
-103
-123
-138
-148
-155
-155
-149
-138
-123
-108
-92
-76
-62
-47
-32
-11
10
31
47
60
68
73
75
72
69
60
46
35
25
18
15
12
9
11
15
23
33
42
45
47
47
48
48
51
54
54
54
56
57
57
55
51
46
39
39
44
51
60
66
70
72
74
76
76
73
69
67
62
56
52
45
35
24
9
-6
-20
-30
-40
-50
-56
-61
-66
-68
-70
-69
-67
-67
-64
-60
-53
-48
-44
-42
-42
-45
-48
-52
-60
-72
-86
-97
-110
-120
-127
-134
-138
-144
-145
-144
-139
-133
-124
-112
-97
-75
-51
-27
-4
21
41
56
71
83
91
97
99
99
99
96
91
87
80
77
74
71
70
71
73
76
76
77
76
79
83
86
89
89
86
85
84
80
76
70
66
62
59
56
55
52
50
49
45
42
36
33
29
25
20
14
8
0
-10
-20
-32
-47
-61
-75
-91
-104
-113
-122
-130
-134
-135
-136
-133
-128
-119
-110
-99
-85
-72
-59
-47
-37
-27
-22
-21
-21
-25
-31
-36
-43
-49
-55
-59
-60
-61
-59
-59
-57
-52
-45
-35
-23
-12
1
16
30
46
60
69
80
90
98
106
112
114
116
115
112
108
99
92
88
83
78
72
66
64
58
55
50
44
39
34
28
22
17
12
5
-3
-11
-18
-26
-32
-35
-36
-38
-36
-36
-36
-34
-31
-27
-25
-20
-18
-18
-17
-16
-16
-14
-14
-13
-15
-17
-20
-27
-31
-33
-36
-40
-43
-44
-43
-40
-39
-38
-38
-37
-33
-30
-24
-16
-9
-2
5
9
11
13
11
13
12
12
12
12
9
7
4
1
-2
-4
-6
-6
-5
-6
-4
-1
2
6
10
11
16
20
22
25
27
26
25
24
21
20
17
13
11
9
7
6
5
6
6
3
2
1
1
2
3
2
2
3
4
2
1
1
1
2
2
1
-1
-2
1
3
4
2
0
0
0
0
2
2
4
4
4
4
6
6
4
1
0
