-2
-6
-8
-8
-8
-7
-8
-9
-9
-11
-11
-10
-12
-13
-13
-15
-15
-14
-16
-16
-17
-17
-15
-16
-16
-15
-14
-15
-13
-12
-10
-7
-7
-6
-4
-4
-1
0
2
2
5
10
13
15
15
16
16
15
14
13
12
11
11
9
7
6
8
8
4
5
2
-3
-5
-7
-9
-12
-13
-13
-13
-12
-13
-12
-12
-12
-8
-7
-5
-3
-3
-1
2
4
9
12
15
15
17
17
20
23
23
21
22
21
21
21
20
19
19
20
19
19
18
20
20
20
19
20
17
14
13
13
12
11
8
6
2
-1
-3
-7
-11
-14
-18
-21
-26
-29
-30
-33
-34
-36
-37
-40
-41
-41
-40
-39
-39
-40
-41
-42
-39
-36
-34
-30
-28
-26
-21
-17
-16
-15
-15
-11
-9
-3
3
8
13
20
26
31
31
30
30
30
30
30
27
28
29
31
31
31
30
27
25
24
21
18
12
9
5
0
-4
-7
-8
-13
-13
-12
-10
-11
-9
-9
-9
-7
-7
-4
-2
0
3
7
11
14
17
19
21
21
22
24
22
22
23
23
23
22
21
22
21
22
21
20
18
15
11
8
5
4
5
4
1
-1
-4
-6
-5
-7
-10
-14
-19
-22
-24
-25
-29
-34
-39
-39
-41
-44
-48
-49
-52
-54
-56
-56
-53
-51
-50
-49
-46
-44
-43
-39
-33
-30
-26
-25
-25
-21
-18
-12
-6
2
7
12
14
19
24
28
33
35
39
48
55
61
69
74
73
72
68
68
63
60
57
54
52
49
51
49
46
42
35
30
23
17
11
4
-5
-16
-20
-28
-37
-43
-48
-49
-50
-47
-44
-43
-41
-43
-44
-43
-42
-41
-40
-33
-26
-19
-13
-9
-4
-4
-3
-1
-4
-1
1
4
9
13
15
18
18
17
18
21
22
23
26
26
30
28
29
29
26
25
27
25
26
25
22
18
10
5
-3
-12
-19
-28
-33
-38
-41
-44
-49
-54
-59
-65
-68
-73
-74
-74
-75
-69
-68
-66
-60
-57
-56
-55
-51
-45
-39
-30
-24
-18
-11
-7
2
11
21
29
36
45
56
70
87
100
112
120
123
123
120
119
118
115
114
109
106
102
96
91
83
71
58
44
29
15
0
-13
-27
-44
-57
-70
-83
-96
-105
-112
-114
-111
-106
-99
-91
-87
-82
-74
-64
-54
-44
-34
-20
-4
12
25
34
40
46
46
46
47
47
48
51
56
58
58
57
53
51
49
46
45
45
44
45
45
46
47
46
45
40
33
28
23
19
16
9
3
-5
-16
-25
-36
-48
-58
-67
-73
-78
-87
-95
-102
-109
-116
-119
-123
-124
-121
-119
-114
-110
-104
-98
-94
-89
-83
-80
-73
-65
-59
-49
-40
-30
-17
-6
4
14
26
37
50
66
84
105
124
136
138
136
133
129
129
128
128
127
125
123
125
124
120
105
89
73
54
41
30
16
4
-10
-26
-38
-52
-67
-80
-92
-96
-93
-85
-73
-64
-61
-60
-58
-53
-44
-34
-24
-13
-1
11
24
35
37
36
33
26
20
18
22
45
64
66
49
38
28
4
-20
-31
-24
-17
-18
-7
20
41
61
75
81
79
55
30
5
-18
-38
-62
-78
-92
-101
-106
-107
-92
-80
-83
-100
-143
-183
-208
-227
-227
-226
-219
-210
-224
-236
-247
-250
-222
-178
-123
-79
-59
-59
-75
-94
-105
-104
-78
-31
19
61
91
110
115
134
201
350
605
912
1210
1429
1454
1314
931
393
-147
-584
-850
-908
-717
-416
-66
228
385
323
105
-155
-354
-430
-338
-96
191
384
409
244
-100
-536
-931
-1136
-1086
-756
-283
180
480
537
329
-48
-443
-714
-766
-552
-94
469
992
1329
1402
1135
629
36
-472
-780
-799
-544
-132
301
644
817
774
576
314
108
33
119
317
541
692
724
593
314
-48
-402
-662
-765
-683
-492
-268
-102
-62
-163
-366
-606
-801
-903
-862
-693
-464
-249
-118
-108
-219
-412
-622
-789
-877
-846
-731
-576
-434
-356
-350
-401
-472
-499
-443
-295
-81
131
281
332
279
134
-29
-126
-106
38
265
483
593
545
351
121
14
205
787
1739
2944
4034
4650
4490
3444
1759
-260
-2136
-3461
-3953
-3623
-2631
-1234
119
1104
1469
1230
557
-133
-481
-301
378
1280
1957
2032
1339
-31
-1786
-3411
-4404
-4425
-3443
-1745
261
1902
2696
2490
1541
265
-820
-1301
-1031
-96
1184
2351
3012
2951
2177
911
-532
-1696
-2294
-2240
-1689
-822
100
816
1203
1253
1077
826
695
755
960
1169
1203
953
418
-274
-963
-1503
-1836
-1970
-1891
-1651
-1336
-1040
-861
-796
-779
-732
-589
-372
-184
-112
-191
-363
-541
-673
-752
-773
-713
-575
-399
-266
-243
-345
-529
-699
-753
-638
-391
-75
261
564
779
860
809
708
667
751
931
1096
1139
1046
917
827
772
663
429
155
14
123
466
839
1084
1361
2024
3324
5070
6300
6022
4045
1000
-1987
-4114
-5206
-5553
-5473
-5011
-3875
-1741
935
2995
3380
2069
118
-1120
-1048
-75
918
1224
668
-496
-1858
-3157
-4383
-5435
-5840
-4941
-2478
857
3719
4998
4470
2836
1046
-275
-934
-1038
-727
-34
989
2073
2672
2255
788
-1103
-2490
-2769
-2023
-754
573
1724
2623
3141
3105
2454
1360
267
-354
-289
268
824
951
545
-140
-751
-1164
-1432
-1611
-1618
-1304
-671
66
557
540
19
-707
-1239
-1334
-1027
-564
-174
57
172
213
135
-130
-572
-1054
-1394
-1479
-1321
-1039
-756
-539
-369
-207
-71
-12
-51
-122
-112
22
228
423
553
624
654
635
563
469
412
424
482
499
381
86
-279
-561
-649
-516
-187
493
1785
3787
6077
7658
7580
5580
2247
-1390
-4463
-6462
-7277
-7083
-5994
-3979
-1141
1892
4007
4351
3018
1049
-308
-485
247
1141
1526
1124
16
-1523
-3203
-4817
-6075
-6366
-5087
-2163
1607
4815
6303
5781
3834
1428
-629
-1916
-2321
-1886
-717
924
2505
3328
2868
1171
-1094
-2962
-3674
-3057
-1526
327
2044
3352
4041
3891
2876
1276
-376
-1482
-1729
-1192
-303
393
556
191
-446
-1072
-1533
-1757
-1674
-1230
-482
330
844
780
114
-887
-1778
-2190
-1973
-1269
-402
335
790
931
752
276
-419
-1168
-1750
-1956
-1702
-1110
-446
34
221
184
86
56
121
250
419
603
778
891
866
697
428
145
-47
-81
82
420
867
1264
1426
1257
778
193
-226
-365
-314
-239
-122
411
1835
4217
6778
8200
7567
4890
1127
-2529
-5351
-7057
-7778
-7712
-6691
-4408
-943
2741
5133
5314
3574
1164
-574
-1086
-655
48
434
291
-363
-1472
-3005
-4830
-6447
-6984
-5706
-2605
1358
4713
6359
6051
4315
1980
-263
-2007
-3004
-3043
-2002
-116
1925
3227
3136
1687
-448
-2355
-3328
-3153
-1982
-118
2065
4067
5332
5417
4228
2172
-32
-1647
-2299
-2117
-1484
-765
-120
416
729
677
213
-456
-915
-846
-251
511
954
808
130
-769
-1539
-2003
-2139
-1968
-1466
-616
431
1350
1767
1491
628
-500
-1516
-2156
-2349
-2163
-1709
-1076
-355
336
838
1053
1013
822
574
301
-9
-328
-587
-696
-603
-341
-1
335
601
815
1005
1173
1258
1134
788
329
-88
-359
-527
-681
-831
-800
-192
1307
3665
6234
7887
7760
5649
2164
-1687
-5107
-7501
-8573
-8285
-6625
-3721
4
3652
6010
6294
4654
2067
-208
-1366
-1357
-668
42
326
-26
-1072
-2710
-4662
-6384
-7070
-6073
-3300
561
4271
6659
7113
5757
3262
425
-2062
-3691
-4137
-3311
-1489
651
2304
2845
2143
595
-1165
-2493
-2949
-2367
-820
1366
3606
5189
5586
4649
2716
469
-1458
-2654
-3049
-2802
-2037
-894
405
1517
2047
1798
927
-114
-833
-1018
-772
-398
-167
-172
-380
-694
-1052
-1427
-1700
-1695
-1251
-356
752
1697
2135
1926
1127
-48
-1302
-2344
-2934
-2928
-2311
-1207
126
1331
2114
2312
1918
1070
10
-971
-1571
-1615
-1118
-287
589
1248
1544
1483
1197
857
598
423
252
24
-270
-530
-711
-813
-851
-787
-369
692
2509
4857
6979
7933
7094
4483
841
-2904
-6021
-8038
-8775
-8178
-6270
-3280
285
3503
5399
5508
4072
1966
159
-829
-1009
-787
-633
-808
-1421
-2480
-3860
-5288
-6268
-6203
-4717
-1913
1547
4624
6414
6503
5067
2726
189
-1921
-3188
-3409
-2599
-1059
692
2034
2491
1967
732
-687
-1727
-2002
-1354
92
2004
3873
5143
5473
4733
3131
1111
-866
-2315
-2989
-2867
-2016
-695
744
1916
2459
2263
1486
480
-387
-910
-1064
-962
-730
-478
-308
-285
-452
-793
-1178
-1386
-1224
-620
249
1049
1429
1174
305
-964
-2278
-3292
-3743
-3512
-2630
-1288
180
1369
1939
1754
900
-323
-1495
-2234
-2325
-1766
-768
344
1249
1694
1598
1065
341
-251
-512
-437
-159
109
201
72
-245
-599
-802
-641
162
1763
4045
6523
8303
8549
6878
3549
-601
-4639
-7734
-9278
-9062
-7180
-3978
-76
3667
6236
6918
5735
3392
964
-693
-1289
-1048
-512
-188
-389
-1251
-2708
-4471
-6045
-6745
-5992
-3630
-105
3608
6395
7487
6728
4532
1641
-1176
-3271
-4209
-3835
-2357
-333
1477
2435
2259
1139
-418
-1781
-2432
-2158
-994
769
2662
4165
4788
4311
2888
953
-891
-2149
-2612
-2313
-1495
-462
495
1123
1275
937
244
-525
-1073
-1219
-987
-578
-228
-93
-187
-409
-634
-786
-828
-744
-521
-179
198
466
479
161
-459
-1225
-1895
-2269
-2247
-1878
-1270
-550
162
737
1045
1027
719
246
-227
-546
-611
-412
-39
370
674
809
785
684
602
604
688
755
684
423
8
-419
-739
-876
-720
-88
1226
3250
5625
7555
8164
6939
4030
187
-3664
-6718
-8453
-8713
-7554
-5179
-1984
1426
4180
5483
5096
3459
1466
-23
-625
-481
-52
141
-252
-1314
-2916
-4722
-6244
-6917
-6238
-4062
-767
2805
5637
6957
6519
4622
1946
-726
-2717
-3595
-3250
-1913
-130
1414
2176
1929
833
-651
-1966
-2615
-2334
-1119
790
2914
4670
5517
5180
3788
1786
-237
-1742
-2465
-2417
-1779
-846
108
852
1177
1027
497
-185
-709
-867
-626
-157
263
392
140
-391
-1021
-1533
-1755
-1612
-1112
-368
413
1009
1219
946
220
-792
-1820
-2586
-2894
-2688
-2055
-1177
-263
501
973
1087
867
415
-113
-573
-842
-842
-603
-236
130
392
547
659
762
879
942
868
640
251
-236
-721
-1079
-1101
-578
626
2498
4722
6647
7566
6976
4891
1770
-1737
-4902
-7103
-7924
-7244
-5263
-2426
609
3063
4321
4234
3192
1900
953
615
795
1139
1225
695
-591
-2476
-4564
-6277
-6993
-6275
-4085
-908
2383
4874
5918
5375
3601
1247
-965
-2463
-2909
-2279
-882
721
1912
2227
1553
155
-1455
-2687
-3119
-2636
-1383
295
1958
3202
3729
3451
2536
1341
271
-385
-559
-372
-56
166
162
-81
-468
-860
-1105
-1068
-708
-99
571
1048
1154
832
202
-502
-1072
-1348
-1273
-897
-338
216
573
609
310
-214
-773
-1187
-1358
-1288
-1072
-837
-683
-642
-684
-750
-760
-647
-365
64
539
917
1052
896
499
-14
-470
-728
-706
-395
106
618
963
999
696
123
-532
-997
-1000
-338
983
2768
4649
6060
6493
5651
3629
905
-1924
-4255
-5640
-5885
-5081
-3533
-1662
105
1379
1896
1678
1041
467
325
711
1432
2071
2186
1466
-99
-2194
-4292
-5810
-6252
-5393
-3353
-640
1983
3798
4350
3625
2034
202
-1239
-1854
-1535
-476
900
2069
2597
2263
1125
-468
-2010
-2988
-3076
-2256
-793
893
2347
3230
3393
2908
2042
1133
470
208
315
615
870
861
503
-129
-846
-1408
-1635
-1443
-875
-110
621
1095
1172
844
229
-473
-1053
-1359
-1331
-1023
-580
-151
129
181
-1
-368
-806
-1197
-1453
-1523
-1419
-1202
-962
-774
-687
-697
-756
-816
-814
-712
-508
-235
42
248
341
302
170
33
-53
-42
26
63
25
-105
-225
-139
317
1249
2578
4059
5285
5779
5231
3608
1212
-1423
-3697
-5059
-5194
-4162
-2322
-208
1629
2759
2948
2300
1201
176
-325
-141
591
1463
1939
1606
347
-1564
-3558
-4989
-5337
-4386
-2331
275
2654
4100
4222
3071
1125
-907
-2346
-2763
-2116
-733
854
2083
2542
2115
961
-530
-1871
-2660
-2692
-2033
-980
106
929
1340
1374
1188
989
931
1045
1243
1384
1311
952
336
-387
-993
-1314
-1278
-948
-483
-68
151
122
-98
-389
-602
-629
-448
-122
223
448
461
244
-133
-532
-824
-927
-849
-651
-435
-310
-335
-512
-769
-996
-1103
-1030
-777
-412
-63
152
171
27
-183
-340
-339
-134
249
707
1098
1296
1222
848
231
-473
-1057
-1282
-967
-54
1373
3050
4631
5706
5914
5116
3414
1176
-1128
-3058
-4249
-4540
-4044
-3021
-1791
-628
270
757
884
830
800
936
1220
1536
1671
1356
456
-955
-2592
-4027
-4891
-4915
-4032
-2450
-571
1116
2211
2531
2141
1327
487
-53
-135
179
654
1035
1118
843
303
-334
-860
-1123
-1070
-748
-305
109
388
519
570
638
825
1166
1589
1954
2113
1972
1531
872
158
-425
-752
-784
-598
-332
-126
-90
-238
-508
-773
-903
-844
-607
-267
66
290
344
243
62
-102
-190
-191
-153
-160
-291
-576
-988
-1416
-1726
-1826
-1687
-1348
-889
-425
-46
170
217
139
-25
-203
-342
-387
-314
-137
100
335
508
559
450
220
-36
-185
-79
359
1110
2061
2979
3588
3670
3129
2055
674
-744
-1924
-2657
-2877
-2660
-2137
-1470
-817
-284
79
320
541
809
1123
1420
1576
1444
947
121
-867
-1760
-2344
-2490
-2181
-1534
-767
-103
303
418
336
223
247
524
1038
1647
2140
2330
2130
1590
856
127
-431
-725
-772
-659
-496
-369
-297
-250
-165
26
353
773
1196
1494
1560
1359
922
354
-201
-613
-819
-830
-717
-570
-471
-475
-586
-763
-950
-1096
-1162
-1139
-1043
-904
-754
-609
-472
-333
-194
-54
64
122
98
-30
-252
-529
-811
-1036
-1165
-1197
-1134
-993
-788
-525
-217
112
426
690
871
964
990
958
893
799
662
481
267
74
0
146
600
1342
2237
3086
3599
3567
2916
1738
315
-1068
-2150
-2748
-2843
-2552
-2036
-1481
-990
-616
-377
-192
33
361
771
1155
1379
1300
833
23
-959
-1851
-2420
-2542
-2212
-1568
-833
-222
111
151
7
-171
-220
-33
376
920
1462
1872
2083
2095
1945
1666
1284
810
268
-281
-762
-1083
-1166
-980
-560
-6
558
1012
1283
1348
1259
1113
1005
982
1016
1025
902
566
15
-667
-1331
-1826
-2057
-1998
-1709
-1308
-926
-662
-553
-564
-634
-679
-628
-459
-202
70
258
282
105
-254
-712
-1144
-1443
-1546
-1437
-1180
-866
-591
-404
-307
-276
-256
-204
-98
84
331
615
902
1115
1180
1034
691
310
118
344
1094
2229
3447
4287
4349
3534
2024
300
-1159
-2076
-2410
-2325
-2136
-2036
-2034
-2001
-1794
-1412
-918
-390
138
678
1201
1645
1867
1669
957
-141
-1320
-2206
-2545
-2291
-1608
-803
-181
73
-14
-265
-458
-411
-44
589
1297
1839
2063
1962
1674
1388
1255
1332
1527
1636
1505
1095
516
-48
-423
-500
-305
48
405
643
734
725
692
708
812
943
1005
904
603
128
-418
-899
-1216
-1327
-1265
-1143
-1064
-1118
-1325
-1621
-1910
-2086
-2085
-1917
-1631
-1311
-1013
-761
-556
-392
-288
-271
-351
-530
-770
-1011
-1193
-1280
-1250
-1119
-921
-713
-555
-454
-390
-278
-52
302
739
1110
1255
1122
809
553
647
1235
2213
3298
4031
4074
3398
2251
1095
287
-101
-243
-419
-829
-1419
-1877
-1909
-1439
-688
-25
238
74
-267
-448
-225
337
913
1169
918
263
-491
-1017
-1126
-847
-400
-58
-13
-300
-787
-1239
-1423
-1216
-672
11
586
892
934
879
946
1239
1660
2000
2008
1596
898
183
-264
-320
-81
229
396
333
133
-36
-38
181
533
860
1023
954
695
364
94
-42
-59
-41
-120
-369
-782
-1252
-1638
-1837
-1811
-1643
-1415
-1208
-1060
-933
-805
-654
-477
-327
-253
-286
-437
-658
-877
-1025
-1054
-1002
-930
-896
-928
-959
-913
-739
-441
-119
141
307
418
540
677
737
622
351
105
181
771
1746
2768
3330
3113
2268
1251
619
579
853
967
544
-340
-1209
-1529
-1114
-308
277
228
-405
-1134
-1388
-926
-12
761
935
451
-342
-930
-1005
-595
19
472
549
276
-193
-675
-1003
-1073
-865
-485
-110
65
-36
-305
-476
-290
313
1110
1678
1728
1258
565
88
75
465
934
1131
921
449
22
-101
116
511
842
917
748
468
226
125
167
279
355
310
123
-150
-404
-540
-534
-438
-374
-455
-705
-1031
-1266
-1294
-1109
-841
-660
-651
-792
-948
-980
-855
-635
-446
-378
-437
-556
-652
-678
-642
-560
-471
-401
-354
-358
-411
-485
-527
-470
-293
-76
96
188
303
595
1161
1855
2355
2398
1874
1043
374
214
529
926
936
365
-495
-1120
-1135
-572
125
451
200
-361
-740
-597
-3
579
708
272
-457
-998
-983
-489
154
590
624
347
-18
-274
-359
-292
-133
71
254
348
294
100
-105
-159
4
301
541
547
337
97
23
214
543
769
748
488
175
13
83
308
514
579
472
278
127
84
129
203
237
197
91
-50
-180
-267
-297
-286
-286
-336
-462
-622
-738
-773
-706
-585
-485
-457
-499
-550
-549
-487
-400
-356
-382
-450
-513
-514
-456
-379
-331
-326
-340
-338
-310
-257
-190
-128
-69
-5
72
146
190
211
259
381
575
797
920
871
719
562
508
554
585
507
274
-30
-222
-196
7
211
257
99
-157
-320
-282
-85
101
120
-42
-256
-386
-347
-174
11
105
92
35
14
45
84
103
84
37
-2
-11
0
24
60
123
218
297
317
253
135
40
24
85
166
186
125
27
-25
23
151
278
344
328
268
226
230
260
263
199
98
10
-29
-23
-12
-37
-110
-198
-264
-290
-300
-338
-413
-510
-593
-607
-557
-475
-403
-369
-354
-343
-332
-318
-322
-348
-381
-406
-399
-365
-324
-282
-263
-269
-272
-252
-186
-87
-7
8
-30
-73
-16
192
514
816
941
844
637
513
587
801
930
766
305
-219
-489
-363
26
337
302
-81
-530
-692
-438
36
352
253
-199
-674
-828
-563
-105
211
194
-87
-353
-383
-155
153
324
284
127
16
46
176
297
348
348
372
445
528
543
462
337
254
260
315
321
226
74
-20
35
222
429
536
492
361
250
235
301
363
355
263
139
58
59
118
178
186
126
17
-112
-246
-379
-513
-650
-772
-859
-897
-887
-848
-793
-735
-683
-622
-545
-462
-400
-379
-407
-465
-499
-485
-429
-385
-397
-446
-475
-434
-320
-195
-137
-174
-221
-140
132
530
843
900
715
465
409
628
947
1059
781
218
-269
-354
-15
456
640
353
-209
-613
-548
-81
404
497
106
-490
-854
-747
-306
85
124
-156
-464
-494
-188
228
448
354
89
-76
8
263
467
459
278
123
168
406
665
755
630
425
311
374
527
608
531
340
169
136
231
345
380
308
195
130
146
210
255
237
164
91
51
43
47
32
-6
-63
-130
-203
-287
-374
-460
-531
-593
-658
-719
-760
-766
-729
-681
-651
-661
-702
-739
-744
-708
-651
-595
-554
-526
-494
-463
-432
-387
-318
-214
-107
-43
-44
-92
-106
10
261
558
741
711
523
353
378
608
863
910
668
282
20
64
363
647
644
319
-97
-289
-129
233
474
365
-41
-454
-566
-325
34
190
13
-361
-632
-594
-289
26
117
-38
-254
-304
-122
164
351
336
198
110
187
381
536
542
416
288
275
386
521
561
476
347
283
331
443
518
499
407
314
277
299
328
313
246
158
92
65
64
56
20
-39
-106
-174
-235
-297
-348
-391
-434
-493
-571
-661
-735
-774
-781
-774
-787
-818
-847
-854
-827
-783
-741
-709
-674
-628
-570
-513
-459
-397
-316
-210
-114
-52
-38
-15
80
265
487
614
579
426
310
368
583
780
765
501
159
2
159
513
758
671
288
-107
-200
71
472
652
422
-71
-472
-510
-212
112
162
-120
-513
-694
-532
-169
101
85
-133
-315
-255
37
345
461
344
153
89
219
428
532
444
246
114
158
335
493
508
392
269
267
409
599
705
670
545
445
446
527
602
591
472
310
179
128
142
162
131
34
-103
-235
-321
-353
-355
-372
-435
-546
-667
-747
-752
-702
-652
-662
-752
-870
-940
-917
-822
-729
-712
-779
-867
-902
-843
-715
-592
-526
-499
-468
-386
-258
-127
-6
111
248
394
500
526
483
457
511
633
717
651
434
195
97
191
378
451
300
8
-216
-204
17
245
263
37
-254
-370
-212
86
266
187
-72
-276
-237
14
265
308
128
-96
-145
36
296
431
348
151
39
131
365
552
552
386
226
228
400
605
677
574
398
307
379
552
680
666
528
379
327
391
494
534
461
315
179
121
133
163
147
52
-92
-231
-314
-332
-322
-333
-406
-536
-669
-749
-749
-713
-702
-745
-840
-924
-943
-907
-844
-814
-837
-870
-882
-833
-731
-626
-544
-494
-444
-360
-260
-168
-98
-23
81
222
344
390
362
325
357
469
575
580
460
288
205
270
417
493
397
174
-22
-37
114
276
277
70
-198
-326
-223
13
170
105
-124
-315
-293
-63
188
259
124
-80
-149
-1
251
420
389
212
71
99
284
473
511
372
179
93
172
338
445
410
272
150
147
260
391
442
389
290
236
266
347
407
392
314
227
184
194
216
211
148
40
-69
-147
-181
-204
-252
-340
-460
-570
-639
-657
-648
-657
-699
-761
-810
-809
-763
-709
-678
-692
-718
-711
-656
-568
-490
-450
-434
-405
-329
-222
-132
-81
-42
24
145
275
354
351
307
310
399
523
576
504
353
248
277
414
530
491
297
73
-18
77
239
291
142
-124
-314
-306
-131
35
20
-164
-368
-408
-230
13
123
30
-155
-235
-107
145
333
338
192
64
103
292
487
531
393
214
155
266
453
549
480
315
199
246
419
583
626
536
412
374
454
603
703
689
586
463
412
451
515
537
453
286
123
22
-2
-13
-72
-212
-406
-590
-714
-751
-760
-802
-902
-1049
-1167
-1205
-1186
-1144
-1146
-1196
-1227
-1221
-1159
-1071
-1009
-950
-888
-798
-671
-557
-473
-415
-333
-185
12
184
257
237
219
296
473
651
698
574
387
305
417
632
753
651
376
125
90
274
484
498
259
-72
-252
-163
88
253
163
-122
-363
-350
-90
198
274
91
-176
-273
-84
246
467
427
197
9
49
301
564
634
468
226
125
237
458
597
546
367
217
229
391
560
613
534
405
346
403
523
609
599
512
423
389
413
453
453
399
310
229
175
134
83
7
-88
-190
-291
-390
-485
-559
-632
-697
-756
-830
-894
-955
-1006
-1014
-1008
-981
-957
-975
-987
-973
-909
-792
-690
-614
-572
-551
-491
-371
-198
-20
77
71
16
21
140
323
446
404
241
91
85
242
421
473
344
111
-36
24
242
429
411
187
-65
-141
4
241
365
255
3
-176
-133
90
306
325
143
-68
-130
24
269
399
342
165
32
73
245
411
437
307
143
77
156
293
361
305
169
65
70
153
231
237
172
97
75
124
200
240
220
166
125
129
167
204
207
165
104
58
41
46
39
-2
-73
-150
-207
-235
-247
-270
-315
-377
-438
-479
-495
-500
-506
-518
-530
-538
-540
-533
-515
-481
-426
-362
-312
-294
-302
-291
-221
-90
50
121
94
15
-17
67
231
356
342
195
30
-11
115
306
401
312
93
-87
-94
67
255
297
140
-101
-245
-190
7
174
175
16
-162
-203
-74
115
218
167
29
-60
-15
129
261
291
224
141
129
195
285
322
282
206
157
169
213
235
210
157
120
117
143
162
162
147
139
148
164
168
156
143
143
158
174
172
146
113
96
96
96
76
30
-28
-75
-95
-98
-111
-155
-223
-286
-318
-324
-320
-339
-387
-444
-480
-475
-434
-395
-390
-421
-458
-451
-388
-295
-226
-221
-265
-303
-272
-156
-8
87
81
0
-72
-56
55
191
247
190
67
-21
2
116
233
263
184
56
-27
-14
72
141
127
32
-82
-133
-96
-17
34
20
-39
-79
-58
9
75
91
57
25
43
110
192
234
223
188
177
212
272
312
299
248
193
176
195
225
234
208
167
138
137
154
172
174
162
152
142
139
135
134
138
146
151
148
130
106
91
88
93
87
60
15
-28
-53
-58
-57
-77
-129
-195
-247
-265
-255
-248
-269
-325
-383
-412
-395
-352
-320
-323
-358
-381
-363
-307
-241
-202
-212
-243
-254
-214
-135
-58
-23
-30
-54
-53
-9
55
102
109
81
53
59
98
149
180
173
134
99
91
111
133
132
104
55
10
-14
-13
-2
-2
-22
-54
-80
-82
-62
-34
-15
-12
-18
-17
-1
35
82
117
134
140
145
161
186
210
228
231
218
202
196
200
208
211
207
189
168
154
153
161
168
164
151
135
124
124
133
139
137
121
101
90
91
98
96
77
43
3
-29
-49
-64
-84
-121
-165
-205
-232
-246
-257
-280
-311
-341
-356
-354
-339
-333
-338
-348
-352
-336
-309
-275
-250
-237
-226
-203
-160
-109
-71
-51
-47
-41
-24
1
33
53
58
61
64
78
98
114
118
109
96
89
89
92
91
78
57
38
24
20
19
16
13
8
7
13
26
38
45
50
57
69
85
105
126
146
164
180
191
201
205
209
209
207
205
201
194
187
177
166
154
140
124
110
98
90
84
80
76
67
60
54
51
49
45
42
37
30
24
18
8
-4
-20
-39
-55
-69
-82
-100
-124
-148
-173
-194
-212
-229
-246
-262
-277
-283
-286
-281
-275
-266
-256
-247
-235
-217
-200
-179
-155
-126
-92
-59
-30
-6
8
21
33
43
55
63
69
76
84
90
96
101
101
97
91
81
74
63
53
41
27
12
-4
-18
-29
-39
-46
-48
-47
-41
-34
-29
-24
-14
-3
9
22
39
58
77
98
121
142
155
163
168
171
173
174
172
170
163
157
153
147
143
139
132
122
112
104
99
95
96
94
85
75
67
67
69
69
66
56
39
20
4
-6
-17
-28
-41
-56
-74
-91
-104
-121
-139
-164
-186
-204
-218
-226
-234
-242
-250
-253
-255
-251
-242
-232
-220
-210
-193
-171
-142
-110
-83
-62
-46
-31
-16
1
15
23
26
29
35
43
52
58
56
52
48
47
48
48
46
38
29
19
11
7
1
-6
-16
-25
-26
-24
-19
-7
2
7
13
22
36
58
77
96
115
128
139
151
165
176
186
188
186
185
179
177
176
174
171
164
156
150
143
133
123
115
108
99
93
86
77
70
62
53
44
38
31
24
17
6
-7
-19
-30
-40
-55
-68
-84
-100
-114
-128
-145
-164
-188
-210
-227
-236
-243
-253
-265
-277
-283
-282
-276
-264
-252
-241
-228
-212
-188
-155
-119
-91
-72
-62
-50
-31
-12
8
20
26
35
42
53
65
74
77
73
71
71
71
71
71
69
64
56
54
50
46
42
38
42
44
49
55
63
69
76
86
98
109
120
131
142
155
164
170
173
176
180
181
180
177
172
167
159
154
149
143
133
125
118
110
98
83
73
65
55
47
41
31
22
12
2
-7
-18
-30
-40
-52
-66
-81
-96
-110
-120
-129
-139
-151
-166
-178
-187
-195
-199
-208
-220
-232
-237
-235
-237
-237
-238
-237
-231
-220
-206
-188
-171
-155
-137
-111
-82
-49
-19
2
11
19
36
56
75
89
98
106
113
121
128
135
136
135
135
134
132
125
119
110
97
82
72
63
57
47
37
30
23
18
20
20
18
15
14
18
20
25
30
36
40
45
51
53
55
57
61
62
59
56
53
52
54
56
54
52
49
47
44
42
41
41
38
37
36
35
33
34
34
26
19
10
1
-4
-11
-16
-27
-40
-49
-57
-59
-63
-70
-78
-89
-102
-109
-110
-112
-115
-118
-122
-125
-127
-125
-121
-119
-120
-114
-106
-97
-89
-85
-78
-66
-49
-28
-13
-4
-1
5
12
21
30
35
42
48
54
63
69
75
79
78
75
71
66
63
63
63
58
47
36
28
24
19
15
11
6
3
3
2
0
1
2
4
5
7
11
19
28
34
38
39
37
37
39
41
42
42
41
38
36
37
36
34
32
28
25
26
27
30
33
35
37
38
37
35
36
36
33
29
23
19
11
5
-2
-11
-18
-27
-35
-43
-47
-49
-57
-65
-75
-82
-86
-89
-92
-94
-96
-96
-93
-92
-91
-92
-90
-85
-83
-78
-71
-63
-53
-39
-26
-16
-9
-10
-10
-7
-1
7
10
15
23
29
31
33
36
38
40
40
43
43
44
46
46
46
42
37
33
28
28
26
27
28
31
34
34
32
33
31
32
37
39
42
42
44
45
47
49
50
48
44
41
36
36
35
36
36
32
29
25
23
21
21
16
12
9
8
8
8
7
5
5
-1
-4
-3
-5
-10
-14
-19
-23
-29
-33
-36
-41
-46
-50
-52
-53
-60
-66
-72
-76
-78
-77
-77
-78
-81
-83
-82
-76
-73
-74
-72
-67
-58
-49
-40
-35
-28
-19
-10
-2
3
8
11
17
22
26
27
31
35
38
37
34
35
39
42
43
42
39
37
36
40
41
38
35
32
28
27
28
29
30
31
32
32
29
31
32
32
33
32
32
31
31
31
31
30
28
27
25
20
17
16
15
14
13
9
5
1
-3
-3
-4
-4
-7
-9
-9
-9
-8
-7
-9
-13
-15
-15
-14
-13
-13
-16
-20
-25
-28
-26
-28
-30
-30
-29
-29
-28
-29
-32
-37
-39
-39
-39
-40
-39
-40
-39
-40
-39
-37
-33
-32
-31
-30
-26
-22
-14
-2
5
9
9
7
8
14
14
15
13
11
14
19
26
25
22
18
17
19
22
24
23
21
20
20
19
18
17
13
8
6
6
9
14
17
18
16
13
13
14
16
18
19
21
23
26
30
32
32
29
26
24
22
20
17
14
11
11
7
3
0
-5
-7
-5
-5
-3
-3
-5
-6
-5
-7
-10
-11
-14
-17
-18
-16
-17
-19
-21
-23
-23
-21
-21
-20
-19
-20
-19
-20
-21
-22
-21
-22
-23
-22
-22
-23
-20
-23
-26
-24
-21
-20
-17
-16
-13
-11
-8
-4
0
4
8
9
9
7
7
11
11
7
6
8
11
16
17
16
17
14
16
18
17
16
14
10
8
10
10
7
4
0
-5
-6
-3
1
4
5
5
4
4
7
12
15
15
13
15
20
25
26
24
22
19
19
19
22
23
21
20
16
17
14
14
13
11
11
9
7
7
5
3
0
-1
-2
-3
-7
-11
-13
-14
-14
-15
-16
-21
-23
-24
-22
-22
-24
-26
-29
-29
-29
-29
-29
-32
-33
-35
-33
-30
-31
-32
-33
-30
-27
-25
-22
-19
-20
-19
