5
3
4
3
2
-1
-3
-6
-7
-6
-2
-3
-4
-2
-2
-1
-1
-4
-7
-7
-5
-6
-6
-7
-7
-10
-10
-11
-10
-8
-8
-5
-7
-8
-8
-5
-8
-8
-6
-5
-3
-3
-4
-5
-5
-3
-4
-4
-3
-3
-2
-1
1
3
4
6
5
8
7
9
10
9
9
8
7
6
6
6
5
3
5
7
12
15
13
15
17
22
20
16
13
9
5
0
-2
-4
-4
-3
1
7
10
13
8
8
1
-8
-15
-25
-30
-34
-33
-25
-12
-1
15
22
25
26
20
15
2
-12
-25
-36
-43
-47
-42
-30
-21
-8
5
7
10
2
-7
-22
-44
-60
-72
-79
-78
-79
-66
-48
-37
-21
-20
-21
-18
-24
-27
-29
-35
-28
-24
-23
-15
-13
-3
4
6
18
24
35
47
53
66
85
95
110
117
122
139
148
156
163
156
167
183
183
178
154
141
130
93
61
18
-6
-12
-32
-31
-20
-15
1
-3
-9
4
-11
-13
-21
-52
-59
-71
-98
-128
-191
-211
-192
-199
-157
-119
-35
70
141
257
449
578
663
734
724
679
451
201
-87
-496
-912
-1277
-1481
-1575
-1639
-1551
-1419
-1311
-1106
-936
-764
-677
-671
-667
-676
-659
-584
-544
-467
-264
18
324
589
905
1162
1296
1302
1217
1093
970
859
793
749
834
1157
1381
1435
1397
1355
1294
996
641
474
371
284
240
260
443
563
575
544
423
371
320
165
-11
-236
-429
-560
-715
-791
-836
-915
-944
-965
-884
-683
-518
-377
-334
-345
-262
-162
-104
-128
-268
-361
-409
-451
-431
-441
-394
-376
-437
-462
-457
-335
-274
-392
-526
-629
-587
-473
-452
-379
-291
-164
214
815
1842
2909
3417
3531
3287
2748
1686
-24
-1644
-2892
-3914
-4351
-4062
-3112
-1879
-959
-166
447
707
783
514
-35
-611
-1182
-1486
-1432
-1021
-278
361
794
1144
1432
1632
1657
1442
1021
492
69
-74
-59
67
230
431
744
1021
1235
1375
1379
1318
1225
1076
1123
1307
1612
2114
2090
1668
1091
412
-102
-894
-1580
-1685
-1548
-1125
-538
-128
269
288
-90
-564
-1251
-1686
-1903
-2081
-1938
-1660
-1269
-751
-319
138
364
340
307
193
174
211
198
128
-100
-420
-752
-1208
-1622
-1897
-2004
-1831
-1475
-890
-194
425
956
1349
1503
1489
1222
936
722
370
121
-55
12
229
401
546
740
956
1445
2369
2999
3158
2815
2339
1718
340
-1379
-2673
-3507
-3951
-3900
-3256
-1920
-652
258
898
1062
955
641
33
-644
-1385
-2021
-2246
-2191
-1653
-933
-445
-134
25
293
627
805
846
768
628
664
788
936
1059
1031
1047
1072
1085
1188
1288
1417
1573
1663
1905
2182
2269
2164
1625
850
9
-838
-1353
-1565
-1500
-1097
-567
71
705
988
909
421
-276
-881
-1403
-1725
-1814
-1736
-1479
-1137
-765
-396
-237
-254
-391
-555
-634
-620
-482
-308
-211
-248
-356
-545
-826
-1196
-1493
-1516
-1243
-731
-139
441
921
1212
1235
968
528
80
-364
-730
-962
-973
-752
-486
-86
325
639
969
1192
1386
1559
1891
2885
3818
4095
3754
2932
1929
225
-2000
-3761
-4914
-5371
-5035
-4062
-2379
-715
533
1434
1603
1369
902
173
-496
-1095
-1462
-1475
-1287
-656
178
660
738
542
366
290
216
220
244
246
474
874
1282
1523
1464
1379
1315
1222
1210
1220
1426
1950
2449
2760
2700
2301
1712
739
-497
-1630
-2336
-2336
-1798
-958
12
772
1250
1294
806
-54
-1086
-1971
-2503
-2710
-2566
-2153
-1634
-1022
-511
-236
-219
-451
-714
-869
-923
-838
-731
-588
-388
-353
-500
-799
-1137
-1377
-1512
-1394
-987
-413
262
900
1385
1577
1429
1033
476
-133
-677
-1054
-1147
-892
-313
365
910
1404
1811
2010
1906
1532
1350
1291
1686
2745
3658
4021
3448
2537
1466
-452
-2690
-4437
-5290
-5103
-4245
-2748
-777
763
1828
2200
1758
1037
104
-735
-1362
-1850
-1836
-1498
-1007
-233
353
454
-3
-685
-951
-834
-556
-124
368
962
1587
2001
2173
1863
1188
622
272
197
367
698
1281
1897
2347
2567
2241
1652
1022
150
-849
-1733
-2046
-1631
-1023
-408
124
372
491
296
-276
-1062
-1900
-2372
-2370
-2058
-1457
-768
-173
265
334
104
-329
-874
-1224
-1347
-1230
-899
-496
-9
389
482
257
-156
-547
-841
-1008
-916
-537
51
700
1233
1555
1468
1107
681
221
-150
-412
-391
-48
283
562
929
1186
1262
1087
792
569
289
-17
-84
115
868
2434
3653
3955
3425
2575
1612
-402
-2930
-4609
-5262
-5168
-4418
-3051
-1205
167
709
882
517
-204
-878
-1477
-1688
-1614
-1261
-673
-307
128
384
38
-751
-1441
-1463
-904
-129
775
1724
2432
3018
3290
2878
1923
858
282
242
459
898
1448
2045
2508
2873
2749
1875
881
-100
-853
-1467
-1799
-1228
-142
873
1683
2039
1945
1463
494
-657
-1819
-2698
-2845
-2497
-1956
-1402
-1029
-806
-815
-961
-1181
-1482
-1654
-1512
-1052
-524
-93
210
224
-191
-805
-1373
-1717
-1807
-1654
-1098
-273
571
1363
1828
1777
1272
460
-375
-1007
-1356
-1275
-970
-604
-51
515
1074
1359
1473
1513
1287
1074
898
797
802
547
363
625
1127
2382
3422
3469
2860
1761
886
-387
-2387
-3781
-4196
-3995
-3199
-2248
-949
171
486
543
217
-257
-427
-442
-243
-35
73
263
163
-20
-206
-731
-1380
-1813
-1496
-444
700
1681
2362
2580
2588
2219
1385
511
-304
-615
-315
392
1260
1800
2058
2280
2192
1315
84
-776
-1013
-993
-932
-401
648
1608
1958
1734
1036
52
-935
-1852
-2475
-2810
-2778
-2264
-1655
-1132
-832
-860
-1020
-1109
-1011
-764
-473
-31
494
836
869
575
38
-719
-1571
-2134
-2262
-1917
-1185
-285
566
1118
1456
1485
1151
625
40
-516
-840
-810
-421
25
207
408
511
679
869
970
1175
1255
1354
1331
1255
1156
817
505
230
668
1920
2786
2745
2017
1323
501
-1274
-3225
-4036
-4051
-3537
-2663
-1507
-104
451
413
143
-584
-1041
-1160
-979
-564
-290
81
244
155
74
-281
-960
-1577
-1601
-832
332
1457
2353
2690
2544
2100
1286
437
-241
-527
-187
575
1513
2274
2525
2517
2264
1547
611
-155
-240
102
313
575
972
1350
1341
690
-117
-938
-1582
-1844
-1874
-1639
-1313
-957
-746
-861
-1131
-1457
-1740
-1741
-1451
-907
-248
307
733
739
365
-246
-1063
-1780
-2298
-2448
-2217
-1696
-936
-172
435
811
945
973
859
652
432
204
71
-101
-192
-264
-373
-389
-440
-303
-8
271
600
883
1170
1447
1375
1121
815
529
291
-85
-135
786
2703
4091
4088
3271
2501
1468
-748
-3223
-4381
-4387
-3930
-3004
-1649
-220
281
5
-410
-963
-1227
-889
-239
478
1035
1341
1286
784
246
-402
-1299
-1951
-1790
-798
446
1562
2261
2266
1640
836
175
-318
-598
-339
542
1719
2699
3076
2813
2066
1072
97
-544
-738
-331
386
881
1087
1012
793
370
-468
-1272
-1643
-1608
-1116
-583
-236
-189
-540
-956
-1513
-2099
-2411
-2385
-1971
-1305
-543
134
405
324
-32
-655
-1193
-1438
-1346
-1105
-920
-666
-371
-227
-174
-277
-488
-547
-349
235
829
1091
1155
1072
776
255
-420
-802
-802
-687
-268
316
1109
1805
2045
1998
1806
1351
907
611
389
524
655
1830
3508
3974
3297
1884
756
-561
-2604
-3743
-3519
-2861
-1991
-1146
-197
276
-346
-1162
-1850
-2220
-1511
-345
664
1206
1052
825
40
-896
-1349
-1648
-1586
-1154
-174
1205
2162
2388
1890
743
-336
-987
-1153
-668
144
1158
2134
2691
2850
2282
1089
67
-496
-439
53
824
1793
2142
1643
778
-105
-773
-1344
-1636
-1342
-729
-25
410
341
-250
-1155
-1933
-2355
-2330
-1910
-1259
-656
-265
-130
-193
-418
-770
-1076
-1164
-969
-535
-21
309
282
-57
-439
-715
-883
-895
-681
-306
180
668
1091
1167
837
423
-18
-323
-434
-290
43
287
401
504
640
759
820
838
1009
1319
1442
1395
1043
758
722
1315
2544
3123
2902
2054
1017
-298
-2076
-3251
-3370
-3064
-2485
-1649
-684
-102
-572
-1437
-2001
-2126
-1467
-376
542
1045
801
256
-459
-1135
-1280
-1244
-1057
-578
282
1318
1888
1746
1035
-88
-997
-1156
-756
-28
707
1520
2325
2587
2359
1869
1316
984
885
1203
2093
2787
2781
1992
635
-600
-1544
-1981
-1642
-1027
-311
369
736
727
42
-1000
-1798
-1983
-1483
-658
-131
-4
-262
-923
-1729
-2438
-2616
-2254
-1645
-929
-221
376
646
317
-325
-851
-1041
-869
-507
-202
-51
-76
-269
-431
-530
-464
-338
-153
289
788
1016
956
667
238
-202
-396
-125
412
974
1339
1404
1320
1124
851
582
259
442
1259
2769
4158
4130
3071
1449
-186
-1639
-2791
-2897
-2109
-1454
-1053
-896
-836
-1070
-2110
-3018
-3059
-2058
-324
1038
1512
1161
13
-1350
-2363
-2338
-1250
-119
759
1458
1952
1988
1439
551
-360
-1014
-956
-114
940
1606
1577
1318
1080
755
566
710
1252
1957
2366
2517
2430
1975
1329
318
-657
-986
-695
-51
317
302
226
-72
-531
-949
-1250
-1248
-1104
-812
-474
-373
-464
-840
-1385
-1774
-2070
-2015
-1648
-1306
-928
-704
-568
-543
-664
-660
-642
-652
-506
-309
-164
-112
-226
-319
-340
-361
-303
-111
64
179
220
231
215
61
88
275
385
539
692
823
1060
1181
1126
1036
880
949
1012
993
1199
1357
2037
2831
2848
2358
1476
733
-41
-1088
-1624
-1584
-1476
-1490
-1670
-1577
-1362
-1621
-1936
-2072
-1757
-930
-416
-403
-710
-979
-1049
-1273
-1096
-226
587
826
628
546
723
893
981
968
788
684
696
576
408
265
343
603
811
1155
1506
1689
1707
1488
1196
865
657
731
634
309
144
239
386
214
-62
-77
-63
-96
-197
-425
-581
-707
-764
-830
-1003
-1019
-1022
-1194
-1433
-1511
-1325
-1172
-1191
-1138
-938
-840
-845
-793
-636
-554
-506
-316
-73
118
136
70
-41
-144
-148
-168
-230
-316
-390
-415
-450
-398
-217
-122
-46
48
46
67
195
458
844
1120
1345
1515
1698
1948
2073
2543
3043
2894
2210
1320
538
-260
-921
-939
-787
-994
-1382
-1736
-1883
-2155
-2486
-2333
-1906
-1326
-536
-3
-75
-649
-1192
-1291
-1011
-255
721
1242
1162
792
499
531
809
1243
1633
1670
1378
987
668
393
144
96
347
665
895
959
897
832
764
871
1200
1562
1681
1320
687
139
-197
-222
-70
99
257
207
-161
-705
-1217
-1541
-1657
-1568
-1267
-1056
-1142
-1428
-1788
-1996
-1956
-1703
-1220
-726
-433
-390
-558
-727
-818
-847
-720
-496
-275
-64
-109
-307
-481
-627
-576
-502
-306
58
142
47
-74
-65
128
276
494
778
843
672
556
564
767
1122
1422
1708
1776
1746
1785
1680
1985
2649
2908
2628
1923
1244
542
-299
-583
-425
-488
-797
-1263
-1594
-1804
-2211
-2403
-2348
-2172
-1633
-1156
-1047
-1329
-1781
-1875
-1723
-1207
-198
584
778
559
282
289
641
1241
1791
1902
1579
1032
509
285
336
517
755
793
644
502
346
271
330
656
1139
1438
1505
1167
531
-12
-312
-231
138
589
892
736
191
-446
-886
-1056
-1020
-790
-566
-701
-1173
-1637
-1948
-1987
-1731
-1292
-818
-532
-513
-679
-832
-801
-659
-455
-147
162
285
134
-206
-546
-661
-589
-303
93
315
260
-33
-274
-328
-221
134
653
958
974
772
390
105
-30
86
481
910
1639
2367
2710
2970
2873
2314
1394
598
517
531
274
171
-40
-588
-1263
-1726
-1733
-1966
-2406
-2421
-2228
-1902
-1587
-1493
-1591
-1975
-2130
-1820
-1397
-803
-243
-40
-87
-27
506
1316
1884
2181
2152
1703
1191
903
1025
1338
1512
1571
1377
968
633
396
294
346
575
954
1166
1130
910
522
175
14
52
268
454
491
372
119
-103
-185
-190
-111
-47
-67
-188
-555
-933
-1188
-1373
-1449
-1454
-1383
-1334
-1398
-1428
-1319
-1140
-902
-683
-568
-562
-648
-704
-644
-570
-393
-209
-207
-315
-520
-589
-559
-569
-426
-182
25
171
168
244
397
436
582
721
729
594
340
481
1029
1623
2427
3070
3172
2728
1880
1314
886
423
403
448
165
-369
-990
-1330
-1719
-2116
-1975
-1714
-1554
-1492
-1702
-2062
-2457
-2507
-1965
-1337
-747
-315
-365
-642
-765
-369
498
1381
2106
2490
2302
1851
1501
1451
1646
1817
1917
1913
1678
1310
1023
906
1027
1126
1028
816
532
232
-30
-166
-94
-10
-99
-257
-458
-638
-783
-845
-725
-477
-175
-19
-141
-402
-664
-885
-959
-831
-577
-508
-800
-1186
-1461
-1546
-1420
-1175
-890
-716
-806
-948
-981
-897
-691
-572
-493
-428
-462
-398
-276
-113
111
131
89
52
-10
-1
-53
44
302
409
416
375
301
308
339
731
1328
1792
2344
2693
2603
2157
1753
1682
1578
1338
1460
1497
877
-100
-843
-1147
-1529
-1846
-1710
-1509
-1645
-1847
-1970
-2091
-2300
-2372
-2218
-2111
-1830
-1341
-1008
-928
-746
-268
240
565
957
1368
1449
1341
1372
1672
2038
2247
2262
2071
1707
1403
1275
1237
1378
1539
1519
1336
971
655
396
158
137
153
26
-176
-528
-844
-996
-1049
-879
-748
-693
-588
-630
-696
-715
-795
-807
-828
-714
-438
-406
-451
-520
-652
-748
-829
-728
-595
-660
-752
-790
-828
-798
-743
-706
-711
-766
-705
-560
-395
-183
-35
5
60
168
261
309
414
531
539
408
263
268
223
374
796
1420
2141
2358
2138
1683
1194
1004
1010
1140
1313
1090
609
216
-124
-327
-709
-1209
-1543
-1902
-2078
-2113
-2261
-2422
-2699
-2820
-2584
-2224
-1746
-1473
-1480
-1403
-1064
-347
539
1259
1679
1655
1365
1274
1499
1992
2509
2789
2769
2415
2045
1898
1961
2166
2286
2269
2041
1590
1120
713
446
330
238
170
16
-243
-410
-577
-763
-878
-933
-965
-1103
-1250
-1248
-1228
-1245
-1215
-1176
-1152
-1155
-1159
-1127
-1058
-931
-820
-758
-717
-667
-601
-528
-429
-327
-300
-364
-483
-595
-685
-838
-960
-921
-819
-739
-716
-709
-674
-614
-412
-74
220
397
441
409
407
521
765
1167
1615
1994
2304
2300
1974
1605
1485
1634
1655
1524
1499
1216
578
101
-60
-150
-517
-876
-837
-843
-1063
-1294
-1661
-2107
-2528
-2698
-2540
-2346
-2098
-1881
-1866
-1838
-1477
-786
-99
433
897
1157
1166
1228
1613
2147
2438
2507
2502
2358
2135
1994
2026
2227
2338
2206
1922
1566
1304
1120
979
896
659
227
-185
-495
-716
-897
-1099
-1279
-1411
-1446
-1461
-1559
-1627
-1536
-1441
-1433
-1367
-1271
-1264
-1336
-1258
-1006
-769
-675
-652
-666
-736
-761
-732
-561
-341
-182
-76
7
33
-8
-82
-137
-68
-20
-44
-252
-519
-553
-480
-416
-305
-226
-242
-208
-61
293
507
609
1002
1595
2418
2950
2824
2453
2088
1871
1817
1799
1906
1655
814
229
57
44
-202
-809
-1195
-1422
-1712
-1817
-1878
-2061
-2334
-2695
-2768
-2541
-2221
-1924
-2005
-2233
-2104
-1640
-1065
-471
62
402
454
578
1120
1760
2166
2317
2349
2371
2375
2401
2513
2666
2829
2845
2589
2237
1812
1429
1249
1242
1307
1084
476
-127
-475
-599
-694
-904
-1087
-1356
-1741
-1955
-1960
-1844
-1773
-1743
-1632
-1484
-1359
-1284
-1246
-1116
-893
-711
-548
-396
-267
-226
-276
-274
-230
-193
-262
-399
-480
-475
-455
-402
-329
-273
-194
-93
114
270
296
254
137
88
120
55
-9
-13
12
284
756
1485
2128
1977
1500
1302
1510
1929
2059
2055
2008
1441
858
763
787
539
-253
-921
-1037
-1149
-1331
-1521
-1965
-2541
-3106
-3415
-3363
-3247
-3076
-3006
-3043
-2723
-2015
-1284
-746
-327
77
298
389
757
1387
1939
2189
2317
2590
2796
2820
2855
2949
3037
3024
2877
2676
2412
2165
1964
1732
1567
1402
1048
631
384
267
50
-286
-533
-695
-921
-1152
-1298
-1387
-1555
-1770
-1846
-1772
-1692
-1714
-1786
-1790
-1683
-1470
-1188
-941
-751
-624
-559
-513
-445
-327
-293
-429
-516
-473
-435
-448
-513
-568
-675
-859
-875
-742
-624
-545
-521
-396
-114
35
124
262
413
749
1148
1721
2283
2221
1826
1643
1785
2030
1960
1784
1787
1503
1095
1059
1177
993
245
-396
-466
-585
-910
-1228
-1652
-2134
-2531
-2757
-2783
-2777
-2755
-2861
-3152
-3145
-2692
-2142
-1670
-1211
-693
-288
-42
391
1159
1914
2291
2443
2671
2867
2866
2905
3195
3460
3413
3147
2832
2503
2253
2120
1991
1817
1533
1117
666
374
267
69
-321
-717
-966
-1170
-1343
-1451
-1504
-1612
-1849
-1964
-1917
-1814
-1720
-1665
-1610
-1541
-1437
-1296
-1175
-1149
-1086
-978
-848
-631
-398
-206
-233
-424
-466
-332
-180
-90
-97
-232
-450
-559
-430
-282
-273
-350
-525
-647
-598
-472
-386
-234
224
973
1800
2262
2137
1797
1693
1903
2140
2294
2414
2196
1640
1349
1410
1406
977
309
-26
-223
-593
-918
-1221
-1587
-2055
-2535
-2729
-2784
-2845
-2840
-2954
-3074
-2894
-2507
-2072
-1670
-1267
-908
-753
-489
166
899
1382
1662
1929
2211
2447
2715
3058
3339
3436
3330
3132
2944
2788
2657
2466
2191
1848
1491
1157
798
477
254
35
-177
-337
-532
-873
-1292
-1542
-1623
-1693
-1729
-1727
-1772
-1863
-1913
-1847
-1656
-1408
-1193
-1079
-1042
-995
-897
-708
-499
-422
-478
-528
-544
-589
-578
-510
-468
-425
-338
-236
-256
-387
-425
-397
-420
-390
-379
-432
-415
-300
51
507
924
1413
1601
1343
1137
1285
1680
1841
1752
1865
1819
1415
1320
1608
1701
1197
606
571
525
83
-397
-846
-1334
-1912
-2355
-2492
-2660
-2922
-3146
-3304
-3274
-3099
-2828
-2487
-2156
-1748
-1363
-1107
-701
-11
728
1183
1481
1953
2423
2682
2870
3169
3365
3409
3653
3708
3272
2798
2539
2527
2484
2319
2097
1492
848
687
704
581
48
-648
-912
-1010
-1091
-1071
-1312
-1805
-2167
-2100
-1702
-1466
-1444
-1581
-1831
-1817
-1518
-1132
-827
-692
-689
-804
-830
-646
-403
-157
-128
-366
-535
-600
-464
-178
-121
-215
-434
-696
-759
-763
-667
-562
-716
-823
-819
-689
-226
332
938
1307
1086
772
777
1126
1527
1574
1549
1474
1128
971
1156
1339
1130
574
371
516
469
193
-210
-614
-995
-1369
-1494
-1506
-1730
-2141
-2562
-2712
-2536
-2232
-1933
-1771
-1695
-1589
-1485
-1202
-606
47
473
707
1058
1611
2128
2572
3049
3418
3546
3439
3286
3326
3416
3368
3189
2878
2482
1964
1455
1179
964
680
347
-22
-331
-649
-1001
-1252
-1368
-1425
-1652
-1980
-2124
-2195
-2210
-2043
-1817
-1642
-1558
-1466
-1298
-1127
-896
-739
-758
-678
-493
-418
-391
-340
-284
-313
-443
-415
-256
-192
-247
-406
-434
-325
-344
-329
-230
-304
-556
-718
-460
-5
333
645
684
419
361
646
1004
1101
1026
1036
911
813
1030
1246
1184
774
433
558
658
456
146
-179
-502
-913
-1162
-1148
-1275
-1537
-1850
-2212
-2327
-2150
-1900
-1692
-1474
-1217
-1129
-1147
-832
-198
357
705
984
1269
1519
1709
1964
2348
2671
2982
3316
3303
2964
2608
2505
2717
2831
2772
2515
1792
1089
921
1065
994
315
-456
-771
-1005
-1206
-1253
-1549
-2119
-2573
-2635
-2322
-2013
-1928
-2048
-2220
-2095
-1766
-1490
-1144
-835
-809
-919
-887
-655
-352
-69
21
-76
-100
-161
-240
-83
105
99
-31
-45
99
50
-77
-57
-184
-313
-181
94
551
891
789
567
508
641
789
833
960
974
747
679
748
772
704
459
302
344
353
196
-124
-411
-669
-1020
-1221
-1260
-1350
-1536
-1832
-2048
-2041
-1891
-1687
-1589
-1529
-1395
-1389
-1317
-867
-292
158
406
640
1052
1405
1755
2192
2435
2589
2679
2703
2891
3005
2958
2830
2571
2436
2330
2100
1882
1525
1174
985
788
589
265
-203
-650
-951
-1048
-1211
-1497
-1727
-1981
-2155
-2088
-1946
-1883
-1899
-1887
-1844
-1785
-1556
-1264
-1041
-833
-699
-596
-395
-208
-170
-177
-158
-135
-67
86
253
237
62
-32
-55
-51
12
-16
-8
147
323
589
773
692
468
296
462
755
766
650
506
299
221
313
488
510
229
-37
-36
131
159
-112
-486
-827
-1124
-1264
-1263
-1283
-1499
-1908
-2186
-2145
-1877
-1563
-1399
-1341
-1308
-1286
-1075
-601
-45
389
578
704
999
1370
1772
2272
2634
2729
2722
2725
2853
2995
2937
2743
2479
2263
2202
2115
1937
1632
1173
881
803
713
541
170
-336
-718
-901
-985
-1174
-1536
-1919
-2165
-2168
-2007
-1826
-1710
-1718
-1747
-1692
-1534
-1286
-1061
-843
-655
-598
-547
-487
-421
-316
-326
-360
-294
-250
-268
-376
-468
-442
-386
-266
-142
-152
-154
-14
360
905
1204
1098
799
586
654
859
1053
1158
989
693
483
412
510
469
175
-18
-19
29
-51
-287
-554
-909
-1218
-1262
-1162
-1090
-1250
-1651
-1928
-1903
-1687
-1469
-1336
-1242
-1254
-1319
-1192
-823
-356
18
273
587
1002
1380
1644
1852
2110
2375
2583
2806
3020
3041
2830
2590
2475
2424
2304
2052
1690
1342
1037
719
457
227
-95
-464
-714
-829
-976
-1167
-1315
-1444
-1504
-1476
-1482
-1530
-1517
-1452
-1388
-1250
-1028
-905
-904
-848
-752
-647
-450
-256
-209
-262
-342
-403
-397
-283
-168
-209
-318
-442
-646
-767
-705
-529
-270
-8
245
451
530
525
452
464
660
798
877
1011
1048
920
727
626
586
403
249
281
295
195
-47
-386
-697
-955
-1126
-1189
-1183
-1209
-1386
-1565
-1559
-1458
-1337
-1182
-1046
-980
-926
-795
-634
-444
-144
155
406
728
1052
1255
1393
1546
1717
1915
2177
2379
2385
2325
2297
2206
2068
1957
1834
1674
1515
1327
1078
783
412
-4
-305
-447
-592
-844
-1106
-1317
-1521
-1641
-1631
-1617
-1611
-1551
-1470
-1366
-1209
-1041
-957
-882
-667
-439
-308
-160
-26
16
49
155
274
296
269
193
28
-54
-73
-191
-325
-435
-573
-624
-482
-178
101
263
341
245
125
189
274
349
511
644
692
676
614
512
327
183
116
70
151
179
-45
-328
-595
-881
-1112
-1192
-1129
-1145
-1263
-1325
-1361
-1266
-1049
-921
-819
-690
-605
-516
-340
-43
223
425
725
1024
1262
1481
1583
1640
1754
1883
1958
1957
1986
1984
1854
1777
1775
1676
1438
1140
909
750
578
396
182
-57
-353
-729
-980
-1064
-1183
-1349
-1441
-1479
-1591
-1683
-1605
-1508
-1451
-1307
-1156
-1055
-929
-755
-585
-433
-269
-155
-104
-20
48
82
188
323
416
511
562
509
417
354
255
96
8
30
51
131
312
399
316
142
-7
-57
-57
-22
36
67
102
140
184
275
300
226
143
90
97
120
92
-10
-218
-441
-609
-757
-835
-879
-994
-1139
-1219
-1184
-1077
-979
-873
-774
-700
-563
-369
-176
21
229
464
702
933
1162
1308
1375
1476
1618
1731
1771
1740
1672
1611
1562
1496
1412
1306
1121
886
735
640
473
258
71
-118
-315
-451
-566
-727
-889
-1021
-1136
-1220
-1278
-1352
-1404
-1366
-1281
-1209
-1105
-1011
-1016
-1013
-870
-674
-520
-386
-272
-209
-150
-64
0
58
142
176
171
234
294
245
182
196
206
166
165
198
212
243
296
352
426
464
407
324
298
267
201
211
283
295
278
305
316
260
185
124
55
-12
-59
-119
-178
-231
-318
-425
-501
-590
-719
-815
-842
-859
-851
-781
-721
-696
-637
-539
-436
-294
-109
56
216
418
610
776
961
1110
1179
1249
1353
1420
1459
1515
1504
1387
1262
1145
1001
876
756
579
402
271
100
-107
-249
-377
-561
-681
-702
-781
-926
-1010
-1047
-1065
-1016
-953
-956
-967
-935
-896
-813
-674
-608
-627
-584
-484
-415
-333
-231
-213
-221
-144
-62
-37
-6
6
-46
-57
16
65
69
94
115
137
222
326
365
381
405
380
358
420
479
442
406
428
411
372
392
409
370
334
305
241
195
156
32
-94
-128
-171
-282
-349
-387
-501
-613
-641
-659
-664
-605
-570
-574
-506
-417
-397
-330
-167
-51
13
151
304
390
490
613
700
805
940
1007
1031
1090
1112
1070
1083
1121
1064
975
918
803
643
542
432
229
46
-91
-267
-441
-556
-690
-848
-946
-1018
-1100
-1110
-1089
-1143
-1164
-1058
-951
-915
-843
-740
-695
-638
-497
-358
-274
-227
-234
-252
-175
-49
3
18
48
26
-21
17
86
100
119
166
180
187
227
236
233
308
395
413
428
448
415
400
473
523
511
522
512
438
402
417
384
331
314
252
138
69
18
-60
-101
-133
-232
-327
-353
-391
-451
-454
-447
-491
-514
-489
-477
-453
-386
-314
-233
-123
-39
4
86
228
360
474
578
615
598
632
721
785
801
771
676
570
521
500
446
369
260
110
-17
-98
-180
-258
-308
-363
-457
-535
-584
-627
-638
-605
-579
-578
-568
-556
-542
-491
-408
-340
-284
-228
-202
-184
-125
-58
-17
21
45
19
-6
16
44
60
81
69
18
-12
-16
-20
3
30
6
-41
-54
-62
-61
-19
27
28
19
25
27
50
114
165
180
197
204
190
200
234
250
252
252
216
157
136
132
106
87
73
28
-24
-38
-48
-77
-84
-79
-91
-96
-79
-82
-98
-75
-23
10
45
85
94
103
162
235
280
334
383
379
376
420
443
426
431
421
344
271
224
139
48
-1
-66
-171
-250
-315
-394
-437
-430
-441
-463
-446
-433
-424
-368
-305
-269
-223
-167
-132
-90
-29
1
5
26
27
8
13
8
-41
-86
-120
-172
-209
-213
-229
-258
-263
-268
-279
-255
-213
-191
-156
-115
-94
-71
-39
-20
-10
14
29
29
40
45
29
17
24
28
44
81
101
101
104
113
127
166
216
247
255
250
242
242
260
294
309
294
266
236
212
211
230
235
218
204
190
169
176
209
221
223
230
221
202
211
229
218
209
206
169
132
121
101
59
30
-1
-57
-107
-146
-198
-246
-286
-330
-379
-410
-428
-451
-463
-459
-466
-457
-430
-411
-386
-346
-302
-268
-234
-200
-174
-143
-89
-50
-30
-7
7
2
13
41
49
47
55
41
12
3
5
-5
-4
8
0
-21
-19
-9
-3
23
59
71
78
95
104
114
140
167
168
170
177
170
177
189
185
176
168
153
134
128
128
115
101
93
68
40
34
30
20
24
28
10
-1
9
9
7
31
43
31
31
35
24
22
40
37
15
11
11
-4
-2
13
3
-13
-12
-17
-30
-19
-6
-19
-29
-26
-34
-44
-40
-48
-77
-96
-107
-129
-131
-120
-131
-143
-146
-153
-161
-146
-118
-109
-102
-84
-78
-75
-53
-40
-44
-42
-40
-41
-30
-7
8
9
15
16
6
5
16
22
20
25
25
20
27
35
36
39
41
36
33
45
57
67
79
83
78
75
71
68
70
79
81
80
85
90
85
82
82
70
53
43
26
14
14
15
9
3
0
-13
-22
-21
-25
-31
-28
-28
-30
-25
-13
-9
-9
-8
-11
-15
-11
-11
-16
-18
-24
-35
-39
-31
-23
-24
-26
-32
-43
-48
-45
-43
-39
-31
-32
-33
-27
-19
-21
-27
-26
-27
-27
-19
-16
-16
-11
-6
-8
-8
-1
2
0
1
-1
-3
1
5
7
10
10
3
-3
-4
-4
-6
-6
-12
-20
-21
-22
-19
-12
-6
-3
-7
-9
-10
-4
4
11
13
16
19
23
26
34
42
40
34
29
22
22
27
27
25
24
24
22
20
24
23
18
14
9
5
4
4
2
4
7
7
5
4
4
8
12
9
10
12
4
-1
3
9
13
18
23
24
22
22
21
21
23
22
17
13
11
4
1
3
-7
-22
-28
-28
-36
-44
-44
-45
-48
-53
-55
-56
-48
-43
-41
-38
-29
-30
-34
-27
-15
-11
-11
-7
-10
-16
-17
-13
-9
-3
-2
-11
-14
-12
-15
-17
-10
-6
-6
-7
-2
1
6
14
17
19
26
31
26
24
28
29
34
36
33
28
32
37
37
35
35
32
28
28
24
21
24
20
14
12
12
6
0
-1
