-2
-3
-2
0
2
3
0
1
1
2
2
0
1
2
5
5
2
2
3
1
1
0
0
2
1
-1
-2
-2
-2
-2
-1
0
-1
-2
-1
-1
-1
0
0
1
0
0
1
0
1
3
3
3
4
2
3
3
2
0
0
-1
0
1
1
-1
-2
-1
-1
-2
-3
-3
-4
-2
-2
-2
0
0
0
0
-1
0
1
0
0
-1
-2
0
-2
1
1
0
0
0
-1
0
0
-1
1
-1
-2
0
0
-2
-3
-1
-1
-2
0
1
-2
-2
-2
0
0
1
2
1
2
0
0
1
2
2
1
3
2
2
3
2
0
2
2
2
1
1
2
2
1
1
-1
-1
-1
1
2
1
-1
1
3
1
1
1
0
22
23
-3
-28
-30
-2
19
18
-2
-20
-32
-24
-3
15
14
-9
-24
-28
-16
12
26
12
-18
-28
-14
8
13
7
3
-4
-6
3
16
20
7
-5
0
17
23
14
2
-5
1
12
24
18
-3
-17
-15
-1
14
17
6
-12
-25
-19
5
34
20
-12
-30
-31
-34
-14
19
12
-17
-34
-20
3
4
-15
-5
40
52
26
-12
-39
-26
81
201
179
22
-159
-197
-49
113
145
34
-160
-320
-282
-48
147
136
-57
-258
-294
-150
79
202
105
-123
-258
-173
24
144
119
53
-7
34
179
264
241
130
78
148
247
289
203
84
21
76
223
300
221
-34
-229
-201
-8
146
145
-12
-254
-363
-298
-69
52
-1
-162
-352
-450
-226
488
960
737
-14
-388
8
561
799
621
236
-275
-504
-261
186
334
30
-401
-798
-862
-507
-99
-162
-682
-1107
-1076
-793
-703
-716
-763
-825
-818
-628
-301
-165
-300
-463
-263
155
468
525
376
306
440
795
1199
1371
1181
834
706
932
1309
1503
1356
937
526
463
703
842
738
551
251
-31
-231
-334
-248
-230
-359
-563
-669
-645
-683
-712
-635
-549
-545
-609
-742
-744
-629
-501
-351
-293
-388
-509
-479
-373
-185
-48
-40
-72
-126
11
224
272
206
50
-43
74
69
198
223
150
-63
47
1874
3117
2164
-233
-1399
48
1941
2467
1566
288
-1176
-1848
-802
1067
1674
296
-1532
-2684
-2531
-1057
596
589
-1443
-3309
-3264
-1808
-931
-1017
-1183
-1693
-2238
-1827
-535
442
-16
-994
-829
275
1098
1148
732
492
695
1380
2417
2944
2283
1126
657
1216
2271
2862
2584
1553
304
-3
839
1798
1878
1290
538
-119
-502
-507
75
522
311
-221
-752
-979
-974
-793
-258
115
-190
-870
-1359
-1326
-898
-509
-359
-375
-702
-1170
-1184
-790
-356
-227
-398
-491
-641
-780
-743
-574
-380
-306
-355
-368
-446
-740
-685
-357
-121
-44
-148
-257
-442
-499
-187
384
655
452
105
-54
165
379
585
788
654
312
209
290
547
630
1063
2427
2966
1834
-22
-496
935
2405
2474
1558
320
-954
-1235
-242
1228
1534
160
-1537
-2483
-2312
-1049
253
38
-1624
-3168
-3242
-2160
-1508
-1415
-1438
-1828
-2245
-2069
-1156
-272
-381
-836
-516
230
681
711
655
911
1325
1819
2484
2747
2199
1419
1237
1877
2675
2850
2336
1455
642
586
1242
1848
1834
1098
232
-229
-417
-328
67
118
-328
-939
-1251
-1159
-1072
-1106
-1043
-851
-957
-1361
-1651
-1516
-1284
-1158
-890
-678
-836
-1180
-1301
-1019
-472
-195
-222
-316
-557
-776
-583
-90
228
242
104
-13
-154
-213
59
445
607
331
-52
-123
-56
74
220
480
468
119
-333
-255
-48
680
2914
4203
2893
-303
-1732
475
3343
3896
2450
630
-1118
-1826
-626
1843
2765
858
-1640
-2983
-2830
-1112
837
945
-1264
-3860
-4071
-2352
-1426
-1489
-1639
-2076
-2751
-2810
-1580
-200
-500
-1625
-1347
51
903
720
173
230
881
1801
2998
3528
2665
1284
846
1897
3523
4233
3661
2191
669
457
1648
2937
3038
2018
750
-65
-592
-615
109
454
-72
-1167
-2036
-2155
-1937
-1667
-1198
-951
-1442
-2299
-2710
-2204
-1463
-1125
-1029
-1100
-1365
-1558
-1443
-893
-292
-200
-337
-310
-190
-195
-162
112
370
513
571
584
304
-23
69
528
961
778
392
95
-129
-143
149
698
694
85
-598
-777
-383
-54
1230
3307
3612
1266
-1533
-1467
1480
3770
3388
1564
-344
-1663
-1493
501
2789
2697
121
-2492
-3419
-2362
-36
1531
474
-2566
-4784
-4133
-2069
-1118
-1318
-1893
-2777
-3426
-2838
-1083
59
-622
-1554
-1069
101
637
495
477
999
1679
2342
3134
3344
2521
1662
1871
3133
4278
4284
3347
2107
1283
1546
2612
3295
2875
1690
566
11
-215
-119
290
199
-703
-1838
-2391
-2150
-1773
-1695
-1697
-1760
-2243
-2796
-2757
-2182
-1764
-1847
-1841
-1617
-1548
-1627
-1519
-1081
-704
-591
-457
-61
-14
-388
-511
-203
343
604
592
399
-19
-294
23
641
942
765
348
85
-92
-129
229
718
795
325
-271
-569
-419
81
1465
3512
3931
1812
-891
-1104
1527
3958
3992
2395
490
-1061
-1169
604
3017
3241
583
-2258
-3080
-1991
-176
913
67
-2328
-4398
-4294
-2669
-1739
-1947
-2485
-3115
-3607
-3223
-1940
-918
-1248
-2047
-1691
-559
142
191
229
642
1189
1918
2959
3543
2952
2026
2050
3228
4426
4590
3935
2906
1994
1940
2785
3629
3505
2405
1254
484
68
148
583
603
-354
-1694
-2386
-2191
-1734
-1610
-1792
-2125
-2663
-3048
-2919
-2441
-2134
-2314
-2469
-2251
-1960
-1850
-1758
-1495
-1206
-930
-597
-270
-211
-509
-621
-101
583
869
736
436
165
105
487
1048
1285
1040
496
102
113
288
628
1025
855
249
-397
-358
331
1190
2823
3858
2661
-128
-1567
313
3257
4005
2383
505
-885
-1489
-487
1758
2921
1176
-1868
-3302
-2605
-992
393
310
-1654
-4015
-4692
-3239
-1696
-1637
-2268
-2927
-3501
-3424
-2283
-864
-657
-1580
-1840
-829
135
460
618
949
1363
1796
2585
3533
3583
2690
2263
3046
4364
4892
4368
3447
2615
2346
2885
3730
3877
3055
1717
630
239
283
592
604
-320
-1729
-2583
-2431
-1768
-1531
-1954
-2613
-3204
-3437
-3182
-2536
-2123
-2407
-2927
-2958
-2424
-1878
-1520
-1377
-1330
-1329
-1162
-538
35
73
-330
-567
-170
505
809
763
393
-138
-98
467
1074
1228
620
-55
-191
36
561
947
784
119
-578
-492
390
1289
2220
3225
2849
981
-589
61
2601
3945
2848
1073
-52
-539
-124
1219
2513
2020
-405
-2336
-2428
-1292
132
535
-825
-3102
-4558
-3865
-2100
-1548
-2221
-3016
-3661
-3802
-3002
-1529
-669
-1396
-2339
-1871
-639
199
542
842
1280
1547
1910
2903
3673
3435
2839
2975
4018
4856
4671
4011
3421
3030
3246
3819
3955
3363
2382
1492
898
542
400
382
-78
-1197
-2290
-2523
-2104
-1965
-2283
-2765
-3229
-3503
-3502
-3160
-2737
-2748
-3214
-3407
-2987
-2434
-2089
-1834
-1659
-1685
-1534
-1017
-253
162
-93
-440
-356
205
695
1020
1019
519
59
239
873
1398
1385
778
230
-92
129
836
1233
973
211
-354
-42
649
1740
3519
3838
1856
-657
-952
1661
4044
3698
1797
227
-795
-728
748
2653
2811
343
-2224
-2780
-1807
-238
738
-166
-2614
-4704
-4474
-2440
-1501
-2165
-2960
-3598
-3964
-3476
-1987
-755
-1264
-2456
-2185
-785
91
253
525
1149
1566
1800
2647
3717
3723
3013
2924
3862
4901
4993
4397
3765
3152
3087
3709
4206
3779
2397
1412
1021
682
472
328
-108
-1143
-2315
-2630
-2148
-2002
-2494
-3080
-3350
-3515
-3612
-3275
-2817
-2967
-3506
-3579
-2957
-2235
-1999
-2030
-1850
-1597
-1427
-889
-127
241
-19
-340
-17
571
955
1081
989
660
328
518
1338
1810
1404
785
243
126
346
760
1023
722
47
-305
44
560
1527
2922
3440
1931
-411
-869
1238
3392
3367
1819
128
-821
-711
524
2219
2428
436
-1868
-2708
-1958
-399
567
-243
-2560
-4587
-4499
-2798
-1697
-1930
-2786
-3671
-4179
-3689
-2140
-804
-1090
-2310
-2466
-1350
-123
517
916
1336
1463
1630
2525
3761
4174
3753
3447
3925
4727
5100
4971
4480
3862
3579
3959
4453
4229
3177
2077
1339
864
720
658
172
-991
-2306
-2853
-2499
-2151
-2403
-3070
-3824
-4240
-4164
-3641
-3067
-3138
-3755
-4155
-3784
-2881
-2166
-1968
-2017
-2102
-1959
-1278
-389
187
25
-477
-489
30
725
1188
1238
807
316
393
990
1570
1531
990
497
219
189
647
1088
952
501
0
50
473
1182
2714
3722
2586
180
-964
603
3117
3737
2394
670
-656
-897
306
2132
2828
1119
-1482
-2611
-2051
-606
734
399
-1894
-4290
-4678
-2878
-1321
-1530
-2493
-3449
-4174
-3904
-2286
-553
-561
-2107
-2812
-1753
-310
564
1025
1299
1331
1308
2045
3491
4266
3843
3294
3537
4355
4933
4905
4480
3809
3405
3713
4423
4225
2892
1602
922
881
820
508
-113
-1327
-2661
-3055
-2412
-1927
-2425
-3531
-4228
-4405
-4203
-3580
-3037
-3322
-4184
-4507
-3750
-2585
-2018
-2068
-2160
-2097
-1846
-1018
70
524
127
-504
-394
410
1203
1743
1801
1231
562
592
1444
2186
2045
1261
571
315
476
974
1505
1409
591
5
17
955
2416
3458
2848
687
-854
-187
1964
3140
2584
993
-625
-1321
-476
1439
2444
1215
-1205
-2628
-2452
-1173
207
294
-1579
-4186
-5065
-3457
-1480
-1186
-2174
-3369
-4179
-3947
-2428
-603
-224
-1625
-2743
-2192
-696
581
1306
1553
1402
1205
1758
3058
3980
4015
3611
3540
3964
4523
4976
4889
4231
3598
3688
4253
4358
3578
2422
1560
1010
809
794
437
-621
-1970
-2772
-2709
-2394
-2512
-3027
-3704
-4313
-4561
-4148
-3491
-3327
-3854
-4380
-4128
-3267
-2477
-2110
-2084
-2159
-2043
-1502
-468
393
391
-119
-433
-118
732
1595
1972
1681
954
476
992
1814
2197
1942
1251
698
432
721
1098
1351
1052
387
16
107
1333
3038
3357
1564
-575
-912
822
2443
2472
1525
55
-1300
-1315
304
2157
2038
-254
-2238
-2526
-1655
-194
785
-124
-2688
-4901
-4559
-2241
-744
-1160
-2531
-3908
-4436
-3413
-1361
66
-604
-2279
-2746
-1728
-234
915
1522
1480
1112
1241
2391
3649
3911
3595
3556
4017
4509
4833
4953
4670
3907
3584
4172
4666
4242
2955
1827
1222
989
986
886
117
-1317
-2431
-2566
-2087
-2048
-2632
-3351
-3949
-4299
-4127
-3519
-3205
-3676
-4471
-4622
-3858
-2812
-2248
-2333
-2702
-2832
-2261
-1010
101
322
-266
-890
-806
134
1294
2035
1926
1023
419
712
1710
2311
2044
1350
775
665
760
1147
1399
1169
540
90
430
1780
3233
2931
995
-818
-595
1358
2600
2116
765
-758
-1754
-1145
804
2401
1651
-1057
-2994
-2828
-1252
553
1117
-531
-3343
-4985
-3935
-1493
-201
-734
-2270
-3857
-4222
-2605
-207
729
-512
-2111
-2182
-989
383
1442
1819
1469
943
1385
2888
3899
3708
3095
3057
3692
4418
4851
4722
3977
3187
3339
4150
4363
3752
2644
1646
919
446
511
569
-144
-1401
-2292
-2544
-2520
-2616
-2874
-3197
-3716
-4141
-4076
-3792
-3745
-3959
-4140
-4066
-3740
-3242
-2716
-2389
-2451
-2522
-2030
-1135
-314
13
-114
-365
-387
116
956
1759
1944
1474
1001
1048
1557
2018
2096
1753
1408
1267
1229
1388
1390
1155
1002
952
1411
2443
3258
2619
767
-614
33
1883
2594
1686
-24
-1484
-1973
-988
905
1961
661
-2013
-3511
-3045
-1262
433
597
-1289
-4003
-5159
-3722
-1403
-388
-1005
-2545
-3856
-3742
-1898
364
910
-583
-2023
-1804
-382
1129
2007
2014
1348
865
1714
3431
4293
3682
2723
2588
3333
4258
4905
4732
3650
2791
2969
3935
4113
3148
2004
1194
613
229
227
127
-660
-1778
-2184
-2047
-2105
-2572
-3020
-3221
-3353
-3386
-3235
-3244
-3693
-4114
-4020
-3497
-3142
-2954
-2728
-2596
-2529
-2353
-1725
-979
-535
-362
-246
-70
42
359
905
1423
1618
1522
1501
1557
1667
1710
1850
2025
2065
2006
1871
1851
1530
1334
1500
2621
4236
3998
1711
-909
-1218
839
2638
2545
934
-1457
-3484
-3444
-1098
1657
1676
-1395
-4594
-5499
-3851
-897
969
-182
-3631
-6225
-5568
-2563
-212
96
-1235
-3377
-4376
-2872
387
2518
1645
-605
-1518
-580
1148
2833
3570
2978
1563
1090
2647
4588
4948
3817
2676
2516
3300
4317
4980
4479
2901
1841
2171
3216
3696
3144
1782
260
-740
-623
314
602
-399
-1897
-2794
-2850
-2433
-1931
-1719
-2303
-3528
-4263
-3923
-3034
-2562
-2725
-3127
-3568
-3810
-3481
-2477
-1580
-1499
-1943
-2190
-2023
-1570
-889
-102
297
0
-460
-462
265
1136
1590
1637
1327
914
931
1273
1646
2076
2137
2044
1747
1353
1460
2210
3485
4598
4176
1957
-100
-348
1286
2912
2867
1270
-1057
-3025
-3033
-907
1209
1082
-1499
-4278
-5186
-3950
-1485
363
-557
-3743
-6230
-5758
-3027
-796
-396
-1398
-3110
-4042
-2739
139
2176
1674
-110
-852
-113
1420
3007
3800
3379
2241
1893
3132
4642
4956
4100
2982
2630
3242
4365
5024
4278
2555
1341
1529
2458
3068
2683
1268
-584
-1724
-1317
4
574
-399
-2018
-3066
-3037
-2306
-1446
-1163
-1935
-3335
-4264
-3911
-2855
-2090
-2083
-2753
-3510
-3816
-3259
-2021
-1123
-1283
-2084
-2626
-2302
-1363
-450
53
-97
-522
-758
-372
524
1216
1380
1190
921
931
1158
1560
2079
2145
2004
1973
2230
2736
3439
4340
4646
3513
1595
750
1529
2559
2547
1577
202
-1330
-2357
-1857
-349
81
-1427
-3535
-4629
-4362
-3309
-2029
-1673
-3163
-5285
-5803
-4326
-2562
-1929
-2192
-2705
-3180
-2784
-968
985
1319
242
-326
622
2122
3177
3676
3628
3110
2865
3666
4972
5378
4540
3522
3217
3569
4186
4652
4309
2990
1549
1234
2024
2663
2427
1413
23
-1134
-1461
-765
152
42
-1076
-2241
-2734
-2420
-1708
-1155
-1217
-2080
-3138
-3497
-3071
-2448
-2126
-2212
-2568
-2972
-3117
-2751
-2143
-1779
-1712
-1850
-2039
-2144
-1986
-1506
-965
-561
-427
-507
-477
-393
-193
371
915
1089
919
710
1015
1559
1915
2315
2682
3053
3761
4599
4709
3643
2106
1601
2493
3382
3202
1947
99
-1446
-1783
-714
613
302
-1852
-4162
-5098
-4289
-2595
-1536
-2290
-4656
-6529
-6147
-4130
-2251
-1779
-2672
-3888
-4201
-2766
-191
1471
1181
-25
-495
500
2373
3995
4604
4041
3029
2963
4278
5716
5875
4723
3384
2960
3631
4709
5255
4421
2465
963
953
2043
2973
2711
1270
-563
-1703
-1414
-163
711
239
-1316
-2699
-2967
-2158
-1023
-558
-1209
-2524
-3556
-3545
-2708
-1926
-1855
-2484
-3177
-3339
-2928
-2292
-1969
-2174
-2578
-2672
-2318
-1790
-1508
-1540
-1671
-1589
-1114
-489
-96
-133
-374
-324
173
686
1050
1117
900
839
1056
1635
2510
3004
3395
4134
4667
4314
3024
1821
2003
2952
3371
2912
1607
-62
-1314
-1399
-180
940
183
-2107
-4219
-4789
-3646
-1909
-1167
-2283
-4612
-6156
-5528
-3521
-1793
-1451
-2469
-3736
-3794
-1966
599
1824
1096
-173
-425
720
2531
4009
4384
3479
2398
2627
4146
5464
5379
4060
2805
2529
3273
4450
4837
3654
1624
336
716
2106
2932
2384
703
-1183
-2022
-1272
263
1050
206
-1549
-2786
-2801
-1826
-725
-487
-1397
-2837
-3702
-3371
-2440
-1863
-1999
-2660
-3283
-3387
-2902
-2273
-2053
-2305
-2553
-2407
-2059
-1785
-1674
-1590
-1395
-959
-498
-181
-202
-313
-102
486
1130
1356
1220
1026
1074
1415
2154
3022
3988
4721
4911
4197
2922
2109
2458
3384
3676
2961
1492
-84
-1141
-1010
66
804
-81
-2154
-3953
-4435
-3554
-2143
-1465
-2474
-4574
-5927
-5423
-3775
-2387
-1997
-2515
-3388
-3613
-2356
-282
989
784
-30
-155
650
1852
2995
3575
3312
2786
2834
3650
4451
4285
3437
2820
2834
3347
3796
3619
2802
1685
1093
1558
2409
2695
2052
759
-333
-589
27
983
1188
268
-918
-1437
-1123
-468
-135
-410
-1246
-2223
-2597
-2237
-1856
-2009
-2572
-3003
-3019
-2779
-2577
-2659
-3075
-3435
-3180
-2396
-1779
-1852
-2377
-2709
-2366
-1374
-245
291
-119
-866
-973
-95
1165
1916
1762
1001
371
540
1636
3051
4123
4669
4740
4212
3070
2074
2064
2885
3394
2917
1665
146
-1222
-1753
-979
250
439
-1054
-3109
-4416
-4313
-3056
-1571
-1338
-2912
-4981
-5637
-4414
-2677
-1605
-1524
-2173
-2958
-2782
-1244
611
1295
724
191
456
1320
2308
3098
3317
2944
2636
3047
3811
3908
3204
2425
2282
2766
3361
3471
2708
1427
636
1038
2134
2896
2671
1651
426
-285
43
1116
1917
1593
463
-535
-743
-323
175
289
-175
-1050
-1867
-2182
-2119
-2051
-2277
-2656
-2932
-3053
-3156
-3345
-3555
-3648
-3480
-3156
-2836
-2774
-2911
-2929
-2536
-1815
-1155
-808
-781
-839
-645
-6
815
1309
1218
917
875
1155
1674
2382
3190
4082
4859
5138
4375
2794
1610
1849
2863
3323
2636
1079
-750
-2106
-1991
-551
544
-256
-2413
-4288
-4650
-3498
-1751
-893
-1968
-4135
-5293
-4425
-2545
-1108
-811
-1472
-2465
-2619
-1146
992
1955
1213
105
4
1070
2492
3438
3374
2455
1719
2138
3406
4160
3645
2254
1167
1167
2125
3156
3110
1726
124
-360
515
1939
2713
2353
1074
-249
-481
607
1970
2347
1481
231
-373
-154
499
904
569
-409
-1382
-1768
-1607
-1460
-1770
-2413
-2993
-3200
-3098
-3016
-3250
-3726
-4047
-3860
-3221
-2683
-2647
-2999
-3233
-2899
-2020
-994
-298
-294
-699
-772
-157
861
1633
1740
1331
894
996
1997
3389
4615
5363
5382
4306
2574
1499
2079
3368
3627
2519
817
-781
-1893
-1868
-702
310
-352
-2300
-4008
-4488
-3720
-2193
-1050
-1555
-3459
-4840
-4348
-2786
-1513
-933
-913
-1456
-1957
-1349
307
1504
1363
714
662
1240
1937
2548
2876
2641
2151
2197
2894
3408
3031
2086
1385
1327
1763
2249
2175
1266
66
-375
310
1451
2101
1900
1026
26
-330
422
1697
2299
1768
762
114
50
393
865
1008
429
-598
-1348
-1446
-1243
-1246
-1595
-2104
-2618
-2993
-3169
-3204
-3233
-3321
-3405
-3361
-3196
-3020
-2913
-2832
-2580
-2079
-1474
-994
-780
-735
-544
-102
518
1022
1207
1070
902
1139
2028
3341
4684
5621
5431
3805
1749
1169
2510
4053
3934
2245
131
-1532
-2134
-1252
304
654
-976
-3293
-4594
-4373
-2996
-1380
-989
-2600
-4784
-5296
-3901
-2275
-1486
-1312
-1547
-2094
-2037
-691
913
1245
567
352
1076
1956
2484
2745
2667
2311
2301
3064
3894
3789
2745
1675
1252
1538
2257
2764
2272
765
-544
-485
739
1868
2128
1614
654
-303
-453
638
2079
2465
1547
428
-45
81
524
1095
1257
541
-618
-1270
-1164
-898
-908
-1175
-1621
-2208
-2666
-2822
-2870
-3049
-3207
-3157
-3042
-3054
-3134
-3135
-3089
-2942
-2511
-1809
-1226
-1058
-1120
-1013
-633
-174
174
433
649
852
1209
2005
3361
4726
5090
3950
2120
1212
1960
3380
3902
2900
1009
-708
-1438
-892
302
858
-81
-2037
-3607
-3701
-2379
-862
-687
-2195
-3992
-4416
-3340
-2012
-1360
-1409
-1841
-2127
-1575
-99
1164
1071
67
-388
445
1980
3132
3229
2306
1279
1365
2750
4259
4542
3480
1949
803
633
1556
2779
2975
1536
-437
-1250
-437
1128
2180
2036
791
-732
-1296
-393
1164
2113
1819
657
-560
-1079
-503
677
1350
833
-411
-1300
-1369
-957
-527
-425
-821
-1575
-2185
-2304
-2189
-2261
-2486
-2604
-2554
-2475
-2466
-2600
-2898
-3064
-2660
-1735
-927
-753
-1073
-1357
-1197
-530
320
815
673
232
215
1194
3079
4865
5042
3084
563
-107
1680
4044
4681
2984
185
-1835
-1782
66
1931
2034
144
-2468
-4099
-3596
-1220
967
618
-2225
-4849
-4914
-2886
-899
-308
-1047
-2281
-2818
-1823
120
1337
961
-175
-739
-190
1201
2631
3012
1958
646
756
2412
3980
3992
2555
896
232
1024
2620
3531
2717
726
-789
-671
797
2381
2851
1740
-253
-1613
-1214
557
2109
2168
845
-668
-1221
-573
594
1259
888
-162
-1049
-1206
-769
-357
-440
-964
-1498
-1690
-1561
-1428
-1632
-2204
-2705
-2607
-1951
-1442
-1673
-2421
-2947
-2764
-1923
-896
-299
-481
-1102
-1341
-776
181
827
834
356
-189
-316
247
1285
2323
2990
2975
2051
562
-367
171
1718
2801
2372
661
-1120
-1693
-660
1028
1792
937
-782
-2051
-2102
-1022
414
1032
160
-1556
-2641
-2273
-991
55
166
-531
-1252
-1205
-332
553
602
-99
-700
-533
279
1025
1071
407
-272
-149
816
1751
1729
711
-423
-742
14
1274
2060
1745
601
-341
-185
989
2253
2682
2118
1159
567
734
1461
2177
2353
1896
1231
885
985
1201
1222
1051
820
540
150
-304
-761
-1201
-1496
-1478
-1266
-1327
-1901
-2679
-3142
-3056
-2581
-2088
-1996
-2462
-3073
-3179
-2564
-1652
-995
-813
-1003
-1231
-1097
-500
147
356
174
39
220
598
933
1058
874
490
245
367
712
945
921
714
454
259
185
199
227
289
434
583
565
343
127
144
424
792
1006
913
599
370
483
876
1208
1203
884
497
255
224
317
397
333
112
-135
-259
-242
-243
-390
-601
-687
-611
-558
-734
-1124
-1475
-1530
-1285
-977
-879
-1044
-1235
-1102
-534
172
549
449
198
246
725
1366
1800
1863
1638
1374
1319
1573
1973
2183
2028
1685
1481
1512
1555
1387
1026
614
241
-38
-195
-334
-618
-1049
-1439
-1637
-1684
-1691
-1740
-1887
-2095
-2198
-2038
-1669
-1291
-1040
-943
-949
-976
-903
-650
-288
16
135
78
-29
-61
45
228
342
300
147
-4
-71
-37
65
121
49
-115
-265
-354
-380
-283
-45
189
206
2
-216
-261
-99
187
457
564
470
323
329
555
868
1096
1151
1034
841
718
782
988
1147
1117
920
645
357
121
6
13
13
-133
-451
-840
-1155
-1278
-1176
-980
-893
-985
-1141
-1201
-1087
-808
-465
-234
-210
-265
-174
94
394
638
851
1034
1136
1172
1228
1316
1386
1449
1532
1577
1477
1257
1080
1010
934
729
416
99
-168
-359
-468
-560
-753
-1063
-1332
-1394
-1258
-1083
-1000
-1016
-1030
-942
-751
-553
-441
-401
-341
-197
-15
125
198
196
94
-58
-132
-66
41
45
-82
-266
-416
-449
-358
-272
-351
-571
-733
-718
-599
-478
-389
-397
-551
-732
-723
-503
-282
-208
-226
-223
-151
25
317
627
808
843
828
837
886
992
1132
1208
1160
1030
855
648
495
515
647
664
433
40
-350
-623
-715
-624
-473
-448
-626
-900
-1058
-982
-726
-463
-341
-367
-431
-406
-253
-27
200
394
556
676
755
854
1032
1234
1327
1284
1229
1271
1378
1432
1349
1116
827
626
579
569
415
104
-209
-418
-537
-608
-654
-743
-893
-992
-909
-692
-537
-559
-720
-904
-960
-770
-392
-93
-87
-327
-613
-796
-796
-585
-270
-81
-162
-437
-712
-820
-674
-359
-147
-228
-504
-736
-826
-794
-638
-427
-340
-465
-656
-713
-624
-475
-308
-168
-126
-154
-111
80
340
568
736
847
893
912
969
1081
1191
1238
1194
1089
993
972
998
985
868
679
508
399
320
207
58
-60
-94
-76
-70
-122
-241
-383
-463
-414
-284
-206
-254
-366
-416
-342
-172
15
149
217
262
338
445
525
557
570
588
596
582
555
504
395
235
90
0
-57
-108
-176
-290
-467
-661
-779
-785
-727
-673
-646
-644
-659
-685
-698
-657
-527
-323
-147
-89
-150
-237
-258
-183
-47
92
164
140
45
-52
-71
13
157
246
188
8
-157
-195
-123
-58
-87
-211
-351
-415
-392
-357
-395
-493
-568
-557
-469
-356
-263
-203
-143
-34
121
275
376
424
466
537
642
741
783
739
642
578
614
720
784
727
578
431
352
343
365
365
313
219
124
55
4
-50
-94
-134
-185
-258
-329
-368
-374
-372
-361
-336
-302
-267
-218
-134
-31
48
79
90
118
179
249
289
273
196
94
12
-25
-31
-34
-60
-135
-258
-388
-464
-458
-401
-350
-324
-320
-331
-335
-303
-211
-80
35
101
110
81
54
67
136
245
351
416
413
353
301
318
408
507
542
469
307
131
35
50
104
92
-34
-227
-392
-471
-470
-454
-494
-602
-710
-744
-684
-588
-526
-512
-513
-476
-373
-231
-107
-48
-58
-80
-36
87
228
292
245
154
142
257
409
459
356
198
129
210
367
465
421
274
136
103
177
289
337
259
75
-123
-228
-198
-89
5
22
-35
-101
-107
-29
110
237
305
310
284
261
254
252
249
241
235
221
161
49
-83
-174
-182
-141
-133
-214
-354
-456
-426
-271
-95
-27
-111
-251
-297
-168
63
227
203
25
-148
-163
8
241
380
352
210
86
77
191
350
447
414
275
118
34
57
132
170
115
-17
-158
-249
-275
-275
-301
-369
-461
-532
-553
-530
-494
-468
-457
-445
-412
-363
-305
-247
-195
-150
-123
-121
-131
-122
-83
-23
21
19
-19
-53
-44
18
98
155
163
128
86
72
98
148
191
201
175
141
127
143
167
174
154
122
106
121
162
218
274
320
355
379
395
402
405
411
413
396
354
288
215
150
96
48
-6
-66
-126
-188
-255
-316
-353
-346
-302
-250
-215
-207
-212
-197
-149
-74
-1
40
35
3
-15
13
92
186
246
235
175
116
112
178
282
351
334
238
124
64
89
164
219
189
62
-116
-264
-329
-315
-273
-266
-333
-456
-576
-628
-585
-478
-362
-298
-307
-359
-395
-363
-261
-140
-60
-57
-118
-186
-197
-140
-50
18
27
-20
-79
-104
-73
-4
56
69
27
-44
-101
-108
-65
9
65
71
31
-17
-25
25
123
227
290
304
288
284
322
402
492
555
565
526
464
417
394
392
389
361
300
210
113
36
-4
-22
-37
-78
-153
-239
-299
-300
-252
-191
-153
-155
-176
-175
-127
-35
63
121
128
105
95
130
209
300
356
350
296
239
224
263
331
377
349
246
111
12
-9
29
65
29
-107
-301
-463
-520
-475
-403
-394
-486
-632
-740
-733
-607
-443
-341
-347
-419
-470
-427
-295
-135
-35
-34
-106
-170
-169
-97
-4
47
31
-33
-98
-124
-103
-66
-53
-80
-129
-173
-191
-184
-173
-179
-198
-211
-203
-169
-125
-82
-45
-7
50
140
252
363
448
512
571
635
706
778
823
835
817
786
754
719
672
611
534
449
372
306
242
163
68
-32
-111
-154
-172
-190
-226
-279
-328
-346
-317
-258
-205
-189
-209
-223
-190
-104
7
87
109
92
83
117
185
251
279
250
186
124
97
94
84
39
-46
-146
-229
-280
-314
-356
-419
-481
-535
-572
-596
-616
-630
-632
-604
-560
-503
-459
-430
-401
-356
-280
-182
-99
-49
-30
-17
13
64
117
143
128
95
70
72
88
94
66
6
-53
-81
-73
-57
-66
-103
-152
-168
-134
-73
-20
-2
1
23
90
197
310
386
417
436
482
574
689
778
803
767
710
685
707
744
739
661
524
380
284
246
225
173
67
-73
-197
-265
-275
-262
-266
-303
-363
-404
-401
-358
-306
-274
-265
-260
-241
-201
-151
-111
-85
-62
-26
21
62
77
67
48
34
41
57
54
16
-55
-129
-180
-209
-229
-263
-316
-372
-404
-416
-413
-416
-435
-447
-422
-352
-260
-191
-175
-196
-198
-142
-23
108
183
168
93
33
47
136
242
287
241
137
45
21
63
123
139
92
3
-72
-106
-102
-84
-82
-97
-114
-124
-119
-106
-88
-56
0
75
150
204
225
231
257
326
419
498
525
490
426
376
371
402
426
398
310
190
88
38
37
41
5
-83
-192
-274
-294
-267
-233
-228
-263
-306
-321
-286
-216
-146
-99
-76
-56
-20
36
89
125
138
153
180
216
248
250
216
163
121
117
147
176
164
103
10
-74
-110
-91
-40
-7
-31
-112
-211
-274
-274
-215
-135
-87
-97
-150
-205
-215
-171
-87
-10
15
-18
-78
-123
-132
-110
-82
-80
-117
-174
-216
-233
-231
-229
-240
-264
-287
-295
-289
-280
-282
-296
-309
-306
-282
-246
-217
-205
-194
-171
-123
-49
26
85
123
151
192
258
337
410
449
450
433
425
441
474
499
488
442
371
309
278
276
282
269
227
165
108
80
87
117
145
152
141
126
124
142
179
218
245
255
252
245
234
220
204
189
180
178
169
139
81
10
-53
-88
-91
-81
-89
-135
-220
-315
-382
-404
-386
-367
-376
-424
-497
-560
-582
-557
-505
-455
-431
-432
-436
-419
-370
-299
-232
-184
-153
-133
-113
-89
-63
-40
-28
-26
-32
-41
-51
-63
-76
-87
-94
-93
-93
-96
-108
-123
-130
-123
-95
-57
-21
-1
8
16
44
95
160
217
250
259
266
294
346
407
453
466
447
415
403
419
448
461
435
373
295
237
214
218
228
214
171
115
73
62
80
107
125
121
107
95
96
111
122
122
112
101
105
120
135
135
112
72
37
27
41
59
55
7
-69
-147
-196
-211
-209
-218
-267
-345
-426
-479
-490
-472
-457
-461
-494
-529
-541
-519
-469
-410
-364
-338
-325
-303
-259
-197
-132
-83
-60
-51
-37
-9
28
60
71
57
33
25
39
61
76
65
35
3
-6
17
53
79
76
51
32
40
82
138
178
186
168
153
166
214
272
314
320
298
276
277
313
359
388
386
352
310
287
286
297
296
262
204
137
83
50
27
5
-30
-79
-134
-184
-216
-229
-231
-231
-237
-249
-262
-266
-252
-223
-186
-154
-135
-123
-114
-94
-66
-40
-19
-7
-1
10
23
28
20
1
-20
-26
-13
3
1
-26
-75
-110
-112
-83
-45
-33
-63
-115
-153
-141
-82
-15
15
-7
-58
-87
-55
25
105
139
109
52
27
59
132
197
202
143
64
24
41
88
112
75
-9
-95
-134
-118
-81
-65
-100
-170
-229
-250
-223
-175
-141
-145
-173
-191
-182
-138
-87
-51
-35
-34
-26
-1
32
65
83
88
92
100
116
128
125
110
90
82
84
88
83
63
40
23
20
30
38
36
25
15
13
29
53
75
84
86
89
102
128
155
174
180
177
177
183
197
213
215
207
194
175
162
148
137
128
111
89
58
25
-3
-23
-34
-46
-67
-98
-130
-156
-169
-170
-166
-167
-183
-204
-216
-213
-195
-172
-160
-164
-179
-189
-181
-161
-139
-129
-140
-160
-177
-177
-164
-151
-151
-167
-186
-196
-191
-174
-158
-149
-149
-154
-147
-129
-102
-74
-52
-35
-18
1
29
58
88
114
138
162
188
212
230
245
256
269
284
300
306
297
282
265
255
252
251
241
218
188
155
131
120
119
113
93
66
38
20
17
24
30
29
21
10
12
23
40
52
60
59
56
58
66
72
75
69
54
38
20
2
-15
-36
-59
-85
-114
-143
-170
-192
-213
-231
-247
-261
-271
-277
-280
-279
-273
-265
-254
-237
-217
-196
-173
-149
-127
-103
-79
-55
-32
-12
7
23
34
43
49
51
54
55
49
44
36
24
14
8
3
-2
-9
-14
-18
-20
-20
-18
-15
-11
-7
-4
6
15
25
37
49
58
69
80
93
107
119
129
136
142
143
144
144
146
143
135
128
120
110
98
88
78
71
64
54
45
35
31
30
31
32
34
34
36
37
42
47
51
55
56
54
52
49
45
43
39
31
23
11
-2
-16
-30
-42
-54
-68
-82
-97
-113
-123
-134
-143
-148
-152
-153
-152
-153
-149
-146
-139
-128
-118
-106
-93
-80
-65
-55
-46
-35
-25
-15
-8
-4
-1
2
5
10
13
13
11
4
-2
-7
-8
-7
-7
-8
-11
-12
-13
-14
-10
-5
-1
-1
1
4
7
10
20
33
46
55
58
60
65
74
84
95
104
106
103
101
97
96
98
97
94
81
65
48
31
19
12
7
0
-13
-30
-44
-53
-55
-52
-48
-48
-47
-46
-40
-29
-12
7
22
32
40
48
56
65
77
83
84
82
76
69
62
56
51
40
28
14
1
-10
-17
-26
-34
-43
-51
-60
-67
-70
-73
-74
-78
-80
-82
-85
-84
-81
-76
-72
-75
-76
-75
-71
-65
-62
-58
-59
-57
-55
-52
-48
-48
-50
-51
-51
-52
-50
-48
-47
-44
-41
-38
-34
-28
-20
-13
-5
5
12
19
25
31
41
52
61
66
66
67
66
69
75
78
79
77
71
67
62
62
63
63
57
46
37
30
25
25
22
18
12
5
1
1
3
3
5
3
-1
-2
1
6
11
15
18
18
20
23
26
29
31
34
37
34
28
22
16
13
11
9
2
-6
-17
-25
-28
-30
-30
-32
-39
-47
-52
-51
-50
-47
-48
-48
-53
-55
-52
-47
-41
-39
-40
-42
-43
-39
-33
-27
-29
-33
-38
-39
-31
-18
-16
-20
-26
-29
-30
-33
-34
-33
-33
-31
-28
-28
-30
-27
-21
-9
2
12
18
22
29
39
48
56
60
63
71
74
74
73
72
74
77
81
79
74
71
73
73
70
61
48
38
29
31
32
29
10
-23
-48
-56
-48
-41
-31
-32
-47
-60
-68
-60
-39
-23
-22
-34
-39
-32
-21
-17
-3
57
132
121
-12
-174
-217
-93
55
76
-7
-73
-49
21
51
16
-40
-52
-26
0
13
21
21
-27
-124
-177
-98
49
115
55
106
410
802
904
392
-385
-847
-717
-220
119
-57
-561
-876
-768
-390
-51
56
49
86
213
389
492
304
-196
-706
-782
-283
397
780
622
125
-249
-169
274
637
601
312
117
155
317
382
208
-155
-447
-363
120
610
634
134
-514
-852
-687
-181
258
288
-88
-540
-732
-588
-283
-33
64
4
-115
-180
-178
-216
-343
-436
-315
58
502
765
683
295
-129
-276
-21
449
801
814
502
89
-157
-112
142
398
477
387
249
150
78
-36
-211
-365
-356
-135
156
302
174
-163
-478
-547
-315
62
341
354
111
-207
-387
-324
-87
168
302
277
159
42
-31
-64
-63
-51
-29
13
57
61
-31
-206
-377
-431
-321
-117
26
-4
-198
-439
-579
-535
-337
-107
16
-21
-162
-300
-345
-291
-186
-88
-21
19
31
15
-20
-52
-44
29
153
276
324
257
113
-6
-6
119
286
385
357
237
111
64
110
198
259
258
210
150
113
107
121
145
176
210
241
256
247
216
165
134
152
215
276
274
193
87
29
43
81
76
5
-94
-161
-167
-133
-101
-92
-108
-129
-135
-124
-120
-146
-202
-250
-243
-179
-108
-99
-175
-279
-314
-249
-133
-44
-24
-65
-135
-207
-257
-255
-199
-119
-66
-66
-95
-113
-107
-90
-64
-24
30
74
72
19
-54
-89
-59
-2
24
-14
-87
-140
-137
-97
-61
-51
-61
-74
-69
-36
22
87
133
139
117
98
106
135
152
141
115
104
124
156
176
181
183
200
232
268
303
323
315
270
211
169
169
195
210
183
122
53
3
-15
-11
-8
-20
-46
-65
-59
-36
-25
-52
-104
-131
-110
-59
-26
-42
-88
-130
-136
-109
-75
-50
-43
-41
-37
-39
-59
-97
-137
-154
-132
-99
-91
-128
-197
-255
-272
-240
-183
-131
-103
-98
-101
-102
-95
-86
-66
-34
5
50
78
80
65
47
54
89
132
167
182
183
171
150
121
87
56
42
46
68
95
105
81
26
-27
-50
-38
-19
-24
-51
-74
-77
-70
-78
-98
-108
-90
-44
4
30
25
-6
-43
-58
-38
6
44
45
14
-14
-9
33
80
87
60
16
-16
-17
0
16
15
1
-3
2
12
11
-9
-27
-26
6
42
57
46
25
11
20
43
69
84
87
77
61
55
60
66
56
34
16
3
3
14
16
14
5
-8
-27
-48
-61
-68
-66
-53
-42
-40
-47
-50
-48
-41
-20
-3
10
18
22
24
23
32
44
46
50
57
64
63
54
36
13
3
12
17
7
-12
-34
-50
-60
-64
-78
-94
-102
-101
-94
-90
-88
-98
-116
-124
-118
-95
-69
-64
-92
-137
-163
-154
-115
-69
-41
-38
-50
-63
-62
-42
-4
42
83
109
128
142
145
140
133
135
157
191
215
205
168
122
94
101
137
174
194
185
151
119
106
110
123
125
108
84
66
57
50
47
40
38
49
59
56
34
-3
-42
-67
-72
-63
-62
-78
-114
-157
-184
-188
-174
-155
-148
-153
-161
-172
-175
-176
-175
-169
-160
-143
-127
-122
-125
-137
-143
-131
-103
-62
-30
-20
-27
-42
-45
-33
-10
15
31
41
48
50
51
47
44
52
67
87
101
99
82
59
46
45
55
70
74
70
60
46
37
32
30
36
49
62
69
66
60
54
54
59
67
74
76
69
56
42
32
30
33
38
40
36
26
10
-4
-14
-18
-17
-14
-12
-16
-23
-31
-41
-46
-45
-35
-25
-19
-20
-25
-32
-34
-30
-22
-14
-12
-13
-18
-29
-33
-35
-31
-25
-22
-20
-24
-30
-33
-38
-37
-32
-28
-24
-26
-29
-32
-33
-26
-17
-9
-4
-4
-5
-6
-8
-6
0
5
9
10
12
12
12
12
13
19
25
30
32
26
24
20
18
19
20
22
21
16
11
6
6
7
7
8
6
2
-2
-6
-6
-5
-4
-3
-3
-3
-5
-5
-5
-6
-6
-8
-5
-4
-4
-7
-8
-8
-8
-6
-3
-3
-4
-5
-6
-7
-7
-8
-7
-4
0
2
4
2
0
0
1
3
6
9
8
7
4
3
4
5
6
9
10
9
9
8
6
6
6
7
5
4
2
1
-1
-1
-3
-4
-3
-2
-2
0
-2
-3
-3
-4
-5
-5
-5
-4
-4
-4
-4
-4
-2
-4
-6
-4
-2
0
2
1
-1
-1
-1
0
0
1
0
1
1
-2
-3
-3
-4
-4
-1
0
0
-1
-3
-4
-5
-4
-4
-2
-1
0
0
-2
-1
-2
-2
-1
1
3
2
0
-2
-3
-3
-4
-1
1
3
3
1
-2
-2
-2
-3
-1
2
4
4
2
2
2
2
5
10
12
10
10
6
6
6
5
7
7
9
7
7
6
4
5
5
8
10
8
8
4
-1
-2
-2
1
2
1
-4
-8
-9
-8
-7
-5
-3
-4
-6
-7
-9
-10
-10
-9
-10
-10
-10
-8
-9
-9
-11
-12
-8
-6
-4
-3
-5
-5
-5
-4
-2
-3
0
1
