3
6
7
6
4
3
1
4
8
12
11
9
8
7
11
10
13
15
15
19
16
14
13
9
9
9
11
14
12
9
8
10
13
11
7
4
-4
-7
-6
-5
-3
-3
-4
-6
-6
-4
-6
-5
-6
-11
-8
-3
-7
-9
-6
-10
-10
-5
-7
-9
-8
-7
-6
-3
-6
-7
-6
-9
-5
-1
-1
-3
-2
-1
-3
-3
-2
-1
-2
-3
2
2
0
3
5
1
2
2
0
1
2
-1
0
-2
-7
-1
1
-3
0
4
2
2
6
5
2
5
3
1
0
5
4
2
6
4
0
1
3
3
7
9
7
7
8
7
5
2
3
2
4
5
0
-3
-2
-4
-5
-4
-4
-2
1
4
6
5
2
1
0
-3
-2
1
3
-3
0
-1
-6
-5
-3
-2
1
2
3
1
3
4
-4
-11
-13
-10
-7
7
22
29
25
27
37
35
35
36
37
39
31
16
-11
-44
-88
-133
-151
-171
-196
-243
-298
-315
-326
-306
-286
-295
-273
-239
-203
-156
-114
-61
-4
42
77
117
154
171
195
218
248
298
328
353
378
392
430
450
442
438
418
421
431
417
405
394
385
395
387
375
372
363
373
360
324
277
203
140
67
-5
-57
-100
-141
-189
-235
-295
-366
-441
-505
-538
-532
-496
-459
-463
-522
-631
-756
-842
-845
-747
-576
-382
-216
-116
-95
-154
-265
-378
-439
-369
-69
482
1184
1810
2088
1865
1195
315
-482
-972
-1107
-1006
-836
-722
-730
-891
-1219
-1690
-2176
-2462
-2336
-1740
-831
54
572
558
86
-545
-985
-998
-548
218
1083
1833
2270
2276
1893
1326
827
588
690
1069
1524
1824
1815
1512
1037
556
204
50
114
343
613
778
746
530
226
-18
-80
84
410
747
943
912
678
342
-2
-268
-399
-395
-311
-234
-244
-376
-622
-914
-1164
-1296
-1274
-1121
-924
-793
-799
-923
-1092
-1223
-1246
-1110
-846
-547
-316
-218
-242
-348
-464
-511
-437
-258
-51
101
148
91
-44
-201
-335
-408
-384
-270
-130
-35
2
17
35
62
127
269
418
517
656
1053
1791
2587
3054
2997
2448
1545
532
-262
-655
-761
-838
-938
-933
-846
-923
-1335
-1979
-2562
-2741
-2303
-1333
-227
542
710
300
-434
-1074
-1250
-891
-199
629
1504
2205
2374
1893
1100
400
-10
-62
266
822
1238
1255
979
660
383
145
47
192
525
883
1152
1256
1110
732
336
159
259
522
791
921
817
528
175
-152
-419
-584
-604
-509
-406
-380
-456
-658
-978
-1299
-1469
-1449
-1328
-1200
-1094
-1022
-1036
-1151
-1280
-1316
-1192
-905
-546
-252
-130
-185
-344
-501
-574
-534
-413
-287
-186
-99
-53
-83
-187
-292
-318
-245
-112
19
102
128
129
150
236
366
490
598
699
744
698
705
1085
2038
3298
4236
4347
3560
2163
591
-705
-1379
-1421
-1178
-983
-863
-743
-784
-1292
-2292
-3283
-3561
-2770
-1140
660
1894
2101
1254
-214
-1541
-2047
-1531
-341
969
2005
2548
2427
1604
364
-747
-1272
-1100
-428
408
1067
1269
923
241
-362
-547
-231
409
1091
1592
1750
1501
936
312
-59
-43
274
668
940
960
652
66
-615
-1130
-1296
-1121
-772
-437
-250
-286
-564
-1023
-1465
-1676
-1589
-1305
-978
-700
-553
-624
-896
-1171
-1199
-922
-494
-107
157
305
333
235
54
-123
-258
-352
-363
-235
-4
209
260
131
-47
-140
-105
3
89
107
75
68
156
359
589
706
649
514
449
506
633
733
735
701
955
1888
3436
4792
4996
3815
1816
-206
-1672
-2279
-2095
-1661
-1581
-1909
-2183
-2183
-2228
-2638
-3216
-3371
-2626
-968
1025
2438
2583
1499
-161
-1597
-2156
-1554
-110
1359
2183
2296
1929
1145
-6
-1101
-1585
-1311
-594
227
922
1242
990
318
-283
-420
-57
586
1284
1845
2098
1920
1371
676
117
-71
161
657
1086
1125
679
-84
-833
-1317
-1424
-1193
-829
-531
-348
-238
-224
-424
-824
-1196
-1331
-1191
-859
-460
-203
-269
-620
-966
-1050
-859
-502
-79
323
589
644
513
256
-87
-422
-610
-572
-366
-176
-133
-251
-458
-637
-697
-609
-433
-300
-228
-111
81
254
313
342
429
517
596
740
914
930
683
406
303
313
386
478
559
763
1556
3225
4913
5244
3871
1656
-484
-2183
-3042
-2688
-1712
-1252
-1546
-1829
-1746
-1885
-2585
-3269
-3258
-2295
-430
1841
3433
3360
1777
-307
-2031
-2788
-2107
-229
1645
2398
2101
1424
529
-657
-1688
-1884
-1238
-316
510
1149
1377
946
78
-593
-595
35
981
1867
2322
2161
1462
586
-87
-386
-259
224
841
1269
1241
773
103
-562
-1045
-1175
-886
-390
-59
-77
-353
-709
-1067
-1387
-1530
-1421
-1170
-937
-770
-641
-591
-680
-800
-748
-450
11
497
878
1007
791
343
-82
-291
-270
-143
-69
-180
-501
-891
-1149
-1200
-1081
-837
-490
-105
194
320
310
236
174
226
482
884
1202
1284
1186
1010
732
371
106
71
131
156
188
192
110
268
1354
3346
4919
4813
3174
1054
-856
-2265
-2667
-1906
-937
-796
-1239
-1391
-1249
-1552
-2439
-3213
-3193
-2065
110
2545
3817
3080
895
-1536
-3293
-3690
-2331
102
1993
2382
1773
967
-7
-1208
-2061
-1962
-1098
-38
983
1780
1882
1077
-104
-802
-626
260
1437
2334
2413
1573
351
-558
-889
-714
-146
674
1417
1684
1395
821
210
-366
-780
-752
-218
428
653
307
-350
-1045
-1620
-1875
-1682
-1184
-701
-430
-359
-457
-707
-948
-952
-660
-195
327
809
1038
796
207
-325
-575
-651
-668
-606
-520
-617
-938
-1226
-1289
-1201
-1056
-791
-376
41
324
486
568
575
576
663
799
874
864
822
736
573
402
300
229
141
66
42
77
99
10
-4
593
2295
4640
6203
5956
4184
1853
-366
-1992
-2477
-1877
-1172
-1179
-1592
-1729
-1758
-2349
-3507
-4452
-4336
-2770
-79
2589
3793
2941
707
-1716
-3276
-3211
-1415
1101
2814
3100
2504
1560
235
-1326
-2379
-2341
-1444
-258
842
1473
1194
36
-1242
-1778
-1279
-33
1392
2332
2319
1457
369
-409
-729
-595
31
1005
1872
2226
2017
1411
521
-454
-1084
-1028
-447
80
112
-344
-1022
-1641
-1985
-1951
-1589
-1086
-628
-332
-237
-272
-303
-257
-160
-24
246
643
924
868
556
246
25
-216
-494
-677
-735
-813
-989
-1131
-1072
-866
-661
-458
-127
352
794
997
969
876
835
826
793
743
693
629
510
349
183
-9
-258
-492
-515
-185
373
792
783
407
69
264
1346
3216
5046
5721
4689
2434
-5
-1857
-2855
-3049
-2754
-2434
-2291
-2163
-2009
-2211
-3073
-4168
-4515
-3418
-991
1899
3968
4178
2508
30
-1861
-2330
-1375
416
2100
2846
2474
1391
62
-1299
-2444
-2899
-2392
-1197
115
1055
1299
735
-296
-1043
-879
139
1400
2337
2656
2272
1383
452
15
267
836
1332
1659
1751
1507
871
48
-609
-1014
-1236
-1221
-912
-512
-376
-646
-1137
-1531
-1610
-1307
-706
-101
207
173
-67
-329
-433
-318
-85
68
75
99
205
253
122
-126
-364
-617
-873
-984
-895
-782
-824
-940
-917
-701
-381
-22
347
618
701
686
703
773
835
847
821
763
644
473
249
-54
-406
-668
-688
-401
109
633
948
909
504
-88
-422
75
1681
3881
5527
5743
4453
2222
-186
-2060
-2914
-2810
-2307
-1893
-1625
-1457
-1590
-2250
-3304
-4176
-4146
-2781
-306
2288
3809
3677
2191
156
-1535
-2120
-1351
199
1514
1987
1703
950
-161
-1457
-2480
-2784
-2301
-1289
-114
811
1092
647
-163
-757
-730
-54
980
1899
2281
2033
1375
603
-53
-398
-250
378
1161
1683
1742
1385
736
-81
-821
-1208
-1146
-803
-450
-234
-192
-347
-675
-1014
-1140
-934
-463
74
466
584
428
105
-248
-498
-520
-253
163
483
568
469
274
-38
-459
-798
-839
-608
-345
-243
-306
-467
-680
-818
-701
-291
222
598
745
687
457
137
-144
-290
-276
-118
127
321
294
43
-251
-434
-476
-359
-43
356
537
399
346
981
2507
4322
5383
5024
3375
1164
-826
-2077
-2423
-2164
-1913
-2025
-2263
-2240
-2092
-2336
-3056
-3624
-3248
-1670
664
2845
3887
3293
1450
-609
-1828
-1688
-402
1210
2190
2124
1350
379
-651
-1720
-2491
-2538
-1882
-895
127
954
1211
659
-257
-686
-272
653
1605
2316
2569
2138
1209
309
-234
-409
-241
323
1057
1439
1232
681
42
-629
-1179
-1313
-968
-462
-87
124
142
-174
-773
-1306
-1485
-1301
-847
-222
318
464
185
-228
-500
-586
-462
-65
481
867
924
749
429
-89
-734
-1158
-1090
-673
-285
-130
-213
-550
-1063
-1445
-1331
-717
45
656
1034
1137
894
422
-3
-241
-346
-328
-121
161
258
106
-97
-214
-258
-175
137
556
868
1211
2022
3294
4341
4526
3803
2465
822
-706
-1617
-1786
-1648
-1599
-1579
-1451
-1433
-1848
-2648
-3435
-3730
-3137
-1547
558
2254
2816
2185
803
-677
-1528
-1276
-95
1280
2194
2440
2024
957
-519
-1849
-2540
-2513
-1930
-970
73
734
702
142
-465
-723
-464
278
1225
1927
2074
1728
1169
611
169
-30
89
434
822
1104
1183
916
239
-602
-1183
-1262
-944
-496
-141
-23
-211
-612
-989
-1159
-1108
-886
-506
-21
410
598
483
170
-158
-346
-297
-1
425
771
856
617
157
-356
-771
-980
-936
-684
-343
-70
37
-48
-302
-633
-889
-889
-553
36
662
1065
1087
739
187
-316
-560
-489
-201
148
441
596
512
170
-268
-505
-219
838
2644
4601
5662
5061
2989
385
-1812
-3078
-3251
-2591
-1743
-1233
-1041
-927
-1048
-1779
-2997
-3974
-4012
-2887
-849
1440
2950
2876
1361
-618
-2040
-2389
-1604
11
1796
3067
3578
3414
2563
968
-979
-2471
-2892
-2178
-680
1019
2138
2051
870
-602
-1534
-1612
-915
306
1589
2395
2491
2082
1468
808
255
51
306
834
1380
1774
1837
1323
208
-1083
-1965
-2131
-1659
-845
-74
265
-26
-777
-1568
-2037
-2052
-1639
-907
-45
667
1001
904
477
-99
-589
-751
-478
89
640
886
691
74
-791
-1606
-2050
-1959
-1440
-745
-123
243
225
-161
-682
-1063
-1157
-923
-363
450
1217
1574
1391
810
76
-580
-936
-812
-299
259
605
721
634
337
53
321
1538
3347
4844
5275
4445
2593
218
-1944
-3192
-3325
-2737
-1908
-1054
-295
65
-302
-1367
-2631
-3398
-3144
-1808
119
1829
2620
2216
854
-795
-1905
-1990
-1182
25
1290
2473
3318
3444
2722
1431
-28
-1316
-2056
-1889
-857
439
1315
1494
1073
258
-673
-1329
-1422
-1001
-306
489
1259
1798
1916
1643
1180
700
337
224
402
685
788
602
187
-374
-1035
-1675
-2107
-2233
-2102
-1822
-1519
-1300
-1231
-1286
-1373
-1382
-1216
-831
-306
204
606
920
1128
1138
914
561
202
-127
-369
-405
-220
-42
-167
-649
-1247
-1659
-1707
-1363
-720
20
612
898
901
752
578
471
490
665
971
1298
1499
1437
1075
524
-20
-382
-480
-335
-59
175
298
530
1231
2446
3700
4381
4198
3227
1708
-6
-1439
-2250
-2504
-2473
-2226
-1670
-975
-645
-1048
-2017
-3032
-3595
-3367
-2255
-566
993
1702
1360
340
-742
-1419
-1497
-1006
-104
983
2015
2768
3062
2779
1901
615
-695
-1570
-1750
-1302
-516
286
866
1071
876
394
-186
-704
-1061
-1140
-830
-128
805
1705
2311
2454
2097
1409
682
170
-65
-115
-96
-80
-122
-270
-511
-821
-1221
-1726
-2215
-2451
-2267
-1719
-1022
-397
12
120
-38
-275
-354
-176
180
586
965
1258
1362
1176
718
129
-436
-882
-1139
-1158
-959
-694
-535
-534
-599
-634
-617
-533
-329
21
427
761
968
1079
1106
1018
823
584
390
275
203
120
11
-103
-230
-380
-422
-81
813
2043
3115
3642
3515
2780
1565
182
-920
-1517
-1735
-1771
-1595
-1130
-580
-353
-641
-1283
-1998
-2540
-2686
-2279
-1443
-577
-23
159
128
36
-52
-92
-27
193
594
1161
1796
2300
2465
2201
1559
711
-97
-634
-770
-561
-192
129
294
282
140
-68
-292
-519
-756
-949
-956
-635
16
806
1458
1773
1706
1372
951
565
212
-166
-565
-889
-1032
-953
-722
-519
-536
-859
-1378
-1844
-2055
-1956
-1617
-1143
-653
-244
46
268
461
608
664
630
561
495
436
390
364
332
239
59
-166
-366
-480
-482
-370
-211
-100
-101
-184
-239
-169
63
401
723
903
891
750
587
463
384
336
302
252
160
53
-43
-137
-257
-332
-183
293
1000
1715
2246
2500
2413
1962
1265
539
-55
-505
-822
-962
-895
-740
-683
-813
-1064
-1326
-1558
-1744
-1843
-1830
-1746
-1665
-1588
-1451
-1208
-904
-609
-306
66
523
979
1325
1510
1544
1447
1242
998
797
663
560
459
393
382
370
274
93
-96
-240
-346
-444
-536
-599
-595
-467
-152
339
866
1250
1381
1266
986
640
325
94
-76
-233
-401
-561
-703
-823
-908
-932
-892
-800
-669
-513
-375
-315
-351
-419
-419
-278
-1
344
645
778
681
398
63
-195
-322
-340
-316
-312
-350
-411
-433
-364
-205
-19
112
153
119
67
46
72
129
184
211
209
182
140
82
-1
-118
-262
-390
-458
-461
-443
-435
-428
-374
-239
-21
254
544
797
978
1098
1208
1347
1500
1597
1591
1462
1209
840
391
-49
-392
-593
-669
-670
-634
-606
-617
-664
-708
-719
-708
-703
-708
-675
-555
-334
-70
160
285
280
176
46
-29
-14
64
140
150
64
-98
-279
-409
-443
-366
-205
-25
114
168
135
49
-32
-64
-17
120
320
536
696
740
664
518
385
316
306
297
205
-30
-390
-786
-1100
-1249
-1217
-1050
-802
-524
-256
-33
118
176
143
56
-16
-16
59
157
209
171
46
-121
-263
-332
-327
-280
-234
-217
-226
-252
-262
-222
-106
85
312
517
658
714
696
630
552
486
433
375
287
164
22
-110
-225
-312
-359
-366
-333
-267
-163
-21
138
279
368
393
386
382
416
500
629
767
871
916
901
846
760
627
434
182
-98
-358
-548
-640
-643
-598
-546
-512
-491
-462
-403
-308
-184
-51
65
132
124
18
-190
-465
-735
-933
-1013
-979
-886
-794
-737
-705
-658
-576
-482
-435
-480
-591
-682
-664
-487
-182
156
437
615
711
764
805
830
831
810
781
763
743
696
599
457
317
222
189
188
161
84
-24
-106
-95
23
214
406
536
578
558
514
474
439
383
279
120
-78
-270
-422
-506
-520
-486
-424
-359
-311
-285
-284
-304
-327
-338
-325
-282
-214
-134
-64
-14
19
38
43
18
-59
-207
-422
-665
-869
-972
-942
-786
-554
-311
-109
27
106
151
190
240
296
353
403
445
488
540
605
675
730
752
714
600
425
229
69
-18
-26
12
50
60
45
39
76
166
285
394
465
496
501
491
452
359
190
-45
-308
-545
-707
-776
-766
-703
-629
-576
-564
-606
-698
-808
-880
-856
-711
-466
-193
20
123
119
72
57
118
236
353
414
405
350
286
241
204
155
83
0
-62
-80
-57
-22
-2
3
15
63
158
266
340
349
308
268
283
367
484
567
557
447
277
112
-6
-75
-109
-133
-151
-147
-115
-78
-74
-122
-202
-265
-262
-177
-52
59
110
107
95
107
139
137
44
-149
-400
-621
-746
-756
-683
-585
-498
-428
-355
-255
-127
6
108
157
167
163
175
219
282
341
359
322
244
159
97
74
78
90
91
72
45
21
8
5
12
34
78
149
243
344
440
518
573
607
596
516
347
95
-177
-392
-492
-466
-366
-275
-269
-377
-565
-756
-879
-894
-804
-639
-446
-260
-109
3
74
116
146
183
237
301
363
404
412
384
325
244
156
82
43
53
104
172
223
233
203
158
137
169
246
331
378
373
332
295
301
350
400
393
286
95
-127
-308
-402
-404
-358
-312
-293
-304
-329
-351
-368
-382
-388
-373
-319
-220
-101
-2
39
0
-104
-228
-333
-395
-416
-426
-452
-505
-575
-628
-632
-568
-435
-254
-57
121
260
344
377
372
354
347
360
393
427
438
419
375
333
321
345
391
422
419
374
301
221
157
124
128
171
252
366
492
607
689
722
697
617
481
300
95
-101
-245
-317
-322
-294
-284
-329
-437
-584
-728
-830
-867
-839
-761
-657
-548
-441
-342
-252
-174
-112
-67
-47
-50
-72
-101
-131
-146
-144
-129
-106
-89
-74
-54
-20
35
95
146
178
198
228
291
383
480
545
552
505
437
387
377
400
428
417
337
192
14
-148
-252
-282
-253
-200
-159
-148
-163
-184
-195
-195
-186
-164
-132
-81
-12
53
78
41
-59
-185
-284
-331
-335
-339
-386
-480
-575
-600
-512
-321
-87
115
244
314
361
414
471
501
482
419
348
305
295
306
304
275
227
187
165
149
107
25
-84
-176
-217
-193
-121
-33
54
138
227
322
403
432
382
252
72
-114
-270
-383
-459
-503
-514
-491
-433
-369
-331
-345
-409
-480
-506
-446
-305
-118
58
191
277
333
377
408
404
349
240
104
-13
-90
-121
-128
-136
-157
-180
-179
-135
-54
44
124
165
169
171
196
252
324
382
409
417
429
461
494
489
411
259
70
-93
-192
-235
-260
-304
-368
-432
-452
-405
-309
-206
-134
-98
-78
-51
-13
25
45
38
20
3
-17
-59
-145
-277
-427
-545
-606
-616
-606
-593
-566
-488
-346
-162
14
120
154
159
209
361
614
908
1157
1287
1276
1140
912
625
310
-2
-273
-469
-577
-608
-591
-561
-533
-493
-412
-278
-103
70
196
245
210
124
33
-20
-12
40
105
143
129
67
-15
-89
-126
-123
-101
-90
-109
-163
-228
-268
-244
-144
26
232
428
574
643
634
565
459
341
230
134
59
9
-21
-37
-48
-75
-134
-220
-324
-413
-452
-432
-358
-258
-151
-57
14
66
95
96
69
24
-24
-57
-79
-109
-168
-259
-355
-418
-417
-356
-270
-211
-209
-258
-320
-341
-287
-162
-2
153
270
332
344
314
255
180
104
42
10
3
7
-3
-50
-136
-237
-300
-259
-67
288
755
1239
1623
1814
1762
1481
1027
484
-50
-500
-803
-920
-855
-669
-459
-324
-325
-467
-707
-965
-1157
-1242
-1218
-1118
-962
-779
-575
-360
-138
82
284
453
585
685
762
819
851
842
781
661
483
276
74
-88
-176
-183
-122
-22
86
171
215
211
168
123
118
183
336
563
823
1050
1185
1187
1043
772
413
17
-354
-645
-809
-833
-736
-566
-394
-280
-270
-373
-553
-756
-922
-1011
-1006
-910
-731
-502
-267
-59
95
181
195
140
44
-62
-171
-263
-321
-328
-281
-215
-174
-188
-237
-294
-338
-356
-343
-287
-193
-77
63
238
421
559
639
762
1078
1649
2353
2946
3216
3019
2330
1266
90
-923
-1654
-2119
-2319
-2207
-1810
-1307
-931
-809
-937
-1231
-1543
-1666
-1445
-916
-297
184
443
517
461
311
111
-64
-144
-116
3
210
491
755
860
720
379
-23
-362
-557
-523
-221
291
846
1288
1555
1635
1517
1211
800
448
290
376
673
1097
1486
1655
1494
1032
417
-186
-648
-888
-892
-709
-422
-112
146
273
196
-89
-505
-927
-1225
-1318
-1198
-942
-685
-538
-532
-642
-816
-994
-1115
-1127
-1029
-853
-635
-402
-191
-63
-60
-175
-353
-536
-670
-683
-521
-242
-1
108
119
104
58
-36
-122
-158
-174
-122
262
1194
2462
3494
3853
3480
2505
1105
-360
-1390
-1779
-1760
-1598
-1247
-617
16
229
-106
-764
-1473
-1993
-2014
-1339
-168
940
1502
1382
727
-192
-1034
-1492
-1416
-866
5
967
1727
2063
1912
1330
409
-671
-1541
-1845
-1498
-679
358
1348
1969
1953
1353
530
-141
-476
-416
53
813
1607
2203
2512
2509
2149
1456
633
-48
-410
-415
-115
328
642
606
212
-373
-953
-1401
-1619
-1556
-1289
-991
-770
-633
-591
-721
-1042
-1417
-1646
-1636
-1394
-963
-445
-32
88
-109
-467
-811
-1050
-1125
-1003
-748
-509
-378
-308
-253
-283
-478
-724
-810
-655
-320
145
682
1083
1144
1041
1278
2076
3046
3601
3509
2837
1669
221
-978
-1507
-1520
-1478
-1457
-1181
-667
-351
-527
-1020
-1520
-1849
-1809
-1130
123
1379
2004
1796
977
-93
-1036
-1491
-1284
-543
435
1329
1851
1807
1232
377
-513
-1272
-1703
-1599
-964
-84
715
1273
1499
1285
695
73
-190
21
568
1272
1963
2415
2433
2041
1476
957
564
324
257
320
399
398
274
10
-398
-873
-1227
-1294
-1045
-583
-83
255
270
-49
-525
-911
-1075
-1040
-883
-676
-517
-511
-676
-904
-1089
-1225
-1345
-1402
-1307
-1069
-831
-700
-678
-754
-947
-1178
-1249
-1042
-703
-448
-307
-170
-14
82
122
165
196
228
524
1352
2500
3333
3368
2611
1348
-68
-1171
-1554
-1268
-802
-481
-200
140
292
-6
-648
-1299
-1678
-1549
-721
629
1847
2287
1820
777
-407
-1312
-1578
-1096
-136
887
1690
2080
1903
1189
257
-512
-939
-984
-608
99
815
1194
1147
792
243
-343
-679
-515
103
877
1550
1971
2026
1690
1149
713
557
658
917
1215
1363
1179
661
-8
-638
-1128
-1395
-1373
-1085
-692
-377
-245
-339
-661
-1131
-1547
-1703
-1527
-1137
-732
-479
-461
-676
-1020
-1305
-1365
-1166
-827
-507
-284
-186
-245
-451
-703
-875
-936
-926
-830
-606
-341
-218
-288
-410
-472
-487
-435
-220
124
392
549
871
1546
2308
2716
2618
2115
1306
374
-286
-394
-174
-66
-148
-183
-114
-149
-399
-756
-1106
-1344
-1225
-568
390
1108
1253
873
191
-516
-903
-758
-212
424
992
1439
1615
1365
795
206
-217
-452
-453
-182
215
469
465
305
106
-131
-349
-385
-131
347
886
1348
1616
1617
1405
1155
1024
1038
1119
1164
1083
828
431
1
-390
-724
-973
-1062
-951
-704
-461
-325
-360
-590
-957
-1292
-1402
-1232
-904
-602
-456
-492
-671
-920
-1131
-1207
-1131
-966
-785
-600
-427
-363
-501
-789
-1043
-1128
-1063
-898
-641
-367
-228
-256
-301
-249
-177
-163
-112
82
329
518
765
1206
1706
1981
1953
1731
1349
798
264
0
-9
4
-28
48
255
397
325
83
-263
-643
-843
-619
-22
579
862
783
431
-72
-503
-653
-525
-310
-90
199
533
742
723
534
234
-153
-499
-590
-394
-95
140
294
372
316
142
-17
-68
-16
135
421
807
1149
1346
1405
1368
1255
1089
934
802
654
496
385
323
228
48
-162
-332
-438
-492
-498
-486
-516
-624
-765
-887
-980
-1053
-1095
-1078
-1015
-949
-918
-922
-925
-883
-790
-684
-603
-564
-554
-562
-570
-561
-541
-549
-609
-677
-685
-629
-553
-493
-430
-335
-221
-107
1
104
170
189
235
432
816
1274
1624
1760
1667
1369
950
559
319
236
220
233
314
451
547
502
298
-17
-349
-546
-479
-150
270
565
601
364
-50
-464
-720
-778
-692
-502
-224
72
284
357
290
83
-245
-576
-733
-656
-437
-196
24
179
217
160
114
153
256
385
562
796
1033
1218
1335
1372
1298
1100
842
612
456
379
377
410
407
333
205
71
-36
-112
-163
-215
-291
-387
-459
-484
-486
-494
-528
-587
-648
-684
-677
-634
-591
-587
-624
-682
-742
-807
-889
-990
-1098
-1205
-1287
-1311
-1255
-1124
-952
-771
-602
-458
-342
-249
-152
-42
64
143
216
333
523
756
947
1023
946
742
496
313
245
266
302
311
325
388
511
643
718
685
552
402
338
406
556
680
697
571
337
71
-153
-295
-367
-389
-373
-341
-323
-333
-359
-388
-421
-455
-473
-464
-425
-354
-236
-71
110
263
371
437
471
490
517
570
652
751
852
931
951
890
746
553
362
232
202
269
385
485
519
468
347
192
41
-80
-171
-233
-266
-269
-250
-233
-242
-290
-372
-469
-549
-586
-567
-499
-413
-353
-365
-464
-633
-829
-1006
-1133
-1211
-1239
-1217
-1132
-977
-791
-639
-571
-579
-596
-543
-392
-192
-27
42
31
19
81
228
385
468
452
383
326
318
342
350
317
279
305
436
635
798
836
728
542
371
289
303
360
395
368
278
144
-19
-187
-335
-422
-414
-314
-174
-58
-12
-29
-73
-103
-98
-68
-31
4
47
106
166
198
178
126
85
99
187
333
502
658
789
892
953
951
874
739
594
501
506
603
740
834
826
699
481
233
21
-119
-181
-191
-180
-179
-200
-244
-296
-344
-388
-432
-478
-522
-557
-576
-577
-574
-595
-670
-800
-969
-1140
-1267
-1328
-1322
-1266
-1190
-1112
-1041
-974
-901
-803
-677
-534
-392
-280
-210
-168
-115
-5
170
359
493
520
447
337
256
234
250
257
231
201
229
349
533
691
742
666
514
377
325
368
464
546
560
489
346
161
-25
-175
-243
-215
-110
16
101
111
48
-42
-117
-140
-114
-54
38
147
259
351
391
364
291
224
216
296
449
635
804
919
966
950
878
768
639
517
427
393
417
478
536
553
500
371
191
8
-133
-200
-197
-149
-94
-74
-109
-205
-338
-476
-592
-666
-695
-691
-676
-673
-703
-779
-904
-1060
-1221
-1349
-1412
-1397
-1318
-1207
-1097
-1012
-956
-918
-865
-777
-642
-479
-326
-219
-170
-164
-152
-93
34
193
322
375
348
282
228
222
259
318
384
459
569
728
906
1048
1095
1028
886
729
619
577
585
594
556
450
283
77
-131
-308
-416
-426
-342
-197
-44
64
102
74
14
-27
-17
48
154
268
364
416
404
326
203
73
-14
-18
70
223
393
534
613
628
598
553
506
465
433
416
429
477
554
626
646
586
449
278
128
39
9
2
-20
-83
-189
-312
-423
-519
-608
-699
-787
-858
-892
-889
-868
-854
-876
-938
-1021
-1104
-1167
-1194
-1176
-1119
-1032
-930
-836
-765
-718
-681
-629
-546
-429
-300
-179
-82
0
84
178
267
331
352
323
266
226
232
299
411
541
657
742
795
835
872
898
897
851
750
619
494
413
384
374
342
251
102
-65
-202
-269
-257
-197
-124
-64
-27
-13
-16
-31
-57
-86
-97
-79
-23
51
112
127
82
-5
-98
-145
-113
-4
159
328
464
543
567
555
527
500
480
467
463
474
500
535
564
572
542
473
381
294
235
212
225
245
242
192
89
-49
-193
-316
-404
-453
-481
-507
-549
-618
-713
-825
-943
-1056
-1148
-1209
-1231
-1201
-1130
-1039
-955
-904
-892
-902
-910
-887
-815
-694
-539
-368
-199
-51
57
116
138
134
127
125
123
118
110
119
170
275
416
556
653
700
717
726
743
757
738
670
570
475
417
404
404
381
314
207
94
9
-37
-56
-64
-70
-71
-55
-22
24
65
86
93
98
118
156
203
234
233
192
128
74
60
107
205
322
424
486
497
468
424
379
343
317
298
292
307
345
400
449
466
444
383
310
256
229
221
206
154
53
-78
-219
-340
-428
-482
-510
-526
-551
-600
-682
-795
-924
-1039
-1117
-1147
-1128
-1071
-993
-911
-833
-767
-718
-691
-681
-678
-672
-644
-581
-481
-349
-211
-89
-5
31
34
33
49
89
135
164
170
170
205
300
442
588
684
712
693
668
672
698
710
675
595
498
432
413
416
391
302
165
36
-36
-34
7
30
7
-50
-94
-86
-27
44
83
77
50
47
89
162
226
229
164
64
-18
-31
37
154
268
340
365
355
337
328
330
332
323
306
290
288
301
323
334
334
321
302
293
289
287
265
212
124
5
-125
-246
-337
-390
-406
-402
-399
-423
-480
-569
-676
-775
-847
-883
-881
-854
-815
-782
-755
-727
-698
-668
-644
-638
-648
-654
-633
-562
-437
-283
-138
-36
7
10
7
22
61
104
128
130
125
140
195
287
388
469
504
500
476
457
456
475
489
484
444
377
303
244
214
210
216
214
200
174
147
124
95
54
0
-58
-96
-98
-64
-8
45
77
84
77
72
72
76
73
63
55
67
113
187
274
344
388
400
397
393
398
408
407
389
347
293
246
221
228
263
309
350
372
371
347
303
242
170
86
-1
-80
-147
-196
-232
-265
-299
-350
-424
-516
-618
-706
-766
-799
-800
-787
-776
-769
-772
-772
-755
-724
-683
-652
-642
-637
-621
-562
-461
-335
-208
-111
-60
-47
-50
-49
-35
-15
0
5
12
33
80
153
231
297
338
347
336
317
308
312
320
325
308
273
233
196
180
186
215
247
268
270
248
210
169
132
102
81
70
68
82
111
148
178
193
189
175
166
171
191
214
226
224
216
217
235
268
296
314
312
309
318
333
343
325
276
209
154
132
151
193
224
228
201
155
111
71
28
-22
-87
-157
-217
-264
-298
-326
-361
-401
-440
-468
-485
-490
-497
-513
-534
-561
-587
-610
-632
-639
-639
-633
-618
-608
-594
-574
-554
-521
-478
-420
-349
-277
-217
-174
-148
-133
-118
-96
-63
-17
35
85
124
157
184
211
238
269
298
321
342
357
369
380
385
384
375
362
360
374
410
456
492
504
482
432
371
310
262
230
213
200
191
188
186
184
172
148
120
91
75
76
95
126
156
172
172
161
156
167
192
228
254
262
262
247
230
206
168
121
65
13
-21
-20
7
34
40
12
-41
-92
-127
-141
-144
-158
-189
-242
-294
-324
-333
-318
-309
-324
-345
-368
-368
-346
-329
-324
-348
-391
-429
-456
-451
-412
-360
-305
-269
-252
-227
-188
-135
-86
-57
-52
-59
-64
-53
-25
9
39
58
68
75
83
99
113
126
135
136
141
154
171
194
200
190
167
140
123
116
123
138
153
165
172
171
165
151
129
104
75
55
51
60
75
86
83
75
61
47
39
35
33
33
42
62
92
124
152
168
181
191
207
234
262
291
311
310
305
296
284
277
263
244
225
214
215
219
213
192
153
101
44
-16
-74
-128
-184
-245
-302
-348
-383
-404
-419
-426
-427
-430
-432
-445
-462
-476
-497
-528
-565
-584
-607
-612
-595
-564
-510
-461
-423
-388
-365
-343
-326
-325
-321
-316
-298
-257
-204
-137
-63
10
71
113
138
151
162
167
173
186
201
218
232
234
237
237
231
226
216
219
238
264
294
312
317
320
314
300
284
258
247
239
231
223
209
192
174
150
127
103
82
71
66
66
69
70
74
76
77
79
76
75
77
83
90
93
91
90
86
81
74
65
60
53
44
32
17
-3
-21
-40
-62
-81
-103
-122
-141
-154
-166
-178
-190
-202
-209
-214
-217
-215
-210
-205
-199
-200
-204
-208
-215
-226
-238
-253
-262
-259
-250
-231
-212
-191
-173
-161
-153
-150
-150
-143
-137
-126
-110
-86
-56
-22
14
46
71
89
98
104
108
113
118
124
129
136
145
157
169
177
185
190
199
206
212
221
232
241
251
258
264
272
280
291
293
285
278
265
249
233
214
196
179
165
157
155
154
155
154
145
137
128
112
93
69
46
23
2
-17
-32
-43
-55
-64
-74
-85
-92
-105
-120
-135
-155
-171
-189
-207
-221
-236
-244
-247
-255
-256
-255
-249
-238
-231
-226
-221
-213
-198
-186
-173
-160
-148
-132
-113
-97
-81
-67
-54
-41
-29
-23
-14
-9
-6
-2
-3
-3
-2
-5
-3
-2
1
7
9
13
20
28
39
52
65
78
91
99
103
103
100
99
96
93
93
94
95
98
99
99
97
96
93
90
86
82
77
76
73
73
73
70
69
65
60
54
48
42
38
33
28
22
19
15
10
7
5
2
-3
-3
-2
-5
-6
-9
-12
-16
-15
-12
-9
-6
-6
-5
-6
-7
-9
-12
-16
-21
-25
-32
-37
-45
-52
-60
-67
-74
-83
-90
-95
-98
-99
-102
-103
-100
-95
-90
-83
-75
-66
-58
-46
-35
-29
-21
-13
-9
-7
-9
-11
-13
-15
-18
-22
-25
-28
-31
-32
-31
-30
-26
-22
-17
-12
-7
-1
5
13
20
28
33
35
38
38
39
37
37
35
35
34
32
32
33
36
41
48
54
62
70
75
81
84
89
92
94
98
100
101
98
98
95
90
86
81
75
68
64
59
56
52
48
46
40
33
23
13
-1
-13
-24
-33
-38
-40
-41
-45
-47
-51
-58
-63
-69
-76
-79
-83
-85
-86
-88
-90
-91
-94
-100
-107
-111
-114
-110
-105
-98
-92
-87
-79
-74
-72
-70
-67
-61
-55
-48
-37
-24
-13
-3
5
8
11
12
12
14
18
24
32
39
43
45
45
45
39
34
30
28
28
32
39
45
50
51
53
50
47
48
46
50
55
56
59
59
57
54
49
45
42
39
38
36
36
35
33
32
29
26
20
16
12
8
6
5
4
4
3
1
-4
-8
-13
-18
-23
-26
-26
-26
-26
-27
-30
-32
-36
-39
-43
-44
-43
-43
-42
-40
-39
-39
-40
-42
-42
-42
-39
-38
-35
-32
-27
-24
-22
-21
-20
-20
-17
-15
-9
-4
0
5
7
9
11
12
15
15
15
17
20
23
25
29
30
30
29
28
27
26
25
25
26
26
25
27
28
26
22
18
15
12
12
14
13
13
13
12
10
6
6
4
3
3
4
4
3
2
0
0
-3
-3
-3
-5
-7
-6
-6
-7
-8
-7
-5
-5
-7
-7
-9
-11
-12
-13
-14
-12
-11
-13
-11
-11
-11
-11
-12
-13
-14
-14
-14
-10
-10
-9
-10
-10
-10
-10
-9
-7
-3
-3
-2
-1
-3
-3
-2
-1
0
0
2
3
4
5
5
4
4
5
4
2
6
7
9
12
11
11
9
7
10
9
10
9
9
9
9
10
10
9
8
8
7
7
8
9
9
10
10
8
8
6
5
3
0
-2
-3
-2
-2
-3
-4
-5
-5
-6
-6
-6
-5
-5
-5
-5
-4
-5
-5
-6
-5
-4
-6
-7
-7
-8
-8
-7
-6
-5
-6
-6
-7
-7
-7
-9
-7
-7
-5
-4
-2
-1
-2
-1
1
0
2
1
0
1
3
5
5
3
3
1
2
2
1
3
3
4
5
5
2
2
2
1
