-1
-2
-2
2
4
4
4
2
1
1
1
1
0
0
0
2
2
3
5
3
2
2
-1
0
2
1
2
1
-1
-1
-1
1
2
1
2
0
-2
-2
-3
-3
-4
-4
-5
-5
-5
-5
-5
-7
-6
-7
-7
-6
-5
-5
-5
-4
-5
-4
-4
-4
-2
0
2
4
7
6
8
8
4
2
2
3
5
7
8
6
7
6
5
6
3
1
2
2
2
3
2
2
1
-1
-3
-2
-1
-3
-1
-1
-1
0
-2
-3
-2
-3
-3
-3
-3
-1
1
0
-1
-2
-4
-2
0
0
-1
-1
-2
-2
-1
-1
-1
-4
-5
-6
-4
-3
-3
-2
-2
-3
-1
0
0
0
1
1
3
5
5
3
4
5
3
3
2
2
3
4
6
4
5
6
3
5
4
0
-6
-7
-4
1
1
-7
-9
-13
-13
-7
-3
4
8
5
3
0
4
49
128
72
-115
-177
-75
-33
-109
-105
-27
40
79
135
147
100
16
-42
-20
-58
-30
98
138
47
-52
-144
-228
-268
-310
101
842
833
129
-172
27
1
-264
-444
-409
-302
-270
25
452
392
61
51
-20
-402
-430
-32
314
358
117
-211
-517
-689
-497
-78
38
75
339
440
301
204
158
127
39
-141
-154
29
51
-56
9
226
399
314
112
143
197
29
-68
-15
-79
-93
138
248
100
30
190
218
123
264
281
-227
-840
-790
-465
-495
-487
-88
321
229
-57
-610
-539
727
1012
-315
-1113
-243
477
423
109
-214
-366
-760
-666
165
656
467
690
922
195
-276
44
319
317
246
47
-329
-432
-121
311
307
55
321
496
200
-54
-324
-456
-357
-330
-651
-584
-188
-199
-128
146
570
393
-302
-446
-283
-439
-563
-155
-91
-221
147
306
22
-153
137
192
77
297
812
1167
760
357
200
-139
-611
-818
-613
-190
381
709
839
940
682
290
-81
-559
-626
-372
-157
-91
-210
-2
303
-43
-517
-231
-149
-491
-176
355
286
70
55
113
-65
-628
-689
-376
-412
-163
529
920
524
-109
-228
-297
-397
-430
-284
36
186
378
594
237
-411
-555
-432
-184
3
189
757
1022
461
-292
-618
-752
-580
52
384
574
758
532
110
-322
-343
-265
-361
-220
639
1173
298
-440
-455
-419
-272
-201
-356
-184
352
553
358
-59
-386
-173
-267
-540
-319
495
761
382
400
76
-425
-623
-197
75
27
335
723
518
-68
-58
89
-31
-251
-214
-294
-377
149
595
442
-175
-199
102
-283
-772
-714
-396
-208
22
47
79
261
-88
-395
-282
-84
130
193
195
282
416
151
-166
-184
-115
68
205
194
101
568
707
-41
-364
-144
84
-102
-111
121
137
113
274
565
-235
-709
329
142
-354
109
-46
-414
-528
124
234
-250
-288
-247
-35
-217
54
380
378
255
-181
-92
-256
-497
-189
126
289
110
146
329
457
315
-84
-290
-79
21
-18
121
46
21
-134
80
243
-307
-423
-219
246
109
-135
247
5
-21
60
-99
-226
-284
-210
-74
10
119
81
-92
77
172
-81
-199
68
-142
-184
334
372
-77
81
321
-137
-288
-71
-7
29
187
328
391
-99
-332
-28
-2
-368
-338
262
-86
-31
597
199
-41
-46
-14
208
40
-134
272
268
-221
-73
-62
-378
-223
196
196
81
35
-404
-67
220
-255
-58
291
99
14
122
-225
-448
-195
72
221
-98
-338
398
724
-53
-220
327
-161
-689
-389
-159
-190
-249
435
743
114
-138
-76
-55
-201
-299
206
279
74
187
90
-97
-238
-267
18
-134
-295
217
349
194
-16
1
196
-166
-201
183
14
157
416
-6
-349
-397
-191
340
490
120
141
146
-54
-137
-495
-597
-127
190
269
491
722
446
-164
-609
-733
-733
-551
223
844
824
533
88
-233
-615
-813
-430
243
316
4
593
558
-70
-399
-598
-442
-480
-37
555
544
291
40
52
-222
-556
-550
-198
363
393
163
319
338
-409
-488
78
-118
-24
456
751
437
-273
-452
-208
-403
-558
331
742
-20
-301
132
93
-235
-340
210
414
-219
-346
480
735
-238
-310
15
-564
-429
166
469
553
226
12
-129
-294
-600
-247
119
113
557
398
-47
-95
-433
-539
26
-35
-198
282
530
282
-96
-218
-94
-75
-218
-125
268
314
-58
0
145
-112
-260
-132
36
-210
-388
94
404
253
86
-27
-31
-134
-76
397
305
-81
-229
-202
-251
-468
-163
296
385
229
138
264
279
-226
-262
193
-17
-480
-333
142
53
-71
101
251
-87
-437
-77
80
56
245
406
519
153
-210
32
278
-231
-709
-221
44
-274
-204
296
237
77
327
267
37
-510
-687
-158
31
162
667
853
115
-487
-547
-594
-365
-252
138
703
516
294
18
-91
-141
-481
-288
-114
39
332
460
558
179
-523
-685
-186
-9
-21
345
441
115
-161
-353
-192
-244
-563
255
732
100
47
369
-12
-584
-302
69
214
266
49
346
131
-604
-286
40
-191
-154
83
264
455
276
134
96
-395
-678
-180
198
110
184
196
222
160
-124
-309
-37
-144
-428
16
-16
-71
261
329
408
175
-360
-255
-49
-480
-229
559
523
39
-37
-72
-279
-171
8
139
74
-265
-165
208
268
178
384
398
-287
-614
-571
-247
176
90
126
205
116
10
-2
188
76
-215
-204
-57
8
20
74
273
146
-251
-134
-167
-296
-64
354
413
33
45
155
-163
-260
-64
59
70
-235
-285
-286
-301
169
622
551
232
-81
-443
-457
-103
102
98
177
411
387
184
-29
-355
-355
-193
-236
-184
152
507
603
166
-387
-510
-350
-305
-234
211
524
492
156
31
-44
-412
-220
-23
123
46
-123
-61
132
233
2
276
63
-557
-367
-2
28
-1
-78
210
347
167
49
-62
45
-72
-273
-306
-151
220
647
323
-16
25
-324
-557
-703
-285
475
615
196
-169
131
331
-38
-397
-395
-9
207
36
-146
-39
502
876
188
-703
-1060
-451
344
339
418
388
275
-156
-582
-96
34
-46
-14
-171
-261
-144
475
491
65
-12
-185
-222
-140
25
28
29
268
267
11
-245
-39
149
-147
-504
-92
413
275
35
-379
1
571
355
-200
-844
-508
-52
261
238
264
796
152
-484
-611
-288
76
-55
-32
230
569
413
184
-280
-376
-272
-680
-421
80
611
875
559
19
-735
-531
-190
-382
-155
85
565
733
408
4
-418
-340
-294
-134
-271
-212
616
895
358
-371
-472
-373
-256
-196
-43
637
655
244
-345
-592
-37
47
-44
-122
-39
369
305
18
-33
76
-210
-591
-265
105
240
404
298
85
23
-230
-553
-456
81
314
270
197
5
65
-9
-166
-192
-19
100
-126
-75
184
255
32
-109
88
32
-174
-202
-69
85
-22
-51
176
274
-102
-418
-128
112
129
235
84
-202
-282
-53
69
266
291
-56
-68
-151
-264
-16
316
264
-39
-67
-124
-125
121
140
19
-103
-67
-12
-82
55
191
154
107
-238
-415
-85
298
274
-83
-102
-3
97
-55
-274
57
267
4
-245
-155
-6
191
167
-135
-79
-62
-6
36
-29
-80
118
481
38
-295
-65
-72
-213
-140
119
260
126
64
103
-113
-400
-191
174
122
-106
-33
290
195
25
-23
-94
-154
-281
-193
86
169
289
198
-25
-16
-110
-52
-96
-224
-73
86
214
187
15
74
200
-176
-450
-139
60
35
77
169
271
246
-137
-358
-205
-59
99
88
-77
139
407
90
-438
-320
195
85
-199
-268
90
643
251
-259
-192
-133
-178
-175
21
325
492
6
-418
-60
144
-165
-278
-46
315
316
-145
-301
-70
189
71
-96
-137
38
234
-6
-107
-47
59
18
-110
-52
58
286
56
-87
29
-102
-174
-242
-129
154
293
243
169
-49
-206
-148
-117
-108
40
111
42
76
133
152
61
36
-132
-324
-256
25
241
175
173
-54
-119
32
-101
-157
73
142
-107
-109
31
28
89
131
26
-60
-185
-64
177
177
47
-225
-368
-128
347
328
-33
-98
-10
127
-86
-401
-166
313
252
-190
-122
178
323
11
-368
-162
5
-35
9
144
198
0
-47
-33
-79
-5
-46
-94
13
40
52
205
51
-113
32
-71
-271
-170
138
464
170
-220
-130
-52
3
-108
-94
121
204
94
-17
14
-28
-135
-161
19
16
-75
96
302
264
-54
-293
-288
-176
-24
204
247
144
18
21
-40
-228
-160
-23
142
43
-119
105
214
52
-27
-98
-170
-161
-37
102
114
78
-49
24
82
-3
-75
-19
2
-184
-142
19
253
273
31
32
-105
-358
-249
128
260
89
-36
35
57
-26
-44
-101
-8
-62
-79
-46
54
281
223
-75
-283
-113
55
23
-14
105
18
-201
26
215
91
19
-3
-55
-189
-220
-17
253
275
18
-60
-82
-133
88
19
-216
-13
215
44
-181
12
257
111
-242
-181
72
118
78
-222
-180
112
124
93
-53
74
232
-16
-289
-324
-25
114
-25
81
347
290
-106
-307
-172
-11
-66
-159
-21
283
410
121
-241
-201
-50
-61
-196
-133
325
365
81
-122
-238
-94
-10
-41
19
209
170
-96
-91
-59
-82
-75
15
151
147
40
-28
35
-118
-256
-79
47
184
256
85
-106
-106
-89
-172
-83
73
182
208
-1
-96
38
-33
-275
-195
103
291
196
-52
-8
73
-86
-288
-302
46
349
205
22
3
12
-69
-222
-226
-66
129
245
136
-22
51
-19
-157
-201
-139
142
148
17
30
79
135
-24
-229
-155
12
25
-10
94
212
131
-26
-180
-177
-28
4
-12
11
159
238
48
-194
-159
97
37
-276
-201
293
428
19
-196
-46
38
-99
-212
-93
172
234
50
-23
14
-1
-110
-204
-72
143
130
18
-10
7
37
-42
-106
-80
28
147
-12
-111
-16
47
76
-45
-105
61
78
-92
-104
31
76
-48
-109
74
89
-85
-10
107
5
-145
-213
-97
190
237
65
4
-55
-165
-185
-112
74
313
223
-120
-145
1
-22
-56
-67
23
213
172
-59
-88
68
44
-92
-137
-52
198
272
124
36
-71
-145
-115
-26
56
141
233
155
-2
-105
-135
-60
8
45
71
110
86
-23
-85
-147
-114
-20
-61
-48
-4
-22
-77
-185
-192
-195
-202
-79
8
0
-57
-177
-328
-348
-227
-83
26
77
45
-106
-297
-359
-105
151
7
-139
14
143
113
43
87
220
2
-291
-61
423
612
382
118
29
149
254
110
216
593
592
252
98
204
407
430
81
18
402
498
349
313
373
373
267
185
284
519
570
508
477
468
456
241
22
-2
-16
-102
-133
-98
-137
-256
-551
-991
-1189
-1146
-1125
-1095
-1039
-1078
-1199
-1435
-1749
-1760
-1482
-1376
-1434
-1342
-1131
-971
-822
-690
-588
-472
-375
-225
9
290
554
677
744
907
1089
1247
1376
1450
1518
1491
1464
1633
1732
1649
1644
1705
1521
1166
1091
1232
1187
978
804
723
595
275
52
41
-72
-254
-279
-331
-500
-528
-527
-703
-1031
-1144
-677
70
801
1243
1069
322
-609
-1136
-886
-101
594
766
404
-187
-680
-853
-858
-1002
-1173
-1299
-1232
-801
-358
-342
-1072
-2446
-3680
-3943
-3095
-1745
-714
-621
-1454
-2558
-3138
-2698
-1412
-120
494
370
-153
-466
-257
404
1286
2012
2334
2359
2325
2303
2395
2506
2526
2545
2564
2726
2942
2883
2534
2024
1544
1322
1373
1543
1637
1414
816
84
-515
-795
-732
-559
-453
-452
-660
-1047
-1347
-1436
-1422
-1418
-1364
-1169
-921
-803
-994
-1246
-1256
-1141
-902
-606
-393
-280
-392
-631
-619
132
1612
2857
2897
1748
273
-591
-417
629
1846
2259
1395
-135
-1208
-1283
-717
-184
-258
-978
-1785
-1976
-1341
-559
-567
-1872
-3911
-5201
-4766
-2973
-1092
-264
-1014
-2821
-4203
-3928
-2142
-52
1215
1173
263
-699
-804
344
1857
2801
3030
2779
2471
2524
2872
3234
3399
3176
2941
2993
3172
3270
3049
2460
1843
1585
1691
1888
1709
1000
27
-729
-858
-513
-84
20
-466
-1306
-1846
-1744
-1235
-785
-778
-1124
-1622
-1874
-1634
-1116
-714
-692
-917
-1197
-1217
-815
-256
-118
-369
-453
11
1221
2600
3128
2259
614
-596
-582
490
1792
2391
1537
-293
-1707
-1773
-875
-75
-58
-941
-2142
-2760
-2261
-1095
-484
-1444
-3659
-5468
-5549
-3942
-1828
-564
-919
-2705
-4488
-4587
-2776
-337
1271
1299
65
-1269
-1516
-207
1810
3239
3527
2929
2189
2021
2640
3630
4318
4312
3804
3290
3185
3436
3586
3417
2981
2487
2197
2172
2151
1752
987
188
-326
-330
26
197
-155
-886
-1524
-1655
-1378
-1020
-844
-1114
-1769
-2271
-2176
-1623
-1081
-886
-1155
-1659
-1872
-1567
-1039
-569
-275
-135
274
1274
2266
2251
1225
135
-276
128
1191
2234
2116
621
-1030
-1597
-1084
-283
182
-167
-1360
-2567
-2783
-1878
-806
-836
-2474
-4749
-5995
-5341
-3378
-1507
-876
-1920
-3949
-5221
-4363
-1870
559
1560
845
-742
-1870
-1361
702
2885
3979
3789
2764
1914
2145
3282
4525
5119
4827
4018
3384
3359
3675
3931
3950
3636
2960
2298
1962
1711
1202
597
249
70
-40
-125
-481
-1189
-1801
-1857
-1439
-1013
-980
-1430
-2192
-2722
-2577
-1910
-1206
-914
-1165
-1700
-2041
-1827
-1199
-577
-122
117
478
1400
2241
2022
1071
411
446
921
1644
2282
1827
188
-1025
-834
55
533
247
-646
-1890
-2730
-2344
-1044
-86
-651
-2873
-5257
-6052
-4930
-2928
-1437
-1341
-2844
-4976
-5742
-4270
-1858
-114
452
-178
-1575
-2436
-1497
728
2548
3186
2928
2237
1665
1887
3102
4568
5267
4928
4064
3389
3345
3815
4396
4798
4702
3896
2769
2020
1805
1787
1769
1638
1183
423
-354
-909
-1191
-1225
-1086
-911
-976
-1386
-1932
-2383
-2557
-2393
-2065
-1799
-1741
-1973
-2296
-2199
-1585
-1007
-815
-809
-742
-274
902
2160
2303
1250
247
111
659
1598
2434
2192
683
-752
-839
21
698
740
88
-1119
-2142
-2134
-1147
-271
-680
-2447
-4430
-5288
-4627
-3146
-1942
-1879
-3151
-4812
-5286
-3955
-1865
-533
-504
-1374
-2378
-2516
-1208
855
2301
2496
1941
1435
1490
2242
3431
4457
4812
4452
3850
3579
3735
4017
4225
4350
4253
3830
3309
2881
2408
1887
1577
1502
1375
1011
454
-194
-749
-974
-877
-712
-683
-934
-1474
-2011
-2202
-2084
-1922
-1866
-1959
-2162
-2258
-2054
-1688
-1387
-1262
-1244
-858
291
1442
1444
471
-229
-81
474
1131
1731
1554
404
-560
-346
529
888
396
-487
-1314
-1635
-1085
-29
458
-524
-2648
-4419
-4635
-3399
-1812
-1094
-1796
-3524
-4997
-4878
-3205
-1391
-646
-1171
-2309
-3084
-2707
-1098
776
1693
1401
623
318
917
2151
3436
4116
3844
3103
2789
3324
4257
4858
4889
4420
3648
3115
3226
3641
3710
3250
2529
1715
1009
747
802
623
125
-320
-585
-798
-954
-1013
-1165
-1535
-1876
-1975
-2001
-2110
-2200
-2169
-2142
-2192
-2107
-1745
-1348
-860
-9
784
758
38
-383
47
843
1406
1522
1005
55
-459
40
967
1208
502
-485
-1209
-1326
-668
251
364
-895
-2878
-4207
-4046
-2716
-1436
-1357
-2592
-4326
-5363
-4697
-2658
-932
-843
-2091
-3402
-3716
-2594
-453
1300
1493
494
-398
-205
1102
2756
3832
3872
3162
2457
2450
3327
4513
5096
4806
4105
3479
3209
3405
3802
3827
3248
2500
1922
1472
1216
1137
883
341
-141
-404
-683
-1041
-1252
-1322
-1437
-1542
-1537
-1690
-2131
-2504
-2486
-2154
-1805
-1624
-1541
-1588
-1629
-989
286
1056
728
12
-152
303
882
1384
1506
873
72
26
616
998
655
-195
-980
-1254
-814
83
531
-247
-1988
-3637
-4152
-3270
-1854
-1157
-1825
-3491
-4888
-4820
-3288
-1456
-653
-1340
-2769
-3656
-3119
-1309
620
1530
1081
-128
-748
91
1873
3463
4104
3595
2443
1742
2274
3639
4714
4895
4315
3317
2567
2799
3729
4254
3793
2694
1594
875
752
1169
1390
809
-115
-748
-1050
-1140
-1082
-1081
-1337
-1679
-1783
-1666
-1623
-1775
-2027
-2262
-2260
-1940
-1549
-1182
-954
-961
-526
455
932
572
168
364
967
1357
1521
1470
779
191
652
1413
1440
671
-423
-1101
-1000
-239
663
687
-603
-2440
-3740
-3687
-2409
-1237
-1277
-2506
-4121
-4967
-4242
-2394
-880
-908
-2248
-3527
-3653
-2543
-782
618
769
-122
-907
-634
714
2336
3350
3373
2524
1589
1608
2778
4226
4845
4285
3183
2326
2155
2885
3955
4233
3332
1977
1059
921
1333
1781
1641
636
-591
-1175
-1050
-646
-438
-769
-1576
-2260
-2276
-1754
-1206
-1073
-1476
-2142
-2637
-2354
-1233
-322
104
401
182
-418
-596
50
1239
1848
1624
1143
484
177
815
1728
1975
1321
236
-518
-537
91
769
771
-292
-1938
-3035
-3074
-2205
-1231
-1306
-2476
-3883
-4642
-4063
-2594
-1417
-1356
-2501
-3742
-3824
-2710
-1119
74
184
-630
-1377
-1111
276
1943
2807
2655
2050
1529
1713
2721
3799
4168
3649
2803
2478
2701
3133
3607
3526
2659
1738
1388
1572
1882
1916
1434
486
-404
-615
-225
8
-306
-879
-1610
-2135
-1917
-1451
-1182
-1230
-1787
-2098
-1618
-933
-289
181
279
-117
-736
-617
631
1672
1617
1002
340
-101
263
1388
2168
1821
550
-586
-679
81
1008
1417
590
-1154
-2678
-3266
-2645
-1399
-924
-1775
-3253
-4454
-4654
-3640
-2270
-1626
-2182
-3445
-4095
-3540
-2362
-952
6
-227
-987
-1195
-519
776
1944
2444
2423
2048
1820
2413
3453
4151
4249
3780
3183
3074
3334
3706
3923
3470
2505
1778
1496
1561
1782
1645
1007
92
-684
-807
-532
-516
-738
-1275
-1999
-2430
-2369
-2025
-1654
-1678
-2133
-2505
-2464
-1759
-782
-144
117
343
158
-244
-100
676
1629
2052
1667
1048
562
501
1422
2469
2449
1471
270
-369
-29
774
1314
1079
-221
-1944
-2939
-2856
-2058
-1359
-1718
-2984
-4103
-4603
-4165
-3025
-2334
-2573
-3362
-4046
-3795
-2635
-1481
-829
-866
-1383
-1442
-584
744
1940
2423
2119
1870
2119
2829
3927
4668
4468
3841
3427
3509
4038
4485
4446
3779
2668
1910
1986
2278
2167
1670
834
-200
-720
-514
-160
-297
-1119
-2009
-2618
-2740
-2341
-1860
-1862
-2327
-2858
-2911
-2333
-1532
-882
-632
-229
-96
-392
-379
179
817
1133
1093
1069
1014
885
1290
1744
1635
1139
758
714
868
971
855
332
-479
-1272
-1790
-1788
-1569
-1643
-2135
-2884
-3364
-3412
-3156
-2666
-2473
-2984
-3569
-3566
-3075
-2326
-1682
-1317
-1208
-1229
-1017
-251
684
1364
1795
1971
2059
2251
2668
3317
3975
4164
3886
3646
3741
3896
4058
4124
3754
3075
2432
2034
2041
1987
1548
946
110
-593
-726
-620
-542
-793
-1588
-2482
-2840
-2629
-2199
-2072
-2311
-2782
-2955
-2549
-1885
-950
-299
-99
-480
-864
-595
441
1310
1582
1258
659
383
773
1764
2329
1902
921
265
338
1075
1628
1441
511
-814
-1822
-1913
-1344
-957
-1224
-2219
-3373
-3884
-3577
-2788
-2085
-2214
-3112
-3821
-3890
-3105
-1914
-1309
-1431
-1786
-2001
-1313
83
1175
1683
1533
1174
1424
2380
3364
4004
4113
3702
3360
3516
4046
4568
4564
4069
3742
3339
2911
2880
2680
2046
1362
729
324
126
-132
-521
-1107
-1751
-2234
-2310
-2362
-2402
-2503
-2935
-3362
-3311
-3111
-2763
-2157
-1834
-1552
-1322
-926
-634
-409
-143
527
1285
1402
1159
1053
1050
1383
2201
2422
1968
1250
813
1086
1702
1921
1529
604
-621
-1404
-1455
-1142
-918
-1281
-2380
-3380
-3629
-3397
-2787
-2274
-2506
-3236
-3862
-3859
-3061
-2173
-1657
-1629
-1959
-2024
-1380
-164
947
1287
1114
1033
1471
2383
3213
3730
3708
3387
3365
3929
4680
4864
4435
3839
3252
3029
3448
3803
3570
2549
1279
503
263
515
793
360
-906
-2116
-2722
-2643
-2149
-1848
-2307
-3253
-3960
-4051
-3127
-2035
-1375
-1124
-1484
-2195
-2038
-1098
43
938
797
80
-224
88
1058
2359
2611
1610
647
409
945
2041
2587
1917
577
-889
-1559
-880
-140
-157
-881
-2424
-3767
-3647
-2641
-1701
-1576
-2685
-4110
-4506
-3670
-2228
-968
-1002
-2095
-2790
-2474
-1148
733
1768
1531
831
331
766
2186
3496
4039
3980
3361
2844
3289
4192
4796
5033
4512
3495
2896
2840
3158
3399
2909
1903
939
165
-92
182
134
-652
-1476
-2201
-2671
-2581
-2491
-2663
-3090
-3721
-3938
-3763
-3535
-2793
-2211
-1777
-1425
-1710
-1813
-1120
-29
1008
1221
492
98
425
1487
2922
3558
2607
1013
484
1096
2494
3748
3325
1661
-104
-1462
-1218
156
756
164
-1694
-3852
-4380
-3349
-2131
-1482
-2078
-3912
-5268
-4863
-3362
-1811
-1281
-2226
-3154
-3135
-2273
-468
1014
1047
533
251
617
1908
3255
3847
3812
3463
3102
3490
4468
5006
5024
4608
3761
3298
3419
3573
3669
3195
2098
1232
799
690
746
482
-381
-1409
-2030
-2249
-2207
-2113
-2454
-3222
-3771
-3991
-3660
-2926
-2677
-2775
-2699
-2304
-1978
-1735
-1450
-1017
-411
-41
40
332
549
626
1347
2046
1911
1514
1364
1624
2215
2542
2238
1676
904
155
61
186
-93
-473
-1023
-1896
-2296
-2195
-2082
-1988
-2149
-2751
-3288
-3273
-2873
-2288
-1967
-2180
-2347
-2161
-1740
-820
120
248
95
367
944
1766
2606
3011
3070
2974
2977
3487
4221
4359
4137
3935
3521
3272
3412
3527
3254
2642
1806
1210
940
826
769
480
-299
-1256
-1795
-1940
-1934
-1990
-2334
-2962
-3445
-3544
-3008
-2450
-2257
-2106
-2097
-2583
-2583
-1919
-999
-272
-310
-808
-964
-541
382
1597
1901
1093
292
329
1080
2381
3034
2271
1009
-115
-524
157
852
710
-140
-1619
-2693
-2454
-1568
-1002
-1233
-2205
-3362
-3649
-2948
-1944
-1209
-1483
-2507
-2787
-2073
-891
367
679
132
-321
4
1143
2482
3172
3053
2777
2709
3093
4086
4924
4730
4241
3816
3477
3648
4002
4051
3597
2644
1718
1340
1286
1206
834
48
-1034
-1784
-1760
-1654
-1871
-2381
-3171
-3835
-3900
-3596
-3383
-3305
-3333
-3408
-2886
-2110
-2156
-2231
-1992
-1666
-858
-301
-531
-468
-134
289
1312
1938
1340
634
618
1052
2153
2943
2334
1329
491
-143
270
1022
903
145
-1091
-2284
-2327
-1513
-967
-956
-1571
-2819
-3497
-2959
-2022
-1246
-1073
-1728
-2333
-2124
-1283
-82
750
588
113
136
718
1755
2879
3367
3185
2865
2826
3424
4315
4761
4657
4213
3559
3252
3502
3821
3726
3045
2021
1163
890
930
895
471
-361
-1285
-1964
-2185
-2067
-2253
-2850
-3392
-3983
-3905
-3316
-2956
-2674
-2465
-2799
-3211
-2900
-2336
-1434
-802
-1073
-1438
-1189
-839
-111
945
976
320
42
316
1107
2134
2193
1476
696
-148
-327
330
749
481
-264
-1369
-1982
-1627
-1025
-832
-1098
-1965
-2772
-2558
-1903
-1245
-923
-1419
-1949
-1698
-1012
-161
535
650
448
572
1251
2030
2663
2697
2525
2849
3278
3715
4327
4416
4028
3849
3870
4087
4139
3846
3451
3051
2595
2308
2076
1602
938
331
-234
-744
-1077
-1472
-1876
-2466
-2923
-3311
-3537
-3755
-3929
-3660
-3649
-3522
-3081
-2935
-3230
-3155
-2832
-2161
-1495
-1523
-1625
-1397
-986
-399
459
722
250
67
439
1123
1999
2148
1539
962
429
293
805
1005
542
-181
-1057
-1554
-1203
-711
-731
-1167
-1933
-2506
-2363
-1748
-1121
-1046
-1685
-2196
-1842
-887
39
504
301
-121
45
983
2214
2984
2820
2322
2293
2952
3972
4722
4694
4050
3620
3705
4126
4531
4511
3894
3150
2739
2615
2542
2218
1630
786
85
-509
-816
-914
-1345
-2031
-2668
-3107
-3394
-3614
-3831
-3693
-3685
-3701
-3410
-3127
-3458
-3818
-3493
-2697
-1864
-1667
-1974
-2065
-1720
-1234
-198
631
381
-234
-386
219
1344
2027
1733
1055
244
-337
-68
672
901
331
-622
-1447
-1528
-1016
-620
-636
-1175
-2053
-2520
-2164
-1381
-787
-933
-1459
-1684
-1329
-458
485
869
593
309
682
1712
2668
3020
2906
2808
2954
3501
4324
4812
4579
4125
3995
4164
4437
4483
4167
3625
3016
2528
2336
2246
1950
1415
640
-126
-646
-944
-1247
-1581
-2122
-2860
-3496
-3497
-3042
-2776
-2758
-2907
-3283
-3884
-3776
-3063
-2229
-2057
-2700
-3351
-3176
-2224
-1120
-316
-667
-1660
-2052
-1266
64
1146
1198
182
-796
-1105
-631
251
621
67
-877
-1697
-1916
-1196
-357
-316
-958
-1774
-2213
-1857
-1122
-499
-389
-1014
-1630
-1320
-307
629
1158
1054
568
496
1173
2254
3174
3308
2899
2767
2982
3632
4509
4818
4452
4010
3930
4197
4487
4506
4042
3266
2791
2788
2857
2616
1993
1324
696
117
-181
-401
-828
-1440
-2045
-2403
-2769
-3235
-3155
-2856
-2948
-2877
-2702
-3046
-3375
-3148
-2597
-1994
-2014
-2704
-2989
-2457
-1707
-940
-505
-1251
-2156
-1912
-885
289
978
420
-662
-1248
-1309
-641
140
19
-816
-1700
-2257
-2035
-1155
-639
-886
-1502
-2087
-2229
-1689
-972
-638
-788
-1284
-1415
-799
13
593
910
920
879
1214
1881
2492
2782
2843
3006
3330
3673
4029
4339
4340
4165
4115
4190
4309
4269
3982
3610
3318
3071
2904
2792
2447
1896
1394
924
375
-18
-425
-880
-1309
-1702
-2159
-2531
-2518
-2413
-2238
-2009
-2146
-2871
-3134
-2800
-2150
-1552
-1808
-2677
-2967
-2423
-1634
-819
-835
-1809
-2477
-2028
-925
122
217
-792
-1746
-2022
-1674
-871
-392
-964
-2006
-2706
-2783
-2141
-1351
-1222
-1749
-2386
-2723
-2373
-1466
-743
-815
-1276
-1530
-1223
-247
751
1127
962
812
1057
1887
2814
3152
3002
2911
3091
3663
4385
4625
4407
3991
3798
4133
4618
4661
4297
3673
2992
2704
2908
3029
2849
2339
1423
831
644
461
394
22
-893
-1681
-2079
-2190
-2101
-1954
-2080
-2401
-2270
-2158
-2505
-2582
-2438
-2142
-1670
-1875
-2585
-2661
-2121
-1374
-635
-620
-1593
-2296
-1793
-685
336
450
-567
-1538
-1751
-1386
-602
-285
-995
-2033
-2652
-2642
-2032
-1312
-1295
-1980
-2642
-2883
-2528
-1687
-1168
-1306
-1772
-2065
-1708
-698
353
788
647
454
689
1490
2473
3007
2961
2771
2868
3300
3889
4466
4626
4304
3992
4038
4219
4286
4198
3843
3399
3126
2920
2779
2704
2391
1855
1372
873
477
238
10
-423
-1021
-1536
-1904
-1818
-1626
-1628
-1519
-1625
-2416
-2779
-2347
-1729
-1287
-1541
-2455
-3033
-2608
-1638
-726
-590
-1619
-2725
-2475
-1261
14
386
-566
-1784
-2303
-2016
-1011
-266
-766
-1964
-2877
-2975
-2264
-1370
-1186
-1818
-2653
-3133
-2809
-1752
-1012
-1131
-1707
-2184
-1927
-814
379
902
646
265
510
1466
2600
3083
2904
2602
2623
3252
4157
4648
4608
4187
3814
3928
4218
4400
4225
3711
3211
2976
3010
2943
2674
2193
1599
1063
715
425
245
16
-498
-1111
-1576
-1826
-1993
-1686
-1584
-1568
-1364
-1926
-2500
-2216
-1749
-1296
-1162
-1896
-2602
-2470
-1565
-592
-240
-951
-2231
-2412
-1414
-151
566
-145
-1459
-2125
-2023
-1217
-396
-584
-1589
-2618
-2906
-2368
-1586
-1299
-1799
-2558
-3075
-2881
-2016
-1383
-1447
-1866
-2205
-1907
-974
-103
222
79
-59
361
1325
2265
2667
2452
2286
2588
3284
4038
4359
4263
3898
3709
4058
4462
4442
4025
3473
3125
3061
3125
3010
2528
2004
1509
1272
1219
911
439
-142
-667
-873
-992
-1271
-1550
-1621
-1685
-1554
-1060
-1163
-1840
-2009
-1805
-1318
-849
-1250
-2008
-2184
-1716
-855
-239
-657
-1756
-2311
-1751
-517
499
161
-1158
-2127
-2306
-1731
-820
-616
-1468
-2624
-3159
-2791
-1960
-1405
-1738
-2521
-3099
-3047
-2244
-1501
-1412
-1779
-2295
-2223
-1316
-297
206
109
-69
144
864
1880
2558
2593
2327
2351
2941
3738
4277
4352
4015
3741
3852
4200
4420
4235
3774
3232
2878
2884
2926
2714
2283
1761
1230
867
671
487
238
-149
-643
-1051
-1375
-1595
-1365
-1267
-1194
-990
-1429
-2049
-1856
-1250
-737
-695
-1470
-2176
-2062
-1292
-420
-113
-896
-2047
-2269
-1383
-83
619
-59
-1401
-2184
-2186
-1563
-759
-709
-1651
-2790
-3196
-2673
-1824
-1450
-1888
-2699
-3179
-3001
-2196
-1385
-1375
-1967
-2413
-2175
-1257
-193
263
-33
-386
-167
702
1821
2497
2407
2077
2223
2919
3747
4281
4272
3851
3522
3681
4169
4428
4244
3779
3234
2875
2820
2789
2571
2224
1777
1359
985
614
404
206
-135
-536
-1059
-1472
-1618
-1437
-1144
-1067
-1017
-1327
-1979
-1881
-1328
-927
-743
-1255
-2039
-2160
-1494
-540
-132
-587
-1546
-2089
-1521
-440
382
274
-858
-1831
-1955
-1423
-699
-563
-1273
-2339
-2904
-2593
-1951
-1528
-1722
-2463
-2969
-2785
-2141
-1628
-1523
-1796
-2227
-2139
-1398
-603
-106
-55
-199
39
655
1380
2014
2191
2052
2230
2811
3427
3863
3956
3734
3562
3650
3897
4089
3982
3602
3223
2979
2907
2796
2368
1902
1638
1424
1181
915
465
-106
-466
-622
-828
-1072
-1376
-1607
-1601
-1361
-968
-998
-1575
-1913
-1660
-1076
-682
-897
-1453
-1771
-1405
-616
-162
-477
-1303
-1786
-1347
-303
451
147
-802
-1394
-1481
-1126
-633
-696
-1390
-2163
-2478
-2164
-1709
-1645
-1989
-2412
-2604
-2448
-2034
-1718
-1747
-2037
-2261
-2012
-1295
-690
-437
-472
-545
-244
443
1245
1828
1790
1526
1733
2373
3122
3591
3611
3368
3153
3301
3797
4113
3990
3567
3098
2826
2829
2803
2554
2202
1846
1499
1205
952
562
110
-132
-287
-564
-844
-1282
-1523
-1319
-1117
-840
-731
-1354
-1898
-1655
-1039
-532
-625
-1304
-1899
-1661
-795
-124
-129
-934
-1801
-1684
-720
290
545
-299
-1299
-1635
-1286
-619
-292
-728
-1722
-2408
-2332
-1780
-1306
-1398
-2034
-2592
-2698
-2297
-1784
-1580
-1744
-2196
-2189
-1703
-1120
-409
-125
-566
-647
-148
533
1374
1825
1648
1340
1565
2326
3213
3701
3525
3056
2967
3300
3892
4171
3692
3078
2668
2524
2702
2677
2203
1611
1223
1151
1029
747
363
-131
-490
-674
-761
-950
-1317
-1278
-1096
-1054
-778
-842
-1382
-1506
-1252
-867
-468
-592
-1136
-1295
-787
-281
-5
-177
-974
-1347
-869
-190
435
319
-534
-1077
-1105
-830
-533
-580
-1077
-1838
-2269
-2170
-1833
-1577
-1808
-2238
-2534
-2626
-2308
-1902
-1747
-1889
-2228
-2124
-1618
-1108
-669
-559
-557
-348
58
677
1234
1399
1380
1523
2013
2547
2905
3136
3202
3211
3324
3567
3728
3584
3266
3080
3004
2943
2790
2483
2132
1882
1637
1353
1036
639
272
-36
-212
-375
-687
-1054
-1119
-1064
-1060
-917
-930
-1364
-1689
-1451
-1022
-747
-878
-1381
-1729
-1410
-720
-295
-444
-1122
-1646
-1392
-550
133
32
-763
-1433
-1455
-970
-462
-446
-1061
-1900
-2258
-1920
-1384
-1218
-1532
-2042
-2340
-2211
-1749
-1331
-1287
-1585
-1875
-1722
-1169
-547
-159
-196
-396
-293
229
953
1479
1593
1440
1392
1825
2449
2856
3024
2973
2832
2913
3260
3539
3413
3116
2864
2638
2582
2511
2262
2023
1728
1431
1215
904
506
195
-42
-275
-522
-783
-1126
-1385
-1217
-1103
-1038
-954
-1295
-1731
-1557
-1074
-739
-802
-1265
-1680
-1568
-837
-253
-259
-884
-1627
-1603
-745
86
305
-324
-1279
-1582
-1151
-469
-168
-561
-1426
-2109
-2022
-1445
-1105
-1234
-1711
-2172
-2180
-1795
-1342
-1192
-1421
-1644
-1592
-1234
-716
-359
-268
-264
-74
330
762
1164
1360
1423
1578
1892
2278
2535
2610
2719
2856
2947
3121
3157
2993
2804
2743
2747
2702
2498
2141
1795
1604
1602
1469
1183
708
203
-114
-160
-108
-272
-725
-1161
-1190
-1026
-738
-655
-817
-1267
-1501
-1185
-824
-718
-968
-1380
-1547
-1172
-725
-556
-839
-1235
-1425
-1157
-555
-308
-571
-1095
-1422
-1345
-1084
-966
-1061
-1444
-1861
-1977
-1837
-1654
-1669
-1773
-1893
-1978
-1833
-1553
-1396
-1276
-1323
-1382
-1118
-705
-313
-104
-30
14
275
838
1375
1644
1675
1568
1751
2305
2737
2997
2982
2765
2698
2880
3153
3237
3067
2783
2534
2386
2327
2243
2078
1791
1517
1254
925
643
354
93
-28
-151
-453
-767
-1061
-1157
-906
-658
-640
-844
-1235
-1460
-1109
-615
-523
-875
-1396
-1703
-1300
-519
-212
-538
-1257
-1740
-1381
-501
19
-205
-1024
-1751
-1797
-1267
-757
-792
-1330
-2018
-2297
-2009
-1564
-1399
-1655
-2044
-2277
-2171
-1732
-1294
-1194
-1291
-1453
-1384
-885
-367
-9
112
89
139
529
1120
1590
1776
1694
1674
1989
2448
2756
2972
2868
2657
2656
2785
2963
3023
2792
2523
2380
2232
2106
1973
1819
1534
1225
1036
873
697
458
157
-35
-206
-481
-672
-812
-847
-690
-533
-432
-609
-1025
-1193
-966
-588
-479
-813
-1224
-1391
-1103
-536
-362
-689
-1288
-1703
-1355
-633
-276
-491
-1135
-1700
-1750
-1393
-1056
-1129
-1567
-2084
-2303
-2055
-1743
-1646
-1761
-2017
-2106
-1928
-1622
-1283
-1187
-1291
-1301
-1131
-749
-318
-52
102
194
448
845
1232
1574
1682
1700
1916
2232
2484
2714
2786
2720
2685
2738
2802
2847
2822
2583
2409
2341
2157
1994
1852
1633
1409
1171
935
720
474
257
90
-69
-231
-477
-606
-509
-398
-447
-563
-638
-778
-733
-546
-527
-687
-903
-1093
-967
-642
-585
-785
-1065
-1266
-1242
-918
-695
-793
-1115
-1535
-1676
-1500
-1367
-1465
-1697
-1997
-2182
-2103
-1905
-1813
-1863
-1982
-2052
-1866
-1654
-1463
-1297
-1311
-1299
-1124
-775
-360
-72
70
139
280
637
1048
1425
1677
1672
1691
1889
2214
2534
2665
2661
2576
2508
2583
2645
2653
2574
2338
2143
2039
1915
1787
1640
1439
1196
927
695
508
368
193
-49
-218
-399
-578
-621
-648
-577
-356
-372
-537
-664
-813
-638
-245
-143
-420
-828
-1074
-906
-386
-109
-432
-969
-1365
-1319
-748
-373
-558
-1030
-1561
-1746
-1438
-1126
-1163
-1525
-1990
-2227
-2073
-1783
-1656
-1672
-1879
-2070
-1914
-1611
-1288
-1019
-1087
-1213
-1037
-722
-280
200
339
217
244
571
1118
1638
1781
1643
1613
1769
2148
2588
2753
2579
2338
2278
2382
2552
2532
2257
2009
1868
1699
1581
1468
1302
1150
916
661
483
221
-14
-74
-85
-239
-470
-639
-703
-567
-349
-315
-466
-535
-583
-448
-167
-119
-295
-531
-634
-430
-134
-123
-369
-661
-820
-779
-595
-501
-669
-958
-1227
-1387
-1354
-1328
-1477
-1669
-1853
-2046
-2134
-2113
-2026
-1946
-1900
-1852
-1817
-1715
-1580
-1436
-1186
-960
-846
-700
-489
-218
107
423
668
847
1055
1281
1531
1818
1957
2038
2156
2260
2427
2529
2522
2492
2419
2350
2297
2204
2057
1879
1689
1517
1379
1235
1048
895
693
380
170
-52
-277
-355
-411
-561
-725
-839
-900
-738
-488
-467
-597
-668
-717
-538
-213
-173
-340
-548
-644
-478
-186
-120
-361
-600
-692
-632
-415
-335
-569
-810
-996
-1090
-1010
-1052
-1276
-1474
-1549
-1578
-1568
-1573
-1627
-1675
-1618
-1516
-1436
-1363
-1359
-1317
-1144
-940
-787
-624
-415
-185
8
206
427
646
892
1127
1331
1509
1615
1738
1918
2098
2233
2272
2250
2257
2227
2153
2132
2095
1989
1831
1620
1377
1243
1163
1074
915
659
336
73
3
-28
-121
-307
-523
-641
-557
-454
-439
-559
-648
-635
-559
-399
-419
-566
-648
-635
-537
-407
-465
-642
-728
-727
-680
-650
-642
-770
-855
-885
-1012
-1099
-1162
-1266
-1315
-1313
-1424
-1578
-1648
-1566
-1494
-1409
-1322
-1428
-1378
-1160
-1004
-835
-695
-674
-580
-282
29
213
378
497
609
939
1220
1370
1545
1624
1715
1900
2009
2025
2043
2050
2053
2042
1981
1834
1714
1665
1587
1487
1288
1041
865
769
707
591
340
19
-206
-277
-232
-275
-442
-680
-851
-786
-542
-381
-429
-587
-719
-603
-329
-139
-194
-416
-579
-558
-324
-157
-220
-410
-600
-650
-499
-409
-453
-585
-785
-907
-980
-1020
-1076
-1169
-1247
-1354
-1462
-1507
-1523
-1441
-1336
-1334
-1339
-1327
-1213
-1007
-831
-710
-702
-645
-409
-132
147
320
335
427
668
979
1263
1428
1473
1482
1596
1796
1944
2058
2094
2025
1997
1985
1931
1894
1859
1772
1636
1469
1267
1066
949
857
697
511
278
27
-129
-196
-278
-405
-516
-631
-693
-633
-625
-705
-735
-749
-701
-563
-531
-658
-778
-784
-687
-502
-406
-571
-764
-815
-763
-603
-511
-632
-821
-926
-927
-884
-874
-954
-1110
-1185
-1169
-1174
-1194
-1226
-1237
-1186
-1111
-1076
-1100
-1060
-888
-690
-506
-419
-444
-359
-86
251
508
598
573
623
868
1196
1427
1510
1488
1482
1608
1789
1906
1928
1895
1854
1830
1829
1775
1686
1635
1554
1400
1244
1070
894
792
677
467
262
106
-35
-128
-242
-419
-520
-528
-509
-509
-637
-808
-802
-651
-485
-434
-598
-818
-835
-658
-456
-403
-580
-811
-863
-748
-602
-568
-711
-904
-989
-964
-908
-924
-1023
-1141
-1211
-1204
-1187
-1202
-1222
-1237
-1211
-1139
-1073
-1025
-971
-879
-744
-589
-450
-358
-260
-86
116
306
479
573
652
825
1030
1220
1364
1422
1447
1523
1650
1772
1828
1824
1780
1727
1729
1729
1677
1600
1477
1329
1200
1096
1009
883
717
533
345
241
200
102
-61
-248
-387
-394
-316
-311
-466
-656
-727
-634
-455
-390
-539
-741
-794
-653
-449
-387
-551
-794
-891
-792
-624
-569
-717
-961
-1118
-1099
-1002
-948
-1007
-1176
-1317
-1347
-1296
-1203
-1163
-1191
-1237
-1265
-1188
-1042
-893
-770
-722
-680
-561
-373
-135
51
154
251
375
588
827
982
1092
1164
1264
1421
1542
1624
1665
1688
1749
1782
1769
1709
1625
1593
1571
1521
1404
1204
1047
960
907
847
669
427
238
145
147
117
-21
-229
-414
-440
-369
-335
-380
-530
-646
-610
-508
-428
-446
-544
-602
-571
-484
-440
-493
-569
-635
-650
-625
-668
-743
-818
-898
-947
-1000
-1057
-1096
-1133
-1164
-1223
-1284
-1286
-1241
-1164
-1128
-1154
-1166
-1094
-919
-726
-620
-590
-558
-413
-153
93
237
281
338
508
763
1002
1113
1138
1180
1293
1467
1595
1627
1610
1597
1631
1662
1631
1569
1495
1438
1383
1276
1124
953
848
806
720
586
379
164
78
80
78
-8
-187
-358
-431
-362
-263
-273
-370
-506
-567
-466
-339
-293
-348
-470
-527
-472
-374
-332
-382
-488
-597
-625
-588
-594
-640
-735
-868
-955
-990
-1013
-1030
-1069
-1151
-1239
-1287
-1278
-1229
-1170
-1149
-1167
-1158
-1080
-949
-795
-670
-594
-505
-369
-182
18
167
298
429
573
756
914
1016
1133
1262
1382
1478
1520
1537
1571
1655
1707
1658
1583
1485
1424
1452
1413
1280
1113
922
806
771
711
578
389
208
70
20
19
-56
-165
-285
-411
-430
-377
-359
-367
-432
-517
-526
-462
-388
-353
-380
-465
-521
-491
-444
-407
-413
-509
-607
-646
-651
-630
-634
-720
-838
-925
-956
-932
-907
-945
-1043
-1118
-1136
-1092
-1013
-994
-1023
-1025
-983
-870
-732
-648
-593
-521
-401
-223
-45
77
157
269
420
598
767
868
924
1007
1125
1248
1349
1385
1372
1381
1418
1457
1469
1421
1332
1259
1217
1178
1118
1014
884
771
698
634
555
452
319
201
132
91
62
3
-105
-218
-280
-271
-231
-225
-300
-422
-491
-461
-373
-320
-385
-528
-624
-611
-521
-460
-519
-666
-783
-798
-735
-686
-733
-863
-976
-1002
-957
-905
-913
-985
-1047
-1049
-999
-929
-887
-880
-865
-819
-738
-635
-542
-465
-392
-303
-193
-68
59
166
261
358
464
583
702
800
881
949
1020
1104
1179
1228
1253
1261
1273
1296
1309
1294
1250
1193
1144
1106
1062
994
902
795
705
638
572
483
363
240
149
88
36
-44
-158
-269
-334
-348
-352
-396
-484
-570
-593
-554
-513
-525
-595
-661
-662
-606
-554
-564
-634
-698
-699
-648
-612
-638
-714
-773
-773
-734
-713
-743
-803
-844
-828
-776
-737
-738
-759
-755
-702
-618
-545
-501
-471
-424
-339
-228
-117
-28
36
105
203
322
445
546
620
685
760
859
963
1047
1092
1107
1130
1177
1231
1256
1230
1178
1139
1134
1136
1100
1008
890
803
764
742
674
542
392
284
237
215
146
10
-144
-244
-271
-270
-311
-413
-537
-614
-617
-580
-569
-623
-704
-756
-745
-691
-648
-654
-696
-733
-731
-687
-634
-607
-625
-665
-683
-661
-616
-574
-572
-604
-635
-636
-589
-528
-499
-512
-535
-519
-451
-362
-301
-285
-277
-232
-141
-31
52
96
130
194
303
416
499
540
573
632
720
807
862
885
908
941
983
1019
1019
1001
986
978
972
944
896
841
794
757
714
649
568
480
396
327
264
193
106
9
-93
-183
-249
-301
-348
-414
-499
-583
-640
-646
-625
-622
-653
-705
-729
-696
-639
-590
-582
-606
-614
-584
-522
-460
-434
-440
-449
-443
-412
-378
-362
-360
-368
-368
-361
-350
-336
-327
-319
-310
-305
-297
-277
-243
-195
-149
-118
-93
-66
-15
57
131
187
221
251
297
371
450
509
541
551
572
624
684
726
726
704
693
703
733
749
721
666
613
594
602
589
530
445
370
333
311
269
195
102
23
-28
-57
-97
-157
-226
-288
-323
-340
-354
-377
-407
-432
-446
-441
-421
-405
-407
-416
-425
-415
-387
-363
-346
-347
-358
-354
-337
-315
-303
-310
-327
-340
-333
-310
-296
-295
-311
-327
-318
-293
-263
-242
-235
-233
-213
-172
-122
-80
-59
-45
-14
33
88
139
176
202
234
270
312
353
387
411
434
458
482
498
512
518
524
529
522
508
492
479
477
468
438
396
349
312
292
268
230
175
114
59
25
5
-21
-60
-113
-165
-196
-200
-198
-205
-231
-269
-291
-284
-261
-244
-249
-271
-285
-275
-253
-235
-229
-248
-265
-266
-252
-235
-232
-241
-259
-271
-263
-250
-242
-241
-247
-244
-230
-214
-194
-181
-168
-150
-128
-105
-84
-65
-42
-11
17
36
54
80
115
148
170
182
197
217
249
279
293
295
295
301
315
324
327
320
300
290
284
280
276
254
229
201
178
167
152
125
93
57
32
13
-4
-24
-48
-70
-87
-98
-109
-117
-122
-126
-130
-131
-132
-129
-124
-118
-110
-108
-106
-105
-104
-103
-104
-105
-108
-112
-117
-125
-135
-141
-146
-147
-152
-161
-170
-180
-181
-170
-158
-155
-155
-149
-135
-110
-90
-77
-70
-60
-37
-9
16
29
42
61
87
115
131
140
146
163
187
206
210
203
203
219
239
245
237
214
200
202
209
206
182
152
131
126
126
116
86
50
22
9
6
-5
-32
-65
-84
-85
-81
-83
-103
-123
-133
-127
-115
-112
-120
-124
-120
-105
-91
-86
-89
-92
-85
-76
-70
-75
-83
-86
-81
-77
-77
-85
-96
-95
-92
-88
-90
-93
-90
-80
-69
-61
-59
-55
-43
-29
-18
-12
-6
3
20
38
48
51
53
65
82
93
100
102
106
115
128
138
139
131
130
137
143
145
137
124
117
114
111
106
91
77
65
56
48
35
17
0
-10
-15
-21
-32
-46
-53
-53
-55
-60
-69
-77
-75
-70
-68
-69
-75
-81
-82
-78
-69
-66
-68
-70
-69
-67
-67
-67
-70
-70
-69
-70
-71
-72
-71
-66
-65
-65
-68
-71
-68
-60
-48
-39
-34
-30
-27
-20
-11
1
13
25
34
42
48
55
68
83
93
97
97
97
104
110
117
120
121
119
112
108
105
106
107
105
100
88
77
70
64
58
49
42
32
22
11
-1
-11
-17
-21
-27
-37
-51
-58
-62
-62
-63
-67
-76
-82
-84
-80
-78
-78
-81
-85
-84
-82
-82
-80
-80
-78
-77
-80
-81
-78
-72
-65
-62
-67
-70
-65
-56
-45
-42
-43
-42
-36
-27
-17
-11
-8
0
14
26
35
40
46
60
72
83
86
87
88
94
104
111
112
107
104
105
108
111
105
98
93
93
91
84
74
66
64
63
55
43
28
17
14
15
10
0
-14
-28
-31
-32
-32
-36
-45
-56
-63
-64
-65
-63
-62
-67
-69
-73
-78
-80
-79
-72
-70
-74
-80
-85
-86
-83
-80
-77
-80
-85
-87
-87
-80
-72
-65
-62
-64
-65
-62
-55
-46
-36
-26
-21
-14
-6
3
15
27
39
44
52
61
73
84
96
104
109
112
114
115
120
126
130
132
133
130
126
119
116
111
104
98
89
82
75
70
61
51
42
31
23
15
6
-5
-20
-28
-36
-42
-49
-58
-67
-74
-82
-87
-89
-90
-93
-97
-96
-94
-92
-91
-86
-84
-86
-87
-90
-88
-82
-79
-77
-76
-76
-75
-70
-70
-67
-66
-66
-66
-62
-52
-46
-39
-35
-33
-29
-22
-16
-13
-6
2
13
25
37
46
51
54
59
69
84
97
104
107
104
106
114
127
138
138
134
126
123
123
127
131
125
114
101
88
80
79
73
64
52
31
13
1
0
-2
-8
-22
-39
-54
-62
-63
-62
-62
-67
-73
-80
-84
-85
-82
-79
-79
-82
-87
-89
-88
-85
-80
-81
-88
-93
-94
-90
-86
-79
-77
-79
-78
-77
-75
-68
-65
-62
-59
-54
-49
-41
-33
-26
-23
-20
-17
-13
-2
12
23
32
36
37
43
52
67
80
92
99
101
104
109
116
125
128
128
125
120
117
115
113
114
110
103
94
85
76
68
64
58
51
43
32
20
7
-4
-7
-15
-22
-33
-41
-48
-54
-56
-59
-62
-67
-73
-79
-82
-83
-83
-83
-82
-82
-85
-86
-86
-83
-79
-76
-76
-79
-79
-79
-79
-76
-74
-72
-71
-68
-65
-61
-55
-49
-43
-39
-37
-31
-21
-13
-5
2
9
16
22
30
40
50
61
70
79
84
86
91
98
106
112
118
117
115
111
110
113
114
111
105
95
89
82
76
68
59
50
38
27
19
11
2
-6
-16
-25
-30
-34
-37
-47
-56
-63
-65
-65
-67
-65
-63
-58
-56
-54
-51
-54
-56
-59
-58
-58
-57
-56
-58
-57
-58
-60
-63
-66
-67
-64
-64
-64
-63
-62
-60
-58
-54
-49
-46
-45
-41
-32
-27
-22
-14
-6
5
15
23
32
40
50
59
65
73
81
87
93
100
104
107
111
111
108
104
100
97
94
89
86
78
72
66
64
60
49
39
28
17
9
3
-2
-9
-17
-21
-24
-26
-32
-38
-42
-50
-54
-55
-53
-52
-52
-54
-55
-56
-57
-58
-60
-59
-60
-62
-62
-57
-55
-55
-56
-58
-58
-57
-58
-58
-56
-53
-49
-49
-46
-41
-37
-33
-30
-28
-24
-21
-16
-8
0
4
7
12
18
25
30
35
41
49
57
64
70
75
79
82
85
88
91
92
93
92
89
85
80
76
73
68
61
54
48
42
35
29
22
14
4
-2
-7
-11
-17
-23
-29
-33
-36
-39
-39
-38
-39
-41
-44
-47
-50
-49
-48
-51
-52
-51
-50
-51
-52
-52
-52
-52
-50
-48
-46
-45
-44
-43
-41
-39
-41
-39
-37
-34
-31
-28
-25
-23
-21
-20
-16
-12
-9
-5
-2
5
12
17
22
27
30
34
40
46
52
54
59
65
65
68
71
72
72
70
67
64
61
58
55
51
44
37
33
29
22
18
12
6
1
-4
-7
-11
-14
-18
-19
-20
-21
-21
-24
-27
-29
-30
-31
-29
-27
-27
-26
-24
-25
-24
-21
-21
-22
-23
-24
-28
-26
-27
-27
-28
-28
-30
-31
-30
-31
-31
-29
-28
-27
-29
-28
-28
-25
-25
-26
-22
-19
-16
-13
-9
-6
-1
5
10
14
19
23
29
34
37
40
43
45
47
49
50
50
50
50
49
47
44
43
40
34
33
29
24
22
18
16
14
10
7
2
-1
-2
-4
-5
-7
-8
-11
-12
-13
-17
-18
-20
-21
-21
-21
-19
-21
-22
-22
-22
-23
-25
-27
-25
-26
-27
-29
-30
-31
-31
-31
-33
-33
-33
-33
-33
-32
-29
-26
-26
-25
-24
-23
-18
-14
-12
-10
-7
-1
4
12
19
22
26
26
30
34
38
42
44
48
52
54
55
54
53
52
50
50
48
47
45
40
36
30
23
18
12
7
5
4
0
-4
-8
-11
-12
-13
-17
-19
-19
-21
-21
-19
-19
-19
-17
-17
-18
-16
-14
-15
-18
-19
-19
-18
-16
-19
-18
-20
-20
-21
-23
-22
-24
-26
-27
-29
-29
-26
-25
-24
-25
-24
-27
-28
-25
-24
-20
-18
-16
-12
-9
-6
-3
-2
2
2
4
9
14
17
