-2
-4
-5
-3
-3
-3
-5
-4
-3
-1
0
-2
-4
-5
-4
-4
-4
-4
-4
-5
-6
-6
-6
-4
-5
-6
-7
-8
-6
-4
-3
-3
-6
-7
-5
-1
1
2
1
0
0
0
-2
0
4
4
4
1
-2
-2
-1
-1
2
3
5
7
9
9
8
8
8
8
8
7
6
6
3
5
4
3
2
3
6
5
5
5
5
6
5
1
2
0
1
2
1
1
2
2
1
1
0
-1
-1
0
1
3
2
0
-3
-7
-6
-7
-6
-7
-8
-9
-9
-8
-7
-6
-5
-6
-6
-7
-7
-9
-8
-7
-6
-6
-6
-6
-4
-1
-1
-1
-3
-3
-4
-4
-1
2
4
9
9
7
10
12
16
17
15
13
13
19
26
22
15
11
16
28
34
26
14
8
8
12
14
7
-1
-4
6
15
14
0
-17
-31
-29
-10
12
17
4
-16
-24
-15
-5
-11
-36
-51
-35
3
34
34
-6
-62
-90
-73
-40
-22
-31
-49
-36
4
35
32
12
16
41
61
49
3
-32
7
217
512
589
272
-261
-648
-683
-304
263
701
707
233
-396
-819
-919
-775
-460
-70
272
471
506
337
-104
-706
-1136
-1068
-437
506
1316
1584
1173
287
-632
-1097
-887
-170
609
1117
1300
1148
651
-50
-627
-858
-758
-365
277
888
988
458
-283
-798
-983
-848
-416
70
229
14
-172
-125
-52
-114
-222
-301
-397
-421
-163
296
580
510
272
42
-165
-278
-174
87
266
262
213
189
128
3
-61
-12
18
-59
-150
-141
-98
-89
-43
85
152
23
-153
-180
-106
-73
-74
-37
-1
-22
-11
119
232
151
-49
-170
-154
-68
51
196
273
204
71
6
4
-21
-47
-17
73
152
191
211
169
59
-46
-60
3
60
76
66
47
17
13
39
40
-5
-68
-78
-25
69
168
223
179
58
-47
-60
27
184
378
531
559
436
229
12
-165
-255
-235
-135
-62
-65
-102
-181
-326
-518
-707
-838
-936
-997
-967
-891
-831
-831
-900
-983
-1078
-1127
-1043
-847
-616
-420
-275
-155
-66
1
97
218
332
417
513
682
911
1141
1330
1436
1425
1294
1122
1010
980
1006
1070
1150
1201
1161
1022
828
623
428
265
174
143
130
99
67
47
18
-56
-168
-264
-321
-356
-377
-375
-352
-321
-265
-97
201
535
777
853
764
540
231
-44
-199
-283
-340
-363
-323
-251
-251
-358
-578
-918
-1338
-1714
-1934
-2037
-2129
-2267
-2469
-2734
-3008
-3163
-3070
-2753
-2341
-1926
-1577
-1336
-1199
-1041
-729
-274
237
731
1182
1579
1953
2359
2839
3318
3648
3766
3703
3547
3403
3362
3455
3586
3600
3396
2983
2442
1854
1284
791
388
27
-312
-602
-832
-1031
-1221
-1401
-1576
-1769
-1980
-2176
-2339
-2462
-2538
-2541
-2459
-2295
-2042
-1708
-1340
-1000
-737
-560
-441
-338
-196
5
237
447
614
739
822
865
852
767
613
431
305
335
573
994
1500
1912
2099
1996
1647
1168
660
205
-153
-402
-538
-545
-453
-300
-162
-147
-302
-625
-1070
-1559
-2030
-2462
-2847
-3189
-3450
-3562
-3462
-3129
-2610
-2024
-1518
-1180
-1006
-918
-807
-607
-296
99
549
1049
1625
2289
2994
3636
4093
4281
4189
3903
3556
3264
3089
3009
2956
2875
2716
2478
2178
1820
1394
880
277
-363
-973
-1469
-1778
-1899
-1883
-1809
-1752
-1741
-1780
-1855
-1956
-2094
-2262
-2427
-2517
-2445
-2169
-1706
-1144
-582
-112
218
413
501
520
486
400
277
142
35
14
110
307
540
728
817
806
767
779
908
1124
1336
1446
1391
1195
923
653
439
279
123
-54
-257
-459
-615
-715
-788
-879
-1027
-1238
-1500
-1820
-2199
-2651
-3150
-3625
-3964
-4045
-3808
-3282
-2574
-1831
-1160
-611
-188
137
392
589
747
904
1129
1498
2044
2736
3472
4121
4567
4765
4738
4550
4273
3942
3572
3160
2728
2327
2011
1790
1624
1431
1137
718
199
-349
-874
-1349
-1782
-2180
-2521
-2758
-2844
-2762
-2556
-2305
-2109
-2011
-2014
-2075
-2128
-2131
-2064
-1911
-1662
-1306
-844
-310
225
661
932
1012
923
732
507
300
144
28
-50
-77
-33
115
391
792
1266
1699
1978
2015
1801
1391
887
409
21
-250
-429
-545
-601
-596
-528
-425
-346
-364
-527
-831
-1223
-1660
-2103
-2541
-2958
-3323
-3572
-3628
-3447
-3039
-2478
-1848
-1227
-651
-140
284
599
796
881
925
1023
1253
1646
2166
2745
3307
3802
4215
4541
4742
4754
4532
4089
3515
2945
2493
2206
2031
1861
1608
1233
780
341
-25
-308
-560
-855
-1247
-1735
-2254
-2724
-3059
-3220
-3207
-3058
-2831
-2576
-2337
-2141
-2002
-1906
-1842
-1773
-1660
-1476
-1214
-910
-608
-337
-112
86
279
467
631
724
706
582
396
226
155
227
461
825
1254
1678
2016
2217
2251
2124
1849
1455
972
447
-76
-535
-878
-1075
-1132
-1100
-1036
-983
-957
-967
-1033
-1201
-1516
-1993
-2581
-3173
-3633
-3847
-3776
-3448
-2930
-2300
-1607
-883
-156
532
1129
1577
1838
1919
1880
1818
1833
1990
2297
2708
3153
3578
3947
4249
4477
4603
4575
4349
3915
3311
2610
1893
1237
680
228
-131
-419
-657
-864
-1054
-1230
-1387
-1536
-1702
-1914
-2188
-2514
-2845
-3110
-3241
-3211
-3038
-2767
-2453
-2125
-1786
-1424
-1036
-639
-274
17
203
293
308
275
224
177
157
183
264
393
542
672
766
829
892
987
1132
1295
1408
1406
1274
1039
760
496
263
51
-183
-449
-721
-947
-1076
-1103
-1051
-978
-940
-957
-1017
-1116
-1258
-1465
-1759
-2116
-2480
-2767
-2901
-2841
-2601
-2226
-1755
-1215
-626
-13
577
1083
1449
1653
1731
1757
1812
1951
2179
2462
2765
3057
3334
3602
3850
4053
4156
4114
3908
3557
3107
2613
2111
1615
1122
640
178
-234
-573
-833
-1033
-1199
-1351
-1492
-1607
-1694
-1754
-1817
-1911
-2051
-2229
-2410
-2556
-2636
-2641
-2568
-2421
-2203
-1914
-1575
-1212
-867
-580
-368
-240
-195
-219
-305
-433
-572
-678
-711
-654
-500
-267
29
371
739
1117
1468
1749
1932
2000
1961
1818
1579
1248
846
404
-20
-358
-558
-619
-567
-452
-325
-208
-121
-88
-150
-358
-743
-1285
-1907
-2504
-2976
-3258
-3328
-3198
-2889
-2411
-1784
-1043
-250
503
1136
1597
1888
2052
2154
2229
2296
2360
2425
2520
2684
2934
3263
3611
3895
4054
4055
3920
3671
3341
2929
2423
1821
1153
483
-121
-614
-993
-1284
-1525
-1733
-1897
-1994
-2018
-1986
-1941
-1941
-2022
-2183
-2390
-2604
-2791
-2931
-3015
-3027
-2957
-2789
-2510
-2137
-1698
-1237
-798
-417
-118
90
206
242
212
148
81
37
44
120
265
474
736
1037
1363
1688
1981
2220
2373
2417
2331
2109
1752
1284
749
205
-285
-665
-918
-1036
-1042
-966
-836
-682
-541
-463
-510
-727
-1111
-1608
-2134
-2592
-2914
-3075
-3082
-2948
-2668
-2228
-1629
-900
-122
619
1257
1757
2140
2438
2677
2852
2943
2950
2896
2837
2839
2930
3095
3279
3426
3504
3506
3444
3324
3140
2866
2473
1961
1352
693
33
-587
-1148
-1633
-2040
-2353
-2561
-2657
-2652
-2580
-2489
-2423
-2420
-2497
-2638
-2805
-2961
-3073
-3127
-3115
-3029
-2859
-2591
-2226
-1781
-1295
-818
-387
-20
268
486
644
745
801
816
801
777
769
806
916
1107
1377
1687
1995
2252
2421
2484
2441
2284
2013
1628
1144
610
85
-362
-697
-910
-1029
-1092
-1123
-1134
-1131
-1131
-1177
-1297
-1502
-1774
-2065
-2324
-2510
-2611
-2614
-2506
-2258
-1860
-1319
-681
-12
623
1184
1668
2090
2459
2764
2985
3104
3137
3123
3105
3103
3110
3098
3039
2928
2786
2639
2494
2345
2155
1894
1552
1152
715
267
-187
-652
-1129
-1593
-2006
-2333
-2553
-2666
-2699
-2686
-2644
-2587
-2517
-2447
-2391
-2357
-2347
-2339
-2308
-2232
-2096
-1909
-1685
-1435
-1159
-862
-554
-253
17
240
410
535
624
687
731
758
793
863
993
1198
1457
1735
1996
2205
2340
2391
2348
2194
1929
1557
1113
646
194
-205
-532
-797
-1006
-1170
-1290
-1375
-1445
-1531
-1667
-1856
-2086
-2335
-2570
-2754
-2870
-2908
-2847
-2672
-2370
-1944
-1417
-824
-198
424
1020
1578
2080
2512
2861
3115
3276
3362
3394
3400
3390
3368
3331
3280
3218
3148
3066
2957
2801
2579
2281
1909
1480
1015
530
38
-453
-932
-1377
-1767
-2084
-2327
-2492
-2590
-2637
-2646
-2632
-2602
-2568
-2540
-2524
-2521
-2518
-2494
-2435
-2332
-2180
-1986
-1757
-1500
-1227
-943
-655
-374
-113
123
327
500
648
772
874
976
1087
1222
1383
1567
1761
1951
2115
2223
2258
2194
2030
1768
1422
1018
580
138
-275
-640
-942
-1178
-1353
-1484
-1590
-1689
-1805
-1940
-2095
-2261
-2420
-2550
-2629
-2643
-2577
-2419
-2163
-1818
-1394
-909
-379
173
735
1289
1822
2321
2766
3144
3449
3672
3808
3869
3860
3790
3672
3516
3341
3157
2968
2778
2583
2375
2143
1874
1566
1212
818
386
-73
-543
-1011
-1456
-1860
-2210
-2499
-2725
-2886
-2984
-3027
-3024
-2983
-2910
-2816
-2709
-2592
-2472
-2347
-2222
-2091
-1959
-1827
-1692
-1554
-1403
-1235
-1047
-840
-610
-363
-104
172
455
746
1034
1318
1585
1823
2024
2180
2294
2364
2383
2351
2257
2104
1890
1628
1332
1006
666
325
-11
-322
-611
-873
-1104
-1316
-1520
-1728
-1938
-2151
-2357
-2543
-2691
-2790
-2821
-2766
-2609
-2347
-1984
-1535
-1023
-467
109
687
1256
1791
2270
2681
3013
3268
3453
3577
3651
3677
3651
3578
3464
3326
3167
2995
2806
2588
2326
2019
1682
1323
952
569
173
-237
-661
-1093
-1508
-1885
-2215
-2490
-2711
-2874
-2978
-3024
-3013
-2953
-2858
-2749
-2634
-2518
-2394
-2259
-2110
-1944
-1774
-1610
-1450
-1297
-1142
-980
-812
-629
-432
-225
-3
240
516
829
1175
1534
1881
2195
2459
2667
2802
2857
2809
2646
2371
1993
1554
1093
646
233
-143
-475
-757
-994
-1177
-1320
-1446
-1591
-1775
-2004
-2263
-2523
-2755
-2932
-3043
-3073
-3010
-2838
-2552
-2151
-1652
-1077
-452
194
840
1475
2072
2610
3072
3442
3711
3876
3948
3938
3859
3722
3542
3341
3128
2921
2720
2528
2332
2120
1884
1615
1312
975
598
194
-232
-675
-1112
-1522
-1887
-2195
-2433
-2606
-2709
-2748
-2735
-2668
-2557
-2419
-2268
-2116
-1978
-1858
-1757
-1671
-1597
-1527
-1465
-1407
-1351
-1292
-1214
-1114
-982
-817
-615
-380
-110
190
519
860
1199
1521
1805
2042
2217
2323
2356
2314
2196
2006
1750
1442
1092
722
342
-32
-385
-711
-999
-1256
-1481
-1683
-1870
-2046
-2212
-2364
-2497
-2605
-2674
-2694
-2653
-2533
-2331
-2042
-1667
-1213
-690
-117
498
1131
1759
2365
2921
3411
3808
4104
4289
4352
4302
4153
3927
3643
3330
3011
2706
2427
2172
1936
1709
1479
1230
948
626
264
-133
-549
-973
-1385
-1772
-2118
-2411
-2639
-2796
-2875
-2879
-2818
-2699
-2535
-2341
-2129
-1913
-1705
-1515
-1347
-1209
-1104
-1033
-992
-983
-998
-1027
-1059
-1073
-1047
-972
-831
-626
-354
-24
343
729
1101
1435
1695
1876
1964
1955
1858
1676
1432
1148
849
556
282
25
-206
-415
-602
-772
-937
-1109
-1290
-1484
-1683
-1875
-2042
-2166
-2243
-2261
-2215
-2095
-1897
-1625
-1281
-884
-449
15
503
1016
1540
2061
2561
3021
3427
3767
4034
4219
4310
4294
4172
3957
3668
3327
2952
2560
2167
1789
1441
1127
851
594
340
73
-213
-521
-847
-1184
-1526
-1865
-2184
-2468
-2701
-2874
-2987
-3038
-3029
-2961
-2832
-2648
-2417
-2156
-1884
-1618
-1369
-1157
-988
-870
-804
-779
-784
-799
-806
-779
-720
-606
-438
-214
54
363
693
1018
1319
1566
1748
1842
1847
1760
1587
1337
1034
699
362
45
-237
-472
-659
-798
-906
-993
-1080
-1175
-1288
-1419
-1563
-1711
-1845
-1943
-1980
-1938
-1806
-1585
-1282
-902
-465
11
512
1020
1528
2021
2485
2911
3281
3583
3808
3943
3989
3953
3844
3675
3462
3214
2939
2642
2327
1996
1648
1286
914
534
157
-212
-566
-903
-1219
-1511
-1777
-2019
-2234
-2423
-2586
-2710
-2801
-2854
-2861
-2822
-2739
-2612
-2442
-2232
-1989
-1729
-1460
-1196
-952
-732
-542
-386
-257
-156
-72
1
70
145
232
339
465
611
763
920
1056
1160
1217
1222
1172
1068
914
720
491
240
-25
-291
-549
-798
-1022
-1216
-1382
-1520
-1629
-1712
-1772
-1807
-1806
-1776
-1711
-1613
-1477
-1298
-1080
-821
-521
-174
218
646
1103
1587
2073
2548
2994
3389
3720
3966
4113
4161
4107
3959
3731
3437
3099
2738
2367
2004
1650
1312
989
677
369
64
-244
-552
-862
-1170
-1474
-1768
-2042
-2293
-2515
-2702
-2842
-2935
-2975
-2961
-2891
-2767
-2594
-2379
-2130
-1858
-1569
-1278
-991
-718
-462
-231
-28
148
298
431
550
661
762
871
975
1075
1159
1224
1266
1273
1246
1172
1059
903
707
477
219
-61
-349
-643
-931
-1205
-1457
-1683
-1883
-2059
-2215
-2348
-2457
-2540
-2591
-2599
-2552
-2446
-2274
-2025
-1704
-1315
-866
-370
162
710
1258
1791
2300
2770
3199
3578
3903
4175
4393
4547
4639
4661
4610
4485
4282
4005
3653
3237
2767
2256
1720
1185
661
166
-286
-694
-1042
-1344
-1598
-1815
-2006
-2183
-2355
-2527
-2694
-2861
-3015
-3140
-3226
-3257
-3226
-3119
-2942
-2699
-2401
-2064
-1705
-1337
-978
-640
-328
-50
198
418
621
808
988
1161
1325
1476
1603
1707
1770
1782
1738
1635
1468
1237
950
620
262
-115
-492
-863
-1208
-1529
-1818
-2075
-2301
-2497
-2669
-2816
-2930
-3017
-3064
-3066
-3022
-2915
-2747
-2504
-2179
-1773
-1285
-722
-99
568
1259
1952
2630
3261
3828
4315
4708
5002
5200
5300
5311
5236
5081
4862
4582
4257
3894
3499
3083
2647
2198
1734
1257
771
279
-214
-695
-1167
-1616
-2033
-2417
-2748
-3031
-3254
-3417
-3526
-3574
-3572
-3524
-3433
-3305
-3148
-2967
-2770
-2568
-2359
-2146
-1923
-1680
-1410
-1101
-762
-385
23
444
873
1282
1659
1982
2236
2406
2481
2463
2352
2163
1912
1611
1274
924
566
219
-117
-439
-744
-1039
-1325
-1607
-1895
-2184
-2475
-2759
-3025
-3266
-3458
-3602
-3679
-3681
-3593
-3404
-3111
-2707
-2200
-1604
-930
-205
555
1327
2086
2804
3457
4038
4529
4924
5223
5428
5544
5576
5538
5433
5269
5047
4769
4443
4068
3645
3182
2679
2145
1590
1023
455
-104
-641
-1141
-1600
-2018
-2389
-2721
-3006
-3254
-3464
-3633
-3763
-3848
-3889
-3879
-3817
-3701
-3536
-3329
-3092
-2824
-2535
-2231
-1916
-1587
-1244
-882
-502
-106
303
716
1121
1496
1836
2117
2327
2455
2493
2442
2309
2103
1843
1538
1206
858
499
145
-203
-541
-869
-1196
-1519
-1841
-2157
-2457
-2744
-3002
-3223
-3394
-3498
-3529
-3471
-3317
-3069
-2729
-2306
-1812
-1252
-639
4
668
1328
1972
2583
3154
3668
4115
4489
4784
4990
5115
5157
5122
5016
4846
4620
4342
4024
3672
3294
2893
2474
2038
1590
1135
674
216
-235
-678
-1101
-1505
-1882
-2226
-2535
-2804
-3036
-3226
-3371
-3476
-3537
-3558
-3537
-3476
-3371
-3226
-3037
-2802
-2528
-2215
-1868
-1492
-1097
-688
-281
114
486
816
1107
1342
1520
1638
1698
1702
1655
1563
1435
1273
1086
878
649
405
146
-123
-404
-698
-1007
-1326
-1654
-1981
-2300
-2600
-2865
-3087
-3246
-3335
-3341
-3259
-3086
-2821
-2467
-2031
-1523
-956
-346
288
927
1558
2160
2720
3227
3666
4034
4319
4523
4647
4698
4685
4614
4490
4329
4129
3901
3649
3369
3068
2748
2406
2046
1667
1272
871
464
59
-338
-720
-1078
-1413
-1714
-1979
-2210
-2404
-2563
-2695
-2793
-2863
-2908
-2923
-2910
-2868
-2792
-2676
-2519
-2320
-2079
-1799
-1480
-1140
-786
-434
-94
226
500
723
884
972
987
932
820
658
452
229
-3
-230
-436
-627
-794
-938
-1075
-1204
-1333
-1471
-1615
-1774
-1938
-2105
-2268
-2407
-2511
-2558
-2531
-2427
-2232
-1943
-1568
-1111
-590
-22
571
1168
1754
2306
2807
3249
3622
3914
4131
4263
4324
4317
4245
4122
3957
3761
3538
3290
3033
2762
2480
2193
1900
1606
1314
1021
734
448
163
-117
-396
-673
-941
-1203
-1450
-1676
-1878
-2049
-2190
-2295
-2369
-2410
-2414
-2383
-2315
-2212
-2077
-1912
-1714
-1494
-1246
-980
-705
-426
-164
83
292
455
571
625
620
561
449
299
122
-75
-276
-476
-666
-840
-1005
-1150
-1287
-1426
-1569
-1725
-1887
-2058
-2233
-2397
-2550
-2667
-2734
-2737
-2661
-2500
-2255
-1928
-1527
-1062
-547
0
555
1100
1622
2106
2539
2913
3225
3474
3663
3797
3878
3916
3916
3882
3815
3716
3588
3422
3223
2988
2718
2418
2088
1741
1379
1016
662
324
10
-278
-537
-765
-956
-1119
-1255
-1369
-1472
-1562
-1645
-1717
-1779
-1830
-1869
-1889
-1881
-1839
-1757
-1635
-1462
-1254
-1000
-722
-433
-138
138
390
593
741
829
850
807
711
564
383
176
-46
-263
-480
-681
-870
-1045
-1204
-1361
-1518
-1676
-1844
-2020
-2202
-2389
-2566
-2736
-2880
-2983
-3036
-3022
-2935
-2767
-2510
-2171
-1750
-1253
-701
-104
514
1134
1734
2291
2792
3220
3563
3821
3989
4072
4080
4020
3908
3754
3572
3372
3157
2937
2716
2488
2257
2020
1771
1511
1233
942
642
334
26
-278
-575
-858
-1128
-1371
-1586
-1771
-1918
-2031
-2101
-2124
-2105
-2040
-1927
-1774
-1572
-1343
-1085
-804
-517
-220
63
328
562
754
900
992
1030
1019
957
852
718
554
380
193
10
-167
-334
-488
-634
-777
-916
-1068
-1230
-1406
-1596
-1801
-2018
-2235
-2449
-2648
-2817
-2943
-3012
-3019
-2954
-2808
-2587
-2288
-1920
-1493
-1015
-508
17
543
1057
1542
1984
2374
2703
2966
3162
3296
3367
3379
3337
3256
3142
2999
2837
2664
2480
2289
2090
1886
1679
1465
1243
1015
783
544
306
74
-150
-362
-561
-745
-918
-1083
-1235
-1374
-1496
-1599
-1677
-1725
-1733
-1695
-1601
-1453
-1244
-982
-677
-339
8
357
669
940
1145
1275
1326
1292
1175
994
763
494
216
-64
-318
-539
-718
-852
-948
-1009
-1054
-1099
-1153
-1232
-1334
-1471
-1637
-1822
-2025
-2228
-2408
-2551
-2634
-2648
-2584
-2431
-2193
-1869
-1469
-1013
-516
-9
488
963
1390
1757
2060
2285
2436
2517
2542
2516
2450
2361
2253
2132
2010
1893
1783
1688
1597
1507
1406
1295
1172
1034
882
718
539
355
173
0
-152
-292
-415
-523
-623
-711
-796
-870
-935
-996
-1041
-1072
-1079
-1052
-981
-866
-705
-511
-288
-49
194
438
654
839
967
1035
1042
988
879
723
537
335
122
-86
-281
-456
-607
-739
-851
-945
-1027
-1104
-1175
-1243
-1312
-1384
-1461
-1547
-1646
-1745
-1847
-1934
-1997
-2019
-1988
-1891
-1720
-1479
-1172
-800
-380
64
517
961
1376
1745
2045
2266
2402
2446
2408
2296
2125
1916
1692
1471
1261
1071
907
765
640
529
424
332
251
187
140
114
99
91
80
59
16
-47
-127
-224
-329
-439
-547
-643
-721
-769
-775
-737
-645
-502
-317
-102
128
356
575
765
923
1036
1107
1136
1124
1069
963
806
607
377
125
-129
-378
-610
-823
-996
-1124
-1207
-1259
-1297
-1332
-1371
-1408
-1439
-1463
-1487
-1514
-1554
-1607
-1655
-1684
-1682
-1640
-1550
-1409
-1217
-980
-710
-412
-98
231
580
948
1329
1700
2022
2266
2410
2452
2400
2276
2108
1919
1720
1519
1314
1094
861
629
412
233
102
24
-11
-21
-32
-58
-113
-185
-256
-312
-346
-367
-381
-404
-446
-511
-595
-690
-771
-815
-813
-763
-668
-551
-417
-278
-129
22
170
325
481
641
800
947
1057
1120
1122
1062
932
751
541
303
59
-182
-410
-622
-808
-971
-1100
-1193
-1251
-1278
-1268
-1238
-1209
-1196
-1211
-1255
-1320
-1386
-1436
-1455
-1432
-1365
-1256
-1108
-922
-700
-451
-171
133
459
804
1152
1479
1760
1984
2135
2215
2229
2185
2089
1946
1771
1580
1376
1166
957
750
560
394
258
154
83
38
11
-10
-31
-63
-107
-161
-225
-295
-370
-449
-530
-612
-683
-743
-787
-815
-830
-837
-839
-832
-807
-768
-698
-601
-473
-309
-122
77
268
437
575
667
707
692
617
496
334
146
-50
-246
-418
-570
-687
-765
-811
-822
-808
-777
-738
-699
-667
-653
-661
-686
-724
-770
-814
-851
-865
-852
-808
-718
-587
-408
-181
86
383
688
988
1265
1499
1683
1815
1893
1921
1900
1836
1737
1605
1445
1263
1065
871
682
508
351
213
95
-17
-123
-218
-302
-371
-420
-442
-433
-392
-329
-258
-198
-159
-154
-179
-231
-298
-367
-426
-471
-502
-520
-538
-552
-554
-535
-482
-390
-264
-108
51
198
312
381
400
375
319
236
128
-6
-162
-341
-540
-751
-954
-1127
-1246
-1305
-1303
-1248
-1156
-1051
-946
-856
-782
-726
-687
-658
-631
-603
-569
-534
-488
-426
-343
-229
-77
126
369
649
950
1246
1516
1744
1918
2031
2083
2073
2013
1900
1750
1570
1375
1170
974
791
624
479
346
230
124
21
-73
-164
-251
-330
-390
-432
-450
-438
-397
-329
-239
-143
-49
30
82
102
89
49
-9
-83
-155
-221
-261
-277
-264
-233
-186
-130
-82
-40
-16
-2
-8
-34
-78
-144
-224
-323
-443
-581
-740
-915
-1098
-1281
-1451
-1598
-1711
-1783
-1812
-1792
-1722
-1615
-1471
-1307
-1137
-972
-827
-707
-610
-539
-480
-424
-353
-255
-114
78
319
598
911
1236
1554
1844
2090
2284
2422
2500
2521
2492
2421
2320
2190
2034
1848
1636
1400
1146
886
630
387
171
-16
-169
-291
-389
-466
-523
-562
-581
-583
-568
-533
-483
-419
-348
-280
-217
-168
-134
-117
-123
-137
-160
-176
-186
-191
-185
-167
-138
-97
-49
3
54
94
127
145
144
117
56
-39
-173
-345
-557
-798
-1053
-1307
-1549
-1760
-1926
-2035
-2082
-2069
-2007
-1904
-1779
-1647
-1516
-1398
-1291
-1200
-1119
-1039
-949
-849
-728
-584
-412
-211
17
271
551
854
1168
1484
1790
2069
2317
2520
2670
2761
2787
2754
2661
2523
2345
2137
1914
1683
1453
1233
1019
819
634
464
309
171
41
-74
-178
-271
-344
-402
-438
-458
-459
-443
-416
-380
-342
-310
-289
-283
-295
-323
-363
-406
-450
-482
-497
-490
-457
-403
-327
-236
-143
-54
22
81
111
112
75
1
-111
-256
-428
-626
-832
-1039
-1245
-1435
-1598
-1728
-1817
-1868
-1880
-1859
-1808
-1738
-1654
-1562
-1470
-1381
-1296
-1218
-1141
-1058
-963
-846
-701
-529
-321
-81
188
488
803
1125
1444
1741
2010
2235
2413
2534
2597
2605
2564
2476
2347
2185
2001
1804
1599
1398
1205
1025
860
712
578
462
361
274
198
136
86
46
13
-17
-42
-65
-84
-106
-128
-150
-175
-206
-243
-280
-318
-347
-375
-393
-399
-393
-372
-344
-306
-260
-211
-162
-127
-105
-105
-129
-181
-266
-378
-514
-667
-832
-999
-1160
-1309
-1441
-1546
-1623
-1672
-1695
-1691
-1667
-1626
-1580
-1533
-1486
-1446
-1413
-1389
-1360
-1323
-1268
-1187
-1076
-929
-742
-521
-266
17
321
634
945
1243
1519
1768
1979
2142
2255
2319
2338
2312
2249
2157
2039
1905
1761
1609
1456
1302
1152
1005
865
732
613
507
416
339
279
232
197
173
157
151
147
140
128
110
90
64
32
-4
-42
-76
-111
-144
-169
-189
-201
-209
-207
-200
-193
-184
-179
-181
-191
-217
-258
-314
-391
-481
-592
-717
-852
-999
-1142
-1283
-1415
-1529
-1621
-1684
-1722
-1734
-1724
-1693
-1646
-1591
-1531
-1468
-1409
-1352
-1294
-1233
-1161
-1077
-974
-850
-698
-515
-305
-67
194
468
746
1017
1271
1501
1700
1860
1976
2045
2064
2037
1971
1875
1754
1617
1472
1324
1184
1052
927
815
717
631
556
495
439
390
352
323
308
303
308
323
340
362
380
394
396
386
361
328
282
228
172
112
60
17
-18
-34
-45
-42
-34
-24
-14
-15
-30
-62
-114
-194
-296
-423
-568
-729
-895
-1063
-1226
-1373
-1499
-1603
-1683
-1734
-1764
-1768
-1755
-1730
-1695
-1657
-1617
-1576
-1532
-1484
-1430
-1363
-1276
-1170
-1040
-883
-702
-498
-277
-43
199
446
690
921
1131
1316
1474
1604
1704
1773
1812
1820
1800
1757
1694
1614
1518
1411
1294
1170
1038
905
776
655
549
456
378
323
285
268
267
277
296
314
331
345
349
344
323
292
254
206
158
113
71
36
10
-8
-16
-14
-4
12
33
53
68
75
73
51
8
-55
-143
-250
-370
-499
-636
-773
-904
-1024
-1127
-1207
-1268
-1312
-1340
-1357
-1368
-1379
-1389
-1402
-1416
-1430
-1436
-1437
-1428
-1402
-1355
-1284
-1188
-1066
-919
-753
-566
-369
-164
43
248
447
632
803
951
1079
1183
1266
1328
1369
1395
1404
1397
1379
1349
1310
1258
1200
1139
1072
1002
929
857
787
721
660
606
562
530
503
484
469
457
443
425
405
373
336
291
237
181
122
58
-3
-58
-104
-134
-147
-147
-136
-112
-84
-58
-36
-24
-29
-50
-91
-151
-226
-314
-405
-501
-596
-683
-762
-828
-885
-933
-973
-1004
-1030
-1051
-1070
-1090
-1110
-1136
-1164
-1190
-1211
-1222
-1218
-1196
-1152
-1088
-1003
-902
-786
-658
-523
-382
-245
-112
19
144
265
378
482
580
670
751
821
877
922
958
982
994
999
996
987
978
966
955
950
953
960
969
980
987
992
991
987
972
948
918
877
829
772
703
625
536
442
343
241
142
45
-43
-119
-188
-241
-279
-301
-313
-316
-313
-309
-306
-312
-328
-359
-403
-461
-528
-598
-666
-729
-783
-823
-846
-855
-852
-836
-814
-791
-767
-752
-745
-745
-753
-763
-780
-797
-811
-819
-820
-807
-782
-745
-698
-638
-567
-488
-403
-320
-231
-145
-62
17
93
164
232
295
352
403
448
492
531
566
599
629
660
694
726
761
798
834
870
904
937
965
989
1011
1024
1032
1031
1026
1014
992
962
920
866
800
722
629
525
416
304
196
96
9
-61
-115
-160
-188
-212
-234
-254
-281
-317
-364
-422
-490
-566
-641
-717
-782
-837
-876
-900
-907
-896
-869
-831
-787
-738
-686
-634
-591
-553
-522
-499
-484
-474
-470
-468
-461
-453
-445
-433
-413
-383
-346
-300
-249
-198
-148
-98
-54
-15
13
30
45
54
60
65
70
74
78
83
89
102
118
138
166
198
240
291
350
420
494
577
658
736
809
875
933
979
1010
1028
1031
1021
1000
965
923
875
821
764
706
647
587
528
472
417
364
310
251
190
127
60
-14
-93
-183
-278
-376
-476
-576
-673
-765
-848
-921
-978
-1019
-1047
-1063
-1068
-1052
-1039
-1024
-998
-972
-929
-884
-848
-799
-747
-679
-602
-531
-453
-373
-287
-198
-115
-28
55
134
205
265
315
346
369
378
369
357
335
305
271
229
187
147
110
75
48
27
15
17
28
51
83
121
167
214
264
311
359
408
452
491
513
530
546
556
566
565
560
561
557
554
546
525
507
485
458
430
394
360
326
286
244
191
136
80
23
-40
-108
-173
-242
-310
-378
-446
-502
-555
-606
-646
-680
-700
-711
-721
-726
-731
-731
-727
-724
-721
-710
-695
-666
-630
-587
-532
-467
-391
-308
-221
-132
-41
48
129
205
271
323
363
389
408
421
425
426
420
406
390
370
350
328
302
279
256
236
222
203
190
180
170
164
159
156
161
162
163
163
162
162
162
165
167
166
165
162
159
157
153
148
147
146
145
146
148
146
140
133
127
116
100
81
57
31
-2
-42
-81
-125
-168
-211
-247
-282
-313
-339
-363
-372
-382
-397
-404
-413
-413
-410
-411
-410
-410
-403
-386
-372
-356
-333
-309
-273
-235
-198
-156
-112
-66
-19
24
66
105
142
172
201
225
246
265
271
274
277
274
272
264
254
248
244
240
233
224
218
212
203
196
184
172
165
154
146
133
118
106
95
83
74
63
58
53
47
40
29
21
14
5
-2
-10
-16
-25
-33
-34
-42
-47
-52
-64
-73
-79
-86
-94
-102
-112
-125
-135
-142
-152
-158
-164
-168
-172
-179
-184
-189
-192
-194
-192
-189
-188
-183
-177
-168
-160
-150
-138
-126
-111
-94
-77
-58
-36
-14
8
27
46
63
76
92
109
126
143
160
171
181
188
193
198
200
201
203
205
205
203
199
194
187
180
172
165
157
148
135
123
108
94
79
66
52
40
26
12
0
-11
-18
-25
-33
-43
-52
-61
-66
-69
-74
-80
-83
-86
-91
-95
-98
-104
-110
-113
-117
-123
-126
-134
-139
-144
-148
-151
-154
-157
-158
-160
-159
-158
-156
-153
-151
-148
-145
-141
-130
-119
-107
-96
-81
-66
-51
-34
-16
0
15
31
46
60
73
86
97
106
113
122
127
134
144
151
157
161
166
171
175
177
180
186
193
197
200
205
204
202
199
193
185
173
159
145
129
111
93
77
59
44
28
11
-6
-21
-34
-45
-53
-62
-70
-78
-86
-95
-104
-114
-122
-130
-135
-142
-147
-151
-156
-157
-158
-159
-159
-157
-156
-153
-148
-145
-140
-136
-133
-132
-132
-134
-137
-138
-138
-139
-136
-131
-128
-123
-118
-110
-100
-87
-73
-58
-40
-22
-5
13
32
49
63
78
91
105
119
130
140
151
161
169
177
184
188
195
197
198
197
195
192
190
188
184
177
167
160
150
141
131
118
109
98
87
79
68
55
42
28
14
-1
-15
-27
-36
-45
-57
-65
-73
-78
-84
-88
-93
-97
-102
-103
-103
-102
-103
-106
-108
-111
-111
-112
-111
-109
-109
-106
-103
-96
-89
-85
-83
-81
-80
-81
-81
-82
-86
-94
-101
-110
-117
-124
-131
-138
-141
-137
-131
-126
-118
-108
-96
-83
-68
-50
-33
-19
-7
9
24
39
51
63
73
80
88
95
105
114
126
140
158
178
195
210
225
238
249
254
254
252
247
237
222
203
183
163
140
121
104
90
81
70
59
51
44
35
29
22
16
13
9
5
0
-9
-19
-28
-35
-44
-50
-60
-68
-74
-81
-88
-93
-95
-98
-100
-100
-100
-101
-103
-109
-115
-124
-134
-147
-162
-176
-189
-200
-210
-221
-231
-238
-242
-247
-249
-251
-246
-236
-228
-219
-210
-203
-191
-175
-160
-143
-126
-106
-88
-68
-41
-14
13
40
64
92
122
152
180
209
237
263
289
310
330
348
360
369
371
372
371
367
364
353
335
315
293
269
246
222
198
174
148
128
107
87
73
59
44
30
18
9
1
-11
-21
-30
-38
-49
-60
-73
-86
-97
-107
-117
-125
-129
-133
-139
-145
-152
-157
-162
-168
-176
-186
-199
-211
-223
-237
-252
-272
-290
-303
-311
-318
-325
-328
-326
-319
-310
-298
-287
-275
-263
-249
-232
-217
-199
-178
-161
-144
-128
-108
-86
-60
-29
1
34
66
102
143
185
228
268
302
336
364
392
413
426
433
435
434
429
420
408
393
381
365
349
328
308
289
270
250
229
207
186
163
140
118
94
75
57
42
27
11
-3
-17
-28
-40
-50
-54
-61
-67
-73
-77
-80
-84
-88
-93
-100
-108
-118
-130
-146
-165
-186
-210
-235
-259
-282
-304
-322
-334
-347
-358
-365
-370
-375
-375
-376
-376
-376
-372
-365
-358
-348
-334
-320
-303
-283
-259
-232
-203
-173
-143
-111
-76
-40
-2
39
80
121
161
200
242
281
316
347
374
393
410
424
433
436
436
432
427
422
414
403
393
379
367
355
339
326
310
298
285
271
254
238
222
205
188
168
147
126
106
86
68
51
35
21
7
-6
-19
-33
-49
-65
-83
-102
-126
-148
-173
-203
-231
-262
-294
-324
-352
-380
-404
-424
-442
-457
-467
-476
-480
-483
-483
-480
-469
-457
-440
-422
-404
-385
-363
-342
-319
-292
-263
-233
-202
-167
-134
-97
-59
-21
18
56
99
140
181
220
254
285
313
337
356
370
382
392
400
402
402
402
400
395
388
382
373
367
359
349
342
335
328
321
312
305
296
287
278
270
264
252
242
233
219
205
189
174
159
146
129
107
83
58
29
0
-31
-63
-97
-135
-175
-216
-259
-303
-346
-391
-427
-460
-491
-521
-548
-569
-584
-596
-601
-603
-601
-593
-583
-565
-544
-522
-493
-462
-426
-391
-357
-316
-275
-233
-190
-150
-112
-73
-32
11
54
95
134
172
208
242
273
304
333
361
384
406
423
436
446
451
456
454
453
448
440
433
424
409
396
386
377
365
354
342
331
322
317
310
300
285
273
264
254
242
227
209
191
172
151
134
113
90
66
41
11
-21
-54
-89
-124
-161
-203
-246
-286
-329
-372
-417
-461
-499
-534
-567
-597
-622
-643
-657
-662
-661
-657
-649
-636
-613
-585
-555
-520
-481
-437
-392
-351
-308
-262
-213
-163
-112
-61
-14
30
72
115
158
198
237
273
305
338
364
388
410
429
445
452
458
461
460
460
458
454
449
442
436
426
415
402
386
374
362
347
333
320
305
291
277
263
248
228
207
188
170
151
131
111
90
67
45
18
-7
-31
-53
-75
-98
-122
-145
-170
-199
-230
-256
-281
-311
-340
-368
-400
-426
-447
-465
-478
-492
-501
-508
-513
-514
-513
-505
-492
-476
-459
-438
-414
-388
-359
-326
-293
-259
-225
-190
-154
-120
-85
-47
-12
27
62
97
131
163
192
219
244
269
290
307
325
338
350
358
365
371
376
381
381
380
378
377
377
378
378
375
372
368
361
356
350
344
336
327
316
299
283
267
249
228
204
177
151
124
95
65
33
-1
-34
-67
-102
-134
-166
-202
-234
-266
-298
-327
-354
-379
-402
-421
-435
-452
-464
-472
-476
-475
-475
-474
-469
-462
-446
-429
-413
-393
-372
-346
-317
-288
-259
-229
-193
-157
-121
-84
-45
-7
30
68
104
140
174
203
230
257
282
303
320
328
335
340
341
343
333
322
313
300
285
271
253
241
225
212
196
178
167
156
144
135
124
115
110
103
98
94
88
85
82
81
77
73
72
67
58
50
38
26
16
5
-7
-22
-37
-53
-67
-83
-98
-115
-131
-148
-163
-175
-186
-200
-211
-222
-232
-237
-242
-247
-247
-247
-250
-245
-242
-239
-231
-223
-208
-196
-184
-170
-159
-144
-126
-111
-94
-75
-53
-33
-13
10
30
50
69
86
100
115
133
147
156
169
174
178
180
176
178
178
177
176
172
166
159
150
142
130
117
111
104
98
93
85
78
76
72
64
60
57
53
51
51
51
49
49
45
41
37
32
26
22
16
9
1
-7
-15
-25
-35
-47
-59
-68
-79
-91
-101
-108
-115
-123
-128
-135
-136
-134
-137
-138
-138
-136
-130
-129
-126
-123
-117
-104
-98
-92
-84
-79
-69
-58
-49
-39
-27
-16
-7
3
12
20
28
37
46
55
61
67
69
71
77
81
85
84
81
81
77
74
73
71
68
64
61
58
52
48
45
42
36
29
23
18
13
13
14
13
11
10
10
12
11
13
16
19
22
21
20
22
24
28
29
29
30
29
25
21
15
10
9
5
-1
-7
-14
-20
-26
-32
-34
-35
-38
-44
-51
-60
-63
-63
-65
-65
-64
-63
-58
-57
-56
-54
-51
-43
-39
-36
-31
-27
-20
-15
-8
-4
2
6
9
14
15
17
19
20
21
23
25
25
23
20
21
22
22
21
20
18
16
14
12
11
10
7
7
8
6
8
8
6
5
3
2
0
0
0
-1
-1
2
2
1
3
2
4
7
9
8
6
6
6
7
6
4
3
4
2
1
0
-1
-3
-2
-3
-4
-5
-5
-4
-5
-5
-6
-8
-11
-12
-12
-14
-12
-13
-14
-15
-17
-18
-19
-20
-16
