-6
-14
-8
8
15
4
-8
-3
7
-2
-12
-3
9
7
2
-2
5
12
2
-5
3
6
9
10
4
5
11
15
7
4
11
6
-4
-2
7
11
8
15
21
8
-1
5
13
-1
-5
7
13
16
18
11
4
-2
-15
-6
14
6
0
8
13
-2
-15
0
5
-5
-17
-15
-1
6
4
-6
-9
-13
-15
-12
-8
-3
0
4
-7
-20
-15
-10
-14
-17
-9
-1
0
-3
-5
-2
1
-1
-8
-5
7
7
-3
-6
-5
-3
-12
-29
-33
-23
-8
-6
-17
-19
-4
-11
-40
-49
-40
-27
-18
-6
-2
-2
-14
-42
-55
-47
-37
-17
0
25
54
50
51
61
68
85
85
69
95
153
182
151
123
136
137
148
163
156
173
190
192
207
202
157
101
78
78
68
70
107
139
68
-28
-61
-54
-2
-16
-159
-213
-94
-49
-134
-158
-164
-234
-311
-393
-402
-282
-199
-269
-341
-315
-285
-311
-325
-274
-224
-190
-100
64
227
296
201
1
-121
-113
-104
-78
33
159
164
59
-30
-33
6
-70
-246
-306
-235
-188
-192
-183
-181
-268
-491
-676
-654
-473
-257
-131
-114
-100
-59
-31
15
91
202
310
364
424
584
775
865
892
936
969
955
1029
1251
1329
1169
977
840
779
750
712
821
905
720
516
411
233
44
4
31
-32
-294
-509
-422
-349
-502
-678
-798
-976
-1051
-999
-936
-855
-855
-876
-941
-1228
-1444
-1133
-650
-579
-843
-925
-759
-720
-766
-700
-448
-279
-460
-645
-446
-108
72
84
-84
-197
-150
-41
181
578
967
1170
1177
1090
1115
1120
912
633
497
552
711
868
1005
1034
808
412
61
-105
-140
-208
-294
-343
-397
-461
-590
-886
-1262
-1620
-1839
-1772
-1463
-1022
-622
-515
-673
-822
-827
-681
-410
-106
185
425
543
650
822
924
933
991
1192
1524
1847
2046
2065
1848
1458
1113
1039
1194
1316
1272
1128
933
662
355
146
72
-24
-245
-430
-386
-226
-219
-414
-626
-754
-950
-1202
-1226
-939
-657
-693
-923
-985
-909
-929
-996
-908
-671
-553
-684
-856
-848
-732
-707
-766
-751
-640
-527
-463
-429
-394
-392
-435
-449
-332
-122
44
125
211
390
650
956
1265
1442
1336
965
624
585
813
1065
1168
1080
840
558
393
442
557
470
94
-401
-735
-734
-498
-320
-458
-985
-1662
-2124
-2163
-1795
-1239
-828
-762
-977
-1185
-1124
-798
-398
-97
75
187
359
656
1032
1350
1470
1429
1411
1564
1916
2313
2545
2512
2231
1871
1622
1555
1619
1665
1547
1263
863
427
92
-63
-101
-155
-330
-591
-808
-956
-1055
-1062
-1015
-1025
-1158
-1372
-1456
-1297
-1098
-1044
-1133
-1281
-1346
-1323
-1247
-1053
-792
-692
-866
-1119
-1165
-971
-793
-763
-739
-686
-687
-696
-556
-274
-108
-253
-499
-489
-224
66
287
480
695
916
1216
1707
2175
2190
1642
915
546
781
1383
1948
2121
1697
883
229
159
596
958
701
-84
-879
-1185
-862
-312
-143
-724
-1903
-2948
-3141
-2456
-1454
-853
-998
-1567
-1989
-1867
-1177
-385
30
21
-131
-19
527
1228
1701
1750
1474
1306
1577
2194
2821
3092
2846
2298
1788
1596
1785
2067
2092
1758
1197
669
350
216
164
62
-193
-560
-870
-1009
-1026
-1052
-1159
-1318
-1450
-1548
-1605
-1565
-1470
-1397
-1363
-1351
-1267
-1141
-1116
-1122
-1080
-1038
-989
-954
-850
-615
-474
-551
-725
-871
-896
-809
-657
-417
-231
-235
-348
-424
-334
-96
214
641
1216
1811
2193
2146
1676
1081
743
891
1475
2141
2431
2064
1217
463
303
712
1127
1027
387
-424
-957
-953
-560
-285
-692
-1832
-3000
-3382
-2823
-1883
-1285
-1352
-1915
-2504
-2590
-1956
-957
-267
-214
-477
-473
52
863
1570
1919
1877
1698
1782
2291
2983
3384
3233
2735
2314
2264
2565
2930
2979
2512
1698
959
620
657
778
667
202
-488
-1108
-1391
-1329
-1166
-1149
-1329
-1582
-1771
-1846
-1838
-1817
-1852
-1927
-1913
-1696
-1339
-1076
-1075
-1247
-1392
-1368
-1135
-772
-442
-350
-555
-854
-960
-777
-492
-322
-289
-304
-349
-409
-339
-11
484
961
1395
1837
2108
1886
1189
583
566
1083
1693
2043
1968
1384
517
16
374
1203
1559
964
-168
-1096
-1416
-1073
-337
120
-404
-1857
-3227
-3537
-2800
-1800
-1225
-1287
-1859
-2531
-2716
-2112
-1126
-478
-398
-466
-241
268
870
1449
1898
2102
2166
2414
2941
3422
3510
3257
2974
2829
2815
2938
3137
3114
2606
1778
1135
938
993
976
734
219
-581
-1424
-1864
-1682
-1230
-1067
-1359
-1848
-2223
-2375
-2274
-1997
-1762
-1779
-1942
-1899
-1545
-1132
-982
-1087
-1213
-1189
-938
-589
-322
-350
-587
-757
-693
-402
-147
-31
-222
-489
-546
-174
513
1218
1890
2197
1911
914
4
-110
594
1503
1956
1835
996
-122
-770
-224
1008
1625
968
-540
-1772
-2132
-1419
-124
690
0
-2043
-3906
-4250
-3010
-1354
-382
-594
-1777
-2999
-3201
-2010
-359
504
221
-473
-718
-264
726
1803
2506
2560
2293
2386
3060
3853
4161
3962
3588
3298
3184
3292
3565
3596
3110
2297
1680
1436
1336
1169
848
311
-521
-1332
-1688
-1516
-1282
-1432
-1912
-2457
-2861
-3019
-2788
-2251
-1842
-1900
-2280
-2484
-2307
-1914
-1500
-1119
-816
-759
-875
-925
-711
-381
-199
-200
-297
-379
-429
-327
-15
366
527
419
419
880
1610
1909
1395
452
-161
-41
638
1401
1712
1169
-28
-977
-818
249
1134
1010
-15
-1226
-1946
-1732
-697
282
58
-1528
-3293
-3866
-2968
-1465
-415
-461
-1547
-2856
-3204
-2122
-413
661
615
-20
-489
-348
447
1574
2450
2702
2576
2619
3002
3418
3625
3716
3801
3854
3853
3883
3878
3588
3012
2475
2232
2122
1835
1306
696
109
-434
-824
-992
-1095
-1466
-2138
-2750
-2938
-2746
-2522
-2440
-2494
-2620
-2810
-2865
-2565
-2087
-1804
-1864
-1929
-1765
-1433
-1072
-702
-333
-190
-244
-313
-204
-65
7
139
339
621
755
837
822
907
1203
1525
1549
1013
513
359
637
832
807
599
144
-325
-525
-73
419
361
-348
-1093
-1420
-1416
-1045
-538
-356
-1120
-2423
-3168
-2803
-1818
-1118
-990
-1410
-2088
-2490
-2062
-926
-23
48
-417
-642
-286
464
1369
2113
2464
2401
2354
2695
3231
3596
3666
3750
3895
4011
4027
4007
3905
3525
3093
2844
2821
2575
1954
1189
533
95
-221
-361
-576
-1091
-1952
-2717
-2939
-2713
-2476
-2627
-3015
-3400
-3559
-3429
-3017
-2499
-2232
-2257
-2387
-2248
-1881
-1414
-1034
-790
-657
-613
-467
-266
32
156
176
161
390
774
1021
1122
1328
1948
2311
1909
813
122
329
1051
1550
1405
702
-422
-1180
-903
378
1331
845
-818
-2360
-2719
-1811
-134
1134
777
-1427
-3883
-4548
-2968
-600
695
160
-1724
-3568
-3878
-2190
239
1460
748
-853
-1764
-1272
279
1985
2897
2612
1730
1410
2177
3414
4177
4196
3835
3481
3394
3705
4222
4387
3876
3093
2658
2636
2577
2229
1675
1045
377
-169
-396
-474
-799
-1501
-2218
-2596
-2685
-2757
-2908
-3051
-3193
-3346
-3426
-3292
-3052
-2916
-2902
-2811
-2518
-2150
-1867
-1692
-1528
-1292
-991
-664
-434
-319
-262
-80
312
793
1122
1115
1094
1446
2280
2821
2412
1215
304
428
1312
2143
2144
1238
-218
-1191
-925
452
1617
1318
-365
-2198
-2825
-1934
-153
1090
615
-1564
-3844
-4326
-2670
-353
692
-250
-2357
-3949
-3701
-1663
640
1408
258
-1537
-2300
-1397
506
2173
2628
1858
840
800
1994
3507
4229
3924
3213
2810
3034
3759
4485
4639
4068
3237
2750
2708
2769
2621
2239
1680
1005
373
-39
-276
-603
-1108
-1590
-1878
-2096
-2433
-2828
-3084
-3135
-3075
-2982
-2931
-3014
-3233
-3352
-3132
-2654
-2285
-2258
-2385
-2343
-1968
-1443
-994
-813
-813
-811
-519
72
703
1002
960
1064
1624
2409
2541
1817
814
557
1190
2103
2454
1863
591
-680
-955
-11
1394
1779
592
-1401
-2687
-2402
-845
786
1029
-603
-3070
-4322
-3316
-994
588
207
-1696
-3554
-3867
-2255
181
1535
793
-1190
-2472
-1874
153
2149
2902
2138
728
109
1083
3005
4371
4315
3268
2311
2183
2967
4139
4916
4723
3740
2758
2395
2607
2933
2984
2588
1773
805
128
-40
43
-92
-601
-1279
-1879
-2312
-2539
-2558
-2524
-2659
-3007
-3316
-3428
-3359
-3230
-3032
-2817
-2752
-2913
-3100
-2880
-2367
-1778
-1536
-1562
-1657
-1605
-1167
-426
365
589
626
808
1606
2334
2224
1527
961
1226
1814
2306
2058
1363
361
-233
157
1032
1610
959
-547
-2000
-2406
-1639
-148
735
-95
-2174
-3976
-3835
-1967
-60
438
-740
-2589
-3559
-2721
-539
1423
1580
30
-1620
-1890
-414
1758
3201
3081
1713
443
599
2183
3967
4648
3974
2719
1880
2078
3165
4334
4599
3801
2658
2056
2151
2552
2782
2528
1771
710
-65
-186
83
198
-166
-860
-1556
-2108
-2343
-2158
-1889
-1943
-2437
-3017
-3226
-3072
-2814
-2598
-2479
-2510
-2601
-2790
-2768
-2564
-2308
-2018
-1895
-1756
-1689
-1511
-1201
-655
-362
-220
82
766
1783
1892
1214
436
597
1550
2470
2529
1842
949
217
536
1465
2302
1971
379
-1269
-1840
-1180
55
880
231
-1643
-3641
-4123
-2611
-663
65
-938
-2763
-3925
-3435
-1557
517
1194
-13
-1660
-2087
-741
1347
2769
2806
1775
693
752
2286
4145
4842
4006
2708
2136
2687
3790
4683
4724
3754
2495
2000
2512
3246
3330
2502
1406
527
74
113
296
111
-638
-1534
-1974
-1803
-1622
-1805
-2242
-2762
-3083
-3072
-2733
-2290
-2270
-2709
-3119
-2975
-2376
-1812
-1562
-1833
-2127
-2375
-2184
-1585
-1021
-690
-816
-871
-960
-491
225
1146
1701
1112
222
-279
486
1718
2541
2126
921
-231
-537
642
2083
2698
1639
-434
-1911
-1824
-439
1070
1359
-241
-2620
-4070
-3425
-1263
350
124
-1688
-3628
-4082
-2606
-277
1180
666
-1215
-2592
-2115
-76
2085
2924
2147
798
256
1233
3093
4507
4515
3473
2429
2317
3229
4375
4879
4336
3200
2325
2370
3014
3529
3272
2224
1009
235
177
462
524
-3
-945
-1827
-2239
-2093
-1775
-1697
-2131
-2865
-3373
-3326
-2766
-2230
-2176
-2568
-2974
-2932
-2397
-1710
-1313
-1433
-1838
-2133
-1831
-1106
-342
-37
-290
-768
-902
-167
1016
1999
1626
364
-606
-315
1029
2169
2265
1172
-207
-1032
-388
1168
2313
1936
82
-1713
-2184
-1137
390
1042
-37
-2218
-3828
-3592
-1789
-193
-173
-1629
-3267
-3737
-2571
-524
893
646
-860
-2005
-1557
248
2062
2768
2186
1061
541
1294
2968
4347
4455
3484
2540
2453
3240
4244
4665
4214
3165
2295
2240
2849
3376
3186
2251
1083
310
196
599
857
356
-838
-2019
-2455
-2098
-1533
-1374
-1880
-2849
-3682
-3776
-2998
-2028
-1715
-2283
-3116
-3432
-2882
-1847
-902
-724
-1402
-2293
-2452
-1575
-245
583
452
-302
-1007
-691
567
2066
2339
1273
-46
-276
658
1766
2161
1493
357
-617
-452
647
1737
1616
221
-1360
-1978
-1299
-52
668
-145
-2106
-3841
-3891
-2360
-765
-510
-1792
-3464
-4167
-3152
-1089
517
420
-1022
-2223
-1853
45
2107
3013
2356
1021
491
1603
3692
5172
4985
3590
2443
2553
3855
5271
5636
4628
2986
1980
2285
3355
4080
3654
2162
486
-384
-51
884
1273
451
-1204
-2657
-3055
-2396
-1437
-1138
-1918
-3279
-4243
-4104
-3102
-2113
-1867
-2449
-3226
-3482
-2949
-1882
-1031
-878
-1384
-1965
-1921
-1083
-51
494
241
-456
-489
284
1614
2240
1445
225
-302
435
1654
2149
1441
265
-774
-711
482
1623
1878
604
-1198
-2059
-1595
-268
814
425
-1380
-3391
-4097
-2829
-974
-298
-1229
-2984
-4059
-3537
-1816
-10
442
-693
-2046
-2159
-634
1398
2590
2420
1394
622
1134
2882
4649
5183
4235
3052
2694
3486
4752
5521
5286
4103
2906
2567
3186
3852
3826
2885
1575
559
150
426
691
323
-826
-2094
-2741
-2602
-2150
-2019
-2414
-3308
-4107
-4303
-3683
-2808
-2447
-2808
-3524
-3744
-3323
-2296
-1371
-954
-1316
-1980
-2001
-1296
4
894
893
183
-233
13
1309
2526
2241
1257
165
232
1295
1980
1716
908
-166
-535
138
907
1303
494
-959
-1748
-1469
-586
120
-183
-1458
-2904
-3462
-2599
-1273
-729
-1589
-2977
-3608
-3037
-1586
-190
115
-779
-1856
-1909
-363
1562
2462
2086
1056
658
1447
3119
4672
4939
3864
2753
2665
3766
5088
5430
4877
3751
2786
2758
3442
4051
3925
2765
1434
705
508
773
859
351
-637
-1795
-2481
-2468
-2245
-2200
-2534
-3176
-3856
-4273
-4170
-3722
-3238
-3132
-3372
-3575
-3582
-3242
-2575
-1880
-1492
-1376
-1427
-1217
-659
127
636
796
1036
1273
2112
2432
1811
1229
1073
1730
2585
2422
1436
518
-220
124
1111
1657
1296
-261
-1898
-2302
-1487
-292
206
-764
-2575
-4118
-4103
-2589
-1187
-1080
-2451
-4069
-4345
-3206
-1443
-122
-375
-1578
-2377
-1865
46
1898
2514
1964
1052
954
2123
3975
5380
5353
4177
3203
3326
4562
5831
6061
5222
3846
2865
3041
3886
4333
3858
2468
1174
652
731
1035
956
171
-1103
-2150
-2455
-2070
-1722
-2070
-2991
-3899
-4279
-4029
-3453
-3155
-3376
-3981
-4424
-4166
-3473
-2764
-2354
-2565
-2694
-2474
-1917
-840
-55
8
-57
100
656
1968
2349
1827
1381
1117
1803
2645
2570
1843
1021
352
684
1545
1962
1555
128
-1276
-1602
-845
130
217
-957
-2804
-4118
-3790
-2387
-1287
-1457
-3001
-4493
-4620
-3436
-1690
-662
-1225
-2470
-3087
-2205
-133
1481
1827
1104
446
941
2501
4338
5297
4818
3836
3574
4318
5811
6734
6458
5543
4426
3975
4510
5193
5205
4354
2834
1660
1282
1260
1379
1052
88
-1155
-2067
-2363
-2161
-2038
-2506
-3323
-4129
-4529
-4371
-3839
-3612
-3892
-4407
-4769
-4403
-3661
-3056
-2846
-3020
-3183
-2895
-2054
-974
-297
-296
-279
-31
892
1854
1819
1542
1342
1530
2235
2570
2100
1596
1032
921
1559
1835
1579
648
-501
-1011
-659
-14
212
-491
-1893
-3168
-3435
-2494
-1593
-1530
-2583
-4065
-4487
-3581
-2085
-932
-1149
-2440
-3298
-2863
-1049
867
1559
955
-103
-190
1207
3271
4854
4918
3731
2998
3430
4912
6530
6818
5916
4745
4085
4540
5557
5886
5217
3875
2638
2192
2309
2451
2053
1094
-179
-1206
-1542
-1454
-1490
-1946
-2834
-3755
-4131
-4158
-3918
-3710
-3976
-4424
-4772
-4724
-4280
-3773
-3598
-3718
-3678
-3377
-2696
-1816
-1284
-1303
-1128
-600
438
1692
1648
996
623
894
2018
2992
2822
2002
1074
552
1238
2239
2699
1981
374
-952
-1177
-264
644
521
-780
-2659
-3840
-3306
-2099
-1384
-1830
-3412
-4533
-4379
-3307
-1931
-1279
-1920
-2918
-3174
-2174
-348
935
1006
345
43
716
2231
3795
4450
4037
3385
3435
4395
5753
6401
6066
5289
4642
4707
5395
5910
5638
4614
3377
2765
2780
2913
2694
1833
644
-431
-928
-870
-769
-1291
-2360
-3420
-3958
-3821
-3523
-3431
-3847
-4544
-5081
-4955
-4316
-3692
-3621
-4101
-4264
-4032
-3168
-2133
-1662
-1672
-1667
-1355
-257
1017
1126
772
378
581
1611
2417
2440
1967
1230
853
1414
2159
2536
1921
630
-346
-486
167
753
479
-699
-2210
-3076
-2594
-1706
-1373
-1968
-3306
-4132
-3850
-2903
-1861
-1581
-2341
-3126
-3124
-2080
-588
278
236
-253
-271
623
2086
3423
3813
3346
3047
3382
4377
5520
5822
5428
4880
4528
4868
5434
5511
5064
4244
3565
3323
3242
3094
2598
1813
1018
339
41
-127
-546
-1169
-2003
-2742
-3027
-3071
-3055
-3203
-3762
-4359
-4606
-4471
-4016
-3669
-3771
-4008
-4128
-3823
-2940
-2209
-1953
-1788
-1620
-947
19
231
133
172
483
1318
1922
1712
1242
857
887
1545
2153
2212
1525
511
-201
-159
546
1026
582
-687
-2164
-2827
-2188
-1235
-995
-1898
-3362
-4158
-3669
-2423
-1568
-1708
-2608
-3371
-3091
-1752
-447
110
-236
-939
-755
459
1956
3051
3142
2484
2306
3011
4310
5539
5735
5041
4328
4186
4763
5590
5771
5081
3933
3077
2983
3294
3430
2846
1771
799
184
90
259
33
-671
-1638
-2504
-2717
-2484
-2306
-2489
-3084
-3847
-4233
-4034
-3512
-3029
-3113
-3636
-4000
-3818
-2968
-1813
-1371
-1545
-1752
-1582
-395
622
738
525
262
488
1248
1645
1588
1353
941
991
1359
1645
1509
892
295
-102
-45
199
26
-591
-1506
-2379
-2404
-1911
-1736
-1991
-2832
-3624
-3624
-3015
-2255
-1929
-2396
-3089
-3178
-2397
-1155
-419
-399
-791
-959
-125
1237
2350
2876
2548
2167
2720
3785
4915
5543
5126
4503
4390
4789
5546
5904
5371
4471
3724
3477
3668
3682
3167
2238
1290
722
529
361
12
-691
-1479
-2023
-2343
-2457
-2552
-2806
-3136
-3371
-3614
-3657
-3577
-3515
-3393
-3361
-3356
-3234
-2961
-2532
-1963
-1751
-1436
-1116
-694
113
285
290
397
590
1162
1703
1556
1314
1107
1026
1514
1678
1556
1057
435
95
10
126
96
-321
-1079
-1851
-2376
-2187
-1854
-1884
-2388
-3261
-3686
-3336
-2582
-2070
-2193
-2793
-3105
-2696
-1707
-835
-563
-704
-874
-501
454
1458
2099
2276
2094
2216
2871
3755
4532
4726
4394
4115
4278
4786
5326
5303
4749
4076
3689
3732
3796
3593
2921
2097
1486
1092
822
489
-96
-701
-1204
-1647
-1949
-2252
-2559
-2725
-2821
-3006
-3229
-3437
-3508
-3411
-3148
-3055
-2928
-2819
-2665
-2247
-1852
-1273
-881
-459
-264
-310
-113
308
837
1253
1179
725
700
856
1359
1758
1522
987
362
133
348
517
311
-325
-1209
-1833
-2049
-1955
-1756
-1916
-2528
-3191
-3526
-3305
-2670
-2232
-2322
-2804
-3222
-2975
-2116
-1152
-708
-869
-1062
-819
35
1145
1846
2009
1909
1879
2480
3334
3972
4254
4025
3869
4065
4465
4900
4977
4578
4134
3841
3786
3869
3643
3110
2466
1908
1603
1455
1134
596
-70
-725
-1063
-1247
-1465
-1797
-2262
-2660
-2813
-2790
-2797
-2861
-3074
-3195
-3132
-2955
-2757
-2653
-2442
-2242
-1771
-1406
-1067
-670
-408
41
245
386
511
685
900
1121
1107
1015
1006
952
1114
1091
1020
821
501
217
-38
-195
-311
-580
-1099
-1674
-2211
-2335
-2261
-2263
-2518
-2995
-3295
-3204
-2783
-2441
-2401
-2667
-2780
-2511
-1899
-1213
-899
-839
-757
-408
327
1141
1670
1906
1903
2021
2505
3141
3778
4028
3868
3663
3661
4014
4497
4650
4339
3822
3369
3302
3438
3412
3104
2498
1873
1427
1183
1071
857
436
-164
-844
-1276
-1440
-1444
-1507
-1825
-2301
-2749
-2903
-2841
-2569
-2432
-2528
-2730
-2888
-2658
-2180
-1499
-1186
-921
-781
-690
-217
-144
36
332
594
867
893
482
195
398
752
1301
1244
614
-130
-605
-445
26
285
-84
-1080
-2093
-2520
-2294
-1601
-1388
-1994
-2978
-3716
-3520
-2533
-1665
-1587
-2231
-3076
-3088
-2163
-926
-119
-284
-886
-1127
-483
810
1949
2289
1927
1438
1550
2420
3401
3991
3809
3215
2939
3188
3791
4273
4122
3550
3045
2807
2998
3125
2899
2420
1822
1442
1303
1204
1001
664
192
-190
-497
-707
-849
-1050
-1227
-1504
-1780
-1990
-2125
-2129
-2010
-2002
-2050
-2122
-2232
-2039
-1686
-1326
-1074
-972
-974
-794
-421
-133
145
209
183
241
350
456
548
563
475
448
350
245
108
-71
-241
-419
-588
-854
-1161
-1501
-1760
-1893
-1947
-2065
-2308
-2531
-2677
-2571
-2354
-2194
-2167
-2206
-2163
-1918
-1484
-1113
-828
-639
-444
-92
390
837
1198
1473
1659
1933
2278
2571
2803
2935
2972
3053
3196
3296
3331
3228
3014
2860
2803
2778
2649
2347
1947
1621
1496
1442
1290
977
549
177
5
-89
-199
-409
-727
-992
-1142
-1177
-1195
-1223
-1320
-1469
-1529
-1550
-1500
-1336
-1231
-1148
-1015
-996
-856
-620
-448
-186
-85
-141
-117
-91
48
277
317
266
137
-21
3
40
36
-60
-320
-573
-758
-902
-967
-1105
-1340
-1598
-1885
-2020
-2047
-2069
-2103
-2219
-2334
-2302
-2151
-1931
-1753
-1685
-1617
-1456
-1105
-684
-342
-114
-4
190
600
1070
1495
1745
1754
1818
2043
2377
2737
2865
2746
2591
2528
2645
2821
2821
2608
2255
1975
1897
1888
1833
1602
1204
882
677
592
567
381
71
-229
-469
-541
-515
-570
-688
-889
-1072
-1097
-1020
-894
-836
-903
-982
-985
-863
-603
-411
-340
-320
-363
-254
-43
93
165
138
47
55
98
111
119
31
-67
-134
-215
-295
-409
-546
-678
-815
-930
-1046
-1204
-1364
-1537
-1665
-1694
-1700
-1739
-1827
-1947
-1983
-1859
-1654
-1481
-1441
-1495
-1454
-1196
-773
-364
-158
-138
-91
178
683
1206
1496
1500
1410
1496
1853
2282
2514
2424
2127
1925
1987
2217
2355
2205
1807
1395
1189
1216
1308
1245
936
503
175
60
129
199
94
-178
-492
-679
-651
-499
-392
-441
-628
-793
-798
-624
-384
-242
-246
-313
-296
-123
119
308
385
361
369
449
539
603
582
505
447
399
337
242
101
-47
-169
-271
-392
-568
-772
-969
-1109
-1188
-1282
-1413
-1580
-1751
-1844
-1840
-1797
-1763
-1773
-1813
-1805
-1690
-1496
-1287
-1126
-1043
-974
-827
-588
-292
-20
134
223
325
487
764
1067
1260
1333
1325
1346
1492
1701
1864
1880
1741
1573
1507
1572
1666
1626
1412
1108
864
790
810
780
617
312
13
-140
-160
-129
-159
-319
-525
-670
-696
-605
-503
-469
-503
-562
-555
-452
-296
-143
-40
21
100
199
316
444
548
654
764
818
806
753
709
731
785
774
646
412
185
74
46
0
-173
-480
-800
-1016
-1091
-1111
-1207
-1422
-1698
-1909
-1955
-1872
-1768
-1745
-1823
-1904
-1874
-1697
-1420
-1170
-1026
-960
-878
-688
-395
-89
154
305
412
555
738
938
1117
1233
1318
1392
1449
1491
1500
1491
1497
1500
1481
1416
1291
1145
1023
947
893
803
641
426
216
82
21
-29
-131
-308
-492
-600
-611
-574
-574
-645
-730
-752
-676
-550
-451
-415
-407
-346
-206
-25
124
209
259
342
481
629
734
768
768
782
824
860
850
784
695
620
562
496
403
274
130
-11
-148
-287
-428
-571
-719
-871
-1026
-1171
-1290
-1373
-1424
-1463
-1503
-1537
-1543
-1491
-1394
-1279
-1170
-1078
-983
-850
-668
-472
-300
-172
-59
88
279
479
622
683
710
773
897
1031
1093
1044
941
882
915
997
1031
944
766
614
564
611
653
593
416
210
90
96
153
148
24
-169
-315
-340
-270
-208
-231
-338
-448
-470
-387
-256
-162
-144
-162
-152
-75
65
223
349
415
433
450
504
608
729
804
784
682
573
532
571
609
547
365
143
-10
-43
-19
-58
-227
-478
-687
-761
-729
-710
-800
-997
-1195
-1277
-1215
-1088
-1027
-1092
-1215
-1264
-1151
-914
-697
-610
-643
-682
-592
-348
-54
139
167
107
107
253
504
722
788
701
584
568
697
877
962
879
688
536
529
645
751
719
543
334
228
271
368
397
297
117
-22
-51
8
70
52
-50
-170
-235
-223
-166
-123
-133
-184
-228
-232
-189
-116
-57
-24
-15
-6
28
89
164
231
278
290
282
281
300
339
374
370
316
232
153
117
116
105
41
-83
-221
-317
-351
-350
-376
-464
-595
-711
-758
-734
-689
-684
-733
-801
-831
-784
-673
-560
-497
-491
-490
-428
-295
-133
-7
50
68
112
221
367
483
524
518
527
586
670
725
712
659
624
634
667
671
609
511
436
420
432
415
333
205
95
50
63
66
-3
-135
-260
-310
-281
-242
-269
-370
-483
-520
-465
-376
-333
-372
-444
-462
-383
-257
-158
-135
-162
-167
-108
7
119
169
155
127
130
183
256
292
274
221
165
146
163
181
166
112
37
-26
-55
-64
-69
-96
-150
-208
-251
-264
-255
-243
-245
-258
-267
-258
-229
-183
-137
-96
-62
-26
16
67
122
177
226
271
307
341
372
397
423
447
463
465
452
429
411
397
379
351
301
242
185
134
90
40
-17
-84
-157
-222
-280
-330
-372
-414
-462
-508
-546
-568
-573
-576
-580
-582
-578
-555
-515
-468
-418
-372
-329
-278
-213
-139
-71
-13
38
86
137
195
249
287
311
323
333
345
358
358
345
318
287
259
236
214
182
135
86
43
16
-1
-20
-43
-76
-105
-117
-109
-87
-68
-59
-56
-41
-9
46
106
154
188
214
250
305
368
421
455
468
476
492
517
540
539
519
480
440
412
383
342
285
210
129
57
-6
-67
-137
-218
-302
-383
-449
-506
-560
-621
-686
-741
-778
-802
-823
-845
-865
-873
-865
-842
-808
-772
-737
-693
-636
-562
-482
-402
-321
-242
-160
-71
18
102
181
250
315
379
437
478
510
535
554
568
572
560
540
517
491
466
432
392
347
303
268
240
208
175
142
114
99
95
98
101
100
104
116
139
168
195
224
249
274
303
331
358
377
391
402
406
408
404
395
381
359
332
300
262
219
174
117
61
2
-58
-116
-182
-249
-318
-383
-439
-499
-557
-615
-669
-710
-750
-784
-811
-837
-847
-856
-861
-852
-836
-808
-771
-740
-699
-649
-590
-520
-451
-381
-308
-235
-154
-73
5
81
153
220
283
346
404
454
494
518
541
562
575
579
568
554
537
518
497
470
437
408
377
347
321
295
272
251
232
217
207
200
199
199
200
202
207
215
224
235
243
245
247
250
252
253
247
237
223
204
184
165
139
111
78
43
13
-21
-57
-94
-135
-177
-214
-249
-288
-326
-366
-402
-433
-470
-502
-530
-555
-576
-599
-618
-631
-640
-638
-635
-633
-621
-607
-579
-544
-513
-474
-430
-378
-319
-260
-201
-141
-83
-20
43
105
161
211
257
298
336
372
403
426
437
449
456
460
460
449
435
423
407
392
371
348
328
309
289
272
255
239
225
210
200
191
182
176
171
167
166
165
166
169
169
170
167
167
166
164
159
149
138
127
113
98
77
57
35
11
-13
-38
-64
-93
-123
-157
-190
-217
-244
-270
-298
-324
-349
-375
-397
-420
-440
-455
-468
-482
-494
-503
-508
-503
-499
-494
-486
-476
-453
-421
-392
-359
-324
-286
-242
-197
-150
-100
-53
-2
45
90
135
177
217
251
285
317
346
368
385
401
413
423
426
421
417
413
407
400
386
365
347
329
314
297
276
257
236
213
197
181
164
148
130
114
100
91
82
72
62
52
43
37
31
24
15
5
-5
-11
-20
-30
-40
-53
-65
-77
-91
-106
-120
-135
-152
-166
-182
-196
-208
-226
-241
-255
-269
-276
-286
-295
-303
-311
-317
-322
-323
-322
-321
-319
-315
-307
-298
-287
-271
-252
-236
-215
-193
-167
-137
-108
-77
-48
-20
11
43
73
102
129
152
173
194
216
231
247
254
265
274
279
282
280
280
276
274
273
270
264
257
250
242
235
227
219
209
197
188
179
169
161
150
140
128
116
105
94
83
70
56
46
34
23
11
-1
-13
-25
-38
-49
-61
-70
-82
-94
-104
-117
-127
-136
-145
-155
-167
-175
-183
-193
-201
-210
-218
-225
-231
-237
-239
-244
-247
-251
-254
-255
-252
-246
-242
-237
-230
-221
-209
-192
-176
-161
-144
-124
-102
-77
-51
-28
-7
15
35
61
83
106
126
142
155
168
182
195
208
214
217
220
221
223
227
224
219
218
215
213
207
201
194
189
187
182
176
171
162
156
150
141
135
130
123
115
105
95
88
80
73
65
55
45
35
25
18
9
-1
-9
-18
-30
-40
-49
-60
-71
-83
-90
-101
-111
-121
-132
-144
-153
-163
-172
-183
-195
-205
-214
-225
-233
-246
-255
-262
-272
-277
-287
-293
-294
-297
-294
-292
-287
-277
-268
-255
-240
-227
-205
-181
-157
-131
-107
-80
-52
-22
8
38
68
94
121
146
174
199
219
239
254
268
286
300
308
315
316
320
326
325
321
319
315
314
308
298
290
280
274
265
254
246
234
225
218
204
193
181
169
160
147
135
125
110
101
87
71
59
43
28
14
-3
-21
-36
-55
-75
-92
-109
-128
-147
-168
-192
-211
-231
-250
-272
-294
-312
-331
-346
-365
-387
-400
-413
-423
-430
-430
-429
-430
-427
-425
-414
-400
-388
-373
-355
-333
-307
-280
-256
-231
-202
-168
-135
-104
-74
-44
-11
21
52
81
109
133
155
178
200
217
234
247
258
271
281
291
297
298
303
303
306
305
301
298
295
294
292
285
279
275
269
264
255
244
239
234
228
219
206
199
192
186
177
162
148
135
123
111
96
79
60
38
19
0
-19
-37
-58
-79
-101
-120
-138
-157
-177
-199
-217
-232
-247
-260
-277
-290
-299
-309
-316
-319
-324
-325
-324
-325
-321
-316
-307
-294
-286
-273
-259
-243
-223
-206
-189
-169
-151
-125
-103
-81
-59
-39
-18
5
29
50
72
89
104
120
134
151
167
176
186
195
203
212
217
220
227
231
234
236
234
237
239
238
237
231
224
220
214
207
197
186
176
166
156
143
127
117
105
93
82
69
57
46
37
28
19
10
1
-8
-19
-28
-36
-45
-52
-58
-68
-79
-88
-97
-107
-117
-127
-138
-149
-159
-169
-180
-188
-196
-203
-212
-218
-224
-230
-234
-237
-240
-240
-238
-235
-230
-221
-212
-204
-194
-182
-165
-149
-131
-114
-95
-77
-57
-34
-9
13
33
51
71
92
112
132
148
161
173
184
195
205
214
220
223
228
230
234
236
233
231
229
225
222
218
212
206
199
192
185
175
166
154
140
130
119
109
96
85
72
61
48
34
24
12
-1
-12
-24
-37
-48
-60
-71
-82
-92
-104
-116
-127
-139
-147
-156
-165
-174
-184
-193
-199
-205
-210
-216
-219
-222
-224
-224
-226
-226
-223
-221
-216
-212
-207
-201
-191
-180
-169
-158
-145
-132
-118
-99
-84
-69
-50
-33
-12
4
21
40
56
75
91
106
121
138
153
166
180
190
200
209
218
228
236
240
242
243
246
249
248
246
242
235
231
225
218
211
203
192
180
169
156
145
130
115
101
84
70
55
40
26
7
-8
-26
-41
-53
-68
-82
-96
-107
-116
-125
-135
-140
-149
-156
-163
-167
-171
-175
-176
-180
-182
-184
-186
-187
-188
-187
-185
-186
-187
-187
-186
-183
-180
-174
-169
-167
-164
-158
-151
-143
-134
-127
-117
-105
-91
-74
-59
-44
-29
-13
6
24
43
63
83
99
114
128
145
162
178
192
203
209
218
225
230
230
231
232
229
224
214
208
200
189
180
165
152
143
131
121
107
92
81
69
57
44
32
21
12
2
-8
-15
-25
-35
-45
-53
-59
-64
-70
-77
-81
-84
-85
-87
-87
-90
-90
-88
-88
-87
-87
-88
-86
-83
-83
-82
-81
-80
-77
-78
-79
-80
-81
-79
-76
-77
-78
-78
-80
-77
-75
-74
-73
-71
-68
-63
-60
-54
-46
-40
-33
-29
-23
-14
-5
5
13
17
23
31
38
44
50
57
63
67
71
76
79
82
84
85
87
90
90
91
87
84
82
81
79
75
70
64
59
57
55
50
47
41
33
29
25
23
21
16
10
6
2
0
-1
-3
-7
-11
-15
-20
-20
-21
-25
-28
-33
-34
-36
-36
-36
-39
-41
-42
-41
-38
-38
-38
-40
-43
-41
-39
-38
-39
-40
-43
-43
-43
-41
-43
-45
-48
-49
-48
-46
-46
-47
-49
-50
-48
-45
-41
-38
-38
-37
-34
-28
-24
-18
-12
-8
-4
2
9
16
23
28
35
39
42
46
51
54
59
63
67
70
73
76
76
76
72
72
71
70
71
69
68
67
64
58
55
53
52
52
50
45
43
38
38
38
35
31
27
25
23
18
14
11
8
5
3
-1
-6
-10
-15
-18
-22
-27
-33
-39
-44
-51
-54
-59
-64
-71
-76
-82
-87
-90
-94
-97
-98
-102
-104
-107
-109
-107
-105
-103
-100
-95
-91
-85
-80
-75
-70
-64
-57
-48
-40
-32
-28
-22
-16
-10
-1
4
8
14
18
24
29
34
37
36
37
38
40
42
46
48
48
49
51
52
55
55
56
57
56
59
62
60
60
61
62
65
67
67
62
61
62
63
63
62
61
60
59
55
54
53
50
48
46
42
39
35
33
31
26
22
17
9
3
-1
-4
-8
-16
-22
-29
-32
-35
-42
-47
-52
-54
-56
-60
-63
-67
-70
-73
-75
-76
-79
-77
-76
-76
-76
-76
-76
-74
-71
-68
-67
-65
-60
-58
-55
-51
-47
-43
-38
-36
-33
-28
-25
-19
-14
-9
-3
4
10
13
15
18
22
27
31
35
36
37
42
43
46
49
51
52
50
50
53
53
54
54
51
49
49
49
48
47
44
42
43
42
39
36
36
37
37
33
30
29
26
26
25
23
21
17
16
15
16
12
9
4
1
-1
-4
-8
-13
-17
-20
-23
-27
-32
-35
-39
-42
-47
-48
-52
-57
-59
-62
-64
-65
-64
-66
-69
-69
-68
-66
-63
-63
-64
-63
-58
-55
-52
-50
-47
-44
-39
-34
-31
-26
-22
-19
-13
-8
-1
3
9
16
19
23
27
30
37
43
49
53
56
58
60
63
67
69
72
72
72
73
75
76
77
76
75
77
77
77
77
75
73
69
67
64
60
56
52
47
44
42
37
32
28
21
17
14
9
5
1
-6
-10
-15
-20
-26
-32
-37
-41
-44
-49
-53
-57
-60
-59
-63
-65
-65
-64
-61
-62
-59
-58
-58
-53
-50
-50
-46
-45
-41
-35
-34
-31
-30
-28
-24
-21
-19
-16
-15
-12
-8
-7
-5
-4
-4
-2
-1
0
4
6
7
9
12
14
17
16
16
18
17
18
19
18
18
18
19
18
15
16
16
16
16
15
16
19
19
19
18
16
14
15
15
15
15
15
13
14
13
13
14
11
9
8
5
5
5
4
5
2
0
-1
-1
-3
-7
-9
-13
-14
-16
-12
-14
-17
-17
-19
-20
-20
-22
-21
-21
-22
-22
-23
-22
-23
-22
-24
-23
-22
-23
-22
-19
-18
-18
-17
-17
-13
-11
-10
-8
-9
-7
-6
-3
-1
1
4
5
6
8
10
12
13
14
