-4
-6
-5
-5
-4
-3
-1
-1
1
-1
-5
-7
-7
-7
-6
-2
0
2
3
2
1
0
-3
-2
-1
1
6
8
4
-3
-5
-10
-10
-8
-2
3
3
4
3
1
1
-4
-6
-9
-9
-6
-5
-2
-2
-4
-4
-2
-3
-2
-3
-1
0
0
2
3
3
3
2
1
-1
-2
-2
-3
-3
-2
-2
-2
1
2
3
5
7
9
9
10
8
5
5
6
7
8
9
11
11
10
10
11
10
8
7
9
7
6
3
-3
-3
-1
-2
-4
-7
-9
-9
-10
-12
-16
-16
-15
-11
-8
-9
-11
-12
-14
-15
-15
-13
-8
-3
-1
-1
-1
-2
0
3
0
-1
0
1
2
4
6
6
12
16
18
20
22
24
25
26
22
18
15
10
5
3
2
0
-1
-4
-6
-10
-13
-15
-17
-20
-23
-26
-26
-27
-24
-26
-29
-30
-30
-26
-21
-15
-11
-11
-9
-8
-4
0
4
11
15
18
21
22
21
26
30
31
31
30
28
27
25
28
27
28
28
24
23
20
16
13
9
6
6
3
3
0
-5
-9
-11
-11
-12
-13
-15
-18
-18
-20
-21
-20
-20
-21
-22
-22
-20
-16
-16
-18
-22
-25
-26
-27
-23
-20
-16
-11
-9
-3
1
8
15
17
20
25
29
33
32
28
25
20
13
7
1
0
-1
-4
-7
-12
-18
-22
-27
-27
-27
-24
-21
-22
-24
-41
-44
-41
-38
-32
-37
-36
-28
-23
-11
7
31
55
75
90
108
142
156
159
164
160
175
179
165
161
149
149
157
148
140
130
120
118
99
70
40
7
-30
-66
-96
-124
-144
-169
-195
-198
-201
-196
-194
-203
-199
-195
-192
-186
-192
-193
-181
-168
-148
-133
-118
-95
-74
-57
-45
-37
-27
-21
-18
-17
-20
-26
-31
-33
-37
-46
-57
-67
-80
-92
-104
-116
-121
-118
-111
-100
-88
-72
-55
-38
-22
-5
7
20
36
51
75
108
154
218
297
386
474
555
621
659
667
641
581
498
397
282
160
37
-80
-182
-264
-323
-356
-364
-355
-337
-319
-309
-314
-336
-377
-424
-477
-521
-547
-547
-510
-450
-364
-260
-150
-37
74
183
282
373
449
502
527
531
514
476
432
393
357
338
336
346
360
369
365
346
311
263
207
151
102
50
-2
-60
-121
-188
-253
-309
-344
-363
-366
-341
-314
-293
-290
-314
-336
-356
-373
-371
-364
-337
-292
-250
-208
-186
-177
-164
-158
-148
-138
-128
-115
-102
-94
-89
-90
-89
-80
-71
-56
-44
-31
-23
-20
-17
-13
-6
6
24
50
78
114
149
177
205
228
253
277
295
324
363
426
522
628
746
879
1007
1147
1247
1271
1246
1147
1010
829
578
309
30
-232
-473
-662
-802
-898
-944
-974
-972
-941
-926
-918
-956
-1035
-1112
-1208
-1297
-1356
-1371
-1327
-1215
-1034
-792
-504
-192
121
416
668
860
983
1037
1025
963
868
756
653
577
539
540
578
642
714
780
824
829
782
682
539
361
166
-31
-208
-352
-450
-499
-503
-468
-411
-347
-293
-264
-261
-289
-344
-414
-488
-547
-576
-565
-514
-425
-308
-176
-44
73
161
212
226
202
149
75
-4
-75
-124
-148
-148
-129
-101
-69
-43
-31
-38
-62
-98
-139
-178
-207
-218
-205
-171
-117
-51
21
92
151
194
219
232
240
256
295
365
473
626
816
1032
1246
1426
1536
1552
1461
1255
947
562
129
-318
-741
-1104
-1380
-1546
-1605
-1567
-1451
-1290
-1115
-953
-828
-764
-771
-845
-964
-1098
-1212
-1268
-1240
-1110
-880
-559
-175
242
656
1015
1287
1449
1495
1437
1294
1100
893
702
561
486
486
558
682
835
985
1105
1168
1162
1082
931
728
490
246
21
-162
-290
-352
-356
-316
-245
-168
-108
-83
-109
-185
-304
-455
-614
-754
-858
-908
-904
-845
-741
-613
-479
-361
-273
-225
-219
-243
-290
-348
-408
-454
-486
-499
-484
-452
-403
-343
-284
-238
-205
-193
-198
-212
-226
-231
-212
-163
-81
28
148
267
362
422
448
441
410
371
335
311
308
340
418
550
753
1024
1338
1656
1930
2090
2093
1906
1534
1005
375
-281
-889
-1392
-1745
-1929
-1955
-1851
-1640
-1358
-1042
-723
-436
-220
-116
-140
-295
-557
-865
-1140
-1309
-1307
-1099
-698
-149
476
1085
1594
1931
2042
1929
1621
1186
705
253
-106
-345
-451
-421
-271
-16
304
644
952
1176
1276
1228
1031
704
295
-132
-511
-778
-899
-859
-687
-436
-168
50
180
204
127
-33
-244
-468
-668
-818
-904
-922
-882
-786
-646
-471
-281
-100
30
86
60
-40
-183
-336
-461
-537
-558
-529
-462
-364
-256
-166
-119
-143
-237
-368
-482
-538
-502
-381
-215
-44
112
258
415
589
755
874
917
880
799
716
647
597
551
529
587
792
1188
1728
2284
2686
2802
2587
2090
1404
623
-190
-1009
-1780
-2427
-2853
-2987
-2833
-2470
-2011
-1545
-1107
-692
-299
17
161
33
-379
-966
-1535
-1890
-1921
-1624
-1079
-394
357
1122
1840
2415
2709
2628
2172
1451
665
-1
-440
-636
-640
-500
-239
145
628
1133
1539
1742
1697
1438
1045
606
174
-238
-621
-943
-1136
-1139
-936
-575
-171
161
341
357
246
61
-157
-389
-615
-807
-920
-914
-790
-585
-377
-219
-140
-128
-137
-140
-124
-105
-107
-125
-144
-138
-91
-35
-12
-67
-219
-445
-701
-938
-1121
-1241
-1287
-1239
-1063
-746
-315
154
553
804
888
846
754
663
583
494
379
264
205
257
430
696
1020
1393
1840
2367
2904
3300
3372
3017
2261
1245
163
-835
-1683
-2370
-2877
-3139
-3070
-2657
-2000
-1275
-665
-254
-9
152
273
294
77
-446
-1193
-1930
-2375
-2349
-1849
-1032
-117
740
1469
2054
2450
2559
2285
1631
738
-140
-758
-985
-853
-490
-44
396
816
1213
1554
1753
1720
1429
946
385
-120
-491
-710
-808
-822
-763
-624
-417
-182
11
96
47
-114
-318
-500
-608
-638
-615
-564
-497
-419
-341
-277
-257
-299
-386
-472
-502
-431
-249
10
288
525
679
734
686
529
256
-124
-572
-1021
-1376
-1571
-1582
-1431
-1172
-841
-460
-45
375
738
962
1002
863
620
368
177
76
35
37
69
147
288
504
799
1179
1683
2322
3023
3617
3869
3608
2800
1545
57
-1434
-2743
-3738
-4344
-4483
-4098
-3250
-2105
-907
121
878
1357
1602
1632
1378
735
-309
-1575
-2716
-3356
-3278
-2511
-1291
56
1266
2182
2738
2910
2659
1973
963
-128
-988
-1359
-1156
-473
455
1375
2101
2541
2683
2540
2107
1401
505
-433
-1214
-1664
-1714
-1408
-894
-341
132
467
650
677
525
190
-302
-856
-1328
-1584
-1563
-1303
-920
-556
-304
-196
-210
-319
-515
-768
-1019
-1174
-1115
-792
-249
386
955
1325
1439
1302
952
439
-181
-830
-1402
-1781
-1887
-1717
-1334
-837
-328
121
481
743
902
940
844
634
359
102
-69
-104
12
234
492
717
874
1014
1260
1753
2559
3562
4453
4851
4508
3414
1750
-185
-2113
-3822
-5158
-5972
-6079
-5354
-3871
-1957
-84
1344
2163
2455
2428
2229
1811
1002
-291
-1883
-3312
-4063
-3873
-2865
-1438
-63
958
1559
1829
1852
1604
1035
200
-651
-1143
-987
-135
1176
2530
3523
3936
3777
3185
2308
1236
39
-1137
-2068
-2528
-2381
-1676
-633
442
1278
1737
1808
1550
1021
266
-621
-1482
-2132
-2411
-2263
-1752
-1039
-340
160
377
319
44
-389
-913
-1418
-1751
-1791
-1479
-856
-53
726
1277
1489
1377
1023
499
-145
-838
-1451
-1837
-1883
-1555
-937
-219
365
661
677
523
317
107
-121
-364
-547
-590
-452
-170
188
555
821
910
851
776
813
1028
1525
2477
3874
5276
6042
5796
4586
2642
192
-2374
-4512
-5897
-6563
-6556
-5675
-3834
-1519
483
1757
2414
2627
2446
1992
1486
898
-133
-1683
-3205
-3960
-3679
-2695
-1460
-264
628
997
892
621
400
120
-361
-833
-863
-225
925
2249
3432
4194
4291
3719
2733
1622
509
-614
-1657
-2371
-2544
-2144
-1294
-212
875
1750
2252
2326
1996
1314
359
-757
-1831
-2600
-2877
-2647
-2077
-1380
-699
-141
185
228
22
-338
-761
-1155
-1367
-1248
-810
-214
362
804
1057
1062
800
360
-139
-617
-1027
-1298
-1353
-1170
-803
-309
243
736
1014
983
726
403
79
-258
-577
-777
-819
-792
-753
-605
-266
222
895
2024
3762
5667
6901
6907
5718
3630
907
-1997
-4403
-5896
-6594
-6685
-5965
-4190
-1782
338
1583
2023
1944
1557
1125
988
1096
844
-195
-1672
-2734
-2881
-2281
-1347
-402
285
495
308
113
162
282
131
-262
-482
-187
635
1749
2873
3699
3931
3521
2754
1987
1360
790
201
-320
-635
-687
-472
-46
455
847
995
924
744
518
225
-185
-720
-1301
-1797
-2079
-2083
-1872
-1579
-1338
-1226
-1227
-1244
-1176
-996
-762
-537
-323
-123
33
95
-2
-294
-778
-1342
-1754
-1804
-1442
-801
-98
506
915
1084
1048
879
628
287
-157
-604
-867
-828
-536
-179
68
140
47
-176
-452
-659
-708
-543
-59
1004
2882
5291
7394
8292
7586
5461
2347
-1166
-4289
-6342
-7170
-6997
-5944
-3947
-1275
1221
2710
3031
2549
1705
862
394
453
627
275
-725
-1774
-2217
-1938
-1283
-610
-135
-47
-371
-793
-901
-618
-287
-215
-273
-114
429
1248
2132
2885
3264
3059
2340
1456
747
275
-118
-484
-690
-607
-236
330
958
1478
1691
1508
1056
561
147
-220
-643
-1111
-1484
-1623
-1494
-1204
-932
-839
-1015
-1424
-1894
-2206
-2223
-1958
-1504
-928
-268
389
878
1007
682
-34
-922
-1701
-2123
-2045
-1470
-565
365
1061
1422
1489
1302
874
293
-291
-760
-1086
-1188
-946
-394
205
604
800
886
822
552
233
115
295
830
1999
3949
6076
7269
6853
5026
2302
-953
-4160
-6436
-7302
-7081
-6202
-4530
-1928
881
2741
3251
2897
2213
1413
807
807
1234
1189
97
-1555
-2819
-3295
-3214
-2784
-2007
-1097
-464
-163
187
804
1336
1327
881
531
570
885
1357
1997
2631
2786
2170
1074
7
-831
-1519
-1977
-1917
-1246
-236
826
1871
2818
3370
3222
2451
1445
519
-256
-875
-1220
-1185
-868
-537
-391
-449
-687
-1134
-1773
-2372
-2593
-2291
-1632
-878
-154
478
837
723
154
-596
-1275
-1788
-2076
-1990
-1427
-557
256
761
950
917
701
339
-44
-323
-480
-583
-667
-732
-767
-705
-463
-103
181
330
494
797
1203
1815
3038
4918
6600
6974
5751
3525
825
-2197
-5059
-6818
-7084
-6447
-5499
-4029
-1760
540
1678
1492
897
641
761
1179
2023
2927
2858
1253
-1154
-3041
-3756
-3504
-2607
-1247
192
1190
1628
1823
1940
1718
995
138
-309
-122
664
1977
3548
4703
4766
3674
1920
-40
-1929
-3349
-3779
-3084
-1703
-128
1470
2930
3749
3436
2123
434
-1125
-2303
-2809
-2315
-957
522
1384
1446
935
40
-1104
-2152
-2658
-2479
-1855
-1045
-131
735
1164
809
-254
-1586
-2743
-3425
-3418
-2635
-1334
-57
749
1014
868
433
-134
-561
-609
-324
111
596
1018
1056
422
-679
-1720
-2414
-2783
-2714
-1899
-352
1486
3404
5591
7746
8738
7662
4868
1507
-1723
-4536
-6271
-6265
-4860
-3194
-1837
-467
927
1465
633
-793
-1597
-1349
-297
1371
3319
4473
3645
909
-2329
-4635
-5503
-5030
-3340
-836
1577
3083
3561
3354
2587
1184
-508
-1697
-1798
-830
879
2967
4888
5856
5372
3679
1466
-672
-2306
-3011
-2515
-1081
587
1906
2616
2566
1670
131
-1450
-2506
-2847
-2541
-1664
-386
879
1625
1582
842
-324
-1570
-2464
-2611
-1899
-642
574
1237
1121
323
-870
-2112
-3073
-3527
-3430
-2909
-2155
-1303
-494
51
169
-60
-301
-222
266
1034
1844
2408
2442
1814
672
-615
-1679
-2341
-2566
-2390
-1905
-1231
-457
494
1870
3771
5771
7046
6969
5535
3200
467
-2109
-3896
-4591
-4484
-4025
-3278
-2110
-861
-254
-542
-1202
-1527
-1141
77
2027
3995
4749
3534
845
-2004
-3893
-4364
-3415
-1455
668
2090
2504
2174
1438
417
-714
-1566
-1747
-1112
221
1961
3585
4447
4131
2755
871
-860
-1830
-1641
-334
1557
3279
4282
4322
3336
1485
-683
-2403
-3176
-3028
-2208
-961
336
1089
853
-194
-1452
-2490
-3143
-3146
-2136
-217
1790
2976
3039
2147
518
-1518
-3246
-3890
-3360
-2316
-1413
-834
-620
-934
-1776
-2672
-3047
-2741
-1906
-664
853
2297
3213
3361
2774
1602
177
-987
-1509
-1452
-1116
-666
-174
228
605
1429
2940
4486
4990
4097
2403
508
-1405
-3015
-3689
-3294
-2539
-2045
-1612
-876
-239
-393
-1209
-1738
-1303
4
1774
3517
4420
3546
789
-2644
-5035
-5381
-3752
-896
2172
4373
4953
3957
2128
262
-1209
-2047
-1969
-874
860
2572
3744
4039
3156
1091
-1446
-3254
-3516
-2291
-137
2365
4538
5529
4873
3004
906
-736
-1771
-2103
-1545
-277
964
1437
995
-21
-1279
-2537
-3374
-3273
-2118
-447
959
1650
1559
770
-565
-2027
-2943
-2825
-1793
-468
525
846
372
-864
-2531
-3955
-4442
-3755
-2180
-285
1386
2415
2528
1676
138
-1477
-2475
-2477
-1629
-401
837
1845
2392
2369
2153
2459
3422
4242
4023
2768
1144
-451
-1964
-3047
-3156
-2413
-1659
-1384
-1228
-876
-834
-1668
-2922
-3470
-2724
-975
1222
3280
4260
3221
291
-3028
-4963
-4731
-2654
441
3539
5562
5826
4513
2483
534
-940
-1707
-1541
-445
1156
2641
3530
3522
2486
642
-1320
-2543
-2485
-1167
941
3090
4442
4416
3058
1033
-793
-1767
-1600
-414
1203
2398
2535
1542
-225
-2258
-3986
-4799
-4299
-2657
-537
1324
2423
2489
1470
-297
-2063
-3040
-2931
-2015
-811
208
659
259
-986
-2581
-3772
-4061
-3441
-2208
-697
705
1528
1467
705
-231
-904
-1197
-1139
-728
-108
373
413
102
-107
221
1277
2905
4591
5586
5291
3680
1321
-979
-2559
-3098
-2685
-1773
-876
-313
-195
-589
-1488
-2558
-3120
-2575
-870
1428
3374
4000
2692
-344
-3887
-6226
-6175
-3788
-210
3083
4947
4868
3090
573
-1462
-2197
-1561
30
2072
4072
5451
5667
4539
2384
-175
-2416
-3642
-3339
-1524
1092
3387
4436
3909
2123
-126
-1857
-2297
-1300
573
2393
3387
3221
2001
157
-1696
-2959
-3278
-2638
-1309
305
1678
2254
1681
58
-2023
-3784
-4604
-4241
-2893
-1132
326
969
717
-110
-1092
-1892
-2298
-2249
-1886
-1459
-1136
-888
-663
-497
-394
-240
62
382
487
321
29
-200
-158
489
1987
3972
5473
5575
4095
1510
-1435
-3888
-5014
-4434
-2648
-661
827
1597
1554
627
-855
-2086
-2358
-1518
154
2164
3689
3695
1690
-1644
-4785
-6348
-5739
-3171
428
3606
5018
4240
1961
-641
-2594
-3267
-2381
-171
2548
4759
5811
5515
4002
1656
-778
-2394
-2650
-1657
50
1844
3126
3402
2553
1035
-399
-1204
-1237
-615
402
1364
1767
1407
553
-351
-1010
-1286
-1083
-448
281
668
564
169
-240
-529
-641
-499
-133
218
250
-136
-779
-1483
-2152
-2679
-2842
-2472
-1748
-1127
-950
-1185
-1611
-2089
-2478
-2480
-1842
-766
178
582
534
349
257
554
1666
3639
5634
6403
5358
2942
54
-2536
-4206
-4549
-3742
-2575
-1755
-1356
-1152
-1181
-1593
-2134
-2181
-1303
441
2615
4454
4970
3493
375
-3003
-5075
-4972
-2820
382
3150
4211
3251
1058
-1144
-2412
-2345
-1010
1047
2939
3911
3773
2827
1498
179
-676
-641
335
1807
3147
3883
3732
2605
782
-1040
-2081
-2020
-1114
106
1141
1612
1333
473
-501
-1166
-1400
-1294
-955
-512
-181
-134
-327
-531
-588
-510
-368
-217
-152
-289
-631
-981
-1099
-896
-453
98
612
898
732
54
-925
-1863
-2508
-2784
-2690
-2261
-1664
-1214
-1182
-1546
-2014
-2193
-1701
-214
2302
5179
7165
7249
5394
2441
-546
-2678
-3391
-2691
-1341
-352
-161
-582
-1426
-2736
-4303
-5374
-5162
-3478
-724
2358
4689
5116
3221
-45
-2863
-3801
-2591
29
2782
4343
3930
1835
-723
-2445
-2714
-1680
100
1910
3061
3159
2315
1025
-161
-806
-591
573
2369
4117
5106
4955
3717
1827
8
-1019
-921
41
1193
1875
1715
690
-882
-2413
-3312
-3313
-2571
-1441
-299
496
685
284
-392
-916
-1041
-739
-171
335
428
-57
-929
-1803
-2371
-2491
-2171
-1556
-899
-405
-122
2
2
-85
-189
-256
-320
-439
-598
-786
-1075
-1496
-1894
-1951
-1361
18
2037
4086
5245
4875
3131
842
-1033
-1844
-1488
-447
431
525
-116
-1021
-1856
-2555
-3042
-3107
-2578
-1459
59
1507
2143
1366
-647
-2852
-3980
-3339
-1154
1613
3716
4276
3265
1490
31
-455
26
1006
1890
2265
2037
1402
639
-60
-588
-829
-655
-11
986
2037
2752
2822
2230
1301
537
314
670
1332
1893
2014
1588
769
-128
-829
-1217
-1342
-1315
-1237
-1216
-1303
-1454
-1535
-1419
-1075
-571
-74
199
89
-391
-1018
-1481
-1575
-1298
-805
-345
-151
-313
-734
-1205
-1531
-1604
-1409
-1007
-550
-173
58
125
0
-343
-837
-1245
-1264
-659
591
2177
3468
3836
3105
1701
339
-414
-420
20
385
296
-198
-744
-1068
-1215
-1384
-1639
-1804
-1584
-831
223
954
697
-696
-2622
-4055
-4170
-2829
-651
1336
2292
2052
1130
296
93
595
1510
2389
2884
2908
2565
2016
1407
878
579
620
991
1539
2017
2164
1831
1100
274
-265
-266
263
1045
1671
1815
1405
644
-113
-600
-760
-740
-747
-880
-1067
-1154
-1040
-780
-523
-417
-496
-656
-764
-772
-747
-806
-1003
-1280
-1495
-1531
-1370
-1108
-894
-820
-893
-1037
-1159
-1194
-1119
-961
-785
-648
-574
-572
-663
-856
-1109
-1285
-1191
-675
250
1323
2115
2259
1718
812
48
-188
143
741
1210
1350
1246
1126
1101
1069
845
385
-91
-255
53
623
963
652
-295
-1387
-1972
-1700
-795
94
337
-269
-1375
-2346
-2683
-2279
-1406
-473
247
721
1072
1413
1735
1950
1990
1873
1681
1517
1439
1439
1462
1448
1381
1298
1246
1267
1373
1523
1631
1582
1310
867
393
54
-75
-33
34
-20
-258
-629
-1015
-1296
-1430
-1435
-1372
-1295
-1231
-1195
-1182
-1191
-1215
-1249
-1283
-1302
-1283
-1201
-1042
-831
-635
-538
-600
-794
-1006
-1080
-933
-614
-307
-237
-506
-1010
-1464
-1562
-1148
-321
633
1397
1784
1793
1545
1177
780
415
161
127
373
815
1218
1330
1048
517
47
-98
106
416
487
121
-587
-1312
-1704
-1614
-1163
-627
-277
-220
-404
-703
-1004
-1232
-1317
-1178
-759
-102
629
1201
1422
1262
883
566
553
937
1616
2369
2951
3187
3027
2547
1919
1348
1007
990
1265
1674
1992
2021
1689
1074
361
-236
-573
-609
-415
-122
138
265
196
-95
-592
-1230
-1902
-2478
-2847
-2948
-2816
-2565
-2354
-2292
-2369
-2469
-2423
-2112
-1552
-877
-273
105
212
118
-70
-254
-378
-401
-294
-50
275
559
677
579
352
161
152
325
535
601
449
195
70
221
576
892
935
658
250
-19
-6
195
330
185
-242
-750
-1110
-1248
-1286
-1412
-1690
-1982
-2038
-1729
-1148
-556
-196
-100
-73
131
615
1263
1818
2087
2069
1948
1935
2100
2344
2477
2377
2076
1757
1618
1742
2051
2372
2547
2522
2341
2077
1774
1432
1024
552
70
-316
-527
-537
-409
-264
-231
-397
-752
-1188
-1562
-1764
-1779
-1695
-1654
-1761
-2022
-2365
-2676
-2880
-2975
-3009
-3014
-2960
-2778
-2413
-1884
-1305
-807
-466
-274
-131
76
412
846
1280
1595
1716
1649
1465
1241
1034
855
692
532
376
257
209
220
241
206
90
-63
-182
-235
-253
-324
-529
-843
-1137
-1250
-1111
-790
-473
-340
-457
-749
-1050
-1218
-1197
-1029
-785
-513
-235
34
274
466
615
738
890
1127
1473
1909
2387
2853
3237
3455
3426
3121
2597
1996
1521
1335
1486
1860
2220
2336
2090
1525
819
197
-173
-255
-133
60
183
154
-58
-437
-948
-1533
-2099
-2516
-2646
-2430
-1947
-1401
-1033
-993
-1274
-1727
-2148
-2395
-2441
-2346
-2192
-2020
-1851
-1713
-1658
-1706
-1788
-1742
-1395
-687
261
1183
1821
2054
1968
1763
1606
1543
1501
1390
1193
955
714
447
86
-400
-954
-1425
-1659
-1609
-1396
-1225
-1238
-1416
-1601
-1606
-1350
-909
-460
-180
-151
-323
-559
-716
-684
-421
36
600
1151
1553
1724
1661
1457
1268
1251
1486
1954
2519
2981
3156
2961
2461
1855
1404
1315
1646
2246
2812
3048
2800
2128
1279
540
118
69
286
585
769
694
309
-350
-1175
-1985
-2594
-2871
-2792
-2450
-2009
-1647
-1490
-1582
-1867
-2209
-2443
-2443
-2172
-1722
-1271
-1001
-985
-1151
-1326
-1350
-1161
-823
-454
-146
60
171
212
212
210
248
360
518
661
712
667
619
689
921
1203
1328
1144
684
152
-228
-370
-396
-537
-923
-1468
-1923
-2055
-1845
-1496
-1273
-1308
-1519
-1675
-1580
-1201
-664
-140
271
576
827
1037
1166
1185
1134
1130
1287
1624
2049
2419
2628
2661
2605
2571
2615
2706
2769
2743
2605
2375
2079
1738
1389
1063
783
556
364
192
29
-100
-173
-185
-166
-191
-330
-596
-944
-1296
-1592
-1809
-1975
-2132
-2323
-2547
-2763
-2907
-2932
-2834
-2622
-2321
-1963
-1601
-1271
-1001
-793
-613
-403
-97
335
839
1298
1576
1607
1398
1034
632
277
28
-94
-96
25
235
445
535
418
115
-242
-473
-470
-266
-33
37
-145
-521
-945
-1286
-1524
-1702
-1871
-2012
-2043
-1901
-1617
-1291
-1020
-804
-537
-108
492
1141
1659
1929
1987
2002
2123
2374
2637
2758
2663
2420
2169
2025
2001
2030
2034
2005
1988
2021
2062
1994
1726
1258
705
237
-22
-49
59
160
137
-66
-440
-917
-1391
-1742
-1878
-1781
-1531
-1272
-1145
-1226
-1464
-1748
-1949
-1979
-1847
-1613
-1362
-1158
-1047
-1046
-1143
-1288
-1386
-1327
-1035
-521
112
697
1074
1183
1071
857
660
544
501
494
483
457
412
330
189
-32
-313
-595
-808
-921
-975
-1047
-1203
-1418
-1601
-1651
-1547
-1367
-1223
-1173
-1177
-1116
-906
-570
-240
-57
-62
-156
-174
-7
331
726
1064
1308
1517
1770
2085
2401
2625
2700
2668
2628
2661
2767
2865
2865
2735
2509
2266
2063
1897
1711
1451
1117
779
512
333
189
-5
-291
-639
-964
-1182
-1283
-1332
-1431
-1636
-1913
-2182
-2347
-2381
-2306
-2181
-2053
-1932
-1819
-1705
-1599
-1509
-1430
-1337
-1210
-1037
-822
-576
-295
10
315
557
668
630
500
387
387
514
682
760
678
471
259
138
112
88
-43
-314
-654
-929
-1052
-1033
-970
-959
-1031
-1138
-1220
-1262
-1296
-1348
-1396
-1354
-1144
-765
-319
52
255
327
388
557
866
1243
1595
1856
2043
2195
2325
2402
2369
2225
2034
1894
1881
1971
2079
2124
2079
1995
1941
1930
1893
1732
1401
947
500
197
97
151
237
230
80
-194
-542
-907
-1270
-1613
-1907
-2111
-2184
-2116
-1951
-1788
-1720
-1793
-1958
-2099
-2101
-1915
-1573
-1173
-830
-611
-517
-501
-493
-438
-305
-91
179
459
699
857
899
818
630
373
110
-97
-207
-221
-191
-199
-308
-524
-771
-943
-965
-845
-673
-583
-656
-886
-1191
-1466
-1639
-1706
-1690
-1596
-1415
-1135
-789
-453
-210
-79
1
148
450
908
1425
1878
2190
2373
2509
2640
2756
2804
2739
2598
2471
2449
2553
2705
2784
2704
2465
2151
1849
1591
1343
1055
718
389
145
25
-10
-48
-168
-381
-623
-838
-1005
-1163
-1373
-1649
-1939
-2147
-2200
-2111
-1967
-1878
-1897
-1996
-2079
-2047
-1868
-1577
-1260
-1005
-849
-781
-737
-638
-432
-114
263
613
843
910
817
617
379
169
34
-9
33
122
184
130
-98
-489
-943
-1312
-1483
-1433
-1240
-1053
-999
-1118
-1350
-1581
-1706
-1683
-1528
-1286
-1014
-744
-504
-320
-205
-151
-109
-9
215
567
995
1411
1747
1972
2113
2226
2357
2512
2679
2828
2940
3017
3062
3074
3053
2999
2924
2832
2717
2554
2315
1984
1577
1131
712
364
93
-116
-294
-468
-648
-842
-1056
-1299
-1566
-1833
-2049
-2158
-2124
-1962
-1743
-1568
-1531
-1650
-1882
-2125
-2272
-2270
-2133
-1943
-1772
-1653
-1568
-1433
-1186
-811
-360
66
388
573
640
639
611
567
499
405
307
233
194
153
42
-201
-581
-1022
-1399
-1600
-1587
-1412
-1184
-1020
-973
-1021
-1097
-1128
-1086
-984
-847
-683
-483
-245
23
288
496
618
672
723
843
1067
1373
1690
1935
2067
2109
2123
2175
2284
2423
2531
2573
2564
2533
2528
2545
2547
2477
2310
2059
1755
1445
1152
872
608
364
166
26
-75
-186
-359
-616
-936
-1263
-1536
-1717
-1809
-1838
-1833
-1819
-1811
-1813
-1833
-1866
-1886
-1859
-1758
-1591
-1398
-1235
-1132
-1084
-1038
-928
-720
-439
-150
82
228
298
317
310
280
219
136
61
33
61
104
81
-72
-363
-717
-1016
-1151
-1099
-934
-775
-716
-796
-981
-1196
-1387
-1522
-1598
-1604
-1527
-1351
-1089
-782
-488
-252
-73
84
278
547
888
1258
1605
1902
2139
2319
2453
2537
2566
2542
2480
2414
2381
2398
2451
2515
2543
2492
2353
2140
1888
1633
1410
1235
1090
956
800
599
355
79
-203
-472
-718
-948
-1170
-1381
-1580
-1749
-1866
-1928
-1947
-1938
-1917
-1884
-1835
-1763
-1664
-1547
-1421
-1297
-1172
-1023
-839
-611
-353
-93
143
323
437
487
486
443
373
287
198
123
69
25
-33
-139
-320
-574
-859
-1123
-1306
-1376
-1349
-1273
-1211
-1205
-1257
-1350
-1440
-1497
-1501
-1453
-1359
-1219
-1040
-832
-613
-402
-207
-21
159
353
566
799
1033
1250
1450
1637
1827
2016
2187
2325
2413
2447
2450
2447
2460
2488
2511
2512
2471
2375
2221
2009
1751
1456
1149
854
599
407
286
219
175
111
-8
-201
-468
-778
-1080
-1330
-1496
-1573
-1573
-1537
-1502
-1498
-1531
-1578
-1606
-1588
-1504
-1356
-1169
-990
-848
-761
-714
-664
-561
-371
-102
199
471
646
690
606
435
230
44
-88
-177
-249
-340
-487
-695
-939
-1175
-1360
-1459
-1464
-1400
-1302
-1212
-1156
-1141
-1164
-1202
-1233
-1233
-1184
-1089
-948
-777
-593
-403
-222
-41
144
340
548
768
992
1208
1415
1609
1789
1957
2099
2200
2249
2243
2197
2138
2092
2080
2108
2160
2201
2191
2105
1929
1671
1370
1076
830
650
527
426
307
132
-120
-437
-778
-1092
-1325
-1447
-1460
-1390
-1283
-1189
-1145
-1160
-1216
-1277
-1293
-1235
-1103
-931
-755
-618
-541
-510
-491
-442
-337
-175
11
173
271
288
232
145
70
40
67
123
166
145
27
-187
-461
-744
-982
-1142
-1225
-1257
-1279
-1324
-1400
-1495
-1580
-1630
-1635
-1587
-1491
-1360
-1198
-1013
-807
-582
-352
-119
101
300
471
615
745
874
1023
1194
1387
1586
1759
1891
1973
2001
1989
1950
1901
1870
1880
1924
1983
2020
1997
1886
1691
1440
1179
956
798
700
637
560
434
248
13
-237
-461
-630
-744
-824
-899
-999
-1127
-1259
-1362
-1405
-1376
-1284
-1165
-1047
-949
-875
-814
-739
-632
-485
-299
-102
80
216
287
299
273
235
214
211
212
187
110
-29
-223
-433
-623
-765
-847
-883
-905
-943
-1016
-1129
-1254
-1352
-1401
-1381
-1311
-1223
-1154
-1126
-1140
-1173
-1185
-1144
-1040
-867
-647
-410
-177
40
243
437
634
838
1048
1261
1466
1646
1788
1880
1919
1915
1885
1861
1859
1892
1946
1991
1999
1943
1819
1650
1478
1341
1256
1194
1114
971
746
458
157
-94
-257
-331
-356
-395
-485
-653
-871
-1086
-1241
-1301
-1266
-1175
-1084
-1033
-1047
-1114
-1195
-1239
-1207
-1086
-888
-651
-415
-226
-103
-37
-4
28
82
170
277
369
415
386
282
123
-60
-227
-360
-455
-525
-595
-684
-803
-943
-1093
-1223
-1313
-1351
-1339
-1293
-1238
-1190
-1157
-1130
-1087
-1009
-876
-694
-482
-261
-61
105
240
359
480
615
768
932
1099
1248
1371
1466
1528
1566
1590
1614
1649
1685
1716
1727
1714
1669
1602
1529
1460
1400
1339
1262
1154
1006
828
629
431
255
109
-11
-115
-223
-351
-504
-670
-824
-941
-1006
-1020
-996
-955
-921
-908
-909
-911
-893
-842
-761
-654
-542
-446
-377
-337
-314
-298
-271
-226
-167
-100
-52
-33
-50
-101
-160
-210
-235
-240
-244
-266
-325
-426
-556
-693
-810
-892
-937
-956
-969
-1000
-1055
-1122
-1180
-1206
-1181
-1101
-973
-816
-657
-514
-391
-282
-172
-41
120
310
511
699
858
974
1054
1119
1189
1275
1382
1493
1588
1647
1661
1632
1576
1524
1485
1463
1459
1445
1407
1325
1208
1068
929
811
724
662
612
552
458
324
151
-40
-222
-371
-475
-547
-609
-680
-779
-899
-1027
-1132
-1185
-1172
-1095
-969
-822
-683
-575
-497
-440
-383
-315
-223
-111
-3
78
111
84
9
-92
-200
-296
-367
-415
-450
-492
-557
-650
-760
-872
-962
-1017
-1027
-1005
-969
-937
-920
-916
-920
-918
-904
-870
-815
-751
-680
-608
-535
-450
-361
-255
-121
33
205
385
562
725
879
1018
1142
1270
1379
1464
1513
1508
1489
1447
1397
1351
1295
1252
1214
1162
1100
1013
915
823
738
671
614
558
500
428
334
225
114
14
-66
-123
-167
-206
-246
-301
-367
-441
-505
-538
-548
-533
-500
-469
-442
-430
-433
-430
-417
-382
-327
-273
-229
-201
-191
-197
-216
-238
-255
-261
-259
-258
-270
-301
-356
-425
-499
-576
-635
-676
-697
-702
-715
-733
-753
-772
-756
-721
-668
-593
-513
-427
-348
-281
-215
-145
-65
24
117
206
287
351
387
408
430
449
480
513
549
594
627
650
654
636
630
627
634
653
660
663
657
624
577
510
436
375
321
271
225
174
122
69
16
-35
-77
-106
-123
-127
-126
-118
-112
-115
-120
-125
-126
-118
-108
-95
-81
-70
-64
-62
-60
-54
-51
-46
-38
-32
-24
-21
-20
-19
-26
-37
-51
-64
-74
-82
-93
-110
-135
-161
-185
-210
-228
-247
-264
-278
-299
-320
-337
-354
-358
-357
-351
-343
-333
-317
-297
-282
-261
-234
-195
-150
-102
-54
-7
36
72
102
133
160
192
221
247
275
292
298
295
281
267
260
255
253
245
232
212
185
158
133
114
105
97
92
86
76
69
59
51
47
45
48
51
53
51
43
32
19
8
1
-1
-1
3
11
21
33
41
43
50
56
68
84
98
111
110
101
81
54
28
6
-11
-26
-43
-62
-88
-117
-148
-174
-187
-193
-193
-187
-182
-178
-179
-184
-190
-196
-194
-186
-178
-166
-155
-147
-141
-135
-129
-116
-100
-77
-51
-24
1
24
49
67
87
106
124
139
147
149
147
143
137
128
118
106
95
80
60
38
16
0
-15
-27
-31
-33
-33
-37
-39
-39
-38
-30
-21
-12
-3
5
12
19
27
36
43
56
68
77
83
80
81
84
82
80
76
73
75
78
83
83
82
78
70
63
55
45
38
35
30
23
12
-1
-17
-30
-46
-64
-78
-89
-95
-98
-100
-99
-104
-107
-106
-102
-90
-78
-64
-49
-37
-30
-22
-15
-12
-12
-16
-17
-18
-18
-13
-12
-13
-15
-20
-22
-25
-27
-24
-18
-10
-3
3
5
2
-4
-11
-13
-13
-10
-4
-1
0
-2
-7
-14
-24
-29
-27
-21
-12
-1
10
22
30
33
30
29
30
34
43
53
63
68
68
67
62
52
43
35
28
24
26
28
34
40
40
40
36
30
25
20
15
12
9
6
4
1
-3
-8
-13
-18
-18
-20
-19
-18
-16
-15
-14
-18
-20
-22
-24
-23
-25
-21
-20
-20
-18
-19
-18
-15
-12
-8
-7
-5
-2
-2
-3
-4
-6
-8
-11
-12
-12
-13
-13
-14
-15
-19
-21
-24
-25
-23
-18
-13
-9
-8
-10
-11
-13
-14
-14
-12
-9
-6
-3
0
2
5
6
7
7
5
4
7
8
10
12
15
16
16
17
16
14
14
13
12
13
14
14
16
18
19
18
17
17
17
17
15
13
11
10
9
10
13
15
14
13
12
10
9
8
7
9
8
5
0
-3
-4
-5
-6
-4
-3
-5
-5
-6
-7
-7
-7
-6
-8
-9
-10
-8
-7
-4
-3
-6
-7
-9
-9
-7
-7
-8
-9
-11
-15
-19
-21
-21
-22
-20
-21
-21
-21
-23
-24
-22
-19
-14
-10
-6
-6
-7
-6
-7
-8
-6
-5
-3
0
1
3
6
7
9
11
13
11
10
10
13
15
14
18
17
17
18
18
17
18
20
22
23
24
26
23
22
19
20
22
24
26
28
27
25
20
16
16
15
13
13
13
12
9
8
5
5
4
3
2
2
-2
-7
-10
-11
-14
-15
-17
-20
-21
-23
-26
-25
-27
-29
-29
-28
-29
-29
-28
-27
-27
-28
-29
-33
-36
-37
-37
-37
-37
-34
-33
-30
-28
-26
-27
-25
-24
-18
-12
-7
-5
-3
-4
-3
1
6
10
12
13
15
18
22
24
23
25
24
25
25
24
25
23
21
22
25
29
31
33
32
30
30
33
35
39
39
37
37
37
39
38
37
39
41
44
43
45
46
41
42
40
37
36
34
32
30
26
22
14
6
1
-4
-6
-8
-11
-16
-25
-32
-40
-48
-54
-61
-64
-66
-71
-75
-81
-88
-93
-95
-96
-97
-98
-96
-92
-89
-87
-85
-81
-78
-74
-67
-62
-56
-51
-45
-37
-30
-22
-12
-3
6
12
19
25
34
41
47
54
61
66
66
67
69
70
72
71
71
72
73
76
77
75
71
66
60
59
59
62
62
63
59
53
48
43
41
38
37
36
35
36
33
31
29
28
30
28
28
31
32
36
36
35
32
27
22
17
11
8
4
-2
-7
-16
-26
-34
-43
-51
-57
-66
-74
-84
-93
-103
-113
-122
-129
-137
-145
-150
-149
-149
-147
-147
-148
-146
-144
-140
-135
-128
-117
-105
-91
-74
-58
-41
-26
-12
5
21
37
51
63
74
84
92
99
104
109
113
116
118
115
111
106
105
106
105
103
100
94
90
84
81
78
75
74
73
71
71
69
68
66
63
63
62
62
62
63
62
61
59
60
61
59
58
54
49
46
42
35
31
25
18
8
-1
-12
-22
-33
-45
-56
-68
-80
-90
-103
-116
-129
-141
-153
-161
-169
-177
-185
-192
-198
-201
-200
-200
-196
-191
-185
-174
-163
-150
-140
-126
-113
-99
-78
-59
-39
-19
1
19
33
49
65
80
93
105
116
123
130
136
142
146
151
152
148
142
133
125
121
117
112
107
104
102
93
83
75
70
64
62
62
63
64
63
62
63
64
63
61
59
58
59
59
61
61
56
53
50
45
43
39
36
31
25
18
10
0
-10
-20
-30
-44
-57
-69
-81
-93
-108
-120
-132
-143
-152
-161
-169
-176
-181
-185
-187
-189
-188
-186
-180
-177
-173
-166
-158
-151
-140
-130
-119
-105
-91
-77
-64
-49
-34
-16
1
17
33
48
64
78
90
101
109
118
126
132
138
142
144
145
142
139
137
133
130
128
124
116
110
106
100
95
88
84
77
74
72
70
67
61
55
48
46
43
42
41
39
37
36
38
39
39
39
38
33
29
28
27
24
21
15
7
1
-6
-13
-21
-29
-39
-49
-59
-70
-83
-91
-103
-113
-126
-137
-146
-156
-163
-171
-174
-177
-180
-178
-177
-171
-165
-162
-154
-145
-132
-117
-104
-89
-77
-66
-52
-36
-21
-4
12
27
40
53
62
71
80
85
92
100
104
110
112
111
109
109
105
104
101
99
98
97
95
90
86
83
83
85
85
83
80
76
74
71
68
65
62
57
51
48
45
43
40
37
31
25
19
14
10
8
7
4
1
-1
-6
-10
-15
-21
-26
-30
-36
-41
-46
-50
-55
-61
-66
-68
-71
-73
-77
-80
-84
-86
-88
-90
-89
-88
-92
-93
-94
-92
-88
-84
-80
-78
-75
-72
-70
-65
-59
-53
-48
-42
-35
-28
-20
-11
-4
2
10
17
24
30
34
43
48
53
56
58
63
63
65
68
70
72
73
74
75
74
73
72
72
72
72
71
70
68
68
64
63
62
59
55
51
46
41
37
36
33
30
26
21
16
14
10
7
5
-1
-4
-5
-7
-10
-13
-18
-22
-24
-27
-28
-30
-32
-38
-40
-44
-48
-52
-55
-57
-58
-58
-60
-63
-67
-68
-69
-71
-71
-72
-74
-73
-71
-69
-70
-71
-70
-68
-65
-59
-55
-48
-42
-37
-35
-33
-29
-23
-14
-5
1
8
13
18
24
28
34
38
45
50
55
62
63
67
71
73
75
75
75
77
77
75
72
70
70
68
67
65
63
60
57
55
51
51
50
49
48
45
42
39
36
34
31
30
26
21
19
15
12
11
7
3
-2
-5
-8
-11
-13
-17
-21
-28
-34
-40
-46
-50
-55
-61
-65
-71
-73
-77
-80
-83
-88
-89
-91
-96
-97
-98
-100
-100
-97
-98
-96
-93
-91
-89
-87
-82
-77
-72
-65
-58
-51
-43
-36
-27
-18
-9
-2
5
10
20
27
36
46
53
60
65
70
77
84
91
95
100
102
104
105
107
110
111
111
108
106
104
107
106
102
98
92
85
83
80
76
69
64
57
51
47
44
38
33
27
18
12
7
4
-2
-5
-10
-15
-19
-23
-29
-34
-40
-46
-50
-54
-57
-60
-64
-70
-78
-83
-91
-94
-99
-106
-107
-111
-114
-114
-119
-123
-124
-127
-127
-126
-123
-121
-117
-114
-111
-107
-101
-94
-86
-76
-68
-59
-50
-42
-34
-23
-12
-2
12
22
35
46
55
65
73
80
90
98
108
114
119
126
129
133
135
137
140
143
144
145
146
144
144
139
134
131
126
122
118
113
107
99
89
80
72
63
54
45
33
24
12
3
-7
-16
-26
-35
-42
-48
-54
-59
-67
-76
-83
-89
-93
-96
-98
-103
-105
-108
-112
-113
-113
-112
-113
-111
-112
-113
-113
-111
-108
-106
-103
-100
-96
-90
-84
-79
-72
-65
-59
-50
-45
-35
-27
-21
-14
-7
0
7
16
24
33
40
43
47
49
53
56
59
63
63
67
71
73
75
76
75
76
75
73
71
70
71
70
67
65
62
61
62
59
57
53
52
52
51
50
48
44
42
40
37
33
31
27
24
22
19
14
7
0
-6
-10
-15
-17
-23
-25
-29
-34
-38
-43
-47
-52
-56
-58
-61
-64
-65
-67
-70
-71
-74
-74
-75
-76
-77
-75
-72
-68
-68
-67
-65
-63
-60
-57
-53
-49
-45
-40
-33
-28
-24
-20
-17
-13
-6
-1
5
11
15
21
25
29
33
37
42
44
46
49
49
51
51
52
52
53
54
55
56
54
53
52
49
48
44
42
42
42
41
39
35
33
32
29
25
22
19
20
19
16
13
10
8
8
8
7
4
2
-3
-7
-8
-10
-13
-13
-13
-14
-17
-20
-24
-26
-28
-30
-30
-30
-31
-30
-31
-30
-29
-31
-32
-32
-31
-29
-29
-27
-26
-24
-21
-21
-21
-19
-19
-18
-17
-16
-14
-12
-9
-8
-5
-2
1
1
1
3
3
5
9
10
10
11
11
11
12
13
14
15
16
16
18
18
19
20
18
16
17
15
16
17
15
14
13
14
13
12
11
12
11
7
4
3
3
5
5
3
2
2
2
1
-1
-2
-3
-6
-5
-5
-4
-4
-3
-4
-7
-7
-9
-10
-9
-10
-9
-8
-9
-6
-7
-8
-10
-13
-11
-12
-12
-12
-9
-9
-11
-12
-11
-12
-13
-13
-12
-10
-7
-7
-6
-6
-7
-7
-7
-5
-1
-1
1
2
2
2
5
5
4
4
3
4
4
6
8
9
10
10
10
7
7
6
4
5
4
4
6
6
5
5
4
3
2
1
0
1
3
4
5
4
3
4
1
2
2
-1
-1
1
0
2
4
2
1
2
2
2
2
3
5
7
7
7
7
7
7
7
7
7
7
5
5
3
0
-1
-2
-3
-2
-4
-5
-5
-6
-6
-8
-10
-10
-10
-7
-7
-8
-9
-11
-9
-11
-13
-13
-12
-11
-9
-8
-7
-6
-5
-6
-7
-8
-8
-7
-7
-4
-3
-4
-5
-6
-4
-4
-4
-2
-3
-2
-2
0
0
2
2
-1
-2
0
-2
0
3
4
9
10
10
10
9
9
11
12
13
14
13
12
11
10
10
10
9
11
12
12
11
12
11
8
8
8
8
8
