0
-2
-2
-1
-1
-1
-3
-3
-2
-2
-3
-3
-2
-2
-1
-1
0
1
0
-2
0
1
-1
0
-1
-3
-5
-5
-3
-4
-5
-4
-3
-4
-3
-5
-5
-4
-5
-6
-6
-6
-7
-5
-5
-6
-5
-5
-4
-3
-3
-3
-2
-3
-2
-1
1
2
1
2
3
4
5
8
7
5
6
6
7
8
8
10
10
10
8
6
6
5
5
4
3
4
3
2
1
-1
-1
0
-1
-5
-5
-4
-5
-4
-1
-1
-2
-2
-2
-3
-3
-2
-4
-4
-3
-4
-2
-2
-3
-1
-1
-1
-1
-1
-1
1
1
1
2
1
1
1
-1
-1
-2
-3
-2
-2
1
1
2
3
3
3
2
0
0
1
1
1
2
3
2
2
3
4
5
4
5
4
3
3
2
3
3
4
0
-1
-1
-2
-4
-4
-1
-3
0
1
0
2
3
4
3
3
3
2
0
-1
-3
-5
-10
-10
-13
-16
-19
-21
-21
-21
-23
-22
-23
-23
-24
-25
-25
-25
-22
-21
-19
-15
-12
-9
-6
-4
-2
4
10
16
22
28
33
35
33
33
36
39
39
38
40
41
41
41
39
38
34
33
29
26
24
20
18
16
16
13
10
6
1
-2
-7
-11
-13
-16
-14
-17
-18
-21
-23
-24
-28
-31
-33
-35
-36
-36
-35
-36
-37
-36
-34
-33
-29
-24
-17
-10
-5
0
1
4
6
4
4
2
1
-2
-5
-8
-12
-14
-15
-17
-17
-20
-23
-24
-29
-29
-29
-29
-30
-38
-39
-39
-40
-36
-33
-23
-9
8
21
37
55
67
80
91
105
128
140
146
151
151
169
179
175
175
167
171
173
157
144
126
115
110
97
84
73
61
56
47
34
22
11
-3
-19
-37
-56
-74
-95
-118
-137
-149
-160
-169
-187
-203
-211
-222
-228
-244
-263
-267
-272
-272
-271
-282
-277
-267
-255
-237
-230
-215
-192
-173
-149
-132
-117
-99
-84
-70
-58
-48
-35
-20
-3
17
44
75
113
156
201
247
286
315
332
334
327
311
283
251
218
185
155
128
106
86
71
59
48
34
17
-6
-34
-69
-104
-136
-165
-184
-193
-190
-173
-145
-103
-60
-13
37
80
118
150
173
190
203
212
221
228
238
248
257
263
266
262
249
232
207
179
150
118
85
55
35
20
8
1
-5
-12
-19
-34
-50
-70
-94
-121
-146
-168
-190
-209
-223
-237
-251
-261
-272
-281
-294
-315
-327
-339
-344
-350
-357
-354
-344
-332
-317
-303
-285
-264
-243
-216
-192
-170
-139
-110
-80
-51
-26
-3
15
30
40
58
82
116
166
227
306
400
491
579
641
682
706
686
629
549
452
354
253
161
83
28
-8
-31
-45
-52
-55
-70
-101
-147
-211
-285
-360
-432
-483
-502
-493
-448
-379
-285
-174
-53
62
162
247
309
345
362
360
348
331
311
298
293
297
306
311
316
308
288
268
222
164
104
45
-5
-44
-62
-61
-47
-21
9
36
56
65
60
38
-3
-59
-117
-179
-245
-307
-356
-399
-426
-459
-496
-522
-556
-589
-628
-683
-712
-721
-722
-701
-684
-646
-583
-521
-449
-385
-324
-257
-195
-133
-72
-12
46
95
139
169
184
177
151
123
106
122
194
323
514
753
1026
1328
1559
1700
1748
1676
1536
1281
941
585
238
-59
-302
-461
-539
-544
-497
-427
-348
-304
-324
-424
-590
-807
-1043
-1255
-1403
-1454
-1391
-1211
-934
-583
-195
190
535
807
993
1084
1086
1021
905
762
621
502
427
394
407
455
519
587
641
668
658
605
516
396
261
130
22
-48
-71
-47
18
110
208
292
348
355
306
202
45
-138
-336
-528
-698
-835
-931
-989
-1014
-1019
-1017
-1015
-1020
-1038
-1059
-1080
-1093
-1089
-1061
-1006
-927
-827
-709
-579
-448
-321
-203
-91
12
100
178
237
272
283
265
220
149
74
24
33
134
345
672
1093
1558
1994
2321
2482
2448
2209
1786
1221
591
-30
-578
-1004
-1274
-1382
-1331
-1145
-866
-548
-265
-81
-41
-161
-419
-776
-1158
-1480
-1662
-1647
-1414
-981
-402
259
920
1499
1928
2155
2172
1987
1638
1185
694
228
-150
-392
-480
-423
-250
-8
255
490
659
736
708
589
399
172
-47
-229
-340
-360
-289
-140
57
272
468
611
673
637
505
289
23
-263
-537
-768
-941
-1045
-1087
-1078
-1043
-1005
-986
-990
-1011
-1044
-1079
-1103
-1102
-1065
-991
-881
-743
-592
-442
-303
-172
-56
45
117
161
182
183
162
101
-6
-135
-243
-276
-205
-26
291
766
1406
2142
2815
3287
3490
3414
3074
2443
1523
425
-665
-1560
-2166
-2490
-2557
-2371
-1927
-1276
-575
-27
238
214
-28
-440
-1007
-1672
-2263
-2562
-2437
-1915
-1118
-156
894
1944
2832
3341
3336
2851
2064
1146
192
-731
-1496
-1920
-1877
-1418
-723
25
733
1367
1859
2091
1984
1588
1075
612
265
22
-120
-103
125
529
960
1256
1356
1301
1134
843
395
-175
-731
-1128
-1302
-1308
-1235
-1126
-982
-809
-665
-650
-796
-1044
-1284
-1441
-1514
-1515
-1431
-1224
-895
-508
-173
30
86
35
-74
-223
-418
-654
-843
-870
-683
-357
-38
167
268
328
372
316
100
-130
-99
426
1387
2447
3222
3596
3680
3526
2947
1753
66
-1642
-2896
-3556
-3795
-3846
-3685
-3104
-2020
-663
519
1161
1265
1048
626
-71
-1096
-2208
-2906
-2825
-1974
-672
729
2090
3352
4347
4786
4416
3292
1767
243
-1050
-2060
-2701
-2782
-2176
-991
409
1635
2478
2902
2927
2558
1829
896
35
-497
-590
-332
129
708
1376
2058
2561
2663
2288
1533
585
-396
-1318
-2089
-2562
-2615
-2234
-1563
-848
-296
13
92
-44
-411
-970
-1583
-2038
-2195
-2074
-1772
-1372
-907
-414
-5
174
38
-360
-861
-1312
-1664
-1916
-2000
-1783
-1214
-438
291
810
1150
1350
1300
840
21
-715
-789
53
1455
2714
3448
3775
3943
3813
2871
921
-1477
-3393
-4265
-4266
-3936
-3591
-3073
-2000
-325
1428
2525
2608
1965
1068
56
-1191
-2602
-3661
-3778
-2804
-1069
879
2644
4084
5126
5567
5103
3636
1558
-424
-1821
-2577
-2831
-2548
-1557
50
1821
3179
3772
3593
2825
1721
500
-664
-1558
-1909
-1515
-456
902
2182
3195
3866
4067
3616
2499
975
-594
-1932
-2905
-3469
-3587
-3242
-2480
-1455
-464
181
355
169
-208
-726
-1383
-2025
-2391
-2318
-1890
-1332
-829
-479
-320
-370
-653
-1180
-1883
-2525
-2821
-2665
-2155
-1430
-537
472
1397
1998
2155
1897
1325
522
-430
-1377
-1919
-1427
357
2753
4553
5213
5206
5047
4343
2300
-938
-4073
-5830
-5893
-4822
-3369
-2006
-736
809
2690
4195
4336
2962
991
-710
-2111
-3518
-4731
-5050
-4037
-1909
711
3069
4605
5226
5189
4617
3242
990
-1387
-2844
-3053
-2498
-1666
-523
1006
2565
3615
3842
3230
1913
227
-1267
-2176
-2522
-2400
-1671
-206
1643
3189
4051
4338
4201
3525
2212
555
-961
-2049
-2645
-2773
-2509
-2033
-1541
-1074
-610
-303
-361
-714
-1011
-1029
-899
-828
-784
-574
-200
63
-20
-452
-1085
-1764
-2396
-2922
-3250
-3258
-2862
-2088
-1092
-70
823
1491
1895
2032
1915
1530
910
176
-586
-1289
-1539
-721
1344
3714
5020
4960
4347
3768
2618
59
-3352
-5998
-6727
-5666
-3726
-1770
-358
537
1533
2904
3915
3489
1638
-357
-1563
-2300
-3170
-3996
-4033
-2974
-1201
740
2290
3036
3044
2783
2480
1727
277
-1129
-1480
-730
249
867
1380
2111
2773
2902
2378
1351
18
-1292
-2048
-1952
-1257
-330
778
2118
3416
4142
4071
3443
2572
1614
659
-174
-791
-1180
-1327
-1261
-1130
-1060
-1025
-913
-779
-843
-1117
-1303
-1158
-751
-328
-20
169
239
166
-87
-556
-1261
-2124
-2923
-3492
-3808
-3878
-3643
-3044
-2162
-1167
-217
545
1091
1492
1797
1886
1603
1038
392
-285
-813
-509
1223
3628
4937
4424
3133
2274
1386
-836
-4172
-6761
-7112
-5416
-2886
-577
857
1346
1644
2534
3669
3723
2138
59
-1157
-1506
-1875
-2614
-3112
-2708
-1381
317
1570
1899
1590
1380
1523
1392
498
-544
-699
166
1223
1787
1999
2283
2653
2803
2463
1549
225
-1022
-1634
-1563
-1267
-955
-305
938
2397
3369
3630
3493
3185
2607
1642
472
-571
-1286
-1633
-1704
-1715
-1777
-1740
-1348
-674
-195
-262
-607
-648
-237
200
233
-97
-424
-572
-727
-1103
-1650
-2176
-2564
-2840
-3038
-3141
-3099
-2834
-2285
-1548
-879
-450
-132
278
733
1017
1055
929
741
804
1722
3651
5507
5793
4353
2481
1057
-630
-3504
-6813
-8627
-7903
-5292
-2159
407
1867
2392
2746
3393
3762
3028
1447
178
-255
-426
-912
-1529
-1828
-1683
-1113
-204
594
781
574
708
1235
1309
584
-51
240
1044
1429
1334
1446
2017
2609
2877
2808
2297
1248
30
-743
-998
-1176
-1326
-969
92
1338
2149
2505
2657
2534
1931
921
-174
-1083
-1657
-1746
-1396
-984
-846
-896
-766
-384
-163
-394
-879
-1141
-929
-435
-48
-43
-401
-857
-1162
-1342
-1646
-2184
-2663
-2707
-2344
-1938
-1723
-1583
-1311
-889
-500
-335
-415
-524
-356
-13
50
49
1183
4112
7292
8209
6383
3735
1874
89
-2997
-6810
-9239
-8921
-6243
-2635
294
1356
787
309
1150
2469
2573
1344
366
610
1400
1627
949
-231
-1248
-1417
-662
68
-54
-451
103
1519
2273
1580
468
93
276
256
-21
-73
295
979
1960
2941
3173
2361
1267
805
839
601
90
88
889
1833
2136
1705
900
-53
-999
-1707
-2031
-1991
-1617
-869
55
640
575
109
-298
-514
-737
-974
-933
-434
329
940
1059
589
-336
-1416
-2368
-3017
-3275
-3070
-2424
-1581
-852
-400
-244
-350
-626
-913
-1092
-1175
-1078
-625
-20
194
132
974
3484
6294
7005
5180
2737
1229
-90
-2677
-6037
-8041
-7325
-4409
-924
1473
1776
379
-947
-834
129
369
-352
-671
216
1382
1516
469
-838
-1521
-1257
-228
872
1421
1613
2091
2836
2910
1717
44
-873
-768
-267
106
446
1023
1756
2284
2162
1123
-476
-1708
-1802
-770
777
2364
3895
5190
5806
5328
3715
1358
-1113
-3007
-3881
-3779
-3024
-1926
-739
146
302
-283
-1095
-1552
-1432
-892
-126
747
1561
2100
2141
1544
375
-1087
-2421
-3242
-3433
-3137
-2579
-1923
-1261
-717
-491
-677
-1088
-1417
-1453
-1207
-826
-457
-180
350
1806
4234
6364
6493
4408
1645
-405
-1987
-4101
-6582
-7901
-6808
-3683
-285
1514
1002
-826
-2022
-1433
241
1543
1958
2101
2417
2384
1270
-943
-3435
-4977
-4652
-2567
28
1898
3026
4094
4968
4576
2542
108
-1166
-999
-154
837
1976
3193
4084
4236
3396
1485
-1062
-3108
-3556
-2346
-379
1554
3289
4744
5453
4940
3272
1124
-662
-1494
-1331
-689
-100
301
504
186
-1066
-2977
-4474
-4658
-3530
-1718
195
1844
2874
2997
2168
565
-1422
-3157
-3863
-3214
-1742
-360
401
612
421
-307
-1552
-2811
-3452
-3287
-2681
-1983
-1269
-664
-23
1353
3922
6659
7402
5358
2172
-188
-1805
-4154
-7252
-9067
-7912
-4334
-491
1692
1548
-252
-1999
-2187
-920
446
1054
1417
2173
2801
2326
623
-1392
-2633
-2605
-1473
83
1352
2220
2907
3179
2430
722
-759
-894
128
1381
2422
3347
4116
4292
3596
2193
433
-1145
-1846
-1306
107
1638
2907
3907
4389
3923
2586
1102
174
-113
-40
157
314
212
-349
-1351
-2565
-3613
-4020
-3367
-1648
513
2202
2793
2205
834
-794
-2278
-3319
-3737
-3406
-2337
-858
484
1140
828
-322
-1833
-3077
-3560
-3205
-2268
-1070
64
809
1084
1364
2358
4019
5135
4548
2496
215
-1529
-3096
-4978
-6700
-7213
-5992
-3638
-1581
-1099
-2281
-3742
-3716
-1675
1205
3307
4096
4049
3494
2188
-65
-2667
-4366
-4193
-2172
681
3004
4013
3830
3002
1863
446
-1008
-1736
-986
1182
3759
5497
5828
5029
3631
1910
15
-1625
-2293
-1553
318
2490
4147
4876
4655
3728
2514
1420
702
483
819
1550
2124
1878
656
-1001
-2435
-3485
-4282
-4618
-4016
-2419
-515
810
1235
1034
567
-3
-606
-1125
-1479
-1638
-1633
-1573
-1592
-1743
-1915
-1951
-1874
-1903
-2127
-2359
-2395
-2260
-2145
-1977
-1116
1068
4287
7098
7896
6385
3725
1117
-1305
-4004
-6726
-8213
-7495
-5096
-2674
-1650
-2220
-3401
-3864
-2910
-906
1082
2222
2514
2404
1985
929
-755
-2165
-2115
-384
1975
3600
3958
3402
2382
1019
-546
-1770
-2000
-1042
656
2338
3435
3749
3422
2796
2127
1505
1043
951
1331
1974
2490
2620
2374
1914
1413
1070
1042
1329
1841
2471
3008
3088
2363
882
-859
-2290
-3076
-3158
-2669
-1870
-1031
-321
133
141
-368
-1083
-1486
-1353
-921
-498
-143
160
245
-59
-667
-1288
-1770
-2117
-2255
-2112
-1901
-1923
-2087
-1790
-456
1637
3411
3910
3022
1375
-389
-2093
-3720
-4902
-4925
-3468
-1236
327
82
-1823
-4114
-5447
-5268
-3929
-2152
-475
740
1174
660
-610
-1984
-2631
-1991
-143
2155
3932
4570
4085
2916
1465
4
-1068
-1208
-136
1756
3499
4222
3722
2463
1129
178
-207
46
916
2150
3250
3728
3448
2682
1848
1306
1255
1686
2404
3076
3389
3156
2292
938
-490
-1515
-1881
-1692
-1200
-560
79
448
261
-509
-1519
-2303
-2545
-2169
-1336
-354
450
854
873
613
169
-349
-763
-948
-936
-907
-1076
-1473
-1870
-1841
-978
708
2525
3410
2726
821
-1369
-3129
-4358
-5190
-5414
-4623
-2918
-1235
-778
-1954
-3912
-5180
-4819
-3050
-911
604
1104
726
-310
-1787
-3243
-3914
-3097
-783
2103
4237
4705
3506
1409
-602
-1836
-2001
-1091
678
2844
4687
5496
4968
3410
1613
415
246
990
2139
3139
3650
3555
2915
1922
907
273
303
980
1973
2802
3095
2791
2107
1319
609
63
-224
-141
242
585
504
-114
-991
-1688
-1996
-2007
-1910
-1793
-1632
-1453
-1382
-1486
-1603
-1380
-610
546
1618
2136
1970
1281
327
-587
-1078
-671
808
2802
4124
3722
1526
-1561
-4373
-6179
-6820
-6314
-4681
-2258
24
905
-220
-2657
-4787
-5229
-3852
-1673
45
560
-161
-1776
-3763
-5414
-5951
-4807
-2121
1161
3750
4679
3833
1871
-213
-1568
-1795
-905
731
2492
3697
3855
2910
1311
-183
-874
-462
884
2655
4246
5167
5185
4419
3321
2467
2248
2652
3340
3895
4013
3543
2462
901
-772
-2012
-2361
-1764
-613
505
1174
1328
1118
714
268
-100
-290
-312
-357
-625
-1137
-1741
-2280
-2663
-2844
-2723
-2161
-1249
-356
146
202
171
535
1489
2795
3965
4525
4151
2788
610
-1999
-4480
-6235
-6830
-6201
-4719
-3082
-2031
-1970
-2740
-3690
-4062
-3436
-1976
-300
879
1097
314
-1120
-2625
-3541
-3427
-2292
-611
867
1526
1200
181
-981
-1729
-1712
-869
567
2134
3311
3711
3276
2257
1062
155
-111
369
1386
2470
3163
3272
2976
2638
2528
2697
3002
3273
3440
3525
3514
3310
2870
2254
1631
1148
793
438
-31
-589
-1081
-1344
-1311
-1063
-761
-531
-401
-372
-486
-783
-1191
-1470
-1367
-842
-160
261
180
-327
-976
-1508
-1751
-1518
-615
965
2799
4092
4090
2676
481
-1609
-2987
-3579
-3637
-3363
-2833
-2190
-1876
-2377
-3691
-5108
-5652
-4864
-3164
-1532
-745
-922
-1684
-2582
-3299
-3546
-3026
-1617
341
2041
2715
2187
1005
-18
-393
-173
305
808
1292
1703
1837
1478
697
-38
-141
650
2057
3435
4169
4046
3279
2278
1439
1052
1276
2092
3227
4227
4667
4372
3494
2381
1352
592
202
244
670
1236
1553
1325
596
-243
-742
-742
-453
-239
-307
-604
-996
-1430
-1937
-2448
-2702
-2442
-1697
-845
-350
-394
-749
-905
-427
747
2283
3565
3972
3201
1451
-698
-2594
-3784
-4160
-3867
-3158
-2329
-1736
-1761
-2510
-3574
-4225
-3922
-2763
-1434
-681
-807
-1601
-2650
-3592
-4116
-3911
-2814
-1081
635
1607
1514
652
-350
-988
-1116
-804
-114
907
2061
2928
3065
2365
1194
185
-146
315
1289
2305
2954
3062
2707
2109
1542
1274
1449
2077
2998
3949
4637
4829
4445
3595
2541
1602
1038
943
1185
1482
1550
1276
732
117
-389
-752
-1015
-1206
-1282
-1159
-873
-610
-573
-816
-1157
-1343
-1272
-1082
-1015
-1195
-1517
-1697
-1441
-688
306
1102
1353
1007
268
-592
-1354
-1901
-2181
-2165
-1896
-1525
-1296
-1401
-1806
-2257
-2477
-2360
-2065
-1865
-1899
-2097
-2281
-2358
-2358
-2350
-2309
-2116
-1720
-1218
-784
-497
-275
2
314
505
469
285
177
303
597
857
920
830
767
863
1106
1375
1582
1738
1895
2079
2243
2319
2299
2224
2170
2180
2257
2359
2425
2430
2367
2236
2050
1840
1686
1658
1773
1965
2091
2015
1703
1226
693
149
-397
-892
-1207
-1220
-965
-660
-548
-694
-927
-1028
-961
-865
-842
-801
-555
-84
328
333
-129
-757
-1149
-1165
-989
-861
-821
-730
-517
-310
-312
-544
-778
-764
-481
-167
-130
-500
-1177
-1924
-2534
-2886
-2952
-2816
-2667
-2731
-3084
-3548
-3822
-3688
-3142
-2364
-1556
-856
-340
-58
-21
-147
-278
-252
0
411
830
1128
1244
1200
1058
856
655
557
656
974
1435
1886
2223
2464
2704
3015
3352
3610
3743
3783
3747
3559
3125
2471
1820
1435
1413
1613
1775
1737
1512
1196
855
491
133
-117
-171
-79
-22
-145
-401
-610
-643
-540
-432
-375
-336
-306
-370
-623
-1024
-1373
-1470
-1289
-944
-559
-158
236
471
340
-211
-937
-1478
-1620
-1441
-1220
-1191
-1427
-1882
-2470
-3061
-3455
-3449
-3000
-2309
-1708
-1457
-1604
-2032
-2593
-3165
-3600
-3686
-3254
-2364
-1321
-501
-96
-22
-62
-69
-14
125
448
1052
1876
2668
3158
3236
2991
2609
2207
1810
1425
1128
1035
1186
1506
1855
2160
2434
2689
2855
2810
2539
2206
2055
2216
2609
3000
3177
3032
2548
1752
714
-399
-1322
-1800
-1765
-1398
-995
-759
-674
-588
-385
-79
214
407
498
520
445
183
-317
-951
-1499
-1782
-1782
-1622
-1430
-1222
-945
-616
-344
-214
-189
-153
-73
-62
-289
-793
-1442
-2057
-2537
-2890
-3098
-3078
-2803
-2385
-2067
-2044
-2297
-2608
-2739
-2586
-2177
-1565
-787
54
754
1105
1025
639
185
-127
-195
-14
405
1001
1622
2061
2157
1941
1652
1540
1701
2032
2348
2528
2543
2410
2147
1766
1348
1039
940
1029
1171
1240
1212
1172
1208
1320
1428
1434
1302
1062
740
362
-32
-377
-597
-650
-568
-427
-306
-251
-273
-355
-450
-502
-478
-380
-239
-86
32
75
7
-184
-459
-736
-936
-1030
-1033
-1014
-1047
-1153
-1308
-1461
-1555
-1543
-1409
-1197
-997
-914
-1007
-1261
-1590
-1887
-2070
-2119
-2040
-1859
-1628
-1428
-1308
-1252
-1180
-1005
-676
-196
387
1000
1559
1976
2173
2120
1856
1494
1162
955
888
917
989
1063
1105
1100
1054
996
952
942
979
1058
1170
1311
1471
1628
1729
1708
1537
1240
896
583
359
255
262
332
390
364
199
-105
-466
-748
-841
-713
-433
-103
186
362
374
206
-99
-443
-707
-796
-699
-503
-321
-225
-243
-380
-601
-844
-1059
-1238
-1426
-1667
-1941
-2159
-2222
-2095
-1841
-1558
-1295
-1067
-889
-797
-839
-978
-1094
-1039
-752
-345
11
211
262
231
169
95
32
10
79
252
476
684
853
997
1142
1289
1423
1538
1645
1735
1779
1742
1639
1532
1468
1442
1404
1310
1174
1025
884
725
501
217
-48
-198
-184
-55
90
180
203
192
169
133
87
44
43
116
241
361
406
327
141
-89
-326
-544
-729
-875
-949
-913
-756
-524
-291
-123
-48
-62
-145
-273
-444
-676
-981
-1355
-1763
-2150
-2458
-2634
-2668
-2574
-2362
-2048
-1683
-1340
-1070
-889
-762
-622
-419
-172
66
248
362
433
500
600
762
988
1261
1542
1756
1820
1701
1425
1081
778
611
632
826
1131
1446
1669
1725
1604
1358
1081
864
765
796
913
1032
1070
978
771
498
238
62
-13
-4
33
17
-97
-309
-571
-784
-849
-712
-386
43
451
725
797
683
447
188
-8
-93
-84
-44
-53
-175
-428
-760
-1083
-1313
-1399
-1345
-1214
-1095
-1064
-1153
-1330
-1530
-1682
-1738
-1700
-1624
-1573
-1590
-1694
-1866
-2048
-2161
-2143
-1962
-1630
-1200
-760
-377
-67
199
476
814
1232
1706
2157
2493
2639
2571
2318
1970
1634
1398
1306
1350
1477
1605
1648
1563
1368
1121
908
799
821
943
1090
1169
1100
860
476
39
-342
-569
-601
-464
-235
-28
73
27
-149
-373
-541
-571
-444
-214
18
151
120
-64
-326
-563
-692
-666
-504
-281
-81
34
46
0
-44
-24
75
220
329
298
51
-415
-1038
-1699
-2263
-2615
-2713
-2599
-2367
-2115
-1911
-1795
-1753
-1743
-1715
-1619
-1437
-1179
-876
-575
-310
-82
125
332
548
776
1005
1218
1403
1555
1681
1783
1873
1959
2038
2094
2127
2138
2134
2117
2085
2027
1926
1764
1534
1244
925
628
402
296
322
453
616
741
757
624
350
-24
-425
-780
-1037
-1174
-1204
-1149
-1042
-911
-773
-644
-538
-468
-440
-447
-475
-496
-477
-395
-255
-94
34
80
31
-92
-254
-408
-514
-572
-620
-723
-931
-1252
-1636
-1998
-2239
-2300
-2177
-1934
-1641
-1372
-1192
-1128
-1155
-1215
-1240
-1184
-1035
-813
-556
-293
-36
213
449
678
898
1101
1272
1402
1489
1545
1589
1647
1742
1887
2068
2270
2450
2567
2584
2486
2291
2039
1787
1587
1461
1404
1388
1363
1271
1062
717
275
-183
-569
-807
-872
-790
-629
-475
-409
-467
-624
-812
-945
-963
-850
-660
-475
-375
-394
-525
-716
-883
-957
-899
-726
-511
-333
-256
-296
-411
-539
-632
-677
-698
-749
-875
-1088
-1350
-1603
-1781
-1831
-1762
-1629
-1499
-1417
-1411
-1467
-1539
-1584
-1557
-1443
-1249
-997
-735
-488
-260
-41
179
400
625
850
1067
1273
1464
1624
1744
1816
1841
1832
1816
1822
1864
1948
2047
2125
2157
2124
2040
1937
1848
1803
1811
1844
1864
1830
1707
1483
1180
835
483
139
-189
-504
-798
-1054
-1238
-1310
-1244
-1038
-746
-451
-243
-192
-308
-541
-807
-1008
-1081
-1019
-863
-701
-618
-667
-851
-1104
-1329
-1446
-1416
-1266
-1076
-938
-916
-1015
-1191
-1371
-1468
-1437
-1296
-1110
-958
-895
-944
-1075
-1222
-1318
-1313
-1206
-1020
-800
-602
-445
-315
-173
10
242
505
765
976
1120
1190
1199
1184
1176
1203
1274
1386
1512
1625
1705
1741
1741
1723
1703
1687
1675
1663
1643
1606
1544
1460
1358
1238
1109
969
818
658
497
345
213
111
50
33
45
61
48
-31
-189
-425
-706
-983
-1206
-1331
-1341
-1251
-1106
-964
-879
-875
-937
-1032
-1103
-1109
-1034
-900
-770
-707
-770
-970
-1261
-1562
-1790
-1883
-1821
-1641
-1410
-1197
-1056
-1014
-1045
-1087
-1073
-958
-735
-428
-90
219
464
636
747
827
900
978
1064
1142
1204
1246
1260
1254
1246
1244
1258
1288
1332
1371
1390
1378
1334
1268
1199
1137
1081
1035
988
937
880
821
762
710
672
641
605
533
405
218
-15
-256
-458
-585
-611
-549
-438
-324
-264
-291
-405
-583
-787
-970
-1105
-1172
-1176
-1139
-1080
-1019
-972
-936
-902
-862
-830
-830
-879
-989
-1157
-1350
-1521
-1628
-1633
-1528
-1335
-1111
-904
-756
-684
-671
-679
-657
-575
-432
-239
-33
148
284
386
494
651
886
1190
1524
1832
2054
2153
2132
2021
1876
1744
1664
1645
1651
1640
1578
1456
1291
1122
999
950
979
1057
1139
1168
1109
955
724
458
198
-18
-177
-280
-350
-407
-468
-536
-610
-674
-714
-723
-712
-695
-692
-723
-789
-884
-996
-1109
-1209
-1284
-1337
-1375
-1404
-1423
-1436
-1437
-1419
-1378
-1320
-1266
-1241
-1252
-1307
-1382
-1436
-1435
-1370
-1238
-1069
-917
-814
-781
-813
-862
-880
-814
-634
-361
-40
272
528
713
841
952
1094
1295
1551
1831
2081
2252
2309
2262
2146
2015
1921
1903
1961
2063
2161
2214
2189
2083
1919
1732
1557
1419
1326
1270
1227
1176
1095
970
798
584
344
92
-155
-382
-581
-733
-834
-888
-906
-906
-899
-914
-965
-1058
-1192
-1345
-1493
-1611
-1676
-1691
-1664
-1624
-1603
-1616
-1667
-1742
-1816
-1855
-1836
-1759
-1641
-1522
-1449
-1451
-1543
-1689
-1831
-1926
-1923
-1802
-1581
-1305
-1032
-808
-649
-548
-464
-344
-162
85
380
685
955
1153
1269
1321
1339
1350
1384
1459
1570
1707
1856
1999
2120
2216
2286
2332
2361
2368
2360
2337
2306
2270
2225
2170
2096
1991
1857
1695
1514
1331
1160
1023
928
858
795
713
592
423
215
-15
-243
-443
-604
-728
-835
-949
-1085
-1249
-1425
-1591
-1727
-1819
-1858
-1853
-1822
-1794
-1796
-1828
-1886
-1959
-2028
-2089
-2149
-2220
-2302
-2394
-2485
-2558
-2587
-2547
-2432
-2250
-2014
-1749
-1484
-1232
-1003
-805
-636
-495
-369
-251
-135
-12
122
270
435
619
819
1028
1238
1444
1640
1822
1992
2147
2274
2375
2445
2486
2505
2505
2486
2451
2404
2348
2277
2196
2104
2009
1914
1821
1735
1653
1572
1484
1390
1284
1165
1038
912
788
667
550
428
298
160
16
-133
-275
-410
-535
-656
-778
-908
-1059
-1236
-1428
-1620
-1791
-1923
-2008
-2052
-2064
-2065
-2075
-2117
-2191
-2290
-2402
-2499
-2558
-2565
-2522
-2435
-2322
-2200
-2088
-1984
-1886
-1790
-1679
-1544
-1381
-1197
-996
-788
-583
-388
-205
-29
136
306
488
681
884
1090
1296
1488
1653
1794
1901
1976
2030
2074
2123
2193
2282
2380
2465
2516
2520
2466
2359
2221
2081
1958
1868
1811
1769
1714
1626
1489
1307
1104
907
734
602
513
449
394
329
245
145
36
-64
-145
-206
-258
-314
-393
-507
-652
-821
-1000
-1174
-1332
-1474
-1613
-1754
-1900
-2045
-2181
-2290
-2362
-2395
-2395
-2375
-2345
-2315
-2277
-2221
-2135
-2011
-1859
-1692
-1543
-1433
-1369
-1348
-1345
-1337
-1290
-1188
-1036
-841
-629
-418
-213
-18
183
398
636
892
1158
1413
1634
1799
1901
1954
1970
1974
1983
2009
2043
2078
2102
2107
2092
2065
2036
2019
2017
2022
2016
1981
1906
1787
1630
1455
1283
1122
975
839
709
577
443
313
199
106
40
-10
-60
-126
-218
-335
-463
-590
-694
-766
-813
-854
-910
-988
-1093
-1221
-1353
-1465
-1551
-1606
-1644
-1683
-1746
-1844
-1964
-2084
-2183
-2237
-2230
-2166
-2065
-1944
-1827
-1725
-1634
-1546
-1433
-1290
-1111
-907
-702
-522
-378
-275
-200
-133
-52
58
200
363
526
677
805
913
1014
1122
1256
1417
1591
1761
1899
1995
2046
2056
2040
2015
1988
1962
1934
1889
1820
1724
1612
1500
1389
1293
1214
1147
1079
1001
912
818
722
636
564
496
430
356
260
145
14
-130
-280
-421
-556
-685
-804
-911
-1008
-1092
-1163
-1217
-1257
-1287
-1306
-1321
-1340
-1367
-1405
-1453
-1513
-1577
-1641
-1705
-1758
-1795
-1816
-1817
-1801
-1764
-1702
-1627
-1532
-1419
-1291
-1146
-990
-824
-655
-485
-315
-151
10
161
301
441
574
700
816
920
1013
1097
1176
1249
1316
1381
1446
1507
1568
1624
1674
1716
1750
1773
1780
1769
1736
1683
1609
1516
1417
1306
1194
1082
972
861
751
650
555
470
391
321
260
201
139
69
-1
-83
-175
-270
-373
-481
-595
-708
-822
-931
-1035
-1132
-1213
-1281
-1335
-1376
-1408
-1428
-1438
-1440
-1436
-1427
-1418
-1403
-1389
-1381
-1373
-1362
-1350
-1333
-1307
-1269
-1222
-1165
-1093
-1013
-922
-820
-710
-587
-455
-315
-168
-14
143
299
453
601
744
883
1008
1120
1218
1309
1390
1457
1511
1550
1578
1596
1604
1601
1592
1582
1568
1553
1532
1503
1465
1415
1353
1279
1192
1090
985
869
750
632
513
395
278
168
61
-35
-123
-204
-280
-354
-425
-495
-565
-639
-717
-798
-883
-967
-1052
-1134
-1214
-1291
-1356
-1412
-1455
-1487
-1509
-1518
-1517
-1504
-1478
-1439
-1389
-1329
-1266
-1197
-1126
-1055
-984
-910
-837
-764
-688
-612
-532
-450
-364
-276
-183
-79
33
153
278
408
544
681
817
944
1063
1175
1275
1366
1446
1515
1571
1614
1645
1666
1672
1665
1644
1610
1566
1511
1444
1369
1288
1203
1109
1011
910
804
698
589
478
367
259
154
50
-50
-150
-245
-341
-437
-532
-626
-720
-808
-889
-963
-1031
-1090
-1139
-1183
-1219
-1249
-1274
-1290
-1296
-1293
-1282
-1262
-1239
-1216
-1192
-1172
-1154
-1136
-1116
-1092
-1064
-1029
-984
-931
-868
-798
-719
-633
-537
-434
-328
-220
-109
2
107
210
312
408
501
589
671
753
830
903
977
1050
1120
1190
1256
1315
1373
1425
1473
1517
1553
1576
1584
1576
1557
1523
1472
1407
1328
1241
1144
1039
927
812
695
575
455
341
225
113
1
-109
-216
-321
-425
-527
-627
-723
-818
-907
-992
-1070
-1140
-1208
-1269
-1319
-1363
-1399
-1425
-1441
-1448
-1442
-1424
-1398
-1364
-1328
-1286
-1242
-1195
-1144
-1088
-1031
-973
-910
-845
-777
-704
-630
-553
-472
-386
-298
-208
-112
-12
92
199
308
417
521
625
727
825
917
1004
1084
1153
1214
1271
1318
1357
1387
1409
1424
1429
1426
1420
1410
1394
1370
1342
1307
1266
1215
1154
1089
1017
936
850
760
668
570
467
363
254
148
41
-68
-178
-287
-395
-498
-595
-688
-777
-860
-938
-1010
-1077
-1138
-1188
-1232
-1267
-1297
-1322
-1337
-1346
-1349
-1347
-1339
-1325
-1303
-1273
-1240
-1204
-1162
-1115
-1062
-1009
-953
-891
-825
-754
-681
-604
-523
-437
-351
-261
-168
-74
21
115
211
306
401
491
580
668
754
836
915
991
1062
1128
1190
1247
1296
1339
1373
1401
1422
1434
1438
1434
1418
1394
1351
1304
1258
1198
1134
1058
974
894
807
718
624
524
423
324
224
123
22
-76
-173
-270
-364
-456
-543
-626
-704
-779
-843
-896
-950
-997
-1039
-1079
-1104
-1128
-1151
-1164
-1173
-1170
-1156
-1147
-1132
-1112
-1088
-1052
-1021
-990
-952
-914
-864
-813
-764
-710
-655
-593
-529
-467
-402
-333
-260
-185
-109
-31
47
129
210
288
366
439
511
579
642
709
773
835
892
939
984
1024
1056
1084
1094
1102
1112
1112
1107
1088
1057
1030
996
956
906
843
783
722
656
591
514
436
363
287
212
134
59
-13
-81
-145
-208
-269
-329
-387
-443
-496
-538
-579
-622
-654
-684
-705
-716
-737
-750
-763
-770
-765
-766
-763
-754
-746
-724
-702
-685
-661
-639
-610
-576
-551
-522
-491
-455
-410
-369
-331
-289
-246
-201
-155
-112
-65
-18
28
78
127
175
224
271
314
357
399
440
479
510
541
575
602
627
643
651
663
667
668
664
644
628
611
589
566
531
496
463
424
383
338
291
251
206
162
117
69
22
-23
-69
-111
-149
-185
-220
-252
-287
-315
-334
-354
-371
-385
-397
-397
-398
-399
-399
-399
-388
-378
-371
-358
-347
-329
-309
-299
-281
-265
-248
-224
-206
-190
-175
-161
-144
-129
-115
-100
-84
-67
-50
-32
-15
2
17
32
46
60
81
97
110
125
142
157
171
184
193
205
219
232
243
245
247
248
248
250
247
243
242
235
230
222
204
192
179
163
146
127
110
95
77
57
32
6
-16
-39
-61
-80
-97
-114
-131
-148
-163
-174
-183
-191
-193
-195
-193
-190
-190
-185
-184
-178
-170
-164
-157
-149
-139
-126
-115
-105
-93
-84
-70
-56
-43
-32
-24
-15
-7
2
11
17
24
29
36
44
48
55
58
62
72
75
82
85
87
93
96
99
101
102
106
108
111
115
113
112
112
107
103
101
98
95
93
89
85
80
72
64
55
46
37
27
15
2
-11
-21
-28
-40
-51
-62
-75
-86
-98
-111
-119
-129
-135
-143
-149
-154
-159
-162
-164
-167
-168
-167
-165
-159
-153
-146
-136
-126
-114
-101
-88
-76
-62
-49
-35
-19
-6
6
16
28
38
48
58
68
76
87
99
107
117
125
131
138
143
150
156
157
159
163
162
160
158
153
149
144
141
135
129
122
116
109
100
93
84
75
67
58
48
35
27
16
3
-7
-21
-33
-45
-57
-70
-83
-94
-106
-118
-126
-135
-142
-150
-160
-166
-172
-176
-176
-178
-180
-182
-184
-183
-181
-178
-175
-172
-169
-164
-155
-146
-136
-127
-118
-105
-94
-81
-70
-58
-44
-31
-18
0
14
30
43
56
70
81
93
106
117
132
146
157
169
176
184
194
202
207
212
219
224
228
228
225
223
221
219
213
205
195
184
177
167
153
139
121
108
94
78
62
45
28
12
-4
-23
-42
-57
-69
-83
-97
-109
-123
-138
-154
-168
-180
-193
-204
-216
-229
-239
-248
-254
-260
-265
-263
-264
-260
-258
-259
-251
-245
-239
-231
-222
-210
-197
-184
-170
-160
-148
-138
-124
-108
-91
-73
-53
-31
-10
13
34
56
78
99
123
148
172
194
213
229
246
262
276
289
301
311
322
328
330
331
331
331
329
322
318
310
303
293
275
258
240
220
201
182
160
137
113
89
64
37
13
-12
-37
-60
-85
-108
-128
-147
-169
-189
-206
-225
-238
-251
-263
-272
-281
-288
-296
-304
-308
-315
-320
-324
-325
-324
-320
-318
-314
-308
-303
-292
-281
-267
-256
-245
-231
-214
-194
-178
-161
-142
-123
-102
-78
-54
-29
-4
21
46
71
98
125
151
178
204
228
255
279
303
326
347
365
381
395
406
418
430
432
433
431
426
421
410
396
381
363
345
325
303
278
251
223
193
164
134
101
68
36
3
-28
-58
-89
-119
-150
-177
-202
-229
-253
-278
-301
-322
-340
-356
-370
-382
-393
-403
-410
-418
-420
-420
-415
-407
-401
-393
-382
-369
-353
-338
-323
-305
-285
-264
-240
-215
-190
-166
-143
-120
-95
-69
-38
-13
17
46
71
99
126
152
178
203
229
255
279
298
315
334
350
365
378
388
398
407
412
414
414
411
407
402
390
378
364
347
331
311
290
271
246
227
203
179
155
126
97
70
42
12
-19
-49
-75
-100
-123
-145
-169
-194
-220
-246
-269
-289
-306
-318
-325
-328
-333
-343
-361
-377
-388
-389
-382
-361
-332
-305
-294
-297
-310
-324
-327
-312
-275
-226
-174
-138
-126
-135
-151
-163
-153
-115
-58
9
64
92
92
75
57
49
68
114
174
231
271
283
274
250
230
219
230
262
301
334
347
340
325
299
273
258
249
250
258
265
270
261
243
217
186
154
126
104
93
89
89
85
76
59
32
-3
-39
-67
-88
-96
-95
-92
-95
-104
-124
-150
-181
-207
-222
-230
-226
-217
-211
-205
-209
-220
-235
-249
-254
-250
-242
-225
-206
-191
-176
-170
-168
-167
-165
-155
-140
-123
-98
-73
-52
-36
-26
-20
-15
-8
6
22
41
60
74
85
95
101
107
113
119
127
140
152
160
166
164
161
159
158
157
153
153
153
152
151
145
135
128
118
111
102
93
87
83
75
67
54
42
35
28
21
14
6
-1
-10
-21
-30
-41
-49
-55
-59
-66
-71
-75
-82
-89
-93
-98
-102
-104
-105
-107
-107
-105
-106
-107
-107
-107
-103
-98
-95
-92
-88
-83
-75
-69
-65
-61
-53
-45
-39
-29
-21
-12
-4
2
10
16
24
30
35
40
46
50
53
55
59
63
66
73
73
73
75
75
76
75
72
70
67
67
61
54
52
48
45
42
35
31
27
21
16
9
3
-4
-8
-10
-14
-18
-19
-22
-26
-27
-29
-33
-34
-38
-41
-39
-41
-43
-43
-42
-42
-42
-42
-43
-41
-41
-39
-36
-34
-30
-28
-27
-23
-22
-19
-14
-13
-10
-8
-5
-1
2
2
4
8
9
8
10
12
13
16
17
20
22
24
27
27
28
26
25
26
27
27
26
27
27
27
26
23
20
21
18
18
18
17
18
15
12
14
10
5
3
1
-2
-3
-6
-6
-10
-15
-18
-19
-21
-22
-25
-29
-33
-35
-36
-37
-35
-36
-34
-34
-34
-33
-33
-35
-34
-32
-27
-24
-21
-16
-12
-11
-8
-6
-3
-1
1
3
6
10
15
18
19
20
20
21
24
26
26
29
29
29
30
29
27
29
27
27
28
27
25
22
20
18
16
14
14
12
12
12
12
10
11
8
4
3
0
-1
-3
-4
-4
-7
-9
-11
-12
-15
-17
-17
-19
-20
-19
-21
-20
-23
-24
-25
-25
-25
-26
-25
-27
-27
-26
-24
-24
-21
-19
-21
-23
-25
-25
-22
-18
-15
-10
-9
-9
-10
-9
-5
-3
-1
1
5
11
13
14
17
17
17
18
18
21
23
23
24
26
27
30
30
29
29
26
27
27
27
26
25
24
21
21
19
19
17
