-3
-4
-5
-3
-3
-3
-3
-4
-7
-6
-6
-3
-2
-2
-5
-7
-7
-4
-4
-6
-6
-7
-7
-7
-5
-4
-4
-3
-4
-4
-4
-2
0
2
1
0
1
0
0
1
1
2
2
4
4
5
5
4
4
6
7
8
8
8
8
9
8
6
7
8
6
5
3
4
2
2
3
2
0
-1
0
-1
-5
-3
-6
5
30
17
-10
-29
-24
9
41
30
-11
-37
-41
-19
22
29
-10
-41
-52
-47
-13
20
16
-16
-48
-59
-31
12
26
10
-10
-28
-29
3
28
25
17
10
8
20
31
28
32
36
31
33
36
33
24
23
26
28
32
26
10
-4
-3
2
12
8
-10
-20
-24
-25
-25
-24
-25
-26
-33
-35
-32
-32
-31
-29
-23
-22
-27
-29
-25
-18
-8
-4
-7
-10
-11
-8
2
10
19
36
48
50
56
52
69
98
100
112
107
75
54
45
78
100
77
33
-4
-25
-14
10
6
-37
-75
-47
-45
-77
-145
-160
-104
-73
-106
-185
-204
-184
-158
-80
-7
-54
-129
-149
-118
-32
85
143
118
36
-25
35
173
262
247
195
141
117
178
320
349
252
196
186
249
271
216
176
193
199
190
188
175
156
119
182
172
109
77
14
-5
-78
-117
-153
-206
-287
-358
-305
-295
-373
-553
-652
-592
-505
-670
-237
982
1560
723
-804
-1123
-16
1272
1479
698
-345
-1184
-1149
-70
1031
826
-326
-1437
-1942
-1600
-412
628
315
-1164
-2472
-2383
-1384
-688
-517
-713
-1318
-1902
-1626
-616
80
18
-233
-76
206
261
356
732
1133
1375
1645
1932
2029
1806
1545
1680
2133
2514
2557
2180
1520
1107
1252
1779
2050
1701
1020
689
801
620
223
6
23
-51
-358
-784
-1104
-1186
-1205
-1115
-992
-1254
-1810
-1931
-1694
-1505
-1352
-1239
-1320
-1561
-1727
-1580
-1068
-735
-883
-1066
-953
-816
-739
-444
-179
-237
-350
-293
-38
200
154
114
293
416
363
417
608
580
437
428
565
681
709
546
439
423
326
410
519
536
296
95
78
101
1
673
2148
2579
1263
-552
-555
1129
2412
2152
1181
182
-727
-767
406
1703
1401
-230
-1633
-2018
-1483
-309
686
233
-1644
-3201
-2968
-1722
-1038
-1049
-1348
-2003
-2681
-2508
-1365
-549
-743
-1088
-856
-527
-508
-344
314
999
1188
1297
1628
1907
1779
1557
1814
2414
2770
2668
2250
1693
1484
1708
2155
2395
2080
1340
604
318
356
449
427
116
-640
-1266
-1285
-1027
-853
-1156
-1616
-1779
-1848
-1915
-1670
-1321
-1335
-1706
-1954
-1655
-1187
-967
-985
-1065
-1060
-1018
-703
-144
103
-157
-433
-291
131
504
679
701
450
156
211
646
1064
899
422
188
168
224
430
678
697
285
-178
-136
64
134
81
-76
-106
-705
235
3327
4400
1769
-1924
-1811
1879
4420
3377
1031
-549
-1550
-1194
1008
3308
2473
-989
-3302
-3149
-1589
607
2059
785
-2927
-5615
-4489
-1436
-255
-974
-1930
-3219
-4451
-3771
-1081
561
-497
-1918
-1643
-756
-577
-401
758
1735
1419
1214
2007
2759
2593
2018
2289
3385
3990
3771
3120
2209
1843
2453
3312
3471
2515
1441
1153
967
671
451
321
156
-616
-1698
-1949
-1501
-1411
-1727
-1992
-2158
-2541
-2931
-2708
-2035
-1690
-2088
-2665
-2484
-1909
-1602
-1280
-951
-1052
-1402
-1354
-633
96
130
-144
-205
6
245
495
898
980
575
361
709
1052
1009
814
736
655
350
218
607
916
535
65
38
306
304
131
-25
-196
-452
-667
-121
1539
3729
3790
1175
-1519
-1078
2325
4740
3851
1086
-1007
-1610
-645
1625
3353
2216
-1205
-3753
-3522
-1308
1065
1928
88
-3619
-5913
-4557
-1551
-284
-1157
-2535
-3801
-4535
-3574
-1169
249
-692
-1945
-1666
-755
-513
-287
789
1887
1953
1734
2247
2728
2561
2428
3081
3985
4180
3683
3047
2408
2156
2756
3510
3385
2152
1135
1019
936
539
192
56
-343
-1376
-2235
-2076
-1408
-1335
-2096
-2755
-3039
-3082
-2669
-2014
-1763
-2185
-2879
-3016
-2189
-1295
-959
-1053
-1264
-1585
-1552
-616
401
662
120
-508
-464
218
834
1221
1433
995
271
201
807
1246
1221
968
567
205
-26
208
773
853
328
-86
-102
30
171
262
153
-154
-495
-25
731
1703
3377
3386
1366
-878
-423
2828
4817
3198
197
-1156
-856
288
1730
2639
1316
-1938
-3905
-3014
-792
811
691
-1288
-4040
-5662
-4531
-1803
-701
-1757
-3227
-4306
-4508
-3309
-1108
204
-734
-2172
-1971
-759
64
529
1257
1996
2015
1968
2737
3521
3469
3182
3392
4215
4701
4248
3583
2937
2640
3091
3604
3376
2481
1317
755
691
389
242
-178
-1079
-1979
-2506
-2247
-1821
-2045
-2778
-3354
-3427
-3084
-2662
-2264
-2195
-2761
-3239
-3011
-2083
-1075
-862
-1336
-1717
-1627
-1039
-100
671
717
62
-505
-264
675
1527
1683
1275
666
246
345
974
1535
1385
772
68
-314
-119
414
833
674
-55
-780
-713
-309
255
527
53
-682
-836
117
1326
2905
3655
2441
213
-755
1135
3974
4580
2216
-338
-1133
-510
974
2539
2582
180
-2746
-3552
-1948
240
1187
195
-2476
-5064
-5371
-3133
-885
-953
-2421
-3663
-4292
-3963
-2283
-274
96
-1229
-2142
-1402
-219
345
859
1781
2332
2192
2281
2988
3448
3250
3211
3833
4464
4322
3656
3090
2710
2745
3256
3574
3019
1489
483
444
476
380
-112
-1069
-2134
-2854
-2719
-1967
-1747
-2559
-3675
-4007
-3652
-3135
-2372
-1931
-2487
-3445
-3788
-2912
-1357
-570
-891
-1561
-1938
-1670
-697
642
1277
647
-290
-481
164
1250
1885
1796
1373
686
206
699
1640
1990
1514
677
56
61
596
1152
1192
385
-438
-515
-2
374
297
106
-195
-307
161
1225
2984
3697
2331
78
-646
1219
3718
4190
2067
-413
-1503
-877
852
2351
2162
-230
-3078
-3861
-2296
-110
940
-133
-2830
-5317
-5544
-3246
-1026
-1078
-2626
-3991
-4399
-3724
-2100
-287
13
-1313
-2053
-1269
-48
676
1061
1779
2350
2290
2570
3379
3745
3567
3413
3979
4683
4497
3864
3426
3085
2899
3592
3943
2875
1236
203
617
1123
463
-782
-1734
-2390
-2807
-2492
-1720
-1875
-3117
-4216
-4344
-3528
-2611
-2135
-2255
-3005
-3922
-3818
-2457
-1052
-750
-1392
-1956
-2029
-1401
-176
804
822
141
-501
-209
742
1323
1499
1501
1137
658
743
1306
1703
1423
760
475
663
726
576
630
693
309
-186
-101
242
287
-80
-323
411
991
1633
2927
3303
1895
-142
-142
2382
4246
3216
1073
-269
-595
-146
849
2036
1602
-1063
-3140
-2905
-1442
-59
210
-1188
-3643
-5399
-4644
-2262
-1366
-2438
-3650
-4091
-3846
-3106
-1618
-480
-1044
-1976
-1612
-341
466
500
877
1815
2262
2361
3032
3755
3745
3325
3437
4393
4970
4653
3986
3486
3043
3267
4314
4129
2707
956
153
662
987
524
-509
-1727
-2746
-3075
-2547
-1886
-2295
-3391
-4066
-4148
-3683
-3025
-2712
-2799
-3231
-3601
-3254
-2358
-1739
-1640
-1661
-1620
-1365
-872
-253
118
137
45
45
474
822
778
839
1057
1208
1354
1430
1336
1081
764
703
1071
1333
1122
649
307
276
335
475
398
159
-47
70
559
895
1601
2756
3254
2154
378
228
2108
3764
3307
1534
86
-430
-110
872
1817
1182
-974
-2753
-2746
-1433
-167
47
-1366
-3783
-5368
-4664
-2584
-1513
-2182
-3486
-4455
-4609
-3435
-1347
-169
-953
-2239
-2163
-877
370
1046
1521
1846
1785
1939
2818
3830
4112
3765
3609
4006
4480
4694
4837
4297
3228
2932
3640
3850
3182
1854
615
343
143
-258
-464
-892
-1825
-2741
-3107
-3069
-3011
-2925
-2946
-3354
-3918
-4113
-3707
-3074
-2880
-2986
-2840
-2543
-2467
-2245
-1610
-1098
-861
-635
-498
-388
-268
13
667
1188
1021
563
558
1013
1343
1626
1889
1698
1199
692
506
994
1509
1465
1146
379
-307
-92
592
1052
776
196
67
392
1455
2942
3301
1745
-173
20
2194
3556
2631
933
9
-192
-3
753
1405
590
-1431
-2797
-2460
-1299
-488
-569
-1773
-3669
-4856
-4166
-2580
-2028
-2683
-3448
-3812
-3782
-3113
-1858
-928
-1117
-1645
-1345
-540
124
731
1496
2217
2434
2537
3145
3786
3910
3819
3978
4477
4876
4793
4383
3880
3514
3774
4416
4194
3001
1718
1009
876
673
170
-480
-1317
-2203
-2669
-2394
-2185
-2741
-3648
-4233
-4060
-3513
-3213
-3354
-3840
-4207
-3896
-3090
-2413
-2293
-2584
-2488
-1968
-1381
-710
-328
-311
-517
-581
-66
675
1137
1066
656
475
582
1042
1737
1939
1545
803
363
687
1278
1474
1317
918
303
155
447
698
820
297
36
466
1023
2422
3476
2804
832
-339
931
3402
4189
2540
613
-417
-267
851
2185
2362
241
-2571
-3382
-1855
172
890
-416
-2999
-5044
-5002
-2946
-1188
-1658
-3430
-4680
-4675
-3655
-2145
-910
-918
-2008
-2515
-1675
-424
492
952
1320
1664
1797
2389
3447
4003
3877
3590
3634
4163
4613
4636
4381
3745
3352
3489
3735
3622
2723
1883
1268
562
-7
-377
-734
-1293
-2061
-2609
-2749
-2884
-3147
-3516
-3589
-3523
-3706
-3807
-3773
-3656
-3390
-3161
-2891
-2575
-2484
-2444
-2110
-1426
-680
-328
-370
-469
-357
166
869
1271
1236
856
534
788
1341
1744
1916
1573
1015
705
692
946
1232
1303
1040
586
110
54
511
780
679
137
-112
236
1203
2854
3474
2268
328
-218
1495
3576
3719
2012
293
-527
-131
1170
2202
1608
-740
-2881
-2999
-1435
177
533
-1005
-3557
-5226
-4687
-2438
-1091
-1884
-3624
-4823
-4703
-3354
-1520
-527
-1181
-2429
-2466
-1249
119
811
987
1146
1355
1854
2889
3900
4030
3532
3192
3570
4387
4930
4773
4109
3325
3008
3369
3662
3828
3175
1962
882
-69
-259
50
-30
-851
-2147
-3190
-3353
-2931
-2586
-2746
-3178
-3729
-4386
-4407
-3708
-2829
-2398
-2828
-3411
-3421
-2860
-1957
-1183
-822
-967
-1311
-1047
-273
377
695
808
772
679
671
824
1219
1441
1437
1561
1510
1097
693
657
947
1128
1105
939
649
316
146
321
597
501
30
164
725
1928
3298
2898
1037
-379
297
2672
4064
2812
720
-512
-573
603
2003
2457
897
-2053
-3574
-2424
-175
1306
572
-2133
-4722
-5392
-3490
-1032
-731
-2374
-4150
-4848
-4092
-2467
-747
-319
-1544
-2645
-2233
-784
543
1166
1292
1214
1083
1618
2995
3950
3795
3131
2859
3446
4193
4451
4249
3508
2814
2748
3125
3158
2913
2704
2026
1059
-225
-856
-362
34
-576
-1781
-2786
-3330
-3264
-2820
-2354
-2412
-3234
-4293
-4551
-3675
-2476
-1860
-2192
-3046
-3507
-3092
-1890
-726
-387
-766
-1318
-1366
-619
407
1160
1282
747
227
286
931
1531
1690
1646
1379
1011
842
920
1177
1316
988
738
831
766
590
512
426
557
399
-85
163
869
2390
3574
2592
460
-664
608
3048
3868
2276
297
-792
-618
744
2085
2148
69
-2789
-3634
-2081
-44
895
-222
-2845
-4909
-5125
-3166
-1157
-1351
-2863
-4263
-4632
-3703
-2079
-608
-516
-1804
-2506
-1656
-240
792
1139
1209
1314
1502
2176
3387
3942
3462
2895
2924
3790
4633
4660
4018
3101
2660
3047
3625
3404
2687
2471
1867
941
18
-570
-105
28
-904
-1964
-2716
-3065
-2863
-2482
-2164
-2459
-3561
-4387
-4246
-3194
-2020
-1693
-2408
-3418
-3696
-2839
-1244
-276
-547
-1408
-2032
-1635
-336
912
1350
746
-176
-425
208
1260
1874
1738
1304
799
600
859
1224
1469
1276
827
510
431
564
679
611
460
122
-35
261
763
1911
3093
2793
1135
-356
62
2306
3575
2572
764
-646
-860
188
1550
2149
711
-2127
-3559
-2544
-469
883
175
-2190
-4512
-5064
-3259
-1063
-843
-2410
-4050
-4492
-3526
-1825
-303
-161
-1461
-2426
-1784
-222
1060
1483
1441
1353
1301
1998
3346
4129
3861
3148
2815
3311
4105
4563
4428
3545
2668
2575
3105
3284
2890
2608
1979
1048
29
-598
-255
-49
-685
-1648
-2516
-3123
-3158
-2773
-2322
-2346
-3196
-4214
-4493
-3818
-2717
-1937
-2106
-3051
-3713
-3480
-2327
-1042
-657
-990
-1674
-2044
-1469
-288
743
984
392
-273
-321
315
1164
1721
1835
1302
744
606
942
1569
1781
1488
1003
631
627
1104
1331
1116
517
70
475
1334
2805
3849
3100
905
-676
401
3170
4342
2825
436
-1094
-976
452
2136
2638
684
-2702
-4346
-3001
-278
1471
508
-2623
-5483
-5959
-3584
-781
-433
-2281
-4478
-5392
-4282
-1936
93
232
-1494
-2818
-2210
-461
1080
1733
1637
1245
1103
1888
3385
4230
3828
3059
2861
3362
4022
4310
4048
3299
2562
2621
3036
3185
2968
2281
1617
747
-69
-131
47
-241
-1103
-2023
-2434
-2523
-2541
-2450
-2474
-2677
-3236
-3752
-3670
-3194
-2590
-2228
-2413
-2826
-3050
-2763
-1990
-1275
-973
-1144
-1437
-1446
-1042
-357
218
462
342
57
-57
167
686
1259
1508
1357
989
764
1006
1393
1605
1534
1190
830
709
832
1195
1297
851
608
823
1657
3078
3714
2841
856
-314
1010
3279
3849
2196
-30
-1232
-842
493
1746
1680
-407
-3160
-4187
-2767
-377
790
-537
-3496
-5769
-5562
-3170
-1023
-1121
-2939
-4749
-5109
-3643
-1252
336
-175
-1954
-2654
-1481
418
1744
2080
1857
1444
1441
2553
4113
4748
4151
3214
3010
3630
4321
4640
4351
3395
2591
2591
3216
3538
2949
1900
852
84
-184
-7
25
-643
-1733
-2462
-2533
-2436
-2480
-2620
-2758
-3037
-3340
-3349
-3237
-3164
-3054
-2774
-2471
-2522
-2749
-2681
-2226
-1674
-1225
-917
-867
-1146
-1357
-933
-79
541
577
197
-257
-336
160
1045
1797
1679
885
232
358
1053
1796
2046
1512
678
190
663
1460
1977
1988
1997
2573
3082
2920
2015
1278
1560
2573
3073
2535
1204
-148
-523
121
1160
1383
23
-2054
-3298
-2915
-1431
-227
-564
-2554
-4784
-5436
-4035
-2134
-1494
-2481
-4007
-4842
-4287
-2438
-657
-292
-1326
-2183
-1755
-391
952
1677
1796
1662
1816
2635
3655
4131
3964
3637
3746
4163
4454
4455
3965
3341
3058
3203
3759
3640
2720
1682
782
442
431
276
-146
-978
-1912
-2300
-2150
-1892
-2100
-2752
-3233
-3429
-3247
-2723
-2386
-2606
-3367
-3909
-3464
-2360
-1604
-1677
-2291
-2759
-2483
-1542
-489
-77
-619
-1368
-1445
-691
419
1035
809
67
-611
-374
720
1670
1739
924
232
100
607
1429
1913
1668
873
178
296
1517
2756
3847
4298
3372
1581
462
1325
3574
4762
3440
1164
-376
-500
625
1967
2303
732
-2050
-3772
-3109
-992
489
-89
-2640
-5362
-6127
-4383
-1975
-1300
-2713
-4666
-5553
-4720
-2628
-701
-485
-1960
-3118
-2470
-572
1023
1538
1434
1194
1198
2113
3742
4851
4543
3439
3061
3894
5044
5512
4997
4016
3170
3042
3610
3856
3304
2270
1253
586
218
9
-143
-617
-1368
-1864
-1982
-2074
-2397
-2749
-2844
-2753
-2821
-2947
-2985
-3138
-3296
-3120
-2657
-2321
-2379
-2590
-2339
-1801
-1429
-1197
-1056
-1017
-1132
-1059
-600
-77
91
-62
-217
-146
45
213
449
422
179
111
337
629
703
637
589
564
510
479
888
1474
2231
3287
3809
3202
1756
990
2034
3786
4293
3138
1351
190
315
1428
2604
2499
518
-2051
-3150
-2101
-145
845
-269
-3061
-5545
-5777
-3794
-1640
-1365
-3000
-4891
-5644
-4739
-2526
-619
-562
-2069
-3235
-2709
-875
849
1656
1643
1138
949
1953
3682
4742
4573
3779
3556
4174
4961
5401
5101
4362
3720
3667
3962
3634
2775
1893
1188
774
317
-207
-679
-1390
-1974
-2071
-1994
-2197
-2804
-3320
-3344
-2959
-2547
-2509
-2906
-3609
-3970
-3392
-2326
-1575
-1631
-2327
-2850
-2596
-1573
-248
428
-131
-1234
-1724
-1150
27
916
926
312
-464
-868
-298
680
1132
835
49
-483
-348
121
609
842
425
-38
136
1071
2729
4027
3796
2053
305
503
2713
4549
4324
2534
608
-187
509
2301
3658
2736
-261
-2759
-2709
-544
1503
1425
-1019
-4272
-5927
-4714
-2088
-717
-1755
-4086
-5753
-5503
-3382
-957
-210
-1654
-3459
-3520
-1740
298
1320
1224
643
503
1422
3147
4330
4049
3139
2874
3739
5039
5712
5565
4674
3692
3532
4067
4451
4079
2941
1681
662
-68
-147
49
-268
-1299
-2449
-3060
-3097
-2945
-2808
-2727
-3036
-3688
-4032
-3784
-3279
-2920
-2897
-3021
-3011
-2837
-2298
-1546
-1213
-1284
-1333
-1057
-493
-51
181
278
220
121
230
638
985
867
532
225
120
409
705
811
574
0
-301
-133
98
317
575
1174
2278
2989
2384
920
100
976
2797
3667
2837
1186
-170
-361
870
2625
3271
1715
-1117
-2793
-1996
432
2294
1710
-1217
-4390
-5261
-3427
-999
-214
-1606
-3991
-5525
-5001
-2576
-273
-228
-2123
-3655
-3262
-1443
358
1210
971
174
-17
1284
3357
4322
3591
2422
2306
3544
5197
6045
5520
3960
2724
3026
4388
5264
4694
2982
1164
126
250
1105
1448
325
-1702
-3093
-3142
-2399
-1795
-1919
-2859
-4129
-4856
-4407
-3330
-2749
-3045
-3736
-4115
-3900
-3101
-1985
-1214
-1298
-1825
-2020
-1477
-443
486
904
679
75
-145
430
1303
1816
1695
1176
705
499
678
1172
1452
1212
599
3
-237
94
911
2210
3319
3086
1232
-811
-1046
944
3075
3218
1452
-820
-2072
-1497
602
2601
2436
-338
-3318
-3900
-1737
1309
2675
1041
-2562
-5320
-4779
-1632
878
671
-1734
-4259
-4951
-3199
-189
1592
498
-2060
-3291
-2234
-115
1452
1773
959
-161
-199
1454
3474
4102
3081
1852
1788
2955
4665
5689
5047
3185
1829
2184
3773
4809
4356
2793
933
-197
92
1373
2062
1073
-995
-2442
-2487
-1615
-794
-765
-1894
-3627
-4610
-4220
-3080
-2426
-2837
-3802
-4572
-4648
-3764
-2521
-1912
-2117
-2597
-2605
-2064
-1328
-571
12
125
-102
-130
347
945
1200
1276
1443
1582
1521
1343
1300
1438
1505
1454
1443
1453
1689
2614
3768
3932
2389
261
-388
836
2205
2327
1104
-751
-2229
-2458
-1115
576
569
-1496
-3780
-4439
-2991
-613
771
-173
-2911
-5012
-4482
-1985
107
342
-1027
-2759
-3487
-2209
377
2058
1459
-315
-1125
-238
1310
2435
2718
2074
1186
1247
2520
3756
3638
2413
1627
2058
3173
4084
4104
3026
1548
939
1774
3147
3591
2668
1126
-81
-383
270
1209
1311
242
-1120
-1722
-1409
-794
-443
-591
-1339
-2394
-2995
-2812
-2340
-2248
-2659
-3205
-3544
-3616
-3401
-3000
-2800
-2916
-2971
-2716
-2319
-2045
-1868
-1552
-1116
-829
-604
-247
61
262
591
1130
1560
1590
1375
1408
1668
1911
2274
2895
3628
4373
4904
4622
3299
1819
1617
2750
3565
2859
1101
-718
-1895
-1876
-671
438
-332
-2975
-5349
-5588
-3839
-1636
-738
-2145
-5049
-6959
-5969
-2987
-679
-535
-1983
-3626
-4108
-2533
429
2501
2123
365
-456
448
2085
3425
4053
3762
2954
2689
3501
4513
4501
3579
2869
2913
3403
3815
3621
2612
1307
709
1226
2034
2128
1392
332
-546
-810
-297
513
702
-3
-872
-1149
-902
-614
-501
-586
-948
-1491
-1835
-1808
-1715
-1881
-2177
-2341
-2382
-2426
-2487
-2587
-2764
-2906
-2790
-2400
-2092
-2191
-2490
-2567
-2267
-1725
-1222
-996
-1045
-1145
-942
-287
493
964
944
577
381
890
2139
3766
5259
5930
5173
3230
1722
2280
4396
5722
4797
2341
-19
-1154
-681
894
1902
675
-2442
-5086
-5361
-3518
-1336
-707
-2510
-5652
-7562
-6618
-3920
-1976
-2020
-3343
-4620
-4764
-3163
-610
891
382
-775
-696
739
2238
3002
3207
3093
3063
3770
5064
5749
5052
3711
3206
3966
5092
5534
4707
2878
1240
1012
2176
3337
3099
1567
-181
-1166
-995
26
1006
938
-362
-1776
-2058
-1190
-144
142
-489
-1552
-2313
-2222
-1444
-903
-1301
-2329
-3067
-2951
-2300
-1799
-1897
-2547
-3247
-3333
-2703
-1947
-1780
-2279
-2833
-2912
-2478
-1752
-1155
-1019
-1288
-1645
-1536
-868
-157
189
129
-11
339
1385
3233
5290
5910
4283
1875
1201
3104
5471
5948
4416
1956
-102
-484
1098
3131
3155
480
-2735
-4133
-3108
-633
1151
210
-3340
-6614
-6681
-4049
-1729
-1404
-2638
-4367
-5436
-4586
-1818
494
135
-1839
-2647
-1449
431
1773
2414
2262
1542
1504
3002
4876
5282
4005
2651
2541
3589
4897
5324
4236
2264
993
1435
2869
3691
3152
1592
-65
-873
-338
1067
1963
1302
-413
-1697
-1656
-720
87
136
-629
-1753
-2501
-2342
-1565
-1079
-1446
-2254
-2760
-2693
-2308
-2012
-2083
-2505
-2918
-2889
-2344
-1871
-1945
-2368
-2621
-2387
-1813
-1285
-984
-1038
-1353
-1390
-906
-210
140
-19
-159
166
1052
2698
4593
5232
3644
1080
367
2409
4910
5413
3712
1168
-714
-949
762
3008
3224
700
-2489
-3922
-2851
-293
1780
1322
-2058
-5611
-5922
-3100
-349
85
-1351
-3228
-4501
-4051
-1546
1000
1082
-986
-2543
-2057
-422
1077
1963
1898
1012
555
1603
3275
3673
2552
1460
1533
2512
3537
3828
2910
1187
138
832
2490
3370
2744
1263
-37
-489
166
1571
2547
2071
553
-560
-397
539
1166
1021
285
-650
-1288
-1248
-723
-470
-1027
-1958
-2393
-2100
-1628
-1559
-1987
-2648
-3140
-3045
-2334
-1708
-1867
-2628
-3128
-2831
-2021
-1302
-1058
-1368
-1876
-1913
-1174
-149
363
154
-282
-407
182
1819
4098
5409
4239
1305
-557
565
3453
5273
4469
1716
-1064
-2034
-561
1985
3033
1365
-1655
-3743
-3675
-1660
923
1875
-273
-4031
-5802
-4013
-864
645
-141
-1886
-3173
-3074
-1336
798
1385
180
-1034
-846
321
1359
1826
1678
1052
815
1805
3269
3446
1908
259
176
1601
3172
3558
2263
121
-1090
-322
1565
2718
2231
759
-576
-1064
-465
860
1975
2018
1018
-79
-311
441
1434
1787
1290
501
28
-30
72
94
-72
-422
-795
-985
-1097
-1402
-1870
-2183
-2221
-2168
-2182
-2296
-2618
-3147
-3427
-3001
-2161
-1671
-1865
-2352
-2568
-2246
-1420
-436
92
-161
-745
-885
-334
550
1451
2361
3099
3127
2217
937
257
749
2099
3236
3023
1240
-876
-1553
-273
1636
2363
1270
-786
-2317
-2253
-673
1062
1295
-277
-2215
-2877
-1982
-548
283
59
-848
-1468
-1030
118
776
367
-341
-290
604
1553
1837
1335
502
151
824
2040
2570
1769
268
-747
-637
375
1533
1932
1085
-442
-1362
-939
333
1407
1648
1093
180
-461
-327
496
1361
1722
1510
958
427
258
576
1073
1258
1005
605
300
71
-144
-330
-465
-567
-665
-787
-1045
-1517
-2008
-2227
-2147
-2013
-2062
-2311
-2606
-2798
-2765
-2474
-2098
-1877
-1852
-1817
-1557
-1107
-723
-584
-601
-536
-175
459
1102
1421
1280
942
854
1209
1808
2267
2292
1838
1142
652
736
1296
1810
1805
1239
505
113
303
841
1155
871
202
-305
-326
16
365
366
-136
-876
-1244
-896
-226
36
-350
-929
-1076
-563
301
893
744
3
-606
-489
187
686
493
-232
-919
-1095
-677
-21
278
-152
-1024
-1579
-1323
-486
261
417
-26
-631
-822
-301
620
1252
1183
682
364
549
1067
1530
1662
1469
1189
1109
1301
1529
1498
1174
816
697
830
980
875
435
-178
-683
-855
-739
-623
-771
-1188
-1642
-1914
-1936
-1778
-1603
-1563
-1673
-1780
-1732
-1537
-1309
-1136
-1023
-932
-796
-539
-169
176
370
425
429
413
403
493
728
961
969
741
488
394
457
604
742
769
620
394
281
334
425
428
316
132
-38
-93
-15
63
11
-132
-238
-265
-261
-234
-165
-86
-42
-11
39
76
76
97
171
182
28
-188
-266
-173
-85
-152
-363
-605
-771
-804
-718
-603
-531
-482
-413
-357
-316
-194
82
424
654
708
649
593
669
956
1348
1581
1490
1203
1009
1092
1417
1750
1809
1473
966
666
710
893
927
698
267
-208
-499
-508
-424
-552
-914
-1252
-1392
-1413
-1456
-1528
-1570
-1575
-1541
-1453
-1347
-1298
-1318
-1309
-1185
-946
-671
-454
-375
-416
-468
-415
-253
-69
74
164
210
202
139
85
129
301
525
646
575
387
264
327
535
717
716
506
224
70
131
323
472
434
203
-71
-159
51
422
660
570
233
-56
-33
312
704
804
500
25
-240
-112
235
458
329
-98
-552
-750
-616
-355
-252
-393
-641
-808
-781
-553
-226
-4
-8
-135
-188
-91
82
269
466
624
653
547
429
449
676
1004
1207
1124
853
656
685
853
990
972
763
418
102
-42
-11
64
49
-121
-420
-725
-888
-876
-792
-744
-773
-895
-1079
-1210
-1178
-1029
-899
-828
-755
-677
-630
-591
-550
-566
-637
-613
-404
-156
-81
-178
-292
-313
-196
63
371
551
514
359
247
256
393
613
789
785
615
443
414
501
599
622
517
299
87
41
192
411
528
460
264
83
49
176
344
386
243
0
-185
-218
-142
-79
-115
-247
-425
-578
-636
-595
-521
-485
-489
-518
-568
-601
-525
-326
-138
-116
-236
-328
-252
-17
248
384
318
124
-6
96
406
694
736
545
355
369
571
798
917
883
728
538
411
386
413
432
392
274
106
-25
-43
-3
-30
-152
-279
-334
-340
-335
-326
-336
-377
-406
-380
-323
-296
-309
-359
-465
-594
-636
-541
-405
-353
-400
-485
-555
-549
-410
-187
-27
-34
-144
-208
-144
30
223
345
347
271
219
268
403
522
524
379
174
49
101
276
399
346
154
-10
-22
102
239
260
125
-86
-222
-213
-119
-56
-81
-197
-364
-495
-487
-349
-236
-276
-416
-491
-440
-347
-287
-255
-214
-188
-193
-180
-108
-13
52
87
133
176
166
119
118
197
307
390
427
429
430
472
568
690
771
774
714
635
583
590
645
670
611
476
332
237
206
219
224
163
29
-106
-162
-150
-133
-133
-149
-185
-246
-287
-278
-272
-341
-459
-548
-570
-539
-496
-498
-606
-789
-890
-799
-586
-442
-467
-603
-724
-722
-550
-280
-83
-58
-139
-184
-135
-23
89
162
168
135
138
202
260
252
229
255
330
401
432
436
406
337
299
332
386
384
311
240
201
180
175
171
123
24
-40
0
87
88
-23
-152
-207
-189
-143
-123
-153
-223
-279
-279
-248
-248
-265
-254
-205
-144
-106
-94
-110
-133
-104
10
163
258
248
154
64
84
226
408
497
427
249
99
99
248
400
413
272
89
-12
4
118
237
233
86
-96
-164
-71
82
163
99
-69
-205
-195
-72
22
18
-58
-153
-241
-266
-215
-151
-128
-147
-188
-244
-288
-264
-175
-107
-110
-149
-163
-145
-122
-101
-97
-113
-135
-134
-90
-29
1
-11
-45
-67
-28
67
161
195
173
150
160
189
205
212
226
247
261
243
198
145
106
91
87
82
81
72
24
-69
-154
-181
-158
-143
-191
-278
-339
-354
-338
-350
-395
-426
-416
-364
-301
-264
-250
-248
-232
-177
-76
48
149
192
197
218
290
394
484
516
497
484
496
515
505
461
407
364
345
351
355
325
246
140
71
80
147
206
191
101
-6
-59
-40
11
50
56
35
-3
-49
-81
-79
-35
33
80
72
5
-72
-101
-71
-29
-29
-93
-202
-310
-377
-403
-418
-455
-515
-587
-642
-668
-654
-607
-553
-514
-484
-448
-391
-307
-209
-108
-7
82
155
205
242
288
360
438
490
493
451
396
357
358
386
402
365
261
117
-6
-67
-59
-39
-76
-195
-365
-511
-567
-528
-446
-397
-418
-486
-536
-510
-399
-245
-109
-33
-13
-2
53
172
329
472
545
544
516
511
558
639
698
698
631
536
461
426
425
416
372
289
194
128
102
100
86
49
0
-34
-31
-1
24
28
13
5
21
57
95
113
112
112
131
159
173
151
96
40
12
14
8
-48
-173
-335
-482
-573
-609
-630
-683
-801
-953
-1080
-1138
-1108
-1031
-947
-896
-877
-858
-793
-666
-486
-299
-144
-33
47
133
248
388
517
605
650
669
692
730
776
807
801
760
695
629
580
545
506
434
320
176
44
-42
-79
-99
-142
-230
-334
-401
-390
-309
-213
-157
-160
-189
-182
-103
38
183
268
276
238
211
241
326
417
454
411
317
219
161
149
151
127
55
-48
-151
-231
-274
-283
-270
-258
-268
-303
-343
-361
-326
-232
-112
-22
6
-16
-35
4
115
263
380
423
388
332
303
330
389
434
421
340
221
103
16
-43
-96
-166
-259
-362
-463
-549
-622
-680
-725
-748
-745
-718
-681
-649
-630
-605
-551
-449
-304
-152
-37
30
68
118
211
338
467
553
573
544
510
498
518
543
536
480
384
281
204
162
140
106
46
-39
-124
-179
-191
-172
-152
-151
-174
-199
-205
-186
-148
-105
-71
-48
-33
-16
0
14
27
46
72
99
116
118
96
60
25
8
11
15
1
-37
-94
-144
-169
-162
-132
-106
-98
-104
-105
-81
-28
48
125
181
213
240
278
335
402
466
507
522
524
526
537
546
540
515
474
428
382
331
266
178
76
-23
-104
-168
-233
-324
-442
-567
-663
-709
-707
-689
-694
-738
-797
-828
-799
-711
-598
-509
-476
-480
-487
-446
-347
-223
-119
-74
-80
-97
-85
-31
46
102
113
87
56
51
76
114
135
128
108
97
115
157
201
228
235
242
270
318
368
399
410
407
410
429
458
476
460
415
367
340
336
340
321
262
180
107
69
62
56
27
-34
-106
-162
-183
-173
-152
-149
-171
-200
-213
-196
-153
-102
-64
-44
-33
-19
9
51
94
131
154
163
166
174
186
189
176
158
138
121
105
77
34
-25
-84
-126
-149
-163
-186
-230
-293
-360
-405
-416
-400
-374
-367
-391
-435
-475
-476
-429
-357
-299
-283
-306
-338
-340
-291
-211
-138
-105
-115
-134
-122
-72
0
57
78
67
55
73
121
177
206
201
180
167
186
229
277
307
305
289
278
289
326
372
403
408
395
377
374
376
378
367
337
306
267
232
194
143
91
31
-23
-68
-109
-147
-193
-237
-277
-305
-314
-316
-303
-287
-270
-253
-239
-221
-192
-148
-97
-50
-15
8
19
31
57
87
121
142
148
141
132
129
131
135
127
109
87
65
52
39
26
4
-24
-47
-63
-66
-75
-89
-112
-139
-148
-144
-128
-119
-124
-135
-148
-144
-121
-88
-67
-65
-80
-96
-96
-81
-58
-48
-61
-86
-108
-103
-87
-71
-73
-90
-109
-114
-94
-66
-39
-30
-36
-37
-23
8
48
81
105
119
130
142
161
182
201
219
233
242
239
227
210
192
183
181
176
162
129
82
32
-8
-27
-32
-40
-60
-92
-131
-163
-178
-173
-154
-137
-130
-136
-141
-137
-117
-84
-49
-16
7
26
42
62
88
118
143
162
173
177
179
180
181
180
176
165
145
119
95
74
57
40
21
-1
-25
-46
-60
-69
-77
-86
-97
-101
-98
-90
-81
-80
-87
-94
-94
-84
-71
-60
-64
-83
-109
-126
-130
-129
-127
-137
-159
-183
-204
-214
-216
-212
-210
-209
-204
-198
-193
-188
-181
-163
-133
-94
-59
-38
-30
-22
2
46
102
154
188
194
190
201
233
282
327
347
334
306
286
285
303
319
312
272
213
157
121
108
104
89
49
-13
-75
-120
-131
-118
-101
-103
-129
-166
-192
-187
-149
-96
-53
-35
-46
-60
-56
-22
35
90
123
124
103
81
78
97
130
151
145
110
61
20
0
1
6
1
-24
-65
-106
-134
-144
-142
-136
-133
-135
-146
-156
-160
-154
-137
-111
-88
-75
-74
-78
-78
-68
-48
-29
-18
-19
-30
-41
-45
-41
-42
-48
-59
-72
-83
-90
-93
-100
-110
-118
-125
-125
-120
-112
-101
-92
-83
-69
-48
-19
11
42
72
98
126
157
188
220
245
264
279
289
300
308
310
302
283
258
232
213
195
176
148
108
59
11
-23
-42
-52
-66
-93
-128
-163
-189
-198
-190
-173
-159
-159
-166
-168
-161
-139
-106
-72
-45
-29
-17
-5
10
29
51
76
94
103
103
98
90
86
86
88
89
82
64
37
10
-9
-18
-16
-14
-23
-42
-63
-78
-81
-69
-55
-43
-43
-48
-52
-49
-37
-24
-10
-5
-5
-9
-13
-15
-18
-20
-21
-27
-34
-45
-63
-84
-97
-103
-101
-101
-109
-127
-145
-156
-150
-134
-118
-107
-104
-104
-96
-79
-53
-23
4
21
34
51
73
95
120
141
157
170
176
181
183
188
192
195
192
178
161
141
126
115
102
91
74
50
23
1
-15
-22
-28
-34
-45
-55
-66
-74
-70
-64
-53
-43
-36
-34
-30
-25
-16
-2
12
24
28
31
29
29
32
35
38
38
35
25
12
-1
-10
-14
-15
-15
-21
-30
-42
-49
-52
-48
-43
-41
-44
-49
-47
-43
-38
-35
-36
-39
-40
-36
-30
-27
-26
-30
-36
-40
-41
-39
-36
-38
-46
-55
-65
-71
-73
-76
-77
-84
-91
-97
-101
-99
-96
-94
-89
-85
-81
-75
-64
-51
-35
-16
2
16
30
46
64
85
103
117
128
137
146
159
168
174
176
169
166
165
164
163
154
144
133
123
114
102
90
81
67
56
44
29
20
13
6
0
-10
-18
-25
-33
-38
-39
-40
-42
-42
-46
-47
-47
-48
-48
-47
-47
-46
-46
-48
-48
-50
-51
-49
-48
-49
-50
-53
-52
-53
-54
-53
-53
-52
-52
-54
-52
-50
-46
-42
-39
-36
-34
-30
-26
-21
-17
-12
-8
-6
-3
0
1
4
8
8
6
5
3
3
1
0
-2
-5
-8
-9
-10
-9
-8
-7
-6
-4
-1
3
7
12
16
17
21
27
32
37
41
42
44
48
50
51
50
49
47
48
51
52
52
49
45
43
43
43
42
38
34
31
29
26
26
23
18
16
11
7
7
2
-1
-6
-8
-10
-17
-22
-26
-29
-31
-34
-36
-39
-43
-45
-44
-43
-42
-42
-43
-44
-44
-46
-43
-41
-40
-42
-42
-41
-42
-40
-39
-39
-35
-33
-31
-26
-20
-18
-14
-12
-9
-5
-2
-1
1
3
3
3
3
1
1
-2
-4
-5
-3
-3
-5
-6
-7
-6
-5
-1
2
5
9
11
12
17
20
23
26
28
29
30
32
34
32
30
26
21
19
21
21
19
12
3
-1
1
7
12
12
8
2
-1
1
7
13
18
18
14
9
4
5
12
17
23
20
14
5
1
1
3
11
13
8
-2
-11
-12
-8
0
4
-1
-8
-20
-27
-24
-18
-13
-13
-19
-25
-30
-28
-23
-18
-17
-18
-17
-18
-15
-11
-6
-1
3
6
7
7
9
12
18
20
19
17
11
8
6
6
6
3
0
-8
-16
-18
-19
-19
-17
-19
-21
-22
-22
-22
-23
-22
-16
-10
-4
0
2
3
5
7
12
19
25
26
24
21
19
21
23
26
24
21
18
12
7
6
5
6
5
0
-7
-13
-17
-19
-15
-14
-13
-14
-16
-19
-18
-13
-6
1
6
7
9
9
14
19
24
27
27
28
27
25
24
24
23
18
15
12
7
3
-2
-8
-13
-16
-17
-18
-17
-17
-16
-18
-19
-16
-14
-10
-6
-3
0
-1
-1
3
6
10
13
13
9
8
4
3
4
3
0
-6
-11
-14
-15
-14
-14
-18
-22
-26
-30
-31
-28
-27
-26
-27
-30
-30
-29
-27
-23
-18
-15
-11
-12
-10
-6
-3
4
15
23
25
26
30
34
39
47
50
58
58
51
46
47
56
64
53
43
35
27
17
13
15
18
16
16
14
5
-6
-8
4
21
24
17
11
9
12
22
45
57
43
17
14
35
51
45
33
27
12
-13
-29
-29
-30
-42
-57
-64
-72
-91
-105
-108
-104
-89
-80
-99
-118
-116
-103
-95
-87
-71
-82
-110
-105
-72
-46
-31
-20
-16
-32
-47
-38
-21
-3
18
43
46
42
50
71
86
64
31
22
14
-2
-17
-15
-22
-26
8
46
61
67
38
9
268
880
1143
268
-1177
-1731
-882
376
832
327
-459
-771
-397
301
728
729
468
34
-444
-575
-7
753
708
-394
-1496
-1488
-346
820
1022
321
-464
-447
312
1100
1126
339
-523
-780
-350
431
1012
938
239
-506
-525
46
752
1190
957
11
-981
-973
77
980
751
-300
-1241
-1367
-806
2
473
177
-584
-1254
-1337
-885
-210
387
438
-125
-746
-797
-178
500
692
449
76
-83
57
340
546
472
260
220
421
684
772
636
336
-29
-227
-119
183
413
307
-93
-491
-611
-390
-49
154
97
-179
-473
-571
-466
-276
-125
-83
-142
-227
-223
-107
24
48
-15
-83
-97
-28
115
249
237
85
-37
-9
99
187
237
249
155
-27
-146
-112
26
139
163
99
-2
-79
-90
-66
-32
8
25
-9
-62
-58
-10
35
50
46
50
96
160
170
116
48
4
-35
-36
41
143
166
90
-11
-61
-52
-2
25
-11
-73
-102
-95
-91
-101
-114
-99
-58
-8
38
71
62
6
-40
-17
52
103
119
80
-6
-97
-117
-50
32
63
19
-65
-124
-94
11
103
104
15
-79
-80
17
101
84
5
-72
-124
-115
-10
115
132
21
-105
-153
-98
22
107
72
-53
-159
-190
-167
-127
-98
-112
-158
-161
-81
22
45
-39
-156
-202
-130
15
132
138
30
-99
-124
4
186
282
245
118
4
0
138
321
389
257
29
-107
-45
160
344
366
224
47
-44
-38
13
54
52
-8
-98
-148
-110
-29
18
0
-67
-144
-167
-100
-3
29
-41
-132
-150
-91
-1
62
43
-41
-100
-61
35
86
64
3
-71
-119
-86
23
113
91
-29
-152
-196
-133
-27
39
21
-58
-126
-133
-80
4
73
85
29
-51
-91
-54
23
68
47
-9
-37
3
82
129
102
26
-21
2
67
128
147
111
24
-67
-97
-42
43
72
17
-74
-127
-102
-34
10
-8
-59
-89
-80
-52
-19
5
3
-20
-39
-23
20
67
95
88
54
31
40
59
60
48
48
60
68
71
80
75
42
4
-9
4
29
35
6
-41
-74
-71
-46
-32
-32
-42
-46
-28
-2
3
-12
-26
-23
-7
8
12
12
10
12
11
6
3
12
21
19
0
-21
-26
-9
6
-1
-13
-14
-9
-13
-24
-38
-49
-40
-10
18
19
-2
-20
-20
-7
13
30
35
21
1
-14
-16
5
40
62
50
18
-5
-6
0
7
14
15
5
-16
-33
-37
-37
-31
-27
-32
-42
-50
-49
-46
-48
-49
-47
-41
-37
-29
-20
-15
-14
-14
0
20
39
52
51
40
33
35
52
76
85
73
50
33
40
59
69
56
32
16
13
19
28
28
18
0
-15
-20
-11
8
19
8
-13
-27
-22
-5
7
2
-14
-29
-33
-20
-5
1
-6
-17
-23
-21
-11
-1
1
-11
-26
-32
-23
-7
1
-8
-29
-47
-41
-21
0
8
-1
-18
-29
-25
-9
1
0
-12
-19
-19
-15
-9
-3
-7
-12
-13
-5
6
16
18
12
-1
-13
-11
0
14
13
5
-6
-11
-6
4
7
4
0
-3
0
3
5
7
3
0
1
4
12
22
29
31
25
23
25
32
37
37
33
27
24
27
30
31
27
22
14
5
3
12
21
22
12
-2
-11
-11
-4
1
-1
-5
-7
-8
-10
-12
-13
-15
-16
-14
-12
-12
-13
-14
-17
-20
-21
-15
-13
-15
-18
-20
-23
-23
-19
-16
-16
-17
-19
-22
-18
-13
-11
-13
-15
-14
-12
-6
-1
-1
-4
-5
-5
-3
2
9
12
13
11
8
7
11
16
21
21
21
16
9
10
13
15
17
19
17
15
11
7
6
7
9
8
3
-1
-3
-4
-1
0
-4
-3
0
0
-3
-6
-5
0
2
0
-2
-3
3
2
0
-2
-1
4
7
6
5
4
3
4
1
1
2
5
4
0
-2
-5
-4
-2
-1
0
-3
-4
-5
-3
0
0
-2
-4
-5
-5
-5
-5
-7
-7
-7
-5
-6
-8
-10
-10
-9
-9
-7
-1
-1
-2
-7
-9
-3
2
4
2
-1
-1
-1
1
3
7
6
3
3
4
3
6
9
9
5
3
4
7
11
10
10
6
5
6
8
8
6
4
5
4
-1
-2
0
0
1
-2
-4
-2
-1
-3
-4
-5
-3
-3
-4
-3
-1
-2
-3
-4
-4
-4
-1
1
1
-4
-3
-4
-1
2
1
1
1
0
-2
-1
0
1
0
0
1
0
0
1
2
2
-1
-1
1
2
1
0
1
2
0
-1
0
2
3
3
2
0
-2
0
1
1
-1
-3
-1
0
-1
-2
