-4
-5
-1
0
2
4
2
-1
-4
-2
0
-1
-2
-1
0
6
8
5
6
4
2
5
0
0
0
1
0
-3
-4
-5
0
2
3
4
5
10
10
12
6
3
2
0
1
-1
-3
-3
-2
-1
-4
-6
-6
-8
-6
-4
3
1
1
2
-2
-1
-4
-6
-4
-3
-2
-2
-3
-3
-2
-3
-4
-5
-5
-5
1
4
4
2
0
-1
0
2
1
2
-1
-2
2
1
0
-2
-2
0
0
2
4
9
11
11
8
4
1
-2
-2
-1
-2
-2
-2
2
4
2
0
1
2
1
5
3
5
6
5
5
3
0
-1
-5
-6
-6
-6
-6
-5
-2
0
1
3
5
7
6
6
1
-2
-5
-8
-8
-6
-4
-4
-3
-1
0
0
-3
-4
-5
-4
-3
-3
-3
-5
-6
-6
-8
-9
-9
-4
-1
2
5
6
8
6
4
0
-2
-5
-6
-5
0
6
8
8
9
6
2
1
2
4
7
9
11
7
3
3
-1
-2
-3
-2
-1
1
1
3
7
7
6
7
11
9
9
7
7
5
5
4
0
3
2
4
3
1
0
-1
0
0
-1
-2
-3
-6
-8
-11
-12
-28
-37
-36
-38
-33
-41
-53
-49
-50
-47
-46
-59
-55
-48
-45
-42
-42
-34
-24
-17
-7
6
18
26
36
47
60
79
87
95
105
112
130
146
152
162
169
185
208
205
204
194
187
194
182
163
137
120
108
89
61
48
43
37
34
31
41
41
41
43
40
28
8
-9
-34
-62
-90
-111
-122
-140
-138
-109
-59
2
90
207
329
438
547
640
732
761
708
629
472
251
-33
-339
-672
-1045
-1414
-1750
-2027
-2279
-2462
-2552
-2544
-2481
-2360
-2150
-1882
-1589
-1305
-986
-655
-346
-86
173
432
643
809
956
1137
1278
1391
1489
1612
1710
1749
1794
1839
1866
1822
1755
1696
1621
1505
1381
1281
1180
1066
954
874
807
722
635
557
479
375
260
158
60
-47
-170
-269
-356
-444
-529
-596
-642
-695
-770
-833
-887
-942
-1007
-1071
-1125
-1183
-1235
-1255
-1225
-1186
-1132
-1069
-972
-877
-781
-675
-545
-427
-320
-199
-37
156
368
628
906
1186
1424
1660
1850
1963
1958
1847
1619
1254
775
229
-363
-1001
-1646
-2232
-2725
-3119
-3388
-3498
-3454
-3301
-3039
-2676
-2226
-1767
-1315
-875
-455
-95
203
467
716
922
1092
1270
1468
1668
1861
2078
2320
2553
2753
2945
3123
3248
3291
3272
3194
3022
2748
2410
2029
1587
1091
598
143
-280
-667
-968
-1166
-1278
-1332
-1295
-1172
-1003
-837
-659
-467
-315
-233
-199
-186
-242
-369
-533
-685
-863
-1067
-1248
-1372
-1470
-1560
-1599
-1571
-1522
-1470
-1390
-1273
-1150
-1047
-929
-793
-655
-547
-429
-321
-221
-161
-130
-109
-121
-140
-181
-173
-137
-33
138
413
782
1213
1687
2161
2632
2993
3238
3318
3227
2937
2424
1760
965
79
-868
-1786
-2612
-3318
-3872
-4233
-4354
-4307
-4086
-3722
-3227
-2658
-2091
-1501
-934
-417
17
391
716
971
1148
1281
1409
1503
1594
1689
1828
2000
2174
2409
2654
2916
3137
3311
3436
3456
3375
3171
2874
2463
1971
1418
852
293
-236
-683
-1058
-1316
-1479
-1521
-1459
-1330
-1140
-924
-688
-486
-318
-210
-164
-204
-307
-449
-635
-828
-1047
-1233
-1402
-1542
-1640
-1698
-1714
-1723
-1700
-1668
-1614
-1563
-1510
-1438
-1376
-1279
-1193
-1075
-939
-789
-605
-430
-238
-85
47
118
186
256
295
348
392
531
704
986
1354
1798
2223
2599
2977
3287
3505
3470
3287
2880
2267
1507
653
-206
-1156
-2118
-2967
-3599
-4050
-4297
-4332
-4176
-3872
-3502
-2941
-2279
-1649
-1089
-616
-136
248
534
802
1008
1129
1178
1258
1420
1576
1698
1875
2114
2351
2598
2841
3128
3304
3348
3363
3293
3143
2792
2347
1867
1307
709
134
-334
-735
-1080
-1325
-1361
-1272
-1117
-910
-652
-337
-101
75
219
292
244
69
-149
-374
-674
-1009
-1310
-1564
-1789
-2005
-2133
-2189
-2226
-2240
-2200
-2115
-2052
-2029
-1992
-1905
-1841
-1767
-1658
-1503
-1321
-1147
-881
-548
-268
-34
150
368
532
647
771
921
1060
1192
1477
1829
2284
2589
2944
3279
3504
3641
3547
3380
2929
2269
1481
670
-216
-1208
-2181
-3045
-3702
-4255
-4549
-4586
-4460
-4193
-3837
-3234
-2557
-1910
-1305
-717
-146
313
716
1115
1463
1648
1744
1870
2035
2174
2237
2368
2531
2673
2836
3038
3310
3436
3451
3404
3347
3157
2789
2361
1843
1277
597
14
-457
-901
-1280
-1564
-1598
-1529
-1397
-1169
-861
-547
-334
-133
36
111
0
-194
-408
-698
-1053
-1452
-1780
-2078
-2351
-2531
-2597
-2598
-2577
-2536
-2408
-2263
-2171
-2104
-2065
-2009
-1976
-1926
-1812
-1660
-1484
-1278
-973
-578
-191
183
527
911
1230
1500
1762
1993
2232
2365
2615
2901
3226
3464
3671
3925
4044
4050
3836
3565
3059
2312
1442
498
-458
-1571
-2634
-3536
-4266
-4851
-5248
-5298
-5140
-4846
-4442
-3815
-3071
-2378
-1712
-1048
-383
130
548
983
1390
1644
1766
1910
2096
2219
2276
2408
2593
2737
2848
3021
3294
3433
3446
3387
3315
3121
2724
2288
1768
1168
415
-258
-811
-1294
-1725
-2051
-2091
-2019
-1799
-1464
-996
-493
-122
241
555
775
785
626
417
108
-297
-764
-1173
-1546
-1928
-2254
-2451
-2524
-2570
-2583
-2504
-2374
-2264
-2202
-2103
-2010
-1954
-1947
-1878
-1730
-1585
-1371
-1108
-701
-288
112
535
942
1345
1619
1879
2099
2277
2388
2472
2684
2878
3127
3240
3405
3550
3559
3553
3311
3010
2417
1668
872
13
-892
-1899
-2826
-3679
-4326
-4836
-5074
-5064
-4984
-4705
-4314
-3693
-2987
-2348
-1658
-1020
-452
34
499
976
1362
1560
1709
1909
2073
2206
2321
2472
2626
2667
2742
2949
3131
3199
3150
3068
2957
2688
2271
1877
1386
752
116
-460
-847
-1214
-1528
-1606
-1527
-1341
-1064
-661
-159
297
632
947
1208
1271
1166
937
632
216
-326
-837
-1270
-1699
-2087
-2362
-2487
-2575
-2645
-2642
-2573
-2479
-2494
-2451
-2392
-2376
-2353
-2314
-2127
-1945
-1730
-1442
-1010
-501
-58
463
935
1375
1718
1957
2209
2352
2375
2374
2436
2502
2648
2732
2837
3026
3018
3097
3031
2822
2536
1909
1279
546
-332
-1196
-2121
-2998
-3727
-4387
-4833
-4989
-5062
-4898
-4629
-4229
-3619
-3047
-2394
-1715
-1068
-468
61
566
1072
1483
1770
2039
2269
2465
2564
2677
2804
2915
2959
2983
3131
3177
3183
3086
3001
2863
2527
2159
1708
1266
673
106
-338
-719
-998
-1247
-1215
-1058
-828
-514
-126
336
670
945
1151
1284
1189
942
641
249
-190
-756
-1236
-1648
-2085
-2391
-2611
-2680
-2716
-2799
-2739
-2657
-2597
-2606
-2588
-2594
-2593
-2616
-2583
-2323
-2191
-1866
-1476
-979
-276
167
838
1355
1802
2244
2411
2725
2734
2676
2600
2539
2544
2501
2456
2431
2513
2431
2498
2432
2233
1977
1342
881
242
-550
-1255
-2190
-2913
-3628
-4264
-4556
-4757
-4840
-4744
-4543
-4116
-3544
-3032
-2341
-1714
-1129
-472
88
777
1322
1724
2107
2385
2671
2844
2980
3077
3087
3058
3016
3046
3091
3033
2985
2865
2730
2558
2258
2024
1661
1221
770
294
-62
-416
-691
-820
-837
-758
-568
-253
127
518
809
1090
1248
1254
1122
867
562
105
-404
-926
-1417
-1865
-2269
-2539
-2718
-2862
-2972
-2989
-2963
-2912
-2895
-2912
-2913
-3022
-3054
-3074
-2989
-2844
-2643
-2288
-1863
-1243
-612
134
778
1376
1917
2297
2663
2784
2879
2818
2678
2622
2494
2559
2477
2471
2530
2549
2684
2601
2552
2330
1930
1456
872
234
-571
-1455
-2335
-3086
-3782
-4336
-4647
-4867
-4878
-4770
-4420
-3851
-3304
-2653
-1968
-1237
-526
160
843
1481
1947
2300
2635
2893
3058
3090
3030
3007
2895
2770
2707
2608
2616
2456
2368
2345
2249
2107
1792
1558
1278
856
445
90
-182
-481
-720
-756
-661
-613
-495
-222
53
297
416
575
675
561
402
200
-85
-425
-888
-1229
-1535
-1893
-2138
-2366
-2465
-2577
-2729
-2748
-2804
-2856
-2961
-3055
-3041
-3100
-3087
-2957
-2695
-2341
-1946
-1405
-691
6
670
1335
1925
2448
2762
2945
3101
3009
2852
2616
2434
2355
2212
2141
2149
2224
2324
2455
2522
2579
2415
2079
1680
1135
484
-360
-1293
-2207
-3124
-3940
-4571
-4984
-5258
-5378
-5280
-4954
-4417
-3844
-3133
-2380
-1600
-805
-38
753
1429
1952
2352
2676
2909
3000
2973
2874
2756
2583
2417
2325
2258
2220
2151
2174
2265
2293
2277
2200
2117
1964
1672
1401
1125
781
433
126
-37
-153
-294
-299
-226
-124
-24
58
204
251
193
121
11
-160
-439
-775
-1053
-1361
-1672
-1944
-2193
-2407
-2660
-2864
-2982
-3092
-3234
-3377
-3479
-3513
-3522
-3423
-3185
-2878
-2460
-1987
-1291
-527
221
1005
1603
2224
2620
2916
3155
3123
2970
2621
2274
1920
1696
1454
1424
1401
1370
1705
1905
2362
2586
2615
2746
2452
2180
1692
1014
206
-904
-1993
-2935
-3768
-4554
-5077
-5484
-5577
-5482
-5212
-4482
-3807
-2998
-2170
-1291
-255
535
1307
1943
2412
2709
2813
2938
2928
2756
2455
2250
2039
1855
1725
1660
1799
1751
1866
2045
2174
2329
2224
2228
2140
1858
1595
1274
984
652
290
71
-41
-214
-279
-259
-189
-82
-106
-29
16
-79
-172
-313
-435
-641
-965
-1188
-1401
-1647
-1906
-2162
-2369
-2628
-2929
-3133
-3293
-3478
-3682
-3807
-3777
-3635
-3452
-3073
-2573
-2005
-1296
-580
389
1197
1920
2514
2946
3308
3362
3335
3094
2731
2226
1717
1398
1138
1012
987
1038
1327
1627
2077
2540
2798
2972
2862
2635
2261
1631
849
-180
-1349
-2477
-3518
-4420
-5131
-5697
-5995
-6020
-5837
-5242
-4504
-3616
-2702
-1773
-704
262
1133
1904
2480
2890
3051
3124
3151
2988
2681
2330
2035
1783
1565
1402
1478
1488
1613
1752
1982
2277
2300
2410
2361
2287
2075
1696
1427
1004
607
191
-125
-350
-589
-708
-732
-621
-547
-421
-294
-156
-62
-61
-30
-107
-286
-532
-822
-1056
-1397
-1764
-2109
-2463
-2786
-3140
-3383
-3580
-3763
-3912
-3927
-3789
-3558
-3234
-2772
-2156
-1459
-722
117
962
1712
2312
2747
3124
3266
3250
3062
2723
2332
1784
1404
1148
1007
1060
1062
1358
1682
2115
2658
2974
3285
3225
2960
2546
1874
1074
11
-1231
-2468
-3649
-4720
-5508
-6103
-6414
-6447
-6312
-5718
-4967
-4059
-3016
-2014
-869
130
1029
1872
2495
2914
3118
3159
3164
2966
2634
2330
2018
1782
1605
1526
1659
1773
1908
2179
2422
2720
2830
2869
2925
2734
2457
2078
1647
1217
635
129
-257
-648
-970
-1165
-1182
-1044
-916
-741
-446
-247
-78
40
118
164
-38
-319
-580
-921
-1275
-1715
-2105
-2459
-2917
-3308
-3581
-3766
-3913
-4051
-4039
-3833
-3627
-3266
-2786
-2192
-1492
-875
-57
758
1468
2088
2515
2915
3075
3043
2926
2657
2247
1749
1308
1025
879
818
987
1232
1591
2030
2553
3118
3426
3576
3475
3173
2619
1805
892
-247
-1532
-2823
-3953
-4856
-5602
-6135
-6327
-6222
-5883
-5227
-4374
-3353
-2346
-1400
-330
608
1429
2064
2468
2775
2810
2747
2652
2433
2143
1782
1493
1349
1239
1213
1357
1541
1791
2021
2270
2610
2702
2725
2627
2427
2161
1637
1190
740
246
-220
-617
-820
-960
-1061
-993
-737
-506
-270
-39
213
439
455
484
406
172
-171
-602
-953
-1386
-1884
-2348
-2778
-3129
-3465
-3664
-3769
-3818
-3848
-3756
-3503
-3146
-2708
-2223
-1589
-956
-285
437
1153
1847
2305
2614
2865
2895
2900
2630
2369
2038
1585
1292
1056
1091
1209
1324
1609
2003
2474
2941
3234
3426
3377
2999
2451
1732
825
-267
-1639
-2881
-4031
-5038
-5800
-6363
-6557
-6531
-6279
-5625
-4761
-3758
-2744
-1761
-672
283
1104
1808
2325
2644
2744
2695
2701
2521
2232
1948
1686
1581
1447
1445
1622
1787
1951
2169
2458
2737
2821
2751
2707
2486
2117
1672
1183
782
236
-226
-484
-648
-695
-692
-524
-193
71
332
605
812
939
890
773
599
223
-231
-707
-1184
-1653
-2184
-2636
-3013
-3368
-3622
-3774
-3836
-3851
-3882
-3761
-3548
-3271
-2887
-2460
-1913
-1379
-776
-60
684
1370
1908
2356
2676
2882
2920
2910
2732
2393
2025
1643
1560
1431
1494
1612
1718
2057
2259
2720
2969
3040
2936
2498
2032
1264
439
-572
-1745
-2953
-4071
-4939
-5662
-6085
-6353
-6263
-6016
-5523
-4659
-3779
-2738
-1847
-874
110
884
1615
2137
2542
2739
2754
2772
2705
2521
2278
2082
1948
1882
1810
1851
1998
2093
2244
2351
2494
2540
2409
2261
2032
1722
1299
828
458
129
-185
-349
-393
-318
-173
18
386
704
940
1129
1213
1269
1115
853
558
112
-392
-938
-1435
-1861
-2337
-2751
-3045
-3312
-3499
-3637
-3694
-3663
-3701
-3653
-3497
-3302
-3005
-2692
-2232
-1697
-1177
-544
157
883
1499
2013
2422
2767
2903
2931
2888
2649
2377
1950
1741
1622
1556
1628
1634
1865
2042
2329
2553
2590
2496
2089
1630
952
232
-677
-1743
-2811
-3854
-4615
-5293
-5705
-5937
-5948
-5689
-5273
-4514
-3691
-2774
-1888
-999
-51
739
1502
2067
2520
2803
2918
3007
2957
2852
2656
2465
2316
2202
2149
2140
2192
2240
2337
2394
2429
2390
2225
2022
1705
1375
990
580
233
-54
-234
-300
-256
-104
124
397
738
1050
1271
1400
1388
1294
1055
714
303
-218
-777
-1332
-1821
-2250
-2627
-2954
-3177
-3353
-3461
-3503
-3520
-3514
-3541
-3527
-3482
-3362
-3193
-2952
-2620
-2211
-1645
-1035
-292
451
1177
1823
2316
2773
3051
3225
3174
3041
2800
2478
2250
2047
2041
1953
1942
2032
2157
2375
2376
2401
2204
1806
1267
573
-69
-981
-1982
-2982
-3885
-4623
-5267
-5604
-5698
-5620
-5398
-4917
-4195
-3375
-2552
-1701
-748
88
834
1491
2118
2600
2831
2993
3108
3159
3035
2874
2743
2605
2422
2261
2257
2266
2244
2187
2169
2118
1912
1655
1435
1209
837
396
37
-221
-437
-570
-464
-190
122
444
827
1218
1494
1674
1812
1825
1578
1153
685
153
-485
-1161
-1674
-2053
-2427
-2740
-2954
-3062
-3197
-3349
-3357
-3301
-3278
-3327
-3398
-3426
-3503
-3520
-3367
-3011
-2537
-1998
-1314
-541
257
950
1652
2333
2888
3297
3488
3607
3546
3312
3089
2876
2772
2617
2429
2362
2288
2290
2217
2089
1904
1507
1035
437
-196
-933
-1821
-2687
-3519
-4214
-4800
-5211
-5378
-5373
-5203
-4856
-4304
-3613
-2903
-2164
-1376
-572
182
863
1537
2113
2551
2876
3170
3463
3605
3621
3563
3493
3379
3199
3063
2938
2737
2421
2100
1820
1481
1038
577
191
-202
-594
-905
-1052
-1090
-1063
-833
-412
109
595
1078
1599
2013
2269
2362
2305
2023
1486
854
214
-466
-1169
-1811
-2289
-2681
-2975
-3099
-3072
-2976
-2934
-2825
-2700
-2648
-2762
-2961
-3088
-3244
-3385
-3473
-3370
-3116
-2783
-2313
-1675
-830
48
973
1830
2630
3341
3840
4191
4258
4200
4027
3818
3594
3350
3095
2827
2603
2379
2203
1918
1555
1086
512
-33
-654
-1261
-1974
-2761
-3488
-4121
-4558
-4840
-4974
-4950
-4761
-4467
-4012
-3526
-2957
-2361
-1770
-1112
-480
201
865
1480
2069
2549
2964
3346
3672
3916
4042
4074
4055
3934
3672
3347
2931
2479
1951
1385
882
328
-221
-741
-1152
-1415
-1608
-1626
-1472
-1148
-683
-97
575
1194
1746
2207
2565
2742
2710
2525
2147
1568
839
58
-673
-1368
-1970
-2382
-2599
-2655
-2626
-2525
-2349
-2187
-2129
-2139
-2214
-2353
-2586
-2946
-3282
-3615
-3876
-4001
-3983
-3701
-3254
-2556
-1620
-587
513
1565
2607
3543
4218
4672
4909
4939
4772
4473
4164
3854
3451
3020
2659
2347
2024
1581
1136
673
125
-411
-947
-1442
-2079
-2840
-3491
-4018
-4405
-4705
-4788
-4668
-4514
-4322
-3991
-3507
-3057
-2658
-2178
-1540
-881
-279
393
1131
1824
2388
2966
3599
4105
4407
4599
4768
4756
4545
4248
3919
3417
2656
1871
1156
414
-436
-1229
-1794
-2220
-2545
-2632
-2365
-1909
-1398
-762
79
995
1758
2418
2966
3304
3334
3108
2773
2235
1467
596
-206
-920
-1576
-2065
-2302
-2350
-2344
-2210
-1932
-1640
-1478
-1461
-1464
-1629
-2019
-2538
-3067
-3575
-4162
-4635
-4805
-4698
-4391
-3850
-2937
-1760
-538
652
1890
3089
4033
4714
5172
5459
5382
5007
4629
4226
3805
3213
2702
2353
1965
1624
1240
932
475
-172
-759
-1287
-1792
-2485
-3159
-3717
-4161
-4519
-4709
-4598
-4467
-4301
-4097
-3683
-3163
-2779
-2341
-1881
-1339
-849
-346
360
1079
1731
2302
2937
3647
4256
4719
5117
5348
5321
5081
4687
4226
3446
2437
1371
279
-732
-1771
-2585
-3162
-3556
-3665
-3453
-2810
-1959
-980
93
1243
2315
3158
3825
4184
4229
3865
3229
2484
1545
573
-372
-1130
-1681
-2066
-2164
-2012
-1696
-1334
-951
-604
-391
-415
-675
-1087
-1704
-2474
-3285
-4040
-4669
-5187
-5486
-5416
-5044
-4378
-3452
-2324
-1033
238
1481
2667
3647
4356
4788
4997
5124
5136
5013
4839
4465
4083
3666
3211
2785
2110
1359
466
-476
-1320
-2174
-2933
-3723
-4459
-5008
-5314
-5370
-5230
-4893
-4416
-3833
-3243
-2595
-1997
-1545
-1239
-1087
-919
-780
-575
-235
222
840
1546
2410
3354
4294
5126
5804
6301
6516
6483
6125
5506
4548
3303
1936
488
-879
-2180
-3248
-4013
-4462
-4544
-4284
-3619
-2692
-1584
-378
838
1971
2845
3433
3724
3693
3357
2783
2075
1325
563
-108
-593
-911
-1059
-1086
-987
-775
-573
-394
-329
-405
-646
-1061
-1555
-2169
-2812
-3473
-4047
-4440
-4695
-4701
-4548
-4207
-3737
-3156
-2429
-1638
-834
-10
781
1523
2155
2716
3273
3812
4409
4977
5583
5937
6158
6127
5861
5295
4232
3002
1445
-152
-1763
-3209
-4411
-5530
-6364
-6816
-6733
-6276
-5480
-4438
-3299
-2245
-1437
-713
-267
-152
-404
-840
-1201
-1542
-1675
-1500
-1000
-250
688
1906
3359
4758
5945
6841
7395
7534
7195
6460
5402
3941
2206
432
-1173
-2452
-3506
-4143
-4361
-4204
-3724
-2989
-1978
-955
-71
643
1238
1658
1813
1765
1591
1317
920
588
423
422
499
661
917
1172
1307
1295
1174
872
392
-268
-937
-1581
-2231
-2787
-3218
-3413
-3499
-3460
-3184
-2832
-2440
-2238
-1975
-1824
-1816
-1909
-2059
-1993
-2048
-1838
-1498
-932
-243
516
1651
2980
4370
5680
6730
7478
7777
7519
6896
5716
4090
2090
-57
-1963
-3696
-5119
-6186
-6830
-6992
-6716
-5892
-4675
-3320
-2167
-1225
-587
-265
-285
-599
-1069
-1722
-2343
-2672
-2545
-1955
-1004
226
1712
3222
4699
5974
6952
7393
7213
6545
5504
4268
2824
1440
136
-961
-1776
-2201
-2155
-1865
-1418
-932
-447
-58
147
193
80
-203
-589
-950
-1162
-1207
-1112
-843
-393
203
873
1559
2200
2634
2767
2556
2055
1374
507
-414
-1297
-2074
-2638
-2996
-3052
-2829
-2481
-2055
-1608
-1182
-840
-732
-814
-1064
-1499
-1971
-2472
-2834
-3129
-3273
-3133
-2713
-2004
-1261
-336
641
1741
2981
4119
5321
6004
6409
6412
6066
5526
4436
3222
1726
252
-1120
-2313
-3180
-3926
-4469
-4823
-4794
-4448
-3848
-3124
-2473
-1986
-1846
-1853
-1939
-2025
-2147
-2227
-2147
-1773
-1064
-15
1310
2608
3739
4563
5220
5586
5577
5120
4244
3240
2108
1201
488
15
-281
-501
-402
-109
298
600
700
612
323
-97
-514
-882
-1217
-1459
-1565
-1422
-1065
-520
138
777
1308
1649
1829
1831
1665
1320
801
199
-420
-944
-1319
-1606
-1774
-1880
-1836
-1648
-1407
-1146
-998
-948
-971
-1061
-1081
-1139
-1241
-1387
-1579
-1608
-1649
-1535
-1434
-1282
-1142
-1068
-894
-826
-557
-346
181
956
1847
2983
3780
4618
4980
5036
4737
3929
2942
1524
148
-1187
-2224
-3030
-3602
-3888
-3961
-3682
-3241
-2544
-1870
-1422
-1232
-1373
-1627
-1942
-2257
-2414
-2372
-2024
-1248
-87
1415
2977
4308
5257
5728
5723
5273
4390
3222
1888
551
-549
-1250
-1425
-1230
-761
-157
536
1185
1627
1830
1676
1189
431
-358
-944
-1279
-1373
-1215
-826
-228
456
1148
1751
2061
2050
1696
1179
561
-158
-820
-1414
-1789
-1995
-1988
-1778
-1485
-1277
-1171
-1166
-1262
-1365
-1604
-1737
-1857
-1898
-1770
-1518
-1137
-702
-387
-136
83
66
128
-65
-275
-541
-983
-1207
-1292
-1033
-342
545
1605
2699
3417
4001
4060
3708
3010
1768
549
-675
-1634
-2172
-2427
-2353
-2098
-1851
-1485
-1071
-791
-557
-671
-930
-1372
-2014
-2405
-2628
-2483
-2034
-1348
-249
1069
2420
3765
4744
5332
5338
4807
4073
3049
1920
773
-199
-824
-1094
-1054
-659
-222
132
362
428
448
210
-158
-551
-894
-1052
-963
-555
52
665
1162
1586
1851
1892
1697
1279
735
67
-538
-924
-1037
-1003
-917
-792
-703
-700
-864
-1070
-1395
-1842
-2345
-2728
-2824
-2748
-2461
-1982
-1340
-687
-119
364
743
843
644
334
-23
-233
-467
-420
-234
2
201
292
650
957
1424
1767
2105
2260
2017
1691
1166
707
-1
-749
-1344
-1721
-1776
-1694
-1367
-1152
-1135
-1353
-1530
-1508
-1485
-1425
-1430
-1376
-1377
-1334
-1094
-701
-303
-7
401
1001
1742
2513
3242
3849
4117
4031
3793
3480
3018
2322
1494
712
22
-552
-870
-1011
-1113
-1251
-1329
-1135
-846
-573
-369
-199
-23
145
467
948
1380
1576
1572
1531
1470
1289
1039
735
348
-73
-415
-483
-448
-507
-670
-911
-1150
-1461
-1769
-1974
-2206
-2461
-2640
-2609
-2292
-1918
-1507
-1046
-728
-484
-387
-309
-229
-353
-485
-571
-472
-208
174
546
880
942
869
952
1055
1477
1728
1955
2063
1824
1590
1108
572
-189
-1151
-1984
-2520
-2645
-2429
-2051
-1795
-1716
-1852
-1876
-1666
-1365
-1003
-785
-668
-567
-440
-125
260
525
701
835
1173
1726
2390
3078
3579
3809
3810
3712
3550
3240
2659
1909
1113
406
-49
-283
-374
-458
-631
-739
-757
-728
-671
-730
-793
-821
-697
-245
376
1003
1467
1652
1692
1567
1290
952
466
-61
-514
-810
-783
-638
-510
-509
-764
-1147
-1633
-2123
-2533
-2847
-3013
-2948
-2653
-2061
-1311
-624
-138
18
-20
-267
-570
-867
-1077
-1134
-1079
-787
-281
269
694
805
715
693
764
1186
1750
2281
2631
2515
2207
1683
998
178
-803
-1724
-2376
-2650
-2544
-2217
-2022
-2013
-2230
-2414
-2284
-1930
-1379
-926
-663
-471
-301
4
402
739
992
1149
1378
1872
2551
3265
3730
3808
3613
3225
2779
2342
1872
1409
963
673
713
949
1206
1252
1046
696
259
-150
-449
-625
-710
-643
-364
197
806
1191
1256
938
417
-196
-691
-939
-1011
-936
-738
-403
-19
266
244
-118
-850
-1756
-2586
-3165
-3350
-3279
-2957
-2509
-1968
-1392
-885
-480
-331
-346
-419
-401
-250
-95
66
142
81
-37
-175
-312
-446
-751
-904
-663
-101
946
1904
2729
3126
2748
2044
1017
-14
-972
-1836
-2282
-2175
-1699
-966
-283
-44
-207
-880
-1515
-1748
-1660
-1185
-688
-298
12
125
238
345
280
230
179
360
930
1760
2748
3483
3664
3378
2712
1877
1048
234
-274
-497
-378
157
870
1620
1997
1886
1421
850
427
289
421
787
1323
1813
2256
2411
2215
1616
586
-514
-1451
-1938
-1950
-1611
-1117
-659
-367
-342
-530
-961
-1535
-2160
-2704
-2957
-2893
-2533
-2050
-1639
-1392
-1313
-1342
-1352
-1279
-1062
-655
-186
421
927
1278
1412
1187
802
232
-412
-887
-1262
-1302
-855
-148
978
1897
2445
2537
1899
960
-260
-1421
-2312
-2834
-2933
-2552
-1897
-1259
-766
-847
-1189
-1648
-1905
-1502
-701
469
1547
2101
2155
1679
919
150
-521
-836
-653
-18
1074
2325
3375
3908
3674
2817
1548
277
-671
-1124
-1040
-596
101
824
1400
1599
1346
784
113
-274
-174
546
1691
2858
3769
4141
3971
3286
2221
1110
122
-511
-689
-466
27
446
532
175
-580
-1528
-2395
-2994
-3215
-3121
-2814
-2381
-2030
-1850
-1940
-2218
-2554
-2854
-2864
-2514
-1772
-821
63
737
1102
1084
838
472
109
-16
-171
-135
-86
-73
263
565
1179
1635
1717
1667
1241
861
289
-437
-1149
-1847
-2378
-2764
-2931
-2969
-2946
-3085
-3277
-3337
-3027
-2087
-741
764
1920
2459
2476
2081
1576
1169
951
1074
1448
2023
2778
3419
3771
3600
2855
1870
870
137
-175
-232
-89
43
8
-72
-314
-621
-935
-1233
-1277
-1003
-338
684
1758
2599
3068
3123
2935
2598
2167
1775
1427
1180
1049
1011
1026
987
769
380
-133
-660
-1043
-1297
-1456
-1645
-1928
-2225
-2475
-2656
-2737
-2771
-2778
-2729
-2665
-2415
-2055
-1664
-1266
-983
-631
-281
39
384
607
778
769
613
436
202
148
322
860
1591
2077
2146
1725
1111
442
-219
-856
-1436
-1812
-2003
-1992
-2037
-2273
-2715
-3331
-3801
-4030
-3791
-2929
-1698
-381
492
731
587
337
353
684
1213
1856
2543
3277
3945
4288
4119
3518
2706
1977
1496
1311
1369
1455
1389
1064
509
-176
-798
-1207
-1351
-1268
-1065
-708
-176
429
964
1258
1326
1331
1377
1543
1762
1876
1871
1714
1472
1225
939
692
462
272
157
32
-155
-433
-790
-1147
-1420
-1604
-1623
-1530
-1411
-1288
-1314
-1452
-1673
-1931
-2040
-2030
-1882
-1620
-1372
-1113
-927
-812
-715
-662
-615
-528
-458
-364
-213
10
425
870
1209
1307
1039
603
117
-220
-361
-447
-478
-535
-568
-626
-823
-1175
-1671
-2145
-2416
-2381
-1980
-1356
-723
-288
-215
-431
-714
-823
-576
-24
668
1362
1901
2240
2380
2304
2111
1834
1581
1493
1559
1773
1991
2079
2002
1717
1324
935
631
486
483
581
747
881
949
947
878
838
816
827
854
802
708
561
413
311
182
68
-31
-116
-146
-211
-319
-467
-694
-905
-1092
-1201
-1153
-996
-758
-563
-504
-518
-569
-618
-673
-776
-863
-898
-898
-919
-1083
-1373
-1708
-1934
-1937
-1807
-1615
-1454
-1318
-1164
-1064
-964
-831
-637
-389
-156
73
273
414
488
541
587
619
641
681
779
852
871
824
714
561
343
134
4
-29
8
61
106
98
33
-45
-64
1
83
111
86
47
20
20
28
41
37
9
-12
-13
13
87
227
455
733
968
1127
1213
1269
1347
1451
1551
1584
1514
1372
1205
1049
893
721
521
285
46
-153
-274
-317
-306
-265
-228
-242
-337
-439
-446
-339
-193
-130
-153
-201
-205
-138
-21
127
236
273
211
60
-139
-364
-583
-803
-1045
-1306
-1508
-1594
-1577
-1551
-1603
-1700
-1767
-1745
-1628
-1452
-1242
-1040
-832
-625
-410
-206
-74
-15
-10
29
175
433
756
1034
1200
1226
1189
1161
1151
1125
1009
806
581
423
357
324
254
93
-97
-230
-229
-122
-25
-45
-218
-450
-638
-723
-735
-740
-766
-811
-818
-716
-472
-132
195
426
565
688
867
1125
1417
1685
1878
1981
2018
1990
1871
1633
1300
938
613
345
125
-68
-229
-338
-414
-494
-601
-729
-812
-782
-609
-350
-113
12
2
-64
-95
-28
139
332
451
432
299
156
79
35
-68
-296
-620
-922
-1083
-1086
-1030
-1047
-1177
-1339
-1423
-1374
-1218
-1009
-807
-660
-601
-606
-619
-598
-560
-564
-628
-690
-641
-401
0
439
777
951
1002
1025
1087
1183
1231
1139
917
661
483
417
417
393
274
66
-163
-340
-462
-588
-754
-945
-1098
-1145
-1052
-855
-639
-474
-377
-327
-282
-202
-60
129
328
527
739
980
1242
1498
1716
1859
1911
1887
1812
1695
1531
1338
1147
962
774
579
391
203
-1
-229
-465
-673
-802
-812
-727
-631
-603
-651
-727
-770
-738
-617
-441
-269
-131
-31
36
65
50
5
-61
-144
-259
-408
-557
-669
-707
-703
-723
-817
-959
-1040
-966
-733
-433
-209
-142
-214
-320
-346
-279
-214
-240
-363
-484
-466
-268
25
264
333
257
154
162
326
557
729
759
664
552
508
540
581
531
359
131
-59
-145
-153
-180
-287
-472
-647
-705
-626
-460
-303
-236
-233
-207
-100
94
293
427
505
576
700
880
1045
1130
1101
989
892
871
927
993
990
901
768
620
465
297
113
-63
-224
-364
-464
-516
-542
-568
-627
-694
-729
-708
-612
-478
-348
-252
-229
-263
-301
-308
-263
-200
-157
-141
-134
-125
-122
-156
-241
-349
-460
-567
-661
-716
-680
-538
-329
-138
-34
-22
-57
-80
-47
35
133
202
222
205
176
156
154
169
194
213
217
194
144
73
-5
-86
-146
-149
-61
119
322
453
446
325
174
68
22
12
12
7
-4
-18
-45
-105
-211
-354
-474
-480
-319
-44
220
352
330
249
227
305
416
460
432
428
523
683
789
742
546
274
34
-79
-30
97
142
-6
-302
-561
-646
-602
-581
-671
-780
-731
-458
-66
263
393
310
124
-1
30
184
324
325
201
65
17
46
43
-66
-246
-408
-490
-491
-441
-376
-315
-269
-244
-198
-86
72
183
164
45
-34
25
182
318
356
331
322
352
390
392
348
258
125
-28
-164
-232
-240
-229
-237
-258
-264
-239
-191
-153
-143
-146
-137
-98
-31
32
48
1
-71
-117
-126
-125
-132
-142
-144
-145
-156
-171
-170
-146
-118
-90
-24
96
234
325
337
305
274
275
306
348
390
412
424
445
454
387
220
-5
-228
-414
-555
-654
-695
-650
-512
-336
-172
-40
65
160
257
351
423
473
544
668
813
893
820
564
228
-20
-100
-94
-143
-282
-432
-496
-451
-356
-303
-355
-478
-582
-574
-424
-209
-51
-9
-32
-31
57
249
476
592
499
267
61
-17
-1
26
-11
-138
-283
-338
-268
-164
-137
-213
-327
-386
-327
-162
16
101
65
-33
-91
-76
-54
-105
-202
-268
-270
-226
-155
-82
-46
-55
-66
-36
59
200
313
330
277
247
256
255
244
248
241
219
270
428
588
620
516
349
183
52
-26
-67
-128
-251
-408
-497
-474
-390
-310
-281
-312
-340
-247
-7
227
315
306
328
387
427
457
471
385
207
80
68
65
6
-75
-163
-287
-393
-395
-342
-342
-418
-506
-550
-514
-391
-249
-161
-100
1
163
346
504
570
487
315
176
109
77
43
-26
-150
-262
-275
-227
-190
-170
-140
-117
-104
-35
106
220
222
145
67
42
82
142
135
42
-72
-157
-205
-236
-276
-348
-424
-408
-254
-9
205
274
226
175
200
279
344
399
458
504
513
461
356
222
84
-33
-127
-202
-239
-220
-169
-144
-182
-279
-389
-420
-336
-202
-120
-110
-106
-68
-30
-24
-28
-22
10
88
190
244
216
181
159
103
8
-76
-119
-135
-121
-112
-162
-239
-240
-131
-30
-5
6
48
99
118
134
163
203
238
248
265
322
391
379
250
109
30
-6
-52
-110
-153
-184
-207
-250
-304
-322
-312
-315
-354
-335
-209
-44
78
131
180
232
269
270
221
155
74
-1
-83
-153
-192
-234
-290
-345
-340
-282
-207
-99
43
191
297
389
488
555
557
506
436
346
268
205
111
-30
-177
-259
-285
-277
-239
-216
-228
-250
-219
-148
-79
-41
-54
-112
-151
-102
-10
25
-21
-66
-33
35
80
69
24
-60
-215
-403
-549
-581
-514
-420
-346
-278
-165
-10
137
220
237
238
290
428
609
738
763
711
627
534
426
291
153
60
39
56
67
67
58
15
-80
-181
-256
-306
-334
-331
-293
-250
-232
-251
-267
-238
-168
-92
-41
11
93
185
234
227
179
118
70
25
-18
-85
-174
-259
-305
-294
-251
-180
-100
-11
71
120
170
208
230
212
165
132
94
49
7
-11
-33
-99
-192
-300
-364
-353
-255
-134
-82
-75
-50
13
39
27
39
57
89
143
239
331
363
345
271
161
11
-115
-182
-255
-361
-487
-520
-424
-318
-312
-365
-350
-261
-109
89
292
445
510
573
669
765
799
763
678
540
413
325
297
283
211
98
-31
-125
-195
-233
-236
-235
-260
-330
-369
-360
-344
-367
-446
-514
-513
-412
-275
-179
-143
-138
-140
-170
-204
-195
-136
-64
-42
-68
-90
-41
56
112
95
35
20
76
175
285
350
347
301
271
278
269
207
104
14
-45
-96
-146
-167
-124
-36
29
32
15
39
89
101
58
15
29
82
123
146
181
250
305
293
233
183
168
148
82
-12
-104
-177
-245
-325
-407
-482
-529
-545
-541
-535
-516
-439
-299
-156
-59
-2
72
169
247
277
286
303
319
314
304
313
334
339
322
294
264
222
167
121
77
9
-83
-150
-157
-149
-191
-280
-340
-309
-223
-175
-218
-302
-335
-286
-207
-155
-122
-80
-33
-5
-2
7
32
56
70
94
141
209
298
408
512
556
516
432
351
285
221
148
64
-32
-124
-180
-199
-202
-221
-248
-256
-246
-241
-255
-265
-233
-168
-109
-84
-74
-18
92
202
243
209
165
172
197
187
129
64
39
50
57
11
-99
-225
-308
-329
-318
-325
-346
-352
-339
-323
-311
-287
-248
-200
-144
-74
12
109
198
262
294
299
311
352
415
477
512
509
480
441
402
342
250
150
70
27
-2
-35
-89
-165
-247
-317
-372
-416
-449
-471
-466
-430
-374
-316
-260
-210
-172
-151
-140
-129
-98
-54
-6
55
135
243
355
439
479
481
457
418
375
329
277
228
197
186
174
135
69
-19
-124
-242
-350
-419
-437
-411
-356
-296
-236
-165
-80
6
63
83
86
108
156
212
251
272
273
253
221
184
142
81
6
-65
-127
-179
-219
-255
-296
-343
-389
-420
-426
-413
-394
-365
-328
-274
-206
-132
-63
-6
56
128
205
277
333
374
399
406
401
389
366
329
291
269
267
259
232
188
136
81
22
-45
-123
-204
-275
-325
-342
-336
-320
-298
-267
-228
-186
-145
-109
-88
-75
-63
-37
5
58
103
134
154
181
221
256
265
237
194
166
168
176
166
124
66
7
-42
-84
-129
-182
-245
-310
-355
-362
-331
-283
-244
-216
-178
-116
-41
29
89
139
183
228
285
361
429
461
442
387
325
259
187
106
18
-65
-138
-192
-220
-238
-266
-319
-379
-416
-416
-390
-351
-306
-249
-175
-86
10
97
161
197
207
203
198
182
146
94
44
16
14
28
58
95
128
148
154
146
123
86
46
12
-18
-51
-82
-107
-118
-118
-113
-106
-99
-95
-93
-87
-74
-53
-31
-9
13
37
56
71
85
103
122
136
145
157
170
174
154
119
80
43
9
-27
-59
-90
-126
-165
-203
-223
-229
-228
-217
-189
-146
-98
-60
-19
33
92
149
199
254
307
340
345
322
288
248
197
145
98
51
-3
-74
-140
-187
-223
-259
-305
-342
-350
-336
-313
-294
-281
-270
-250
-202
-120
-9
110
198
246
258
244
208
151
78
11
-36
-57
-59
-56
-62
-79
-99
-111
-105
-78
-38
-5
15
10
-9
-24
-24
-2
31
64
90
109
117
122
117
90
39
-3
16
103
200
242
211
146
116
151
232
312
343
315
260
224
212
189
113
-18
-146
-214
-213
-170
-153
-199
-302
-420
-493
-486
-416
-322
-245
-196
-156
-95
1
105
179
208
208
210
233
267
282
247
149
12
-108
-167
-162
-131
-126
-158
-200
-223
-224
-208
-194
-193
-201
-194
-153
-89
-25
25
66
114
170
223
258
268
254
228
196
160
118
63
7
-35
-52
-46
-39
-47
-66
-83
-89
-83
-59
-21
9
15
8
13
39
69
71
49
21
-4
-18
-15
2
14
10
-1
12
55
96
119
133
150
160
156
148
155
172
182
181
172
154
108
47
2
-29
-70
-138
-209
-253
-273
-284
-301
-324
-343
-350
-331
-272
-188
-103
-29
42
125
212
289
340
364
364
340
295
237
162
70
-28
-120
-198
-264
-321
-362
-383
-385
-373
-357
-334
-298
-244
-174
-100
-29
32
87
139
192
240
267
270
266
264
269
266
249
212
157
96
41
4
-21
-38
-52
-60
-55
-36
-14
-1
1
-4
-11
-7
8
21
21
3
-28
-61
-86
-104
-112
-108
-97
-77
-49
-10
37
88
136
178
211
242
266
280
285
273
239
193
142
95
54
7
-44
-104
-168
-227
-276
-312
-336
-352
-357
-351
-329
-296
-252
-202
-150
-97
-45
14
79
147
206
248
269
278
276
261
233
192
138
75
8
-56
-115
-168
-215
-256
-279
-281
-266
-238
-202
-157
-109
-62
-14
43
98
142
173
193
208
217
212
197
179
157
128
99
72
52
31
8
-9
-17
-18
-16
-8
8
26
38
46
55
63
66
57
43
26
0
-34
-74
-112
-147
-181
-208
-220
-214
-200
-177
-142
-99
-49
1
49
100
147
183
207
221
220
206
178
139
93
41
-14
-66
-113
-155
-186
-210
-225
-229
-224
-202
-171
-130
-82
-30
25
75
121
158
189
217
231
237
237
226
207
181
146
104
60
11
-38
-85
-125
-156
-178
-186
-184
-170
-148
-125
-98
-71
-45
-23
-8
7
17
23
29
30
28
24
17
6
-6
-15
-24
-33
-39
-43
-39
-27
-14
3
20
32
45
56
64
69
69
70
68
64
60
53
44
31
14
-7
-32
-58
-82
-101
-117
-126
-130
-125
-110
-87
-58
-23
15
55
89
120
141
153
156
153
146
133
115
98
73
43
7
-35
-80
-123
-158
-184
-193
-185
-159
-121
-76
-29
14
47
74
97
116
134
156
177
193
197
186
160
117
61
4
-52
-97
-128
-144
-147
-142
-131
-119
-109
-98
-84
-67
-51
-32
-15
1
12
15
10
-1
-11
-24
-32
-39
-45
-47
-48
-44
-38
-33
-27
-17
-9
-2
5
12
21
35
48
60
68
73
74
67
56
43
27
15
10
11
16
18
15
6
-6
-18
-31
-35
-28
-8
24
60
94
116
127
124
106
78
44
10
-14
-24
-24
-22
-26
-31
-44
-66
-93
-123
-144
-151
-147
-123
-88
-46
-4
30
55
65
68
63
60
65
75
87
103
111
111
100
76
40
-1
-42
-78
-103
-112
-107
-97
-87
-77
-69
-68
-66
-61
-52
-42
-30
-14
4
21
30
36
35
32
28
21
14
6
-1
-5
-7
-6
-5
0
7
15
26
37
41
40
40
37
30
24
18
16
16
13
12
11
7
3
-5
-16
-28
-38
-43
-43
-35
-18
1
23
41
59
74
80
81
77
72
63
51
41
27
12
-7
-27
-44
-62
-79
-91
-99
-101
-101
-97
-90
-80
-68
-55
-42
-28
-12
4
20
38
55
67
75
78
76
69
59
45
31
20
9
-3
-10
-17
-21
-25
-28
-31
-33
-32
-31
-28
-23
-17
-10
-5
0
3
6
9
11
12
11
10
10
7
2
0
-6
-12
-16
-18
-15
-10
-3
4
11
18
23
26
25
22
17
13
10
9
10
12
12
12
10
6
0
-5
-7
-7
-7
-4
-1
0
3
5
8
13
14
13
14
14
12
12
11
5
-1
-8
-14
-19
-24
-28
-30
-32
-33
-35
-38
-38
-39
-38
-37
-32
-24
-16
-7
3
13
18
23
28
32
35
35
35
36
35
33
29
24
19
14
10
6
2
-2
-2
-4
-7
-10
-12
-13
-18
-19
-20
-20
-17
-15
-14
-12
-7
-4
-1
3
6
5
3
2
-1
-3
-3
-2
0
2
3
7
7
7
7
3
1
0
0
0
2
2
-2
-3
-7
-8
-7
-7
-8
-5
-3
-1
0
2
6
8
11
11
11
12
12
11
11
10
10
8
3
1
1
0
-3
-7
-8
-12
-12
-13
-12
-12
-12
-13
-14
-12
-11
-9
-8
-5
-3
-1
2
4
6
12
13
13
14
12
14
17
17
17
15
14
12
9
8
6
5
4
4
2
0
-3
-7
-11
-11
-11
-12
-12
-14
-13
-11
-9
-9
-9
-9
-10
-10
-13
-13
-9
-8
-8
-7
-7
-7
-9
-7
-4
-2
1
1
-1
-2
1
2
4
3
4
3
2
2
-1
-3
-1
0
0
1
1
2
4
5
8
8
10
11
12
12
13
15
17
17
18
18
17
17
17
15
11
9
8
