9
10
11
7
8
9
6
8
13
17
16
17
17
16
17
20
25
26
20
18
16
17
19
20
20
12
9
7
7
8
5
3
0
-3
-6
-6
-11
-16
-18
-20
-20
-21
-24
-30
-35
-32
-23
-14
-15
-28
-32
-25
-17
-8
-6
-15
-27
-30
-21
-11
-12
-18
-22
-23
-18
-12
-1
-2
-14
-21
-14
-4
1
-3
-8
-9
-8
2
12
13
4
0
7
14
15
13
14
15
15
21
31
35
27
23
27
32
32
32
36
34
23
20
24
29
34
37
40
33
21
24
36
43
37
28
23
17
14
18
23
15
2
-2
-3
-3
-10
-17
-19
-25
-34
-36
-33
-39
-44
-44
-49
-55
-61
-57
-51
-53
-60
-63
-62
-51
-37
-25
-16
-24
-32
-33
-30
-17
-7
-10
-15
-20
-19
-9
-5
-1
-1
-2
4
14
21
32
26
10
5
11
23
28
22
15
16
29
51
77
90
80
98
123
140
171
165
162
151
124
167
205
201
178
114
79
85
112
171
168
94
30
4
35
74
71
38
-16
-73
-103
-90
-80
-106
-143
-190
-211
-195
-160
-122
-131
-162
-150
-129
-146
-193
-223
-188
-163
-199
-247
-266
-222
-181
-222
-274
-316
-381
-421
-341
-172
-144
-301
-393
-423
-462
-71
1159
2063
1179
-540
-851
597
1798
1592
938
300
-735
-1411
-416
1018
700
-785
-1342
-1063
-1305
-1501
-651
-92
-1299
-2767
-2498
-1431
-1400
-1839
-1516
-1200
-1746
-2023
-1127
-290
-535
-715
148
871
401
-111
575
1664
1976
1953
2388
2671
2113
1644
2285
3229
3247
2716
2600
2559
1944
1503
2045
2690
2300
1417
1045
818
129
-302
176
563
-158
-1229
-1517
-1331
-1392
-1398
-1008
-905
-1580
-2237
-2054
-1485
-1332
-1455
-1430
-1461
-1770
-1865
-1345
-730
-697
-1029
-1063
-749
-531
-454
-238
28
16
-168
-95
154
150
6
184
525
463
102
46
297
315
121
145
263
99
-81
105
316
170
-90
-170
-64
679
2127
2688
1143
-725
-200
1991
2854
1875
926
401
-467
-729
627
1781
695
-1130
-1343
-718
-847
-890
-93
-182
-1980
-3119
-2079
-915
-1395
-2105
-1790
-1684
-2391
-2347
-1096
-490
-1168
-1302
-234
258
-496
-696
542
1611
1477
1331
1975
2291
1749
1733
2886
3703
3201
2578
2793
2898
2289
2139
2914
3094
1934
923
1049
1138
402
-50
300
128
-1051
-1747
-1236
-852
-1405
-1852
-1603
-1590
-2137
-2239
-1669
-1555
-2177
-2382
-1765
-1392
-1745
-1923
-1446
-1070
-1216
-1203
-665
-328
-633
-878
-487
12
41
-32
235
452
261
162
535
817
530
191
345
642
580
421
543
598
215
-153
317
1769
2943
2325
287
-835
405
2375
2695
1476
334
-378
-909
-520
889
1440
7
-1614
-1702
-1199
-1169
-815
-120
-830
-2895
-3637
-2179
-985
-1439
-1951
-1706
-1959
-2661
-2114
-566
-135
-877
-762
256
265
-564
-100
1648
2463
1889
1677
2319
2467
2022
2434
3649
3977
3155
2706
3043
2996
2469
2708
3505
3189
1729
942
1292
1303
511
143
357
-195
-1500
-1913
-1200
-1005
-1846
-2376
-2133
-2199
-2779
-2818
-2267
-2311
-3006
-3087
-2383
-2107
-2511
-2535
-1931
-1617
-1804
-1652
-1003
-707
-936
-880
-339
-40
-204
-133
376
605
375
407
911
1090
678
475
845
1107
906
926
1357
1378
793
430
618
917
1698
3308
3927
1747
-1108
-678
2538
4039
2297
294
-224
-617
-994
224
1970
1211
-1525
-2671
-1586
-766
-808
-416
-380
-2195
-4061
-3290
-1199
-941
-2174
-2575
-2344
-2799
-2948
-1560
-248
-734
-1548
-879
-6
-476
-822
557
2158
2066
1342
1763
2532
2328
2175
3257
4269
3747
2841
3089
3576
3049
2567
3254
3747
2664
1297
1231
1526
882
184
351
221
-1005
-1853
-1326
-883
-1639
-2359
-2076
-1940
-2699
-3151
-2623
-2294
-2792
-3106
-2781
-2717
-3039
-2708
-1741
-1415
-1923
-2052
-1394
-833
-721
-455
30
81
-247
-115
609
1073
918
775
983
1077
853
832
1194
1389
1209
1157
1364
1288
790
402
564
1580
3373
4293
2416
-968
-1652
1525
4296
3258
521
-786
-1154
-1543
-510
1884
2134
-946
-3489
-2811
-1138
-617
-274
-16
-1729
-4509
-4688
-2073
-526
-1452
-2434
-2540
-3138
-3676
-2313
-218
-133
-1418
-1422
-488
-666
-1134
214
2282
2432
1225
1211
2311
2620
2448
3356
4538
4118
2925
3090
4063
3881
3043
3339
4071
3337
1860
1652
2210
1699
595
508
761
-152
-1301
-1077
-442
-1114
-2254
-2185
-1663
-2216
-3121
-2969
-2436
-2765
-3277
-2971
-2684
-3217
-3434
-2423
-1455
-1770
-2365
-1946
-1206
-1141
-1123
-444
70
-314
-680
-138
546
510
390
825
1072
528
71
518
1167
1219
1044
1103
971
404
125
763
2099
3430
3710
2045
-515
-1062
1473
4113
3657
988
-968
-1381
-974
258
1868
1801
-657
-2940
-2740
-1096
-17
191
-410
-2247
-4221
-4044
-1890
-588
-1373
-2611
-3105
-3328
-3169
-1845
-255
-194
-1261
-1541
-860
-514
-375
702
2089
2137
1222
1244
2443
3275
3266
3436
3977
4030
3644
3756
4233
4086
3472
3443
3832
3494
2514
2058
2145
1710
776
379
445
-42
-936
-1143
-844
-1245
-2254
-2604
-2223
-2304
-3037
-3423
-3264
-3335
-3625
-3452
-3097
-3369
-3813
-3341
-2286
-1874
-2138
-2140
-1796
-1654
-1448
-641
179
118
-429
-440
94
518
829
1271
1424
908
353
548
1145
1357
1268
1337
1338
828
306
596
1371
1757
1981
2605
2705
1116
-742
-121
2577
3720
1776
-663
-1231
-688
-213
604
1482
674
-1676
-2798
-1510
63
159
-507
-1205
-2377
-3506
-3007
-1259
-593
-1634
-2667
-2783
-2649
-2309
-1155
16
-266
-1395
-1466
-452
166
309
1039
2025
1992
1396
1845
3074
3452
3038
3314
4219
4294
3565
3472
4017
3901
3280
3368
3773
3078
1669
1205
1590
1332
379
-137
-289
-932
-1662
-1588
-1311
-1877
-2755
-2923
-2818
-3263
-3741
-3496
-3125
-3441
-3967
-3950
-3637
-3445
-3052
-2383
-2132
-2477
-2542
-1816
-976
-646
-515
-254
-142
-239
-12
687
1207
1123
895
1032
1331
1441
1460
1543
1530
1327
1246
1492
1664
1372
949
895
1076
1153
1495
2507
3121
1920
-202
-580
1441
3181
2395
283
-878
-902
-639
27
1023
901
-927
-2529
-2196
-933
-374
-473
-925
-2284
-3992
-3967
-1926
-503
-1354
-2917
-3442
-3209
-2638
-1365
-106
-416
-1798
-1983
-647
268
186
519
1568
2015
1706
1973
2966
3463
3362
3760
4565
4598
3969
3886
4412
4475
3961
3722
3679
3050
2177
2013
2227
1649
342
-457
-475
-575
-1006
-1275
-1515
-2323
-3297
-3422
-2851
-2714
-3304
-3870
-4098
-4322
-4394
-3855
-3087
-2961
-3399
-3513
-3039
-2461
-1918
-1211
-683
-798
-1133
-858
-29
581
756
898
1005
831
747
1312
2118
2136
1374
915
1174
1477
1445
1459
1508
1052
428
628
1429
1464
933
1472
2750
2348
-93
-1427
340
2739
2631
556
-1107
-1586
-1227
1
1446
1324
-679
-2385
-2258
-1224
-410
126
-158
-2030
-4163
-3983
-1589
-20
-791
-2291
-3031
-3146
-2596
-1017
476
125
-1453
-1843
-628
345
484
1048
2214
2538
1764
1550
2631
3712
3948
4039
4306
4088
3463
3480
4198
4393
3769
3289
3149
2602
1837
1778
2062
1426
57
-633
-500
-658
-1286
-1639
-1851
-2620
-3485
-3447
-2886
-2980
-3703
-4136
-4155
-4203
-4115
-3588
-3137
-3269
-3497
-3203
-2657
-2279
-1844
-1186
-787
-884
-904
-448
99
404
696
1083
1161
891
915
1449
1856
1711
1452
1519
1634
1507
1390
1342
1045
703
909
1484
1773
2025
2593
2465
782
-711
295
2563
2784
704
-927
-990
-725
-408
677
1318
-258
-2590
-2716
-891
226
-98
-760
-1728
-3313
-3944
-2323
-357
-571
-2308
-3327
-3172
-2505
-1293
119
235
-1174
-2039
-1117
195
616
896
1724
2233
1940
1938
2822
3556
3530
3623
4221
4363
3716
3424
4010
4379
3858
3297
3263
3048
2312
1883
1984
1583
368
-488
-413
-392
-1043
-1641
-1816
-2288
-3173
-3450
-2923
-2799
-3591
-4290
-4268
-4126
-4151
-3810
-3249
-3338
-3894
-3713
-2646
-1866
-1853
-1847
-1477
-1185
-979
-341
453
576
166
171
791
1337
1557
1753
1789
1394
1070
1426
2040
2042
1566
1328
1221
839
698
1339
1973
1715
1468
2244
2774
1450
-354
77
2189
2766
994
-735
-990
-730
-503
311
1029
-5
-2138
-2828
-1527
-214
-112
-746
-1843
-3325
-3929
-2581
-737
-675
-2154
-3255
-3341
-2881
-1785
-241
238
-1040
-2213
-1499
70
734
860
1496
2086
1865
1796
2809
3797
3605
3230
3852
4551
4195
3623
3915
4298
3829
3298
3506
3530
2674
1992
2116
1875
632
-267
11
179
-683
-1539
-1647
-1931
-2803
-3125
-2550
-2450
-3424
-4219
-4061
-3755
-3807
-3655
-3295
-3489
-3972
-3612
-2503
-1927
-2174
-2254
-1815
-1436
-1168
-542
133
99
-332
-203
508
1052
1246
1415
1398
953
682
1183
1856
1821
1330
1087
985
732
838
1568
1974
1611
1591
2330
2318
793
-228
949
2517
1987
134
-790
-707
-697
-415
594
832
-818
-2535
-2209
-724
-93
-433
-1012
-2040
-3300
-3238
-1526
-308
-1019
-2333
-2707
-2385
-1787
-587
610
317
-1126
-1515
-232
1006
1300
1584
2174
2159
1703
2184
3505
3980
3338
3098
3680
3847
3315
3259
3804
3699
2831
2467
2762
2534
1673
1315
1475
953
-235
-788
-522
-539
-1118
-1538
-1813
-2540
-3254
-3039
-2412
-2613
-3521
-4029
-3918
-3744
-3486
-2977
-2850
-3480
-3853
-3026
-1770
-1399
-1799
-1973
-1705
-1334
-763
50
459
76
-347
15
818
1333
1508
1532
1311
918
911
1459
1948
1915
1569
1241
1035
1133
1629
2245
2732
2960
2532
1185
-90
353
2203
2976
1443
-763
-1700
-1355
-563
337
704
-459
-2534
-3346
-2149
-539
-92
-877
-2352
-3845
-4105
-2481
-549
-503
-2139
-3429
-3362
-2381
-954
406
613
-590
-1574
-895
665
1602
1914
2230
2301
1930
2045
3226
4376
4336
3642
3409
3607
3715
3855
4138
3989
3189
2546
2641
2870
2558
2022
1660
1113
207
-366
-202
-19
-516
-1318
-1796
-2086
-2469
-2633
-2377
-2310
-2945
-3815
-4132
-3837
-3383
-3034
-2978
-3429
-4044
-3947
-2893
-1748
-1388
-1720
-2168
-2358
-1985
-914
260
551
-95
-681
-522
197
1063
1799
1921
1148
207
241
1261
2180
2295
1745
1031
687
1041
1892
2657
3068
3115
2394
818
-221
673
2500
2857
1192
-766
-1681
-1659
-858
489
929
-735
-3090
-3612
-2127
-622
-290
-919
-2331
-4036
-4362
-2474
-305
-259
-1974
-3282
-3227
-2231
-647
887
1075
-245
-1219
-443
1125
2027
2375
2716
2711
2318
2533
3701
4608
4381
3817
3731
3731
3532
3674
4147
3972
2961
2270
2463
2657
2260
1810
1526
792
-343
-815
-345
-62
-681
-1553
-2057
-2443
-2792
-2649
-2141
-2222
-3198
-4151
-4277
-3803
-3240
-2810
-2824
-3523
-4308
-4119
-2868
-1658
-1414
-1970
-2625
-2803
-2174
-921
116
154
-562
-1045
-738
120
1021
1568
1499
873
288
416
1292
2163
2259
1625
1083
1276
1943
2648
3388
3901
3320
1552
285
1077
2833
3173
1718
53
-829
-1098
-699
387
894
-409
-2445
-3095
-2156
-1077
-706
-1038
-2212
-3820
-4265
-2760
-976
-874
-2108
-3088
-3189
-2481
-929
715
887
-507
-1364
-303
1423
2228
2356
2554
2560
2272
2644
3929
4739
4232
3494
3576
3856
3614
3417
3698
3656
2783
1986
2006
2202
1919
1538
1305
676
-394
-935
-565
-222
-645
-1442
-2094
-2609
-2823
-2406
-1836
-2089
-3148
-3965
-3983
-3581
-3121
-2671
-2615
-3270
-4008
-3833
-2759
-1771
-1485
-1722
-2153
-2469
-2195
-1195
-181
12
-499
-881
-666
-20
783
1416
1449
832
312
667
1586
2114
1978
1760
1877
2220
2856
3862
4446
3569
1788
1060
2145
3449
3208
1637
49
-837
-842
36
946
433
-1610
-3350
-3263
-1944
-938
-1005
-2126
-3837
-4914
-4195
-2292
-1229
-1927
-3252
-3855
-3476
-2258
-514
636
147
-1188
-1402
9
1630
2421
2719
2847
2617
2447
3187
4457
4910
4283
3721
3813
3932
3749
3696
3741
3285
2464
2125
2324
2249
1703
1275
1044
512
-206
-441
-246
-323
-809
-1232
-1496
-1876
-2172
-2015
-1754
-2021
-2681
-3114
-3202
-3204
-3065
-2692
-2535
-2945
-3408
-3246
-2647
-2249
-2123
-2030
-2079
-2333
-2294
-1632
-920
-820
-1050
-959
-625
-402
-116
420
745
506
278
661
1216
1329
1398
1946
2660
3195
3785
4293
3795
2334
1654
2692
3900
3524
1975
618
-184
-464
150
1170
891
-1131
-2936
-2913
-1857
-1217
-1278
-1977
-3500
-4972
-4688
-2742
-1424
-2050
-3415
-4007
-3687
-2689
-1065
278
74
-1169
-1475
-213
1300
2086
2514
2830
2719
2591
3312
4494
4826
4187
3735
3900
3955
3677
3612
3659
3166
2355
2103
2344
2199
1569
1154
1010
563
-75
-258
-69
-184
-628
-888
-1001
-1372
-1775
-1694
-1403
-1572
-2136
-2515
-2625
-2731
-2706
-2399
-2237
-2590
-3013
-2915
-2486
-2228
-2138
-2071
-2226
-2572
-2513
-1855
-1263
-1231
-1374
-1268
-1129
-1071
-731
-120
161
15
71
457
612
599
1197
2444
3481
3885
3901
3447
2434
1911
2911
4411
4334
2436
450
-369
-121
832
1876
1568
-731
-3176
-3407
-1660
-197
-352
-1795
-3803
-5352
-5008
-2717
-804
-1377
-3564
-4898
-4366
-2662
-717
509
53
-1614
-2320
-816
1502
2654
2563
2248
2123
2308
3220
4588
5079
4170
3150
3191
3749
3860
3606
3318
2710
1812
1512
2101
2540
2035
1175
702
423
86
103
555
681
61
-682
-942
-930
-900
-686
-436
-785
-1751
-2427
-2231
-1682
-1506
-1767
-2248
-2781
-3017
-2584
-1815
-1627
-2298
-3071
-3186
-2724
-2208
-1918
-1891
-2105
-2361
-2261
-1673
-995
-705
-849
-998
-801
-367
40
356
743
1262
1935
2999
4247
4664
3599
2074
1929
3323
4465
4055
2530
895
-194
-173
1031
2059
1163
-1303
-3067
-2866
-1543
-437
-343
-1763
-4251
-5762
-4603
-2003
-820
-1928
-3700
-4585
-4175
-2442
-54
1115
-82
-2034
-2164
-280
1714
2708
2985
2730
2057
1961
3241
4857
5087
3958
2948
2743
2880
3075
3353
3196
2188
1103
983
1612
1967
1714
1232
649
41
-40
639
1272
1035
230
-329
-437
-338
-39
323
180
-656
-1498
-1650
-1271
-953
-966
-1314
-1948
-2526
-2534
-2017
-1660
-1949
-2614
-3088
-3139
-2888
-2588
-2463
-2585
-2804
-2827
-2500
-1977
-1606
-1573
-1640
-1400
-922
-638
-568
-215
639
1722
2938
4113
4376
3116
1564
1792
3794
5280
4724
2743
555
-947
-762
1314
3144
2056
-1430
-3979
-3678
-1608
310
782
-1024
-4474
-6628
-5055
-1336
635
-641
-3327
-5142
-4919
-2353
1265
2939
1059
-2067
-2826
-643
2249
4053
4333
3113
1314
1011
3059
5381
5528
3814
2272
1805
2041
2698
3327
2829
1006
-458
-138
1110
1631
1186
458
-314
-937
-671
538
1388
974
32
-351
-173
122
549
989
796
-106
-799
-663
-190
-48
-222
-575
-1187
-1766
-1713
-1127
-895
-1484
-2390
-2972
-3119
-2922
-2515
-2340
-2788
-3517
-3748
-3193
-2345
-1825
-1819
-2137
-2296
-1890
-1109
-527
-350
-161
541
1919
3566
4478
3781
2061
1282
2519
4461
5070
3829
1644
-283
-779
683
2725
2727
2
-3000
-3722
-2239
-285
650
-347
-3164
-5726
-5426
-2457
6
-287
-2397
-4144
-4318
-2653
202
2224
1603
-734
-1903
-633
1671
3317
3850
3358
2266
1824
2987
4727
5093
3849
2514
2051
2125
2315
2460
2063
817
-406
-452
389
844
470
-166
-677
-1048
-988
-264
506
515
-55
-417
-330
-68
295
747
883
410
-226
-378
-68
247
343
178
-327
-970
-1198
-823
-428
-651
-1402
-2127
-2500
-2515
-2305
-2166
-2435
-3041
-3423
-3164
-2477
-1989
-2055
-2377
-2429
-2008
-1389
-949
-771
-651
-163
1190
3162
4385
3663
1720
750
1852
3825
4808
4072
1990
-347
-1274
147
2460
2857
533
-2353
-3459
-2531
-695
696
243
-2421
-5254
-5393
-2721
-165
-38
-1794
-3613
-4200
-2872
1
2335
2037
-201
-1555
-572
1598
3355
4146
3856
2717
1971
2843
4603
5264
4199
2635
1750
1617
1927
2339
2081
700
-865
-1242
-428
363
350
-272
-1098
-1773
-1742
-838
126
258
-305
-809
-905
-662
-101
586
802
271
-426
-600
-263
191
529
539
24
-710
-923
-402
138
13
-650
-1336
-1747
-1799
-1575
-1467
-1859
-2536
-2842
-2505
-1931
-1645
-1758
-2036
-2096
-1701
-1024
-563
-617
-811
-252
1598
3863
4610
2964
549
-28
1827
4171
4888
3426
587
-1911
-2094
365
2946
2620
-582
-3730
-4479
-2850
-260
1311
52
-3642
-6461
-5521
-1956
552
139
-2065
-4093
-4455
-2362
1147
3167
1974
-631
-1554
-65
2257
4024
4707
3996
2501
2040
3507
5283
5287
3712
2282
1780
1841
2161
2359
1614
-128
-1387
-980
220
579
-130
-1035
-1643
-1853
-1371
-334
239
-269
-1098
-1222
-712
-212
113
330
212
-277
-577
-310
119
203
36
-118
-312
-525
-447
-61
114
-279
-922
-1306
-1361
-1276
-1156
-1194
-1629
-2283
-2503
-1966
-1243
-1070
-1399
-1691
-1728
-1549
-1036
-264
196
208
789
2564
4071
3430
1317
300
1387
3083
3804
3253
1466
-1083
-2503
-1143
1552
2221
-127
-3124
-4398
-3667
-1685
309
321
-2515
-5781
-6003
-3093
-271
126
-1415
-3341
-4271
-2969
358
3042
2629
133
-1279
-283
1882
3851
4981
4643
2997
1937
3075
5231
5853
4452
2692
1778
1669
2144
2799
2479
595
-1374
-1490
-16
1074
717
-549
-1867
-2581
-2044
-432
712
143
-1379
-2112
-1510
-400
378
487
-155
-1124
-1481
-817
111
346
-118
-651
-883
-772
-357
94
100
-457
-1060
-1225
-1037
-845
-862
-1160
-1678
-2041
-1845
-1280
-993
-1202
-1454
-1405
-1233
-1080
-739
-147
537
1499
2928
3940
3241
1299
350
1547
3460
4188
3358
1445
-917
-2272
-1154
1378
2138
-163
-3261
-4597
-3912
-2152
-327
-96
-2604
-5945
-6499
-3654
-634
-107
-1566
-3337
-4303
-3389
-316
2683
2724
257
-1360
-356
1895
3683
4610
4454
3193
2262
3280
5373
6007
4558
2874
2335
2539
2835
3024
2516
828
-919
-974
484
1446
810
-637
-1856
-2476
-2148
-796
408
38
-1536
-2487
-1951
-751
157
489
36
-1138
-2016
-1541
-217
430
-76
-868
-1240
-1217
-854
-185
197
-299
-1206
-1532
-1146
-743
-705
-885
-1222
-1673
-1813
-1388
-894
-852
-1042
-1029
-940
-983
-825
-84
1178
2706
3930
3781
1917
51
404
2736
4605
4444
2672
283
-1630
-1528
869
3008
2045
-1368
-4041
-4266
-2727
-659
534
-838
-4508
-7085
-5791
-2240
-190
-885
-2841
-4499
-4772
-2740
754
2707
1362
-1219
-1843
-40
2358
3877
4034
2863
1450
1674
3862
5776
5287
3085
1536
1764
3007
3995
3821
2153
-153
-1173
101
2233
2831
1251
-1021
-2306
-2049
-648
849
1091
-342
-2094
-2388
-1114
289
717
204
-751
-1579
-1635
-812
-12
-132
-875
-1279
-1092
-779
-647
-686
-902
-1182
-1164
-816
-684
-1099
-1595
-1576
-1157
-882
-983
-1295
-1594
-1659
-1277
-607
-264
-540
-694
425
2647
4076
3211
946
-386
337
2210
3794
4056
2407
-488
-2276
-1120
1714
3077
1662
-1078
-3195
-3602
-1997
466
1096
-1471
-4919
-5803
-3776
-1362
-473
-1219
-3003
-4553
-3971
-982
1793
1761
-335
-1740
-1149
704
2673
3756
3176
1510
815
2238
4319
4820
3436
1738
1123
1800
3066
3772
2980
988
-547
-204
1583
2922
2438
524
-1286
-1756
-755
794
1522
649
-1172
-2247
-1559
92
1061
635
-567
-1540
-1661
-878
147
329
-689
-1865
-1919
-923
-65
-123
-826
-1557
-1869
-1489
-652
-285
-1072
-2285
-2504
-1470
-375
-266
-1008
-1895
-2363
-1977
-727
496
744
441
792
1756
2016
1219
621
1027
1697
1906
1865
1560
496
-753
-653
820
1714
858
-718
-1672
-1769
-1037
352
998
-625
-3441
-4481
-2839
-691
-63
-838
-2161
-3409
-3414
-1305
1451
2188
597
-932
-759
422
1580
2565
3043
2445
1432
1523
2764
3519
2938
1978
1659
1842
2065
2210
1980
1012
-92
-108
1021
1877
1428
223
-695
-981
-707
49
778
618
-457
-1305
-1083
-278
187
151
-90
-520
-1067
-1216
-742
-244
-310
-640
-684
-575
-718
-970
-945
-752
-684
-654
-615
-954
-1744
-2210
-1715
-810
-495
-891
-1450
-1894
-2104
-1735
-759
263
1024
1716
2003
1025
-798
-1450
128
2420
3236
2043
-240
-2298
-2693
-721
2108
2992
1003
-1896
-3301
-2479
-117
2201
2371
-359
-3713
-4375
-1884
980
1659
51
-2293
-3561
-2516
379
2760
2574
429
-1187
-702
1316
3214
3667
2544
1087
912
2328
3876
3911
2345
658
405
1766
3375
3546
1817
-596
-1798
-811
1518
3050
2140
-691
-3077
-3068
-939
1259
1656
-38
-2439
-3530
-2352
-9
1318
533
-1411
-2710
-2431
-1035
242
349
-771
-2056
-2219
-1038
387
783
-59
-1197
-1511
-697
522
1038
306
-1114
-1969
-1468
-52
1001
777
-487
-1694
-1865
-932
316
1114
1388
1384
986
5
-986
-940
296
1594
1728
531
-1177
-2215
-1751
-104
1251
1074
-313
-1625
-2029
-1398
27
1351
1197
-730
-2710
-2773
-979
867
1258
75
-1649
-2391
-1265
868
2059
1508
378
15
434
991
1431
1734
1763
1643
1797
2211
2305
1851
1357
1343
1773
2349
2728
2462
1388
211
14
992
2119
2243
1171
-321
-1215
-977
59
887
715
-317
-1372
-1738
-1350
-670
-303
-579
-1313
-1969
-2143
-1849
-1405
-1176
-1336
-1710
-1893
-1673
-1275
-1070
-1135
-1237
-1139
-788
-373
-234
-536
-962
-986
-491
105
370
222
-168
-503
-450
17
488
647
687
903
1070
724
-71
-734
-769
-139
722
1033
256
-1156
-1914
-1245
203
1134
885
-194
-1209
-1307
-283
1052
1447
482
-933
-1521
-831
510
1425
1189
9
-1044
-924
338
1634
1888
1075
78
-250
212
950
1361
1250
909
772
956
1185
1171
989
943
1151
1430
1554
1456
1194
902
783
974
1331
1506
1312
887
507
360
448
619
645
408
49
-209
-339
-491
-729
-951
-1085
-1204
-1414
-1703
-1982
-2168
-2212
-2108
-1945
-1856
-1918
-2047
-2084
-1928
-1621
-1328
-1210
-1308
-1456
-1416
-1070
-562
-170
-75
-220
-387
-364
-57
435
844
888
519
20
-177
148
796
1272
1167
497
-275
-589
-226
542
1140
1109
448
-344
-622
-117
803
1437
1340
686
78
40
579
1191
1331
897
320
125
432
888
1038
730
235
-13
188
598
756
410
-214
-599
-424
107
443
223
-366
-760
-560
105
685
700
168
-386
-402
206
973
1332
1072
480
50
146
742
1423
1687
1351
691
205
208
607
1005
1008
531
-109
-495
-482
-301
-287
-557
-966
-1280
-1370
-1298
-1252
-1381
-1651
-1872
-1872
-1668
-1453
-1421
-1613
-1873
-1942
-1669
-1161
-734
-642
-858
-1099
-1068
-683
-145
233
268
34
-197
-200
22
268
359
283
179
174
273
356
332
257
267
456
727
879
810
614
504
635
957
1254
1317
1130
894
847
1048
1328
1452
1312
1014
788
781
930
1014
850
486
126
-52
-36
28
-15
-198
-423
-569
-592
-551
-526
-539
-552
-527
-473
-432
-432
-444
-399
-260
-69
89
154
154
179
297
483
639
692
664
649
703
792
804
675
476
343
355
448
466
296
-32
-345
-474
-395
-271
-300
-555
-927
-1207
-1258
-1112
-948
-956
-1161
-1419
-1540
-1433
-1171
-910
-795
-854
-991
-1057
-968
-741
-466
-267
-234
-369
-571
-689
-617
-367
-73
82
-1
-253
-464
-443
-155
242
521
544
373
217
263
542
895
1125
1151
1054
1002
1094
1283
1431
1455
1385
1319
1318
1339
1301
1175
1016
905
860
813
681
467
249
118
88
82
5
-171
-376
-520
-565
-548
-530
-548
-599
-650
-671
-657
-607
-522
-406
-281
-181
-132
-116
-83
-7
124
274
387
417
359
269
207
218
280
331
307
185
10
-151
-236
-237
-204
-207
-299
-471
-656
-771
-774
-694
-618
-622
-722
-853
-917
-857
-690
-507
-415
-453
-560
-615
-538
-345
-143
-56
-121
-273
-382
-355
-206
-39
32
-39
-198
-335
-357
-247
-75
56
70
-29
-151
-179
-54
183
416
528
499
417
409
547
791
1017
1118
1085
1001
970
1032
1149
1236
1231
1135
1011
919
881
864
806
679
504
340
239
184
118
-17
-219
-414
-515
-503
-450
-466
-599
-780
-881
-815
-618
-433
-392
-500
-634
-638
-464
-196
11
55
-49
-173
-177
-33
171
297
274
139
-2
-58
-16
55
69
-8
-145
-279
-361
-383
-369
-358
-391
-468
-551
-593
-561
-464
-351
-286
-303
-371
-400
-312
-116
91
188
122
-29
-118
-41
169
368
409
259
28
-122
-104
44
179
175
18
-200
-355
-374
-281
-162
-103
-141
-241
-321
-316
-205
-30
136
239
257
234
249
350
523
709
839
880
843
790
786
855
974
1071
1071
954
767
604
545
581
620
550
340
69
-145
-222
-194
-177
-267
-461
-653
-733
-685
-595
-574
-647
-746
-762
-653
-482
-360
-353
-416
-443
-359
-177
2
74
20
-90
-141
-85
30
110
88
-25
-158
-242
-249
-210
-183
-204
-268
-337
-375
-370
-324
-263
-200
-147
-110
-89
-70
-21
75
207
335
408
395
335
300
358
504
641
657
508
276
112
130
293
426
356
58
-302
-500
-427
-191
-35
-138
-468
-790
-870
-665
-350
-174
-245
-466
-615
-542
-279
9
158
145
81
88
208
385
526
593
610
627
667
701
692
645
600
592
603
588
501
342
175
73
53
71
45
-66
-232
-382
-447
-419
-348
-304
-318
-375
-422
-412
-344
-244
-142
-61
-12
5
-3
-11
20
104
204
260
222
109
-2
-33
29
112
117
6
-159
-272
-265
-173
-102
-126
-237
-340
-351
-259
-134
-67
-86
-137
-140
-58
68
164
192
178
183
234
299
326
295
246
236
275
303
246
96
-65
-132
-78
6
-9
-184
-439
-608
-587
-418
-279
-311
-511
-722
-767
-599
-342
-181
-211
-356
-436
-333
-83
161
263
209
119
128
276
482
612
597
481
381
397
504
609
617
498
338
226
219
283
330
290
159
0
-100
-101
-31
35
37
-27
-114
-157
-126
-38
63
125
126
83
37
25
69
141
191
185
112
12
-64
-85
-65
-44
-63
-139
-235
-316
-354
-340
-305
-279
-282
-311
-343
-353
-321
-243
-150
-73
-39
-42
-50
-17
69
184
274
299
260
213
206
255
325
358
325
239
154
109
108
116
91
18
-76
-155
-200
-220
-240
-277
-325
-365
-392
-401
-401
-399
-383
-356
-322
-287
-260
-231
-185
-119
-48
7
32
42
68
129
202
243
225
177
154
179
243
283
254
166
76
52
105
174
186
112
3
-62
-26
82
174
176
98
21
25
125
256
331
307
218
155
184
281
369
366
279
171
112
131
185
201
140
26
-74
-109
-90
-66
-90
-170
-260
-301
-281
-236
-217
-243
-289
-317
-297
-233
-166
-131
-140
-162
-161
-125
-65
-11
22
24
6
-13
-13
8
42
73
80
48
-10
-59
-73
-47
-9
-2
-39
-107
-165
-173
-133
-82
-65
-91
-138
-158
-133
-83
-42
-30
-41
-48
-31
1
26
33
26
31
55
85
95
73
40
23
42
78
94
71
24
-11
-10
20
48
48
20
-12
-22
3
42
67
70
64
68
87
119
152
167
169
168
174
187
197
201
196
185
176
166
156
142
121
102
86
67
46
22
-1
-20
-36
-50
-61
-77
-94
-106
-105
-100
-94
-95
-106
-119
-121
-107
-87
-79
-87
-103
-111
-101
-81
-67
-70
-88
-102
-101
-88
-73
-68
-77
-91
-103
-102
-90
-80
-81
-86
-88
-82
-70
-66
-64
-58
-43
-23
-8
-7
-16
-20
-5
27
54
58
42
22
21
45
77
94
85
56
29
23
40
63
69
47
13
-14
-21
-5
13
16
3
-20
-34
-28
-5
21
42
45
39
34
41
64
91
111
116
106
96
91
98
114
125
124
116
97
80
73
76
84
81
63
37
19
11
12
19
17
1
-20
-37
-39
-35
-29
-27
-35
-52
-67
-72
-69
-63
-62
-69
-79
-92
-99
-101
-95
-89
-90
-92
-100
-112
-116
-110
-98
-92
-95
-105
-117
-115
-100
-82
-66
-67
-72
-70
-52
-22
6
19
15
10
15
36
66
83
84
75
68
71
80
91
96
93
85
73
64
57
54
51
44
36
22
11
2
-4
0
5
5
-4
-16
-21
-12
7
24
30
20
9
10
26
49
64
60
43
32
32
43
59
66
59
41
30
33
42
48
43
34
22
16
13
12
9
3
-4
-8
-9
-11
-15
-16
-19
-20
-21
-23
-25
-27
-26
-26
-25
-27
-30
-35
-38
-43
-47
-47
-49
-57
-66
-74
-80
-84
-87
-90
-93
-97
-99
-99
-98
-94
-90
-83
-74
-64
-52
-40
-32
-24
-11
6
20
34
41
49
57
67
77
84
84
84
82
81
80
79
77
72
65
57
50
46
42
35
28
24
17
12
8
5
4
4
5
4
2
1
3
10
16
19
22
21
24
27
32
35
35
34
29
27
27
25
24
20
13
8
3
1
-1
-5
-11
-17
-22
-25
-23
-21
-21
-22
-23
-24
-20
-18
-14
-13
-10
-8
-7
-3
-2
2
-1
-5
-7
-10
-12
-17
-25
-31
-39
-47
-54
-59
-65
-69
-75
-78
-81
-84
-82
-78
-74
-71
-69
-62
-58
-50
-38
-27
-18
-10
-1
10
21
33
44
52
55
57
59
62
65
69
70
69
64
62
60
59
58
57
55
49
43
37
37
39
39
35
28
23
22
21
22
23
18
14
9
10
12
9
6
4
1
-2
-2
-2
-5
-10
-14
-16
-15
-18
-23
-28
-30
-31
-31
-32
-34
-40
-44
-43
-42
-38
-35
-34
-34
-33
-33
-27
-21
-15
-9
-6
-3
0
4
10
16
18
18
15
13
12
12
12
9
5
0
-4
-4
-5
-7
-8
-10
-13
-15
-13
-11
-10
-11
-8
-2
0
3
2
1
2
4
8
10
12
10
10
9
8
11
18
19
16
15
13
16
20
22
20
17
10
6
8
10
12
11
5
0
-1
3
6
7
5
1
-1
-1
1
6
7
4
-3
-6
-5
-2
1
2
-2
-6
-11
-12
-11
-9
-13
-16
-16
-20
-23
-24
-23
-24
-22
-23
-23
-21
-19
-17
-15
-15
-14
-10
-4
2
6
3
1
3
7
15
19
19
18
15
15
18
21
22
22
20
17
15
13
15
16
12
8
6
2
0
2
4
2
1
-1
-1
-2
-2
-2
-1
-3
-4
-6
-7
-5
-4
-3
-4
-5
-7
-5
-2
-1
-2
-4
-4
-4
-4
-1
0
-1
-2
-4
-4
-3
-3
-5
-5
-5
-4
-2
-3
-3
-3
-4
-4
-2
-1
0
-2
0
0
0
2
4
4
2
0
-2
-2
-3
-2
-2
-5
-5
-8
-8
-7
-4
-3
-3
-6
-7
-6
-3
2
2
2
2
1
2
3
5
7
9
10
11
11
13
14
13
13
11
11
11
11
12
12
10
8
6
6
8
6
3
-1
-2
0
0
1
-2
-4
-7
-5
-3
-3
-3
-6
-9
-9
-10
-7
-7
-8
-9
-7
-6
-6
-3
-2
-3
-6
-6
-5
-4
-3
-4
-5
-7
-8
-9
-8
-6
-4
-6
-7
-4
-5
-5
-6
-4
-1
2
5
4
2
1
3
6
7
9
6
3
3
3
4
5
5
3
-1
-1
-1
2
2
0
-1
-2
-3
-2
1
3
3
0
-2
-1
0
4
5
3
1
0
4
5
7
8
7
7
6
6
9
12
12
8
5
5
3
6
7
6
4
2
1
0
1
1
-2
-3
-5
-6
-2
-4
-4
-7
-7
-5
-5
-5
-4
-5
-6
-5
-5
-5
-5
-4
-4
-2
-1
0
-1
-3
-4
-3
-2
-1
-2
-5
-7
-9
-9
-8
-7
-5
-6
-6
-7
-7
-6
-4
-1
-1
-1
-1
-2
-3
-3
0
4
6
3
1
0
2
3
5
4
2
3
2
3
4
6
5
2
3
4
5
5
3
-1
0
2
3
3
2
3
4
4
6
8
7
5
6
7
8
10
9
8
5
4
6
9
11
8
4
5
2
4
7
4
2
0
-2
-4
-4
-3
-5
-6
-6
-7
-10
-9
-10
-10
-8
-5
-3
-3
-6
-7
-5
-4
-5
-2
-3
-6
-5
-5
-4
-6
-8
-7
-7
-9
-7
-8
-8
-8
-11
-9
-7
-7
-6
-7
-3
-2
-1
0
-2
-2
-1
-1
2
3
1
1
1
4
6
7
5
2
4
4
7
11
10
10
8
7
7
8
10
11
11
8
4
3
4
5
6
7
6
3
3
2
3
5
6
7
8
3
2
2
5
6
4
3
1
1
2
3
2
2
-3
-2
-1
1
0
-1
-2
-4
-5
-4
-2
-2
-2
-4
-6
-4
1
1
0
-4
-6
-8
-8
-4
-7
-7
-7
-9
-11
-12
-13
-13
-14
-14
-15
-14
-12
-12
-10
-10
-11
-12
-10
-7
-6
-4
-6
-8
-8
-6
-1
3
4
1
1
3
5
9
11
10
10
10
10
10
12
16
15
16
13
14
15
14
13
11
9
9
10
10
11
9
9
11
12
15
12
10
7
7
8
9
9
8
4
2
1
2
1
1
0
-3
-4
-4
-4
-4
-6
-9
-11
-12
-10
-11
-10
-12
-15
-15
-14
-15
-17
-18
-16
-17
-15
-13
-12
-10
-10
-10
-11
-9
-9
-7
-6
-4
-4
-4
-3
-2
-1
-1
-2
-3
-3
-1
2
5
5
5
5
4
5
7
10
8
7
5
5
7
9
12
10
8
5
5
7
7
8
8
6
7
8
8
9
9
9
7
6
6
8
9
7
5
5
4
4
5
6
5
4
1
0
1
1
2
2
2
-1
-4
-4
-5
-5
-6
-6
-6
-8
-8
-7
-9
-11
-11
-11
-12
-12
-11
-12
-12
-12
-10
-9
-7
-9
-9
-5
-4
-3
-4
-5
-3
1
3
4
5
4
4
4
5
6
7
7
6
5
4
4
6
5
5
3
0
-1
1
2
4
1
1
0
1
4
4
4
2
0
-2
1
3
2
1
-2
-3
-3
-1
-1
-1
0
-2
-3
-1
-1
2
2
-1
1
-1
-1
0
0
2
0
0
1
-2
-2
-2
1
2
2
1
3
4
4
5
6
6
4
2
2
4
5
6
5
2
2
2
3
2
2
1
1
0
1
1
0
-3
-5
-5
-5
-2
-2
-3
-5
-6
-7
-6
-5
-4
-5
-5
-6
-6
-6
-6
-5
-5
-6
-6
-7
-5
-6
-5
-5
-7
-4
-2
-2
-2
-1
-1
-2
-1
0
0
0
2
4
4
2
3
4
6
7
7
5
3
4
5
6
5
3
5
6
6
6
6
4
5
6
5
4
2
4
2
1
2
5
5
5
5
3
2
4
5
4
2
1
0
1
2
2
2
1
-1
-2
-1
2
3
0
-1
-3
-4
-5
-3
-3
-6
-7
-7
-8
-9
-10
-9
-9
-11
-12
-12
-10
-8
-7
-6
-7
-6
-8
-8
-7
-6
-4
-4
-5
-4
-3
1
1
1
0
0
-1
0
0
0
0
0
0
1
2
4
4
5
6
8
8
10
10
8
10
10
9
12
11
10
9
9
10
10
11
10
11
11
9
8
8
5
4
2
3
3
1
0
-1
-4
-7
-7
-5
-6
-7
-8
-7
-8
-10
-11
-9
-9
-9
-9
-8
-7
-8
-6
-5
-6
-7
-5
-4
-4
-4
-3
-1
-2
-3
-3
-4
-3
-2
-1
-1
-1
-1
0
-1
1
4
7
8
4
2
3
6
12
15
14
7
-1
-8
-4
7
12
10
7
6
4
0
-6
-2
4
-3
-20
-5
65
154
125
-59
-224
-199
37
294
338
150
-69
-161
-144
-98
-84
-56
-9
-26
-125
-154
16
231
174
-239
-605
-400
282
819
683
-101
-730
-638
-43
459
453
132
-20
137
411
549
485
337
158
27
99
469
913
978
459
-333
-722
-345
393
773
452
-209
-624
-580
-339
-280
-465
-683
-735
-617
-474
-408
-456
-612
-812
-943
-837
-468
-47
143
-64
-491
-760
-645
-202
283
540
492
273
64
-25
36
189
349
448
465
439
405
350
257
127
40
91
274
479
551
406
117
-138
-212
-69
197
432
499
354
113
-82
-127
-26
129
254
302
270
177
49
-65
-112
-68
34
124
143
94
-3
-120
-231
-282
-252
-152
-35
14
-46
-182
-315
-374
-339
-233
-111
-37
-39
-118
-223
-278
-248
-157
-56
8
22
1
-36
-78
-112
-121
-83
-15
50
70
29
-42
-111
-142
-118
-55
19
62
51
-5
-72
-100
-62
21
104
152
150
116
82
69
80
116
162
198
219
211
179
137
98
82
89
114
145
152
127
67
-11
-66
-69
-23
29
47
13
-49
-96
-105
-79
-40
-13
-6
-20
-41
-46
-28
-1
10
-10
-41
-45
-11
31
36
-7
-62
-81
-53
-12
7
-11
-57
-90
-94
-71
-44
-33
-50
-81
-105
-97
-61
-24
-14
-32
-51
-46
-18
14
30
26
14
10
27
53
72
71
43
15
13
41
78
92
68
26
-4
-2
23
46
54
43
24
5
-1
7
18
23
10
-5
-8
6
26
32
17
-5
-10
3
23
29
19
3
-10
-15
-16
-11
-7
-6
-12
-28
-38
-37
-27
-20
-27
-39
-44
-37
-19
-8
-9
-17
-26
-25
-17
-4
5
11
10
2
0
4
13
21
20
16
13
13
16
16
8
0
-4
0
4
7
9
5
0
-8
-8
-6
2
8
8
4
-4
-4
2
4
6
2
0
0
1
3
4
4
5
2
0
2
3
3
2
0
-4
-3
0
-2
-2
-3
-3
-1
-1
0
-5
-7
-5
-2
0
1
5
5
3
2
2
3
5
6
3
1
2
-1
-1
-2
-3
0
2
1
0
-1
