8
0
5
11
6
-6
3
4
-6
3
1
-1
-4
-1
2
7
-1
-11
9
0
-9
4
-3
-8
-3
-7
-6
-2
-14
-16
2
-6
-9
9
0
-14
-7
-6
-8
-7
-7
-9
-12
-4
-7
-8
1
-6
-10
-4
0
-2
4
2
-12
-6
6
-8
-4
7
1
-4
-3
11
3
-2
6
3
8
9
4
16
13
2
12
20
6
6
25
21
25
16
-5
23
54
29
28
59
17
22
73
56
36
43
9
12
59
19
-13
22
0
-10
40
-1
-22
44
41
50
115
122
104
99
55
38
78
44
-4
-11
-103
-142
-103
-125
-181
-275
-389
-419
-392
-420
-460
-504
-602
-664
-614
-596
-647
-667
-721
-721
-622
-553
-452
-342
-300
-201
-15
193
381
449
397
398
513
643
779
858
862
889
879
930
1083
1136
1001
864
830
852
909
912
843
656
373
232
330
344
171
68
60
74
96
86
49
44
-4
-87
-40
-64
-209
-228
-195
-321
-456
-523
-518
-419
-448
-628
-746
-764
-745
-600
-466
-441
-352
-119
225
499
518
321
102
-45
-47
89
186
130
-20
-149
-184
-214
-333
-508
-687
-833
-878
-797
-717
-772
-969
-1194
-1366
-1507
-1597
-1592
-1490
-1326
-1126
-924
-746
-612
-506
-358
-110
232
615
961
1198
1325
1440
1626
1869
2053
2126
2184
2324
2537
2661
2529
2128
1634
1307
1262
1363
1333
1034
578
228
94
39
-86
-312
-590
-760
-705
-573
-546
-684
-913
-1040
-999
-905
-881
-939
-1046
-1074
-931
-715
-542
-530
-663
-719
-583
-349
-184
-187
-324
-472
-511
-451
-373
-335
-417
-570
-646
-646
-653
-686
-657
-483
-119
468
1171
1657
1583
977
335
132
391
819
1085
989
587
226
206
369
258
-237
-725
-828
-566
-226
-68
-298
-935
-1646
-2006
-1984
-1909
-1952
-1960
-1800
-1552
-1296
-1074
-983
-1047
-1023
-612
112
773
1123
1212
1186
1185
1400
1901
2480
2816
2836
2751
2694
2617
2502
2355
2117
1798
1563
1525
1506
1242
718
167
-175
-289
-271
-259
-400
-698
-984
-1115
-1133
-1140
-1165
-1152
-1085
-1047
-1088
-1168
-1226
-1171
-950
-626
-376
-295
-323
-375
-402
-385
-326
-254
-194
-170
-195
-249
-334
-430
-548
-665
-692
-631
-562
-552
-568
-538
-371
130
999
1759
1773
1053
289
28
257
730
1163
1165
629
92
126
422
188
-626
-1278
-1347
-1043
-576
-156
-258
-1119
-2133
-2528
-2382
-2255
-2249
-2061
-1722
-1489
-1291
-997
-797
-836
-754
-181
662
1338
1707
1809
1663
1477
1648
2292
3045
3462
3419
3078
2693
2518
2586
2612
2350
1911
1546
1371
1292
1083
570
-107
-555
-554
-312
-210
-403
-802
-1217
-1437
-1340
-1077
-957
-1026
-1095
-1130
-1251
-1423
-1438
-1253
-983
-673
-331
-128
-184
-338
-402
-403
-388
-266
-25
114
-36
-372
-723
-1017
-1127
-904
-567
-494
-685
-814
-706
-352
346
1307
1902
1556
654
102
196
568
925
1109
876
295
-9
321
613
77
-930
-1451
-1271
-854
-483
-319
-743
-1769
-2625
-2696
-2370
-2305
-2417
-2275
-1948
-1697
-1418
-1025
-795
-814
-597
210
1186
1762
1903
1826
1660
1656
2172
3096
3827
3957
3584
3014
2568
2511
2803
2998
2684
2018
1454
1153
1003
815
405
-237
-747
-713
-300
-141
-533
-1163
-1604
-1659
-1319
-777
-449
-607
-1022
-1282
-1289
-1224
-1111
-832
-490
-259
-119
27
78
-104
-383
-460
-222
133
317
184
-278
-930
-1435
-1494
-1174
-828
-729
-903
-1117
-1114
-790
-75
882
1500
1225
317
-349
-259
287
747
882
635
66
-340
-113
301
17
-930
-1569
-1410
-936
-583
-418
-700
-1672
-2716
-2927
-2420
-2028
-1972
-1843
-1629
-1589
-1506
-1012
-406
-197
-75
555
1490
2086
2224
2162
1939
1752
2178
3319
4322
4358
3613
2771
2204
2132
2665
3298
3172
2201
1252
922
923
824
558
147
-364
-606
-235
262
48
-888
-1709
-1830
-1377
-686
-100
-43
-680
-1523
-1829
-1528
-1087
-767
-528
-381
-434
-533
-492
-445
-543
-600
-354
23
136
-128
-661
-1295
-1806
-1830
-1310
-762
-696
-1076
-1431
-1432
-874
296
1447
1591
505
-742
-1010
-333
557
1072
974
231
-608
-616
132
510
-162
-1141
-1426
-1093
-601
-151
-24
-734
-2082
-2896
-2643
-1984
-1633
-1495
-1339
-1410
-1567
-1240
-454
86
150
404
1148
1925
2341
2452
2325
1964
1928
2755
3993
4639
4322
3490
2549
1873
1984
2868
3565
3184
2074
1065
450
197
341
666
519
-163
-607
-448
-318
-782
-1444
-1757
-1736
-1453
-830
-235
-438
-1457
-2350
-2413
-1853
-1174
-597
-350
-671
-1284
-1520
-1133
-601
-322
-233
-227
-345
-543
-698
-880
-1152
-1307
-1179
-909
-753
-740
-796
-794
-323
837
1958
1889
640
-526
-685
15
1011
1755
1558
232
-1026
-858
323
881
269
-609
-1104
-1300
-1057
-224
345
-394
-1944
-2855
-2755
-2385
-2065
-1600
-1301
-1570
-1865
-1395
-476
-52
-125
88
801
1569
2111
2391
2230
1712
1615
2523
3893
4614
4239
3182
2115
1630
2059
3064
3641
3102
1821
671
131
140
425
619
381
-187
-593
-643
-660
-950
-1345
-1528
-1428
-1113
-687
-461
-771
-1496
-2044
-1983
-1442
-811
-410
-455
-911
-1380
-1427
-1021
-479
-82
67
-51
-350
-641
-794
-814
-697
-497
-450
-695
-986
-927
-448
263
1089
1735
1578
494
-583
-643
189
1016
1337
1106
267
-813
-1103
-204
765
578
-438
-1177
-1352
-1226
-737
-23
28
-1065
-2391
-2887
-2696
-2417
-2043
-1490
-1230
-1503
-1690
-1313
-787
-529
-198
538
1321
1722
1812
1715
1434
1354
2039
3299
4202
4166
3407
2445
1765
1862
2837
3848
3833
2731
1386
502
241
566
1184
1370
707
-251
-721
-719
-746
-911
-1002
-1072
-1257
-1315
-1072
-920
-1231
-1682
-1735
-1461
-1229
-1076
-923
-927
-1111
-1099
-698
-305
-302
-494
-539
-456
-364
-240
-196
-461
-919
-1128
-967
-762
-662
-492
-197
194
759
1295
1166
205
-711
-621
303
1170
1441
973
-175
-1270
-1166
167
1272
1012
-163
-1245
-1789
-1591
-514
713
743
-683
-2349
-3166
-3063
-2307
-1168
-386
-664
-1591
-2028
-1588
-834
-158
446
856
953
982
1165
1258
1102
1174
1858
2760
3249
3178
2720
2049
1570
1847
2776
3476
3325
2519
1574
819
539
939
1602
1707
1032
144
-386
-490
-321
-53
-37
-527
-1203
-1465
-1206
-845
-734
-903
-1280
-1689
-1820
-1558
-1180
-978
-928
-872
-834
-846
-790
-628
-481
-405
-316
-222
-281
-510
-738
-823
-766
-681
-639
-655
-718
-723
-507
28
677
868
314
-536
-938
-618
93
743
929
347
-687
-1177
-528
589
1043
545
-385
-1223
-1509
-791
612
1403
654
-1060
-2390
-2612
-1815
-475
571
458
-741
-1838
-1832
-891
206
959
1152
764
172
-39
285
771
1126
1415
1690
1835
1805
1698
1592
1521
1636
2034
2507
2683
2435
1946
1482
1258
1365
1711
1972
1854
1368
789
404
272
257
219
69
-196
-476
-656
-718
-779
-930
-1125
-1288
-1413
-1518
-1589
-1588
-1503
-1395
-1347
-1380
-1403
-1319
-1157
-1033
-1019
-1098
-1191
-1188
-1011
-760
-659
-804
-1061
-1204
-1125
-895
-685
-660
-818
-952
-841
-505
-146
33
-65
-342
-516
-369
39
433
584
438
134
-33
157
601
1000
1157
1075
835
618
677
1034
1366
1358
1035
633
343
309
588
944
990
636
177
-74
-61
133
374
423
130
-327
-598
-530
-218
140
342
248
-42
-226
-105
227
534
682
654
524
456
588
860
1080
1149
1108
1001
840
683
613
625
644
657
668
612
420
174
16
-43
-74
-141
-263
-449
-666
-825
-878
-876
-894
-943
-1017
-1120
-1247
-1351
-1376
-1321
-1231
-1191
-1270
-1442
-1568
-1517
-1282
-989
-794
-796
-961
-1121
-1077
-814
-529
-404
-438
-508
-496
-356
-99
157
274
244
220
316
467
577
666
797
940
1024
1063
1088
1071
1030
1078
1285
1526
1634
1586
1459
1316
1214
1227
1334
1355
1119
716
375
220
190
160
51
-176
-477
-699
-718
-624
-594
-692
-828
-915
-940
-888
-763
-637
-597
-620
-579
-429
-236
-79
-6
-35
-128
-169
-63
146
305
341
298
270
338
491
633
634
460
228
123
225
444
607
589
401
172
50
54
100
104
31
-64
-123
-167
-277
-472
-674
-765
-673
-469
-333
-411
-696
-1013
-1155
-1051
-799
-587
-562
-724
-952
-1091
-1055
-857
-598
-388
-301
-332
-398
-388
-232
60
375
567
577
468
388
439
622
848
995
1012
945
892
911
970
985
916
785
652
579
582
598
534
358
155
31
37
106
135
72
-66
-189
-209
-125
-39
-49
-143
-239
-264
-210
-141
-119
-159
-214
-211
-128
-20
41
23
-51
-128
-165
-136
-52
63
157
166
57
-137
-318
-387
-305
-124
37
81
-20
-197
-339
-374
-295
-148
-3
70
49
-45
-156
-222
-208
-111
23
121
121
23
-112
-204
-216
-160
-85
-61
-114
-212
-300
-340
-331
-304
-276
-261
-255
-252
-241
-215
-162
-82
10
84
116
109
105
151
257
377
448
431
356
305
350
480
598
603
471
278
136
111
172
215
157
19
-109
-143
-83
-2
18
-47
-135
-161
-101
-13
30
12
-18
-4
64
132
128
30
-90
-121
-8
193
356
375
236
35
-91
-57
113
305
393
323
125
-99
-250
-279
-208
-108
-53
-80
-182
-322
-442
-501
-481
-396
-303
-265
-323
-449
-552
-557
-458
-312
-210
-205
-257
-276
-198
-48
74
104
43
-37
-45
60
220
340
345
247
132
79
126
246
363
412
378
294
217
183
204
259
307
319
291
241
194
162
154
154
154
148
134
114
88
56
24
2
-19
-50
-88
-134
-164
-159
-116
-61
-36
-69
-139
-189
-178
-93
26
115
128
66
-17
-71
-71
-30
9
19
-10
-58
-89
-84
-54
-24
-21
-48
-82
-90
-53
16
68
49
-47
-179
-273
-263
-146
7
87
34
-132
-321
-428
-402
-284
-174
-165
-274
-438
-556
-573
-495
-380
-295
-260
-251
-215
-137
-45
25
62
79
116
192
295
385
426
416
393
396
450
538
625
672
662
614
550
498
471
476
506
534
525
454
330
194
110
120
197
280
294
216
90
-22
-69
-47
-12
-28
-112
-228
-317
-341
-314
-279
-288
-348
-421
-462
-439
-369
-292
-244
-242
-277
-321
-359
-374
-368
-338
-293
-256
-246
-257
-274
-264
-218
-159
-113
-106
-125
-133
-110
-62
-24
-26
-69
-122
-145
-113
-46
18
56
66
62
54
43
24
-4
-19
0
51
94
80
-8
-117
-171
-118
27
183
253
208
101
26
52
168
309
394
389
327
265
251
293
361
414
440
439
427
414
400
383
353
326
308
291
271
232
173
107
48
21
33
60
71
44
-16
-72
-91
-70
-40
-43
-102
-187
-246
-259
-229
-199
-210
-269
-348
-395
-376
-308
-237
-216
-254
-322
-380
-389
-356
-324
-301
-301
-304
-290
-272
-243
-210
-178
-139
-99
-61
-27
-5
5
13
20
24
28
32
43
63
91
111
118
106
93
89
100
120
127
116
99
81
78
88
92
89
79
70
73
88
105
119
116
110
104
111
132
149
157
153
137
128
135
153
177
187
179
161
143
143
151
162
163
146
118
91
73
65
56
37
12
-16
-42
-56
-63
-67
-73
-87
-111
-146
-180
-202
-195
-175
-155
-151
-177
-215
-247
-256
-228
-183
-143
-126
-136
-157
-169
-163
-145
-128
-118
-109
-104
-87
-69
-54
-40
-30
-20
-8
5
22
38
53
60
66
65
57
55
60
71
89
100
102
99
91
87
87
92
97
95
91
82
69
57
46
39
38
35
30
24
19
14
12
13
14
9
6
10
17
28
33
30
19
6
6
24
52
76
83
72
54
42
47
67
83
88
75
52
32
21
22
24
18
1
-21
-36
-37
-32
-31
-40
-62
-87
-99
-99
-87
-75
-75
-84
-100
-113
-118
-112
-97
-82
-73
-67
-68
-71
-74
-78
-75
-68
-62
-53
-49
-51
-51
-43
-27
-10
-1
-3
-7
-3
12
36
56
59
45
27
25
39
65
91
99
91
75
62
65
77
89
91
79
63
47
38
30
19
6
0
5
16
30
38
31
16
2
2
15
40
60
63
46
16
-5
-2
20
54
83
92
84
71
66
73
85
96
101
100
93
83
75
66
54
35
10
-17
-33
-35
-27
-24
-38
-74
-120
-158
-171
-153
-129
-117
-137
-178
-211
-222
-206
-175
-150
-138
-144
-155
-160
-155
-139
-131
-126
-132
-140
-144
-139
-124
-104
-81
-61
-47
-41
-38
-26
-3
34
74
101
104
87
63
59
83
126
164
180
169
138
106
95
103
119
128
113
87
55
28
16
15
17
13
8
8
13
15
16
12
6
5
14
32
45
47
44
38
42
58
81
99
105
100
94
101
121
142
150
141
119
96
91
101
111
110
91
60
25
-2
-18
-25
-28
-35
-55
-83
-117
-162
-188
-195
-191
-181
-192
-212
-229
-241
-231
-218
-203
-182
-179
-178
-174
-169
-149
-130
-127
-135
-158
-168
-157
-131
-96
-70
-57
-56
-63
-59
-41
-6
39
77
102
107
103
102
117
153
200
251
288
283
254
213
184
184
202
223
233
209
156
79
9
-18
-2
45
87
91
54
1
-27
-7
60
135
172
151
85
14
-13
26
105
187
233
224
192
182
226
321
406
435
389
297
219
204
262
340
367
313
208
123
118
190
247
172
-81
-440
-762
-908
-826
-583
-311
-126
-74
-123
-218
-333
-470
-633
-789
-873
-820
-625
-358
-139
-65
-158
-360
-561
-667
-639
-487
-257
-6
195
277
205
2
-261
-467
-516
-392
-152
98
266
328
322
310
323
357
373
351
307
279
300
370
459
531
557
542
500
442
365
269
175
111
100
140
196
224
197
126
60
38
63
102
105
52
-31
-96
-97
-27
76
152
163
115
45
7
26
88
164
212
225
212
195
186
180
170
144
107
71
32
-14
-62
-106
-125
-103
-48
3
5
-76
-241
-444
-644
-801
-887
-875
-748
-499
-165
136
276
170
-178
-640
-1023
-1181
-1064
-741
-348
-20
163
188
86
-78
-246
-350
-337
-201
27
275
440
454
310
70
-170
-312
-305
-157
86
362
606
759
793
715
567
418
321
303
340
377
373
323
268
252
291
374
454
474
426
316
190
98
42
27
52
83
95
95
40
-52
-133
-239
-332
-352
-359
-346
-260
-177
-84
15
45
34
18
-63
-124
-76
-29
109
262
286
280
180
-21
-149
-186
-176
-53
37
55
71
-54
-218
-278
-350
-419
-365
-365
-333
-211
-241
-202
-131
-257
-358
-360
-462
-375
-248
-324
-161
-89
-241
-171
-26
-172
-60
-18
-290
-23
6
-204
48
292
53
283
350
-42
288
189
-153
16
233
38
423
708
345
634
430
-34
183
403
186
464
506
52
302
143
-59
260
236
-37
180
138
-179
125
20
-200
130
16
-276
201
210
-165
155
-21
-391
-139
-155
-259
168
163
-128
126
144
-92
-43
-234
-313
-16
-19
122
135
102
254
-38
-211
-318
-114
105
-6
86
37
-264
-323
-229
-431
-55
89
-439
-118
90
-311
-234
-184
-248
-109
-140
-212
-379
55
-122
-358
276
118
-185
-245
-54
208
153
-54
-53
-150
14
304
-170
213
355
-377
198
194
-249
131
425
314
192
294
-132
-202
-62
82
43
402
395
-167
318
298
264
-9
103
-53
-236
318
-6
209
612
21
-418
-72
-127
-155
203
-78
-67
300
-103
-32
-153
-318
91
150
-78
258
287
-528
140
-35
-365
508
382
35
501
278
-338
228
398
-551
4
187
-540
236
56
-357
539
146
-949
271
-316
-870
336
-261
-145
-23
-618
-304
155
-123
-239
-57
-236
-360
-93
-284
-1
358
-412
-88
241
-583
-1
284
-395
172
117
-207
228
49
-188
-55
54
-29
104
250
-15
190
266
176
-192
232
18
-248
603
238
12
462
223
-344
220
318
-17
460
229
-54
317
92
7
222
61
-102
30
-17
7
148
148
-221
-235
126
-342
7
190
-166
28
105
-346
-193
23
-408
191
347
-137
216
307
-275
-55
153
-205
185
91
-235
49
194
-16
-254
178
-45
-182
-195
-188
334
-90
-93
265
-499
-301
-45
-367
20
-98
-481
-88
-129
-187
49
-340
28
-80
-254
73
-7
-63
-131
-237
8
115
16
211
31
-145
-50
120
84
172
396
49
-233
255
-27
77
204
-87
299
160
74
244
216
-90
309
-153
100
502
70
351
204
32
109
23
63
204
110
290
182
-26
-49
5
-259
-31
208
-172
14
358
-208
-355
162
-296
-350
280
-76
-189
121
-326
-148
6
-589
134
433
-494
-71
257
-581
-94
293
-520
-74
492
-383
-554
357
-42
-594
326
371
-884
26
378
-677
501
290
-671
-178
-91
-298
-57
311
115
-110
33
-278
8
107
-225
477
97
-339
372
314
-340
158
393
-245
72
313
-40
230
154
-61
172
47
123
429
49
75
151
-77
64
209
185
314
58
41
397
45
191
-38
10
387
238
-139
109
324
-315
-89
505
-226
-387
442
-257
-429
204
-61
-445
-22
74
-698
-111
112
-180
-44
-299
-221
-308
-553
-226
221
60
-270
44
-29
-634
190
-101
-292
162
-146
-45
53
134
-141
104
18
-348
143
182
-300
34
308
-4
-27
-242
60
233
-182
22
469
81
-125
230
-261
-103
206
-59
503
276
-251
247
97
-283
134
385
32
120
317
-122
258
140
-194
251
296
-128
45
469
-85
-90
-122
-174
211
36
-98
287
45
-138
-96
-30
-4
-133
204
-4
-284
126
130
-212
137
95
-292
-93
72
57
-130
-271
-17
26
-404
-18
227
-213
-226
-99
195
-374
-263
160
-398
172
-5
-264
-38
33
-218
-313
323
47
-251
160
-81
-275
5
223
-21
-14
115
-194
55
166
-33
30
165
-105
62
10
178
151
-222
154
-7
153
29
-12
272
-207
-139
309
238
-145
40
339
-244
-106
367
213
-210
45
299
-282
312
155
-37
231
-246
54
-49
194
338
-150
20
66
-73
-116
-22
118
36
-48
265
89
-186
-225
60
-154
-337
454
109
-323
450
-172
-610
217
2
-383
289
260
-528
220
139
-533
-94
111
-181
-43
268
-269
-33
161
-295
-9
-9
-150
-134
123
154
-68
156
-135
-638
245
344
-473
309
387
-98
-423
21
361
-496
250
222
-219
212
65
-42
27
285
-264
-320
346
65
-140
156
159
-366
64
414
-457
293
233
-580
-25
527
-66
-463
596
36
-727
585
43
-385
591
-132
-444
301
187
-301
449
204
-422
176
168
-520
464
439
-585
373
-1
62
3
-35
230
-189
74
-155
414
-87
-358
398
-15
-390
200
87
-173
103
-314
-131
308
-224
-338
421
-197
-431
155
-162
-263
162
70
-378
-67
17
-298
-169
189
34
-237
-10
128
-259
-119
382
-262
-164
509
-99
-142
381
-139
-171
360
68
-165
340
195
-259
168
283
-201
-34
229
-47
0
214
-37
-252
300
90
-509
130
245
-292
31
89
5
146
-363
-94
113
-12
-44
86
113
-259
68
270
-234
-6
183
-138
9
84
111
48
157
-108
-79
165
-72
-224
497
101
-352
316
-27
-215
127
51
-6
106
-47
106
60
-64
-109
57
59
-63
104
133
-173
-47
87
-149
113
-265
109
194
-391
90
126
-179
-247
-16
70
-152
15
44
-179
96
-224
-229
298
-93
-314
282
209
-435
63
142
-192
148
-2
-114
112
12
-13
71
153
-101
-257
216
64
-107
161
-24
-53
122
-99
-24
9
48
-88
45
347
-160
-261
114
118
-128
113
202
-23
-221
137
88
-227
287
131
-234
-85
346
-212
-55
684
-474
-192
433
-431
154
373
-193
70
-12
-169
-63
325
-109
-42
236
-359
66
241
-288
159
99
-421
221
120
-113
53
-84
-53
77
-7
-323
218
221
-467
167
121
-201
99
21
-233
42
172
-554
291
488
-666
166
168
-510
223
263
-138
-214
64
43
-93
123
86
-72
-103
-34
71
-125
191
273
-445
85
143
-24
-42
-7
137
-71
-107
73
58
71
157
-318
0
172
-100
-66
310
-10
-262
217
16
-270
194
183
-334
200
173
-272
257
6
-290
246
-91
-62
188
-111
102
80
-98
-112
-4
100
-67
45
58
40
-103
-66
102
-126
-12
123
-31
-148
153
84
-264
-2
253
-185
-199
302
-130
-106
302
-209
-86
253
-309
-54
324
-209
23
159
-183
-11
68
-129
-44
154
-120
-22
246
-258
-11
224
-371
95
128
-61
165
43
-302
17
315
-330
331
209
-468
114
70
-78
198
151
-138
-49
119
-162
10
304
-182
-4
121
-237
65
156
-39
-78
9
-19
-75
67
68
-186
0
72
-74
-133
277
38
-405
367
51
-287
123
41
-124
-56
220
-21
122
100
-303
133
19
-198
177
120
-130
-54
161
-12
-142
165
-169
-128
208
-160
70
111
-163
8
40
-140
-57
203
14
-124
-55
38
70
-44
-89
79
-148
-22
196
-56
9
-23
-89
-107
42
59
24
31
-15
3
-11
-137
84
191
-157
-59
175
25
-45
136
-63
-55
56
-9
112
10
107
-81
-79
113
3
17
2
16
-35
10
6
39
2
-38
-7
-34
-18
-2
41
55
-68
-55
54
-38
-67
61
12
-12
68
-52
-79
40
-9
-112
99
85
-128
57
-80
-55
31
-93
98
18
-61
21
13
-131
12
126
-110
2
92
-174
75
117
-169
79
96
-180
19
113
-36
-15
42
21
-40
42
-6
-21
21
-9
-1
73
-23
-19
9
12
30
-80
16
86
-70
-5
106
-80
-21
61
-35
4
38
-10
28
44
-48
-12
61
-39
-34
119
-21
-61
69
0
-53
31
41
-39
-41
58
-31
17
42
-63
21
-2
-68
6
73
-18
-4
-72
8
68
-49
-43
84
-5
-136
57
17
-20
11
-1
-13
-59
3
4
-2
12
28
-32
-126
66
82
-122
57
50
-162
39
112
-77
-34
84
-36
-49
72
4
-51
24
25
2
24
24
3
-55
49
-7
-34
109
-7
-19
57
-76
-11
102
-49
-4
117
-108
-71
122
9
-59
31
9
-90
72
24
-86
85
35
-130
-6
87
-25
-19
38
-7
-28
-48
6
39
-5
-17
23
3
-94
76
23
-83
74
-32
-17
117
-64
-81
88
-12
-65
72
49
-121
20
18
-64
63
-29
-33
15
-55
27
-31
72
5
-110
123
-17
14
16
-3
69
-40
8
21
20
13
-16
9
-35
-1
-8
-33
110
-91
-78
92
-74
-34
116
18
-169
132
21
-195
248
35
-240
169
55
-156
93
99
-134
-45
175
-123
-67
136
-65
-95
31
68
-130
-20
130
-127
-90
157
-50
-115
103
65
-139
32
97
-123
74
63
-44
3
38
3
-59
111
15
-34
51
-78
45
42
-10
-4
-14
26
-30
10
12
7
-29
24
32
-66
50
25
-62
69
41
-49
19
33
20
35
24
27
-39
51
70
-82
55
55
-35
-2
43
-39
-78
148
-100
-89
133
-135
-44
64
-83
-20
5
-57
-53
-20
30
-70
-17
12
-80
20
-38
-57
59
-45
-9
-55
-24
46
-33
-2
-45
8
-10
7
-13
-10
16
6
22
-76
19
-9
10
87
-47
0
-14
-25
38
49
-4
-15
85
-24
-62
95
21
-5
112
-29
-20
75
5
17
53
46
-9
23
58
-7
61
-1
-26
80
-10
58
-40
-18
28
20
42
-50
58
-49
8
-45
-37
74
-8
8
-29
-74
-51
38
1
-53
88
-78
-132
59
-57
7
44
-75
-73
-35
52
-60
-50
119
-147
-39
43
-112
62
45
-42
-120
24
102
-145
109
53
-186
89
24
-36
46
79
-87
-86
127
-28
76
33
-123
3
85
41
-66
88
55
-119
24
36
37
113
-58
-58
-7
132
17
-69
114
-54
24
29
-17
111
-33
-19
13
4
127
-74
5
52
-67
66
-6
58
-37
-43
13
-16
82
-74
5
75
-180
-11
165
-48
-88
29
10
-145
94
72
-147
60
-54
-75
21
104
-55
-145
164
-137
-111
233
-87
-43
47
-82
-79
51
135
-143
37
-17
-122
87
-32
74
1
-98
-35
-45
112
-12
-4
68
-132
23
45
-27
2
16
76
-63
21
2
-53
138
-36
-71
88
9
-2
-21
21
75
23
-59
-54
109
58
-93
27
67
43
-8
-54
33
-9
69
-70
3
145
-73
-39
16
46
-79
16
129
-193
24
128
-52
-18
-26
38
-110
10
102
-163
121
89
-218
13
80
-83
-110
132
34
-144
92
-41
-98
108
-41
-39
36
-27
-62
18
110
-36
-52
44
-27
-82
16
94
-17
35
-9
-72
84
-38
-87
101
117
-100
-61
109
-65
-41
164
-61
-68
79
-68
-17
110
45
-98
67
-7
-161
163
79
-120
57
55
-85
-3
27
-18
20
68
-95
8
98
-103
10
55
-48
-26
43
-25
35
38
-58
-1
-2
-42
1
48
-18
-21
47
-17
-41
48
-37
-32
10
-47
75
25
-43
-3
-31
-24
-24
28
26
-6
16
-51
1
59
-54
-13
41
-60
10
40
-16
39
11
-42
-30
9
-22
14
81
-15
-43
33
-37
-39
69
17
-24
18
-5
-19
44
-11
-22
46
-15
-32
33
51
-18
-17
49
-30
-57
39
8
-17
30
31
-36
-31
46
-18
-55
61
33
-61
12
27
-42
-25
23
12
-13
3
-2
-23
14
-7
-7
41
-37
-33
27
5
14
9
-1
-11
-30
29
15
-13
13
-18
-3
9
12
-1
-12
20
-26
1
50
-26
-28
30
-10
-10
32
-7
-19
12
1
-31
15
30
-27
-22
30
-5
-38
21
3
-10
13
2
-17
8
21
-23
-9
7
-10
4
6
-8
14
0
-22
-15
16
5
-10
19
-1
-12
6
2
-21
-2
16
5
-14
2
15
-8
-2
-1
-1
4
-10
4
17
1
4
4
