8
6
3
2
0
-2
-5
-9
-9
-10
-10
-12
-13
-13
-13
-14
-16
-18
-15
-13
-11
-8
-6
-3
1
4
9
11
15
17
21
24
26
26
27
31
33
33
33
32
32
30
28
26
25
22
21
20
19
17
17
14
10
6
2
-3
-7
-10
-10
-10
-12
-15
-18
-22
-24
-25
-29
-31
-32
-34
-37
-37
-38
-40
-38
-38
-36
-34
-32
-33
-33
-31
-30
-27
-23
-21
-16
-12
-8
-2
4
8
14
21
28
33
35
36
36
35
33
30
27
22
19
13
9
4
-2
-7
-11
-12
-10
-10
-11
-14
-16
-17
-19
-22
-24
-25
-22
-17
-12
-6
0
5
14
22
29
34
36
37
37
37
38
39
40
40
41
41
39
38
34
28
22
16
11
6
5
5
3
2
2
2
1
-1
-2
-2
-3
-5
-9
-11
-12
-15
-18
-19
-22
-24
-27
-30
-32
-34
-36
-36
-35
-36
-37
-37
-39
-40
-40
-39
-40
-52
-52
-47
-43
-34
-40
-40
-33
-31
-25
-24
-20
-12
-6
-1
5
12
20
26
38
51
79
108
130
162
180
209
239
237
237
222
200
193
166
133
99
61
32
-1
-29
-54
-70
-87
-109
-123
-139
-154
-176
-211
-232
-242
-248
-241
-238
-218
-179
-134
-79
-24
33
87
137
178
213
247
262
266
265
258
262
261
252
248
240
239
240
227
211
189
167
150
124
97
71
49
33
19
6
-4
-13
-22
-33
-44
-58
-76
-97
-127
-160
-191
-227
-258
-301
-337
-359
-383
-398
-424
-453
-464
-479
-491
-504
-532
-541
-537
-534
-519
-514
-495
-451
-407
-349
-295
-238
-172
-110
-53
-4
37
69
94
117
143
187
252
335
451
586
750
922
1044
1131
1166
1161
1138
1043
910
762
603
459
309
163
36
-67
-143
-196
-222
-245
-272
-324
-410
-515
-629
-744
-831
-903
-919
-869
-777
-638
-473
-289
-95
97
277
439
578
682
743
759
733
681
608
527
459
410
385
378
383
389
384
365
329
276
210
140
72
11
-39
-79
-110
-130
-143
-143
-134
-115
-95
-77
-69
-78
-107
-159
-234
-329
-435
-542
-645
-733
-805
-858
-887
-901
-903
-896
-888
-871
-847
-816
-770
-716
-647
-564
-470
-364
-257
-147
-43
55
141
211
265
301
318
322
315
303
292
296
327
400
526
707
937
1194
1444
1651
1780
1811
1739
1566
1314
1008
679
353
48
-221
-443
-617
-730
-785
-785
-743
-694
-662
-671
-732
-838
-981
-1122
-1229
-1273
-1235
-1114
-920
-667
-380
-76
222
495
727
907
1024
1071
1053
975
850
700
544
404
297
226
201
206
233
269
301
317
309
280
231
168
105
50
13
-2
10
46
101
163
225
274
297
284
231
138
10
-141
-303
-463
-609
-728
-813
-865
-881
-869
-838
-796
-750
-709
-677
-654
-632
-611
-586
-553
-507
-450
-381
-305
-225
-144
-61
11
76
123
144
143
117
73
27
-1
15
95
248
474
762
1077
1377
1618
1755
1772
1661
1423
1087
683
253
-161
-533
-830
-1039
-1150
-1169
-1101
-970
-813
-666
-568
-540
-594
-718
-890
-1060
-1186
-1222
-1135
-922
-593
-173
295
764
1186
1521
1743
1829
1784
1618
1352
1029
679
357
100
-66
-128
-91
31
199
378
537
638
676
645
561
442
314
196
111
69
72
115
190
278
362
429
455
428
339
194
1
-216
-437
-640
-805
-923
-992
-1023
-1028
-1020
-1014
-1024
-1047
-1081
-1115
-1135
-1131
-1096
-1029
-939
-830
-709
-581
-450
-322
-205
-103
-17
35
52
30
-29
-103
-179
-232
-224
-132
63
362
756
1208
1659
2054
2329
2438
2363
2088
1629
1032
361
-306
-909
-1385
-1689
-1810
-1747
-1528
-1199
-827
-491
-254
-151
-202
-390
-673
-989
-1252
-1387
-1330
-1056
-571
82
830
1576
2223
2683
2892
2829
2510
1985
1329
637
6
-489
-792
-878
-768
-502
-135
261
625
892
1033
1031
898
675
405
144
-57
-156
-127
14
233
485
708
851
882
778
547
218
-166
-552
-896
-1167
-1339
-1402
-1367
-1254
-1106
-965
-869
-844
-890
-996
-1135
-1275
-1378
-1413
-1364
-1221
-996
-722
-435
-178
20
144
195
177
89
-60
-235
-390
-492
-526
-484
-344
-43
502
1275
2120
2832
3245
3328
3113
2589
1736
592
-650
-1716
-2429
-2777
-2872
-2794
-2510
-1953
-1149
-288
371
676
643
378
-47
-630
-1305
-1880
-2098
-1799
-1030
14
1140
2228
3196
3910
4190
3921
3140
2043
861
-249
-1173
-1803
-2015
-1748
-1078
-192
693
1422
1918
2142
2061
1680
1076
393
-205
-594
-727
-601
-224
362
1062
1720
2167
2289
2064
1548
813
-53
-946
-1738
-2296
-2536
-2461
-2149
-1697
-1202
-746
-410
-261
-327
-567
-887
-1190
-1415
-1534
-1536
-1418
-1191
-896
-600
-377
-280
-301
-395
-513
-635
-755
-860
-895
-785
-530
-226
1
133
323
783
1586
2525
3219
3443
3248
2821
2220
1304
-13
-1508
-2729
-3333
-3351
-3088
-2804
-2485
-1896
-919
232
1129
1452
1236
742
159
-509
-1299
-2014
-2298
-1895
-857
496
1818
2918
3736
4193
4132
3420
2161
701
-560
-1400
-1814
-1837
-1429
-563
635
1852
2743
3113
2960
2409
1594
626
-360
-1167
-1569
-1433
-809
113
1120
2053
2784
3159
3058
2464
1501
369
-746
-1700
-2387
-2728
-2678
-2264
-1615
-943
-440
-182
-153
-308
-623
-1056
-1485
-1767
-1823
-1661
-1346
-986
-705
-603
-694
-937
-1294
-1733
-2154
-2388
-2326
-2006
-1534
-956
-249
521
1186
1554
1550
1319
1190
1504
2254
2953
3120
2804
2447
2224
1714
451
-1373
-3017
-3886
-3959
-3630
-3263
-2948
-2416
-1307
335
1894
2639
2445
1812
1135
347
-732
-1862
-2498
-2285
-1257
259
1822
3047
3766
4048
3901
3108
1596
-216
-1669
-2401
-2501
-2116
-1208
197
1834
3319
4319
4577
3944
2589
1006
-398
-1535
-2385
-2712
-2230
-1040
418
1773
2859
3580
3758
3310
2362
1104
-279
-1571
-2511
-2949
-2970
-2692
-2138
-1340
-506
42
161
-13
-262
-478
-684
-889
-1021
-1011
-832
-540
-297
-317
-723
-1411
-2129
-2726
-3223
-3609
-3679
-3212
-2273
-1152
-82
850
1555
1882
1775
1346
797
397
552
1523
2944
3986
4181
3837
3379
2561
819
-1755
-4219
-5642
-5829
-5154
-4069
-2882
-1657
-186
1650
3367
4077
3422
2003
634
-494
-1625
-2661
-3060
-2434
-893
1115
3021
4284
4613
4162
3245
1901
74
-1870
-3189
-3420
-2749
-1589
-126
1542
3117
4195
4537
4083
2843
1092
-565
-1598
-1926
-1777
-1240
-210
1169
2418
3122
3220
2872
2172
1192
96
-925
-1722
-2178
-2218
-1880
-1399
-1002
-722
-495
-329
-381
-685
-1033
-1177
-998
-613
-224
60
205
241
153
-154
-738
-1568
-2470
-3186
-3540
-3505
-3208
-2723
-2020
-1139
-272
335
602
599
360
-60
-498
-778
-821
-413
939
3392
5971
7184
6596
5174
3819
2131
-729
-4324
-7011
-7593
-6282
-4115
-2027
-531
407
1331
2588
3606
3364
1736
-200
-1401
-1858
-2111
-2265
-1944
-923
675
2437
3708
3923
3147
2100
1282
385
-934
-2163
-2420
-1586
-394
583
1403
2171
2655
2665
2290
1585
460
-850
-1664
-1536
-773
47
758
1530
2290
2671
2518
2018
1363
621
-128
-704
-1008
-1128
-1155
-1082
-934
-860
-971
-1145
-1162
-1002
-830
-723
-566
-221
249
622
735
574
221
-236
-750
-1331
-1985
-2609
-3012
-3049
-2758
-2272
-1681
-1033
-409
71
306
248
-44
-374
-543
-549
-432
146
1787
4374
6538
6874
5458
3578
1997
102
-2754
-5842
-7586
-7137
-5042
-2554
-750
-35
80
507
1505
2221
1698
195
-1054
-1268
-822
-494
-468
-355
228
1291
2334
2672
2098
1152
577
439
165
-458
-895
-599
294
1182
1681
1821
1740
1597
1530
1439
1004
125
-751
-973
-412
464
1180
1653
2038
2373
2513
2283
1625
698
-172
-722
-960
-1079
-1177
-1196
-1091
-940
-878
-952
-1098
-1171
-995
-549
-69
172
180
244
496
636
314
-435
-1209
-1681
-1879
-1973
-2067
-2161
-2185
-2038
-1713
-1364
-1178
-1141
-1069
-879
-685
-612
-574
-246
820
2846
5256
6797
6589
4988
3033
1101
-1327
-4427
-7147
-8025
-6650
-3999
-1492
-20
373
322
575
1195
1461
807
-349
-999
-749
-186
41
-34
37
478
1125
1630
1708
1324
805
603
747
808
532
245
430
1042
1559
1642
1432
1239
1190
1205
1094
698
76
-395
-287
442
1372
2060
2437
2724
3030
3168
2830
1880
547
-733
-1622
-2075
-2265
-2299
-2141
-1750
-1211
-741
-509
-527
-654
-688
-541
-310
-115
54
289
528
544
141
-647
-1552
-2295
-2730
-2858
-2781
-2501
-1974
-1335
-865
-739
-828
-921
-1020
-1149
-1200
-1095
-761
159
2181
4961
6862
6487
4330
2124
624
-1126
-3905
-6664
-7517
-5786
-2603
194
1379
907
-149
-458
287
1058
840
-55
-478
41
812
907
161
-795
-1155
-542
563
1228
1149
1034
1616
2482
2538
1555
482
187
525
872
1003
1090
1258
1508
1769
1730
960
-449
-1647
-1767
-788
632
1955
3104
4056
4574
4398
3486
1959
77
-1703
-2871
-3199
-2887
-2315
-1723
-1194
-812
-685
-843
-1106
-1177
-927
-455
37
411
660
753
562
71
-596
-1266
-1841
-2284
-2452
-2217
-1724
-1275
-1023
-875
-751
-833
-1274
-1764
-1883
-1553
-717
1025
3846
6689
7735
6270
3404
516
-2211
-5166
-7892
-9067
-7877
-4790
-1120
1636
2432
1447
97
-310
143
439
201
82
572
1292
1577
1139
85
-1189
-1973
-1681
-569
507
1193
1869
2656
2955
2331
1261
507
221
228
631
1513
2452
2944
3059
2995
2416
916
-1018
-2232
-2101
-961
633
2344
3802
4563
4485
3794
2574
817
-1065
-2306
-2575
-2289
-1919
-1474
-933
-650
-930
-1499
-1805
-1661
-1204
-507
327
955
993
523
-66
-724
-1680
-2772
-3273
-2726
-1548
-516
-32
-6
-246
-622
-994
-1292
-1535
-1647
-1425
-759
378
2127
4486
6649
7234
5613
2648
-331
-2930
-5498
-7847
-8871
-7651
-4567
-1188
782
565
-1130
-2605
-2554
-1114
530
1570
2183
2758
3114
2650
1109
-1019
-2742
-3172
-2121
-313
1200
1985
2326
2480
2160
1036
-491
-1463
-1231
47
1730
3206
4127
4385
3991
2984
1409
-490
-2074
-2547
-1485
751
3212
4958
5524
5049
3948
2516
957
-430
-1196
-1073
-289
590
1017
627
-661
-2524
-4244
-5087
-4734
-3312
-1179
1164
3053
3875
3430
1973
38
-1805
-3094
-3551
-3207
-2270
-1009
127
606
121
-1170
-2688
-3881
-4372
-4011
-3018
-1641
365
3450
7129
9492
8861
5708
2113
-544
-2701
-5161
-7385
-8000
-6428
-3636
-1438
-1189
-2898
-5034
-5578
-3779
-832
1410
2286
2459
2554
2350
1253
-689
-2470
-2849
-1310
1337
3479
4090
3436
2323
1041
-590
-2307
-3197
-2596
-728
1635
3687
4815
4741
3741
2481
1345
212
-881
-1278
-336
1679
3697
4732
4531
3460
2133
1106
618
575
871
1558
2463
2972
2447
844
-1191
-2875
-3739
-3678
-2838
-1490
80
1497
2223
1799
330
-1408
-2548
-2769
-2230
-1200
-21
932
1396
1276
562
-775
-2466
-3752
-4011
-3390
-2533
-1884
-1295
-276
1430
3350
4375
3671
1638
-343
-1369
-1915
-2875
-4063
-4327
-3050
-1126
-247
-1352
-3848
-6034
-6326
-4417
-1514
721
1529
1328
812
114
-1013
-2379
-3090
-2259
91
2890
4781
5100
4145
2618
985
-555
-1634
-1655
-330
1809
3635
4238
3508
2046
587
-401
-779
-605
61
1172
2572
3874
4512
4108
2880
1581
901
993
1589
2329
2940
3187
2826
1813
334
-1281
-2625
-3270
-2928
-1747
-303
790
1209
895
-60
-1344
-2405
-2730
-2222
-1180
19
1080
1699
1614
875
-120
-899
-1312
-1550
-1739
-1783
-1606
-1345
-1157
-817
241
2066
3670
3841
2382
259
-1521
-2834
-4140
-5428
-5905
-4925
-2889
-1159
-1033
-2607
-4607
-5401
-4241
-1824
337
1189
784
-143
-1013
-1772
-2523
-2934
-2304
-338
2277
4173
4346
2960
1023
-528
-1369
-1526
-938
493
2537
4489
5463
5008
3449
1692
612
418
754
1266
1908
2730
3503
3726
3030
1606
186
-435
58
1299
2597
3444
3664
3249
2258
872
-525
-1508
-1853
-1567
-848
-4
593
599
-78
-1199
-2316
-2997
-3035
-2498
-1653
-816
-203
107
145
23
-136
-165
31
321
407
68
-550
-904
-419
1010
2702
3527
2797
872
-1247
-2879
-4019
-4917
-5331
-4579
-2525
-221
705
-552
-3139
-5235
-5531
-4028
-1748
68
648
-34
-1422
-2878
-3991
-4502
-3998
-2082
942
3887
5367
4833
2871
584
-1151
-1948
-1714
-517
1281
2970
3803
3448
2162
618
-470
-610
332
2038
3843
5074
5409
4958
4038
2893
1770
1036
1039
1717
2531
2858
2393
1248
-198
-1410
-1937
-1698
-973
-80
893
1826
2341
2030
913
-507
-1712
-2449
-2650
-2363
-1811
-1328
-1143
-1257
-1532
-1804
-1891
-1651
-1047
-215
620
1302
1776
2216
2961
4019
4718
4124
1974
-947
-3527
-5210
-6135
-6528
-6219
-4912
-2842
-1023
-610
-1893
-3846
-4756
-3604
-899
1733
2837
2110
319
-1589
-3150
-4257
-4666
-3944
-1986
544
2505
3041
2129
497
-883
-1334
-718
630
2157
3363
3885
3514
2306
707
-568
-945
-351
786
1928
2731
3119
3157
2908
2505
2183
2214
2724
3525
4182
4291
3732
2722
1594
574
-242
-797
-1068
-1093
-971
-857
-865
-978
-1039
-859
-423
37
227
23
-455
-971
-1340
-1514
-1528
-1409
-1172
-841
-565
-586
-919
-1138
-562
1179
3646
5627
5928
4336
1710
-816
-2646
-3890
-4818
-5281
-4862
-3613
-2436
-2450
-3856
-5546
-5946
-4370
-1596
815
1674
849
-899
-2600
-3596
-3661
-2833
-1245
764
2523
3284
2643
908
-1028
-2204
-2128
-959
681
2036
2552
2096
962
-301
-1132
-1093
-14
1840
3760
4908
4805
3587
1895
511
14
587
2013
3763
5176
5703
5089
3517
1584
-18
-859
-917
-418
315
952
1218
986
338
-441
-982
-1038
-652
-96
310
393
130
-436
-1212
-2003
-2505
-2480
-2009
-1410
-977
-841
-883
-737
78
1790
3965
5554
5602
3979
1376
-1256
-3210
-4211
-4367
-3914
-3073
-2176
-1835
-2656
-4497
-6230
-6442
-4588
-1518
1161
2168
1212
-1045
-3436
-4878
-4818
-3377
-1154
1129
2789
3256
2287
232
-1997
-3397
-3389
-2015
181
2350
3649
3643
2529
919
-513
-1244
-979
215
1830
3125
3565
3119
2197
1317
877
1046
1755
2760
3730
4342
4358
3749
2751
1798
1307
1375
1728
1913
1608
868
22
-641
-992
-1019
-739
-233
293
559
405
-99
-675
-1021
-1019
-767
-481
-351
-474
-800
-1088
-973
-174
1226
2679
3446
3097
1811
132
-1420
-2561
-3185
-3238
-2709
-1838
-1265
-1687
-3231
-5127
-6159
-5550
-3570
-1349
-83
-269
-1523
-3013
-4003
-4103
-3234
-1576
411
2048
2683
2034
407
-1445
-2685
-2779
-1717
0
1615
2477
2331
1387
141
-907
-1420
-1225
-311
1091
2467
3195
2952
1969
928
515
963
1959
2989
3699
4010
3934
3417
2440
1244
331
197
948
2136
3037
3151
2510
1560
749
238
-44
-147
-8
406
883
1028
568
-369
-1281
-1685
-1473
-945
-527
-426
-516
-504
-173
512
1421
2291
2800
2671
1829
461
-1054
-2308
-3034
-3167
-2828
-2256
-1777
-1751
-2361
-3381
-4208
-4223
-3257
-1772
-579
-282
-922
-2026
-2999
-3472
-3336
-2644
-1544
-331
552
675
-90
-1444
-2761
-3401
-3036
-1753
9
1676
2787
3126
2754
1920
964
234
-14
319
1098
1970
2501
2403
1695
674
-257
-811
-880
-479
329
1434
2591
3441
3715
3432
2908
2519
2428
2511
2534
2353
1980
1497
975
489
126
-35
3
125
171
38
-235
-508
-668
-699
-671
-657
-668
-635
-466
-108
394
926
1345
1500
1299
772
76
-546
-916
-1013
-968
-922
-893
-805
-632
-482
-520
-775
-1071
-1218
-1240
-1368
-1778
-2323
-2648
-2545
-2185
-1926
-1935
-2036
-1919
-1518
-1098
-995
-1301
-1796
-2197
-2399
-2480
-2519
-2427
-2040
-1317
-423
363
854
1043
1016
874
723
693
920
1420
2025
2464
2532
2231
1725
1218
817
557
461
544
796
1099
1311
1380
1409
1560
1891
2281
2542
2577
2445
2310
2303
2426
2573
2596
2403
1960
1279
421
-530
-1444
-2133
-2403
-2141
-1397
-420
461
1008
1196
1176
1123
1072
939
661
287
-46
-244
-379
-625
-1086
-1647
-2049
-2114
-1869
-1510
-1231
-1085
-1017
-994
-1056
-1260
-1565
-1835
-1994
-2089
-2238
-2495
-2802
-3051
-3180
-3209
-3143
-2938
-2558
-2057
-1571
-1190
-836
-368
269
942
1421
1576
1465
1258
1058
865
672
538
586
843
1179
1412
1465
1426
1467
1675
2004
2332
2570
2694
2719
2626
2369
1969
1530
1209
1088
1092
1078
951
755
629
669
851
1069
1208
1205
1044
726
271
-239
-649
-811
-689
-414
-192
-135
-217
-356
-519
-703
-885
-938
-725
-242
311
641
575
160
-397
-912
-1283
-1501
-1607
-1665
-1762
-1965
-2270
-2561
-2681
-2553
-2212
-1746
-1224
-717
-345
-266
-584
-1216
-1895
-2305
-2300
-1972
-1548
-1192
-926
-680
-391
-64
237
497
790
1214
1766
2299
2600
2568
2279
1927
1699
1641
1655
1619
1493
1324
1151
954
722
514
446
574
850
1150
1355
1431
1408
1332
1218
1047
842
654
523
426
305
133
-55
-187
-194
-73
119
299
379
289
19
-338
-642
-791
-776
-651
-502
-364
-250
-183
-228
-430
-730
-987
-1059
-903
-601
-320
-230
-408
-810
-1329
-1868
-2344
-2696
-2874
-2852
-2624
-2205
-1657
-1096
-668
-480
-543
-756
-933
-929
-709
-323
150
624
1013
1238
1245
1036
702
411
304
427
714
1042
1298
1405
1342
1170
1007
980
1154
1501
1897
2167
2194
1954
1516
1016
603
383
394
563
766
868
792
547
200
-162
-452
-589
-502
-212
160
435
491
367
248
302
541
802
876
690
359
51
-164
-342
-555
-767
-844
-724
-528
-504
-796
-1268
-1614
-1609
-1247
-745
-349
-194
-294
-611
-1121
-1769
-2387
-2755
-2764
-2497
-2177
-1998
-1989
-2053
-2087
-2054
-1940
-1664
-1113
-309
516
1070
1237
1156
1090
1198
1436
1651
1768
1835
1911
1957
1872
1632
1358
1212
1245
1358
1400
1293
1084
889
776
737
762
868
1058
1275
1384
1296
1040
752
569
517
506
436
287
107
-54
-204
-381
-595
-768
-795
-628
-320
-6
195
241
159
27
-76
-104
-49
64
197
315
409
463
427
252
-45
-372
-641
-831
-1011
-1266
-1626
-2034
-2402
-2690
-2880
-2935
-2798
-2457
-2010
-1593
-1292
-1102
-980
-929
-1000
-1220
-1506
-1669
-1560
-1214
-798
-436
-122
227
630
1002
1248
1379
1536
1849
2298
2741
3045
3173
3141
2926
2493
1897
1331
1001
982
1173
1386
1494
1471
1353
1166
916
642
438
362
403
478
492
415
240
-37
-410
-832
-1181
-1324
-1234
-995
-729
-486
-229
65
343
481
418
221
7
-162
-316
-522
-752
-878
-806
-584
-376
-313
-386
-492
-548
-535
-489
-466
-481
-548
-717
-1036
-1468
-1857
-2071
-2136
-2162
-2209
-2238
-2183
-2060
-1976
-2001
-2071
-1985
-1624
-1090
-605
-287
-36
297
728
1132
1397
1554
1739
2026
2320
2448
2350
2158
2043
2041
2050
2005
1982
2079
2288
2458
2418
2155
1825
1593
1473
1336
1087
793
591
520
455
262
-59
-387
-587
-639
-634
-647
-640
-519
-308
-151
-134
-206
-266
-308
-422
-669
-992
-1235
-1257
-1091
-921
-865
-862
-767
-570
-419
-437
-594
-731
-693
-486
-299
-340
-659
-1112
-1535
-1855
-2054
-2119
-2058
-1908
-1735
-1621
-1615
-1686
-1753
-1740
-1641
-1454
-1155
-751
-326
-2
165
227
292
437
660
898
1106
1308
1558
1845
2079
2177
2162
2115
2078
2044
2000
1965
1991
2107
2257
2342
2309
2213
2142
2086
1953
1703
1404
1189
1114
1084
954
668
312
14
-203
-433
-748
-1100
-1353
-1406
-1286
-1083
-888
-730
-582
-447
-396
-487
-685
-885
-1004
-1036
-1016
-991
-976
-959
-940
-946
-998
-1069
-1114
-1127
-1172
-1308
-1538
-1791
-1965
-2000
-1897
-1703
-1475
-1258
-1098
-1038
-1104
-1269
-1446
-1544
-1495
-1275
-926
-544
-228
-30
69
139
255
477
807
1171
1489
1718
1842
1871
1829
1745
1663
1646
1753
1991
2281
2492
2543
2437
2231
2001
1785
1600
1479
1435
1448
1469
1428
1297
1102
878
668
498
402
403
460
486
397
192
-37
-202
-295
-389
-574
-853
-1145
-1385
-1571
-1728
-1854
-1875
-1716
-1392
-1014
-726
-601
-599
-645
-694
-758
-863
-1032
-1267
-1570
-1941
-2337
-2658
-2795
-2722
-2498
-2188
-1821
-1398
-963
-624
-463
-462
-493
-414
-195
59
230
297
323
380
477
602
747
928
1150
1354
1448
1405
1292
1210
1223
1315
1439
1575
1714
1839
1908
1872
1741
1593
1507
1499
1510
1460
1329
1154
989
881
836
831
825
769
630
411
149
-88
-242
-273
-184
-15
179
327
360
262
59
-183
-381
-492
-532
-567
-669
-862
-1121
-1401
-1647
-1809
-1864
-1806
-1659
-1479
-1356
-1353
-1470
-1660
-1849
-1969
-1990
-1905
-1743
-1544
-1341
-1174
-1072
-1038
-1041
-1042
-1014
-931
-794
-629
-457
-277
-77
155
420
720
1038
1337
1591
1789
1924
1994
2011
1999
1977
1957
1927
1866
1762
1624
1492
1398
1347
1327
1315
1287
1230
1143
1043
960
916
910
913
885
792
610
356
70
-197
-388
-465
-415
-259
-66
97
184
166
62
-90
-261
-421
-551
-648
-720
-792
-885
-1006
-1139
-1258
-1326
-1334
-1314
-1310
-1386
-1577
-1881
-2235
-2548
-2729
-2721
-2519
-2174
-1792
-1480
-1290
-1231
-1258
-1290
-1255
-1115
-890
-623
-353
-121
68
230
395
588
807
1041
1274
1480
1636
1743
1807
1843
1863
1871
1874
1877
1886
1915
1985
2080
2186
2279
2319
2286
2179
2017
1825
1624
1437
1271
1114
951
767
575
391
236
132
82
73
83
86
70
26
-44
-144
-270
-425
-609
-799
-987
-1146
-1252
-1304
-1301
-1267
-1246
-1274
-1368
-1516
-1680
-1812
-1884
-1895
-1876
-1889
-1971
-2138
-2360
-2580
-2743
-2795
-2725
-2548
-2295
-1999
-1689
-1390
-1113
-864
-643
-461
-309
-171
-22
165
389
644
897
1106
1256
1341
1378
1402
1446
1531
1655
1803
1941
2050
2120
2156
2179
2213
2261
2316
2369
2398
2380
2315
2206
2077
1938
1792
1653
1527
1418
1322
1235
1133
1004
840
646
451
278
156
112
139
200
252
245
139
-57
-312
-585
-832
-1028
-1164
-1252
-1321
-1399
-1503
-1641
-1794
-1943
-2078
-2206
-2346
-2511
-2705
-2901
-3064
-3152
-3139
-3024
-2834
-2623
-2447
-2336
-2280
-2243
-2177
-2035
-1790
-1466
-1112
-787
-536
-373
-279
-208
-94
97
371
704
1048
1356
1604
1793
1941
2075
2211
2354
2490
2589
2630
2605
2521
2401
2277
2172
2104
2086
2105
2151
2210
2261
2282
2254
2176
2046
1874
1683
1490
1315
1165
1042
948
876
820
768
702
605
477
315
128
-58
-219
-337
-406
-441
-471
-534
-659
-856
-1117
-1418
-1717
-1991
-2228
-2435
-2627
-2819
-3020
-3207
-3354
-3438
-3437
-3353
-3202
-3013
-2821
-2643
-2486
-2352
-2232
-2113
-1974
-1814
-1636
-1438
-1228
-1005
-768
-520
-255
22
307
592
866
1115
1324
1480
1586
1648
1684
1714
1757
1823
1902
1979
2042
2073
2082
2093
2122
2191
2295
2413
2511
2553
2515
2403
2240
2061
1894
1751
1618
1480
1320
1134
950
796
699
679
721
795
861
886
847
742
586
398
201
10
-169
-337
-500
-655
-805
-954
-1102
-1253
-1425
-1621
-1844
-2085
-2325
-2540
-2707
-2811
-2857
-2864
-2846
-2821
-2801
-2774
-2730
-2657
-2556
-2423
-2258
-2070
-1866
-1650
-1427
-1190
-939
-681
-417
-168
46
214
334
410
459
501
564
655
784
943
1118
1287
1433
1551
1637
1699
1750
1796
1857
1928
1998
2052
2079
2079
2050
2004
1947
1875
1795
1700
1593
1486
1387
1319
1293
1301
1323
1327
1285
1170
996
787
582
427
339
300
289
261
180
33
-164
-368
-539
-664
-749
-821
-921
-1081
-1305
-1564
-1821
-2032
-2162
-2211
-2204
-2183
-2166
-2171
-2201
-2228
-2234
-2212
-2169
-2125
-2082
-2042
-1996
-1912
-1767
-1555
-1289
-998
-711
-454
-231
-27
176
393
621
838
1004
1086
1070
972
834
705
634
659
777
961
1165
1332
1434
1466
1452
1429
1433
1481
1579
1705
1829
1908
1906
1815
1648
1438
1231
1062
945
880
853
845
834
812
782
757
743
738
730
695
607
464
275
65
-140
-326
-473
-595
-710
-831
-962
-1112
-1272
-1425
-1563
-1692
-1811
-1920
-2014
-2083
-2104
-2057
-1941
-1773
-1577
-1389
-1245
-1167
-1148
-1158
-1158
-1113
-1005
-850
-680
-534
-440
-397
-397
-407
-381
-293
-145
39
229
390
502
570
627
698
805
952
1120
1278
1389
1435
1417
1357
1291
1247
1236
1246
1252
1228
1156
1045
919
804
727
701
722
772
831
883
912
920
914
901
886
856
800
716
596
454
305
156
26
-77
-153
-205
-250
-303
-371
-458
-559
-661
-767
-880
-1002
-1136
-1277
-1414
-1536
-1628
-1691
-1728
-1738
-1732
-1718
-1701
-1669
-1613
-1529
-1413
-1259
-1084
-898
-717
-558
-426
-306
-196
-79
43
163
273
357
400
407
381
341
309
302
329
387
472
574
679
780
879
975
1065
1145
1222
1286
1336
1371
1389
1390
1370
1330
1270
1193
1102
1003
900
798
705
622
553
500
468
463
482
516
547
558
530
453
331
176
11
-143
-274
-371
-446
-518
-596
-688
-791
-907
-1023
-1125
-1212
-1287
-1348
-1398
-1446
-1488
-1518
-1533
-1521
-1477
-1406
-1321
-1244
-1180
-1138
-1116
-1104
-1083
-1046
-984
-886
-759
-616
-458
-287
-110
72
251
426
580
713
814
874
904
910
908
909
925
955
984
1005
1013
1012
1000
987
978
980
995
1023
1056
1085
1106
1115
1113
1097
1063
1016
957
894
836
786
744
709
677
629
556
456
329
183
32
-102
-210
-289
-335
-359
-384
-420
-473
-547
-640
-745
-842
-925
-997
-1069
-1132
-1197
-1270
-1334
-1390
-1420
-1427
-1417
-1382
-1331
-1267
-1191
-1113
-1033
-953
-878
-806
-741
-690
-639
-596
-554
-505
-448
-379
-296
-199
-93
23
150
280
417
546
658
757
837
906
968
1024
1081
1132
1168
1179
1158
1115
1052
978
909
854
817
806
807
816
824
824
823
822
819
817
816
818
811
793
766
726
677
620
555
486
406
316
220
106
-18
-145
-271
-382
-473
-548
-606
-656
-714
-787
-869
-956
-1037
-1106
-1154
-1176
-1179
-1171
-1167
-1175
-1200
-1239
-1278
-1307
-1315
-1293
-1242
-1172
-1096
-1024
-957
-903
-849
-787
-712
-624
-519
-401
-282
-166
-57
40
118
187
252
317
384
457
534
621
724
845
975
1106
1229
1337
1412
1456
1479
1484
1480
1474
1460
1433
1388
1321
1230
1117
994
880
783
709
658
621
591
560
525
488
451
415
382
349
308
260
202
132
46
-55
-171
-297
-429
-565
-700
-827
-936
-1022
-1087
-1132
-1163
-1188
-1217
-1255
-1291
-1321
-1336
-1333
-1312
-1279
-1242
-1213
-1194
-1192
-1200
-1209
-1203
-1173
-1114
-1027
-916
-797
-680
-579
-483
-393
-299
-190
-64
76
217
348
453
531
583
613
634
665
720
800
895
996
1090
1163
1217
1252
1271
1283
1299
1328
1361
1392
1416
1417
1395
1352
1287
1204
1111
1018
928
837
741
637
526
409
289
181
87
9
-57
-115
-170
-232
-300
-373
-449
-510
-555
-586
-607
-631
-666
-714
-775
-835
-893
-943
-986
-1021
-1049
-1079
-1109
-1136
-1158
-1174
-1179
-1174
-1165
-1147
-1123
-1086
-1042
-989
-924
-851
-768
-677
-592
-510
-424
-335
-240
-142
-42
60
154
242
326
399
469
534
593
651
709
764
819
869
908
948
989
1029
1067
1101
1129
1155
1168
1170
1157
1135
1110
1078
1043
1001
948
893
833
770
708
640
571
507
437
369
298
218
133
41
-56
-157
-264
-373
-485
-592
-696
-782
-849
-905
-946
-973
-981
-974
-968
-959
-955
-948
-943
-944
-944
-944
-941
-931
-914
-895
-876
-853
-821
-777
-732
-679
-619
-553
-482
-410
-338
-265
-192
-119
-44
29
100
167
231
296
361
423
484
535
585
636
684
730
774
810
843
870
893
911
913
911
914
916
917
912
895
870
839
799
752
698
647
599
550
506
461
413
363
304
239
171
95
15
-65
-143
-219
-294
-363
-429
-496
-560
-617
-668
-720
-766
-811
-852
-882
-910
-933
-947
-953
-944
-929
-907
-874
-832
-783
-736
-690
-644
-603
-561
-515
-472
-423
-368
-302
-227
-152
-77
-8
52
107
157
205
249
295
338
376
417
457
495
528
556
585
615
644
673
693
705
712
713
709
697
679
667
658
650
641
625
607
587
559
529
490
451
411
371
325
279
232
181
133
82
34
-15
-64
-115
-168
-223
-279
-333
-390
-444
-496
-541
-574
-607
-640
-669
-694
-716
-733
-744
-749
-752
-752
-749
-744
-733
-716
-695
-668
-635
-596
-555
-510
-460
-409
-355
-301
-245
-186
-125
-64
-3
57
116
172
225
276
322
367
411
449
488
520
552
581
606
631
648
664
678
687
695
701
702
700
693
683
669
652
631
608
583
558
532
506
480
449
420
387
352
313
270
226
173
115
51
-13
-82
-154
-227
-298
-368
-437
-500
-554
-602
-644
-676
-702
-723
-738
-746
-751
-754
-758
-761
-761
-761
-764
-765
-765
-764
-757
-742
-722
-695
-661
-619
-565
-504
-439
-366
-292
-218
-146
-75
-6
56
117
173
225
278
327
370
411
454
496
534
570
603
637
665
694
721
743
764
777
786
790
790
783
773
757
740
720
696
673
645
613
579
543
503
459
414
365
319
272
220
166
112
55
-5
-65
-125
-185
-243
-304
-363
-418
-469
-515
-556
-594
-628
-660
-689
-716
-741
-761
-777
-789
-794
-793
-787
-776
-757
-740
-720
-695
-669
-638
-606
-574
-540
-503
-462
-421
-378
-334
-288
-244
-201
-158
-116
-71
-25
24
74
126
179
230
282
335
386
434
479
522
560
597
631
661
690
712
730
747
762
775
783
791
793
793
790
785
775
757
737
713
682
648
606
561
508
449
391
329
266
202
135
67
3
-62
-132
-196
-260
-321
-377
-432
-483
-530
-572
-609
-645
-675
-693
-709
-727
-741
-753
-760
-758
-755
-747
-739
-728
-712
-692
-672
-649
-623
-591
-560
-527
-493
-459
-423
-387
-352
-316
-278
-243
-202
-160
-118
-75
-30
19
67
118
169
218
266
313
362
413
459
503
540
576
610
638
666
685
702
716
725
734
737
731
726
715
704
686
658
631
601
567
532
490
445
401
352
300
247
192
134
80
27
-24
-74
-129
-181
-230
-274
-319
-362
-402
-436
-469
-492
-509
-529
-546
-562
-569
-565
-565
-562
-556
-550
-534
-519
-507
-490
-477
-456
-434
-417
-393
-369
-347
-319
-293
-269
-243
-217
-187
-160
-136
-112
-86
-61
-35
-8
19
44
69
95
119
144
169
195
219
247
276
304
333
355
375
398
419
441
456
466
477
483
488
492
484
474
463
449
437
416
387
362
332
304
272
238
206
174
141
107
77
47
15
-15
-45
-76
-106
-133
-158
-184
-210
-226
-247
-268
-289
-306
-317
-329
-345
-356
-367
-374
-376
-380
-381
-381
-382
-373
-363
-349
-336
-323
-307
-290
-276
-259
-243
-221
-198
-174
-149
-127
-99
-74
-51
-30
-8
14
33
53
76
92
112
128
144
162
175
189
204
217
231
244
260
276
284
293
307
315
323
327
330
334
332
329
324
314
303
290
272
257
235
211
187
162
138
108
79
53
26
-3
-33
-56
-78
-100
-121
-140
-156
-170
-185
-197
-207
-212
-216
-220
-221
-223
-225
-224
-222
-219
-221
-224
-221
-217
-217
-216
-215
-209
-203
-199
-193
-188
-181
-173
-165
-154
-140
-125
-106
-87
-66
-45
-26
-5
17
39
59
78
99
115
129
143
154
162
165
166
170
170
170
168
168
167
165
162
153
148
147
143
138
133
127
125
126
122
123
123
120
119
119
115
111
101
95
89
79
72
60
49
36
18
2
-15
-27
-40
-55
-70
-87
-99
-109
-122
-130
-139
-146
-149
-151
-152
-153
-148
-144
-141
-139
-140
-135
-129
-122
-117
-115
-114
-110
-109
-106
-102
-96
-90
-81
-71
-63
-54
-46
-38
-36
-33
-26
-15
-4
9
20
31
45
56
65
77
86
97
106
113
121
129
135
139
138
135
132
128
126
122
116
109
100
91
83
75
69
63
57
49
44
38
33
28
25
19
17
14
11
9
4
0
-5
-10
-15
-19
-25
-30
-35
-39
-45
-54
-63
-69
-76
-82
-88
-91
-96
-102
-106
-109
-111
-112
-114
-113
-107
-101
-94
-86
-78
-67
-61
-54
-44
-36
-24
-13
0
9
15
21
28
35
37
39
42
46
48
50
52
54
54
55
58
60
61
60
58
57
60
62
65
67
69
69
68
69
69
68
65
64
64
63
59
53
48
42
35
28
20
12
3
-7
-16
-25
-33
-39
-47
-57
-63
-67
-72
-74
-80
-81
-80
-78
-77
-73
-70
-67
-63
-60
-57
-54
-50
-48
-45
-41
-36
-33
-30
-27
-25
-21
-21
-20
-19
-13
-9
-6
-2
3
11
16
20
25
31
38
45
48
50
58
59
61
63
66
66
66
66
66
66
64
61
59
58
54
50
47
41
30
25
26
23
15
8
3
-1
-8
-8
-10
-14
-15
-17
-17
-15
-18
-22
-23
-24
-27
-31
-34
-36
-39
-39
-40
-40
-42
-47
-48
-54
-54
-57
-59
-58
-59
-58
-54
-51
-46
-44
-43
-41
-40
-36
-33
-23
-17
-11
-3
1
4
10
14
18
19
24
27
30
34
38
43
47
47
48
49
50
49
45
44
45
45
44
42
42
42
42
42
42
41
43
46
45
44
43
41
42
42
41
38
35
32
27
21
18
13
7
0
-5
-10
-16
-25
-31
-36
-41
-47
-52
-55
-60
-65
-68
-70
-69
-71
-71
-68
-65
-64
-65
-65
-65
-65
-63
-59
-56
-55
-51
-46
-39
-34
-30
-27
-24
-22
-21
-20
-18
-15
-12
-6
2
9
17
21
29
35
40
45
48
54
63
66
74
81
84
85
85
84
85
84
83
81
81
80
78
75
72
70
65
58
52
47
41
38
34
27
20
12
5
0
-10
-16
-21
-25
-28
-30
-35
-39
-43
-48
-52
-56
-59
-63
-67
-68
-70
-73
-76
-77
-78
-81
-83
-84
-82
-81
-82
-81
-80
-76
-72
-69
-64
-64
-62
-54
-50
-43
-34
-23
-12
-6
0
5
10
13
19
28
35
40
46
53
56
62
66
70
73
71
67
66
64
68
72
79
84
85
84
80
71
61
57
62
70
77
82
85
79
65
52
46
43
42
45
50
51
43
25
7
-8
-19
-27
-25
-22
-25
-32
-43
-58
-72
-84
-91
-89
-86
-82
-78
-80
-83
-90
-97
-99
-101
-98
-90
-83
-78
-75
-76
-77
-78
-82
-82
-77
-69
-58
-45
-35
-31
-29
-29
-31
-28
-23
-13
3
15
28
37
44
50
53
54
58
67
73
85
95
101
104
105
106
103
100
96
94
92
92
96
93
91
90
83
77
68
56
47
44
43
39
39
34
26
20
11
4
-3
-14
-22
-29
-31
-36
-45
-52
-56
-63
-73
-75
-74
-76
-80
-82
-80
-83
-87
-85
-83
-80
-79
-77
-74
-70
-69
-66
-62
-56
-48
-44
-39
-33
-28
-24
-21
-18
-14
-10
-5
0
4
4
5
6
10
15
18
20
23
26
29
32
34
40
46
50
54
58
58
59
59
62
65
67
63
62
66
65
59
55
51
45
39
39
42
40
36
32
27
23
18
13
11
8
2
-4
-5
-7
-8
-10
-11
-15
-23
-26
-30
-35
-37
-41
-41
-41
-45
-46
-46
-49
-53
-58
-59
-61
-62
-61
-60
-60
-61
-60
-58
-53
-50
-49
-45
-39
-35
-31
-24
-18
-11
-6
0
2
8
14
21
22
24
28
33
37
36
38
39
39
40
41
43
43
41
38
42
45
44
43
45
51
50
52
56
58
57
54
54
57
55
50
47
40
33
28
24
19
10
3
-2
-5
-10
-19
-20
-25
-31
-35
-40
-43
-48
-52
-58
-58
-59
-62
-61
-61
-60
-61
-59
-56
-53
-52
-51
-46
-42
-40
-37
-32
-31
-31
-28
-25
-22
-20
-21
-18
-16
-15
-11
-9
-6
-1
3
5
9
14
21
29
34
40
44
50
52
53
55
57
59
59
58
59
59
59
57
54
53
51
49
49
45
41
36
33
30
27
23
22
18
12
9
4
1
-4
-10
-13
-16
-19
-25
-27
-29
-32
-36
-40
-42
-47
-50
-51
-49
-49
-52
-55
-55
-54
-53
-52
-51
-50
-48
-42
-39
-36
-34
-29
-24
-23
-22
-18
-15
-11
-9
-5
3
8
10
12
15
17
18
23
24
24
25
29
33
35
37
36
37
39
38
39
41
41
38
38
37
38
36
37
39
36
34
32
33
30
24
21
20
18
14
10
6
2
-4
-10
-14
-16
-18
-20
-18
-18
-21
-23
-24
-26
-29
-31
-32
-34
-35
-36
-36
-34
-34
-34
-30
-29
-29
-29
-26
-21
-23
-21
-15
-13
-13
-13
-13
-13
-11
-9
-7
-9
-8
-8
-6
-1
2
2
6
6
6
8
12
12
15
17
21
24
25
26
27
29
26
26
23
24
27
26
27
25
25
24
23
21
20
20
22
21
17
18
16
13
7
4
4
2
1
-3
-5
-6
-9
-10
-11
-13
-14
-14
-15
-16
-17
-18
-16
-17
-18
-21
-20
-22
-23
-24
-24
-23
-22
-22
-19
-18
-18
-18
-16
-15
-15
-15
-15
-12
-10
-11
-12
-7
-1
1
3
4
5
7
9
12
14
12
12
13
15
18
20
21
22
21
21
22
23
24
21
22
22
21
21
20
16
16
17
17
16
14
11
8
6
7
5
6
6
4
4
4
3
1
-2
-5
-7
-10
-10
-10
-11
-14
-15
-19
-20
-18
-19
-20
-23
-23
-24
-23
-22
-24
-22
-23
-23
-19
-18
-18
-17
-16
-14
-12
-11
-8
-5
-3
-4
-3
-4
-3
-3
1
5
6
7
