32
36
36
34
29
24
20
20
21
22
19
14
11
6
2
2
-1
-3
-7
-11
-13
-14
-18
-24
-24
-22
-22
-23
-27
-31
-33
-30
-20
-8
-7
-23
-39
-45
-41
-29
-23
-26
-35
-49
-52
-38
-20
-12
-17
-26
-28
-19
-7
7
11
4
-1
-2
6
13
16
18
20
25
32
38
39
34
28
29
37
41
36
25
13
14
22
28
31
21
9
0
-1
5
13
14
10
4
-3
-3
1
9
17
14
8
0
-5
-5
3
9
10
6
-2
-6
-6
1
7
7
0
-9
-16
-11
-8
-8
-7
-9
-11
-11
-14
-12
-14
-18
-18
-15
-16
-20
-24
-23
-19
-17
-12
-5
-6
-13
-18
-15
-9
-3
-2
-4
-11
-16
-15
-11
-6
-6
-10
-15
-19
-20
-19
-15
-14
-16
-19
-20
-16
-14
-12
-8
-4
2
6
7
9
12
21
27
32
41
39
44
52
55
64
66
76
90
86
85
84
89
104
105
97
94
85
85
86
76
67
55
42
36
27
15
6
0
-11
-27
-46
-65
-73
-77
-85
-95
-119
-146
-166
-179
-169
-168
-180
-197
-228
-234
-216
-193
-167
-159
-159
-152
-138
-119
-102
-86
-70
-58
-52
-54
-59
-52
-40
-22
-2
4
-2
-16
-19
-3
26
46
47
31
13
11
30
65
95
102
92
86
88
106
142
176
208
213
183
173
182
219
285
327
331
307
268
279
318
355
393
389
360
314
254
253
286
317
339
300
226
152
104
103
116
121
106
64
-20
-127
-186
-171
-115
-85
-128
-232
-356
-409
-340
-231
-183
-264
-435
-580
-676
-707
-659
-659
-730
-826
-914
-957
-1005
-968
-748
-542
-558
-808
-1075
-1047
-540
432
1359
1344
274
-840
-896
215
1451
1905
1366
105
-1101
-1117
186
1412
1265
35
-987
-1164
-779
-177
314
153
-684
-1305
-1033
-424
-422
-915
-1059
-634
-105
241
384
220
-164
-166
658
1715
1984
1382
761
803
1462
2303
2879
2789
1934
932
675
1297
2048
2133
1464
534
-187
-418
-94
445
657
261
-475
-1018
-1151
-1025
-810
-608
-548
-756
-1147
-1394
-1307
-1053
-844
-688
-589
-679
-981
-1197
-1062
-726
-486
-384
-359
-469
-693
-761
-466
-33
182
116
-113
-397
-600
-506
-91
311
353
45
-259
-259
-35
143
233
279
184
-68
-247
-190
-105
181
1511
3398
3569
1202
-1224
-923
1359
2782
2636
1833
193
-2041
-2636
-363
2188
1654
-1042
-2569
-2484
-2131
-1376
-85
124
-1862
-3889
-3263
-1368
-1062
-1896
-1970
-1319
-1037
-1012
-333
300
-253
-708
406
1954
2196
1210
566
1104
2006
2805
3636
3745
2718
1482
1166
2142
3329
3411
2553
1380
414
197
570
1190
1635
1113
-149
-1114
-1353
-970
-561
-461
-371
-620
-1426
-1943
-1724
-1141
-778
-900
-1031
-1126
-1610
-1959
-1629
-1027
-706
-794
-888
-859
-1139
-1435
-1075
-344
15
-212
-580
-704
-794
-809
-351
305
427
-104
-607
-507
-93
172
324
427
369
115
-71
153
601
777
582
274
111
1
-77
764
2871
4364
3169
141
-1397
95
2359
3079
2542
1290
-865
-2723
-2049
873
2370
453
-2170
-2886
-2473
-1975
-992
64
-636
-3084
-4184
-2596
-1137
-1674
-2521
-2124
-1312
-1160
-953
-81
151
-608
-470
1150
2413
1994
871
805
1767
2686
3517
4196
3928
2713
1656
1901
3253
4126
3663
2383
1037
309
445
1138
1936
1936
647
-940
-1643
-1321
-707
-503
-560
-791
-1573
-2380
-2256
-1413
-917
-1265
-1725
-1678
-1695
-2037
-2022
-1543
-1301
-1564
-1663
-1193
-916
-1331
-1670
-1289
-674
-508
-614
-578
-668
-1052
-1130
-466
356
373
-274
-585
-344
-12
245
542
846
702
125
-7
417
758
836
706
566
450
264
496
1146
1953
3220
3937
2715
488
-374
1285
3440
3407
1978
737
-602
-1496
-642
1487
2243
-94
-2806
-2891
-1760
-1209
-903
-824
-1766
-3685
-4371
-2537
-1014
-1818
-2929
-2677
-1788
-1381
-1174
-337
66
-739
-853
605
1938
1865
1037
1084
2135
2946
3513
4085
3877
2815
1966
2346
3660
4222
3341
1975
973
708
1075
1535
1699
1123
-203
-1282
-1413
-936
-601
-907
-1512
-1919
-2215
-2320
-2038
-1764
-1942
-2412
-2533
-2079
-1798
-2115
-2414
-2278
-1921
-1607
-1337
-1089
-1184
-1590
-1502
-649
200
342
-109
-514
-550
-309
249
917
1090
607
-10
-110
417
1012
1290
1285
1017
628
358
431
960
1445
1299
720
220
65
222
556
1055
1342
1180
1588
2905
3374
1792
-226
7
2184
3207
2090
614
-456
-1466
-1673
-136
1702
895
-2200
-3956
-3133
-1654
-861
-745
-1464
-3357
-5032
-4163
-1680
-777
-1948
-3118
-3036
-2276
-1566
-627
207
-58
-699
-257
971
1702
1583
1630
2501
3406
3802
3925
3744
3252
2908
3167
3843
4014
3209
2003
1084
875
1348
1833
1650
730
-391
-1038
-1074
-831
-718
-1087
-1828
-2315
-2206
-1862
-1803
-2053
-2292
-2351
-2183
-1789
-1448
-1541
-1896
-1891
-1359
-800
-565
-502
-464
-477
-399
9
489
497
76
-190
-67
149
249
283
245
28
-201
-96
288
523
384
66
-144
-195
-189
-118
50
115
-87
-368
-442
-281
6
381
717
661
494
1419
3284
3804
1859
-313
72
2220
3128
2242
1139
63
-1339
-1708
103
1950
740
-2443
-3818
-2721
-1436
-946
-828
-1585
-3757
-5346
-3916
-1131
-648
-2465
-3673
-3068
-1937
-1074
71
946
276
-845
-198
1946
3342
3107
2755
3387
4074
4260
4632
5169
4973
3921
3203
3623
4110
3483
2299
1516
1226
1042
825
761
523
-378
-1380
-1660
-1375
-1327
-1904
-2491
-2544
-2488
-2626
-2636
-2474
-2519
-2839
-2784
-2042
-1580
-2064
-2611
-2311
-1504
-1012
-876
-647
-623
-1135
-1357
-622
347
435
-318
-849
-776
-579
-320
146
422
46
-703
-837
-66
689
741
323
-20
-102
-134
-6
480
789
498
-6
-76
442
906
918
925
1383
2606
4070
4096
2146
82
279
2620
4290
3551
1533
-352
-1452
-1029
899
2476
1375
-1858
-3889
-3228
-1474
-261
-234
-1638
-3999
-5444
-4151
-1487
-693
-2155
-3551
-3482
-2485
-1334
-57
749
86
-1002
-402
1646
2997
2761
2316
2800
3371
3414
3732
4397
4313
3243
2498
2952
3464
2893
2004
1672
1435
830
394
609
713
-92
-1057
-1268
-1215
-1640
-2157
-2033
-1631
-1853
-2454
-2488
-2084
-2091
-2447
-2305
-1579
-1260
-1766
-2196
-1885
-1318
-1026
-777
-370
-326
-944
-1372
-830
50
207
-308
-678
-699
-726
-592
27
566
166
-742
-881
-65
610
512
172
62
-29
-151
119
714
866
306
-217
10
693
1033
909
1016
1971
3206
3309
1884
423
560
1979
3028
2840
1748
221
-1119
-1091
584
1978
1092
-1316
-2781
-2424
-1395
-628
-375
-1181
-3063
-4339
-3424
-1420
-823
-2001
-3063
-2876
-2025
-1069
-18
617
149
-737
-426
1231
2623
2696
2182
2140
2580
3075
3625
4158
4046
3074
2199
2412
3253
3413
2565
1588
1101
866
711
841
1015
530
-557
-1273
-1231
-1167
-1558
-1861
-1717
-1665
-2059
-2351
-2166
-2015
-2196
-2172
-1694
-1400
-1704
-2056
-1937
-1631
-1449
-1163
-742
-682
-1095
-1335
-984
-468
-306
-422
-589
-820
-1009
-817
-256
129
-42
-464
-635
-452
-158
90
233
163
-148
-433
-341
55
306
251
201
397
764
1378
2347
3058
2615
1258
507
1270
2706
3424
2804
1063
-794
-1175
607
2798
2698
106
-2389
-2704
-1199
579
1336
222
-2493
-4634
-3959
-1184
630
-182
-2366
-3853
-3689
-1903
591
1836
564
-1729
-2190
-143
2323
3226
2689
1797
1274
1664
3095
4523
4495
3078
1951
2190
3064
3465
3239
2643
1733
861
779
1511
1880
1017
-388
-1153
-1125
-952
-970
-1136
-1620
-2496
-3136
-2921
-2238
-1968
-2247
-2520
-2645
-2913
-3092
-2633
-1794
-1491
-1919
-2280
-2081
-1717
-1472
-1076
-573
-519
-954
-1109
-622
-147
-234
-493
-418
-190
-109
1
292
392
32
-300
-71
430
598
414
247
192
84
66
459
1030
1190
966
1212
2379
3477
3246
1914
1022
1440
2485
3058
2816
1907
605
-236
320
1782
2286
912
-990
-1624
-949
-114
184
-249
-1539
-3113
-3545
-2277
-836
-975
-2386
-3417
-3257
-2309
-1107
-154
-204
-1329
-2144
-1323
578
1825
1737
1162
998
1426
2305
3303
3754
3232
2266
1914
2508
3316
3502
2925
2030
1360
1223
1550
1915
1760
880
-311
-1090
-1113
-753
-632
-973
-1597
-2243
-2655
-2611
-2192
-1866
-1989
-2351
-2539
-2480
-2307
-2029
-1659
-1462
-1624
-1787
-1485
-849
-441
-501
-753
-849
-672
-232
300
498
89
-553
-712
-168
532
750
380
-274
-752
-654
23
652
521
-285
-934
-855
-237
411
707
544
368
1070
2595
3322
2091
280
325
2236
3529
2759
1056
-104
-422
147
1591
2635
1539
-1093
-2449
-1277
608
1133
213
-1344
-2963
-3643
-2405
-348
-26
-1909
-3633
-3347
-1860
-731
-222
-151
-758
-1576
-1265
315
1568
1444
914
1198
1941
2374
2734
3319
3494
2834
2241
2709
3627
3706
2957
2327
2138
2024
1955
2163
2233
1500
318
-318
-266
-270
-678
-1080
-1331
-1829
-2502
-2664
-2219
-1956
-2327
-2810
-2891
-2871
-3023
-2893
-2221
-1725
-2065
-2705
-2626
-1837
-1181
-958
-833
-789
-1053
-1240
-670
356
698
90
-450
-227
293
521
591
625
290
-361
-532
110
730
521
-192
-578
-440
-105
239
580
961
1546
2174
2164
1227
321
670
2002
2814
2296
1037
-19
-301
437
1769
2362
1273
-606
-1456
-703
615
1246
674
-890
-2500
-2813
-1521
-128
-258
-1689
-2878
-2856
-1850
-523
388
138
-1107
-1958
-1303
258
1267
1256
903
733
832
1432
2573
3437
3136
2070
1588
2202
3083
3428
3253
2761
2016
1440
1673
2481
2679
1776
626
93
-21
-215
-382
-392
-720
-1587
-2305
-2308
-2093
-2309
-2660
-2620
-2529
-2934
-3425
-3256
-2650
-2418
-2649
-2741
-2476
-2157
-1846
-1357
-914
-960
-1287
-1165
-398
372
573
347
125
71
243
747
1339
1386
711
25
48
590
944
831
426
-43
-323
-148
418
969
1439
1971
2109
1253
-6
-174
1062
2251
2129
997
-232
-998
-777
628
2044
1716
-283
-1849
-1584
-237
874
1147
272
-1653
-3210
-2657
-492
703
-371
-2276
-3083
-2491
-1194
205
917
204
-1286
-1711
-377
1312
1841
1366
895
818
1093
1871
2930
3353
2677
1754
1708
2478
3132
3216
2950
2516
1991
1762
2149
2715
2602
1661
650
162
54
11
-11
-112
-641
-1573
-2234
-2186
-1879
-1940
-2335
-2717
-3121
-3609
-3749
-3197
-2476
-2390
-2945
-3446
-3455
-3008
-2208
-1300
-901
-1320
-1888
-1705
-809
33
431
556
449
115
54
716
1613
1800
1194
600
478
600
816
1113
1143
574
-126
-119
553
1235
1836
2416
2303
1001
-400
-231
1318
2358
1872
571
-652
-1361
-1029
500
1860
1250
-966
-2452
-1916
-290
940
1050
-141
-2212
-3521
-2515
-142
931
-318
-2274
-3002
-2209
-683
738
1128
5
-1499
-1536
187
1990
2339
1554
827
755
1411
2624
3657
3567
2379
1390
1699
2844
3619
3516
2814
1986
1483
1708
2573
3173
2658
1359
302
-7
138
270
212
-178
-1016
-1899
-2220
-1986
-1754
-1928
-2370
-2851
-3356
-3700
-3543
-3060
-2841
-3134
-3539
-3608
-3350
-2913
-2317
-1829
-1869
-2286
-2371
-1742
-854
-339
-243
-262
-265
-142
353
1128
1625
1418
851
693
1064
1409
1483
1453
1303
891
474
734
1675
2167
1763
1372
1594
1870
1492
936
1082
1445
1119
514
306
246
-170
-551
-102
532
73
-990
-1318
-862
-493
-572
-645
-748
-1492
-2216
-1752
-672
-371
-1047
-1605
-1325
-808
-460
101
551
231
-371
-192
903
1792
1705
1391
1525
1752
1944
2383
2922
2941
2206
1624
1943
2519
2618
2346
1978
1578
1206
1240
1808
2062
1363
338
-209
-225
-132
-173
-333
-834
-1763
-2427
-2274
-1791
-1758
-2296
-2896
-3214
-3367
-3296
-2867
-2489
-2659
-3212
-3485
-3107
-2417
-1892
-1638
-1657
-1888
-1995
-1597
-769
-91
-13
-311
-429
-91
596
1319
1697
1551
1111
916
1272
1886
2245
2131
1648
1101
881
1154
1664
1987
2170
2555
2871
2485
1493
848
1139
1860
2183
1778
604
-981
-1868
-1114
592
1248
-105
-2198
-3238
-2660
-1099
231
65
-1929
-4231
-4601
-2691
-542
-120
-1447
-3143
-3813
-2767
-432
1454
1215
-708
-2041
-1298
801
2529
2933
2138
899
436
1624
3718
4778
3884
2183
1401
1950
3047
3840
3727
2522
994
530
1563
2840
2885
1736
484
-215
-332
48
601
588
-363
-1519
-1912
-1632
-1445
-1603
-1814
-2061
-2563
-3080
-3095
-2691
-2457
-2562
-2680
-2670
-2702
-2686
-2302
-1668
-1364
-1571
-1822
-1706
-1315
-888
-463
-153
-207
-502
-458
198
967
1218
1024
871
892
941
1085
1456
1733
1468
901
688
981
1456
2096
3008
3489
2633
959
173
995
2275
2640
1862
341
-1384
-2225
-1200
825
1450
-344
-2817
-3745
-2839
-1243
-76
-253
-2160
-4523
-4978
-2892
-523
-250
-1832
-3348
-3558
-2410
-395
1343
1359
-340
-1691
-909
1333
3012
3222
2557
1823
1599
2429
4104
5194
4525
2848
1986
2589
3691
4217
3891
2848
1552
937
1591
2732
2872
1659
188
-527
-473
-97
227
89
-768
-1871
-2309
-1897
-1419
-1507
-1985
-2447
-2834
-3119
-3061
-2665
-2406
-2595
-2941
-3037
-2880
-2643
-2283
-1804
-1542
-1739
-2070
-2002
-1481
-903
-561
-486
-649
-881
-745
-20
830
1075
665
257
306
656
1058
1406
1484
1083
526
475
1078
1891
2659
3335
3445
2501
1116
703
1670
2847
3003
2022
453
-992
-1396
-273
1331
1446
-472
-2732
-3456
-2443
-813
127
-509
-2642
-4705
-4732
-2674
-677
-623
-2207
-3719
-3852
-2426
-236
1231
838
-810
-1736
-728
1419
3027
3268
2504
1655
1703
3042
4811
5478
4481
2926
2296
2910
3957
4483
3943
2494
1131
970
2010
2955
2624
1211
-214
-883
-702
-64
320
-195
-1491
-2544
-2566
-1915
-1496
-1689
-2233
-2823
-3261
-3260
-2758
-2290
-2398
-2901
-3182
-3031
-2710
-2357
-1927
-1637
-1759
-2053
-1995
-1519
-1050
-798
-572
-378
-481
-736
-563
193
900
993
670
434
407
549
976
1525
1610
1021
440
562
1226
2034
3029
3938
3736
2103
519
672
2206
3342
3137
1894
120
-1466
-1572
205
1997
1501
-1057
-3258
-3533
-2304
-663
296
-561
-3211
-5446
-4923
-2269
-422
-958
-2782
-4094
-4003
-2395
24
1460
547
-1575
-2254
-525
1947
3214
2967
2024
1301
1663
3374
5239
5461
3854
2233
2193
3418
4534
4660
3688
2061
880
1212
2724
3661
2808
877
-541
-736
-124
567
681
-202
-1701
-2617
-2213
-1213
-890
-1535
-2420
-2936
-3027
-2766
-2274
-2014
-2379
-2990
-3101
-2651
-2268
-2241
-2205
-1944
-1745
-1770
-1770
-1609
-1448
-1274
-875
-411
-343
-653
-733
-296
276
576
585
385
83
42
521
1097
1101
600
314
676
1638
2948
3920
3544
1777
240
513
2133
3325
3110
1730
-157
-1565
-1280
647
2113
1200
-1343
-3145
-3074
-1784
-344
268
-846
-3323
-4956
-4006
-1611
-373
-1170
-2714
-3578
-3234
-1650
455
1428
375
-1311
-1411
372
2365
3198
2891
2106
1583
2149
3903
5443
5192
3469
2186
2503
3752
4663
4565
3403
1697
666
1290
2914
3659
2556
564
-764
-868
-179
597
708
-311
-1935
-2833
-2355
-1381
-1188
-1921
-2793
-3290
-3394
-3136
-2635
-2401
-2817
-3420
-3435
-2909
-2561
-2623
-2607
-2258
-1926
-1849
-1805
-1681
-1675
-1684
-1256
-410
123
-111
-602
-603
-3
766
1260
1244
736
160
117
743
1496
1678
1171
660
1137
2814
4435
4360
2483
543
250
1598
3274
3921
2789
223
-1983
-1815
558
2503
1835
-806
-3106
-3562
-2176
-23
1095
-277
-3339
-5219
-4123
-1471
-3
-727
-2562
-3919
-3674
-1628
900
1745
249
-1712
-1849
31
2288
3400
2966
1616
717
1527
3718
5272
4667
2639
1241
1587
3097
4432
4473
2931
811
-107
1004
2947
3706
2562
524
-946
-1080
-86
1039
1100
-244
-1949
-2596
-1925
-971
-781
-1474
-2488
-3218
-3271
-2675
-2066
-2184
-2960
-3520
-3278
-2614
-2219
-2254
-2438
-2524
-2356
-1856
-1268
-1083
-1423
-1718
-1365
-489
250
427
176
-71
32
560
1226
1548
1277
709
462
800
1339
1623
1919
2814
3967
4121
2783
1151
716
1575
2703
3216
2609
720
-1520
-2202
-559
1613
1835
-213
-2697
-3867
-3188
-1188
584
228
-2459
-5081
-5099
-2794
-629
-321
-1662
-3428
-4175
-2852
-40
1892
1202
-1022
-2160
-1071
1217
3117
3646
2590
915
568
2459
4929
5445
3633
1489
847
1820
3456
4564
4042
1848
-227
-93
2048
3807
3500
1729
22
-736
-301
1059
2119
1469
-599
-2065
-1695
-466
37
-496
-1451
-2400
-2970
-2654
-1714
-1403
-2359
-3529
-3584
-2722
-2123
-2243
-2655
-3019
-3164
-2721
-1693
-997
-1473
-2529
-2726
-1655
-300
325
130
-386
-692
-356
666
1699
1851
1036
182
203
1016
1859
2387
2944
3642
3833
3007
1758
1183
1530
2175
2573
2401
1242
-740
-2109
-1521
273
1115
67
-1828
-3228
-3537
-2557
-758
192
-1117
-3630
-4735
-3532
-1653
-786
-1071
-1959
-2910
-2956
-1367
807
1489
309
-923
-708
619
2050
3036
3186
2340
1455
1952
3684
4784
4055
2432
1518
1775
2654
3475
3540
2402
736
113
1254
2944
3424
2338
739
-257
-218
692
1741
1861
631
-1022
-1682
-1018
-36
162
-563
-1621
-2393
-2553
-2173
-1750
-1885
-2621
-3289
-3293
-2820
-2528
-2708
-3043
-3144
-2917
-2496
-2129
-2111
-2485
-2776
-2389
-1378
-490
-302
-628
-863
-630
74
938
1427
1187
545
254
698
1750
3239
4744
5185
3768
1503
542
1623
3303
3943
3208
1467
-714
-2067
-1312
830
1861
478
-1931
-3327
-3163
-1981
-506
106
-1198
-3630
-4752
-3434
-1321
-569
-1351
-2415
-2851
-2366
-986
526
885
-146
-1138
-684
928
2313
2647
2142
1462
1345
2275
3823
4629
3737
1831
655
1165
2677
3730
3375
1753
-33
-591
642
2641
3569
2602
689
-576
-429
739
1953
2216
1151
-482
-1294
-712
387
734
20
-1095
-1866
-1965
-1502
-1032
-1241
-2180
-3030
-2992
-2278
-1837
-2194
-2996
-3528
-3397
-2702
-1921
-1679
-2248
-3109
-3277
-2330
-936
-136
-300
-947
-1345
-1044
-71
979
1338
894
316
275
882
2187
4163
5751
5243
2632
394
681
2720
4209
4119
2739
460
-1777
-2143
-84
2103
1763
-816
-3169
-3762
-2778
-1008
329
-260
-2763
-4842
-4408
-2257
-757
-936
-2030
-2970
-2979
-1637
323
1122
5
-1561
-1646
-78
1806
2804
2543
1379
430
949
2868
4494
4233
2342
551
264
1485
3080
3656
2548
459
-892
-263
1783
3360
3141
1528
-28
-439
411
1822
2672
2153
639
-502
-362
538
1082
843
142
-639
-1196
-1205
-758
-560
-1095
-1885
-2144
-1875
-1737
-2046
-2522
-2826
-2860
-2612
-2225
-2115
-2558
-3169
-3216
-2505
-1587
-1086
-1131
-1450
-1677
-1465
-711
154
474
121
-332
-249
632
2337
4339
5250
3930
1307
-75
1054
3265
4374
3637
1608
-762
-2127
-1321
956
2234
973
-1685
-3516
-3473
-1968
-168
399
-1141
-3620
-4627
-3300
-1259
-461
-1158
-2353
-3013
-2432
-621
1151
1261
-283
-1648
-1232
688
2608
3291
2520
1147
586
1634
3525
4538
3722
1790
372
551
2036
3436
3414
1835
-94
-824
223
2122
3205
2537
761
-597
-564
620
1982
2539
1839
396
-555
-231
845
1469
1101
165
-665
-978
-703
-213
-188
-916
-1808
-2050
-1612
-1216
-1439
-2189
-2946
-3203
-2794
-2078
-1780
-2320
-3269
-3730
-3232
-2130
-1237
-1105
-1647
-2248
-2252
-1524
-529
60
-97
-712
-946
54
2239
4220
4290
2247
-76
-502
1318
3701
4564
3104
307
-1810
-1688
376
2360
2406
468
-1908
-3037
-2222
-148
1387
791
-1627
-3659
-3462
-1482
257
351
-935
-2286
-2408
-964
993
1790
828
-726
-1220
-157
1606
2840
2812
1685
544
605
1998
3483
3653
2320
624
-67
695
2130
2900
2239
609
-708
-690
582
1984
2290
1221
-338
-1160
-711
547
1633
1746
827
-329
-709
-61
870
1182
681
-151
-736
-772
-380
-59
-282
-958
-1485
-1453
-1101
-968
-1325
-1993
-2512
-2494
-1984
-1525
-1651
-2317
-2930
-2931
-2265
-1385
-910
-1157
-1792
-2065
-1559
-620
51
70
-414
-898
-881
-242
636
1286
1660
1927
1958
1471
669
266
710
1665
2364
2220
1184
-131
-715
-41
1256
1912
1330
76
-822
-784
29
891
991
130
-964
-1300
-695
89
245
-275
-883
-987
-458
306
668
314
-395
-748
-377
408
1008
1063
647
129
-68
251
841
1160
877
222
-246
-160
370
903
1008
594
25
-143
321
1063
1483
1304
762
315
275
651
1172
1450
1268
806
470
471
642
713
622
444
224
-31
-259
-407
-516
-664
-838
-1009
-1224
-1526
-1812
-1933
-1917
-1924
-2009
-2077
-2072
-2014
-1897
-1698
-1507
-1440
-1396
-1113
-584
-170
-190
-542
-795
-624
-61
578
885
666
138
-213
-55
480
975
1120
901
549
351
457
741
905
789
545
451
617
884
992
805
459
256
402
788
1087
1068
765
401
203
265
482
617
472
100
-243
-368
-295
-156
-50
-27
-84
-152
-173
-185
-275
-436
-542
-547
-568
-703
-860
-885
-777
-679
-695
-773
-782
-603
-215
222
418
255
-18
0
444
1029
1361
1287
967
699
729
1090
1530
1714
1541
1239
1095
1153
1237
1195
1013
771
561
433
341
145
-240
-703
-1024
-1106
-1053
-1051
-1204
-1485
-1763
-1867
-1700
-1351
-1042
-934
-997
-1072
-1043
-889
-683
-512
-436
-437
-416
-305
-152
-72
-128
-243
-281
-169
13
101
-7
-252
-422
-320
24
329
332
26
-316
-370
-62
381
606
439
41
-226
-109
311
713
827
640
379
292
462
769
1001
1025
878
698
599
603
664
720
728
657
506
300
92
-56
-110
-95
-97
-193
-394
-622
-768
-765
-640
-498
-451
-532
-661
-701
-568
-299
-38
85
47
-44
-42
110
355
575
689
699
674
686
770
898
1014
1072
1064
1010
925
829
719
587
425
239
58
-100
-257
-432
-619
-784
-881
-896
-862
-833
-857
-919
-937
-842
-653
-470
-388
-420
-494
-521
-448
-287
-120
-51
-123
-282
-429
-475
-399
-256
-144
-152
-287
-449
-520
-463
-339
-230
-178
-187
-233
-274
-273
-217
-133
-43
44
104
112
85
91
180
329
469
566
625
668
717
784
858
905
912
901
903
909
864
744
592
463
380
324
255
144
-23
-212
-365
-451
-486
-512
-554
-616
-684
-735
-734
-674
-591
-536
-517
-504
-468
-405
-322
-227
-126
-25
77
183
280
369
462
576
706
813
867
862
828
806
800
790
729
600
431
275
169
110
56
-23
-130
-236
-317
-365
-379
-363
-310
-218
-126
-92
-158
-293
-388
-335
-117
139
244
82
-275
-595
-642
-379
-1
197
49
-356
-735
-826
-589
-220
-2
-73
-354
-628
-722
-610
-406
-257
-250
-352
-465
-504
-455
-359
-265
-202
-165
-131
-73
16
115
194
251
302
361
424
481
511
506
469
426
408
411
397
333
235
144
100
112
144
135
55
-62
-136
-107
0
103
119
24
-123
-216
-178
-23
133
170
67
-78
-136
-38
167
355
420
361
289
321
468
625
688
644
566
537
586
639
607
472
288
171
169
220
218
109
-77
-244
-306
-265
-186
-143
-173
-236
-279
-290
-287
-277
-249
-191
-126
-99
-148
-266
-385
-419
-333
-182
-96
-160
-335
-501
-535
-415
-236
-142
-210
-379
-513
-516
-396
-275
-260
-357
-487
-534
-464
-359
-306
-347
-422
-429
-342
-196
-82
-57
-88
-85
8
166
297
328
280
240
274
382
483
490
417
319
282
342
432
480
446
354
279
266
314
383
411
384
322
256
213
190
177
164
133
91
42
-5
-43
-68
-83
-89
-81
-59
-29
0
20
24
18
27
60
109
139
123
71
14
-14
-5
16
2
-54
-123
-157
-142
-110
-110
-156
-221
-253
-213
-128
-70
-90
-178
-254
-247
-153
-40
5
-44
-145
-211
-177
-66
41
76
24
-53
-78
-29
60
124
119
56
-2
-11
26
56
37
-22
-78
-95
-71
-47
-71
-144
-218
-234
-177
-98
-71
-119
-196
-231
-177
-63
44
76
22
-51
-68
0
115
195
197
130
54
36
89
171
216
199
148
103
105
140
180
197
179
137
93
63
57
64
63
40
-9
-67
-106
-110
-80
-48
-39
-61
-99
-115
-85
-19
48
79
65
29
-1
9
54
101
120
96
44
-1
-21
-9
20
43
43
17
-22
-50
-52
-28
4
27
23
-6
-39
-50
-29
6
28
23
-5
-35
-37
-11
26
47
38
17
8
23
53
79
87
77
60
52
59
72
69
46
15
-7
-16
-18
-34
-68
-113
-147
-161
-159
-154
-163
-180
-198
-203
-196
-179
-160
-147
-137
-128
-121
-118
-116
-103
-79
-47
-24
-22
-32
-37
-18
20
60
79
71
59
59
78
98
109
104
83
67
63
66
66
54
39
28
28
31
33
31
30
38
59
82
96
95
92
101
124
153
166
162
144
123
118
129
140
132
106
76
56
56
58
52
35
10
-6
-4
6
6
-15
-44
-62
-54
-29
-15
-28
-71
-113
-121
-90
-43
-22
-47
-97
-131
-120
-69
-10
16
-3
-47
-80
-73
-38
0
12
-9
-49
-88
-109
-105
-84
-68
-69
-92
-121
-143
-149
-131
-99
-75
-68
-81
-97
-103
-91
-62
-30
-9
-9
-21
-29
-20
2
32
53
62
58
56
60
75
96
109
112
106
93
85
84
86
88
83
70
57
48
43
46
49
51
50
49
48
47
52
60
67
69
68
67
63
63
60
57
50
39
29
20
9
-2
-14
-22
-26
-30
-36
-46
-57
-65
-69
-66
-60
-58
-63
-66
-67
-63
-56
-51
-45
-42
-37
-29
-19
-8
-3
1
8
16
26
34
42
47
50
50
49
47
45
37
28
20
8
-9
-27
-43
-57
-70
-80
-92
-101
-111
-121
-123
-120
-115
-109
-102
-96
-88
-76
-60
-42
-29
-19
-13
-6
6
18
29
36
42
44
45
46
52
57
56
47
39
33
26
21
17
7
-3
-12
-14
-15
-16
-17
-18
-13
-5
4
17
29
43
55
66
80
93
104
110
113
110
106
103
102
96
84
70
58
48
38
27
15
2
-9
-14
-16
-18
-22
-31
-36
-36
-33
-25
-18
-16
-18
-20
-13
2
16
25
26
29
37
45
55
64
68
66
63
59
55
53
45
34
17
-4
-22
-40
-56
-77
-97
-115
-131
-145
-162
-177
-186
-186
-183
-178
-174
-172
-165
-153
-135
-113
-94
-81
-71
-58
-41
-23
-7
2
6
9
16
24
31
32
30
28
23
21
22
19
14
7
0
-3
-3
-2
4
7
9
19
32
48
64
79
97
115
135
153
169
183
191
202
208
208
205
200
193
183
171
150
128
107
85
66
46
22
-3
-28
-47
-63
-75
-83
-93
-99
-104
-106
-99
-91
-80
-71
-63
-53
-43
-33
-21
-8
5
14
18
21
24
24
28
29
28
20
8
-6
-15
-21
-28
-38
-54
-72
-87
-96
-103
-110
-120
-133
-145
-149
-144
-136
-128
-124
-122
-122
-115
-97
-77
-58
-50
-49
-47
-36
-19
-2
8
12
13
14
21
30
39
41
38
33
30
33
38
39
35
31
27
25
27
32
36
39
40
43
54
64
72
78
85
93
101
109
121
126
123
119
113
114
116
114
106
89
69
56
48
45
39
22
0
-22
-35
-37
-32
-34
-46
-63
-79
-79
-65
-50
-43
-47
-56
-57
-51
-32
-17
-10
-11
-19
-21
-14
0
10
9
-1
-13
-18
-15
-8
-4
-8
-19
-30
-34
-31
-21
-15
-15
-23
-34
-43
-44
-37
-26
-19
-23
-31
-39
-42
-32
-19
-8
-5
-14
-25
-27
-19
-5
5
5
-5
-17
-18
-9
4
11
9
-2
-12
-13
-7
5
12
8
-1
-6
-9
-3
5
11
14
12
8
8
13
24
31
33
30
29
28
32
38
44
42
38
33
28
27
29
28
23
14
5
2
5
8
6
2
-5
-9
-10
-5
0
3
0
-5
-5
0
7
12
14
11
7
7
13
20
24
21
14
11
11
16
20
21
15
4
-4
-6
-1
2
-2
-9
-20
-26
-24
-17
-12
-13
-23
-32
-37
-33
-23
-16
-16
-24
-30
-33
-28
-18
-11
-11
-20
-28
-29
-23
-15
-9
-11
-20
-28
-30
-24
-15
-12
-15
-22
-29
-25
-15
-6
-1
-6
-15
-17
-12
0
8
10
6
1
2
11
21
28
27
20
17
21
28
35
42
38
30
26
29
38
44
42
33
23
16
17
26
31
29
19
10
5
5
12
17
17
9
-2
-3
0
6
9
7
2
-1
-1
3
8
11
8
4
2
4
7
8
6
3
1
-3
-4
-7
-12
-15
-18
-16
-17
-21
-26
-30
-33
-30
-27
-23
-26
-32
-36
-34
-29
-23
-19
-22
-27
-29
-23
-16
-10
-9
-12
-15
-16
-14
-9
-9
-11
-12
-13
-8
-6
-5
-7
-9
-6
-4
2
4
2
-2
-3
2
5
11
14
15
16
14
16
21
23
24
26
28
28
28
27
29
31
32
32
30
28
28
27
26
26
22
18
15
12
12
9
9
7
3
0
-5
-5
-2
-3
-4
-7
-11
-12
-11
-5
-2
-4
-9
-14
-15
-11
-7
-5
-6
-9
-11
-10
-8
-6
-7
-9
-11
-13
-11
-11
-12
-13
-15
-16
-16
-15
-13
-13
-14
-14
-14
-13
-10
-6
-4
-6
-7
-6
-3
1
5
8
9
5
1
3
5
8
9
7
1
0
1
3
6
4
1
-2
-2
1
0
-1
-3
-4
-3
-3
-1
2
0
1
-3
-2
-1
1
4
5
4
4
5
6
9
10
9
8
7
7
9
9
11
9
6
3
3
4
5
6
5
1
-1
-3
-1
1
2
2
-1
-4
-5
-4
-2
0
-1
-3
-5
-5
-2
2
4
4
3
1
0
2
5
5
7
7
4
2
4
7
7
5
1
-2
-3
-2
0
0
-1
-3
-6
-8
-8
-4
-2
-2
-4
-6
-6
-5
-4
-3
0
-2
-4
-4
-5
-5
-4
-4
-3
-5
-6
-6
-5
-6
-9
-9
-11
-10
-11
-11
-11
-12
-13
-15
-14
-12
-10
-8
-7
-7
-8
-6
-6
-4
-2
1
4
3
2
5
10
12
14
13
14
14
14
14
14
16
14
13
15
15
14
13
12
9
10
10
11
13
10
7
5
6
9
9
10
9
8
6
7
7
6
6
4
4
7
6
5
3
1
2
3
2
2
0
-3
-7
-8
-7
-6
-5
-8
-12
-16
-17
-15
-15
-16
-17
-19
-21
-19
-17
-15
-14
-16
-15
-17
-16
-15
-12
-11
-10
-13
-11
-6
-4
-4
-5
-4
-4
-4
-5
-2
0
0
2
1
-1
-2
-1
1
6
8
8
3
2
1
3
6
10
10
9
7
8
11
13
16
17
16
15
17
19
18
16
14
14
11
12
14
14
13
8
5
4
5
6
5
1
-2
-4
-5
-4
0
2
2
-2
-3
-4
-3
-1
1
0
-2
-5
-5
-4
-4
-4
-4
-4
-7
-8
-9
-9
-8
-9
-9
-10
-11
-11
-12
-10
-8
-8
-8
-11
-11
-11
-10
-9
-9
-9
-8
-7
-4
-2
-1
0
-3
-2
-1
2
3
5
6
4
3
3
4
4
5
6
4
4
5
4
3
2
0
2
2
5
3
2
0
-1
2
3
2
3
2
1
2
3
3
4
3
3
2
4
6
6
7
4
0
1
1
1
1
1
-2
-3
-3
-3
-2
-1
0
-1
-2
-3
-4
-6
-3
-1
1
1
-2
-3
-4
-1
2
5
6
5
5
5
8
11
12
12
9
6
3
5
7
7
7
5
2
0
-2
0
2
1
-3
-6
-6
-6
-8
-6
-6
-7
-10
-10
-8
-8
-6
-5
-6
-5
-6
-5
-6
-5
-7
-7
-8
-8
-5
-3
-6
-6
-8
-6
-4
-3
-1
-3
-4
-3
-3
-2
-2
-2
-4
-4
-2
-1
0
-1
-3
-2
-3
1
4
3
0
-1
1
2
6
8
9
7
4
3
6
9
12
12
11
7
4
5
5
7
9
7
6
4
3
3
4
7
8
6
4
-1
0
4
5
8
8
6
4
2
4
5
5
6
7
5
4
2
-1
-3
-4
-2
-1
1
-3
-5
-8
-9
-6
-5
-6
-7
-11
-11
-10
-9
-8
-10
-10
-10
-11
-9
-7
-6
-6
-7
-10
-8
-6
-5
-5
-5
-5
-4
-3
-4
-4
-7
-7
-6
-5
-3
-4
-4
-4
-5
-2
0
-1
0
-1
-2
1
2
3
1
0
2
4
6
8
8
7
10
8
9
11
11
11
10
13
15
12
13
13
12
12
11
10
9
12
11
8
9
5
3
5
4
4
2
0
-1
-2
-1
-3
-3
-1
-5
-4
-5
-7
-6
-6
-5
-5
-5
-6
-8
-7
-9
-9
-9
-9
-9
-11
-11
-10
-11
-11
-11
-9
-8
-8
-7
-9
-7
-5
-3
-1
-1
0
2
2
2
3
2
3
4
4
5
3
4
3
4
4
4
5
4
4
2
2
0
0
1
2
1
0
-1
-1
0
2
4
4
2
0
-1
0
1
4
3
2
1
0
2
4
5
3
2
2
2
2
4
5
3
2
2
1
0
-2
0
-1
-1
0
-1
-4
-5
-3
-3
-4
-2
-4
-3
-3
-1
0
0
2
1
0
-2
1
1
2
3
4
4
3
4
3
3
3
2
2
3
2
1
2
-1
-2
-2
-3
-3
-3
-3
-1
-1
-1
-1
-2
1
2
2
1
-2
-2
-1
1
3
4
3
2
2
3
5
4
2
-1
-2
0
1
0
-1
-5
-6
-6
-4
-3
-3
-9
-12
-12
-10
-10
-8
-8
-9
-10
-9
-6
-5
-5
-6
-7
-6
-3
-3
-1
-2
-3
-1
0
1
3
4
2
3
3
3
6
7
7
6
6
9
10
10
11
12
10
11
11
12
12
11
11
12
12
9
10
9
8
7
7
7
6
5
3
4
1
-1
1
0
0
-5
-5
-6
-9
-8
-7
-7
-7
-8
-9
-10
-9
-10
-10
-8
-8
-7
-8
-8
-8
-7
-6
-5
-6
-4
-4
-5
-5
-3
-4
-4
-3
-1
-2
-1
0
0
0
-1
-1
-4
-3
-2
-2
-3
-3
-5
-4
-3
-1
2
0
1
0
0
1
1
2
0
0
1
3
3
3
3
3
4
4
3
4
4
6
7
5
6
6
6
9
9
7
7
6
7
7
7
8
8
7
6
4
4
5
6
8
6
6
6
4
4
4
4
4
3
1
1
0
-3
-4
-4
-3
-5
-7
-6
-8
-8
-8
-8
-9
-13
-14
-15
-14
-12
-12
-13
-12
-14
-14
-12
-10
-9
-10
-8
-7
-6
-5
-5
-3
-1
0
0
3
2
4
3
5
9
9
9
10
9
9
11
11
10
10
8
7
8
10
9
7
6
2
2
3
4
3
1
0
-2
-3
-2
-3
-1
-3
-2
-2
-2
0
1
0
-1
-2
-1
0
0
-1
-1
-2
-2
-2
-1
-1
-2
-2
-2
0
0
-3
-1
-3
-4
-1
-1
-1
0
-1
-1
-1
0
1
0
1
1
1
2
2
2
4
4
4
3
1
0
0
2
0
0
-1
-2
-3
-2
-3
-4
-5
-6
-6
-6
-5
-3
-3
-3
-2
-2
-1
0
0
1
0
2
6
6
8
24
31
5
-30
-34
-3
29
26
-3
-20
-2
37
41
7
-51
-68
9
80
80
11
-65
-69
-31
-31
-56
-77
-52
-17
-32
-64
-85
-78
-68
-96
-115
-55
91
190
131
-11
-77
-11
116
163
129
104
145
201
166
74
9
33
112
143
107
62
56
49
-30
-144
-188
-122
-23
-4
-88
-199
-249
-227
-195
-169
-144
-94
-31
-15
-61
-119
-125
-67
18
105
170
199
182
124
54
8
30
116
210
256
217
122
30
-42
-79
-66
-3
64
96
69
-12
-119
-202
-211
-134
-16
70
92
48
-32
-89
-95
-60
3
73
129
137
102
37
-27
-58
-40
14
72
103
82
18
-59
-118
-132
-97
-38
7
8
-30
-82
-113
-105
-75
-46
-16
10
23
17
-6
-30
-34
-7
33
65
71
53
24
1
-8
-3
11
30
37
26
8
-17
-35
-37
-24
-13
-3
2
0
-5
-14
-19
-15
-3
11
17
21
18
15
11
6
10
16
23
26
21
14
11
10
8
8
7
6
6
2
-7
-14
-17
-12
-6
-6
-10
-15
-15
-11
-7
-10
-14
-10
-3
0
0
-4
-7
-7
-6
0
3
6
4
0
-3
-5
-1
2
1
0
-3
-2
-2
-5
-7
-9
-9
-5
-4
-5
-8
-5
-3
-2
-2
-1
3
4
6
3
3
5
9
9
4
4
7
8
8
8
9
9
9
6
0
-3
-3
-1
-3
-5
-5
-3
-3
-4
-7
-10
-5
0
3
-1
-4
1
5
7
5
2
4
8
9
9
4
0
2
5
5
2
0
2
5
7
3
-3
-3
-2
0
-2
-2
-1
-2
-1
-2
-5
-5
-3
-1
0
0
-1
0
-1
-3
-3
-1
-1
-2
-2
-3
-2
-1
-3
-4
-5
-4
-2
0
-1
-1
-3
-3
-3
1
3
1
-3
-4
0
2
2
2
0
1
4
6
7
5
1
0
3
4
1
0
3
3
1
-1
-5
-7
-4
-3
-2
-3
-1
-1
-3
-4
-4
-4
-3
-2
-2
-1
0
1
-2
-3
-3
-1
0
0
0
-1
3
5
5
1
-2
1
5
8
6
3
2
5
6
6
3
0
2
4
7
6
2
2
4
7
5
3
1
2
2
1
1
1
1
3
4
3
1
-2
-1
0
-1
