2
-8
-4
8
8
11
9
-5
-11
-8
1
8
4
-2
-11
-8
-4
-6
-4
-9
-11
-15
-5
5
3
-1
-4
-5
-5
-3
-6
-3
-2
-11
-12
-5
3
1
-9
-13
-7
-2
-9
-9
5
7
0
-1
1
-8
-12
-1
4
9
16
9
1
0
-6
-2
7
15
18
8
-8
-6
6
12
12
10
5
5
1
-4
9
18
5
-1
2
7
11
2
1
6
5
-2
-5
6
4
-4
-1
4
5
-5
-8
-6
-9
-9
-1
10
9
-3
-1
4
-6
-15
-6
2
-1
-3
0
6
-7
-38
-42
-14
-12
-26
-17
-17
-30
-41
-32
12
26
-9
-34
-42
-30
1
27
27
-7
-65
-103
-81
-19
40
32
-63
-126
-101
-62
-38
-5
3
-31
-92
-128
-22
112
91
2
-47
-27
21
88
200
271
163
-46
-53
108
216
287
297
247
153
50
192
477
503
305
160
204
290
274
321
393
315
67
-113
34
238
214
85
50
106
68
7
55
71
-34
-253
-409
-329
-198
-151
-138
-83
61
184
295
497
697
710
432
10
-326
-519
-554
-422
-249
-312
-750
-1291
-1571
-1497
-1234
-1039
-1079
-1400
-1796
-1914
-1635
-1196
-1007
-1226
-1626
-1825
-1597
-992
-304
89
71
-125
-107
323
952
1434
1615
1552
1442
1489
1745
2037
2123
1914
1655
1652
1864
2107
2235
2079
1665
1228
1026
1116
1272
1264
1076
719
310
62
-16
-8
-68
-298
-518
-594
-577
-493
-421
-442
-580
-842
-1047
-933
-649
-514
-555
-752
-980
-1114
-1147
-980
-786
-807
-969
-1155
-1176
-972
-781
-751
-767
-721
-474
111
801
1287
1330
825
145
-217
-113
324
719
683
289
-190
-528
-492
-233
-183
-539
-1184
-1700
-1713
-1343
-942
-863
-1325
-2103
-2715
-2818
-2324
-1531
-923
-723
-812
-898
-746
-340
193
722
1106
1326
1563
1923
2305
2541
2605
2656
2839
3130
3416
3589
3516
3167
2706
2397
2348
2413
2313
1938
1399
830
377
151
115
108
-68
-448
-869
-1198
-1368
-1396
-1375
-1350
-1358
-1448
-1568
-1606
-1577
-1548
-1543
-1540
-1460
-1277
-1097
-1008
-1009
-1096
-1192
-1185
-1031
-789
-622
-653
-792
-889
-902
-786
-536
-296
-204
-338
-593
-643
-262
548
1555
2267
2239
1455
383
-247
11
905
1749
1922
1252
190
-511
-382
382
1028
837
-219
-1452
-2033
-1619
-651
-59
-510
-1885
-3331
-3897
-3279
-2019
-1039
-912
-1487
-2085
-2074
-1350
-357
321
460
377
560
1186
1980
2489
2504
2271
2271
2793
3644
4263
4173
3393
2466
2039
2342
2998
3357
3003
2070
1105
630
768
1180
1325
875
-48
-992
-1509
-1505
-1256
-1122
-1276
-1628
-1929
-1984
-1812
-1613
-1575
-1695
-1772
-1611
-1236
-879
-777
-954
-1175
-1163
-835
-371
-104
-240
-681
-1107
-1239
-1017
-641
-391
-425
-680
-931
-958
-664
-104
561
1098
1270
979
373
-175
-295
82
671
1014
822
195
-418
-565
-148
437
602
72
-861
-1557
-1543
-903
-239
-231
-1073
-2308
-3131
-2992
-2028
-951
-474
-786
-1456
-1830
-1533
-695
208
753
883
869
1014
1395
1858
2225
2474
2735
3101
3491
3722
3657
3368
3109
3101
3339
3571
3496
3031
2361
1797
1554
1577
1598
1344
747
4
-595
-881
-923
-952
-1151
-1527
-1926
-2152
-2144
-1998
-1884
-1888
-1952
-1956
-1833
-1619
-1423
-1340
-1351
-1349
-1237
-1041
-869
-827
-879
-941
-959
-946
-933
-951
-969
-940
-811
-597
-360
-129
178
527
748
630
195
-254
-369
-73
397
622
326
-379
-1009
-1039
-383
421
644
-15
-1171
-2014
-1927
-963
137
421
-512
-2089
-3192
-3032
-1758
-325
294
-177
-1194
-1807
-1440
-283
881
1376
1160
785
824
1417
2246
2874
3088
3037
3040
3288
3649
3840
3723
3460
3317
3429
3656
3728
3456
2885
2279
1936
1913
1953
1692
988
42
-751
-1118
-1086
-955
-1087
-1607
-2304
-2817
-2909
-2654
-2338
-2216
-2339
-2536
-2562
-2317
-1911
-1567
-1433
-1458
-1469
-1360
-1171
-1013
-946
-950
-930
-861
-764
-706
-719
-759
-732
-561
-206
320
860
1132
874
136
-625
-839
-334
479
904
488
-588
-1586
-1742
-873
376
990
363
-1169
-2538
-2728
-1579
46
859
137
-1673
-3247
-3395
-1998
-92
975
575
-770
-1835
-1640
-209
1513
2398
2054
1062
456
868
2090
3299
3769
3404
2755
2518
2976
3767
4253
4081
3441
2832
2644
2881
3187
3152
2682
2066
1680
1615
1633
1386
741
-103
-779
-1026
-899
-750
-978
-1655
-2418
-2793
-2623
-2193
-1946
-2141
-2650
-3046
-2946
-2348
-1686
-1466
-1791
-2266
-2387
-1999
-1392
-977
-980
-1278
-1568
-1565
-1226
-710
-315
-207
-357
-445
-103
738
1588
1738
965
-142
-678
-277
605
1133
788
-243
-1245
-1478
-764
290
722
12
-1415
-2500
-2393
-1183
142
419
-744
-2559
-3617
-3033
-1198
515
889
-207
-1740
-2369
-1455
464
2103
2422
1470
310
107
1156
2746
3840
3914
3262
2646
2651
3273
4009
4317
4077
3589
3237
3162
3188
3065
2735
2394
2249
2277
2202
1766
1002
236
-197
-242
-166
-330
-918
-1748
-2383
-2478
-2107
-1734
-1791
-2326
-2964
-3272
-3085
-2624
-2243
-2201
-2464
-2760
-2771
-2399
-1855
-1508
-1527
-1779
-1936
-1795
-1427
-1057
-803
-640
-512
-327
-4
541
1144
1517
1347
785
288
306
762
1199
1116
452
-383
-813
-538
192
736
511
-521
-1748
-2330
-1872
-786
-44
-410
-1774
-3179
-3568
-2638
-1086
-37
-146
-1128
-2003
-1873
-627
983
1941
1810
1050
606
1068
2252
3390
3845
3567
3063
2899
3275
3886
4274
4175
3723
3245
2993
2993
3090
3079
2865
2523
2185
1892
1579
1216
873
630
449
143
-429
-1172
-1777
-1977
-1806
-1587
-1652
-2087
-2668
-3049
-3037
-2727
-2389
-2276
-2420
-2654
-2740
-2564
-2221
-1915
-1790
-1813
-1839
-1773
-1629
-1451
-1276
-1065
-815
-602
-396
-43
505
1026
1082
557
-32
-91
490
1175
1289
657
-248
-787
-543
298
1032
962
-92
-1541
-2342
-1897
-595
425
58
-1704
-3639
-4279
-3121
-1092
123
-355
-1974
-3274
-2995
-1155
1007
2132
1633
259
-481
271
2143
3906
4428
3762
2869
2698
3601
4910
5611
5311
4335
3510
3466
3948
4358
4204
3371
2392
1833
1847
2179
2178
1523
507
-395
-795
-694
-548
-714
-1334
-2215
-2852
-2980
-2702
-2331
-2278
-2593
-3029
-3326
-3256
-2869
-2457
-2183
-2146
-2310
-2426
-2375
-2105
-1637
-1249
-1147
-1226
-1337
-1195
-765
-361
-81
208
491
795
773
252
-216
-181
354
1000
932
101
-790
-1202
-725
289
886
670
-380
-1693
-2167
-1578
-413
446
-49
-1680
-3252
-3760
-2726
-1054
-238
-718
-2023
-2973
-2517
-980
643
1433
983
75
-175
671
2298
3686
3999
3464
2892
3022
4011
5166
5690
5389
4632
4067
4072
4408
4597
4331
3627
2848
2382
2229
2131
1827
1205
490
-80
-518
-863
-1207
-1607
-2001
-2345
-2633
-2823
-2985
-3159
-3236
-3181
-3041
-2914
-2942
-3047
-2988
-2689
-2231
-1854
-1798
-1962
-1970
-1687
-1181
-702
-513
-525
-544
-545
-325
254
966
1552
1458
581
-241
-409
169
1005
1133
391
-632
-1341
-1103
-158
566
547
-462
-1896
-2584
-2173
-992
41
-223
-1710
-3336
-3996
-3103
-1464
-553
-933
-2256
-3329
-3005
-1478
228
1029
457
-615
-923
20
1783
3274
3661
3217
2703
2859
3912
5216
5958
5812
5102
4563
4652
5123
5420
5174
4399
3532
3025
2912
2934
2709
2077
1245
513
-44
-449
-814
-1214
-1589
-2012
-2445
-2816
-3119
-3312
-3419
-3461
-3464
-3490
-3566
-3569
-3450
-3130
-2743
-2502
-2380
-2400
-2327
-1943
-1424
-888
-556
-457
-322
-161
18
515
1248
1923
2146
1333
299
-94
346
1245
1625
926
-284
-1365
-1623
-755
265
533
-365
-2138
-3377
-3228
-1994
-546
-287
-1645
-3620
-4751
-4157
-2267
-823
-865
-2120
-3409
-3442
-2055
-222
866
649
-350
-850
-40
1671
3208
3716
3238
2652
2829
3903
5384
6331
6133
5281
4612
4670
5376
5979
5918
5199
4121
3310
3142
3279
3278
2762
1752
809
131
-219
-308
-488
-985
-1768
-2630
-3144
-3173
-3044
-2986
-3218
-3710
-4125
-4230
-3931
-3417
-3081
-3096
-3261
-3273
-3101
-2678
-2164
-1741
-1455
-1376
-1232
-702
-72
306
648
1004
1529
1845
1345
763
686
1121
1752
1735
881
-142
-904
-827
97
786
543
-700
-2316
-3033
-2567
-1461
-559
-941
-2575
-4338
-4876
-3703
-1822
-934
-1655
-3230
-4215
-3574
-1639
295
910
0
-1271
-1401
111
2245
3613
3591
2712
2155
2743
4318
5988
6680
6061
4963
4379
4744
5671
6257
6039
5148
4102
3506
3487
3569
3372
2756
1967
1289
633
6
-534
-1002
-1354
-1698
-2055
-2445
-2965
-3476
-3705
-3665
-3539
-3603
-3932
-4160
-4130
-3853
-3397
-3097
-3030
-3116
-3228
-2872
-2210
-1545
-1158
-1010
-849
-414
29
516
1221
1848
2276
1949
1200
887
1296
2038
2419
1818
677
-303
-613
2
896
1137
281
-1390
-2858
-3002
-1994
-689
-371
-1690
-3824
-5238
-4864
-3084
-1392
-1285
-2684
-4341
-4752
-3318
-1016
555
367
-1051
-2141
-1539
557
2713
3643
3090
2098
1890
2981
4843
6324
6561
5698
4730
4542
5290
6229
6503
5857
4718
3861
3761
4142
4285
3752
2669
1612
974
700
554
223
-485
-1417
-2262
-2754
-2806
-2746
-2923
-3323
-3851
-4255
-4311
-4125
-3830
-3579
-3575
-3655
-3615
-3542
-3212
-2669
-2217
-1837
-1740
-1655
-1136
-619
-298
124
774
1686
2210
1571
793
673
1335
2350
2605
1858
729
-279
-353
612
1496
1465
196
-1640
-2661
-2460
-1450
-506
-807
-2399
-4286
-5040
-4084
-2466
-1748
-2462
-3868
-4669
-4162
-2642
-1034
-420
-1039
-1922
-1884
-440
1447
2529
2512
2003
1882
2671
4157
5602
6223
5750
4962
4787
5365
6219
6653
6390
5598
4634
4042
4183
4588
4541
3808
2683
1747
1096
670
484
362
-96
-999
-2049
-2789
-2974
-2925
-2906
-3117
-3652
-4292
-4583
-4350
-3804
-3472
-3571
-3786
-3872
-3775
-3369
-2822
-2326
-2047
-2043
-1746
-1063
-484
-174
171
770
1634
1756
1134
732
940
1696
2312
2099
1344
481
-129
236
1076
1502
965
-461
-1727
-1992
-1402
-508
-277
-1380
-3265
-4691
-4478
-2949
-1727
-1945
-3367
-4700
-4775
-3519
-1702
-541
-864
-2183
-3045
-2253
-84
1869
2459
1802
1035
1298
2717
4653
5945
5856
4920
4331
4730
5879
6755
6721
6042
5079
4469
4561
4960
5034
4448
3312
2389
2017
1802
1591
1133
355
-495
-1264
-1737
-1801
-1965
-2444
-3037
-3603
-3858
-3807
-3680
-3540
-3594
-3945
-4108
-3913
-3486
-3135
-2983
-2876
-2525
-2062
-1732
-1470
-990
-219
613
1226
907
295
135
724
1782
2384
1811
698
-155
-335
471
1374
1558
660
-970
-2251
-2225
-1217
-335
-595
-2101
-3885
-4652
-3885
-2545
-1940
-2644
-4103
-4937
-4336
-2950
-1783
-1498
-2185
-2817
-2479
-1218
315
1239
1066
572
783
1911
3550
4818
5007
4473
4199
4736
5967
7163
7301
6485
5600
5186
5544
6241
6278
5455
4288
3241
2920
3049
2893
2278
1338
353
-356
-684
-876
-1173
-1698
-2475
-3172
-3423
-3420
-3375
-3401
-3749
-4195
-4393
-4379
-3931
-3511
-3393
-3493
-3606
-3257
-2472
-1845
-1433
-1034
-677
150
499
278
181
453
1192
1908
1693
869
281
117
777
1474
1492
728
-519
-1454
-1430
-739
-112
-362
-1757
-3381
-4294
-3773
-2414
-1712
-2349
-3941
-5252
-5047
-3504
-1943
-1298
-2092
-3413
-3728
-2556
-525
1025
1120
192
-303
425
2234
4069
4809
4345
3609
3643
4759
6397
7300
6949
5929
5142
5269
6165
6836
6555
5415
4034
3291
3397
3711
3537
2579
1216
137
-264
-188
-211
-743
-1683
-2665
-3233
-3293
-3125
-3028
-3181
-3723
-4227
-4412
-4190
-3703
-3425
-3394
-3498
-3329
-2960
-2588
-2309
-1735
-1042
-215
225
-209
-508
-312
499
1571
1999
1415
640
100
333
1280
1962
1765
610
-797
-1529
-1077
-67
296
-598
-2276
-3755
-3883
-2815
-1937
-2042
-3242
-4664
-4982
-3968
-2546
-1669
-1991
-3175
-3878
-3293
-1641
33
678
26
-836
-709
633
2644
4055
4080
3256
2736
3160
4628
6145
6602
6094
5171
4731
5257
6253
6706
6234
5070
4039
3776
4032
4161
3596
2515
1397
717
582
532
87
-761
-1754
-2425
-2576
-2585
-2730
-3081
-3627
-4047
-4151
-3944
-3531
-3433
-3576
-3819
-3717
-2975
-2114
-1837
-1832
-1845
-1485
-254
273
137
-122
-234
335
1281
1416
1044
699
393
837
1420
1584
1094
184
-677
-838
-314
200
-97
-1257
-2623
-3457
-3015
-2166
-1932
-2592
-3766
-4574
-4248
-3197
-2365
-2159
-2827
-3635
-3619
-2491
-1055
-163
-279
-1001
-1021
21
1559
2777
3017
2472
2233
2809
3949
5155
5497
5018
4447
4360
4940
5789
6095
5553
4689
4041
4050
4426
4516
3941
2932
2027
1574
1609
1575
1050
68
-916
-1468
-1478
-1420
-1745
-2378
-3109
-3538
-3527
-3309
-3128
-3292
-3626
-3830
-3619
-2982
-2441
-2318
-2266
-1971
-1442
-549
-344
-517
-480
-203
516
1216
1182
720
405
292
927
1669
1813
1230
154
-669
-571
209
742
255
-1183
-2631
-3222
-2581
-1670
-1636
-2570
-3951
-4759
-4257
-3109
-2337
-2291
-3084
-3791
-3562
-2476
-1125
-331
-487
-1112
-1189
-296
1176
2385
2727
2230
1782
2176
3210
4474
5107
4750
4045
3699
4033
4910
5585
5378
4544
3610
3230
3539
4006
3960
3185
2165
1368
1202
1425
1426
902
16
-918
-1399
-1333
-1239
-1335
-1906
-2727
-3209
-3226
-2863
-2656
-2862
-3267
-3483
-3162
-2480
-2052
-1824
-1571
-1460
-794
-394
-400
-198
-52
288
902
1011
746
652
493
872
1496
1732
1497
784
60
-181
235
745
563
-462
-1802
-2692
-2456
-1650
-1427
-2049
-3299
-4257
-4173
-3323
-2541
-2439
-3030
-3811
-4011
-3267
-2027
-1101
-859
-1307
-1656
-1069
156
1472
2234
2051
1561
1611
2294
3444
4391
4494
4007
3409
3248
3785
4626
5026
4670
3809
3012
2809
3178
3605
3518
2845
1854
1131
1019
1236
1316
910
16
-824
-1104
-965
-755
-883
-1571
-2319
-2657
-2473
-1999
-1926
-2341
-2938
-3160
-2664
-1901
-1456
-1292
-1485
-1507
-921
-562
-180
56
21
151
399
439
582
731
749
1000
1163
1177
913
558
260
266
554
649
108
-792
-1627
-1997
-1566
-1211
-1558
-2390
-3317
-3730
-3110
-2417
-2261
-2566
-3286
-3608
-3079
-2206
-1565
-1330
-1576
-1681
-1166
-253
638
1166
1229
1091
1314
1989
2745
3326
3400
3061
2932
3189
3634
4043
4016
3517
3080
2886
2953
3075
2902
2429
1923
1634
1485
1373
1101
657
237
-15
-225
-436
-660
-944
-1055
-1187
-1348
-1547
-1731
-1691
-1696
-1761
-1818
-1881
-1682
-1252
-1136
-925
-697
-606
-77
110
44
139
188
345
715
716
591
549
438
635
819
914
740
348
37
-70
30
189
-120
-821
-1444
-1871
-1772
-1507
-1672
-2252
-2874
-3284
-3124
-2593
-2295
-2391
-2814
-3158
-3082
-2399
-1648
-1316
-1361
-1579
-1446
-665
284
895
1175
1090
1216
1735
2267
2824
3020
2967
2960
2993
3220
3516
3538
3385
3086
2760
2719
2654
2473
2144
1713
1430
1237
1069
795
384
10
-226
-414
-535
-705
-996
-1124
-1189
-1249
-1211
-1322
-1418
-1455
-1470
-1352
-1248
-1124
-876
-779
-575
-171
-87
329
511
344
530
642
747
1101
1056
746
714
609
767
998
920
592
156
-123
-210
-159
-129
-517
-1168
-1651
-2026
-2016
-1818
-2005
-2445
-2849
-3169
-3084
-2707
-2568
-2624
-2777
-2881
-2699
-2179
-1728
-1489
-1326
-1251
-957
-369
192
605
880
1035
1302
1762
2240
2626
2804
2863
2906
3030
3297
3465
3443
3256
2933
2729
2747
2709
2539
2160
1607
1259
1093
981
789
360
-188
-584
-762
-814
-872
-1097
-1407
-1620
-1682
-1599
-1482
-1471
-1513
-1581
-1556
-1321
-1098
-817
-536
-531
-378
-77
145
690
1004
877
857
807
911
1387
1577
1360
1029
632
583
844
1059
903
339
-191
-505
-554
-329
-459
-1007
-1537
-2122
-2368
-2164
-2121
-2298
-2535
-2951
-3099
-2835
-2539
-2319
-2262
-2374
-2403
-2068
-1570
-1133
-821
-709
-617
-220
370
873
1291
1447
1430
1698
2110
2487
2840
2880
2710
2709
2817
2932
3061
2947
2646
2427
2285
2186
2061
1834
1469
1161
961
731
476
162
-238
-560
-701
-837
-1039
-1276
-1571
-1756
-1740
-1641
-1619
-1673
-1718
-1763
-1707
-1446
-1213
-1035
-718
-631
-607
-250
16
429
982
994
863
889
928
1301
1717
1674
1361
979
785
891
1138
1222
806
239
-187
-494
-394
-258
-616
-1143
-1733
-2260
-2222
-1930
-1910
-2092
-2498
-2938
-2871
-2421
-2016
-1773
-1844
-2077
-2002
-1535
-912
-376
-140
-170
-104
307
882
1406
1688
1603
1560
1823
2184
2548
2639
2396
2281
2354
2514
2688
2558
2232
1985
1824
1795
1738
1498
1147
741
468
333
178
11
-312
-754
-1005
-1159
-1260
-1284
-1517
-1819
-1929
-1983
-1917
-1772
-1764
-1777
-1717
-1586
-1350
-1013
-653
-491
-396
-175
52
523
1057
1096
1034
1051
1070
1476
1855
1747
1511
1234
1035
1168
1346
1283
971
550
139
-123
-89
-81
-355
-750
-1323
-1811
-1787
-1628
-1647
-1821
-2274
-2668
-2564
-2201
-1877
-1725
-1886
-2100
-1941
-1448
-886
-440
-299
-359
-196
281
868
1401
1628
1549
1555
1792
2160
2529
2615
2397
2182
2151
2277
2408
2336
1992
1585
1372
1309
1258
1092
683
238
14
-96
-168
-298
-645
-1001
-1158
-1217
-1240
-1303
-1517
-1729
-1769
-1724
-1660
-1598
-1624
-1647
-1519
-1337
-1145
-956
-803
-640
-437
-167
101
325
565
762
906
1084
1200
1315
1476
1544
1562
1502
1351
1232
1158
1145
1102
862
531
178
-94
-137
-162
-340
-681
-1182
-1528
-1537
-1421
-1337
-1491
-1899
-2175
-2133
-1808
-1384
-1253
-1410
-1548
-1466
-1014
-428
-61
47
-20
53
445
932
1377
1568
1471
1443
1561
1807
2147
2245
2095
1911
1745
1752
1883
1863
1661
1343
1035
858
789
698
473
170
-124
-387
-549
-666
-832
-1003
-1184
-1386
-1535
-1623
-1669
-1668
-1665
-1699
-1740
-1729
-1627
-1442
-1248
-1102
-1015
-924
-718
-415
-123
109
214
267
456
757
1034
1206
1196
1094
1124
1298
1455
1488
1333
1049
876
893
920
848
601
195
-101
-174
-196
-268
-497
-896
-1194
-1255
-1186
-1102
-1180
-1437
-1637
-1604
-1361
-1074
-943
-1010
-1110
-1008
-659
-229
95
186
157
252
541
969
1343
1497
1495
1467
1548
1778
2004
2116
2065
1879
1711
1626
1591
1569
1454
1204
891
571
331
183
50
-129
-397
-711
-988
-1179
-1264
-1301
-1387
-1536
-1732
-1883
-1888
-1792
-1676
-1628
-1695
-1749
-1672
-1451
-1153
-960
-909
-866
-719
-385
-3
228
311
342
465
762
1073
1245
1237
1127
1107
1216
1369
1434
1308
1078
868
760
763
740
586
324
17
-199
-271
-308
-390
-558
-788
-952
-990
-952
-901
-891
-921
-927
-873
-770
-634
-487
-337
-195
-76
19
124
279
486
698
842
881
877
920
1053
1241
1366
1351
1235
1114
1101
1194
1266
1212
1010
760
610
581
579
494
271
-20
-248
-360
-406
-485
-668
-909
-1115
-1232
-1273
-1306
-1378
-1484
-1575
-1601
-1569
-1499
-1431
-1379
-1303
-1199
-1067
-898
-720
-545
-367
-204
-37
148
323
482
631
748
846
931
980
1016
1046
1056
1047
1005
918
819
735
670
609
511
353
181
45
-38
-95
-180
-315
-461
-556
-579
-564
-569
-611
-662
-655
-584
-486
-400
-351
-315
-242
-125
25
162
251
318
383
478
608
730
812
851
853
868
920
982
1018
994
919
846
797
772
732
641
512
373
261
173
67
-63
-207
-345
-450
-545
-648
-760
-884
-990
-1052
-1075
-1082
-1116
-1184
-1247
-1257
-1181
-1054
-957
-937
-962
-944
-804
-574
-359
-251
-250
-234
-103
142
405
545
538
489
523
689
903
1011
953
787
664
682
786
844
747
508
266
142
154
202
142
-60
-312
-485
-496
-404
-345
-407
-570
-700
-690
-538
-357
-278
-327
-399
-376
-209
22
187
231
198
202
319
510
682
753
727
689
711
800
899
952
934
873
810
783
790
794
769
696
582
457
353
285
236
164
38
-131
-303
-433
-508
-563
-650
-782
-927
-1042
-1093
-1098
-1095
-1106
-1131
-1138
-1107
-1041
-957
-867
-773
-677
-580
-484
-395
-299
-182
-56
61
132
149
158
202
290
381
407
348
248
192
227
301
317
232
83
-27
-28
50
103
52
-84
-206
-223
-140
-48
-31
-95
-168
-165
-67
55
127
128
109
142
243
367
456
485
493
532
620
726
797
814
805
813
859
919
944
922
878
849
852
860
830
754
659
585
529
467
371
240
108
7
-69
-158
-287
-445
-584
-677
-735
-798
-897
-1032
-1163
-1246
-1264
-1247
-1250
-1296
-1364
-1405
-1369
-1264
-1146
-1070
-1046
-1031
-962
-818
-635
-478
-384
-329
-270
-168
-21
130
241
292
306
315
359
445
539
595
579
508
443
441
508
574
567
466
333
270
315
406
448
380
252
170
202
324
432
443
365
289
311
430
568
634
601
533
524
605
717
778
746
662
611
634
694
722
665
556
469
450
480
478
402
274
155
105
102
77
-18
-168
-311
-394
-428
-462
-556
-701
-840
-923
-952
-974
-1039
-1138
-1227
-1257
-1226
-1186
-1181
-1208
-1216
-1161
-1046
-932
-862
-830
-789
-687
-542
-399
-299
-254
-224
-156
-52
65
154
185
187
193
226
297
368
409
412
384
367
396
456
519
545
526
495
479
505
557
596
609
588
553
529
533
563
599
605
577
526
492
506
550
586
577
525
477
474
515
561
560
508
449
424
444
471
457
399
322
269
255
246
213
141
50
-28
-88
-133
-181
-255
-339
-429
-513
-574
-621
-664
-718
-785
-853
-911
-942
-949
-951
-956
-971
-993
-1005
-994
-948
-881
-824
-788
-772
-752
-699
-603
-490
-401
-362
-348
-318
-240
-122
-14
46
59
58
89
169
267
345
370
351
334
356
420
496
537
517
475
450
469
527
571
582
558
518
506
526
568
613
615
582
542
521
550
595
615
594
534
484
480
502
529
510
446
382
341
334
336
309
257
186
123
85
63
39
-4
-67
-134
-186
-217
-245
-278
-328
-384
-427
-466
-490
-509
-541
-572
-606
-642
-655
-666
-664
-662
-682
-689
-685
-668
-627
-599
-575
-545
-513
-465
-415
-368
-315
-268
-224
-179
-139
-96
-49
-7
26
50
73
98
129
160
183
199
211
223
244
271
301
322
334
343
352
368
393
415
435
442
440
439
438
449
461
462
450
425
398
384
382
379
362
320
275
245
233
237
227
189
140
95
76
82
81
55
9
-41
-68
-69
-67
-81
-119
-168
-205
-222
-221
-227
-252
-289
-332
-355
-356
-351
-352
-370
-401
-420
-421
-403
-380
-368
-372
-386
-391
-371
-338
-303
-281
-283
-286
-279
-251
-205
-168
-150
-148
-155
-145
-110
-66
-22
-2
-4
-3
10
49
100
138
155
149
144
160
196
240
274
281
273
262
266
291
320
335
327
307
295
296
307
318
321
309
294
285
288
292
290
285
271
259
255
252
248
236
217
196
182
170
160
139
108
71
41
21
6
-13
-42
-83
-120
-146
-160
-170
-188
-217
-256
-282
-295
-294
-296
-312
-336
-359
-370
-366
-357
-352
-361
-378
-391
-390
-376
-354
-338
-334
-335
-325
-303
-270
-237
-212
-194
-182
-163
-134
-102
-71
-47
-31
-15
3
25
47
67
82
96
106
116
124
139
156
171
179
186
191
201
216
231
243
251
251
253
260
265
272
281
280
273
263
258
259
256
248
237
219
205
195
188
180
161
144
130
116
107
95
83
69
58
44
29
17
1
-15
-32
-53
-67
-79
-94
-111
-128
-145
-158
-172
-183
-197
-208
-218
-224
-231
-235
-236
-234
-229
-232
-228
-225
-219
-209
-203
-196
-189
-181
-167
-157
-146
-137
-128
-116
-105
-94
-83
-76
-65
-52
-44
-32
-20
-6
5
16
27
40
51
64
77
91
101
110
119
127
136
144
150
150
145
145
146
148
147
141
138
134
133
134
132
128
124
119
114
110
109
108
107
99
90
80
75
74
71
62
51
40
32
27
19
9
-3
-16
-25
-32
-39
-40
-47
-54
-59
-65
-69
-73
-78
-82
-88
-91
-90
-93
-90
-91
-94
-94
-97
-96
-95
-96
-95
-94
-96
-92
-91
-88
-84
-80
-76
-74
-71
-65
-62
-55
-49
-44
-36
-31
-25
-18
-12
-6
3
6
11
15
16
23
30
35
37
37
42
46
53
59
60
61
61
64
65
69
69
69
69
70
73
77
78
78
74
72
72
72
71
71
69
64
60
59
61
62
59
53
48
44
42
39
36
34
30
23
19
14
10
4
-2
-6
-13
-19
-25
-29
-35
-40
-46
-52
-58
-62
-62
-65
-67
-70
-72
-71
-72
-72
-71
-73
-73
-74
-70
-65
-64
-63
-66
-67
-64
-64
-63
-61
-63
-63
-62
-62
-60
-57
-53
-47
-42
-40
-36
-32
-31
-26
-23
-21
-16
-13
-9
-5
2
8
13
14
16
20
24
28
34
39
40
46
52
60
68
75
80
84
92
98
104
109
112
117
122
122
122
121
122
122
119
113
109
100
92
84
76
69
60
52
46
38
32
29
24
20
11
6
0
-5
-11
-18
-21
-25
-30
-38
-49
-58
-63
-68
-74
-79
-84
-91
-97
-103
-106
-110
-111
-110
-111
-110
-111
-111
-109
-108
-106
-104
-101
-97
-95
-89
-83
-77
-70
-65
-61
-56
-52
-44
-36
-30
-23
-18
-12
-4
6
16
27
33
38
45
51
59
66
72
75
81
88
92
96
98
99
104
108
108
105
101
99
97
95
92
90
87
83
79
74
67
62
57
52
46
38
30
23
17
12
7
0
-4
-10
-17
-23
-28
-32
-38
-42
-46
-48
-50
-52
-50
-49
-47
-48
-51
-55
-58
-58
-55
-55
-56
-57
-61
-62
-64
-66
-64
-63
-64
-65
-67
-67
-67
-65
-62
-59
-54
-48
-41
-36
-32
-28
-23
-17
-11
-6
0
5
12
19
24
29
32
35
39
42
43
45
47
46
47
48
50
53
54
54
54
54
53
53
52
52
52
51
49
48
48
48
46
42
42
39
36
34
26
23
20
16
15
11
10
5
3
2
-2
-5
-6
-8
-11
-17
-20
-19
-22
-24
-27
-31
-34
-36
-36
-36
-39
-43
-47
-49
-50
-51
-50
-47
-44
-44
-43
-44
-45
-45
-43
-39
-37
-34
-34
-35
-31
-29
-26
-22
-19
-19
-18
-16
-13
-10
-8
-9
-8
-3
3
8
14
16
20
25
29
33
35
38
37
37
41
44
48
50
49
48
47
49
51
50
47
46
43
41
43
42
42
42
38
35
31
27
25
19
19
18
13
11
6
3
2
-1
-5
-8
-9
-11
-12
-14
-18
-21
-23
-25
-26
-25
-24
-23
