2
1
-1
-2
-2
0
0
-2
-3
-4
-6
-8
-8
-11
-10
-11
-14
-16
-17
-16
-17
-17
-17
-15
-14
-15
-17
-17
-16
-16
-12
-10
-7
-3
-2
0
1
4
7
9
11
12
13
14
16
17
19
19
18
20
18
17
15
14
12
13
11
10
9
10
9
7
5
2
0
-3
-8
-10
-12
-13
-15
-17
-18
-22
-22
-18
-17
-16
-15
-14
-13
-11
-7
-6
-2
-1
1
4
8
10
14
16
16
19
22
23
23
24
23
24
24
23
23
24
24
23
22
19
16
14
10
7
3
-1
-6
-10
-14
-16
-16
-17
-20
-24
-29
-31
-33
-34
-32
-31
-30
-28
-28
-29
-29
-28
-27
-26
-24
-22
-20
-17
-13
-9
-7
-3
-1
0
1
4
6
7
10
11
13
17
19
20
20
19
22
26
29
33
35
35
36
35
35
35
32
31
26
24
22
19
18
14
10
6
2
-1
-4
-7
-12
-16
-20
-26
-31
-37
-42
-47
-51
-51
-52
-47
-41
-35
-31
-26
-20
-14
-10
-8
-3
0
3
6
9
12
19
24
27
31
35
37
40
41
43
42
39
37
33
29
26
26
23
19
16
11
8
6
5
3
-1
-4
-6
-9
-13
-18
-22
-27
-28
-31
-31
-29
-28
-29
-29
-32
-33
-33
-32
-30
-26
-24
-25
-26
-24
-21
-18
-17
-14
-12
-11
-5
-1
-1
0
-1
-2
0
5
7
8
11
11
11
11
10
11
10
13
16
16
18
20
22
26
28
33
35
37
41
45
45
44
42
40
37
35
31
26
21
16
11
7
5
3
0
-3
-10
-15
-20
-26
-34
-42
-52
-61
-67
-69
-69
-67
-64
-58
-52
-45
-40
-31
-22
-16
-10
-7
-5
-1
5
12
17
20
28
36
43
48
52
56
59
57
52
51
50
46
41
36
32
31
29
27
23
18
13
7
2
-2
-11
-19
-26
-31
-37
-43
-45
-49
-51
-49
-48
-48
-46
-47
-48
-50
-48
-45
-40
-34
-33
-31
-29
-24
-18
-14
-9
-2
1
4
6
10
15
18
18
20
22
27
29
30
31
31
33
35
35
37
38
40
40
39
38
39
40
43
46
48
51
55
58
60
57
54
51
45
39
32
21
11
4
-1
-8
-16
-20
-26
-32
-40
-48
-55
-64
-75
-88
-102
-114
-125
-130
-132
-131
-124
-116
-105
-90
-77
-61
-50
-37
-25
-17
-8
2
14
23
32
44
55
69
81
92
105
112
115
115
113
111
105
98
90
81
77
72
68
64
58
52
45
38
30
23
14
3
-8
-16
-25
-34
-42
-48
-53
-56
-59
-59
-57
-59
-61
-65
-70
-69
-66
-68
-66
-66
-62
-58
-55
-50
-46
-43
-38
-33
-27
-22
-17
-16
-16
-12
-11
-9
-5
-1
4
10
15
20
24
26
29
32
36
42
48
55
58
64
71
78
83
89
95
97
97
93
87
83
71
59
48
39
26
15
4
-7
-16
-25
-36
-48
-55
-64
-76
-91
-106
-121
-134
-142
-142
-137
-126
-110
-95
-77
-59
-42
-26
-10
4
17
27
35
41
49
53
56
62
69
79
87
97
103
105
102
95
86
77
62
48
37
29
25
20
17
15
10
3
-2
-7
-12
-18
-26
-35
-45
-49
-55
-62
-65
-63
-61
-58
-53
-50
-46
-43
-46
-43
-41
-42
-40
-40
-38
-37
-33
-30
-23
-21
-16
-13
-8
-1
0
3
8
9
11
8
12
14
15
18
21
22
23
28
35
40
43
45
47
51
52
59
66
76
87
93
95
92
82
68
58
48
34
20
7
-2
-6
-13
-20
-27
-37
-46
-54
-62
-69
-75
-85
-101
-113
-124
-131
-132
-129
-120
-106
-89
-67
-42
-17
2
16
26
34
41
45
54
58
61
63
66
69
73
78
80
82
85
87
85
80
71
58
39
22
10
5
4
0
-4
-7
-12
-17
-18
-24
-31
-39
-47
-51
-54
-53
-52
-54
-53
-52
-48
-44
-37
-31
-28
-24
-22
-20
-18
-19
-21
-23
-21
-18
-16
-12
-9
-6
-4
-5
-5
-5
-4
-3
-5
-5
-5
-6
-6
-8
-5
-4
1
11
22
33
42
52
63
76
90
103
116
128
135
137
133
122
105
83
63
42
19
-3
-23
-43
-60
-76
-90
-99
-109
-119
-128
-134
-141
-153
-163
-172
-182
-182
-176
-161
-139
-109
-74
-36
5
46
80
110
133
148
154
153
149
145
140
130
119
114
115
118
120
118
110
100
84
62
42
22
2
-20
-37
-50
-58
-62
-62
-61
-62
-61
-62
-64
-69
-75
-85
-92
-97
-98
-90
-81
-70
-58
-46
-35
-23
-15
-13
-11
-13
-14
-10
-5
-1
4
10
16
21
28
28
25
17
8
0
-7
-11
-16
-19
-18
-15
-10
-6
-4
-5
-12
-22
-30
-29
-23
-9
15
45
87
142
200
250
278
280
261
219
159
90
14
-61
-130
-186
-210
-202
-176
-139
-100
-64
-33
-9
3
-1
-31
-89
-160
-224
-263
-273
-256
-213
-153
-77
11
107
197
264
301
299
265
211
147
86
30
-18
-52
-60
-43
-2
48
99
132
144
141
126
104
72
32
-14
-53
-79
-87
-84
-70
-56
-44
-37
-34
-27
-30
-43
-64
-88
-105
-108
-116
-106
-79
-59
-37
-20
-3
8
3
-16
-41
-73
-90
-91
-75
-47
-12
32
76
107
120
125
110
69
21
-25
-60
-89
-96
-87
-71
-59
-56
-63
-72
-86
-92
-78
-23
79
221
393
599
847
1011
1072
1043
895
685
348
-65
-489
-867
-1202
-1446
-1454
-1324
-1060
-729
-378
-8
287
472
515
437
213
-102
-431
-687
-847
-876
-711
-422
-32
401
850
1194
1379
1387
1201
908
502
70
-297
-546
-673
-652
-437
-108
281
664
1020
1207
1226
1100
848
558
213
-117
-366
-498
-512
-415
-214
5
187
285
293
170
-49
-334
-633
-933
-1145
-1205
-1148
-963
-728
-466
-213
-38
37
4
-121
-316
-526
-710
-812
-839
-738
-522
-253
32
287
479
561
547
438
270
84
-93
-222
-290
-301
-281
-247
-209
-188
-165
-116
16
277
689
1240
1918
2718
3382
3777
3829
3432
2697
1483
-70
-1732
-3266
-4587
-5515
-5688
-5220
-4149
-2685
-1021
618
1999
2903
3197
2875
1992
698
-751
-2057
-2944
-3243
-2894
-1965
-611
925
2370
3448
3962
3818
3041
1787
300
-1108
-2161
-2669
-2546
-1813
-592
882
2338
3529
4251
4355
3834
2793
1432
-4
-1284
-2202
-2631
-2522
-1941
-1017
65
1081
1836
2191
2099
1589
779
-177
-1109
-1865
-2327
-2445
-2249
-1820
-1294
-809
-473
-365
-491
-795
-1193
-1565
-1808
-1851
-1654
-1254
-725
-172
280
527
510
234
-236
-778
-1260
-1549
-1543
-1199
-557
270
1120
1816
2199
2168
1715
941
35
-764
-1207
-1110
-400
888
2577
4343
5765
6488
6306
5159
3098
348
-2662
-5447
-7583
-8735
-8678
-7372
-5056
-2160
861
3563
5546
6484
6245
4942
2828
271
-2258
-4256
-5311
-5261
-4174
-2286
30
2321
4134
5114
5085
4070
2285
124
-1942
-3442
-4046
-3639
-2313
-328
1926
3998
5467
6041
5620
4267
2247
-46
-2156
-3695
-4418
-4237
-3236
-1644
200
1923
3209
3834
3699
2868
1535
4
-1430
-2529
-3134
-3208
-2803
-2072
-1220
-457
62
245
75
-368
-927
-1432
-1747
-1796
-1574
-1123
-558
-28
329
417
199
-313
-1031
-1793
-2415
-2737
-2661
-2147
-1233
-42
1220
2328
3085
3327
2958
1999
593
-1003
-2494
-3576
-3985
-3534
-2178
-76
2475
5101
7379
8843
9123
8090
5913
2900
-577
-4023
-6875
-8701
-9305
-8684
-6940
-4358
-1435
1309
3505
4948
5501
5118
3940
2262
394
-1377
-2761
-3485
-3408
-2632
-1398
33
1388
2397
2843
2636
1850
673
-645
-1793
-2458
-2428
-1675
-346
1304
2982
4352
5123
5139
4399
3047
1314
-485
-2002
-2944
-3197
-2778
-1806
-492
887
2032
2755
2967
2645
1856
754
-435
-1509
-2332
-2814
-2928
-2712
-2262
-1716
-1179
-731
-429
-288
-278
-333
-387
-410
-378
-293
-203
-157
-221
-431
-769
-1190
-1613
-1950
-2102
-1999
-1630
-1025
-252
562
1275
1763
1954
1816
1348
608
-308
-1295
-2227
-2962
-3354
-3243
-2505
-1100
873
3234
5690
7839
9201
9390
8231
5850
2562
-1211
-4912
-7896
-9669
-10077
-9141
-7032
-4106
-967
1846
4031
5447
5991
5670
4627
3105
1325
-485
-2037
-3038
-3301
-2873
-1930
-702
544
1508
1956
1799
1103
31
-1146
-2078
-2455
-2113
-1085
430
2131
3670
4722
5070
4638
3524
1937
176
-1408
-2484
-2852
-2483
-1501
-116
1380
2652
3429
3565
3050
1952
444
-1198
-2675
-3761
-4344
-4377
-3897
-3029
-1970
-912
-10
625
912
842
505
26
-463
-868
-1113
-1162
-1058
-898
-773
-745
-838
-1036
-1274
-1449
-1454
-1220
-753
-107
626
1318
1830
2057
1952
1543
879
7
-994
-1987
-2818
-3345
-3372
-2692
-1174
1107
3891
6788
9245
10607
10386
8455
5093
813
-3748
-7793
-10544
-11572
-10879
-8742
-5606
-2073
1116
3482
4924
5531
5420
4723
3663
2440
1127
-202
-1378
-2196
-2521
-2394
-1911
-1176
-332
399
840
905
625
95
-525
-983
-1053
-644
170
1198
2223
3022
3389
3208
2508
1440
215
-927
-1733
-1977
-1562
-591
730
2149
3376
4121
4174
3495
2199
494
-1343
-2980
-4110
-4535
-4243
-3364
-2134
-838
257
943
1126
855
304
-347
-912
-1249
-1287
-1059
-723
-458
-389
-577
-1017
-1618
-2194
-2523
-2458
-1962
-1085
14
1092
1887
2196
1957
1239
222
-824
-1626
-1994
-1899
-1476
-945
-522
-350
-404
-472
-219
673
2307
4551
7034
9104
9999
9181
6584
2599
-2129
-6788
-10437
-12318
-12174
-10248
-7070
-3309
273
2991
4579
5202
5187
4805
4234
3594
2877
1924
651
-835
-2287
-3448
-4123
-4166
-3516
-2299
-782
693
1811
2350
2255
1663
865
204
-61
183
860
1775
2657
3202
3170
2526
1414
96
-1099
-1854
-1883
-1112
248
1850
3318
4292
4483
3764
2272
344
-1649
-3318
-4326
-4480
-3819
-2624
-1282
-121
642
909
731
293
-156
-411
-385
-88
327
647
647
180
-728
-1890
-3022
-3813
-4010
-3492
-2319
-775
763
1896
2304
1894
839
-482
-1640
-2332
-2405
-1926
-1078
-109
643
930
664
-86
-964
-1322
-569
1514
4652
7872
9976
10087
7974
4169
-430
-4948
-8608
-10810
-11268
-9990
-7217
-3569
-38
2346
3054
2524
1729
1522
2171
3396
4366
4211
2698
329
-2039
-3770
-4641
-4679
-3935
-2488
-488
1792
3823
4933
4644
3093
1010
-711
-1441
-1035
209
1739
3010
3685
3676
3016
1742
33
-1676
-2791
-2793
-1535
690
3251
5344
6294
5843
4200
1850
-683
-2924
-4456
-4997
-4528
-3303
-1743
-329
465
392
-358
-1258
-1795
-1738
-1139
-187
782
1351
1264
563
-567
-1955
-3389
-4488
-4819
-4202
-2796
-948
928
2373
2969
2582
1471
86
-1191
-2136
-2557
-2371
-1701
-824
9
676
1064
988
423
-311
-657
-164
1327
3709
6495
8720
9329
7836
4625
569
-3524
-6936
-9003
-9389
-8279
-6169
-3518
-828
1179
1881
1383
542
250
909
2364
4025
4978
4385
2122
-1055
-3989
-5839
-6263
-5257
-3108
-354
2353
4428
5449
5162
3610
1318
-815
-1933
-1654
-197
1817
3597
4452
4035
2461
252
-1978
-3670
-4322
-3582
-1451
1558
4588
6790
7545
6599
4201
1108
-1705
-3477
-3905
-3107
-1522
172
1262
1280
182
-1661
-3598
-4912
-5039
-3810
-1557
995
2993
3771
3080
1170
-1338
-3685
-5216
-5558
-4728
-3095
-1191
468
1517
1806
1417
637
-167
-678
-744
-432
22
305
151
-478
-1360
-2135
-2461
-2176
-1359
-258
896
2037
3221
4517
5848
6916
7248
6413
4366
1511
-1514
-4153
-6015
-6904
-6833
-5984
-4626
-3022
-1501
-488
-168
-268
-194
548
2022
3791
5042
4942
3105
-29
-3349
-5682
-6310
-5154
-2684
292
2934
4633
5107
4358
2626
432
-1474
-2345
-1795
16
2415
4463
5309
4552
2421
-318
-2762
-4183
-4200
-2820
-404
2402
4862
6369
6568
5410
3246
771
-1184
-2033
-1665
-434
991
1879
1696
369
-1660
-3662
-4926
-4999
-3808
-1694
678
2559
3381
2907
1292
-943
-3072
-4436
-4708
-4000
-2763
-1581
-934
-994
-1533
-2071
-2151
-1564
-406
995
2186
2753
2450
1305
-393
-2203
-3649
-4317
-4005
-2839
-1228
351
1641
2649
3563
4595
5765
6771
7049
6139
4021
1140
-1865
-4394
-5995
-6492
-6045
-5013
-3729
-2445
-1432
-892
-731
-522
194
1568
3296
4720
5007
3584
616
-2919
-5645
-6490
-5155
-2163
1432
4455
6055
5970
4461
2125
-334
-2180
-2808
-1959
123
2676
4667
5226
4028
1449
-1548
-3826
-4580
-3642
-1474
1126
3369
4692
4854
3993
2534
1005
-103
-476
-74
829
1697
1967
1328
-110
-1877
-3318
-3856
-3275
-1787
68
1620
2341
2004
757
-949
-2553
-3553
-3652
-2883
-1612
-430
134
-174
-1255
-2665
-3797
-4116
-3391
-1789
212
1993
3032
3044
2098
548
-1111
-2403
-3041
-2988
-2446
-1668
-757
313
1632
3211
4872
6204
6665
5892
3993
1481
-1008
-2916
-3895
-3907
-3237
-2380
-1745
-1545
-1832
-2459
-2965
-2767
-1535
561
2849
4429
4508
2767
-336
-3661
-5940
-6341
-4758
-1773
1623
4406
5854
5757
4396
2355
360
-906
-1016
34
1769
3408
4151
3535
1641
-911
-3188
-4342
-3951
-2160
385
2825
4372
4576
3463
1541
-432
-1726
-1876
-867
851
2484
3235
2651
847
-1541
-3608
-4514
-3849
-1816
852
3203
4409
4063
2311
-214
-2648
-4219
-4492
-3512
-1780
-57
945
853
-250
-1887
-3387
-4137
-3839
-2622
-935
664
1709
1992
1565
711
-205
-895
-1235
-1271
-1153
-1015
-879
-619
-51
949
2350
3888
5044
5253
4232
2175
-324
-2547
-3856
-3887
-2753
-1037
488
1229
963
-188
-1748
-2969
-3144
-2025
22
2186
3516
3267
1247
-1938
-5083
-6914
-6666
-4366
-818
2713
5003
5371
3937
1500
-834
-2063
-1635
341
3135
5687
7017
6569
4395
1154
-2104
-4319
-4823
-3582
-1157
1534
3543
4224
3478
1776
-94
-1379
-1636
-864
535
1893
2568
2224
943
-824
-2473
-3433
-3360
-2279
-588
1120
2282
2568
1961
763
-533
-1461
-1768
-1495
-918
-402
-233
-514
-1123
-1803
-2288
-2430
-2222
-1793
-1334
-999
-838
-766
-652
-383
51
531
864
855
444
-212
-734
-731
12
1436
3168
4597
5056
4140
1967
-842
-3466
-5170
-5496
-4441
-2517
-542
755
1052
471
-535
-1286
-1159
62
2003
3857
4751
4089
1796
-1571
-4930
-7103
-7335
-5591
-2530
753
3152
3949
3104
1231
-726
-1890
-1762
-375
1762
3866
5202
5381
4460
2874
1229
72
-304
26
683
1216
1302
874
117
-625
-974
-705
125
1208
2144
2580
2315
1379
49
-1248
-2116
-2344
-1940
-1098
-137
589
844
603
25
-652
-1202
-1461
-1371
-1015
-562
-185
7
-12
-221
-554
-914
-1217
-1438
-1592
-1714
-1828
-1925
-1972
-1907
-1683
-1298
-835
-419
-135
18
157
478
1181
2301
3661
4877
5488
5128
3671
1343
-1297
-3570
-4956
-5266
-4648
-3521
-2408
-1729
-1607
-1853
-2054
-1773
-730
1046
3153
4931
5685
4993
2910
4
-2803
-4594
-4819
-3528
-1334
836
2134
2154
1058
-524
-1809
-2183
-1426
203
2098
3616
4278
3958
2891
1561
555
210
552
1324
2073
2447
2258
1554
633
-154
-549
-507
-158
266
535
508
216
-217
-621
-861
-893
-768
-575
-409
-342
-371
-441
-486
-473
-450
-502
-692
-1058
-1530
-1934
-2078
-1788
-1122
-244
612
1193
1307
905
129
-787
-1589
-2099
-2230
-2063
-1719
-1364
-1153
-1113
-1189
-1226
-1028
-431
645
2080
3626
4912
5603
5452
4394
2722
803
-893
-2020
-2451
-2350
-2062
-1894
-2093
-2623
-3264
-3694
-3525
-2547
-819
1265
3130
4219
4159
2954
1014
-944
-2237
-2478
-1707
-373
859
1439
1183
290
-761
-1442
-1449
-777
265
1222
1701
1598
1057
378
-40
72
715
1615
2360
2609
2214
1283
198
-636
-897
-536
212
984
1441
1373
783
-108
-952
-1467
-1516
-1149
-553
22
368
414
218
-60
-265
-328
-276
-218
-283
-542
-958
-1415
-1729
-1787
-1541
-1039
-451
94
478
641
596
414
165
-91
-313
-504
-687
-916
-1186
-1473
-1696
-1728
-1482
-839
193
1462
2646
3517
3870
3540
2628
1385
215
-599
-969
-919
-621
-357
-385
-772
-1402
-2099
-2558
-2612
-2137
-1192
-86
816
1232
1086
466
-302
-819
-788
-237
636
1465
1908
1735
1065
172
-624
-1030
-912
-348
378
988
1241
1063
561
19
-303
-236
218
835
1353
1560
1368
878
305
-111
-249
-126
128
326
326
113
-235
-585
-796
-767
-541
-226
61
211
199
68
-82
-166
-133
-11
112
145
32
-213
-521
-765
-890
-873
-725
-524
-341
-225
-185
-192
-211
-213
-170
-100
-32
-10
-58
-172
-327
-494
-599
-576
-374
-30
387
810
1134
1255
1109
806
427
81
-154
-232
-179
-88
-38
-78
-197
-374
-573
-713
-720
-579
-344
-135
-28
-90
-326
-606
-806
-832
-638
-272
161
516
728
786
750
674
594
575
592
593
540
416
262
91
-72
-161
-124
25
218
409
565
654
645
600
534
456
363
247
148
76
20
-38
-108
-193
-315
-451
-561
-604
-563
-451
-294
-128
5
82
107
90
48
-2
-51
-85
-105
-126
-164
-221
-288
-353
-400
-408
-353
-248
-126
-33
0
-28
-110
-227
-340
-415
-434
-393
-293
-133
72
284
472
596
640
587
441
253
78
-43
-107
-120
-110
-99
-107
-136
-174
-205
-220
-201
-138
-50
32
63
26
-79
-211
-308
-338
-306
-244
-189
-161
-162
-159
-108
3
162
336
489
593
635
633
612
596
582
564
533
461
330
158
-6
-114
-127
-29
155
363
516
564
495
357
203
85
44
64
105
105
20
-140
-335
-516
-634
-653
-572
-439
-308
-222
-180
-173
-194
-209
-195
-149
-100
-75
-82
-111
-151
-194
-219
-218
-207
-200
-213
-241
-270
-288
-291
-280
-258
-234
-211
-182
-139
-78
5
99
193
266
304
309
294
270
240
218
204
188
163
140
122
106
81
50
23
-8
-59
-128
-190
-229
-230
-188
-95
33
146
192
151
36
-113
-252
-335
-332
-251
-130
-19
51
69
47
17
24
102
252
441
616
727
750
676
541
391
262
172
126
121
138
154
156
155
158
169
181
199
224
228
200
137
56
-37
-135
-227
-315
-399
-479
-543
-587
-598
-568
-507
-433
-365
-310
-263
-220
-179
-135
-86
-44
-23
-31
-54
-80
-112
-141
-152
-148
-137
-129
-124
-118
-103
-80
-45
7
64
112
148
170
169
158
159
168
181
192
190
180
149
103
56
5
-58
-130
-197
-251
-290
-326
-348
-343
-323
-293
-260
-220
-168
-112
-50
29
127
225
300
345
348
314
255
192
160
168
216
305
408
512
602
660
702
709
689
674
662
669
668
621
539
409
251
100
-22
-101
-132
-120
-86
-48
-31
-44
-80
-140
-224
-313
-398
-475
-553
-655
-758
-864
-970
-1049
-1111
-1102
-1012
-876
-707
-542
-388
-249
-147
-64
17
99
172
226
261
267
246
191
114
50
13
14
56
119
179
215
216
192
151
105
63
28
-8
-53
-104
-165
-221
-257
-256
-218
-160
-106
-80
-99
-177
-291
-402
-478
-505
-461
-360
-241
-139
-68
-26
2
54
149
314
552
840
1107
1298
1374
1345
1200
987
794
677
659
720
812
886
894
810
644
428
238
119
94
145
244
332
348
264
93
-121
-334
-489
-561
-556
-508
-450
-443
-510
-639
-807
-986
-1130
-1209
-1210
-1153
-1074
-979
-892
-815
-761
-719
-639
-523
-370
-188
15
227
411
543
604
605
557
464
358
257
172
115
73
48
27
-13
-84
-173
-264
-340
-386
-382
-339
-278
-221
-195
-212
-281
-381
-500
-611
-689
-710
-664
-550
-381
-190
-13
137
262
360
439
521
623
724
821
895
941
951
923
871
829
820
870
967
1079
1197
1283
1318
1300
1227
1125
1013
901
794
672
525
353
145
-91
-326
-528
-681
-779
-827
-841
-824
-800
-784
-774
-774
-768
-748
-716
-671
-630
-600
-584
-599
-640
-700
-770
-824
-854
-855
-825
-773
-693
-583
-449
-295
-137
27
198
356
494
609
705
764
784
758
685
564
386
162
-86
-334
-563
-764
-920
-1030
-1093
-1110
-1092
-1022
-915
-794
-664
-534
-399
-264
-134
-14
84
151
188
206
221
242
285
357
456
590
749
934
1124
1291
1440
1560
1663
1745
1764
1748
1690
1586
1454
1278
1094
919
758
618
506
422
357
312
277
247
215
170
109
30
-82
-232
-418
-629
-858
-1087
-1303
-1496
-1654
-1773
-1831
-1823
-1757
-1635
-1473
-1273
-1049
-826
-610
-401
-203
-30
109
212
281
323
335
322
295
246
185
124
71
37
25
31
51
85
118
144
169
188
204
209
197
162
98
-3
-135
-294
-472
-653
-825
-976
-1090
-1161
-1175
-1135
-1030
-863
-652
-403
-126
164
447
705
920
1091
1217
1287
1312
1301
1261
1214
1158
1106
1076
1064
1062
1063
1063
1067
1066
1046
1008
942
857
752
621
474
317
156
-4
-159
-305
-437
-550
-650
-733
-796
-837
-860
-870
-873
-874
-880
-896
-911
-924
-927
-927
-918
-891
-862
-827
-775
-700
-593
-475
-352
-224
-86
51
171
273
354
412
446
460
465
463
451
421
365
292
205
110
9
-92
-190
-283
-366
-436
-487
-513
-523
-519
-502
-472
-423
-369
-319
-273
-231
-190
-151
-118
-89
-60
-23
29
92
176
278
392
521
656
792
925
1041
1129
1190
1231
1252
1255
1237
1199
1145
1075
991
897
801
697
584
468
349
234
116
-7
-126
-247
-366
-485
-592
-691
-781
-865
-942
-1006
-1053
-1083
-1092
-1083
-1060
-1020
-966
-895
-815
-730
-641
-548
-456
-366
-275
-180
-87
-3
71
143
208
261
304
344
377
397
398
380
347
294
224
142
57
-28
-114
-204
-291
-372
-447
-516
-576
-621
-644
-651
-648
-631
-604
-568
-515
-453
-373
-276
-170
-50
76
202
325
447
567
681
792
887
976
1051
1108
1152
1177
1198
1211
1209
1207
1198
1184
1167
1127
1071
1001
917
831
730
618
495
365
233
97
-36
-166
-290
-410
-529
-639
-745
-843
-930
-1018
-1091
-1149
-1196
-1223
-1239
-1243
-1227
-1198
-1151
-1082
-996
-883
-756
-623
-488
-358
-229
-106
15
131
235
320
382
426
452
459
448
412
357
285
197
105
11
-80
-162
-241
-315
-385
-449
-508
-557
-602
-646
-686
-715
-733
-735
-722
-693
-649
-584
-499
-392
-269
-133
5
147
298
454
614
777
941
1097
1238
1358
1456
1534
1593
1626
1636
1628
1607
1573
1518
1446
1359
1255
1138
1004
862
720
579
433
292
160
36
-86
-203
-318
-432
-545
-659
-767
-861
-949
-1033
-1111
-1178
-1231
-1266
-1283
-1281
-1259
-1217
-1162
-1088
-997
-892
-774
-647
-515
-381
-253
-139
-38
52
128
190
241
275
294
299
295
271
229
175
102
21
-65
-151
-237
-330
-425
-519
-610
-693
-764
-814
-846
-863
-862
-841
-802
-750
-682
-598
-495
-380
-259
-131
0
128
251
374
505
634
763
895
1021
1140
1244
1336
1423
1499
1558
1604
1641
1667
1675
1667
1640
1592
1524
1439
1336
1223
1092
945
792
635
476
311
146
-24
-196
-368
-534
-681
-812
-929
-1028
-1114
-1180
-1231
-1264
-1277
-1266
-1235
-1186
-1124
-1057
-985
-910
-834
-752
-663
-572
-474
-381
-293
-210
-137
-71
-16
33
74
102
114
109
86
46
-3
-71
-151
-243
-347
-456
-563
-658
-737
-811
-874
-925
-950
-944
-926
-894
-847
-786
-700
-601
-492
-369
-236
-100
35
173
313
454
589
714
835
950
1060
1163
1246
1318
1380
1423
1456
1472
1475
1478
1464
1439
1403
1348
1292
1228
1155
1074
972
862
749
632
512
386
257
128
-2
-128
-251
-366
-476
-583
-679
-767
-837
-898
-952
-984
-1004
-1002
-986
-960
-914
-854
-779
-697
-613
-531
-449
-373
-296
-225
-162
-112
-72
-43
-24
-16
-16
-31
-67
-118
-176
-239
-303
-365
-421
-474
-525
-576
-622
-662
-693
-718
-733
-736
-728
-708
-682
-649
-608
-560
-495
-418
-335
-242
-138
-26
89
206
328
453
573
686
795
898
991
1068
1122
1172
1218
1247
1270
1278
1273
1267
1241
1199
1146
1078
1008
937
863
789
704
614
517
412
305
196
88
-17
-120
-218
-315
-408
-500
-583
-654
-713
-754
-777
-787
-785
-775
-756
-722
-680
-629
-570
-500
-423
-349
-281
-215
-156
-104
-64
-39
-20
-5
3
-1
-15
-43
-81
-130
-186
-248
-315
-384
-449
-503
-551
-592
-624
-652
-675
-689
-695
-692
-672
-639
-592
-538
-476
-408
-331
-248
-164
-77
17
121
226
324
416
500
573
639
694
750
801
845
882
908
931
949
958
957
950
938
923
896
861
819
763
698
632
566
500
430
356
276
190
99
8
-77
-155
-221
-277
-327
-369
-410
-445
-477
-501
-516
-518
-516
-508
-492
-468
-440
-414
-389
-358
-320
-281
-242
-203
-165
-134
-110
-92
-76
-64
-59
-61
-64
-75
-95
-122
-153
-186
-224
-265
-307
-353
-393
-425
-453
-476
-500
-519
-529
-533
-524
-499
-460
-410
-358
-305
-245
-180
-112
-43
28
103
177
247
313
378
437
493
547
594
640
685
720
750
763
767
763
751
738
720
696
672
643
605
559
501
440
380
318
261
203
145
87
25
-41
-106
-161
-212
-258
-297
-333
-366
-401
-434
-460
-480
-486
-483
-470
-442
-405
-363
-318
-279
-234
-193
-150
-107
-66
-28
1
24
40
50
54
52
41
25
0
-31
-63
-97
-129
-162
-196
-233
-269
-305
-334
-354
-375
-390
-402
-408
-408
-403
-390
-369
-343
-314
-284
-246
-199
-149
-95
-37
24
83
145
209
273
332
383
432
475
512
551
586
614
631
629
624
619
609
597
577
552
529
497
458
415
366
323
277
228
182
132
84
32
-21
-75
-125
-170
-212
-246
-276
-302
-325
-345
-361
-375
-384
-382
-375
-363
-344
-321
-289
-255
-233
-209
-185
-159
-128
-98
-73
-50
-32
-17
1
13
21
22
16
6
-9
-29
-54
-79
-105
-133
-161
-183
-203
-218
-242
-266
-282
-293
-292
-284
-271
-250
-229
-203
-170
-136
-103
-67
-27
19
65
112
155
193
227
251
278
305
332
358
377
396
415
424
429
428
422
419
410
401
384
359
335
307
279
247
210
174
135
97
59
22
-14
-51
-84
-118
-144
-167
-189
-206
-216
-223
-228
-230
-234
-232
-230
-220
-204
-181
-158
-136
-115
-98
-86
-74
-58
-44
-33
-29
-26
-22
-23
-26
-33
-35
-42
-52
-61
-70
-82
-99
-120
-140
-157
-171
-181
-189
-199
-206
-214
-221
-228
-229
-223
-214
-198
-178
-157
-130
-100
-74
-48
-19
15
51
91
128
164
193
215
239
263
287
307
322
334
344
352
353
351
345
336
325
310
294
277
261
239
212
190
165
140
112
82
53
19
-14
-41
-68
-90
-114
-138
-155
-169
-179
-189
-194
-194
-195
-193
-189
-180
-167
-150
-132
-114
-98
-83
-68
-54
-38
-21
-6
11
23
30
31
26
18
6
-3
-15
-29
-50
-74
-95
-112
-131
-151
-169
-185
-197
-206
-211
-210
-213
-221
-225
-220
-207
-189
-166
-140
-118
-97
-72
-47
-15
16
43
69
96
122
147
174
196
214
233
248
265
283
296
306
313
317
315
306
291
274
256
238
215
188
163
140
114
89
61
34
8
-19
-44
-68
-88
-102
-116
-127
-138
-146
-154
-157
-155
-151
-143
-135
-123
-111
-99
-83
-69
-57
-43
-30
-17
-4
8
14
18
20
23
25
22
19
16
16
10
-1
-15
-31
-48
-64
-78
-91
-101
-112
-119
-130
-145
-160
-172
-178
-180
-181
-179
-172
-158
-145
-133
-120
-106
-90
-68
-39
-8
22
50
73
94
116
133
151
170
186
200
212
220
225
226
224
220
213
208
199
189
180
169
155
141
124
109
90
69
47
24
3
-16
-37
-56
-74
-88
-102
-113
-120
-123
-126
-127
-124
-117
-110
-98
-85
-71
-58
-47
-40
-29
-20
-9
6
20
31
36
39
39
37
35
31
24
18
12
3
-8
-23
-40
-57
-78
-93
-104
-111
-114
-120
-125
-131
-133
-133
-133
-131
-128
-121
-112
-101
-83
-66
-48
-33
-17
1
21
40
61
81
101
118
129
141
150
159
164
168
168
165
164
160
158
159
154
148
139
123
101
83
63
45
28
12
-3
-15
-26
-38
-52
-65
-75
-80
-82
-82
-82
-84
-88
-95
-100
-97
-96
-91
-84
-76
-62
-53
-46
-37
-29
-24
-21
-13
-5
5
15
21
26
27
26
24
21
19
19
17
13
8
-2
-12
-20
-32
-40
-44
-46
-50
-57
-63
-67
-70
-68
-64
-58
-55
-51
-45
-38
-29
-21
-12
0
11
24
37
48
58
65
72
83
89
98
107
113
118
121
121
123
121
120
115
108
104
99
94
83
69
56
45
34
19
5
-9
-22
-33
-45
-57
-70
-83
-92
-100
-105
-109
-110
-112
-115
-116
-117
-116
-111
-101
-87
-74
-59
-45
-35
-24
-17
-9
-2
3
7
12
17
21
23
24
25
22
19
16
13
10
6
2
-1
-5
-10
-16
-21
-23
-25
-26
-28
-27
-28
-31
-32
-31
-28
-23
-16
-8
0
8
15
19
29
39
52
63
77
90
100
108
113
117
119
120
121
120
118
114
110
105
96
86
78
67
59
50
39
28
16
4
-8
-22
-35
-48
-57
-70
-82
-90
-99
-106
-112
-117
-118
-121
-122
-122
-121
-123
-122
-121
-115
-104
-94
-83
-71
-61
-51
-42
-31
-20
-16
-14
-9
-2
4
11
19
28
32
36
39
37
35
34
30
23
18
14
9
9
6
2
-1
-1
0
-1
0
1
2
7
14
20
27
34
41
47
51
51
56
61
64
69
76
82
87
92
98
104
110
114
114
112
109
106
101
95
85
74
64
53
42
30
17
2
-14
-32
-47
-60
-70
-79
-88
-99
-110
-119
-126
-129
-129
-130
-133
-135
-135
-133
-128
-123
-116
-113
-107
-101
-95
-86
-77
-67
-57
-45
-35
-26
-16
-6
-2
3
6
15
29
37
45
46
43
42
41
40
37
34
31
29
29
34
34
35
35
31
30
32
35
39
44
46
47
46
44
46
49
55
57
61
64
69
74
77
81
82
82
83
84
88
92
90
86
79
72
63
54
50
47
37
27
20
14
8
-1
-16
-29
-41
-54
-66
-78
-93
-105
-115
-122
-127
-134
-136
-138
-137
-136
-133
-130
-125
-119
-112
-103
-96
-85
-73
-63
-53
-46
-38
-27
-16
-5
8
16
21
24
26
29
32
35
39
41
39
35
31
29
28
29
27
28
29
28
27
25
22
21
22
23
29
33
38
42
42
43
41
43
45
51
58
62
67
69
71
77
82
82
83
80
82
82
80
76
72
68
63
55
46
40
33
23
18
9
2
-11
-24
-35
-42
-49
-56
-62
-70
-80
-88
-98
-109
-116
-119
-120
-119
-115
-113
-112
-110
-107
-105
-103
-99
-94
-87
-78
-71
-64
-55
-43
-33
-22
-11
-2
7
18
28
32
37
41
42
43
42
41
41
39
39
39
39
35
35
33
32
30
30
27
26
27
27
28
28
30
33
38
41
42
44
47
48
51
56
59
64
65
66
70
71
74
73
73
73
71
68
62
58
58
54
52
49
42
35
24
13
5
-7
-19
-30
-41
-50
-57
-64
-72
-81
-91
-104
-110
-113
-116
-118
-118
-118
-117
-116
-116
-111
-109
-106
-102
-96
-90
-84
-75
-66
-58
-48
-39
-32
-22
-11
-1
8
16
22
27
32
34
38
40
41
44
48
53
54
52
49
46
44
44
43
42
40
38
36
41
43
42
42
44
43
47
50
51
55
56
57
58
61
61
62
63
65
66
68
70
69
73
75
73
69
64
56
50
44
38
35
29
24
17
10
2
-11
-24
-36
-45
-53
-58
-69
-81
-95
-104
-109
-114
-117
-121
-121
-123
-126
-129
-129
-125
-120
-116
-110
-101
-94
-84
-72
-64
-55
-51
-44
-35
-27
-18
-11
-3
4
9
16
20
25
29
31
33
37
41
44
45
44
44
46
49
48
49
51
52
54
55
56
55
52
52
52
53
54
56
59
60
64
66
69
71
71
73
74
69
68
65
65
69
71
70
68
65
61
53
50
44
37
33
28
25
20
12
4
-6
-16
-29
-38
-45
-52
-61
-70
-78
-89
-98
-103
-109
-112
-114
-118
-119
-119
-119
-122
-124
-125
-125
-121
-115
-108
-101
-91
-82
-72
-63
-58
-54
-48
-42
-32
-20
-12
-4
3
10
16
20
26
29
31
35
39
43
47
51
54
54
55
56
57
59
61
63
67
68
71
73
74
76
78
82
83
84
86
85
85
85
84
82
81
78
76
71
68
68
68
65
62
56
51
45
37
29
22
13
8
0
-6
-14
-24
-27
-34
-43
-48
-53
-60
-65
-69
-78
-84
-89
-96
-99
-103
-105
-109
-109
-105
-102
-100
-99
-100
-99
-95
-93
-91
-85
-78
-73
-66
-61
-55
-47
-43
-39
-34
-32
-29
-20
-14
-7
-1
5
11
16
21
26
29
34
39
44
49
52
57
62
68
73
75
76
77
77
76
78
79
82
82
82
83
84
84
85
82
83
84
80
76
76
74
70
67
62
58
53
46
40
32
26
20
14
8
4
-4
-11
-21
-29
-35
-42
-48
-53
-57
-61
-66
-68
-72
-76
-82
-85
-88
-89
-89
-87
-87
-88
-84
-81
-81
-78
-79
-80
-79
-78
-74
-69
-63
-59
-54
-50
-48
-44
-40
-37
-33
-28
-22
-14
-7
-3
2
6
12
20
25
30
34
37
42
47
50
52
57
60
67
71
72
75
76
79
81
80
82
82
84
83
82
81
78
80
80
75
72
68
63
56
49
43
37
33
31
29
19
11
7
3
-4
-8
-13
-18
-21
-23
-25
-30
-34
-39
-45
-50
-54
-58
-59
-59
-60
-62
-65
-68
-70
-71
-73
-75
-74
-73
-71
-69
-69
-70
-70
-71
-71
-70
-66
-62
-58
-52
-47
-40
-34
-30
-25
-19
-13
-8
-3
2
5
11
13
15
20
24
32
37
45
51
55
56
59
60
62
64
67
70
72
74
74
76
75
71
67
63
62
62
64
62
59
57
53
49
44
41
36
29
26
24
19
14
11
7
1
-4
-9
-16
-19
-24
-28
-33
-37
-39
-43
-45
-45
-45
-45
-46
-48
-50
-51
-49
-48
-49
-49
-50
-49
-48
-50
-52
-53
-51
-48
-45
-43
-41
-40
-40
-41
-40
-41
-40
-39
-35
-32
-30
-28
-23
-20
-17
-17
-16
-14
-11
-5
-1
3
9
13
19
27
32
40
45
49
51
54
59
63
65
67
67
67
68
70
71
74
74
75
74
72
71
68
64
58
55
51
49
47
44
40
34
29
22
16
10
3
-4
-9
-14
-19
-25
-31
-35
-40
-43
-46
-47
-47
-48
-50
-51
-55
-58
-60
-59
-58
-58
-57
-56
-54
-51
-48
-45
-45
-47
-44
-42
-39
-35
-33
-31
-29
-28
-26
-25
-24
-22
-18
-14
-11
-12
-9
-7
-3
0
3
4
6
12
14
15
19
19
22
23
28
32
33
35
36
39
39
41
42
41
44
44
45
44
44
46
46
46
43
39
37
36
35
33
30
29
26
23
19
16
15
17
14
11
7
3
1
-3
-6
-10
-11
-13
-16
-20
-23
-26
-28
-30
-33
-33
-34
-34
-34
-35
-33
-34
-32
-31
-28
-25
-23
-22
-25
-27
-26
-26
-22
-17
-17
-17
-16
-18
-17
-18
-18
-16
-12
-9
-5
-3
-2
-3
-9
-11
-9
-8
-4
1
7
10
10
6
6
4
5
9
10
12
15
19
21
23
24
22
22
21
23
24
23
25
26
28
25
21
20
21
21
21
22
22
22
22
21
20
19
16
14
13
10
6
4
6
3
-1
-4
-8
-11
-12
-14
-13
-14
-16
-18
-21
-23
-24
-24
-21
-21
-22
-20
-22
-21
-20
-18
-15
-13
-10
-11
-12
-12
-11
-9
-8
-6
-7
-10
-11
-14
-16
-13
-11
-10
-6
-5
-6
-5
-6
-10
-11
-11
-8
-6
-2
3
5
6
5
2
3
2
3
4
8
11
13
15
16
17
18
18
18
18
18
18
20
20
20
16
15
15
14
15
13
14
14
14
13
13
14
14
17
16
14
11
10
9
8
5
2
0
0
-1
-2
-6
-9
-11
-14
-16
-17
-16
-15
-13
-16
-18
-18
-19
-19
-18
-17
-14
-15
-15
-14
-14
-14
-11
-10
-10
-10
-12
-12
-13
-12
-9
-9
-11
-11
-10
-9
-7
-4
-2
-2
-6
-7
-5
-4
-1
3
5
6
6
4
5
8
9
10
11
13
15
16
17
17
16
14
13
13
15
15
16
17
16
14
12
10
9
9
10
11
10
9
6
5
2
0
-1
-1
2
5
6
3
2
2
-3
-5
-8
-8
-6
-5
-7
-9
-8
-9
-9
-8
-9
-10
-10
-9
-8
-8
-7
-7
-6
-4
-3
-4
-3
-3
-2
-5
-6
-6
-5
-5
-7
-8
-10
-9
-10
-10
-8
-7
-8
-9
-10
-12
-12
-8
-5
-3
-4
-2
-1
1
3
2
4
5
5
5
7
9
9
10
9
6
7
9
9
11
11
12
14
14
13
13
12
10
8
8
9
10
8
8
6
6
6
4
5
3
3
3
4
5
6
4
2
-1
0
0
0
-1
-2
-4
-7
-9
-7
-5
-4
-5
-7
-10
-8
-8
-9
-12
-13
-11
-11
-6
-6
-5
-7
-6
-6
-8
-7
-5
-4
-4
-6
-10
-13
-13
-10
-7
-3
-4
-6
-9
-10
-9
-8
-6
-4
-1
0
0
0
2
5
5
3
2
4
6
7
8
10
9
10
10
10
11
11
13
14
13
16
16
15
13
