-7
-9
-13
-15
-17
-18
-20
-23
-26
-28
-30
-31
-31
-30
-32
-34
-36
-37
-36
-36
-34
-33
-33
-32
-31
-29
-28
-27
-26
-26
-22
-21
-19
-17
-15
-13
-10
-7
-6
-2
2
5
11
20
29
34
35
36
34
34
37
39
40
40
40
40
43
42
43
40
38
34
28
24
20
17
13
5
0
-5
-11
-15
-20
-23
-25
-25
-23
-21
-21
-23
-26
-25
-22
-15
-9
-4
-4
-1
2
5
7
9
10
9
10
11
13
14
13
12
12
12
11
12
14
12
13
11
10
9
7
6
5
5
4
4
4
4
6
6
2
-1
-4
-5
-8
-8
-8
-8
-11
-15
-18
-21
-22
-24
-24
-25
-27
-28
-30
-33
-35
-36
-36
-33
-31
-28
-26
-26
-27
-27
-24
-22
-20
-17
-16
-13
-11
-9
-7
-5
0
1
3
7
10
13
15
21
30
39
50
54
54
50
49
49
52
54
53
49
49
48
50
52
50
43
35
29
23
19
16
8
0
-10
-18
-24
-30
-34
-40
-46
-50
-49
-46
-44
-44
-47
-49
-46
-42
-35
-30
-24
-18
-17
-14
-8
-5
-3
-1
-1
1
2
4
6
9
10
10
10
11
14
15
16
17
15
15
17
17
14
14
15
17
20
21
23
23
22
20
18
14
12
15
17
15
12
8
3
0
-6
-12
-16
-22
-27
-34
-36
-40
-44
-48
-60
-64
-65
-62
-59
-62
-64
-65
-67
-67
-71
-74
-70
-68
-67
-65
-68
-64
-61
-54
-46
-42
-36
-25
-14
0
18
46
79
110
134
143
152
146
140
144
149
164
166
161
162
164
177
189
183
166
135
107
88
69
47
24
-8
-47
-90
-126
-160
-189
-220
-236
-224
-207
-190
-180
-176
-184
-187
-172
-141
-104
-66
-27
7
30
47
62
70
73
73
79
85
91
94
98
101
94
89
89
88
90
90
94
99
95
89
84
77
71
69
68
68
67
65
66
63
50
30
15
3
-5
-13
-17
-24
-38
-53
-63
-75
-91
-106
-118
-127
-137
-140
-138
-145
-156
-164
-166
-157
-151
-147
-142
-142
-142
-136
-125
-111
-101
-91
-83
-78
-70
-57
-42
-30
-24
-18
-10
1
16
29
40
46
59
84
119
157
184
192
187
179
174
175
183
185
182
176
176
175
176
175
168
151
132
116
101
83
62
38
13
-15
-40
-62
-87
-117
-138
-148
-148
-140
-134
-133
-139
-147
-151
-144
-128
-105
-82
-59
-41
-30
-22
-12
-6
-2
0
3
7
10
15
19
23
23
22
24
28
34
37
42
43
45
45
43
42
40
38
35
38
46
54
58
53
41
27
14
6
3
4
5
5
0
-7
-14
-25
-39
-52
-63
-67
-70
-74
-79
-88
-97
-105
-112
-114
-118
-118
-122
-123
-120
-116
-106
-93
-86
-81
-80
-77
-68
-56
-46
-39
-34
-29
-21
-13
-3
2
15
34
62
101
148
193
220
230
223
215
215
215
216
220
221
228
236
246
255
252
238
212
178
146
119
98
77
44
-3
-56
-104
-152
-195
-228
-253
-259
-258
-251
-236
-230
-239
-254
-255
-240
-207
-159
-110
-63
-24
4
29
45
52
51
44
45
54
71
86
96
96
85
76
69
69
68
67
66
64
67
68
65
56
43
32
25
28
38
48
52
47
36
23
7
-8
-20
-29
-36
-40
-43
-43
-49
-64
-80
-97
-108
-119
-129
-132
-136
-141
-143
-145
-144
-150
-149
-147
-145
-139
-135
-123
-112
-97
-90
-80
-66
-59
-48
-37
-27
-13
-2
9
21
38
55
69
84
98
115
131
161
200
237
259
261
258
247
235
223
218
223
220
214
215
219
222
207
184
156
126
91
62
47
31
2
-37
-79
-117
-156
-197
-225
-242
-248
-249
-240
-222
-214
-217
-223
-222
-213
-200
-179
-150
-114
-81
-53
-27
-9
-3
-9
-14
-14
-11
-5
7
23
33
34
34
33
27
20
18
25
39
49
59
67
73
74
71
69
71
73
77
83
95
99
95
86
77
69
57
49
42
39
34
22
12
1
-11
-28
-45
-59
-72
-81
-93
-105
-109
-115
-121
-129
-138
-142
-144
-144
-137
-131
-118
-100
-87
-74
-72
-75
-83
-88
-85
-75
-63
-48
-34
-18
-2
8
14
15
24
51
105
182
257
308
321
307
290
271
259
253
245
247
256
274
309
331
333
308
250
192
148
120
101
74
30
-17
-66
-120
-186
-263
-343
-402
-431
-420
-370
-326
-302
-302
-322
-328
-318
-299
-271
-243
-190
-107
-18
54
100
105
72
31
-1
-15
-13
12
55
102
143
175
172
127
74
37
18
17
36
66
100
129
156
155
122
85
62
56
65
100
146
171
169
147
112
74
35
5
-18
-31
-27
-10
-3
-19
-59
-111
-163
-200
-223
-243
-267
-281
-264
-239
-232
-236
-251
-278
-310
-321
-287
-233
-195
-162
-135
-119
-129
-161
-167
-139
-117
-96
-64
-21
9
-8
-46
-16
81
130
154
319
583
674
632
845
1243
1307
976
718
674
529
227
112
367
727
899
881
772
582
262
-91
-343
-458
-484
-493
-451
-349
-243
-192
-257
-474
-869
-1298
-1551
-1497
-1100
-513
-31
108
-26
-286
-648
-993
-1109
-902
-539
-152
242
556
706
668
426
-56
-628
-926
-846
-586
-265
120
538
790
783
542
184
-66
-183
-116
99
468
907
1185
1284
1126
822
428
98
36
113
328
598
899
1052
922
627
234
-83
-288
-331
-208
-18
124
137
88
-78
-351
-593
-697
-727
-772
-692
-480
-301
-256
-313
-409
-568
-732
-782
-668
-479
-339
-245
-186
-185
-237
-352
-509
-663
-767
-733
-527
-242
-68
-30
40
400
1254
2469
3567
3966
3479
2246
695
-655
-1619
-2109
-2325
-2305
-1900
-1254
-509
-22
37
-240
-720
-1053
-1058
-660
129
997
1647
1790
1229
245
-915
-1928
-2372
-2140
-1154
150
1177
1611
1304
562
-279
-921
-1156
-995
-415
521
1606
2513
2924
2754
2101
1108
84
-664
-988
-841
-400
173
713
962
838
418
-88
-423
-461
-130
437
928
1174
1174
996
685
253
-221
-606
-835
-863
-696
-521
-500
-663
-961
-1262
-1465
-1490
-1221
-787
-417
-102
141
236
167
-83
-461
-777
-870
-800
-669
-551
-568
-650
-745
-853
-898
-887
-784
-617
-463
-307
-161
-30
25
-15
14
206
480
708
837
834
698
542
342
52
-177
-196
60
421
743
1161
1678
2589
4273
5969
6215
4484
1689
-907
-2666
-3666
-4050
-3776
-3282
-2856
-2037
-613
967
1891
1526
226
-757
-601
530
1874
2510
2241
1366
-79
-1893
-3580
-4620
-4673
-3858
-2368
-168
2157
3286
2615
914
-469
-857
-594
-58
769
1794
2652
3001
2710
1874
529
-1238
-2815
-3403
-2773
-1433
-235
439
937
1450
1696
1499
993
577
589
923
1316
1573
1428
710
-401
-1394
-1866
-1830
-1616
-1413
-1066
-544
-65
168
-45
-508
-857
-1018
-830
-281
317
762
865
593
228
-50
-296
-596
-866
-984
-957
-839
-730
-677
-676
-765
-739
-424
-36
257
389
372
284
118
-49
-146
-190
-146
-1
287
615
832
990
987
780
568
303
71
54
95
195
393
499
493
460
564
1375
3280
5476
6414
5338
2763
-103
-2436
-4312
-5514
-5548
-4807
-3815
-2592
-899
1217
2628
2314
837
-432
-658
-127
502
1118
1603
1422
191
-1786
-3656
-4877
-5371
-4912
-3168
-330
2558
4273
4340
3159
1580
227
-611
-727
-278
481
1442
2239
2519
2065
765
-986
-2572
-3446
-3202
-2004
-366
1224
2487
3341
3616
3227
2333
1274
570
385
417
383
41
-625
-1362
-1981
-2296
-2184
-1795
-1278
-570
344
1230
1726
1520
683
-272
-973
-1318
-1256
-1020
-861
-713
-577
-486
-390
-388
-467
-519
-565
-515
-298
-125
-178
-453
-805
-1009
-937
-695
-429
-148
150
353
355
180
-110
-464
-708
-665
-308
301
883
1160
1201
1094
878
601
183
-248
-396
-292
-105
180
520
855
1245
1648
2447
4189
6106
6841
5820
3364
536
-2002
-4306
-5896
-6200
-5475
-4292
-2786
-739
1640
3354
3396
2034
650
25
0
322
719
1003
848
-240
-2007
-3819
-5311
-6004
-5562
-3885
-1166
1701
3811
4643
4062
2603
966
-345
-1073
-1302
-988
-113
929
1635
1566
670
-702
-2144
-3192
-3450
-2737
-1236
554
2215
3408
3992
3947
3149
1940
822
20
-180
-72
-123
-231
-522
-978
-1322
-1682
-1839
-1531
-986
-240
679
1547
2104
2041
1338
362
-435
-970
-1382
-1497
-1243
-836
-394
-83
36
73
-91
-513
-862
-902
-685
-305
84
298
409
396
78
-312
-580
-837
-939
-886
-800
-503
-148
65
265
297
139
155
293
409
633
843
982
1143
1017
562
143
-322
-751
-769
-524
-66
670
1344
2277
4133
6212
7100
6011
3164
-93
-2748
-4981
-6562
-6765
-5817
-4434
-2817
-767
1730
3766
4027
2603
992
195
99
276
465
572
338
-699
-2522
-4493
-6039
-6773
-6272
-4281
-1116
2344
5026
6082
5358
3507
1442
-195
-1274
-1917
-1961
-1149
277
1586
2132
1703
490
-1050
-2400
-2987
-2476
-1123
595
2304
3743
4749
4999
4208
2645
971
-308
-1008
-1182
-1021
-698
-362
-217
-290
-451
-724
-958
-849
-401
236
894
1278
1248
880
203
-625
-1366
-2016
-2455
-2421
-1903
-1012
28
759
916
576
-95
-793
-1238
-1431
-1387
-1054
-601
-194
72
57
-242
-732
-1234
-1436
-1192
-684
-94
483
947
1237
1272
1002
493
-35
-304
-297
-77
260
497
598
485
225
123
151
309
648
1052
1515
1829
1925
1943
2205
3657
5733
6388
5021
2254
-621
-2802
-4950
-6567
-6482
-5328
-4042
-2546
-195
2896
5113
4984
2774
397
-877
-1475
-1586
-1267
-887
-611
-1083
-2424
-3919
-5347
-6180
-5660
-3768
-742
2653
5270
6282
5390
3261
896
-1144
-2642
-3619
-3733
-2473
-314
1667
2681
2503
1454
-43
-1491
-2220
-1867
-656
972
2719
4235
5087
5037
3978
2193
346
-1105
-1782
-1603
-1015
-280
411
769
812
521
-57
-497
-623
-417
192
935
1521
1755
1339
368
-749
-1820
-2623
-2826
-2344
-1366
-273
516
814
656
95
-681
-1409
-1924
-2016
-1649
-1124
-618
-221
-100
-277
-694
-1175
-1439
-1406
-1151
-708
-153
364
693
772
548
91
-307
-469
-430
-223
26
270
608
870
980
1131
1235
1223
1079
780
697
870
1024
1233
1748
3154
5403
6927
6422
4146
1201
-1530
-3903
-5774
-6384
-5473
-3914
-2354
-413
2024
4015
4357
2683
262
-1261
-1713
-1545
-953
-328
-5
-332
-1623
-3518
-5312
-6380
-6163
-4452
-1575
1733
4562
5990
5553
3642
1125
-1164
-2745
-3610
-3684
-2663
-644
1540
2872
2963
2048
562
-960
-1995
-2116
-1219
308
2045
3641
4680
4836
3998
2430
702
-628
-1263
-1254
-797
-176
297
585
700
530
81
-470
-749
-492
157
884
1394
1464
967
-33
-1165
-2106
-2730
-2862
-2479
-1718
-751
90
528
476
-52
-836
-1527
-1894
-1881
-1547
-1062
-644
-352
-183
-174
-326
-604
-854
-921
-745
-335
123
432
528
475
398
201
-32
-4
177
370
654
1029
1484
1743
1546
1209
993
752
512
465
615
956
1452
2265
3940
6023
6933
5880
3392
546
-1952
-4183
-5817
-6029
-4965
-3505
-2036
-264
1803
3220
3016
1363
-454
-1461
-1692
-1323
-568
78
196
-588
-2233
-4225
-6025
-6954
-6455
-4440
-1419
1752
4369
5630
5070
3173
760
-1324
-2635
-3318
-3168
-1904
29
1775
2578
2285
1251
-103
-1338
-2048
-1814
-556
1250
3161
4713
5446
5282
4226
2542
888
-334
-978
-1034
-754
-334
155
587
788
672
350
72
95
479
936
1196
1207
891
279
-431
-1202
-1899
-2291
-2448
-2331
-1822
-1074
-312
177
171
-188
-571
-849
-1108
-1316
-1457
-1508
-1303
-1009
-824
-712
-770
-929
-1068
-1184
-1126
-894
-631
-404
-226
-18
179
290
296
221
316
609
815
925
939
820
680
394
31
-73
-25
186
825
1904
3714
6109
7804
7645
5412
2021
-1184
-3769
-5650
-6297
-5469
-3749
-1973
-267
1585
3187
3634
2432
538
-576
-617
-12
771
1321
1369
506
-1397
-3801
-5949
-7152
-6952
-5226
-2311
960
3727
5251
5100
3602
1496
-425
-1599
-2049
-1888
-1084
121
1194
1606
1112
-89
-1523
-2691
-3147
-2631
-1256
527
2278
3710
4550
4635
4032
2866
1531
622
239
167
177
-207
-918
-1407
-1672
-1646
-1153
-612
-178
379
972
1557
1959
1609
602
-347
-1030
-1373
-1274
-1073
-929
-845
-987
-1129
-1031
-881
-827
-816
-772
-572
-185
74
-27
-327
-680
-866
-760
-634
-577
-560
-643
-793
-984
-1077
-1052
-929
-607
-263
198
860
1199
1283
1274
940
647
448
155
81
109
160
421
757
1095
1742
3503
6127
7807
7368
4746
1259
-1550
-4018
-5934
-6173
-5177
-3812
-2561
-1105
1371
3757
4104
2362
253
-670
-507
185
1122
1775
1633
95
-2566
-5017
-6638
-7225
-6515
-4547
-1539
1693
4014
4634
3521
1536
-335
-1315
-1235
-613
307
1353
2115
2261
1517
31
-1672
-3182
-4045
-3733
-2163
12
1925
3171
3838
4071
3897
3385
2761
2389
2292
2230
2050
1410
216
-1230
-2621
-3342
-3059
-2117
-808
548
1572
2168
2308
1895
1018
-71
-1155
-1701
-1458
-917
-354
-61
-333
-825
-1369
-1835
-1874
-1607
-1219
-842
-681
-673
-737
-935
-1294
-1597
-1494
-1032
-468
-34
100
62
-98
-548
-1167
-1617
-1751
-1506
-900
-153
580
1172
1377
1210
999
900
942
1119
1141
917
702
505
277
216
440
1307
3484
6449
8461
8233
5536
1671
-1689
-4301
-5839
-5588
-4249
-2994
-2192
-1249
698
2762
3087
1618
-18
-524
162
1475
2729
3266
2425
-218
-3717
-6402
-7593
-7355
-6000
-3789
-830
2119
3885
3824
2217
91
-1511
-1831
-901
522
1856
2575
2419
1661
458
-1018
-2400
-3460
-3831
-3046
-1331
466
1693
2177
2160
2115
2285
2537
2893
3280
3305
2964
2273
1042
-384
-1730
-2802
-3027
-2443
-1394
-99
849
1212
1214
1027
765
445
121
-102
-75
38
-130
-452
-829
-1280
-1586
-1678
-1392
-683
-65
112
-91
-496
-928
-1342
-1683
-1766
-1453
-862
-235
191
342
256
-128
-640
-1023
-1129
-900
-554
-226
30
287
610
785
850
700
482
706
923
955
943
557
232
-94
-560
-86
1370
3553
6072
7435
7152
5196
1912
-1258
-3612
-4755
-4623
-3921
-3063
-2506
-1944
-873
103
626
432
-66
177
958
2065
3262
3617
2753
438
-2725
-5246
-6440
-6148
-4823
-3104
-1221
286
1033
918
196
-337
-308
331
1368
2331
2914
2712
1744
483
-680
-1356
-1628
-1680
-1445
-1109
-763
-495
-436
-280
246
1120
2198
3201
3897
4304
4365
3814
2798
1528
76
-1118
-1876
-2132
-1654
-929
-442
-258
-446
-579
-369
-12
362
583
650
594
405
218
-24
-288
-628
-1183
-1602
-1720
-1611
-1307
-1106
-1035
-988
-1006
-1004
-1048
-1132
-1187
-1207
-1010
-702
-476
-291
-197
-204
-318
-593
-830
-882
-856
-725
-324
355
1077
1466
1480
1304
1046
733
256
-143
-255
-298
-157
294
1391
3531
5783
6950
6389
4127
1430
-756
-2068
-2199
-1660
-1312
-1847
-3027
-3564
-2891
-1519
-412
-21
168
381
798
1740
2904
3675
3132
1042
-1408
-3161
-3783
-3371
-2500
-1494
-768
-744
-1260
-1896
-2204
-1902
-1029
245
1594
2567
2808
2306
1437
699
394
374
243
-200
-894
-1569
-2058
-2308
-2118
-1413
-348
756
1584
2239
2765
2905
2665
2245
1924
1836
1561
915
226
-447
-1094
-1633
-2014
-1893
-1261
-599
-64
303
373
213
-107
-414
-318
213
756
1068
1025
640
192
-322
-935
-1355
-1511
-1515
-1394
-1215
-997
-718
-580
-697
-809
-830
-768
-586
-410
-187
16
-35
-317
-735
-967
-858
-594
-122
418
855
1195
1240
1122
1053
874
497
13
-407
-510
-51
815
1832
3027
3898
4007
3432
2171
946
389
106
29
-40
-612
-1570
-2690
-3457
-3237
-2261
-1283
-702
-373
-179
99
651
1216
1656
1587
607
-615
-1434
-1624
-1131
-512
-130
-88
-632
-1577
-2428
-2754
-2319
-1321
-197
728
1278
1362
1117
875
906
1293
1727
1780
1369
558
-388
-1107
-1400
-1037
-178
675
1235
1360
1172
947
791
811
1057
1426
1762
1880
1645
1055
324
-300
-722
-803
-552
-200
64
-25
-489
-984
-1347
-1533
-1438
-1088
-568
-42
285
349
289
181
-15
-159
-225
-340
-577
-1051
-1662
-2033
-2041
-1761
-1365
-1135
-1085
-1108
-1136
-1009
-709
-357
-27
103
56
-18
-153
-290
-299
-108
352
971
1508
1831
1808
1312
453
-296
-466
137
1297
2470
3436
3988
3811
2873
1481
362
-7
223
697
884
466
-520
-1811
-2510
-2217
-1412
-664
-527
-903
-1231
-1255
-749
220
1042
1155
409
-666
-1353
-1275
-558
286
829
779
60
-941
-1764
-2132
-1914
-1289
-555
-7
140
-52
-284
-236
144
761
1362
1636
1440
792
-15
-548
-635
-287
250
629
780
675
420
217
120
250
650
1092
1357
1318
1040
702
358
92
18
244
589
592
135
-569
-1178
-1399
-1306
-994
-536
-226
-211
-376
-502
-407
-101
279
564
625
348
-179
-628
-862
-908
-856
-861
-964
-1174
-1483
-1734
-1787
-1584
-1183
-673
-179
110
143
-17
-245
-361
-299
-104
191
458
541
593
736
844
901
830
750
1071
1653
2242
2831
3084
2853
2180
1065
112
-211
-75
309
563
354
-197
-855
-1351
-1409
-1070
-676
-466
-493
-765
-1011
-956
-714
-400
-211
-384
-693
-884
-791
-232
492
957
979
514
-163
-741
-1037
-973
-686
-400
-304
-428
-550
-452
-84
429
865
1014
900
633
203
-156
-280
-227
85
449
609
660
512
212
150
405
859
1330
1438
1094
567
82
-100
215
751
1006
747
50
-695
-1026
-861
-423
34
194
-125
-714
-1200
-1311
-959
-368
71
201
78
-208
-407
-353
-226
-117
-117
-413
-774
-982
-1097
-995
-816
-857
-994
-1212
-1524
-1608
-1412
-1088
-618
-169
85
321
492
360
133
-97
-242
-3
434
855
1390
1864
2245
2678
3018
3070
2736
1984
1124
582
401
262
-52
-663
-1383
-1730
-1470
-747
-16
192
-204
-814
-1087
-673
191
939
936
-25
-1321
-2098
-1916
-864
323
962
882
235
-508
-763
-433
251
931
1152
839
273
-317
-582
-357
86
495
615
292
-187
-499
-494
-43
575
908
782
228
-445
-735
-551
-25
644
1039
976
624
171
-53
92
358
609
725
542
185
-146
-344
-318
-211
-284
-545
-885
-1215
-1349
-1205
-868
-408
-33
10
-200
-449
-537
-312
81
350
354
83
-350
-675
-760
-627
-384
-231
-276
-434
-564
-569
-455
-323
-279
-426
-658
-784
-721
-405
-18
244
449
452
285
165
54
145
599
1361
2513
3499
3568
2749
1516
684
734
1262
1640
1320
33
-1646
-2637
-2231
-797
510
655
-468
-1953
-2729
-2204
-529
1104
1453
312
-1548
-2776
-2564
-1249
377
1393
1251
244
-925
-1472
-1051
-55
973
1554
1416
715
-171
-638
-319
600
1621
2106
1758
869
-141
-666
-352
361
887
795
43
-678
-809
-372
467
1216
1394
1012
319
-279
-387
-38
444
792
867
606
165
-142
-274
-287
-246
-380
-586
-726
-950
-1123
-1141
-1117
-1028
-1042
-1180
-1185
-1028
-697
-250
113
318
186
-285
-712
-853
-671
-310
-101
-155
-322
-582
-840
-816
-566
-331
-159
-244
-428
-358
-222
-91
76
121
111
57
-63
24
416
1001
1714
2612
3431
3503
2528
1111
402
892
1850
2253
1645
232
-1319
-2114
-1463
178
1347
944
-832
-2627
-3164
-2203
-399
1019
860
-951
-3072
-3841
-2701
-537
1196
1695
1068
-127
-1091
-1153
-338
664
1155
964
398
-97
-355
-234
453
1400
2039
2066
1485
713
163
34
499
1207
1408
828
-166
-811
-613
110
844
1219
938
150
-544
-629
-21
804
1189
934
349
-251
-633
-572
-242
-69
-237
-723
-1185
-1261
-1149
-1093
-1071
-1132
-1264
-1348
-1306
-1087
-798
-653
-704
-808
-887
-995
-1023
-858
-589
-319
-154
-119
-94
-94
-178
-190
-87
-30
-66
-181
-313
-306
-186
-68
85
240
344
466
597
663
656
670
906
1497
2438
3393
3697
3017
1741
849
1102
2076
2656
2172
659
-1166
-2196
-1776
-263
1100
1042
-457
-2169
-2901
-2228
-615
736
685
-879
-2828
-3660
-2892
-1394
-299
-102
-619
-1342
-1687
-1277
-362
386
551
309
129
170
269
422
734
1142
1428
1408
1144
823
558
466
656
943
972
607
89
-111
198
725
1122
1196
921
521
296
400
720
933
865
636
425
303
281
344
388
272
5
-279
-444
-529
-698
-971
-1241
-1437
-1532
-1527
-1469
-1432
-1424
-1379
-1200
-879
-573
-443
-532
-770
-958
-971
-830
-593
-419
-399
-512
-769
-1010
-981
-694
-333
-68
-56
-173
-191
-131
12
240
337
310
323
343
503
971
1701
2590
3159
2832
1930
1361
1556
2272
2748
2288
1044
-309
-1110
-758
527
1502
1223
-240
-1945
-2626
-1878
-390
819
785
-669
-2424
-3190
-2566
-1159
-85
67
-493
-1245
-1562
-1122
-306
239
183
-205
-418
-324
-67
245
544
801
1019
1234
1463
1545
1367
1156
1097
1111
1012
673
267
54
28
147
389
535
478
327
227
356
628
739
681
538
351
271
274
269
233
70
-171
-302
-326
-284
-260
-408
-710
-1045
-1289
-1331
-1204
-1086
-1101
-1276
-1497
-1601
-1505
-1282
-1141
-1192
-1319
-1336
-1137
-798
-533
-396
-351
-371
-352
-210
3
200
219
2
-278
-447
-495
-463
-397
-320
-199
60
565
1357
2256
2714
2568
2141
1816
1878
2201
2399
2227
1587
666
102
224
742
1044
704
-198
-1165
-1612
-1263
-342
373
177
-818
-1822
-2235
-1921
-1176
-522
-370
-791
-1364
-1509
-1090
-514
-128
-4
-42
-162
-214
-30
297
568
733
858
1024
1230
1286
1209
1140
1049
931
829
674
485
372
331
458
722
867
790
587
345
221
334
566
757
728
414
23
-164
-116
71
279
338
155
-174
-483
-651
-661
-678
-806
-989
-1181
-1350
-1369
-1206
-991
-898
-1049
-1304
-1418
-1361
-1221
-1023
-882
-914
-1067
-1218
-1247
-1131
-1011
-924
-755
-549
-379
-206
-95
-114
-174
-214
-147
76
238
237
241
345
645
1262
1932
2217
1991
1483
1202
1462
1940
2187
2014
1354
560
290
700
1318
1519
988
59
-661
-854
-447
267
547
-46
-1145
-2006
-2107
-1522
-808
-387
-396
-809
-1256
-1301
-952
-511
-217
-118
-62
35
127
240
371
438
515
731
1011
1175
1126
965
882
899
891
831
701
485
299
286
442
607
617
496
394
362
386
469
555
551
433
303
249
234
186
109
62
51
-8
-143
-350
-651
-947
-1080
-1017
-875
-877
-1101
-1388
-1583
-1597
-1422
-1198
-1107
-1231
-1457
-1565
-1464
-1263
-1105
-1032
-984
-891
-708
-474
-363
-462
-592
-551
-333
-110
-70
-191
-320
-381
-278
31
349
613
1024
1619
2087
2084
1720
1568
1850
2122
1991
1495
864
412
452
1019
1664
1650
775
-277
-795
-581
207
996
1028
22
-1391
-2049
-1501
-511
1
-192
-849
-1484
-1531
-825
130
483
-64
-830
-1004
-526
149
623
695
377
19
128
784
1517
1726
1302
815
718
860
965
860
509
129
-29
87
383
562
406
140
66
179
364
528
563
412
110
-147
-137
63
159
77
-51
-154
-268
-394
-450
-472
-610
-876
-1083
-1122
-1121
-1199
-1306
-1383
-1473
-1596
-1625
-1449
-1190
-1030
-991
-1037
-1167
-1296
-1301
-1104
-794
-560
-439
-328
-249
-280
-321
-263
-108
64
137
118
98
125
424
1243
2216
2554
1984
1129
900
1448
2074
2161
1573
547
-273
-196
762
1744
1816
928
-133
-649
-367
536
1344
1185
-82
-1490
-1906
-1259
-461
-246
-616
-1170
-1454
-1186
-469
85
-112
-808
-1146
-727
32
522
534
268
43
144
701
1370
1529
1046
453
291
582
936
1020
778
322
-83
-108
265
676
828
737
604
544
492
420
416
466
433
293
133
26
-21
-24
50
192
241
84
-183
-415
-576
-680
-709
-691
-729
-896
-1112
-1228
-1220
-1200
-1248
-1316
-1368
-1407
-1404
-1341
-1234
-1160
-1167
-1192
-1139
-1030
-909
-737
-534
-421
-466
-552
-474
-216
17
59
-60
-202
-146
407
1439
2327
2290
1330
421
506
1480
2361
2287
1170
-290
-1042
-457
1034
2163
1997
778
-492
-970
-421
740
1525
1030
-578
-1968
-1985
-883
146
312
-276
-1065
-1436
-997
11
734
553
-163
-559
-336
118
429
542
509
443
606
1103
1531
1407
851
465
555
846
967
824
504
173
82
358
723
755
417
74
0
104
217
313
362
266
57
-55
35
212
322
349
314
188
-6
-168
-287
-454
-688
-885
-989
-1066
-1174
-1283
-1354
-1368
-1295
-1150
-1048
-1131
-1391
-1616
-1618
-1415
-1177
-1041
-1021
-1023
-966
-820
-634
-473
-374
-375
-490
-601
-545
-339
-177
-36
456
1434
2249
2085
1110
442
874
1951
2551
1974
505
-844
-975
296
1834
2171
1058
-468
-1299
-1075
11
1306
1633
272
-1851
-2848
-1988
-375
502
212
-754
-1624
-1616
-532
705
889
6
-740
-514
307
977
1259
1160
726
392
745
1655
2194
1830
1112
827
1061
1427
1606
1392
730
31
-15
679
1292
1163
569
149
78
113
153
225
172
-121
-393
-354
-105
50
34
15
36
-29
-161
-248
-318
-488
-711
-856
-980
-1224
-1486
-1518
-1308
-1159
-1243
-1431
-1568
-1607
-1538
-1407
-1340
-1418
-1552
-1535
-1331
-1144
-1093
-1127
-1147
-1028
-738
-436
-272
-287
-385
-380
-195
236
1042
1965
2365
1919
1030
569
1052
2031
2565
2028
571
-768
-843
410
1864
2241
1263
-198
-1087
-923
175
1410
1667
576
-1082
-2051
-1712
-600
299
349
-537
-1714
-2116
-1358
-178
365
-38
-694
-871
-538
43
583
750
564
437
729
1309
1611
1418
1140
1115
1290
1504
1604
1474
1134
862
1013
1448
1578
1171
610
346
464
738
896
772
363
-62
-142
101
316
286
101
-63
-139
-117
-11
34
-173
-590
-944
-1064
-1044
-1040
-1108
-1239
-1414
-1570
-1647
-1654
-1650
-1670
-1672
-1655
-1684
-1730
-1715
-1626
-1480
-1313
-1190
-1133
-1166
-1244
-1232
-1080
-840
-636
-582
-480
24
886
1584
1592
932
228
71
539
1250
1545
1006
52
-438
22
1077
1888
1946
1334
443
-128
104
898
1449
1180
269
-583
-899
-689
-169
276
261
-163
-531
-514
-266
-128
-102
50
305
497
614
677
610
444
473
897
1403
1470
1031
483
199
292
662
1055
1158
862
495
461
753
1033
1119
1103
1075
1001
864
739
640
526
443
464
523
452
212
-34
-169
-202
-192
-239
-417
-736
-1113
-1374
-1449
-1441
-1438
-1452
-1469
-1454
-1413
-1376
-1349
-1367
-1465
-1584
-1601
-1459
-1275
-1216
-1305
-1404
-1386
-1239
-1038
-931
-998
-1169
-1266
-1147
-888
-669
-569
-535
-410
-83
394
846
1064
952
651
456
537
755
883
825
710
735
933
1259
1530
1555
1388
1149
1048
1167
1286
1308
1227
1045
871
765
693
605
518
365
173
88
38
26
-9
-165
-156
-106
-330
-474
-219
119
35
-361
-537
-329
-40
16
-35
-23
-16
42
143
240
331
374
428
498
532
533
505
524
547
417
263
229
228
247
271
207
82
2
38
209
378
376
228
-1
-233
-287
-217
-212
-297
-479
-695
-796
-749
-662
-701
-879
-1003
-996
-952
-942
-961
-1000
-1052
-1056
-1012
-978
-945
-870
-728
-588
-525
-521
-531
-553
-544
-398
-85
274
500
444
159
-115
-214
-95
136
248
169
18
-74
-17
159
339
471
516
444
340
288
286
317
349
356
313
175
-26
-173
-226
-202
-118
-19
26
8
-7
46
144
226
296
352
389
438
524
654
826
966
994
911
798
773
875
1019
1088
1002
815
679
689
804
906
893
761
603
520
535
606
643
577
436
315
310
420
512
476
339
178
31
-86
-176
-271
-416
-630
-841
-965
-1021
-1087
-1205
-1374
-1541
-1611
-1531
-1360
-1240
-1282
-1435
-1575
-1617
-1513
-1299
-1088
-969
-959
-1002
-1006
-938
-821
-698
-630
-622
-563
-336
37
389
554
524
401
278
219
272
413
556
654
691
685
668
669
705
750
744
682
586
487
417
354
257
137
49
-10
-111
-281
-438
-512
-486
-350
-134
49
66
-71
-196
-171
29
327
587
670
571
479
558
751
885
872
743
577
456
478
661
855
896
781
648
603
635
724
860
972
958
808
653
611
654
709
743
746
703
598
497
462
453
411
330
225
85
-124
-350
-512
-634
-777
-944
-1096
-1200
-1280
-1337
-1350
-1346
-1379
-1449
-1515
-1561
-1596
-1603
-1578
-1562
-1596
-1650
-1633
-1532
-1418
-1337
-1274
-1179
-976
-619
-177
154
217
72
-41
29
240
447
544
523
458
451
561
752
910
953
869
716
597
588
685
800
807
656
412
184
59
61
159
274
317
253
134
54
66
155
247
264
180
40
-46
31
279
568
733
690
518
379
387
520
649
664
572
448
387
431
541
639
658
601
538
506
500
507
525
543
535
481
416
382
386
409
445
478
458
350
204
105
90
131
141
78
-86
-326
-511
-569
-548
-540
-626
-786
-949
-1109
-1207
-1222
-1237
-1309
-1433
-1550
-1581
-1536
-1465
-1377
-1307
-1279
-1270
-1262
-1200
-1048
-807
-514
-253
-110
-88
-122
-118
-45
26
48
20
13
118
304
487
576
541
469
481
573
705
780
707
566
471
474
563
609
490
269
35
-76
47
291
475
480
268
-19
-170
-140
42
257
330
269
192
197
373
614
719
668
508
351
348
428
492
514
420
326
323
323
341
355
363
462
559
588
582
499
423
428
462
550
614
587
538
456
410
470
538
595
543
328
151
53
54
136
70
-132
-390
-677
-760
-684
-651
-678
-906
-1231
-1391
-1422
-1278
-1077
-1076
-1191
-1350
-1462
-1368
-1232
-1154
-1120
-1178
-1148
-943
-695
-457
-345
-371
-393
-396
-378
-335
-301
-244
-111
66
216
305
317
272
251
228
203
235
263
302
381
399
374
321
196
98
36
-18
23
95
140
216
279
340
430
420
345
296
258
360
589
768
870
850
749
747
776
770
781
742
715
772
795
794
765
643
558
523
462
445
433
400
453
499
484
459
380
355
461
548
577
518
325
161
94
94
181
222
136
10
-153
-295
-334
-355
-400
-476
-652
-843
-937
-973
-926
-853
-911
-1054
-1226
-1365
-1318
-1202
-1166
-1186
-1294
-1378
-1316
-1218
-1099
-990
-941
-812
-645
-552
-473
-446
-451
-383
-326
-278
-198
-142
-23
171
307
412
482
451
427
401
361
399
423
411
450
404
311
272
177
138
179
192
303
410
395
404
363
313
410
505
597
679
634
630
709
778
890
922
825
729
627
583
633
639
605
570
504
480
483
432
360
250
143
115
112
94
61
11
0
55
117
179
210
189
172
158
140
127
92
45
3
-59
-119
-152
-169
-185
-220
-285
-356
-407
-431
-442
-443
-471
-539
-618
-697
-752
-744
-725
-732
-751
-797
-791
-704
-629
-571
-536
-539
-460
-342
-254
-161
-155
-178
-141
-128
-106
-98
-156
-154
-102
-52
26
50
36
63
97
140
178
147
105
94
95
111
96
32
-24
-53
-45
4
61
107
136
143
133
129
142
174
240
314
359
384
392
406
449
488
508
513
494
473
473
479
481
469
430
393
381
369
358
335
273
198
118
53
53
77
75
47
-25
-78
-52
19
94
113
40
-48
-79
-56
-5
0
-67
-155
-231
-257
-236
-219
-244
-311
-398
-454
-450
-392
-325
-301
-353
-459
-554
-596
-579
-525
-476
-452
-437
-431
-411
-358
-283
-192
-115
-92
-107
-130
-129
-75
-16
1
-17
-50
-56
-17
33
73
94
89
76
46
-7
-53
-72
-55
-14
3
-22
-87
-160
-196
-188
-146
-90
-51
-19
15
39
78
114
142
184
217
249
291
320
358
400
416
436
450
441
439
430
414
426
431
436
441
400
356
317
277
268
258
222
196
169
153
166
160
133
95
33
-9
-11
-1
28
50
29
-6
-46
-82
-87
-98
-118
-132
-161
-174
-178
-214
-260
-308
-341
-331
-311
-301
-302
-323
-328
-310
-304
-306
-325
-342
-339
-316
-276
-247
-221
-184
-150
-115
-96
-89
-74
-57
-43
-34
-53
-77
-76
-57
-21
11
16
5
-10
-22
-20
-13
-1
9
9
-5
-27
-45
-52
-47
-42
-43
-48
-40
-12
25
53
68
70
69
80
97
124
158
191
236
266
279
295
295
293
287
265
257
251
241
249
255
262
274
266
249
218
169
138
123
117
126
124
108
86
51
25
18
6
-2
-14
-41
-62
-82
-100
-101
-113
-132
-149
-176
-187
-175
-165
-159
-175
-211
-244
-264
-273
-270
-268
-269
-262
-248
-231
-216
-211
-214
-213
-203
-183
-142
-94
-66
-59
-68
-69
-48
-18
6
17
15
23
48
82
111
115
105
105
103
99
90
79
71
60
45
37
33
32
37
38
27
8
-4
9
34
56
63
58
54
49
48
60
65
69
78
90
118
140
149
161
167
165
157
135
116
103
91
97
112
124
125
106
83
73
69
74
86
78
57
26
3
9
24
32
23
-17
-68
-101
-105
-77
-51
-52
-77
-119
-151
-148
-121
-88
-71
-87
-115
-130
-131
-118
-108
-126
-159
-192
-206
-181
-144
-123
-128
-148
-163
-143
-95
-40
2
5
-18
-36
-35
-6
28
38
28
6
-4
21
54
76
78
54
33
26
22
32
28
10
4
-4
-6
5
-5
-28
-49
-75
-74
-55
-44
-33
-41
-63
-67
-56
-34
1
20
26
39
45
67
108
136
163
176
170
170
175
172
182
195
201
212
206
194
192
177
168
177
173
167
156
127
113
111
101
110
108
89
77
45
13
0
-23
-25
-18
-40
-65
-105
-153
-157
-146
-127
-107
-134
-184
-222
-243
-226
-198
-204
-229
-265
-292
-277
-238
-209
-199
-222
-243
-226
-183
-124
-75
-69
-87
-103
-104
-71
-31
-9
-8
-21
-31
-27
-8
25
51
64
63
54
55
62
76
99
108
104
94
75
64
62
58
63
68
67
67
63
66
78
82
90
90
80
86
92
102
111
99
86
87
91
107
115
101
94
84
85
105
112
108
97
75
64
67
69
72
65
43
28
23
24
32
31
17
3
-11
-17
-10
-10
-18
-31
-52
-68
-76
-85
-86
-91
-97
-97
-100
-98
-98
-102
-103
-104
-108
-111
-115
-121
-121
-111
-100
-87
-81
-78
-74
-69
-66
-56
-53
-57
-59
-62
-60
-48
-35
-21
-10
-4
0
4
10
15
24
29
31
35
32
32
36
40
47
54
54
57
59
60
72
82
84
87
81
74
76
79
79
82
76
70
69
71
76
76
69
60
54
52
55
57
55
50
43
40
39
34
34
26
15
10
5
2
2
-3
-11
-19
-29
-35
-34
-40
-39
-41
-48
-46
-48
-50
-50
-52
-50
-47
-48
-49
-55
-58
-61
-63
-64
-66
-71
-73
-72
-68
-64
-62
-64
-66
-63
-61
-54
-51
-44
-41
-36
-31
-24
-18
-12
-8
-6
-4
1
7
13
21
23
20
20
18
21
28
34
40
41
42
46
48
54
55
52
52
52
51
55
59
58
58
55
53
53
51
54
58
57
55
54
51
50
51
52
54
53
46
43
37
36
35
30
24
15
7
5
3
-1
-4
-11
-20
-22
-25
-23
-23
-29
-33
-41
-46
-47
-48
-50
-55
-62
-66
-67
-67
-65
-68
-74
-75
-77
-76
-70
-71
-74
-76
-80
-78
-76
-77
-73
-72
-71
-65
-64
-61
-52
-50
-40
-28
-21
-17
-14
-13
-8
2
12
15
16
12
11
14
21
24
21
18
18
22
34
44
49
57
64
68
72
82
87
92
98
97
93
91
85
81
85
86
84
81
76
76
78
80
83
84
82
80
80
81
82
82
78
72
71
73
73
69
61
50
39
37
32
27
20
6
-9
-19
-28
-36
-41
-53
-66
-74
-81
-86
-88
-93
-104
-110
-115
-120
-119
-122
-129
-132
-135
-133
-126
-118
-113
-111
-114
-115
-109
-104
-98
-92
-91
-88
-84
-81
-73
-66
-64
-59
-53
-45
-31
-22
-15
-6
-3
2
16
26
38
43
40
45
49
58
69
70
69
71
70
80
91
93
94
92
88
97
103
107
108
100
98
104
105
110
110
104
102
102
105
111
108
102
96
89
89
90
83
78
71
62
58
50
44
41
34
31
25
14
8
0
-7
-5
-8
-14
-22
-37
-46
-49
-52
-54
-59
-73
-90
-101
-113
-117
-117
-124
-130
-145
-160
-170
-174
-171
-170
-172
-178
-182
-187
-185
-177
-171
-166
-162
-160
-157
-150
-138
-125
-114
-105
-99
-89
-75
-62
-49
-35
-28
-19
-6
6
24
40
52
67
78
93
110
122
133
142
144
155
169
176
186
192
196
201
200
205
209
206
203
201
200
203
206
207
208
197
181
168
163
163
156
147
131
119
106
94
85
83
81
63
34
14
7
6
-1
-7
-7
-22
-55
-84
-100
-107
-111
-116
-110
-104
-118
-146
-170
-179
-183
-187
-189
-192
-198
-212
-215
-195
-174
-178
-207
-237
-259
-260
-238
-204
-174
-167
-184
-202
-206
-201
-192
-180
-162
-143
-127
-112
-99
-91
-91
-88
-75
-52
-33
-18
-5
10
26
41
62
81
95
98
102
109
123
147
172
190
204
205
202
198
197
206
222
234
241
238
232
228
224
221
217
210
201
193
188
181
169
158
142
129
118
105
97
87
71
57
47
39
30
14
-3
-20
-37
-51
-57
-57
-60
-74
-89
-103
-116
-132
-139
-138
-140
-146
-156
-158
-157
-160
-165
-170
-167
-166
-169
-169
-160
-152
-148
-149
-151
-147
-144
-135
-119
-106
-101
-101
-97
-88
-78
-69
-60
-51
-46
-47
-43
-29
-11
1
4
6
2
-4
1
18
40
54
61
62
55
49
49
61
74
87
100
107
101
90
89
103
117
126
132
137
129
115
111
125
138
142
144
144
134
118
111
116
119
114
111
107
92
72
61
65
66
59
48
39
22
2
-3
4
6
-4
-19
-33
-47
-61
-62
-55
-55
-60
-64
-72
-88
-100
-100
-89
-85
-89
-101
-109
-111
-107
-102
-97
-96
-97
-97
-99
-102
-100
-95
-83
-73
-70
-75
-76
-69
-57
-48
-43
-40
-38
-31
-20
-11
-4
2
8
14
19
17
17
25
37
44
50
53
51
50
52
54
53
54
59
61
63
58
50
43
45
54
58
59
51
39
33
31
32
32
34
29
25
22
18
16
14
15
12
8
4
2
3
4
5
1
-5
-7
-6
-2
1
2
-1
-6
-8
-9
-10
-6
-4
-7
-12
-16
-20
-18
-15
-11
-9
-12
-19
-22
-20
-14
-11
-9
-8
-9
-9
-11
-10
-12
-12
-8
-5
-4
-6
-4
-3
1
4
2
1
-1
-4
-6
-5
-4
-2
0
0
-1
-6
-8
-8
-2
2
1
2
1
-2
-1
2
5
8
8
5
3
1
3
4
5
2
0
-2
0
1
0
-1
-2
-2
-1
-1
1
1
1
3
2
0
-3
-4
-3
-1
1
3
1
-3
-3
-1
0
1
2
1
3
2
1
1
1
2
5
6
5
3
3
5
7
9
9
4
1
5
5
7
8
5
3
3
2
3
5
5
5
2
0
-1
1
2
2
2
1
-1
-1
2
4
3
1
-2
-3
-4
-4
-4
-4
-6
-6
-4
-3
-1
-3
-5
-5
-6
-6
-4
-3
-4
-4
-4
-5
-6
-8
-8
-7
-6
-6
-2
-2
-1
1
1
1
0
-4
-6
-4
-1
0
0
-3
-5
-6
-5
-3
-2
-2
2
1
-2
-4
-5
-5
-3
-2
-5
-4
-3
-3
0
1
-1
2
2
4
5
8
10
11
9
8
6
6
7
7
7
7
6
3
4
4
7
9
10
10
9
8
