-7
1
3
-2
0
3
-1
-2
0
2
3
-3
-5
-2
-1
-6
-4
0
-4
-4
0
-2
-5
-5
-3
-5
-7
-2
2
3
1
1
4
6
3
1
2
3
6
5
4
5
10
8
9
11
7
5
5
7
6
6
8
8
4
-2
3
4
1
0
6
9
4
1
4
2
-4
-4
0
-3
-3
-2
-4
-6
-7
-9
-5
-5
-6
-6
-5
-4
-6
-7
-8
-7
-6
-7
-7
-5
-5
-8
-8
-8
-9
-6
-5
-6
-1
1
0
-5
-5
-6
-4
0
2
7
8
8
9
8
5
2
4
6
6
10
11
11
9
6
7
10
9
9
11
9
6
6
6
1
-2
-3
-6
-2
-1
-3
-2
-2
-7
-9
-6
-8
-13
-17
-14
-11
-14
-13
-12
-16
-19
-16
-10
-8
-7
-7
-4
-5
-5
-2
-3
-5
3
15
32
42
42
38
30
35
52
60
69
70
73
93
93
89
89
86
97
102
99
99
86
68
48
24
6
-6
-10
-9
-5
-2
-3
-13
-33
-58
-69
-68
-64
-65
-78
-100
-139
-181
-217
-254
-254
-239
-218
-188
-178
-158
-117
-75
-25
17
53
81
120
196
340
600
910
1192
1329
1199
859
292
-335
-833
-1113
-1225
-1245
-1158
-1124
-1155
-1313
-1635
-1899
-1999
-1846
-1401
-771
-148
260
359
200
-64
-281
-328
-154
225
728
1244
1625
1752
1590
1219
803
498
383
450
643
882
1099
1221
1169
910
489
46
-243
-274
-68
235
476
574
562
501
439
404
400
449
572
752
909
918
700
281
-193
-557
-734
-731
-630
-535
-506
-549
-641
-770
-916
-1035
-1075
-1000
-837
-655
-534
-524
-597
-674
-672
-548
-346
-129
36
110
87
-11
-146
-270
-340
-326
-218
-63
51
59
-50
-230
-392
-461
-401
-243
-55
102
191
202
153
130
269
666
1327
2079
2639
2743
2280
1390
352
-549
-1126
-1342
-1281
-1081
-859
-766
-920
-1333
-1878
-2284
-2305
-1834
-985
-55
635
877
666
175
-343
-669
-675
-313
335
1097
1727
2011
1862
1335
633
23
-285
-236
86
501
821
933
827
604
417
371
498
746
989
1116
1072
876
613
382
260
274
417
615
770
805
677
407
87
-187
-333
-339
-268
-226
-292
-479
-756
-1039
-1251
-1345
-1311
-1189
-1040
-920
-866
-898
-987
-1072
-1094
-1007
-804
-537
-283
-110
-66
-142
-281
-419
-498
-506
-458
-398
-361
-354
-365
-361
-325
-258
-187
-124
-69
-3
72
132
165
178
187
234
331
451
602
847
1285
1972
2763
3344
3404
2811
1719
488
-527
-1141
-1349
-1300
-1157
-1007
-951
-1068
-1406
-1880
-2245
-2221
-1673
-713
332
1094
1332
1050
478
-100
-451
-460
-127
455
1121
1651
1838
1581
946
160
-487
-806
-751
-418
14
394
621
657
528
292
71
47
352
972
1691
2168
2167
1668
875
92
-427
-581
-438
-162
81
188
97
-224
-695
-1139
-1360
-1227
-811
-302
75
151
-126
-670
-1283
-1764
-1971
-1879
-1544
-1094
-703
-513
-541
-692
-809
-766
-524
-151
225
490
557
407
99
-245
-496
-578
-488
-274
-26
157
190
55
-160
-327
-357
-224
49
396
713
886
870
721
540
407
394
513
698
845
887
929
1172
1756
2564
3221
3347
2773
1649
309
-881
-1665
-2002
-2014
-1873
-1658
-1438
-1348
-1529
-1954
-2333
-2310
-1718
-675
486
1368
1667
1320
556
-241
-768
-898
-640
-62
698
1393
1751
1615
1024
184
-606
-1081
-1095
-664
20
682
1090
1157
916
493
101
-13
301
945
1597
1921
1750
1140
314
-449
-913
-972
-709
-324
9
187
139
-153
-597
-996
-1143
-957
-511
7
369
397
37
-583
-1218
-1630
-1695
-1446
-1013
-561
-253
-176
-305
-520
-676
-654
-405
35
528
875
914
594
30
-532
-856
-809
-451
19
352
386
115
-321
-707
-876
-769
-440
3
444
758
860
738
466
207
112
251
571
900
1075
1084
1098
1344
1946
2733
3297
3265
2503
1233
-159
-1335
-2112
-2455
-2455
-2241
-1912
-1583
-1396
-1467
-1757
-2001
-1892
-1279
-284
761
1502
1712
1387
737
54
-417
-569
-404
29
634
1224
1556
1444
853
-36
-892
-1404
-1391
-883
-107
630
1072
1119
859
472
164
125
444
1021
1607
1906
1743
1155
324
-460
-923
-943
-596
-106
280
409
260
-105
-534
-826
-842
-558
-86
368
598
452
-93
-875
-1610
-2033
-2039
-1697
-1199
-756
-512
-492
-605
-708
-679
-467
-72
423
862
1082
972
538
-78
-651
-970
-931
-604
-188
118
177
-13
-337
-646
-814
-756
-446
59
609
1015
1139
970
602
212
-12
55
398
823
1101
1122
954
776
790
1199
2065
3074
3658
3396
2308
769
-841
-2217
-3075
-3261
-2893
-2250
-1540
-937
-685
-1001
-1702
-2171
-1895
-857
534
1770
2455
2362
1556
421
-577
-1179
-1338
-1058
-368
568
1369
1608
1069
-68
-1294
-2062
-2101
-1440
-349
768
1501
1659
1389
983
606
325
309
758
1591
2326
2456
1874
814
-392
-1375
-1781
-1453
-668
68
479
615
541
179
-441
-1017
-1161
-761
-38
699
1120
947
121
-1054
-2027
-2409
-2190
-1627
-988
-429
-59
46
-104
-381
-581
-532
-193
331
856
1139
964
306
-555
-1195
-1359
-1136
-740
-307
19
67
-210
-599
-821
-796
-593
-225
319
875
1160
1091
875
701
548
386
329
464
667
721
624
536
539
665
1102
2023
3138
3764
3376
2099
450
-1130
-2323
-2859
-2675
-2076
-1471
-1024
-719
-687
-1133
-1888
-2360
-2026
-900
566
1814
2396
2090
1042
-242
-1215
-1628
-1560
-1139
-426
474
1291
1643
1278
302
-842
-1614
-1642
-914
258
1404
2081
2096
1626
1038
618
483
651
1077
1578
1808
1524
776
-168
-1016
-1550
-1600
-1117
-285
513
959
949
546
-68
-632
-843
-559
53
615
820
554
-105
-975
-1809
-2346
-2431
-2086
-1480
-823
-303
-92
-252
-660
-1032
-1071
-683
-17
641
1015
940
428
-309
-960
-1274
-1202
-861
-426
-46
156
98
-212
-636
-948
-966
-645
-80
554
1057
1281
1215
988
780
686
669
669
715
867
1098
1249
1158
813
376
138
435
1464
2960
4186
4377
3312
1450
-493
-1998
-2821
-2913
-2421
-1651
-895
-356
-235
-736
-1797
-2859
-3126
-2221
-514
1194
2210
2242
1404
101
-1148
-1928
-2117
-1798
-1044
79
1320
2161
2085
1052
-402
-1537
-1877
-1354
-232
1004
1826
1959
1565
1025
550
140
-123
-5
578
1287
1633
1364
565
-474
-1389
-1776
-1411
-519
386
935
1102
1002
650
60
-537
-820
-666
-208
300
611
495
-188
-1263
-2274
-2798
-2706
-2160
-1371
-512
192
532
443
74
-295
-439
-252
255
898
1354
1351
841
45
-706
-1202
-1397
-1318
-1023
-619
-256
-67
-73
-218
-399
-479
-318
139
763
1295
1549
1527
1355
1122
841
544
326
262
332
436
473
400
291
363
934
2094
3414
4150
3765
2346
479
-1208
-2313
-2715
-2524
-2011
-1427
-926
-630
-737
-1395
-2373
-3038
-2797
-1571
121
1549
2182
1871
853
-406
-1444
-1978
-1968
-1443
-427
917
2157
2720
2265
974
-548
-1630
-1853
-1196
-19
1131
1785
1795
1344
725
157
-231
-326
-75
404
843
997
782
271
-340
-799
-892
-554
50
639
995
1048
822
390
-123
-535
-705
-622
-388
-162
-82
-246
-697
-1331
-1912
-2186
-2008
-1429
-642
87
503
484
138
-241
-383
-190
266
805
1232
1359
1079
459
-299
-954
-1335
-1371
-1086
-629
-220
-41
-128
-382
-647
-789
-707
-344
242
878
1371
1609
1586
1341
922
440
59
-71
89
431
746
841
684
468
519
1079
2047
2975
3345
2894
1770
350
-1011
-2068
-2684
-2817
-2504
-1875
-1172
-698
-719
-1248
-1951
-2324
-2026
-1117
34
998
1491
1448
972
252
-507
-1107
-1344
-1031
-148
1035
2015
2308
1754
625
-565
-1328
-1448
-1006
-254
509
1064
1313
1261
966
529
90
-183
-178
64
400
647
681
480
116
-265
-490
-457
-179
228
617
864
887
661
239
-247
-640
-827
-780
-572
-366
-343
-593
-1053
-1512
-1749
-1662
-1274
-729
-208
157
312
297
229
213
294
466
654
747
665
378
-44
-485
-850
-1073
-1147
-1076
-884
-626
-375
-186
-78
-37
-15
48
185
393
650
929
1189
1368
1389
1198
836
433
131
13
35
92
166
359
833
1660
2627
3315
3323
2504
1103
-412
-1612
-2283
-2457
-2289
-1917
-1466
-1076
-917
-1133
-1675
-2263
-2510
-2140
-1183
18
1038
1546
1455
908
122
-669
-1237
-1395
-998
-69
1123
2138
2554
2188
1211
33
-897
-1292
-1130
-558
184
866
1319
1434
1205
739
220
-131
-179
48
423
764
929
876
620
242
-131
-407
-498
-351
-16
402
732
815
617
211
-247
-578
-694
-621
-477
-419
-536
-828
-1220
-1573
-1777
-1750
-1473
-1027
-532
-116
132
221
222
213
253
320
360
331
201
-12
-263
-529
-772
-961
-1075
-1084
-1001
-848
-652
-455
-272
-112
40
206
420
692
1014
1326
1523
1506
1249
841
447
196
140
225
378
606
986
1590
2350
3006
3247
2881
1955
730
-466
-1396
-1952
-2144
-2044
-1719
-1288
-901
-716
-821
-1142
-1482
-1616
-1409
-896
-220
434
900
1078
931
484
-150
-763
-1100
-960
-338
561
1389
1825
1711
1104
224
-649
-1261
-1456
-1195
-569
232
961
1384
1378
977
353
-278
-737
-933
-845
-511
-12
530
955
1123
960
509
-58
-513
-679
-516
-127
307
596
629
398
-26
-523
-960
-1234
-1283
-1134
-880
-662
-591
-688
-879
-1024
-1012
-808
-460
-53
340
664
892
996
958
786
530
261
61
-45
-75
-81
-103
-149
-210
-282
-354
-429
-486
-492
-415
-246
-5
271
554
830
1073
1234
1253
1101
834
552
346
251
243
306
473
814
1359
1997
2485
2573
2125
1227
119
-911
-1658
-2060
-2159
-2027
-1750
-1412
-1122
-994
-1086
-1348
-1627
-1751
-1619
-1262
-797
-359
-39
133
146
-6
-302
-649
-886
-838
-427
263
1003
1548
1736
1544
1083
518
11
-311
-374
-151
306
867
1358
1615
1556
1206
672
94
-383
-649
-641
-361
115
650
1080
1277
1204
919
551
229
37
4
114
302
478
556
471
212
-171
-590
-947
-1195
-1327
-1360
-1318
-1214
-1059
-877
-701
-575
-509
-487
-459
-374
-212
8
224
364
374
258
71
-128
-289
-402
-484
-549
-602
-631
-628
-613
-595
-577
-546
-476
-357
-193
-4
197
406
614
790
880
819
601
294
45
30
366
1036
1860
2562
2893
2722
2084
1139
101
-820
-1472
-1770
-1712
-1373
-883
-406
-98
-53
-261
-620
-974
-1183
-1165
-934
-585
-237
9
110
85
-18
-158
-281
-330
-254
-26
329
738
1090
1298
1326
1202
992
775
592
461
410
451
581
761
912
945
795
457
-1
-467
-833
-1032
-1032
-829
-451
37
524
875
971
760
292
-275
-737
-937
-816
-444
10
362
472
295
-114
-636
-1129
-1484
-1647
-1611
-1423
-1151
-873
-644
-498
-433
-421
-423
-393
-307
-166
9
178
300
344
311
226
128
50
4
-20
-38
-57
-83
-115
-141
-146
-121
-61
29
138
249
348
430
499
559
598
599
543
438
308
185
116
120
213
401
678
1023
1375
1657
1777
1685
1394
965
502
100
-184
-345
-406
-413
-405
-406
-434
-495
-588
-705
-828
-941
-1029
-1081
-1095
-1080
-1059
-1043
-1031
-1013
-955
-833
-634
-375
-88
186
424
620
781
907
985
1004
967
890
810
751
722
708
679
613
509
370
199
0
-207
-376
-445
-367
-142
168
458
626
622
476
263
60
-84
-173
-236
-294
-352
-385
-382
-346
-304
-291
-330
-418
-534
-658
-763
-841
-883
-884
-847
-776
-683
-579
-472
-365
-266
-180
-117
-82
-73
-82
-99
-111
-113
-97
-55
12
93
164
203
200
161
118
104
138
217
317
403
449
451
415
351
276
207
153
131
145
186
238
279
314
364
467
654
922
1230
1519
1718
1777
1681
1436
1070
630
176
-227
-512
-646
-628
-506
-357
-265
-281
-408
-617
-859
-1085
-1255
-1337
-1330
-1238
-1089
-922
-775
-677
-622
-572
-491
-353
-164
44
222
339
381
355
292
223
174
164
209
299
403
474
469
367
193
1
-152
-210
-167
-58
75
185
256
292
309
326
350
378
391
376
322
231
120
18
-48
-57
-5
81
164
195
143
-1
-218
-459
-677
-823
-866
-805
-663
-483
-316
-207
-171
-201
-278
-359
-411
-402
-321
-175
10
195
339
410
401
340
256
185
148
144
156
162
137
73
-22
-120
-192
-215
-178
-97
4
90
141
157
157
169
220
317
459
632
825
1021
1200
1330
1386
1336
1164
877
508
116
-233
-488
-615
-617
-538
-435
-370
-388
-490
-657
-849
-1016
-1121
-1148
-1107
-1018
-918
-824
-753
-695
-638
-562
-451
-305
-137
32
177
277
325
328
307
292
311
383
500
635
743
789
754
650
505
356
234
152
111
106
126
170
237
320
408
485
535
545
510
436
339
242
166
134
146
191
244
264
218
92
-105
-336
-556
-725
-814
-823
-774
-698
-635
-602
-617
-666
-733
-786
-798
-746
-619
-434
-222
-28
111
174
169
122
66
31
22
22
9
-33
-110
-205
-295
-361
-392
-391
-366
-329
-281
-213
-125
-15
106
226
332
420
497
584
697
847
1028
1214
1367
1442
1403
1243
977
649
311
19
-180
-263
-236
-135
-8
85
100
20
-139
-335
-512
-618
-633
-572
-471
-380
-335
-342
-387
-432
-437
-380
-255
-90
80
211
276
273
214
133
57
10
2
26
73
128
178
221
242
249
227
176
89
-32
-161
-273
-335
-329
-255
-134
-3
100
154
155
125
90
78
106
168
246
307
325
281
173
10
-179
-367
-525
-636
-693
-698
-662
-614
-573
-556
-573
-609
-645
-649
-597
-478
-306
-105
89
244
338
370
353
320
294
299
332
373
401
386
316
202
66
-57
-129
-137
-73
34
145
232
275
277
261
254
284
361
489
660
858
1056
1214
1291
1249
1068
766
385
-14
-365
-613
-737
-731
-620
-448
-269
-136
-91
-150
-292
-479
-656
-772
-806
-762
-673
-571
-494
-451
-441
-444
-438
-398
-313
-187
-37
107
218
270
252
175
68
-26
-67
-34
81
250
425
562
628
615
539
426
306
203
124
72
42
31
31
39
52
63
71
79
93
126
183
264
351
422
459
445
382
277
145
0
-143
-278
-396
-488
-551
-587
-598
-601
-605
-610
-616
-603
-562
-486
-381
-266
-151
-56
11
56
79
80
71
56
45
38
31
9
-47
-138
-246
-340
-387
-369
-289
-173
-59
29
85
120
162
236
359
537
753
987
1203
1350
1385
1289
1065
739
359
-27
-369
-640
-827
-925
-938
-869
-740
-584
-425
-291
-200
-163
-164
-181
-185
-163
-108
-26
66
151
206
228
228
219
208
205
205
198
169
104
1
-119
-224
-278
-248
-120
97
365
626
824
925
919
822
669
507
376
287
238
209
178
120
25
-101
-235
-352
-432
-460
-430
-361
-277
-205
-166
-160
-185
-229
-275
-314
-348
-387
-438
-498
-563
-625
-678
-718
-741
-743
-719
-665
-578
-473
-360
-256
-172
-111
-77
-68
-74
-86
-93
-77
-32
39
126
206
266
298
308
312
319
330
342
351
357
380
454
608
851
1161
1486
1748
1865
1786
1502
1052
506
-56
-550
-908
-1107
-1160
-1089
-947
-799
-701
-673
-703
-749
-755
-672
-484
-220
54
254
330
270
111
-70
-194
-193
-57
172
414
587
625
495
216
-151
-521
-805
-936
-885
-661
-309
85
433
667
752
708
581
453
392
445
607
831
1054
1206
1233
1120
885
583
274
7
-181
-280
-305
-290
-272
-285
-338
-431
-535
-617
-650
-628
-563
-494
-450
-451
-502
-581
-650
-676
-638
-540
-406
-271
-173
-137
-182
-297
-458
-634
-792
-900
-930
-876
-750
-584
-419
-287
-207
-169
-130
-48
103
310
523
694
792
830
872
994
1237
1572
1905
2104
2068
1760
1227
568
-94
-654
-1037
-1222
-1219
-1066
-828
-582
-410
-359
-416
-530
-617
-593
-426
-138
183
428
513
407
159
-136
-360
-415
-266
44
411
707
826
709
374
-89
-549
-876
-972
-808
-429
76
581
957
1126
1074
847
553
305
200
285
523
828
1079
1180
1093
838
506
209
34
20
140
320
467
502
392
154
-156
-454
-677
-787
-781
-699
-597
-534
-560
-686
-886
-1108
-1282
-1344
-1263
-1052
-769
-495
-309
-258
-348
-538
-758
-930
-1003
-955
-811
-624
-463
-389
-416
-523
-644
-701
-638
-444
-163
131
360
486
527
562
679
937
1331
1784
2165
2339
2227
1824
1204
494
-159
-632
-851
-827
-625
-352
-128
-31
-88
-246
-403
-453
-328
-37
353
720
938
937
718
360
-17
-287
-351
-180
169
572
881
966
770
325
-246
-771
-1091
-1116
-843
-369
165
606
843
849
667
399
174
77
151
373
659
904
1011
931
676
316
-46
-310
-415
-356
-198
-35
42
-13
-194
-440
-658
-774
-752
-616
-429
-268
-194
-235
-380
-583
-788
-943
-1015
-994
-896
-750
-593
-464
-386
-366
-394
-451
-518
-579
-619
-637
-637
-618
-583
-534
-470
-388
-282
-149
11
183
337
444
479
445
382
359
450
691
1062
1484
1824
1957
1814
1424
888
341
-94
-347
-420
-368
-274
-202
-193
-252
-355
-451
-473
-373
-142
184
523
767
815
627
248
-200
-560
-710
-589
-234
227
626
814
723
385
-95
-569
-890
-978
-817
-477
-63
314
572
671
624
497
376
339
416
585
794
953
990
873
629
332
66
-101
-138
-68
48
138
144
56
-103
-274
-398
-435
-378
-266
-157
-105
-134
-240
-393
-553
-685
-758
-774
-748
-697
-639
-594
-567
-560
-553
-536
-504
-464
-438
-454
-515
-621
-734
-805
-801
-711
-558
-381
-216
-86
7
72
114
141
164
217
355
619
1000
1431
1775
1894
1707
1234
599
-20
-470
-676
-659
-522
-390
-356
-443
-605
-761
-821
-724
-459
-75
338
676
855
831
609
267
-87
-333
-384
-212
139
549
873
978
809
418
-61
-461
-649
-580
-312
31
321
476
498
437
375
386
500
699
932
1137
1265
1282
1186
999
772
566
431
395
438
505
526
446
249
-25
-303
-507
-594
-571
-489
-421
-417
-498
-637
-781
-884
-918
-886
-816
-743
-715
-748
-838
-963
-1075
-1127
-1089
-968
-806
-669
-611
-656
-780
-930
-1037
-1056
-978
-833
-660
-495
-351
-228
-121
-21
73
162
273
444
706
1052
1421
1717
1833
1703
1346
858
362
-23
-234
-270
-188
-75
-4
-14
-109
-250
-363
-376
-252
-4
306
590
764
778
632
379
110
-89
-153
-62
153
407
595
631
484
196
-141
-407
-515
-438
-219
42
240
316
272
162
68
68
201
450
754
1030
1209
1257
1172
994
787
618
527
515
552
586
561
443
233
-26
-275
-460
-556
-571
-539
-502
-501
-558
-661
-771
-862
-906
-894
-835
-753
-692
-687
-734
-811
-880
-904
-863
-765
-657
-604
-636
-741
-868
-967
-998
-946
-826
-678
-546
-441
-352
-267
-190
-120
-31
105
314
608
968
1340
1616
1686
1512
1145
695
277
-11
-111
-48
81
163
144
29
-143
-312
-397
-332
-126
142
379
517
527
403
182
-51
-206
-238
-154
20
240
443
546
496
311
65
-162
-311
-332
-225
-43
112
174
142
62
-14
-43
10
146
326
487
591
645
668
688
716
781
893
1020
1120
1156
1125
1018
841
623
413
255
155
94
54
5
-80
-220
-397
-563
-684
-751
-762
-738
-705
-690
-711
-758
-807
-843
-852
-833
-782
-714
-663
-647
-685
-774
-893
-1016
-1106
-1136
-1098
-1008
-891
-779
-694
-645
-620
-599
-558
-474
-326
-110
165
469
754
962
1039
964
771
517
277
114
55
86
158
219
224
164
65
-26
-53
13
165
350
507
585
557
442
286
148
85
120
253
450
653
795
823
714
499
247
41
-62
-38
75
217
324
352
305
218
138
103
135
225
340
446
517
542
534
515
499
512
560
638
734
820
869
851
743
556
320
88
-91
-191
-212
-189
-172
-207
-306
-454
-615
-755
-848
-890
-889
-872
-862
-868
-896
-938
-980
-1009
-1012
-983
-933
-876
-831
-816
-836
-888
-956
-1006
-1013
-955
-842
-700
-563
-467
-417
-400
-372
-294
-150
48
254
429
541
588
590
579
587
621
668
707
717
700
661
621
599
597
608
622
635
645
658
669
662
623
531
390
232
100
32
43
119
214
273
264
183
57
-67
-151
-172
-141
-84
-32
-8
-18
-50
-88
-116
-123
-109
-75
-28
23
71
111
143
168
203
253
322
409
497
571
621
639
633
615
589
551
494
411
308
195
94
18
-21
-29
-27
-36
-81
-162
-275
-401
-520
-613
-680
-727
-767
-802
-837
-868
-887
-886
-867
-837
-804
-775
-755
-745
-742
-747
-763
-789
-825
-861
-880
-859
-780
-646
-468
-270
-79
83
211
302
368
418
454
477
488
493
498
512
540
579
619
647
656
644
612
568
522
481
447
418
386
347
302
251
204
165
141
132
131
135
138
130
118
102
89
85
84
83
79
66
49
32
22
25
45
76
114
147
168
174
172
167
172
193
226
270
319
364
400
424
434
442
439
427
403
364
318
267
216
167
119
74
29
-21
-78
-142
-210
-283
-363
-446
-528
-593
-652
-702
-727
-740
-729
-712
-708
-708
-719
-728
-708
-674
-619
-545
-479
-434
-434
-481
-534
-570
-547
-460
-335
-186
-52
47
98
121
139
164
208
259
312
358
386
400
398
387
380
364
346
327
306
299
300
297
285
258
213
160
120
104
119
155
190
205
183
126
52
-21
-61
-64
-33
12
50
60
43
10
-22
-35
-24
7
50
90
120
130
129
122
117
129
160
212
280
354
421
471
492
489
469
453
448
448
453
454
438
409
358
291
222
161
113
71
36
-2
-49
-105
-177
-262
-356
-452
-531
-598
-643
-660
-668
-673
-692
-722
-749
-775
-789
-791
-792
-783
-776
-787
-808
-851
-881
-879
-840
-760
-647
-519
-406
-317
-262
-230
-199
-159
-93
0
112
222
314
374
389
372
334
297
283
295
331
375
415
441
448
443
433
429
441
474
518
570
607
626
623
598
559
516
477
449
428
402
365
305
232
150
76
25
2
12
43
76
100
103
86
65
49
49
75
118
168
208
226
215
178
127
82
57
57
78
109
139
154
149
118
69
12
-43
-89
-126
-152
-170
-195
-225
-265
-314
-364
-416
-461
-497
-521
-526
-524
-518
-506
-497
-485
-474
-465
-452
-433
-403
-359
-315
-278
-254
-247
-256
-277
-303
-319
-323
-311
-281
-248
-212
-175
-139
-99
-55
-6
50
115
177
233
275
294
291
263
221
183
154
138
141
160
191
225
256
283
295
303
317
335
365
398
430
464
485
491
482
455
425
392
358
318
275
228
179
127
77
34
4
-9
-7
8
34
62
87
104
111
110
105
97
91
85
77
64
37
0
-48
-103
-151
-189
-213
-224
-229
-232
-239
-252
-261
-274
-283
-288
-292
-291
-290
-290
-292
-297
-302
-308
-310
-314
-319
-318
-312
-298
-278
-250
-218
-182
-148
-120
-102
-95
-97
-103
-111
-118
-122
-119
-107
-93
-76
-58
-44
-29
-12
10
35
65
97
122
141
154
158
154
146
134
120
106
92
75
61
52
50
59
77
98
129
162
202
241
281
318
357
390
420
455
481
501
504
482
457
425
382
340
291
250
220
193
169
142
117
92
69
52
43
38
44
52
58
58
48
31
7
-22
-53
-84
-110
-138
-164
-188
-212
-223
-233
-241
-244
-248
-244
-246
-260
-274
-294
-307
-313
-323
-325
-318
-306
-276
-252
-229
-204
-183
-161
-141
-131
-125
-117
-107
-95
-83
-71
-52
-33
-18
-9
-6
-8
-18
-30
-44
-53
-57
-53
-41
-26
-7
13
29
45
58
67
73
83
94
107
119
135
149
161
169
169
170
170
170
172
174
175
177
179
183
185
188
193
199
207
212
217
225
228
226
220
207
189
168
142
114
89
65
45
29
12
-4
-23
-46
-68
-90
-110
-128
-143
-152
-157
-158
-158
-158
-158
-162
-167
-175
-184
-196
-205
-213
-219
-220
-224
-227
-229
-227
-222
-213
-205
-194
-180
-167
-153
-140
-125
-109
-90
-67
-44
-24
-5
13
30
43
53
59
60
60
54
53
53
54
56
59
58
58
58
55
54
54
53
55
61
70
80
91
103
114
125
135
143
149
153
158
164
164
168
168
165
165
161
161
159
158
159
158
157
154
150
151
152
153
153
155
154
149
143
132
113
93
69
44
18
-11
-39
-67
-94
-122
-149
-178
-206
-233
-261
-284
-302
-318
-328
-333
-333
-325
-314
-300
-287
-275
-264
-255
-250
-247
-243
-239
-232
-220
-202
-175
-147
-121
-95
-74
-57
-47
-36
-29
-22
-11
-1
10
24
42
59
80
101
125
149
172
193
208
218
226
226
225
222
221
221
220
215
211
206
198
187
176
163
150
141
136
135
135
138
138
136
135
131
126
121
113
103
94
81
68
57
43
30
17
7
-5
-16
-26
-34
-43
-48
-54
-59
-61
-62
-65
-67
-68
-73
-78
-83
-92
-100
-109
-120
-129
-140
-151
-161
-171
-178
-183
-187
-190
-192
-194
-194
-197
-199
-201
-202
-201
-197
-190
-182
-173
-159
-144
-126
-107
-90
-71
-53
-34
-18
-3
11
24
36
46
54
63
71
78
86
94
103
111
116
121
127
135
141
151
160
172
183
193
202
207
208
205
198
190
181
174
164
154
143
132
124
118
111
102
94
84
78
72
64
57
52
47
42
38
35
30
25
19
9
0
-11
-22
-33
-44
-52
-62
-68
-73
-79
-84
-90
-98
-99
-104
-108
-110
-117
-126
-129
-135
-140
-149
-161
-167
-173
-175
-179
-186
-189
-191
-195
-198
-206
-214
-214
-214
-211
-213
-217
-214
-209
-203
-195
-191
-180
-167
-152
-133
-120
-103
-83
-66
-49
-32
-16
4
23
42
57
73
90
104
120
135
156
173
187
203
213
229
246
257
270
281
295
317
331
344
356
364
382
395
399
405
409
412
409
407
401
394
384
369
353
336
315
295
271
245
218
189
157
129
96
67
40
13
-13
-39
-64
-91
-120
-147
-173
-195
-218
-237
-255
-275
-289
-306
-321
-336
-350
-357
-367
-375
-379
-384
-384
-384
-386
-386
-384
-379
-372
-366
-359
-348
-339
-326
-316
-306
-295
-282
-263
-248
-232
-214
-198
-179
-159
-140
-120
-99
-76
-51
-27
-3
21
47
73
97
122
146
168
189
208
229
249
267
281
296
306
316
326
334
339
345
348
349
348
347
345
343
341
338
333
326
319
310
299
289
278
264
253
240
227
212
195
181
164
146
128
110
92
73
56
37
17
-2
-19
-41
-60
-83
-105
-124
-146
-165
-184
-203
-224
-244
-261
-279
-294
-308
-321
-333
-344
-352
-356
-360
-363
-366
-368
-366
-363
-358
-352
-344
-334
-324
-314
-303
-291
-278
-260
-243
-225
-209
-192
-172
-152
-131
-110
-87
-66
-44
-23
-2
20
39
58
76
96
116
135
155
176
195
213
230
249
269
284
300
312
330
347
356
366
374
379
391
396
397
399
396
399
398
390
383
371
362
357
345
332
317
302
290
273
257
239
218
201
180
158
137
114
90
65
37
9
-20
-48
-78
-109
-139
-170
-200
-235
-267
-294
-324
-351
-379
-410
-437
-461
-483
-502
-525
-542
-554
-568
-572
-584
-589
-585
-580
-571
-554
-528
-510
-489
-465
-437
-401
-367
-338
-304
-271
-230
-191
-157
-120
-84
-49
-12
20
53
82
111
137
167
196
222
247
266
283
304
320
338
348
355
369
377
388
395
390
391
395
394
393
378
370
367
356
349
332
310
298
281
266
249
225
206
190
171
151
127
104
85
63
43
23
3
-17
-38
-57
-71
-85
-97
-110
-124
-139
-146
-154
-164
-171
-177
-180
-179
-183
-186
-188
-189
-184
-182
-181
-178
-173
-167
-159
-155
-150
-145
-140
-134
-132
-129
-125
-124
-121
-120
-116
-115
-112
-107
-103
-99
-92
-88
-81
-74
-68
-59
-51
-41
-31
-19
-7
6
16
28
38
48
57
67
74
79
89
98
105
111
116
124
130
135
140
142
144
149
150
153
153
149
149
145
141
137
130
121
115
109
102
93
84
76
65
55
46
36
27
18
10
2
-7
-13
-22
-30
-38
-45
-49
-55
-59
-65
-69
-73
-74
-76
-78
-79
-77
-77
-77
-77
-75
-73
-73
-72
-70
-68
-65
-60
-57
-54
-52
-47
-43
-41
-37
-34
-29
-25
-19
-18
-14
-11
-10
-7
-5
-4
-5
-6
-6
-7
-8
-8
-5
-4
-3
-4
-3
-3
-1
1
2
5
8
12
16
20
24
27
30
34
36
39
41
41
40
43
43
43
44
45
43
41
43
42
40
40
39
37
33
31
27
24
24
22
20
15
13
11
7
5
1
-3
-5
-8
-10
-14
-15
-17
-19
-21
-22
-23
-23
-23
-26
-26
-28
-26
-27
-27
-27
-28
-28
-26
-25
-22
-21
-21
-21
-22
-21
-20
-18
-13
-12
-9
-10
-9
-8
-7
-5
-2
0
1
3
4
6
7
7
9
11
13
16
15
14
14
16
17
18
19
19
17
15
15
14
11
10
10
9
10
9
9
7
5
5
4
3
2
2
0
1
-1
-2
-2
-3
-2
-3
-3
-4
-4
-5
-6
-8
-9
-8
-8
-9
-8
-7
-5
-5
-5
-4
-4
-2
-2
-1
0
0
0
-2
0
0
-1
-1
1
1
1
3
1
1
2
0
1
-1
-1
-2
-3
-4
-4
-3
-3
-4
-2
-3
-3
-4
-3
0
-2
-2
-2
-2
0
1
4
4
3
3
