2
0
0
-1
-1
-2
0
0
3
2
2
4
2
1
1
-1
-2
-2
-2
-3
-4
-6
-4
-4
-4
-3
-3
-5
-5
-5
-4
-5
-5
-5
-5
-5
-4
-2
-2
-3
-2
-2
0
1
1
2
1
2
2
2
3
3
4
4
5
5
4
4
4
2
2
4
4
4
3
4
4
3
5
4
3
3
4
2
1
2
1
1
1
1
2
1
1
2
2
0
0
0
-2
-2
-3
-4
-4
-3
-3
-5
4
12
-1
-12
-16
-3
11
8
4
-3
-10
-10
-2
15
20
2
-20
-28
-20
-1
11
3
-22
-41
-35
-30
-9
4
-13
-40
-82
-83
-10
49
39
-21
-56
-35
0
59
101
121
80
23
65
149
222
243
195
146
121
139
229
282
236
168
117
93
99
141
165
131
3
-110
-98
-64
-18
-17
-90
-184
-272
-268
-143
-102
-196
-310
-392
-379
-305
-160
40
104
-10
-134
-163
-22
216
296
185
-49
-291
-270
-34
124
138
-86
-399
-518
-480
-360
-242
-262
-416
-647
-831
-858
-776
-671
-606
-641
-708
-683
-586
-362
-125
-37
18
93
160
253
362
523
745
918
1051
1131
1158
1243
1332
1374
1359
1267
1179
1154
1111
1019
908
768
616
483
433
407
296
85
-161
-352
-410
-384
-384
-431
-595
-785
-828
-764
-685
-633
-662
-719
-801
-839
-724
-570
-488
-467
-460
-453
-435
-353
-216
-104
-88
-157
-225
-265
-180
-72
-22
14
-71
-145
-164
-131
-87
-32
-88
-152
-279
-274
-196
-213
-243
-307
1323
3316
2997
397
-1763
-728
2198
3637
2633
867
-950
-2006
-1229
1521
3470
1829
-1666
-3860
-3468
-1144
1438
2010
-42
-3355
-4992
-3452
-1091
20
-50
-1267
-3264
-4021
-2284
558
1521
47
-1297
-1219
-517
338
1343
2014
1678
743
824
2117
2961
2901
2419
1966
1882
2158
2662
2746
2068
1558
1781
1970
1617
1176
1076
1021
586
142
55
-292
-854
-1069
-824
-548
-939
-1727
-1928
-1706
-1645
-1421
-1234
-1384
-1800
-2174
-1958
-1270
-894
-968
-1206
-1368
-1376
-1268
-677
-74
-94
-409
-701
-732
-406
37
374
522
206
-270
-244
239
646
715
570
291
-69
-135
222
628
850
609
190
59
55
211
531
716
386
-4
-305
-202
22
204
2268
4089
3218
226
-1929
-261
3091
4237
2915
803
-1283
-2133
-985
2152
4001
1667
-2246
-4381
-3721
-994
1633
1818
-579
-4293
-5909
-3825
-1241
-189
-490
-2171
-4244
-4742
-2664
586
1363
-572
-2005
-1847
-875
374
1593
2370
1814
539
775
2400
3556
3698
3055
2425
2235
2327
3055
3515
2909
2302
2118
1706
1108
827
1203
1559
756
-448
-1039
-1325
-1388
-1073
-643
-626
-1653
-2850
-2707
-1900
-1258
-957
-1359
-2052
-2639
-2753
-1769
-558
-361
-842
-1525
-1790
-1345
-612
306
738
131
-641
-904
-574
220
853
1013
842
33
-613
-297
415
1063
1030
451
-205
-691
-506
360
1039
935
388
-335
-472
-171
145
533
368
-198
431
2799
4183
2672
-350
-1162
1360
3955
4135
2210
-111
-1681
-1700
613
3622
3397
-338
-3950
-4787
-2418
898
2410
917
-2955
-6178
-5629
-2452
-171
-191
-1880
-4013
-5252
-4159
-938
1452
578
-1852
-2748
-1649
144
1524
2260
2134
1014
508
1870
3871
4722
4018
2803
2328
2784
3718
4491
4237
3089
2205
1891
1788
1689
1792
1723
789
-626
-1396
-1347
-1149
-1159
-1475
-1800
-2412
-3286
-3367
-2423
-1709
-1830
-2361
-2947
-3140
-2803
-2025
-1143
-864
-1422
-2059
-1872
-958
-100
319
325
-129
-567
-381
275
936
1089
670
310
292
360
701
1192
1182
640
83
-54
265
662
827
836
446
-93
-281
111
516
541
193
-193
-406
167
2780
4498
3098
-196
-1722
739
3888
4284
2484
342
-1405
-1668
59
3081
3560
-131
-3957
-4822
-2733
327
1880
621
-2793
-6109
-6025
-2795
-321
-340
-2044
-4271
-5543
-4412
-1147
1597
927
-1805
-2991
-1974
9
1826
2701
2456
1063
190
1664
3971
4996
4551
3290
2389
2525
3570
4856
4832
3410
2208
1933
1920
1827
2006
2123
1282
-472
-1606
-1441
-998
-967
-1165
-1571
-2363
-3327
-3576
-2491
-1462
-1511
-2119
-2938
-3482
-3243
-2189
-907
-476
-1306
-2247
-2287
-1464
-403
332
511
-150
-1006
-1009
-166
701
1039
734
100
-297
-319
228
1054
1317
825
173
-196
-310
69
676
897
693
-24
-377
-83
441
768
621
267
156
400
1380
3336
3793
2449
418
-223
1626
3610
3700
2048
28
-1102
-578
909
2402
1688
-1257
-3541
-3790
-2075
185
751
-1025
-3727
-5635
-4924
-2415
-1093
-1520
-2906
-4272
-4418
-3073
-899
653
51
-1550
-2052
-1046
837
2248
2479
2090
1446
1466
2757
4239
4830
4326
3188
2757
3795
4791
5021
3989
2212
1830
2419
2650
2284
1302
253
-403
-768
-643
-615
-1321
-2343
-2930
-2453
-1844
-1992
-2651
-3154
-3292
-3079
-2500
-2354
-2586
-2828
-2929
-2261
-1271
-1052
-1109
-1165
-1370
-907
-117
392
527
36
-358
-73
497
1066
1264
830
177
-238
138
1116
1582
1230
408
-226
-299
363
1068
1084
624
-259
-719
-394
139
975
1257
905
1657
2345
1885
623
-153
1370
3313
2987
1246
-248
-821
-265
836
2201
2147
-563
-3395
-3807
-1931
620
1398
-431
-3278
-5471
-5062
-2260
-309
-662
-2366
-4323
-4954
-3378
-580
1387
496
-1979
-2680
-1295
713
2314
2775
2358
1282
738
2369
4678
5501
4662
3416
2968
3174
3980
5016
5140
3694
2065
1638
2015
2227
2023
1631
779
-684
-1832
-1674
-1199
-1306
-1719
-2266
-2939
-3548
-3592
-2815
-2156
-2426
-2969
-3289
-3591
-3707
-3108
-1981
-1344
-1700
-2216
-2237
-1849
-1172
-343
309
188
-573
-928
-350
500
982
1157
927
277
-185
90
1016
1618
1401
892
418
214
349
802
1276
1182
529
85
23
137
316
483
950
1085
1930
3259
2980
1293
-176
637
3118
4190
2885
845
-809
-1147
99
2262
3309
1069
-2639
-4374
-3199
-484
1527
791
-2207
-5437
-6387
-3917
-969
-404
-1953
-4329
-5821
-4878
-1986
874
1030
-1729
-3626
-2729
-216
2147
2866
2150
929
226
1570
4345
5863
5352
3551
2362
2996
4467
5783
5710
4028
2322
1845
2261
2849
2891
2124
838
-679
-1592
-1253
-514
-702
-1552
-2443
-3110
-3373
-3191
-2516
-2087
-2527
-3317
-3709
-3424
-2935
-2621
-2155
-1926
-2299
-2441
-1985
-1298
-655
-396
-361
-419
-632
-490
174
801
855
549
235
91
206
528
1021
1035
579
213
112
339
595
685
578
356
-51
-190
78
365
656
504
74
27
627
2532
4181
3338
999
-447
668
3189
4249
3301
1359
-627
-1311
35
2478
3428
1083
-2664
-4327
-2964
-110
1746
674
-2542
-5495
-5921
-3504
-822
-340
-1945
-4458
-5893
-4531
-1308
1100
658
-1848
-3302
-2319
-129
1994
2963
2291
801
234
1867
4575
5886
5053
3343
2555
3084
4511
5666
5223
3578
2029
1794
2460
2755
2466
1566
211
-900
-1414
-1094
-768
-1341
-2052
-2584
-2986
-3113
-2967
-2660
-2527
-2937
-3384
-3383
-3199
-3029
-2763
-2272
-1949
-1900
-1930
-1772
-1283
-799
-397
-196
-315
-435
-286
194
687
774
615
372
133
213
640
1135
1139
649
176
143
479
664
791
642
84
-140
69
476
653
144
-308
45
810
2471
3901
3165
982
-575
588
3483
4688
3307
1015
-872
-1094
411
2614
3702
1368
-2659
-4513
-3116
121
2288
1018
-2465
-5623
-6322
-3661
-592
-24
-1855
-4672
-6150
-4695
-1440
1223
1066
-1708
-3610
-2760
-209
2336
3172
2204
680
-53
1464
4468
6049
5300
3344
1940
2571
4322
5740
5789
3835
1701
1189
2006
2941
2884
1836
379
-1101
-1826
-1390
-647
-737
-1810
-2821
-3267
-3225
-2863
-2367
-2147
-2684
-3354
-3499
-3204
-2743
-2391
-2129
-1937
-2063
-2041
-1571
-1120
-724
-433
-175
-139
-448
-410
108
602
794
675
416
203
-14
258
801
996
773
242
-75
70
364
576
725
332
-142
-131
171
608
557
242
461
1037
2481
3804
3131
1268
4
761
3256
4340
3343
1680
-705
-1522
-29
2570
4005
1599
-2733
-4793
-3673
-474
2200
1365
-2095
-6025
-7114
-4020
-434
386
-1431
-4684
-6799
-5330
-1515
1852
1632
-1912
-4127
-3152
-351
2741
3891
2599
421
-815
1264
5030
6646
5810
3483
1564
2072
4247
6419
6661
4006
1267
657
1613
3119
3546
2352
234
-1944
-2353
-1032
-59
-440
-1738
-2989
-3628
-3506
-2631
-1604
-1778
-2910
-3603
-3566
-3099
-2585
-2167
-1871
-2011
-2503
-2283
-1396
-758
-546
-498
-475
-585
-667
-314
347
624
488
257
94
37
61
350
708
578
269
100
15
118
319
611
584
184
-99
-105
70
367
504
460
431
437
1646
3535
3917
2358
326
224
2325
4142
4017
2449
296
-928
-311
1570
3262
2377
-840
-3363
-3643
-1653
1055
1408
-945
-4278
-6203
-4771
-1915
-520
-1200
-3488
-5508
-5207
-2735
255
1175
-820
-2882
-2927
-1095
1480
2906
2517
1177
229
1135
3687
5531
5514
3949
2222
2089
3591
5546
6015
4358
1986
823
1412
2700
3329
2579
655
-1485
-2344
-1506
-193
-52
-1322
-2949
-3863
-3662
-2576
-1484
-1399
-2429
-3717
-4015
-3131
-2021
-1519
-1766
-2478
-2934
-2413
-1352
-517
-246
-618
-981
-1034
-807
-98
485
458
125
-148
-19
264
358
522
616
464
398
423
486
533
387
403
577
484
430
257
292
406
682
1577
2138
2651
2558
1972
1444
1138
1811
2929
3253
2232
687
-254
204
1213
1795
1343
-388
-2165
-2666
-1653
-269
138
-1138
-3113
-4556
-4525
-2990
-1566
-1721
-3098
-4306
-4397
-3086
-1473
-462
-640
-1902
-2422
-1398
386
1822
2055
1408
943
1298
2671
4370
5029
4452
3403
2981
3513
4783
5760
5281
3965
2406
1881
2565
3046
2979
1999
343
-905
-1349
-1029
-537
-987
-1862
-2675
-3193
-2948
-2497
-2277
-2487
-3039
-3430
-3228
-2800
-2582
-2389
-2398
-2603
-2460
-1882
-1263
-843
-986
-1173
-885
-554
-165
-2
-158
-345
-385
11
559
639
262
-156
-392
-111
387
740
634
-34
-497
-410
57
488
480
172
-212
-379
276
1223
2317
3499
3357
1945
522
640
2734
4552
4086
2147
294
-363
583
2315
3464
2452
-674
-3234
-3089
-786
1615
1692
-990
-4347
-5902
-4476
-1599
-269
-1477
-3903
-5810
-5490
-2852
51
778
-1226
-3557
-3676
-1472
1346
2927
2476
692
-575
371
3252
5774
5930
4138
2284
1988
3584
5933
6905
5455
2906
1222
1646
3059
3713
3144
1363
-750
-1834
-1447
-380
-201
-1419
-2835
-3665
-3549
-2777
-2125
-2181
-3029
-3895
-3893
-3034
-2450
-2403
-2557
-2702
-2598
-2092
-1354
-899
-857
-1049
-770
-174
172
338
210
-92
-244
6
556
887
601
58
-132
-9
302
588
549
204
-289
-550
-253
205
266
20
-398
-689
-281
581
1973
3516
3535
1923
221
156
2284
4552
4605
2717
398
-683
367
2489
3886
3029
-64
-2852
-3120
-1035
1693
2271
-235
-3728
-5674
-4710
-1949
-338
-1087
-3419
-5756
-5839
-3447
-550
569
-1135
-3518
-3992
-2255
612
2606
2394
764
-603
75
2870
5374
5689
4126
2287
1953
3567
5809
6758
5607
3341
1869
2139
3171
3797
3340
1753
-154
-1322
-1135
-349
-363
-1284
-2549
-3466
-3549
-3102
-2470
-2313
-2987
-3727
-3901
-3537
-3005
-2660
-2464
-2551
-2759
-2401
-1654
-1064
-885
-949
-738
-287
54
371
595
436
128
93
532
976
906
535
229
107
266
516
608
480
46
-339
-329
-181
-5
95
-197
-690
-718
-104
1253
2942
3390
2182
211
-507
1216
3759
4659
3361
906
-735
-324
1679
3877
3868
1023
-2323
-3458
-1620
1528
2872
899
-2950
-5762
-5183
-2123
160
-245
-2916
-5773
-6361
-4055
-618
1033
-697
-3636
-4665
-2917
306
2631
2639
853
-964
-640
2198
5296
6213
4527
2153
1404
2919
5538
7121
6336
3999
1983
1676
2930
4288
4385
2786
274
-1497
-1585
-548
143
-406
-1832
-3350
-4189
-3937
-2967
-2262
-2545
-3500
-4278
-4217
-3590
-3030
-2594
-2426
-2594
-2613
-2320
-1723
-1022
-661
-467
-290
-191
100
448
594
641
730
924
995
806
627
686
735
697
683
636
512
186
-186
-220
-120
-111
-131
-392
-717
-790
-515
725
2581
3414
2099
-375
-1350
523
3381
4580
3304
731
-1077
-852
1429
4063
4323
1456
-2168
-3562
-1630
1853
3565
1764
-2467
-5799
-5424
-2093
809
837
-1974
-5440
-6644
-4452
-508
1712
79
-3449
-5230
-3741
-150
2850
3197
1108
-1391
-1549
1507
5236
6553
4767
1858
648
2286
5428
7422
6496
3584
1332
1380
3107
4598
4452
2617
83
-1505
-1203
-3
383
-674
-2358
-3423
-3616
-3203
-2603
-2645
-3477
-4241
-4267
-3553
-2961
-3142
-3429
-3370
-3006
-2220
-1476
-1287
-1480
-1629
-1150
-48
738
919
660
138
34
703
1664
2158
1748
850
345
476
1010
1601
1607
868
-28
-491
-249
304
409
28
-537
-1091
-1096
-417
1134
2651
2419
520
-1176
-930
1228
3194
3410
1973
-279
-1386
-246
2254
3906
2841
-132
-2424
-2438
-249
2423
2905
347
-3396
-5167
-3563
-591
808
-248
-2899
-5227
-5116
-2498
374
824
-1421
-3849
-4131
-2130
742
2443
1844
-140
-1362
-163
2785
5065
5157
3449
1580
1443
3360
5790
6777
5289
2871
1634
2094
3556
4579
4080
2123
-235
-1262
-525
491
441
-979
-2675
-3651
-3714
-2864
-2006
-2348
-3703
-4813
-4776
-3745
-2869
-2793
-3255
-3810
-3835
-2859
-1461
-771
-967
-1481
-1439
-586
493
1284
1369
624
65
532
1555
2401
2341
1486
785
582
1001
1740
1849
1157
220
-301
-165
166
283
-15
-673
-1174
-782
1025
2730
2295
81
-1818
-1481
779
2671
2884
1338
-1163
-2446
-1055
1980
3866
2554
-868
-3293
-2915
-126
2967
3470
512
-3527
-5271
-3389
32
1776
664
-2384
-5077
-4913
-1832
1376
1702
-892
-3592
-4029
-1986
1049
2813
2014
-391
-1740
-252
2834
4948
4778
2911
1168
1283
3506
6041
6533
4593
2267
1556
2495
3912
4656
3917
1772
-354
-831
249
1127
595
-934
-2380
-3125
-2963
-2244
-1932
-2604
-3801
-4496
-4194
-3541
-3243
-3382
-3898
-4252
-3786
-2716
-1846
-1781
-2284
-2406
-1799
-784
255
724
388
-212
-305
539
1729
2270
2037
1396
792
791
1449
2190
2284
1502
648
307
332
508
603
458
43
-479
-83
1579
2759
1998
-94
-1471
-782
960
2146
2095
538
-1510
-2268
-935
1566
2777
1337
-1363
-3221
-2731
-12
2599
2753
51
-3398
-4558
-2833
-116
1531
831
-1840
-4172
-3918
-1138
1557
1616
-530
-2554
-2938
-1370
1143
2576
1818
-161
-1030
485
2974
4220
3697
2211
1063
1524
3474
5251
5303
3540
1818
1634
2422
3289
3671
2925
1222
-378
-737
99
673
166
-936
-1995
-2581
-2523
-2092
-1941
-2562
-3452
-3789
-3586
-3308
-3182
-3307
-3624
-3894
-3641
-2691
-1852
-1860
-2296
-2442
-1994
-1051
-24
613
502
-239
-523
272
1445
2247
2345
1778
1085
738
1252
2371
2819
2281
1410
697
530
820
1214
1305
773
720
1858
2700
1889
40
-984
-312
843
1502
1449
138
-1933
-2938
-1689
719
1591
25
-2313
-3785
-3395
-1068
1392
1685
-720
-3651
-4334
-2722
-577
830
498
-1509
-3287
-2819
-233
1829
1444
-240
-1412
-1336
53
1915
2767
1747
-78
-355
1519
3685
4329
3221
1464
583
1509
3773
5429
4762
2444
714
881
2371
3796
4051
2654
251
-1305
-834
742
1543
714
-1008
-2375
-2730
-2001
-879
-723
-1950
-3510
-4146
-3550
-2585
-2191
-2491
-3341
-4179
-4039
-2900
-1754
-1436
-2015
-2731
-2838
-2153
-854
291
376
-378
-971
-734
268
1383
1980
1817
1035
433
771
1785
2548
2477
1769
1056
821
1105
1574
1932
2547
3379
3383
1902
26
-463
663
1867
2090
1315
-416
-2304
-2822
-1341
697
962
-969
-3275
-4377
-3578
-1154
909
535
-2226
-4803
-4651
-2328
-215
453
-548
-2493
-3519
-2200
754
2591
1718
-306
-1308
-681
1226
3206
3696
2208
195
55
2131
4316
4887
3700
1675
441
1142
3386
5101
4417
2096
333
180
1344
2874
3589
2584
168
-1635
-1332
208
1207
845
-499
-1917
-2619
-2062
-724
-205
-1163
-2644
-3474
-3282
-2569
-1967
-1796
-2393
-3385
-3665
-3002
-2148
-1734
-1855
-2152
-2345
-2296
-1704
-899
-644
-797
-729
-402
-93
124
421
738
818
809
1074
1503
1612
1464
1432
1476
1494
1558
1856
2934
4346
4629
3210
1009
-39
924
2403
2917
2148
162
-1958
-2754
-1541
584
1090
-922
-3692
-5190
-4373
-1797
334
82
-2585
-5273
-5491
-3443
-1107
34
-706
-2705
-4005
-2853
243
2438
1924
6
-1015
-287
1777
3838
4339
2864
946
840
2921
5116
5467
4018
1942
837
1696
3823
5209
4326
1803
-74
-59
1217
2634
3077
1952
-190
-1717
-1411
59
900
413
-772
-1837
-2188
-1632
-687
-408
-1218
-2344
-2773
-2435
-1967
-1818
-2125
-2750
-3170
-2933
-2249
-1830
-2117
-2686
-2813
-2337
-1621
-1135
-1184
-1657
-1990
-1616
-707
37
210
-96
-437
-403
157
1099
1718
1523
945
680
1106
1861
2264
2774
4046
5180
4757
2755
1078
1289
2540
3426
3492
2272
-97
-2129
-2098
-53
1515
635
-1978
-4545
-5464
-3866
-965
520
-1172
-4663
-6630
-5674
-3181
-921
-231
-1800
-4384
-5124
-2512
1182
2465
994
-871
-1468
-366
2151
4539
4747
2600
661
1369
3997
5997
5955
4060
1719
857
2338
4852
5857
4132
1260
-396
-92
1576
3255
3426
1555
-1067
-2265
-1245
503
1272
690
-761
-2152
-2458
-1414
-152
-75
-1237
-2426
-2757
-2394
-1849
-1536
-1871
-2673
-3110
-2692
-1905
-1663
-2158
-2706
-2730
-2284
-1574
-1069
-1199
-1798
-2099
-1608
-731
-203
-253
-551
-757
-567
136
939
1137
681
189
298
1020
1773
2499
3720
4902
4708
2965
1234
1256
2595
3590
3671
2724
670
-1364
-1720
-103
1569
1180
-980
-3351
-4672
-3945
-1480
407
-446
-3519
-5830
-5570
-3787
-1914
-748
-1141
-3163
-4714
-3533
-392
1539
1065
-237
-946
-692
735
2927
4152
3214
1464
1312
3023
4846
5396
4552
2930
1721
2057
3726
4940
4304
2471
949
447
980
2211
3079
2376
289
-1331
-1201
-98
628
568
-51
-995
-1775
-1669
-884
-544
-1101
-1821
-2036
-1975
-2046
-2146
-2201
-2367
-2529
-2392
-2043
-2038
-2462
-2677
-2420
-1988
-1640
-1498
-1619
-1946
-2043
-1442
-549
-215
-528
-885
-893
-566
41
733
990
501
-153
-73
738
2083
4087
5644
4947
2087
-225
446
2937
4457
4215
2569
2
-2145
-1963
652
2772
1828
-1211
-3846
-4615
-3148
-379
1319
-153
-3782
-6034
-5179
-2808
-942
-434
-1487
-3435
-4282
-2488
434
1437
161
-1181
-1187
-13
1745
3267
3316
1628
255
1279
3883
5586
5147
3233
1260
626
2053
4484
5478
3763
885
-602
17
1766
3345
3576
2010
-464
-1827
-836
1154
1979
1239
-129
-1213
-1574
-1064
-66
217
-820
-2108
-2407
-1853
-1424
-1570
-2074
-2720
-3157
-2826
-1923
-1522
-2219
-3172
-3251
-2532
-1716
-1142
-1119
-1776
-2501
-2363
-1159
60
299
-154
-618
-771
-376
439
1151
1236
660
389
1654
4132
5861
5081
2238
75
516
2611
4309
4223
2073
-909
-2660
-1756
913
2445
1118
-2068
-4901
-5184
-2398
1040
1721
-1246
-5051
-6247
-4535
-1916
13
182
-1822
-4337
-4384
-1235
2075
2332
72
-1895
-1953
-187
2405
4100
3440
1104
-272
976
3698
5475
5040
2839
518
42
1883
4176
4621
2834
510
-670
-316
1259
3026
3368
1675
-690
-1512
-216
1614
2420
1919
630
-605
-946
-189
762
755
-243
-1250
-1600
-1422
-1093
-1006
-1458
-2211
-2626
-2359
-1863
-1901
-2509
-3145
-3374
-2982
-2180
-1565
-1697
-2512
-3081
-2684
-1634
-674
-283
-498
-987
-1212
-704
364
1179
1170
682
973
2834
5139
5635
3524
894
380
2086
4121
4708
3269
478
-2039
-2367
-287
1921
1922
-600
-3943
-5580
-4132
-734
1414
7
-3634
-6093
-5635
-3237
-752
397
-556
-2950
-4362
-2815
486
2445
1821
-44
-1221
-679
1289
3359
3914
2606
1118
1170
2708
4344
4742
3543
1528
284
985
2925
4009
2959
744
-755
-742
406
1723
2219
1399
-391
-1669
-1169
549
1890
1831
727
-278
-433
254
1152
1447
825
-238
-870
-707
-131
184
-223
-1175
-2020
-2141
-1506
-933
-1196
-2157
-3106
-3395
-2954
-2216
-1740
-2040
-3008
-3668
-3234
-1956
-931
-927
-1599
-2135
-1976
-1007
341
1188
1017
820
2030
4113
4827
3248
1263
1073
2526
4004
4301
3101
903
-951
-1008
566
1948
1734
-170
-2835
-4438
-3395
-412
1326
-432
-3977
-5861
-4973
-2739
-833
-251
-1372
-3342
-4076
-2363
372
1786
1264
-180
-1185
-712
1288
3429
3878
2452
1083
1412
3059
4540
4749
3473
1535
440
1150
2942
3904
2936
811
-877
-1028
251
1760
2171
942
-1108
-2277
-1645
84
1369
1250
107
-982
-1182
-368
762
1220
664
-271
-679
-357
149
348
144
-367
-897
-1004
-577
-212
-576
-1478
-2113
-2030
-1529
-1158
-1287
-2059
-3074
-3494
-2882
-1704
-1008
-1325
-2224
-2955
-2801
-1636
-204
544
136
-555
142
2361
4248
3871
1556
-146
545
2920
4824
4428
1849
-894
-1555
315
2661
3214
1627
-1050
-3211
-3261
-898
1918
2162
-857
-4414
-5500
-3699
-863
744
-28
-2480
-4364
-3752
-1191
890
998
-326
-1666
-1874
-607
1406
2619
2115
846
511
1613
3164
3886
3298
1892
774
967
2353
3523
3200
1625
159
-174
558
1508
1850
1294
123
-937
-1149
-411
646
1155
735
-206
-889
-806
-104
502
443
-136
-569
-436
-29
151
-6
-290
-492
-468
-176
97
-119
-805
-1390
-1403
-963
-537
-481
-996
-1976
-2707
-2485
-1484
-681
-865
-1816
-2690
-2831
-2055
-872
-146
-295
-1052
-1656
-1556
-832
293
1517
2345
2350
1385
76
-504
168
1712
2949
2781
1247
-477
-987
118
1817
2703
2071
380
-1064
-1120
187
1616
1832
655
-852
-1540
-1172
-374
-11
-424
-1138
-1386
-919
-352
-450
-1167
-1718
-1393
-244
946
1305
534
-720
-1219
-273
1510
2725
2395
768
-928
-1406
-295
1538
2668
2240
636
-910
-1287
-304
1214
2172
2006
976
-149
-615
-125
914
1689
1659
982
249
-90
39
430
766
817
602
279
-34
-264
-340
-273
-219
-288
-425
-579
-760
-958
-1104
-1198
-1346
-1507
-1473
-1283
-1245
-1542
-1979
-2198
-2025
-1534
-984
-713
-893
-1318
-1542
-1266
-587
145
540
389
-115
-457
-253
377
993
1251
1100
731
435
393
554
719
785
828
880
823
628
474
545
830
1153
1327
1206
804
390
290
539
817
791
431
-28
-296
-271
-115
-90
-251
-364
-206
114
248
3
-453
-764
-676
-205
302
350
-251
-1093
-1476
-1062
-204
381
197
-658
-1518
-1672
-976
8
522
280
-358
-746
-476
301
1021
1226
967
659
608
777
974
1069
1073
1054
1042
1009
940
885
861
808
703
622
625
602
405
40
-319
-530
-566
-464
-327
-349
-688
-1208
-1522
-1345
-839
-459
-508
-915
-1345
-1478
-1199
-672
-239
-141
-338
-586
-666
-505
-183
120
232
112
-122
-322
-408
-376
-250
-92
33
80
-12
-287
-608
-640
-181
500
861
645
115
-256
-180
315
937
1253
994
392
-5
130
616
1009
1006
629
176
23
305
765
975
756
338
98
186
407
443
175
-194
-362
-274
-168
-287
-628
-1001
-1204
-1135
-837
-536
-515
-824
-1163
-1137
-650
-17
355
299
-4
-196
-41
389
797
951
857
650
460
423
623
968
1177
1077
788
560
541
698
861
829
530
167
47
207
365
220
-215
-635
-746
-502
-155
-50
-326
-779
-1036
-899
-513
-210
-209
-461
-727
-763
-517
-167
44
14
-169
-344
-391
-311
-240
-315
-495
-580
-472
-316
-329
-534
-742
-760
-554
-270
-107
-151
-308
-410
-377
-225
-3
215
316
263
175
200
343
483
527
510
529
610
692
710
681
702
812
940
978
869
653
459
430
572
699
606
268
-157
-483
-576
-429
-208
-162
-413
-809
-1073
-1020
-673
-291
-183
-403
-658
-636
-374
-130
-24
32
118
193
212
219
270
334
365
391
456
542
578
530
425
321
278
335
462
520
393
145
-47
-74
26
143
145
-45
-332
-494
-402
-158
12
-42
-304
-600
-687
-448
-48
227
236
39
-243
-453
-401
-62
282
288
-48
-411
-525
-389
-181
-78
-138
-274
-368
-376
-342
-305
-274
-269
-306
-347
-333
-254
-176
-150
-149
-118
-38
56
115
125
121
152
243
360
434
433
396
378
408
489
587
630
564
425
319
314
348
332
223
46
-130
-217
-165
-62
-75
-247
-431
-460
-343
-214
-178
-233
-333
-408
-386
-260
-117
-48
-70
-125
-141
-95
-5
83
148
211
268
282
244
216
258
362
466
522
486
325
107
5
126
342
409
236
-29
-189
-179
-68
35
75
31
-96
-252
-319
-220
-33
84
65
-34
-116
-116
-27
88
126
64
14
76
196
242
168
39
-51
-61
-6
43
10
-119
-301
-455
-503
-416
-263
-200
-320
-519
-616
-538
-388
-301
-332
-452
-564
-568
-433
-249
-147
-159
-224
-266
-219
-44
217
409
396
221
104
211
475
675
660
487
341
369
527
640
570
376
260
337
512
609
520
273
1
-128
-40
142
192
6
-290
-477
-460
-326
-247
-299
-417
-468
-404
-291
-217
-210
-238
-238
-134
66
241
231
36
-142
-105
120
323
341
187
6
-87
-69
16
105
153
148
94
18
-23
12
81
93
27
-18
52
153
146
20
-71
13
233
418
433
278
89
30
165
402
546
469
204
-62
-139
21
273
378
216
-107
-360
-392
-235
-69
-74
-296
-614
-804
-743
-536
-404
-462
-636
-767
-764
-653
-507
-406
-385
-414
-414
-340
-222
-127
-86
-55
21
161
300
352
304
248
308
487
651
674
550
394
316
358
466
535
483
323
139
11
-30
0
37
29
-55
-180
-272
-293
-254
-196
-144
-103
-60
-26
-31
-85
-125
-49
153
360
402
246
39
-29
92
281
383
334
173
-4
-108
-70
98
265
262
43
-237
-338
-180
68
177
63
-150
-270
-210
-29
140
174
59
-93
-130
20
275
446
419
239
85
107
289
479
532
416
225
91
86
174
238
175
-32
-281
-446
-477
-436
-424
-496
-626
-753
-825
-825
-779
-729
-704
-699
-682
-635
-576
-513
-444
-353
-241
-135
-74
-59
-49
17
168
350
476
488
401
304
300
432
625
720
617
376
172
149
289
419
374
143
-114
-213
-113
64
149
62
-133
-275
-233
-18
219
293
162
-30
-82
69
303
437
404
275
175
171
247
324
338
278
189
142
164
197
159
31
-112
-164
-106
-31
-45
-163
-305
-379
-343
-237
-144
-135
-206
-278
-266
-157
-17
78
100
89
97
146
236
345
432
463
418
335
285
308
367
370
269
103
-48
-130
-162
-198
-277
-397
-523
-617
-658
-664
-680
-735
-800
-818
-766
-672
-603
-592
-608
-584
-477
-318
-170
-84
-55
-41
-4
77
187
300
378
401
374
334
323
355
412
446
423
351
262
194
164
168
182
179
142
90
56
56
78
101
121
152
201
244
242
203
172
196
288
399
451
392
256
141
134
228
337
353
241
66
-72
-116
-77
-25
-23
-93
-201
-301
-366
-383
-357
-309
-265
-258
-297
-353
-376
-319
-183
-35
41
14
-51
-55
57
248
414
452
355
235
225
351
505
551
438
240
91
75
157
211
132
-61
-260
-366
-361
-303
-281
-349
-485
-610
-656
-608
-507
-415
-386
-436
-518
-558
-499
-356
-194
-100
-119
-217
-299
-272
-131
35
130
106
1
-97
-117
-42
70
150
146
66
-25
-60
-18
69
144
170
146
104
102
164
270
375
439
440
403
390
444
547
637
658
609
524
465
467
492
481
416
332
258
200
143
71
-29
-122
-163
-159
-163
-221
-330
-436
-473
-415
-314
-264
-306
-386
-416
-354
-220
-93
-44
-77
-111
-79
18
137
224
241
185
113
110
193
302
352
294
152
15
-22
57
156
164
45
-131
-263
-288
-215
-131
-128
-225
-351
-425
-406
-325
-249
-226
-263
-309
-309
-256
-185
-136
-117
-120
-130
-130
-109
-81
-59
-51
-59
-87
-128
-159
-162
-141
-123
-133
-174
-224
-247
-224
-172
-127
-109
-104
-89
-54
1
70
149
233
308
360
389
417
471
559
651
700
687
636
601
608
636
638
586
502
418
355
300
231
137
41
-30
-73
-117
-183
-281
-376
-426
-410
-352
-315
-337
-404
-456
-429
-311
-160
-69
-81
-150
-184
-118
35
186
244
180
71
30
104
241
320
277
142
23
6
85
165
153
38
-103
-179
-159
-90
-61
-114
-215
-290
-295
-242
-181
-161
-192
-239
-258
-225
-160
-101
-72
-81
-108
-129
-130
-111
-84
-56
-39
-52
-107
-182
-242
-252
-201
-130
-106
-175
-306
-410
-409
-298
-154
-78
-118
-232
-309
-268
-113
73
196
215
164
134
187
315
454
555
593
591
586
596
613
615
609
614
624
616
565
462
340
246
216
226
218
150
18
-126
-220
-229
-177
-135
-156
-240
-331
-366
-316
-211
-121
-107
-164
-230
-232
-146
-19
68
61
-14
-73
-54
34
118
127
61
-22
-52
-13
41
36
-47
-152
-213
-188
-115
-77
-129
-248
-352
-362
-269
-144
-81
-122
-223
-294
-259
-129
12
77
41
-43
-89
-46
55
137
142
76
1
-19
18
59
45
-28
-107
-127
-90
-48
-65
-150
-246
-276
-218
-124
-78
-118
-205
-260
-221
-109
1
48
27
-15
-13
55
158
244
280
280
279
298
338
384
414
426
424
411
394
368
340
323
309
282
234
165
98
55
38
35
13
-40
-108
-159
-171
-144
-111
-107
-140
-191
-212
-182
-123
-68
-51
-73
-112
-125
-88
-16
51
74
39
-23
-62
-44
24
93
110
53
-42
-116
-121
-56
17
30
-43
-160
-241
-233
-145
-54
-32
-96
-194
-243
-200
-90
13
46
-1
-72
-103
-59
35
113
132
85
17
-23
-11
35
77
80
38
-24
-74
-89
-75
-57
-55
-74
-106
-134
-150
-156
-154
-146
-131
-109
-92
-92
-108
-122
-112
-66
2
54
68
47
22
32
88
165
223
233
200
165
164
201
255
285
272
228
181
161
173
194
209
196
153
102
62
55
75
100
101
68
13
-29
-35
-3
38
47
17
-32
-63
-51
-11
22
26
-2
-39
-54
-42
-20
-10
-25
-56
-83
-96
-95
-93
-103
-119
-141
-159
-161
-155
-146
-140
-145
-147
-144
-134
-118
-103
-90
-75
-63
-52
-42
-33
-21
-7
7
17
21
19
17
21
32
46
50
40
18
5
10
30
49
46
22
-13
-34
-24
6
34
33
6
-31
-52
-42
-12
19
29
7
-22
-40
-29
8
45
64
58
42
33
44
70
96
111
108
95
84
79
86
96
99
92
76
59
45
35
33
33
30
21
4
-21
-37
-41
-28
-15
-15
-33
-60
-76
-72
-46
-17
-5
-19
-46
-64
-52
-19
13
25
9
-21
-36
-28
-2
21
19
-5
-31
-39
-25
-3
6
-11
-36
-47
-35
-8
10
7
-15
-36
-33
-8
23
36
25
1
-15
-8
17
42
48
32
9
-5
-4
9
16
13
-2
-19
-31
-36
-39
-44
-50
-56
-59
-64
-69
-74
-79
-82
-77
-71
-61
-56
-54
-59
-63
-58
-43
-21
-3
4
1
-3
0
15
36
51
54
50
41
42
50
62
69
66
57
50
45
48
56
60
58
51
44
39
41
48
55
54
48
40
34
39
48
55
54
42
32
33
41
50
51
42
30
18
13
17
22
19
7
-12
-25
-27
-25
-23
-27
-41
-57
-66
-66
-61
-55
-54
-61
-67
-68
-62
-51
-42
-36
-31
-32
-32
-29
-24
-16
-10
-5
-4
-7
-10
-15
-18
-16
-13
-9
-13
-25
-40
-51
-50
-38
-27
-24
-35
-55
-70
-69
-51
-27
-16
-25
-43
-62
-65
-48
-23
0
0
-16
-35
-41
-27
1
25
38
32
15
8
17
46
76
92
85
67
55
60
82
104
114
105
82
67
69
85
104
107
91
65
49
53
76
95
94
77
53
44
54
76
96
98
83
59
46
51
67
81
82
65
36
13
5
10
16
9
-13
-46
-73
-80
-74
-68
-75
-97
-124
-134
-123
-101
-85
-89
-106
-121
-121
-98
-66
-41
-40
-59
-77
-75
-51
-20
-2
-9
-31
-52
-53
-34
-10
1
-10
-32
-48
-46
-32
-15
-10
-20
-32
-38
-34
-20
-14
-14
-21
-24
-15
-2
7
5
-2
0
14
34
48
48
39
29
33
54
79
90
82
63
53
56
69
85
90
80
63
48
45
54
62
64
56
46
39
40
48
54
51
47
44
50
58
61
60
55
52
58
59
58
54
45
37
27
21
14
5
-8
-24
-39
-52
-65
-79
-97
-113
-126
-137
-144
-160
-173
-177
-182
-179
-177
-177
-170
-166
-158
-145
-133
-114
-98
-80
-64
-50
-34
-17
-2
14
27
42
53
61
69
73
76
80
84
84
83
77
70
65
59
55
50
41
34
24
16
12
9
8
6
3
0
1
2
6
11
12
15
15
16
16
19
19
18
17
16
14
9
0
-9
-15
-16
-14
-15
-18
-28
-36
-36
-29
-17
-8
-4
-7
-9
-4
13
31
45
49
46
43
51
67
87
101
103
97
90
86
90
100
109
112
103
84
65
54
55
58
57
44
18
-10
-31
-40
-39
-38
-46
-68
-95
-114
-119
-111
-103
-101
-111
-124
-133
-128
-114
-95
-85
-81
-83
-80
-71
-55
-39
-31
-28
-27
-21
-17
-12
-7
-6
-4
-4
-4
-6
-8
-12
-13
-12
-7
-4
-4
-8
-12
-11
-4
7
17
22
19
15
17
27
45
59
62
59
51
49
53
65
77
77
69
57
49
48
52
57
57
50
39
29
21
21
22
24
23
16
9
3
0
2
8
17
20
17
11
6
10
24
38
46
45
38
27
23
29
38
43
40
29
17
4
-2
-3
-4
-9
-16
-27
-41
-54
-62
-63
-62
-63
-68
-78
-89
-93
-93
-87
-80
-75
-75
-79
-80
-74
-62
-52
-46
-44
-44
-39
-28
-16
-7
-5
-6
-7
0
9
16
19
16
14
15
18
25
29
29
23
20
20
24
31
37
37
32
30
30
34
41
46
48
46
42
40
41
40
41
41
43
39
31
20
13
12
17
21
20
9
-5
-13
-12
-8
-7
-10
-18
-28
-37
-45
-39
-26
-17
-21
-32
-33
-24
-14
-3
4
0
0
10
18
23
26
19
10
13
21
30
42
31
3
-9
-3
7
23
21
-13
-39
-37
-28
-10
-5
-27
-52
-63
-71
-62
-43
-55
-71
-67
-59
-42
-25
-33
-57
-77
-66
-23
18
26
2
-26
-24
20
42
21
11
10
9
27
58
87
132
130
146
481
1010
952
-121
-1454
-1769
-679
735
1000
-4
-994
-914
28
815
659
-159
-621
-293
365
926
1235
955
-107
-1360
-1708
-686
786
1255
390
-723
-949
-218
618
649
-181
-972
-875
58
1117
1582
1064
-206
-1326
-1367
-213
1209
1698
913
-332
-936
-554
253
670
339
-379
-772
-406
478
1087
771
-272
-1159
-1267
-692
76
515
352
-219
-723
-818
-458
80
351
120
-373
-599
-246
372
584
195
-313
-476
-200
379
896
922
401
-260
-555
-254
412
890
786
173
-458
-560
-80
459
597
333
-98
-435
-435
-85
278
261
-135
-494
-431
-6
395
441
54
-496
-715
-393
157
488
415
35
-389
-535
-276
173
418
270
-72
-286
-257
-73
98
86
-127
-316
-259
-13
179
161
-52
-302
-387
-205
132
359
306
52
-180
-231
-80
169
335
292
104
-45
-33
84
169
149
63
-13
-5
90
191
183
48
-89
-110
-18
85
125
67
-66
-187
-194
-91
44
141
146
44
-83
-116
-28
97
164
164
145
124
92
43
-8
-44
-37
8
53
51
-20
-137
-227
-211
-94
25
52
-27
-131
-145
-66
0
-29
-117
-159
-117
-26
54
61
-26
-156
-200
-91
75
161
125
8
-89
-81
8
68
28
-61
-111
-91
-19
78
147
106
-41
-160
-137
9
143
156
48
-77
-97
8
123
118
2
-101
-97
4
137
220
190
55
-92
-124
13
232
365
296
63
-134
-149
-19
71
11
-135
-210
-139
4
77
15
-122
-212
-174
-41
92
150
125
55
-18
-58
-48
11
78
101
61
1
-27
-4
27
7
-71
-145
-142
-48
75
142
106
-14
-138
-178
-123
-26
33
20
-32
-63
-36
28
62
17
-57
-62
36
151
170
79
-23
-48
2
61
87
77
49
18
-6
-14
-4
14
13
-2
-7
5
9
-26
-86
-123
-107
-62
-34
-32
-34
-23
-20
-57
-117
-142
-80
39
114
89
-7
-86
-95
-50
13
69
97
90
62
32
22
27
27
2
-22
-13
42
99
98
31
-48
-90
-74
-17
44
83
83
47
-8
-58
-71
-42
6
43
54
64
91
118
102
18
-83
-117
-47
71
137
106
23
-40
-47
-16
15
21
11
5
5
5
-5
-22
-42
-55
-58
-48
-24
9
31
15
-37
-90
-97
-58
-12
5
-7
-25
-26
-9
7
13
3
-15
-21
-11
8
18
19
14
11
11
13
15
10
-8
-27
-30
-13
12
24
13
-13
-36
-47
-41
-19
1
5
-10
-28
-32
-24
-20
-25
-33
-37
-25
-10
-2
3
-2
-9
-15
-14
-1
16
30
34
28
17
3
1
17
48
67
55
18
-10
1
39
68
60
25
1
3
23
38
42
35
20
8
-2
9
33
49
40
3
-29
-32
-2
30
32
7
-20
-24
-10
-1
-6
-16
-23
-20
-6
10
20
9
-21
-51
-59
-33
11
34
21
-13
-43
-47
-30
-7
3
-5
-22
-31
-21
-3
4
-11
-36
-42
-25
0
8
-3
-22
-27
-20
-6
0
-1
-8
-12
-13
-11
-3
5
9
3
-13
-24
-16
6
21
18
3
-10
-9
1
9
10
7
6
9
18
27
26
12
-5
-8
4
23
38
39
30
12
-4
-10
-3
9
17
20
26
30
24
5
-14
-17
2
25
30
22
12
12
12
5
-5
-8
3
16
22
19
8
-6
-17
-17
-5
11
16
5
-13
-21
-14
-7
-9
-16
-19
-12
-6
-11
-18
-21
-23
-23
-23
-22
-16
-8
-9
-17
-25
-26
-18
-9
-5
-6
-10
-10
-10
-8
-9
-5
4
8
7
3
5
9
9
3
4
11
20
24
20
11
7
7
8
11
14
16
12
2
-2
3
8
10
6
2
2
3
2
0
3
7
9
5
-2
-2
3
7
3
-2
-4
-1
1
-2
-7
-6
-1
1
0
-3
-1
1
0
-5
-9
-9
-3
0
2
0
-4
-7
-8
-5
-2
2
-2
-5
-5
-3
-2
-3
-7
-3
1
4
3
0
-4
-7
-6
-4
0
5
6
2
-5
-4
0
3
5
1
-1
1
5
5
1
-2
-1
3
8
9
7
2
-1
-2
-5
-2
1
7
12
9
4
1
1
3
5
3
3
8
11
7
0
-6
-3
4
6
4
1
-1
-3
-6
-8
-8
-2
0
0
-6
-9
-9
-7
-8
-11
-12
-7
-4
-6
-8
-9
-12
-12
