-10
-18
-17
-16
-12
-9
-9
-5
-1
-1
-4
-2
2
10
17
11
11
16
28
34
25
16
10
16
19
20
22
25
22
18
22
18
19
25
22
18
17
14
15
10
6
0
-11
-16
-18
-10
-3
-4
-11
-22
-21
-16
-27
-35
-26
-18
-24
-29
-32
-31
-27
-33
-38
-38
-30
-26
-28
-26
-23
-21
-19
-20
-16
-8
-2
5
17
27
28
24
16
13
14
13
18
28
33
27
9
-1
6
11
9
3
-7
-12
-14
-8
-2
-3
-9
-25
-35
-31
-24
-13
-1
2
9
13
13
12
26
52
71
96
101
91
89
79
81
99
124
158
173
159
154
142
141
138
107
82
72
89
112
107
83
29
-56
-146
-168
-122
-76
-77
-114
-147
-158
-185
-227
-235
-250
-252
-249
-220
-172
-186
-258
-322
-323
-266
-201
-163
-130
-166
-253
-306
-265
-160
-152
-244
-301
-206
-59
-10
-66
-120
-130
-170
-207
-151
42
200
216
184
287
522
675
658
563
490
424
375
396
534
667
656
511
378
351
349
273
124
-4
-77
-117
-144
-160
-198
-334
-572
-807
-894
-826
-674
-535
-457
-423
-450
-488
-458
-354
-217
-114
-71
-12
96
220
333
406
462
502
535
604
728
875
966
952
839
662
503
458
533
605
564
450
322
176
79
34
-12
-49
-106
-184
-266
-297
-190
-181
-381
-538
-597
-584
-526
-474
-409
-424
-472
-482
-533
-479
-336
-313
-433
-521
-411
-330
-417
-442
-370
-319
-345
-368
-284
-158
-67
-81
-151
-93
-4
-38
-140
-149
23
150
122
129
217
332
468
653
923
1118
1093
840
522
433
575
768
906
936
815
563
340
310
396
395
200
-118
-367
-421
-332
-270
-398
-736
-1212
-1632
-1734
-1493
-1127
-883
-861
-927
-953
-889
-731
-563
-401
-277
-174
30
347
661
803
737
669
779
1109
1503
1763
1805
1649
1441
1281
1247
1346
1398
1308
1069
797
689
677
626
458
178
-62
-209
-284
-303
-338
-421
-615
-855
-965
-915
-807
-839
-1007
-1125
-1134
-1069
-1023
-978
-878
-824
-898
-1029
-1043
-894
-798
-839
-901
-843
-692
-610
-530
-345
-146
-135
-326
-396
-198
33
80
1
33
152
164
137
282
633
940
1068
1238
1590
1862
1692
1159
750
755
1012
1265
1401
1366
1036
468
55
113
458
554
130
-499
-884
-894
-734
-672
-860
-1380
-2092
-2570
-2442
-1774
-1117
-953
-1254
-1605
-1642
-1340
-880
-460
-224
-167
-131
82
528
990
1223
1205
1185
1434
1928
2401
2592
2453
2145
1881
1795
1892
2022
2005
1741
1325
974
802
744
635
395
93
-169
-348
-460
-554
-669
-844
-1059
-1228
-1288
-1253
-1234
-1302
-1413
-1466
-1418
-1308
-1237
-1219
-1238
-1291
-1354
-1352
-1190
-961
-820
-845
-954
-983
-894
-731
-553
-383
-237
-176
-191
-209
-163
-63
5
41
132
351
666
1034
1428
1800
1956
1733
1251
887
928
1300
1673
1753
1476
958
458
272
500
870
896
331
-538
-1145
-1132
-653
-239
-367
-1142
-2179
-2865
-2787
-2068
-1282
-986
-1289
-1804
-2006
-1672
-1007
-419
-169
-158
-104
212
726
1173
1335
1275
1278
1594
2199
2783
3024
2839
2444
2151
2135
2333
2516
2452
2083
1582
1191
1023
977
871
601
210
-191
-509
-716
-835
-932
-1072
-1251
-1407
-1480
-1503
-1569
-1723
-1884
-1920
-1786
-1550
-1358
-1318
-1429
-1575
-1628
-1530
-1329
-1129
-1024
-1022
-1056
-1043
-941
-795
-674
-607
-574
-518
-428
-314
-189
-63
45
135
283
617
1163
1761
2091
1931
1379
844
759
1245
1986
2440
2224
1429
598
337
820
1588
1880
1273
33
-1059
-1307
-655
229
447
-444
-2009
-3258
-3402
-2491
-1330
-812
-1230
-2139
-2748
-2549
-1681
-767
-352
-452
-618
-406
220
921
1341
1439
1468
1716
2244
2808
3053
2856
2453
2257
2462
2889
3147
2985
2435
1774
1312
1193
1299
1348
1095
534
-146
-684
-947
-961
-895
-921
-1138
-1479
-1804
-1993
-2038
-1983
-1888
-1796
-1753
-1765
-1797
-1795
-1731
-1591
-1379
-1150
-978
-911
-921
-948
-951
-912
-783
-555
-322
-229
-342
-537
-616
-489
-204
101
318
415
516
836
1400
1854
1755
1124
511
461
1012
1713
2055
1755
939
173
128
923
1830
1892
881
-510
-1310
-1075
-87
803
692
-705
-2606
-3690
-3257
-1850
-687
-591
-1499
-2693
-3314
-2889
-1691
-589
-277
-633
-963
-751
-61
748
1375
1709
1841
2058
2554
3118
3339
3117
2830
2857
3173
3485
3539
3225
2599
1962
1695
1868
2089
1896
1221
359
-363
-773
-827
-670
-624
-941
-1524
-1995
-2118
-2002
-1906
-1940
-2083
-2261
-2348
-2220
-1929
-1692
-1648
-1664
-1554
-1343
-1191
-1133
-1091
-1064
-1082
-1037
-782
-433
-295
-473
-723
-791
-652
-387
-27
305
403
309
462
1150
1955
2076
1347
483
280
823
1637
2164
2014
1130
63
-232
631
1871
2219
1225
-406
-1537
-1484
-344
976
1244
-157
-2420
-3866
-3482
-1855
-453
-324
-1433
-2910
-3642
-3023
-1494
-277
-223
-1021
-1630
-1383
-441
631
1343
1511
1378
1480
2143
3040
3496
3288
2871
2789
3153
3683
3997
3796
3077
2277
1979
2295
2711
2631
1938
953
70
-438
-473
-232
-205
-690
-1459
-1993
-2102
-1982
-1886
-1902
-2061
-2330
-2524
-2404
-2029
-1737
-1744
-1883
-1902
-1744
-1501
-1223
-996
-956
-1106
-1203
-1064
-825
-710
-741
-791
-831
-803
-576
-138
264
527
823
1242
1348
861
240
281
1013
1705
1766
1294
618
47
-1
741
1792
2068
1077
-459
-1347
-1089
-51
939
1049
-136
-2057
-3359
-3054
-1584
-351
-364
-1490
-2801
-3307
-2562
-1014
193
176
-808
-1637
-1469
-406
866
1716
1872
1544
1326
1759
2715
3509
3658
3415
3260
3327
3428
3474
3478
3375
3100
2798
2611
2416
1984
1381
912
693
508
120
-477
-1125
-1647
-1897
-1843
-1695
-1787
-2232
-2763
-3007
-2835
-2431
-2092
-2011
-2210
-2477
-2511
-2153
-1578
-1126
-996
-1087
-1193
-1177
-1011
-733
-427
-293
-402
-592
-513
-151
182
240
322
765
1382
1455
776
-11
-100
510
1209
1440
1092
336
-351
-335
559
1609
1738
662
-785
-1481
-983
293
1356
1216
-366
-2416
-3366
-2491
-713
364
-118
-1674
-3021
-3110
-1858
-199
541
-127
-1376
-1919
-1162
365
1606
1927
1418
804
896
1873
3088
3707
3483
2953
2710
2927
3404
3838
3912
3502
2862
2481
2492
2574
2349
1820
1223
670
155
-275
-580
-810
-1106
-1538
-1969
-2310
-2579
-2765
-2844
-2800
-2699
-2690
-2714
-2652
-2544
-2434
-2315
-2166
-1886
-1625
-1493
-1308
-1081
-877
-650
-504
-322
-144
-147
10
354
570
773
1099
1665
2145
1681
674
214
589
1420
1787
1235
362
-463
-728
24
1053
1396
528
-1182
-2246
-1892
-611
793
1040
-380
-2497
-3865
-3295
-1225
314
155
-1475
-3298
-3706
-2387
-315
1070
629
-1035
-2229
-1889
-140
1735
2472
1938
858
441
1385
3063
4265
4228
3311
2611
2719
3491
4323
4538
4012
3171
2652
2826
3253
3285
2728
1793
954
475
285
261
94
-412
-1070
-1682
-2099
-2348
-2579
-2754
-2856
-2995
-3184
-3356
-3418
-3315
-3175
-3031
-2862
-2680
-2545
-2494
-2396
-2118
-1742
-1375
-1089
-920
-781
-693
-429
138
664
886
1052
1493
2238
2413
1604
714
700
1545
2393
2334
1464
398
-360
-164
893
1814
1660
219
-1505
-2149
-1481
-108
935
525
-1295
-3270
-3854
-2479
-489
266
-669
-2481
-3661
-3174
-1380
458
926
-278
-1816
-2157
-975
866
2041
1992
1107
332
621
2031
3578
4155
3576
2704
2467
3038
3966
4560
4448
3764
3061
2938
3302
3544
3235
2492
1751
1253
871
563
248
-181
-717
-1242
-1615
-1866
-2190
-2568
-2805
-2945
-3147
-3436
-3567
-3396
-3145
-3104
-3231
-3235
-3033
-2721
-2433
-2238
-2212
-2222
-2145
-1762
-1205
-817
-553
-320
-177
-42
387
1342
2434
2426
1264
261
531
1861
2910
2682
1541
265
-398
214
1584
2454
1795
-190
-1824
-1833
-582
817
1127
-187
-2297
-3740
-3253
-1192
408
104
-1706
-3423
-3532
-1963
116
1264
586
-1216
-2345
-1634
455
2251
2500
1455
294
170
1387
3112
4097
3681
2487
1837
2328
3472
4280
4177
3401
2600
2381
2929
3625
3677
2870
1739
1074
1079
1311
1308
797
-107
-1004
-1507
-1476
-1230
-1283
-1806
-2557
-3140
-3349
-3212
-2897
-2721
-2863
-3240
-3579
-3536
-3127
-2621
-2185
-2199
-2574
-2852
-2685
-1989
-1251
-951
-856
-833
-876
-571
270
1553
2369
1694
410
-4
946
2467
3132
2468
1150
-49
-226
990
2491
2883
1442
-883
-2130
-1590
4
1266
903
-1095
-3375
-4222
-2863
-601
378
-634
-2640
-3834
-3145
-1135
776
1156
-205
-1787
-1903
-231
1900
2837
2244
1084
530
1306
2989
4366
4472
3332
2247
2302
3318
4345
4512
3785
2809
2213
2370
3013
3342
2915
1931
1068
784
851
900
615
-80
-922
-1510
-1603
-1423
-1423
-1738
-2176
-2573
-2865
-3023
-2884
-2534
-2358
-2499
-2882
-3124
-3011
-2636
-2039
-1646
-1821
-2352
-2747
-2536
-1812
-1192
-814
-792
-1200
-1385
-830
507
1598
1198
-34
-629
66
1436
2236
2003
1127
146
-67
949
2365
2902
1791
-152
-1224
-745
711
1847
1403
-614
-2848
-3589
-2220
-176
448
-889
-3073
-4245
-3391
-1243
599
707
-979
-2684
-2675
-759
1697
2790
2060
586
-162
845
3044
4741
4790
3397
2109
2290
3649
5004
5275
4278
2968
2319
2724
3681
4041
3359
2027
916
645
983
1315
1091
133
-1140
-1973
-2028
-1487
-1151
-1526
-2340
-3161
-3505
-3301
-2811
-2419
-2380
-2752
-3123
-3123
-2850
-2279
-1773
-1587
-1676
-2068
-2216
-1802
-1172
-603
-302
-479
-710
-603
-56
1043
1302
508
-397
-541
432
1407
1386
657
-138
-580
-106
864
1602
1397
-28
-1320
-1396
-352
947
1267
168
-1624
-2934
-2594
-889
369
-88
-1878
-3427
-3284
-1677
72
842
-12
-1605
-2349
-1394
731
2381
2384
1206
136
301
1890
3866
4825
4211
2786
2068
2767
4189
5141
4890
3729
2635
2332
2942
3701
3701
2817
1617
808
698
969
1124
783
-190
-1348
-1951
-1887
-1467
-1367
-1904
-2693
-3312
-3520
-3210
-2688
-2436
-2564
-3061
-3341
-3132
-2583
-1929
-1571
-1564
-1829
-1990
-1659
-972
-313
193
113
-159
-94
321
1410
1887
1200
322
1
671
1585
1550
787
-22
-564
-286
474
1014
782
-423
-1541
-1628
-906
-79
50
-767
-1974
-2995
-2991
-1834
-854
-1043
-2204
-3363
-3231
-1987
-733
-80
-519
-1609
-1982
-1052
709
2076
2017
1139
605
1051
2475
4026
4765
4231
3034
2607
3443
4751
5447
4970
3941
3170
2944
3426
4078
3985
3053
1841
1094
1125
1320
1218
736
-134
-1119
-1734
-1717
-1404
-1454
-2058
-2826
-3358
-3489
-3357
-3140
-2959
-3056
-3367
-3461
-3253
-2928
-2619
-2285
-2064
-1918
-1830
-1761
-1224
-504
-213
-181
-22
361
1236
1702
1188
642
530
1152
2045
2111
1304
373
-86
342
1225
1763
1396
51
-1191
-1543
-856
316
569
-511
-2111
-3445
-3359
-1954
-871
-987
-2305
-3896
-4153
-2894
-1264
-331
-758
-2029
-2707
-1955
-173
1391
1772
1036
250
499
1789
3403
4446
4245
3290
2841
3353
4501
5433
5272
4368
3563
3288
3683
4243
4158
3368
2319
1600
1572
1766
1638
993
38
-764
-1186
-1208
-1098
-1365
-2045
-2818
-3301
-3200
-2861
-2781
-2997
-3444
-3725
-3483
-2991
-2584
-2518
-2731
-2837
-2487
-1906
-1350
-827
-670
-840
-797
-288
754
1818
1650
693
97
444
1587
2397
2103
1087
88
-162
504
1455
1839
985
-383
-1279
-1249
-321
442
115
-1128
-2658
-3409
-2617
-1339
-887
-1643
-3123
-4055
-3555
-2137
-902
-713
-1759
-2849
-2716
-1287
434
1309
1022
250
31
932
2532
3909
4259
3540
2852
3152
4212
5336
5684
5087
4295
3917
4104
4614
4779
4217
3291
2534
2208
2137
1971
1509
794
79
-575
-1007
-1180
-1411
-1840
-2378
-2953
-3364
-3513
-3526
-3463
-3521
-3798
-4096
-4063
-3746
-3419
-3199
-3170
-3089
-2811
-2397
-1690
-1008
-812
-793
-462
434
1540
1650
995
649
1111
2124
2714
2375
1508
742
600
1229
2012
2130
1103
-370
-1096
-799
132
683
6
-1515
-2997
-3513
-2580
-1270
-1100
-2200
-3749
-4452
-3570
-1989
-925
-992
-2138
-3184
-2877
-1265
526
1270
691
-174
-174
1027
2789
4065
4170
3326
2754
3298
4622
5735
5839
5044
4192
3960
4414
5109
5288
4531
3265
2423
2409
2720
2693
1948
810
-86
-554
-649
-601
-924
-1774
-2678
-3172
-3186
-3002
-3027
-3432
-3971
-4322
-4350
-3956
-3471
-3465
-3877
-4253
-4091
-3378
-2412
-1713
-1738
-2161
-2195
-1346
297
1617
1291
257
-273
326
1890
3028
2904
1944
865
544
1483
2736
3218
2255
553
-518
-386
652
1456
962
-570
-2269
-3073
-2272
-1010
-832
-1925
-3539
-4359
-3640
-2268
-1434
-1630
-2673
-3494
-2999
-1494
-153
243
-282
-808
-438
880
2418
3396
3350
2710
2567
3439
4810
5697
5626
4890
4271
4337
4919
5482
5455
4683
3708
3135
3065
3090
2765
2045
1203
406
-115
-417
-716
-1141
-1815
-2499
-2952
-3188
-3284
-3324
-3484
-3820
-4198
-4383
-4202
-3747
-3432
-3459
-3651
-3807
-3367
-2359
-1667
-1506
-1580
-1448
-467
345
322
193
381
925
1542
1597
1304
1139
1117
1422
1797
2019
1748
1009
513
424
594
916
748
-59
-1008
-1844
-1900
-1183
-846
-1390
-2521
-3473
-3411
-2469
-1633
-1640
-2422
-3239
-3285
-2268
-916
-282
-536
-1151
-1269
-305
1190
2269
2570
2182
1772
2177
3341
4603
5150
4737
4057
3841
4306
5086
5536
5328
4519
3597
3236
3432
3715
3583
2780
1777
1016
571
488
454
86
-650
-1585
-2313
-2579
-2580
-2573
-2787
-3335
-3976
-4394
-4304
-3808
-3525
-3637
-3871
-4076
-3779
-2939
-2268
-2006
-1995
-1914
-1119
-105
132
-61
-59
452
1253
1695
1597
1254
969
1095
1602
2158
2214
1391
531
289
502
971
1037
274
-765
-1711
-2023
-1405
-874
-1254
-2346
-3450
-3661
-2910
-2028
-1740
-2374
-3369
-3700
-2908
-1415
-429
-644
-1391
-1736
-1066
515
1972
2486
2081
1380
1496
2798
4354
5132
4847
4069
3714
4168
5025
5615
5413
4562
3723
3446
3700
3870
3525
2740
1841
1221
1031
973
754
155
-676
-1263
-1494
-1605
-1787
-2108
-2441
-2728
-3046
-3297
-3426
-3327
-3188
-3209
-3220
-3186
-3100
-2715
-2340
-2185
-1817
-1382
-828
-391
-540
-728
-344
429
1080
1176
781
431
432
944
1535
1780
1489
600
-46
87
542
847
607
-362
-1308
-1758
-1740
-1257
-981
-1535
-2521
-3284
-3365
-2651
-1900
-1814
-2373
-3112
-3337
-2668
-1514
-774
-857
-1307
-1483
-947
222
1253
1720
1683
1384
1584
2503
3495
4085
4078
3762
3775
4186
4723
5066
4922
4473
4013
3853
4022
3996
3596
2935
2215
1824
1689
1422
994
381
-302
-695
-941
-1223
-1556
-1939
-2195
-2368
-2562
-2802
-3029
-3117
-3119
-3055
-2881
-2765
-2589
-2411
-2348
-2021
-1562
-1018
-543
-575
-796
-686
-144
577
970
777
353
262
710
1284
1587
1343
592
60
111
434
714
491
-437
-1353
-1757
-1687
-1267
-1140
-1736
-2611
-3196
-3171
-2627
-2065
-2007
-2510
-3014
-3086
-2579
-1690
-1090
-1067
-1310
-1371
-885
-24
872
1371
1284
1234
1498
2067
2945
3525
3485
3302
3257
3517
4081
4485
4416
4039
3713
3566
3587
3670
3493
2962
2440
1984
1632
1510
1278
783
280
-196
-568
-733
-944
-1251
-1586
-1936
-2201
-2362
-2400
-2377
-2367
-2398
-2481
-2497
-2243
-1914
-1522
-1155
-1101
-1033
-890
-692
-226
251
413
362
186
145
435
855
1109
969
629
351
223
409
585
382
7
-558
-1106
-1218
-1189
-1278
-1553
-2165
-2745
-2914
-2763
-2494
-2489
-2830
-3184
-3236
-2829
-2241
-1892
-1843
-1942
-1870
-1332
-577
52
389
418
534
994
1665
2305
2629
2666
2728
2951
3375
3803
3944
3837
3642
3572
3720
3869
3798
3446
2978
2686
2572
2530
2352
1895
1368
946
627
442
247
-67
-430
-857
-1256
-1528
-1678
-1758
-1935
-2172
-2380
-2573
-2575
-2459
-2363
-2149
-1931
-1803
-1570
-1416
-1195
-798
-475
-170
13
20
103
261
494
781
882
897
822
697
718
719
737
768
568
252
-97
-466
-618
-666
-829
-1124
-1629
-2122
-2334
-2286
-2118
-2122
-2444
-2809
-2954
-2713
-2192
-1829
-1784
-1940
-2027
-1693
-1013
-357
25
46
-1
262
846
1570
2052
2115
2021
2069
2433
2959
3269
3223
2977
2804
2910
3134
3209
3024
2645
2341
2248
2261
2201
1950
1550
1206
994
859
726
469
158
-146
-419
-605
-796
-985
-1133
-1294
-1438
-1542
-1671
-1668
-1560
-1468
-1360
-1385
-1399
-1252
-1055
-813
-625
-592
-585
-554
-437
-153
95
206
148
-12
-45
58
245
400
309
-10
-342
-538
-505
-419
-539
-866
-1286
-1605
-1709
-1648
-1594
-1698
-1948
-2188
-2220
-2039
-1805
-1664
-1631
-1622
-1516
-1258
-866
-480
-239
-78
116
448
865
1200
1442
1610
1768
1987
2238
2445
2533
2499
2486
2553
2637
2648
2503
2289
2112
1991
1934
1856
1657
1342
990
736
647
588
432
142
-212
-455
-521
-477
-455
-621
-923
-1136
-1138
-933
-759
-820
-1033
-1185
-1072
-702
-386
-342
-514
-695
-568
-154
225
323
66
-248
-249
81
495
612
293
-156
-379
-218
163
310
22
-510
-956
-1005
-751
-583
-733
-1206
-1689
-1856
-1713
-1465
-1398
-1622
-1915
-2068
-1949
-1624
-1357
-1260
-1293
-1324
-1157
-803
-408
-100
42
121
292
597
993
1320
1473
1519
1565
1734
2011
2226
2281
2168
2001
1943
2003
2079
2050
1835
1533
1291
1170
1151
1108
939
665
358
135
58
51
9
-140
-389
-617
-696
-621
-490
-456
-595
-792
-872
-747
-465
-240
-227
-385
-541
-464
-150
181
325
204
-24
-107
41
330
546
498
246
-12
-100
9
153
158
-27
-337
-599
-699
-672
-637
-738
-981
-1243
-1402
-1425
-1377
-1364
-1451
-1584
-1667
-1621
-1480
-1352
-1295
-1277
-1199
-1035
-806
-590
-427
-296
-145
81
352
589
742
855
974
1149
1354
1512
1604
1614
1598
1627
1690
1732
1707
1595
1473
1376
1277
1187
1056
894
748
596
448
293
109
-58
-178
-274
-346
-449
-590
-706
-782
-792
-722
-660
-647
-664
-701
-650
-500
-328
-140
-33
-3
44
97
234
466
650
768
723
546
505
620
834
981
810
457
181
115
300
421
220
-201
-653
-836
-716
-609
-682
-998
-1421
-1630
-1595
-1419
-1272
-1355
-1561
-1711
-1686
-1431
-1127
-943
-907
-972
-931
-680
-319
26
192
184
193
326
622
971
1161
1155
1040
980
1127
1375
1539
1500
1264
1040
998
1122
1260
1210
935
605
415
433
540
522
299
-29
-282
-340
-268
-237
-346
-563
-754
-822
-792
-728
-683
-677
-690
-721
-742
-691
-531
-288
-93
-45
-126
-178
-21
324
660
775
634
444
453
712
1051
1197
1053
758
551
591
794
928
824
488
110
-92
-65
52
29
-258
-698
-1037
-1096
-931
-809
-942
-1297
-1614
-1638
-1374
-1074
-993
-1163
-1354
-1315
-998
-584
-327
-308
-387
-343
-79
304
616
719
659
616
711
954
1199
1274
1161
973
880
963
1101
1129
962
682
494
482
556
555
380
117
-62
-102
-61
-72
-211
-396
-533
-563
-518
-515
-575
-671
-750
-739
-685
-630
-596
-607
-602
-555
-469
-352
-255
-193
-129
-60
44
185
291
362
411
453
545
648
709
716
670
642
664
689
676
593
467
376
322
274
197
73
-53
-152
-229
-298
-377
-457
-518
-570
-613
-649
-670
-663
-645
-623
-597
-562
-505
-433
-356
-276
-192
-99
-8
79
157
237
328
415
477
508
530
561
592
610
605
578
543
517
488
447
391
334
285
243
189
127
66
17
-30
-80
-136
-190
-232
-275
-335
-403
-462
-486
-476
-484
-546
-638
-706
-687
-600
-537
-560
-652
-724
-677
-519
-356
-297
-346
-401
-348
-161
64
202
217
178
189
316
526
698
740
668
572
574
686
813
840
714
522
405
413
482
477
329
126
-20
-53
-22
-44
-158
-310
-407
-406
-358
-348
-398
-463
-475
-415
-319
-243
-213
-206
-167
-71
58
179
249
283
317
384
479
569
627
646
642
642
654
658
647
615
568
509
434
349
263
188
120
40
-62
-190
-310
-402
-461
-508
-576
-665
-757
-827
-862
-869
-871
-878
-895
-917
-920
-890
-832
-767
-717
-691
-670
-621
-532
-421
-324
-265
-231
-181
-92
27
141
216
246
268
316
398
491
558
573
549
519
515
548
588
599
553
465
384
352
373
394
367
275
159
98
117
172
189
133
41
-13
11
88
147
141
98
75
116
208
295
332
327
329
377
462
541
576
570
558
580
632
678
677
624
554
509
496
485
431
314
169
47
-26
-80
-165
-304
-472
-607
-696
-751
-810
-915
-1029
-1123
-1179
-1182
-1192
-1217
-1246
-1272
-1246
-1192
-1142
-1097
-1075
-1026
-928
-804
-687
-622
-575
-491
-357
-192
-63
4
37
90
200
343
461
504
492
481
511
592
674
691
649
576
540
569
609
613
555
463
408
408
444
466
435
374
331
339
400
451
455
424
394
413
474
525
539
508
469
473
511
547
543
486
425
393
402
419
392
315
226
172
165
169
133
46
-55
-124
-149
-161
-205
-293
-399
-484
-524
-540
-572
-645
-741
-822
-861
-863
-866
-889
-942
-992
-1003
-971
-918
-883
-879
-880
-854
-780
-677
-587
-525
-488
-436
-347
-231
-119
-42
4
47
112
200
284
336
355
360
380
422
463
479
464
439
425
429
439
436
410
377
356
352
362
367
360
347
343
349
367
387
406
420
434
454
480
512
539
561
579
594
607
620
637
649
647
638
625
615
600
577
547
499
446
392
340
292
228
142
45
-47
-122
-190
-266
-365
-475
-573
-649
-704
-764
-837
-917
-989
-1033
-1053
-1065
-1074
-1101
-1129
-1129
-1100
-1046
-995
-964
-935
-891
-819
-721
-631
-555
-491
-428
-347
-248
-147
-61
3
52
104
172
243
305
342
353
364
392
424
452
455
438
424
417
432
448
444
428
410
409
428
449
462
458
452
464
488
516
537
537
542
554
575
598
603
594
587
604
612
609
589
554
534
523
500
466
409
351
304
260
216
155
75
-3
-71
-127
-183
-251
-337
-422
-488
-543
-595
-661
-740
-800
-849
-886
-918
-966
-1005
-1034
-1050
-1052
-1062
-1067
-1056
-1039
-1008
-976
-944
-894
-840
-778
-713
-648
-573
-497
-424
-343
-261
-179
-99
-27
47
121
194
263
320
368
414
464
512
554
582
602
629
653
671
691
703
717
732
736
745
756
766
783
790
794
795
799
797
796
797
788
779
767
750
739
722
699
670
633
595
562
525
485
434
381
330
276
222
164
103
37
-29
-95
-158
-221
-291
-362
-431
-494
-551
-607
-669
-728
-786
-828
-862
-900
-935
-970
-994
-1002
-1012
-1021
-1025
-1024
-1010
-986
-963
-931
-898
-857
-805
-756
-698
-636
-569
-499
-430
-360
-285
-210
-137
-66
2
72
141
203
268
326
378
427
472
512
551
585
610
632
649
662
679
688
693
693
685
684
680
673
661
643
628
615
603
589
563
539
516
496
477
456
430
407
379
353
331
307
285
259
233
205
177
148
121
91
59
24
-10
-42
-74
-110
-146
-182
-217
-252
-287
-322
-352
-384
-419
-453
-485
-512
-535
-561
-583
-606
-628
-639
-648
-660
-665
-667
-658
-649
-643
-628
-612
-586
-556
-532
-501
-468
-432
-387
-346
-308
-266
-224
-178
-132
-89
-46
0
44
89
130
170
209
248
284
319
353
384
414
441
467
492
511
526
541
556
567
574
578
579
576
571
568
558
545
527
509
491
469
445
418
392
364
332
301
271
240
210
181
152
126
99
72
45
20
-6
-35
-60
-87
-111
-138
-163
-189
-216
-243
-268
-294
-321
-349
-375
-398
-419
-440
-460
-481
-497
-511
-521
-522
-525
-532
-535
-533
-525
-514
-502
-489
-475
-458
-441
-416
-392
-368
-341
-314
-285
-253
-222
-186
-157
-126
-89
-52
-13
28
71
110
150
188
228
279
322
360
398
429
474
512
538
567
584
611
638
644
651
652
650
662
652
633
613
587
577
557
521
487
448
418
389
350
313
275
238
209
174
138
105
74
47
19
-8
-32
-57
-81
-108
-132
-153
-177
-201
-230
-253
-275
-301
-327
-362
-391
-412
-440
-466
-499
-539
-561
-587
-608
-629
-663
-680
-691
-702
-702
-719
-728
-724
-717
-704
-686
-659
-636
-611
-581
-546
-503
-460
-415
-371
-324
-273
-222
-169
-115
-59
-5
49
103
159
215
268
316
363
408
451
495
530
563
595
626
655
674
685
697
705
711
714
709
704
693
678
660
637
615
592
566
535
501
464
429
397
362
321
278
240
203
167
130
91
55
21
-15
-48
-82
-111
-140
-167
-190
-215
-239
-265
-284
-303
-321
-336
-351
-369
-384
-397
-405
-409
-418
-427
-436
-441
-434
-436
-438
-440
-444
-436
-432
-432
-428
-429
-420
-403
-396
-389
-383
-371
-349
-331
-314
-295
-277
-249
-221
-195
-165
-136
-103
-71
-38
0
38
76
111
146
179
211
243
267
290
319
343
363
376
382
398
411
420
426
412
411
412
408
406
389
375
370
357
348
327
303
292
275
259
238
212
192
174
157
137
113
90
71
51
32
13
-5
-23
-41
-57
-75
-89
-104
-118
-133
-149
-160
-173
-183
-192
-201
-205
-210
-217
-223
-227
-230
-232
-235
-239
-240
-241
-238
-236
-236
-236
-233
-231
-227
-223
-216
-209
-202
-191
-186
-179
-168
-155
-140
-124
-113
-100
-88
-69
-49
-30
-12
5
22
42
61
81
101
118
133
150
167
184
199
210
219
229
238
248
255
257
261
261
261
258
252
248
245
237
227
215
203
196
187
177
165
149
134
122
110
96
79
66
52
39
25
12
-2
-19
-35
-49
-62
-76
-88
-100
-113
-125
-140
-151
-159
-167
-175
-183
-194
-199
-203
-207
-211
-216
-220
-219
-218
-216
-219
-222
-218
-213
-205
-201
-203
-197
-191
-182
-173
-168
-158
-149
-137
-122
-110
-98
-85
-70
-52
-36
-17
2
18
36
53
72
93
107
126
141
158
175
188
201
213
224
235
241
249
255
261
267
269
271
271
271
274
272
266
262
254
249
246
236
226
215
203
188
172
158
142
127
110
92
73
53
32
15
-4
-23
-43
-65
-85
-101
-117
-133
-148
-163
-176
-187
-196
-204
-211
-218
-221
-222
-223
-223
-224
-224
-223
-219
-215
-212
-204
-200
-196
-191
-185
-177
-169
-165
-157
-150
-144
-134
-125
-116
-106
-101
-92
-81
-70
-60
-49
-37
-23
-9
3
17
30
44
59
74
88
103
118
128
141
153
166
176
187
196
201
206
209
210
213
212
212
209
203
197
191
184
176
167
155
147
136
126
116
103
90
78
66
53
42
29
20
8
-5
-14
-24
-34
-44
-54
-64
-68
-73
-77
-84
-88
-91
-95
-97
-96
-98
-98
-96
-96
-95
-94
-92
-87
-85
-87
-85
-83
-78
-74
-72
-70
-70
-68
-66
-65
-66
-67
-67
-64
-60
-58
-56
-52
-47
-44
-41
-39
-37
-31
-26
-21
-16
-9
-3
5
12
18
22
27
31
35
43
52
57
64
67
70
74
78
78
81
81
77
76
77
77
75
72
70
65
62
59
55
53
48
42
37
32
24
19
16
12
8
2
-2
-6
-10
-15
-18
-21
-26
-29
-32
-33
-34
-34
-33
-37
-39
-40
-39
-35
-34
-33
-34
-33
-31
-30
-28
-28
-28
-25
-25
-25
-24
-21
-22
-21
-22
-24
-24
-22
-20
-18
-17
-19
-18
-19
-19
-18
-18
-18
-17
-16
-12
-9
-7
-5
-6
-6
-3
2
4
8
8
8
10
12
14
16
18
17
19
20
21
23
20
19
19
21
23
23
19
17
16
17
15
15
14
12
10
9
8
9
8
6
5
6
6
6
7
6
3
3
2
1
1
2
2
1
3
5
7
8
9
6
9
11
13
14
14
15
16
16
15
16
16
15
11
7
7
6
4
3
-2
-5
-6
-7
-10
-16
-19
-20
-20
-20
-21
-23
-24
-25
-24
-26
-24
-26
-27
-26
-23
-19
-17
-17
-19
-20
-17
-13
-10
-10
-12
-10
-9
-7
-3
-1
-1
-1
-4
-4
-2
0
2
1
1
-1
0
2
4
3
4
5
6
8
8
8
9
8
8
9
9
12
14
14
13
12
13
15
17
18
16
17
16
21
23
23
23
20
19
21
21
22
22
22
20
20
21
21
19
17
15
12
12
11
10
6
3
-1
-2
-1
-4
-6
-10
-14
-16
-18
-17
-19
-22
-24
-26
-27
-27
-27
-29
-31
-33
-32
-30
-30
-31
-32
-32
-30
-28
-26
-26
-25
-23
-22
-22
-19
-17
-13
-11
-11
-9
-6
-2
2
4
4
3
5
8
11
14
14
13
13
13
14
13
16
15
16
17
18
19
22
22
21
22
21
23
24
26
25
26
29
30
31
31
30
29
26
27
26
24
23
22
20
19
18
17
16
14
10
4
-1
-2
-5
-8
-9
-13
-17
-21
-22
-25
-25
-28
-30
-31
-35
-38
-36
-37
-38
-38
-37
-34
-34
-34
-33
-34
-34
-34
-33
-32
-29
-28
-29
-28
-28
-26
-24
-21
-19
-20
-18
-17
-16
-12
-11
-10
-9
-7
-5
-2
2
5
9
9
12
14
16
19
22
23
26
27
30
34
35
39
42
44
49
50
53
52
55
56
60
61
61
62
60
61
60
59
58
55
52
49
47
45
41
38
33
27
22
17
13
6
0
-5
-9
-13
-17
-21
-26
-31
-35
-42
-47
-50
-54
-59
-62
-66
-69
-71
-72
-71
-72
-74
-73
-73
-74
-72
-71
-70
-69
-68
-66
-63
-59
-54
-51
-47
-43
-38
-32
-26
-21
-16
-13
-8
-3
3
7
12
15
22
28
33
39
42
44
47
47
50
54
56
58
59
63
63
67
67
68
67
65
66
64
64
62
58
56
55
54
54
51
48
45
41
38
35
33
30
28
23
20
17
12
8
5
1
-4
-10
-14
-16
-18
-22
-27
-30
-31
-32
-34
-35
-38
-39
-42
-46
-47
-48
-51
-50
-50
-49
-49
-47
-47
-48
-46
-44
-43
-45
-42
-42
-38
-34
-33
-29
-26
-25
-21
-20
-17
-14
-12
-9
-5
-3
-1
3
6
9
11
12
15
16
20
22
22
25
26
26
28
28
29
29
31
32
