13
15
16
19
24
28
30
33
34
33
31
28
27
26
27
29
28
30
27
24
23
17
16
14
8
6
6
1
0
-2
-8
-17
-21
-23
-27
-27
-25
-33
-35
-34
-40
-42
-40
-40
-41
-39
-39
-38
-36
-34
-34
-29
-26
-22
-17
-11
-13
-14
-11
-9
-2
5
9
13
17
17
16
17
18
19
20
20
20
22
22
19
16
8
3
4
3
3
3
3
-1
-6
-10
-13
-15
-14
-18
-17
-14
-11
-5
0
0
0
-1
-3
2
8
16
23
27
29
32
35
35
34
38
39
41
45
44
45
44
40
34
27
25
24
24
24
22
19
12
7
1
-6
-12
-18
-21
-25
-26
-27
-29
-35
-42
-44
-47
-47
-42
-41
-40
-41
-42
-42
-43
-39
-37
-36
-32
-32
-28
-24
-25
-23
-23
-23
-20
-17
-11
-3
-2
1
5
2
3
4
5
9
11
13
14
15
18
19
20
22
21
24
29
30
29
33
35
32
30
27
26
30
31
29
26
24
22
17
16
13
12
12
10
6
0
-2
-5
-12
-17
-21
-24
-25
-25
-24
-26
-27
-25
-23
-21
-18
-18
-17
-17
-15
-11
-7
-3
0
3
5
9
13
19
23
23
26
28
31
33
34
33
31
29
27
30
36
31
30
27
19
14
7
5
1
-5
-11
-19
-25
-34
-45
-53
-64
-75
-85
-77
-85
-102
-98
-100
-115
-113
-120
-137
-118
-109
-109
-110
-103
-106
-100
-80
-85
-80
-57
-47
-32
-4
1
5
22
29
26
48
71
83
112
133
138
160
164
149
157
163
180
208
226
229
223
226
220
204
197
182
175
187
188
187
184
153
120
85
43
14
2
-13
-36
-55
-84
-121
-152
-185
-228
-258
-277
-288
-273
-258
-253
-250
-257
-265
-258
-242
-215
-177
-137
-103
-75
-44
-18
12
40
61
86
118
149
179
205
207
203
204
195
190
207
211
196
188
162
122
105
96
63
44
43
12
-6
-3
-44
-89
-96
-130
-166
-150
-136
-169
-161
-151
-196
-206
-182
-201
-215
-164
-158
-171
-121
-93
-135
-114
-70
-106
-89
-13
-17
-21
48
50
17
59
72
33
71
113
84
107
157
127
112
146
119
96
132
130
109
132
142
118
123
133
108
103
119
105
96
106
94
78
71
59
50
49
50
54
51
38
30
19
-1
-9
-19
-45
-58
-75
-110
-135
-148
-176
-203
-217
-231
-244
-240
-236
-243
-244
-241
-243
-236
-225
-208
-186
-170
-142
-108
-83
-38
17
45
73
125
144
148
198
219
200
230
239
218
238
266
259
269
284
262
268
272
257
244
217
174
141
120
91
69
51
23
-18
-36
-49
-77
-86
-94
-138
-178
-166
-201
-239
-197
-229
-290
-240
-241
-304
-230
-196
-277
-233
-191
-258
-233
-133
-183
-206
-93
-127
-164
-41
-30
-96
1
34
-46
28
106
38
68
150
81
88
192
168
147
217
190
152
221
229
196
232
229
191
218
238
218
226
220
180
178
189
180
181
159
110
81
59
38
37
12
-37
-69
-98
-143
-150
-156
-205
-240
-263
-291
-289
-255
-251
-268
-259
-255
-251
-197
-133
-115
-101
-61
-58
-64
17
73
42
86
125
60
101
219
159
140
246
169
102
261
269
153
251
216
10
93
180
24
81
170
-46
-69
75
-77
-102
50
-104
-190
-20
-90
-185
-43
-137
-321
-222
-201
-319
-189
-119
-309
-268
-178
-322
-270
-140
-256
-263
-126
-164
-165
-33
-64
-167
-84
-42
-92
27
117
12
35
110
45
88
197
163
132
228
244
235
336
343
243
255
284
247
316
385
330
301
310
264
241
284
279
237
252
255
245
275
286
241
181
127
87
68
62
52
-16
-105
-194
-287
-350
-390
-416
-453
-482
-497
-498
-482
-474
-462
-458
-442
-388
-308
-229
-172
-106
-110
-149
-74
-72
-54
61
64
67
146
143
135
231
200
199
275
252
281
309
337
260
221
245
151
154
209
206
112
183
166
17
134
97
27
41
74
6
-44
51
-46
-89
-83
-77
-203
-158
-40
-219
-130
-104
-251
-240
-189
-233
-225
-143
-177
-198
-185
-160
-193
-168
-106
-175
-129
-79
-92
-34
-28
-57
-41
-39
-33
33
43
65
86
80
88
109
144
132
159
177
170
200
245
228
213
245
202
214
258
233
227
236
210
183
203
190
163
162
131
89
69
65
27
-3
-28
-86
-119
-142
-159
-183
-205
-220
-261
-266
-256
-253
-237
-210
-231
-229
-177
-216
-146
-116
-173
-122
-149
-141
-101
-59
-40
-61
-9
-24
-49
66
81
8
127
70
7
159
99
84
137
85
45
80
127
90
143
150
69
105
135
80
119
130
46
88
84
50
87
72
-1
-6
30
-36
3
64
-46
-19
44
-61
-2
56
-37
-31
8
-30
-64
17
-11
-107
-25
-35
-106
-11
0
-73
-40
-28
-69
-45
-18
-25
-45
-29
-29
-48
2
-3
-9
4
-13
4
29
37
63
63
38
52
49
64
75
81
80
55
75
76
74
94
62
35
17
-9
-5
-18
-45
-73
-130
-160
-169
-187
-187
-200
-231
-248
-251
-231
-202
-193
-188
-199
-220
-180
-111
-89
-54
-41
-50
-51
10
86
112
156
185
190
197
286
293
305
302
235
277
253
284
393
292
241
294
126
132
249
206
179
216
228
78
101
218
10
2
139
-95
-62
118
-62
-52
-12
-182
-226
-152
-198
-225
-125
-214
-299
-202
-289
-343
-183
-282
-332
-179
-282
-298
-169
-249
-274
-194
-230
-268
-161
-142
-226
-139
-102
-196
-115
-31
-128
-40
67
-13
58
142
71
94
182
153
155
229
228
171
217
238
187
248
272
230
250
262
260
275
284
275
251
224
208
183
154
146
111
50
9
-37
-82
-99
-110
-152
-172
-180
-206
-212
-189
-182
-192
-161
-150
-173
-154
-119
-125
-116
-92
-106
-118
-105
-82
-101
-65
-21
-71
-23
-2
-12
52
39
60
54
55
97
68
106
119
58
76
76
44
88
64
49
72
25
44
46
44
48
8
42
10
-16
51
3
-29
25
-35
-29
7
-18
-3
-50
-30
-49
-67
-2
-53
-70
-28
-61
-65
-23
-22
-44
-49
-25
-38
-49
4
-20
-50
-15
-46
-50
-19
-14
-15
-12
-17
-12
1
18
27
28
50
35
38
71
74
83
88
90
96
86
106
122
120
140
142
119
112
130
134
125
113
75
55
30
6
-19
-75
-92
-148
-204
-193
-231
-269
-259
-307
-377
-321
-311
-332
-296
-283
-316
-329
-188
-223
-213
-58
-144
-164
-25
7
-50
139
179
-26
205
265
109
328
434
223
250
485
264
312
566
439
291
348
482
141
398
656
162
235
338
150
34
429
324
-136
118
54
-133
-104
292
-28
-511
-4
-220
-471
-9
-33
-530
-440
-279
-534
-356
-187
-358
-627
-488
-375
-597
-199
-262
-607
-362
-427
-471
-189
-159
-319
-283
-232
-213
-132
5
59
-87
10
86
57
255
292
214
260
303
315
360
423
463
415
407
518
485
462
556
486
453
498
435
412
371
306
277
192
128
99
20
-100
-126
-170
-274
-249
-296
-394
-378
-367
-391
-434
-392
-334
-405
-412
-271
-308
-378
-208
-252
-260
-94
-167
-139
-104
-92
22
12
6
152
120
-2
220
219
98
272
272
117
173
365
221
30
332
283
-48
171
257
-15
144
178
-77
184
127
-91
72
90
57
-65
-3
102
-93
-107
11
-41
-80
-68
-175
-100
-65
-193
-143
-104
-82
-235
-190
12
-181
-145
-94
-157
-83
-110
-142
-92
-83
-166
-88
-64
-79
-62
-58
-10
-31
65
57
64
149
81
139
187
159
166
208
200
140
194
206
168
199
202
154
178
191
130
186
170
93
99
61
20
-8
-51
-116
-139
-195
-274
-283
-318
-356
-375
-401
-415
-426
-431
-416
-406
-361
-305
-310
-298
-224
-120
-157
-68
105
-22
28
195
189
271
359
296
298
496
431
278
605
596
254
485
563
320
426
536
346
316
432
260
173
319
308
112
123
172
-2
-53
9
77
-144
-278
-78
-228
-390
-183
-119
-498
-558
-158
-497
-642
-59
-430
-817
-315
-358
-717
-275
-147
-737
-520
-172
-557
-466
39
-373
-611
-41
-284
-395
127
-45
-346
-52
60
-198
153
379
-54
24
318
98
178
581
342
166
421
324
282
572
614
417
434
471
375
498
592
475
413
310
187
221
225
123
74
-65
-267
-289
-264
-337
-357
-371
-545
-568
-459
-518
-481
-374
-443
-436
-307
-268
-217
-114
-105
-72
39
96
168
246
223
237
338
385
443
559
521
441
483
507
558
638
618
491
399
333
321
404
378
212
59
-66
-110
-47
-48
-58
-195
-500
-454
-344
-453
-383
-363
-657
-780
-593
-560
-603
-512
-583
-797
-704
-535
-568
-444
-422
-643
-597
-418
-376
-277
-223
-349
-386
-269
-157
-10
48
-41
-44
8
16
212
454
375
356
474
387
451
761
828
816
895
755
647
802
886
957
1103
997
742
656
635
661
835
877
599
286
105
8
53
175
71
-277
-596
-764
-786
-692
-618
-756
-1073
-1256
-1249
-1174
-999
-914
-1083
-1201
-1102
-925
-697
-499
-477
-530
-450
-142
208
341
374
372
318
525
990
1219
1156
1069
928
913
1256
1569
1527
1278
969
751
826
1077
1104
798
392
47
-89
44
189
25
-383
-667
-780
-808
-678
-621
-875
-1177
-1226
-1112
-1030
-1011
-1097
-1190
-1133
-1049
-921
-752
-887
-1088
-864
-532
-470
-475
-464
-595
-577
-227
33
103
36
-214
-183
183
408
549
684
556
337
545
923
1053
1123
1083
878
815
926
1040
1133
1107
905
788
845
846
809
849
774
609
559
519
397
229
60
-72
-192
-318
-471
-639
-802
-930
-965
-958
-1020
-1149
-1287
-1378
-1368
-1298
-1217
-1157
-1171
-1208
-1131
-935
-680
-413
-219
-133
-50
137
411
733
992
1069
1071
1106
1187
1384
1621
1663
1536
1503
1512
1484
1613
1704
1495
1263
1162
1034
934
899
696
331
21
-244
-470
-539
-624
-880
-1110
-1261
-1482
-1641
-1543
-1481
-1619
-1605
-1562
-1786
-1869
-1643
-1549
-1487
-1222
-1204
-1372
-1224
-1066
-942
-491
-222
-361
-346
-258
-296
45
594
617
428
458
398
517
1069
1327
1125
1012
982
1061
1488
1779
1478
1072
924
952
1319
1727
1547
921
465
440
838
1407
1504
889
62
-406
-242
357
726
347
-597
-1483
-1740
-1297
-667
-472
-929
-1682
-2145
-2003
-1472
-1014
-969
-1298
-1602
-1578
-1249
-842
-602
-561
-503
-282
39
327
449
437
537
883
1299
1543
1509
1280
1130
1308
1753
2127
2143
1818
1410
1215
1364
1663
1760
1508
1031
586
407
452
456
265
-95
-496
-757
-830
-894
-1065
-1289
-1499
-1612
-1651
-1733
-1868
-1979
-2022
-1940
-1813
-1820
-1903
-1940
-1874
-1633
-1321
-1151
-1089
-1019
-921
-707
-385
-155
-34
108
234
351
534
685
783
955
1139
1229
1297
1385
1487
1664
1818
1777
1588
1441
1446
1615
1823
1781
1441
1044
861
998
1322
1461
1146
542
4
-181
26
288
158
-437
-1187
-1692
-1696
-1344
-1085
-1238
-1705
-2159
-2315
-2082
-1704
-1490
-1521
-1661
-1739
-1637
-1365
-1057
-787
-540
-313
-129
26
189
395
693
1059
1373
1536
1553
1534
1600
1826
2150
2393
2430
2267
2028
1882
1906
2033
2085
1933
1598
1178
820
624
544
465
278
-61
-504
-926
-1200
-1303
-1325
-1395
-1600
-1932
-2258
-2434
-2420
-2273
-2130
-2118
-2238
-2382
-2407
-2224
-1887
-1550
-1348
-1309
-1329
-1242
-950
-527
-148
31
5
-57
81
502
999
1288
1226
986
966
1364
1988
2360
2185
1644
1270
1476
2098
2566
2403
1682
963
820
1306
1892
1960
1309
351
-260
-196
269
529
168
-720
-1601
-1970
-1754
-1356
-1265
-1637
-2216
-2583
-2517
-2157
-1824
-1722
-1803
-1868
-1763
-1519
-1247
-999
-736
-414
-71
202
366
481
691
1072
1530
1879
1988
1921
1886
2034
2365
2706
2854
2754
2517
2328
2302
2397
2456
2352
2052
1637
1251
995
863
740
510
129
-353
-791
-1082
-1232
-1327
-1489
-1775
-2131
-2444
-2616
-2635
-2575
-2540
-2604
-2745
-2872
-2892
-2756
-2501
-2230
-2056
-2004
-1994
-1877
-1576
-1151
-776
-591
-554
-486
-190
305
734
873
769
756
1090
1690
2146
2126
1724
1408
1594
2200
2749
2733
2148
1481
1263
1651
2256
2507
2094
1239
505
340
709
1125
1051
327
-677
-1371
-1417
-1024
-718
-912
-1555
-2219
-2507
-2325
-1915
-1604
-1585
-1796
-2016
-2063
-1861
-1440
-936
-536
-367
-392
-396
-183
294
904
1417
1669
1675
1627
1730
2039
2456
2822
2992
2912
2682
2477
2439
2546
2659
2624
2353
1877
1361
1005
876
835
680
282
-313
-909
-1285
-1388
-1397
-1549
-1930
-2415
-2781
-2909
-2857
-2794
-2865
-3055
-3228
-3265
-3160
-2985
-2809
-2653
-2517
-2385
-2224
-1993
-1687
-1349
-1036
-764
-498
-161
255
606
774
847
1085
1595
2188
2476
2281
1860
1725
2168
2901
3333
3055
2300
1695
1711
2291
2893
2946
2258
1258
598
627
1127
1483
1181
221
-862
-1447
-1323
-875
-716
-1131
-1912
-2588
-2814
-2580
-2172
-1923
-1986
-2255
-2501
-2507
-2196
-1659
-1125
-824
-800
-876
-795
-434
148
756
1174
1310
1258
1252
1482
1962
2512
2885
2921
2693
2455
2445
2706
3024
3128
2898
2424
1932
1641
1589
1620
1503
1105
485
-140
-565
-724
-738
-838
-1179
-1718
-2235
-2518
-2523
-2390
-2324
-2449
-2738
-3030
-3156
-3040
-2748
-2451
-2329
-2422
-2595
-2598
-2295
-1788
-1346
-1144
-1106
-995
-661
-228
113
311
525
895
1362
1662
1619
1394
1368
1770
2361
2701
2497
1941
1507
1540
2019
2531
2632
2130
1312
712
686
1127
1546
1433
632
-448
-1156
-1125
-631
-311
-609
-1430
-2257
-2617
-2378
-1840
-1461
-1512
-1885
-2235
-2291
-1956
-1336
-711
-387
-442
-640
-647
-287
358
1040
1467
1493
1261
1153
1437
2029
2638
2973
2924
2578
2247
2283
2692
3113
3191
2832
2219
1658
1417
1547
1743
1588
975
198
-393
-666
-672
-625
-799
-1333
-2000
-2444
-2553
-2481
-2418
-2461
-2684
-3043
-3296
-3232
-2953
-2733
-2671
-2680
-2693
-2671
-2519
-2215
-1898
-1641
-1320
-900
-613
-597
-583
-176
585
1301
1640
1497
1073
852
1299
2272
2985
2793
1953
1246
1184
1778
2591
3005
2545
1431
539
501
1114
1669
1664
983
-115
-1058
-1276
-795
-298
-357
-975
-1783
-2403
-2528
-2062
-1368
-1055
-1343
-1872
-2154
-1965
-1345
-553
-18
-41
-380
-464
-58
614
1252
1678
1768
1574
1441
1700
2260
2741
2945
2902
2680
2424
2389
2677
2993
2975
2620
2159
1750
1492
1448
1500
1330
762
36
-503
-760
-853
-930
-1163
-1676
-2341
-2785
-2823
-2672
-2646
-2853
-3195
-3511
-3638
-3467
-3121
-2917
-2998
-3160
-3124
-2844
-2470
-2097
-1800
-1635
-1518
-1205
-638
-120
108
179
427
913
1455
1853
1981
1810
1627
1876
2545
3085
2966
2384
1912
1874
2251
2753
2954
2493
1561
868
890
1351
1644
1409
661
-286
-961
-981
-525
-268
-645
-1430
-2130
-2431
-2283
-1825
-1426
-1506
-2035
-2511
-2501
-2014
-1339
-788
-653
-960
-1271
-1026
-219
622
1058
1082
929
866
1182
1886
2570
2808
2640
2436
2384
2520
2835
3172
3199
2796
2257
1965
1947
1979
1908
1636
1109
472
37
-78
-111
-326
-709
-1161
-1669
-2107
-2277
-2172
-2116
-2371
-2806
-3183
-3360
-3261
-2931
-2636
-2713
-3105
-3307
-3057
-2571
-2125
-1894
-1858
-1910
-1808
-1249
-457
29
74
15
264
849
1485
1975
2047
1676
1438
1791
2570
3065
2794
2145
1697
1698
2166
2745
2863
2240
1234
662
855
1338
1571
1262
391
-641
-1264
-1128
-562
-382
-885
-1730
-2457
-2697
-2375
-1745
-1338
-1580
-2215
-2607
-2458
-1865
-1113
-575
-519
-906
-1184
-814
44
851
1260
1243
1010
884
1203
1967
2642
2792
2552
2312
2268
2442
2808
3169
3150
2666
2137
1923
1981
2077
2029
1737
1135
416
11
27
93
-125
-617
-1203
-1743
-2059
-2039
-1863
-1926
-2335
-2783
-3031
-3073
-2936
-2706
-2563
-2688
-2995
-3061
-2770
-2398
-2076
-1886
-1850
-1846
-1715
-1177
-425
-44
-31
-101
60
624
1306
1874
2026
1562
1143
1367
2101
2795
2788
2188
1569
1242
1557
2303
2721
2390
1409
549
447
842
1290
1338
643
-454
-1336
-1495
-973
-559
-748
-1429
-2270
-2744
-2590
-1996
-1397
-1332
-1796
-2244
-2319
-1918
-1193
-532
-205
-333
-643
-581
-43
711
1378
1666
1588
1370
1350
1821
2540
2998
3059
2826
2546
2504
2740
3131
3330
3028
2461
2006
1808
1834
1866
1682
1190
456
-164
-370
-358
-439
-757
-1309
-1887
-2303
-2428
-2267
-2194
-2451
-2858
-3190
-3295
-3163
-2940
-2724
-2708
-2951
-3107
-2970
-2612
-2192
-1923
-1834
-1810
-1761
-1420
-704
-88
143
72
24
410
1091
1726
2122
1972
1537
1442
1858
2599
2993
2660
2097
1680
1675
2154
2596
2607
2021
1113
661
801
1129
1310
946
108
-783
-1346
-1215
-753
-655
-1056
-1820
-2514
-2684
-2351
-1726
-1332
-1557
-2039
-2341
-2198
-1576
-872
-367
-246
-503
-593
-291
275
991
1506
1720
1687
1489
1594
2100
2652
3068
3124
2855
2534
2331
2511
2897
2989
2700
2144
1572
1257
1174
1237
1198
724
-6
-625
-949
-968
-941
-1095
-1506
-2136
-2652
-2747
-2530
-2350
-2449
-2786
-3151
-3302
-3136
-2764
-2425
-2417
-2660
-2739
-2528
-2069
-1575
-1348
-1267
-1261
-1137
-520
200
607
647
432
614
1258
1891
2438
2439
1919
1606
1776
2556
3274
3057
2357
1671
1353
1801
2451
2738
2278
1012
65
47
539
1069
936
5
-1187
-2154
-2186
-1405
-917
-1190
-2098
-3106
-3495
-3174
-2334
-1498
-1505
-2190
-2753
-2731
-1999
-987
-188
141
-191
-643
-443
378
1394
2122
2300
2112
1773
1735
2383
3241
3705
3635
3182
2761
2627
2822
3287
3479
3005
2239
1631
1376
1400
1391
1192
658
-203
-887
-1105
-1101
-1166
-1484
-2000
-2527
-2969
-3073
-2808
-2628
-2756
-3066
-3332
-3329
-3113
-2759
-2351
-2266
-2477
-2542
-2281
-1736
-1244
-1042
-942
-954
-862
-251
548
1030
983
646
765
1397
2111
2712
2704
2076
1512
1560
2422
3258
3098
2253
1334
892
1312
2098
2602
2144
645
-585
-707
-10
812
825
-151
-1613
-2866
-2897
-1845
-990
-1096
-2169
-3419
-3934
-3553
-2442
-1360
-1292
-2060
-2805
-2818
-1927
-737
186
530
173
-249
-24
836
1918
2688
2902
2763
2450
2370
2896
3669
4161
4167
3753
3231
2898
2887
3228
3505
3206
2449
1660
1097
900
929
886
518
-343
-1319
-1825
-1910
-1873
-1944
-2359
-2996
-3603
-3929
-3671
-3217
-3126
-3324
-3671
-3847
-3558
-3024
-2403
-2010
-2214
-2428
-2201
-1689
-940
-422
-296
-260
-420
-194
795
1635
1997
1780
1246
1429
2150
3033
3793
3352
2185
1536
1759
2877
3584
3030
2009
847
271
904
1865
2309
1529
-269
-1436
-1432
-691
271
282
-990
-2758
-3984
-3617
-2219
-1382
-1605
-2752
-4090
-4491
-3713
-2184
-999
-1202
-2198
-2858
-2642
-1410
112
1051
1107
459
178
922
2067
3091
3653
3636
3400
3144
3250
3890
4405
4540
4436
4009
3503
3085
2908
3109
3109
2635
2053
1318
555
57
-176
-116
-288
-1108
-2013
-2735
-3165
-3029
-2763
-2765
-3248
-4187
-4644
-4301
-3724
-3161
-3001
-3333
-3656
-3745
-3188
-2067
-1385
-1303
-1482
-1706
-1416
-706
86
816
815
374
490
1126
1952
2462
2261
2049
2109
2426
3220
3598
3073
2233
1662
1973
2739
2865
2381
1455
414
165
730
1501
1620
496
-1014
-1816
-1705
-860
-91
-368
-1741
-3423
-4187
-3479
-2187
-1453
-1723
-2834
-3976
-4202
-3234
-1689
-666
-803
-1639
-2289
-2163
-1053
573
1769
1966
1352
771
1021
2076
3465
4546
4683
3937
3036
2801
3491
4494
5022
4726
3695
2540
1985
2246
2876
3025
2330
1157
37
-572
-579
-302
-265
-900
-2000
-2961
-3448
-3429
-3162
-3038
-3256
-3836
-4401
-4459
-4079
-3562
-3144
-2973
-2935
-2948
-2858
-2402
-1748
-1214
-872
-744
-661
-466
-130
404
906
1152
1362
1708
2070
2260
2203
2228
2616
3214
3674
3535
2735
1826
1514
1993
2710
2855
2145
895
-170
-340
388
1205
1111
-46
-1469
-2289
-2128
-1341
-716
-911
-2131
-3604
-4199
-3717
-2760
-2090
-2127
-2650
-3266
-3491
-2910
-1911
-1138
-812
-834
-826
-609
-226
466
1314
1953
2330
2465
2461
2559
2895
3601
4459
4857
4622
4020
3462
3394
3795
4259
4317
3629
2519
1671
1342
1432
1529
1199
427
-561
-1353
-1634
-1650
-1763
-2122
-2731
-3341
-3743
-3904
-3882
-3900
-3996
-3999
-3884
-3696
-3542
-3429
-3198
-2849
-2390
-1855
-1436
-1203
-1096
-963
-573
-25
485
896
1026
953
961
1177
1714
2356
2666
2614
2284
2081
2539
3354
3771
3397
2362
1463
1255
1585
2214
2440
1664
340
-655
-665
103
546
218
-642
-1719
-2293
-2001
-1296
-901
-1548
-2901
-3801
-3859
-3243
-2411
-2081
-2383
-2979
-3322
-2863
-1973
-1377
-1185
-1248
-1217
-761
-7
784
1284
1375
1516
2014
2647
3161
3365
3324
3317
3522
4043
4620
4684
4164
3513
3134
3190
3450
3538
3213
2334
1268
653
631
808
692
36
-968
-1900
-2366
-2205
-1854
-1975
-2721
-3657
-4248
-4251
-3827
-3347
-3177
-3454
-3832
-3793
-3250
-2541
-2006
-1757
-1732
-1780
-1685
-1291
-707
-221
83
271
403
538
769
1136
1489
1612
1575
1621
1769
1878
1931
2087
2432
2742
2676
2207
1549
1044
937
1198
1544
1613
1213
494
-157
-434
-279
56
177
-154
-816
-1383
-1471
-1124
-803
-976
-1690
-2524
-2932
-2688
-2022
-1429
-1312
-1665
-2117
-2222
-1815
-1132
-588
-402
-457
-471
-228
255
810
1259
1536
1710
1880
2082
2295
2483
2611
2678
2740
2839
2942
2936
2777
2568
2418
2326
2201
1978
1660
1278
910
652
492
269
-125
-598
-950
-1101
-1141
-1213
-1457
-1896
-2318
-2437
-2202
-1911
-1862
-2032
-2272
-2495
-2592
-2402
-2024
-1801
-1880
-1975
-1783
-1484
-1347
-1322
-1202
-1002
-896
-833
-620
-271
3
125
184
235
221
183
253
494
873
1240
1479
1541
1488
1428
1395
1372
1325
1271
1228
1198
1234
1364
1481
1440
1225
959
780
711
726
790
839
771
547
250
-25
-247
-445
-617
-721
-775
-841
-959
-1080
-1169
-1217
-1235
-1227
-1190
-1170
-1177
-1138
-965
-669
-374
-219
-238
-314
-267
7
439
811
950
834
613
496
619
959
1310
1436
1280
1035
947
1077
1273
1323
1151
844
593
541
641
726
650
386
41
-276
-469
-448
-278
-152
-221
-458
-760
-1021
-1173
-1144
-960
-801
-848
-1114
-1355
-1390
-1313
-1227
-1110
-984
-974
-1167
-1330
-1119
-609
-283
-475
-909
-1059
-790
-390
-74
164
328
290
29
-144
125
760
1286
1336
1021
761
800
1030
1205
1216
1141
1054
989
1007
1129
1265
1246
1023
721
517
487
550
563
421
107
-292
-641
-876
-1005
-1074
-1088
-1036
-981
-1026
-1201
-1442
-1584
-1478
-1128
-678
-332
-201
-269
-419
-503
-386
-19
471
826
863
670
527
597
782
879
831
797
911
1149
1394
1538
1493
1197
714
293
219
558
1038
1266
1087
604
87
-179
-114
114
221
119
-54
-177
-273
-397
-434
-302
-352
-904
-1530
-1519
-853
-353
-702
-1519
-1888
-1555
-1094
-897
-796
-771
-1047
-1545
-1770
-1309
-458
-22
-271
-649
-618
-333
-175
-176
-85
258
701
1066
1355
1495
1209
553
70
174
680
1092
1187
1132
1134
1119
919
600
318
115
27
113
354
532
331
-337
-1154
-1666
-1683
-1358
-940
-586
-410
-474
-707
-916
-964
-879
-711
-428
-10
412
666
738
722
668
624
686
908
1197
1396
1465
1483
1455
1294
996
745
717
914
1227
1509
1587
1317
733
147
-108
-39
78
67
19
35
36
-94
-334
-636
-1016
-1386
-1401
-895
-262
-78
-450
-1030
-1501
-1769
-1772
-1467
-1064
-956
-1162
-1197
-821
-469
-638
-1168
-1484
-1331
-947
-583
-226
79
96
-206
-444
-286
163
615
1044
1534
1904
1854
1402
985
871
876
804
757
886
1057
1065
946
839
644
129
-596
-1052
-934
-473
-144
-226
-686
-1352
-2041
-2538
-2685
-2490
-2122
-1721
-1301
-849
-478
-400
-670
-1018
-1003
-440
442
1256
1769
1997
2102
2254
2488
2668
2596
2311
2145
2368
2882
3267
3193
2641
1822
1058
649
664
847
804
395
-143
-523
-721
-936
-1302
-1711
-1968
-1963
-1729
-1434
-1260
-1296
-1501
-1720
-1824
-1779
-1614
-1369
-1086
-821
-645
-565
-529
-508
-481
-452
-374
-211
-17
127
204
250
225
83
-73
-35
251
598
927
1405
2066
2497
2258
1485
820
582
493
278
31
-25
-4
-109
-243
-283
-476
-1152
-2124
-2702
-2507
-1926
-1539
-1524
-1715
-2002
-2417
-2822
-2958
-2799
-2547
-2280
-1759
-807
244
820
794
576
616
914
1241
1597
2083
2649
3164
3661
4221
4622
4457
3746
3041
2761
2773
2681
2445
2284
2172
1878
1348
773
264
-305
-947
-1365
-1355
-1115
-1026
-1187
-1372
-1503
-1727
-2081
-2356
-2345
-2129
-1920
-1722
-1425
-1062
-804
-769
-837
-854
-828
-821
-801
-594
-132
373
602
479
237
105
43
-89
-193
-100
102
248
480
1178
2243
2867
2539
1630
935
626
269
-222
-506
-461
-414
-544
-533
-265
-343
-1231
-2528
-3321
-3277
-2919
-2650
-2400
-2101
-1999
-2305
-2752
-2931
-2872
-2854
-2776
-2213
-999
390
1343
1796
2031
2150
1997
1592
1360
1622
2209
2801
3392
4118
4789
4933
4390
3554
2787
2097
1437
1021
1112
1454
1515
1241
947
816
612
46
-609
-1048
-1284
-1383
-1318
-875
-273
-62
-308
-697
-906
-979
-1173
-1308
-1182
-958
-848
-855
-652
-202
42
-127
-468
-653
-716
-897
-1051
-920
-574
-427
-549
-520
-223
78
104
189
845
1606
1910
1698
1403
1376
938
1
-766
-1116
-1125
-1387
-1711
-1388
-975
-1018
-1611
-2360
-2603
-2859
-3297
-3409
-3229
-2902
-2901
-3159
-2929
-2452
-2127
-1939
-1685
-875
137
856
1508
2136
2679
2926
2758
2780
3182
3556
3718
3642
3730
4082
4173
4032
3790
3436
2883
1858
898
502
347
143
-268
-447
-148
34
-29
-171
-260
-330
-753
-1143
-971
-532
-201
-198
-184
203
461
361
100
-166
-320
-615
-891
-763
-483
-323
-397
-459
-323
-323
-632
-1094
-1323
-1421
-1535
-1460
-1289
-850
-523
-268
745
1688
2254
2170
1297
1109
715
-24
-317
-1016
-1152
-1418
-2112
-1441
-915
-724
-908
-2284
-2720
-2989
-3546
-3215
-3392
-3441
-3459
-4079
-3496
-2661
-2287
-1838
-1929
-1373
-191
584
1612
2375
2600
2795
2658
2923
3718
4012
4010
3876
3814
4243
4488
4353
4091
3405
2617
1935
1285
949
501
-220
-725
-973
-761
-321
-182
-150
-297
-511
-540
-569
-414
-275
-363
-427
-400
-4
501
703
674
441
278
94
-135
-224
-359
-506
-708
-717
-440
-227
-174
-372
-552
-849
-1192
-1249
-1313
-1017
-767
-143
1270
2032
2524
2334
1710
1639
559
-311
-801
-1930
-2356
-3180
-3217
-1959
-1905
-1824
-2192
-2854
-2510
-3130
-3391
-3183
-3992
-4339
-4895
-4793
-3424
-2894
-2279
-1573
-1081
124
970
1784
2721
2718
2566
2560
2782
3435
3782
3921
4168
4403
4639
4933
5018
4566
3743
2638
1796
1440
846
344
-141
-708
-633
-490
-128
384
136
-85
-333
-578
-322
-421
-476
-470
-761
-565
-185
325
820
698
530
381
139
-115
-573
-909
-1107
-1270
-1164
-773
-297
-114
-294
-467
-325
-177
-204
-201
76
942
1788
2462
3048
3063
2889
2209
1367
943
-64
-1211
-2445
-3534
-3467
-3507
-3509
-3359
-3801
-3737
-3822
-3921
-3476
-3926
-4511
-5130
-5784
-5309
-4854
-4268
-3333
-2847
-1747
-319
1160
2841
3509
3639
3672
3421
3500
3532
3415
3422
3251
3356
4044
4762
5192
5094
4400
3681
2888
1880
1089
162
-760
-1252
-1428
-782
126
637
1111
1200
1194
1210
824
516
-56
-877
-1275
-1289
-679
98
527
911
1120
1169
1027
525
-75
-722
-1484
-2074
-2414
-2510
-2228
-1969
-1509
-695
-115
594
944
1154
1882
2067
2323
2270
1677
1747
1281
1034
1106
400
179
-643
-1536
-1559
-2260
-2526
-3061
-4056
-3993
-4314
-4200
-3765
-4139
-3994
-4402
-4839
-4430
-4465
-3996
-3627
-3468
-2265
-1187
137
1519
2096
2864
3158
3194
3539
3312
3120
2822
2359
2530
2693
2934
3236
3084
3000
2836
2559
2370
1772
1007
358
-173
-273
-123
115
483
738
964
1347
1673
1824
1704
1284
940
705
479
408
298
209
242
263
476
670
597
370
-84
-539
-917
-1361
-1785
-2170
-2305
-2082
-1530
-761
83
1079
1868
2408
2692
2547
2376
1747
809
39
-936
-1558
-2066
-2507
-2263
-2225
-2190
-2150
-2528
-2514
-2760
-3137
-3226
-3837
-4220
-4563
-4861
-4422
-4220
-3811
-3182
-2728
-1586
-540
560
1801
2246
2738
2931
2890
3190
2798
2430
2100
1533
1712
1747
1933
2375
2171
2248
2134
1831
1838
1204
637
156
-445
-381
-308
11
602
849
1330
1744
2012
2232
1894
1484
1059
575
346
126
105
184
153
349
638
953
1044
661
242
-224
-699
-1110
-1556
-1626
-1564
-1453
-953
-150
1127
2274
2834
3187
3117
2900
2349
1326
452
-676
-1819
-2672
-3205
-2899
-2567
-2444
-2272
-2323
-2141
-2156
-2399
-2502
-3041
-3668
-4294
-4717
-4521
-4349
-4023
-3470
-2802
-1763
-736
436
1499
2027
2322
2368
2526
2536
2106
1695
1167
828
659
586
975
1157
1110
1132
1212
1641
1752
1435
1147
715
444
273
259
653
889
992
1214
1605
2162
2358
2190
1966
1709
1439
1087
844
758
571
296
83
192
395
263
-26
-319
-445
-538
-860
-923
-851
-864
-763
-556
317
1419
2005
2473
2675
2835
2767
1987
1298
393
-884
-2048
-3101
-3277
-3134
-3302
-3165
-2982
-2527
-2093
-2046
-1742
-1797
-2295
-2851
-3389
-3394
-3506
-3763
-3566
-3089
-2143
-1096
38
1453
2374
2939
3247
3320
3280
2425
1332
438
-440
-898
-1313
-1280
-808
-661
-212
390
1012
1548
1270
1010
832
403
186
-147
-168
2
-112
261
880
1542
2119
2245
2573
2859
2814
2740
2441
2137
1650
955
627
431
195
-115
-443
-435
-328
-296
-153
14
79
66
93
497
1137
1483
1703
1856
1958
2079
1798
1452
960
-78
-1131
-2134
-2713
-2917
-3444
-3723
-3718
-3546
-3034
-2706
-2224
-1829
-2047
-2293
-2549
-2607
-2617
-2969
-3008
-2646
-1972
-998
76
1382
2498
3234
3745
4082
4190
3565
2472
1273
118
-748
-1607
-2044
-2070
-2095
-1712
-1157
-358
447
583
619
518
255
94
-323
-568
-712
-944
-751
-316
318
943
1264
1640
2019
2282
2433
2391
2182
1783
1320
960
805
612
266
-4
-221
-193
-45
90
458
652
887
1310
1734
2439
2751
2807
2889
2616
2456
1975
1270
656
-472
-1409
-2114
-2692
-2819
-3221
-3393
-3219
-3188
-2832
-2642
-2517
-2397
-2873
-3208
-3380
-3527
-3422
-3483
-3182
-2460
-1723
-570
749
2090
3309
3939
4441
4787
4634
4135
3201
2176
1192
63
-781
-1259
-1531
-1628
-1659
-1403
-873
-486
-248
-81
-53
-144
-445
-806
-1039
-1351
-1634
-1684
-1488
-979
-385
232
990
1647
2157
2513
2593
2481
2077
1439
833
251
-280
-683
-1020
-1160
-1056
-857
-404
141
606
1206
1673
2190
2756
2933
3146
3089
2777
2596
2006
1560
1053
145
-387
-1098
-1628
-1867
-2481
-2553
-2606
-2756
-2449
-2509
-2280
-2123
-2540
-2568
-2869
-3135
-3181
-3541
-3221
-2725
-2189
-1050
21
1429
2751
3528
4415
4799
4767
4425
3510
2704
1701
596
-159
-817
-1066
-1148
-1108
-668
-250
204
525
605
629
305
-147
-713
-1455
-2064
-2639
-2871
-2710
-2360
-1609
-765
137
1072
1770
2395
2621
2369
1911
1205
538
-160
-881
-1317
-1660
-1778
-1645
-1277
-544
125
764
1451
2116
2845
3206
3336
3339
2995
2554
1856
1191
692
-71
-687
-1178
-1461
-1403
-1583
-1603
-1508
-1590
-1541
-1756
-1890
-1943
-2447
-2846
-3269
-3585
-3612
-3819
-3590
-3022
-2364
-1261
-134
1250
2611
3423
4166
4503
4482
4166
3319
2568
1708
824
321
-24
55
203
354
856
1251
1604
1749
1636
1530
990
323
-301
-999
-1534
-2170
-2521
-2450
-2307
-1863
-1337
-663
106
571
1022
1302
1287
1065
527
-4
-567
-1254
-1819
-2255
-2446
-2404
-2143
-1561
-801
26
874
1758
2580
3158
3476
3463
3231
2761
2042
1350
548
-241
-882
-1427
-1562
-1549
-1469
-1162
-976
-722
-532
-598
-630
-1022
-1636
-2225
-2966
-3418
-3781
-4056
-3863
-3539
-2807
-1731
-656
650
1699
2494
3203
3446
3530
3242
2534
1877
1074
495
191
-83
37
268
686
1377
1927
2510
2807
2689
2456
1909
1307
601
-295
-955
-1487
-1715
-1580
-1296
-698
-107
438
1052
1494
1811
1766
1367
861
169
-526
-1225
-1866
-2337
-2743
-2836
-2596
-2073
-1385
-779
-76
595
1210
1762
2014
2141
1919
1479
1103
624
258
-254
-837
-1153
-1455
-1456
-1342
-1231
-948
-904
-747
-543
-536
-535
-947
-1414
-1845
-2392
-2640
-2879
-2902
-2651
-2349
-1593
-746
145
1036
1597
2170
2468
2529
2501
2114
1720
1196
697
481
247
244
313
463
873
1181
1564
1829
1837
1779
1437
1079
674
130
-287
-696
-881
-828
-686
-302
110
559
1015
1315
1551
1571
1376
1037
528
-8
-557
-1086
-1506
-1764
-1821
-1668
-1349
-917
-363
173
670
1142
1436
1637
1609
1359
1082
611
147
-323
-848
-1144
-1445
-1571
-1440
-1308
-956
-680
-454
-165
-162
-201
-440
-918
-1353
-1968
-2450
-2753
-2989
-2883
-2668
-2228
-1547
-896
-124
536
1047
1462
1618
1694
1646
1480
1314
1078
906
801
763
846
961
1122
1260
1363
1447
1442
1378
1194
915
599
239
-54
-294
-453
-486
-461
-298
-46
238
565
797
958
1007
917
800
574
315
44
-277
-496
-675
-770
-746
-724
-602
-460
-296
-35
164
354
473
466
450
314
124
-101
-444
-731
-1005
-1203
-1229
-1218
-1069
-851
-598
-223
80
343
507
454
347
66
-302
-667
-1145
-1492
-1773
-1928
-1802
-1630
-1252
-798
-385
141
482
783
990
942
946
776
620
585
441
513
578
700
1016
1183
1462
1636
1641
1695
1492
1282
1002
563
254
-128
-395
-517
-650
-578
-491
-347
-110
28
183
241
194
136
-26
-176
-326
-487
-550
-570
-496
-336
-155
73
290
477
631
693
668
536
290
-23
-401
-805
-1201
-1574
-1864
-2037
-2066
-1936
-1680
-1317
-880
-416
40
436
718
859
853
724
507
250
-14
-240
-398
-452
-394
-249
-37
188
386
534
599
589
506
362
200
49
-57
-85
-39
91
292
535
806
1060
1271
1422
1495
1487
1408
1262
1072
857
633
425
245
101
0
-72
-114
-129
-136
-133
-141
-178
-237
-330
-454
-592
-742
-870
-961
-991
-933
-795
-582
-311
-19
268
509
662
710
631
425
114
-278
-705
-1130
-1520
-1820
-2017
-2096
-2049
-1905
-1676
-1394
-1087
-775
-497
-258
-74
51
132
175
193
209
226
264
324
408
516
636
763
882
971
1025
1034
999
924
813
691
570
477
429
432
495
612
766
937
1106
1253
1359
1411
1401
1333
1209
1043
852
646
444
257
95
-31
-120
-172
-199
-208
-211
-215
-231
-264
-319
-394
-482
-580
-675
-749
-801
-823
-808
-762
-687
-599
-518
-453
-426
-445
-519
-650
-818
-1025
-1243
-1445
-1614
-1723
-1768
-1734
-1621
-1440
-1201
-925
-640
-360
-118
77
221
304
338
330
297
259
220
205
210
237
292
356
432
511
581
644
688
715
735
752
771
802
851
926
1021
1137
1261
1385
1493
1575
1625
1628
1591
1518
1409
1276
1123
958
786
611
439
263
89
-78
-236
-373
-480
-551
-577
-561
-500
-403
-285
-159
-48
33
65
37
-49
-193
-382
-602
-836
-1063
-1274
-1462
-1621
-1747
-1842
-1905
-1944
-1957
-1951
-1920
-1868
-1794
-1693
-1566
-1416
-1241
-1038
-814
-570
-313
-51
199
433
637
801
924
996
1016
983
908
800
667
527
389
270
180
127
119
157
242
363
510
682
856
1022
1170
1294
1391
1460
1498
1517
1526
1529
1528
1528
1530
1525
1505
1467
1404
1299
1154
969
749
508
254
12
-205
-384
-512
-584
-593
-542
-450
-329
-198
-87
-18
-7
-72
-217
-446
-746
-1091
-1459
-1812
-2126
-2370
-2526
-2591
-2568
-2466
-2305
-2112
-1915
-1730
-1564
-1431
-1328
-1243
-1164
-1076
-964
-811
-612
-368
-89
213
516
804
1058
1259
1393
1453
1437
1354
1214
1047
865
690
538
422
357
334
355
415
498
595
697
789
868
929
973
1009
1037
1066
1096
1131
1175
1217
1255
1279
1281
1263
1215
1139
1041
918
778
627
471
321
184
65
-33
-112
-168
-208
-240
-269
-300
-345
-408
-493
-599
-720
-859
-1004
-1146
-1282
-1408
-1515
-1598
-1653
-1684
-1698
-1693
-1673
-1648
-1617
-1576
-1526
-1464
-1391
-1299
-1183
-1042
-879
-696
-488
-270
-42
182
391
586
750
877
967
1014
1019
982
918
833
734
630
535
458
402
369
360
375
409
453
504
561
617
671
724
774
822
866
910
952
991
1024
1048
1058
1053
1026
975
904
815
711
597
477
357
239
126
27
-60
-139
-208
-273
-335
-401
-469
-544
-615
-691
-766
-833
-891
-934
-963
-979
-983
-984
-982
-982
-991
-1004
-1030
-1066
-1106
-1143
-1164
-1164
-1126
-1047
-926
-762
-560
-327
-81
163
388
581
736
844
908
933
926
895
853
811
772
735
696
654
604
540
456
355
241
118
1
-102
-176
-216
-218
-186
-127
-45
49
143
227
289
327
341
337
321
302
286
278
281
297
323
354
379
398
400
381
338
272
189
89
-19
-123
-215
-285
-329
-343
-330
-296
-248
-200
-164
-151
-168
-215
-291
-394
-507
-620
-718
-791
-836
-843
-814
-760
-683
-595
-503
-416
-336
-267
-205
-145
-85
-16
68
167
279
399
525
645
743
813
849
843
801
719
614
501
387
291
215
165
142
138
147
160
165
160
140
104
60
2
-56
-109
-152
-179
-190
-181
-159
-129
-89
-46
-4
35
66
88
100
101
89
67
35
-4
-52
-108
-164
-221
-269
-306
-329
-340
-347
-342
-330
-311
-295
-291
-294
-307
-322
-334
-348
-358
-357
-347
-316
-276
-234
-186
-139
-90
-45
-4
37
74
104
129
154
181
207
236
268
305
356
408
465
511
541
569
579
572
546
492
442
392
342
301
257
229
213
199
183
155
119
73
17
-50
-119
-177
-230
-274
-299
-309
-296
-278
-262
-238
-217
-200
-187
-170
-151
-130
-112
-95
-79
-68
-62
-65
-79
-101
-126
-156
-186
-213
-238
-253
-263
-268
-271
-282
-282
-281
-283
-282
-286
-283
-271
-253
-219
-175
-125
-63
3
70
135
195
235
257
259
242
213
175
135
107
93
98
127
173
234
303
374
447
495
520
529
523
517
504
486
477
476
493
521
537
547
538
510
467
385
278
152
7
-142
-291
-423
-534
-612
-666
-687
-659
-602
-520
-422
-317
-217
-130
-64
-25
-12
-19
-43
-77
-112
-140
-159
-170
-172
-170
-168
-168
-185
-218
-268
-330
-403
-481
-552
-606
-637
-636
-600
-531
-430
-309
-177
-39
88
194
282
339
374
377
357
321
269
211
148
91
44
10
-12
-16
0
31
74
124
182
241
300
353
402
442
474
502
523
541
555
568
580
587
585
569
538
486
403
293
162
11
-147
-306
-454
-575
-664
-715
-718
-678
-602
-496
-369
-234
-108
-1
76
122
135
116
73
22
-26
-58
-78
-74
-53
-20
18
48
57
41
-4
-71
-154
-246
-330
-398
-433
-433
-403
-341
-257
-160
-59
36
111
169
205
218
213
189
153
105
48
-13
-73
-131
-183
-223
-249
-256
-243
-208
-155
-87
-12
67
146
212
266
305
333
352
361
368
372
376
383
388
387
375
349
307
247
170
77
-31
-147
-252
-348
-423
-467
-482
-462
-414
-341
-249
-152
-57
27
95
147
176
185
178
155
125
90
58
32
10
-1
-2
-2
-2
-3
-5
-13
-27
-51
-76
-100
-121
-130
-131
-108
-70
-18
48
122
192
251
289
301
288
248
185
100
5
-93
-192
-279
-349
-397
-421
-424
-404
-367
-321
-267
-211
-160
-114
-75
-37
4
47
94
144
197
252
306
355
394
422
427
412
372
311
237
145
45
-52
-141
-217
-274
-309
-322
-315
-287
-242
-188
-127
-69
-16
29
61
86
101
106
103
97
88
78
67
54
44
33
22
11
-2
-18
-39
-62
-84
-104
-120
-131
-131
-117
-92
-52
-2
56
114
170
221
263
293
303
298
281
249
207
152
92
32
-25
-79
-125
-162
-189
-210
-222
-230
-228
-224
-220
-214
-209
-199
-184
-171
-148
-122
-90
-48
-5
39
84
125
154
171
174
162
138
101
54
8
-38
-78
-106
-123
-129
-124
-107
-82
-54
-25
3
27
47
63
72
75
76
81
89
101
116
132
147
160
165
165
158
139
108
65
15
-36
-81
-115
-145
-156
-155
-140
-111
-76
-37
0
31
49
59
58
49
37
19
3
-12
-20
-23
-22
-16
-9
0
9
9
7
-4
-20
-37
-55
-75
-93
-107
-116
-114
-106
-90
-65
-37
-7
25
55
80
101
110
112
105
92
74
53
33
17
4
-6
-14
-15
-16
-17
-18
-23
-31
-40
-53
-66
-81
-89
-93
-90
-82
-65
-41
-16
13
44
75
100
117
130
135
131
118
98
77
52
27
6
-10
-20
-26
-25
-21
-14
-6
2
8
8
5
-5
-16
-26
-37
-47
-52
-56
-55
-48
-40
-27
-18
-12
-8
-7
-10
-18
-27
-38
-50
-55
-58
-56
-48
-38
-23
-7
9
24
38
50
57
60
58
57
51
45
38
33
28
26
27
27
27
28
28
24
19
15
7
-3
-15
-27
-37
-47
-55
-60
-62
-58
-49
-32
-11
12
36
57
75
88
96
95
90
84
71
56
39
22
6
-8
-19
-28
-36
-44
-51
-60
-72
-83
-96
-110
-121
-128
-131
-129
-120
-109
-89
-64
-36
-11
14
35
50
59
63
60
52
41
28
20
16
14
18
21
29
40
48
58
66
69
68
61
53
45
37
32
30
31
35
42
49
55
59
62
60
52
38
23
6
-14
-35
-53
-67
-80
-87
-85
-80
-70
-58
-47
-31
-15
-3
4
12
14
12
8
5
4
5
6
7
7
5
7
3
0
-7
-17
-27
-34
-39
-44
-50
-50
-55
-59
-60
-59
-55
-53
-51
-50
-48
-43
-40
-33
-28
-22
-17
-15
-12
-7
-2
5
11
17
27
34
45
54
60
63
66
71
74
76
80
80
82
81
79
82
83
84
84
82
77
71
62
55
44
33
21
9
-1
-10
-17
-19
-24
-25
-24
-21
-17
-13
-11
-8
-10
-16
-20
-28
-34
-38
-44
-46
-46
-45
-44
-43
-44
-46
-48
-50
-52
-55
-59
-62
-60
-59
-56
-52
-49
-44
-38
-33
-25
-18
-15
-13
-9
-9
-8
-5
-3
1
4
3
7
9
11
13
16
19
23
26
26
28
33
38
44
48
53
58
59
60
57
53
48
42
35
28
25
21
17
14
11
5
-1
-4
-8
-9
-10
-11
-12
-11
-12
-10
-8
-6
-2
2
7
10
12
11
10
8
6
3
1
0
3
3
0
-2
-4
-7
-8
-10
-14
-18
-24
-30
-29
-28
-29
-28
-27
-26
-24
-24
-20
-17
-17
-16
-17
-18
-20
-24
-25
-25
-23
-24
-19
-15
-13
-7
0
5
9
11
15
18
21
24
26
27
26
26
31
34
35
34
31
29
27
25
23
19
14
10
5
-1
-5
-10
-13
-13
-14
-13
-13
-11
-11
-11
-9
-8
-6
-7
-6
-5
-4
-1
3
6
7
8
9
10
12
11
7
5
2
-3
-8
-10
-11
-12
-13
-13
-12
-9
-6
-4
-2
1
2
0
-1
-1
0
1
1
-2
-5
-8
-13
-13
-13
-12
-11
-9
-5
-3
-1
0
0
2
7
8
9
10
10
12
11
13
14
14
15
14
9
7
6
2
1
-1
-3
-1
-2
-3
-5
-4
-8
-10
-13
-14
-13
-10
-7
-2
0
-1
-1
-3
-6
-6
-6
-5
-3
-2
-1
-3
-3
0
3
3
3
5
7
9
10
7
4
3
-1
1
2
2
4
6
6
5
5
2
1
0
-1
0
-3
-5
-3
-6
-6
-6
-8
-6
-5
-3
0
2
5
5
8
10
10
9
8
7
6
5
4
4
5
4
4
4
4
3
3
4
4
4
2
-2
-2
-5
-4
-3
-6
-5
-4
-4
-5
-5
-6
-5
-7
-8
-8
-13
-15
-17
-17
-17
-13
-11
-10
-9
-7
-6
-4
-2
0
2
2
2
2
3
