0
-10
-8
-9
-5
1
-4
2
2
-2
8
1
-2
-2
-11
-6
-2
4
-1
-1
2
-2
3
3
9
11
12
17
9
9
8
8
13
10
14
12
6
1
4
10
8
10
3
4
3
1
6
6
5
-1
-8
-3
1
1
-2
-4
-13
-15
-4
-2
3
-1
-6
-8
-16
-11
-9
-13
-16
-17
-15
-18
-21
-23
-19
-18
-16
-9
-9
-7
-5
-8
-5
-9
-13
-6
-4
3
11
11
10
11
15
17
18
17
12
13
17
14
10
7
-6
-10
-1
11
19
32
37
33
34
36
34
29
20
11
6
6
16
17
22
15
11
19
14
19
48
113
213
305
351
322
215
70
-64
-152
-203
-234
-259
-284
-293
-297
-298
-341
-443
-509
-489
-373
-219
-87
-17
-35
-112
-168
-185
-179
-151
-125
-57
52
172
246
234
138
23
-20
39
162
271
310
299
265
229
231
230
219
228
265
323
380
376
313
228
161
194
309
442
530
509
426
329
253
204
157
104
42
-11
-49
-97
-185
-323
-465
-568
-566
-442
-273
-172
-194
-324
-468
-511
-440
-267
-108
-63
-84
-136
-154
-143
-119
-96
5
308
840
1454
1724
1436
653
-282
-975
-1204
-1025
-812
-811
-1008
-1147
-1056
-877
-821
-997
-1264
-1281
-798
64
784
912
377
-410
-897
-848
-413
71
329
404
540
869
1204
1173
699
20
-407
-329
161
657
749
418
-34
-216
-2
417
762
900
914
938
1025
1065
913
596
301
262
538
904
1089
945
541
145
-26
38
201
298
269
178
82
-21
-197
-463
-764
-955
-955
-793
-575
-498
-603
-817
-1024
-1047
-876
-591
-291
-82
-17
-103
-280
-434
-468
-368
-202
-137
-235
-461
-698
-831
-854
-776
-559
2
1099
2488
3550
3573
2408
494
-1339
-2243
-2110
-1511
-1224
-1490
-1964
-2098
-1772
-1400
-1389
-1806
-2163
-1754
-328
1500
2558
2127
549
-1091
-1859
-1448
-417
441
784
901
1224
1771
2052
1570
403
-727
-1023
-269
980
1784
1636
676
-245
-411
196
1135
1838
2075
2041
1937
1833
1544
934
321
131
644
1690
2628
2894
2328
1294
356
-97
-28
262
446
361
30
-413
-876
-1303
-1679
-1971
-2028
-1852
-1504
-1128
-896
-873
-1004
-1139
-1101
-842
-445
-87
21
-142
-460
-780
-991
-1144
-1322
-1521
-1677
-1686
-1576
-1500
-1545
-1672
-1731
-1612
-1364
-1015
-407
855
2976
5440
7076
6743
4324
592
-2822
-4578
-4523
-3651
-3150
-3335
-3725
-3539
-2778
-2105
-2125
-2844
-3300
-2260
601
4110
6159
5431
2399
-1066
-3003
-2598
-510
1780
3094
3278
2910
2464
1865
832
-526
-1554
-1466
-7
2166
3800
3936
2594
778
-281
4
1357
2936
3886
3838
2936
1612
349
-479
-602
124
1518
3074
4129
4154
3103
1387
-286
-1325
-1569
-1258
-828
-652
-904
-1518
-2255
-2842
-3051
-2770
-2089
-1246
-580
-336
-493
-834
-1074
-1050
-810
-540
-414
-491
-719
-1076
-1556
-2101
-2598
-2862
-2821
-2568
-2263
-2042
-1873
-1586
-1107
-568
-202
-140
-226
-308
-333
-433
-652
-576
546
3223
6847
9718
9827
6487
983
-4080
-6595
-6164
-4120
-2616
-2687
-3702
-4235
-3464
-1943
-847
-791
-1221
-737
1574
5059
7531
7238
4131
-32
-2869
-3084
-1172
1118
2284
1936
866
44
-254
-508
-1131
-1906
-2072
-1089
898
2964
4014
3578
2150
838
424
1035
2143
2949
2981
2158
798
-558
-1405
-1496
-833
331
1579
2455
2667
2236
1352
388
-287
-488
-321
-73
-61
-455
-1146
-1821
-2143
-1963
-1447
-894
-563
-540
-679
-804
-804
-690
-591
-576
-656
-855
-1183
-1619
-2078
-2447
-2603
-2511
-2179
-1691
-1233
-917
-791
-822
-861
-755
-393
138
656
932
842
429
-205
-988
-1747
-2057
-1324
955
4565
8242
9885
8206
3659
-1642
-5352
-6105
-4346
-2058
-996
-1515
-2471
-2502
-1392
-105
319
-324
-1034
-351
2260
5574
7484
6287
2387
-2055
-4814
-4898
-2973
-602
768
917
465
47
-287
-840
-1661
-2175
-1651
244
2884
4976
5387
3974
1637
-241
-621
464
2169
3396
3344
2028
91
-1611
-2422
-2057
-610
1467
3537
4907
5104
4051
2152
130
-1309
-1818
-1601
-1188
-1083
-1490
-2232
-2918
-3218
-3035
-2433
-1576
-642
159
564
395
-320
-1277
-2002
-2144
-1726
-1135
-873
-1197
-2013
-2977
-3685
-3879
-3518
-2739
-1780
-926
-412
-288
-357
-294
141
819
1376
1499
1134
571
85
-283
-602
-740
-79
2102
5806
9692
11505
9615
4400
-1744
-5971
-6802
-4966
-2766
-2207
-3402
-4752
-4524
-2511
-164
888
219
-915
-561
2126
5945
8360
7481
3584
-1159
-4301
-4708
-3064
-1041
80
164
-96
-113
-8
-279
-1112
-2022
-2118
-839
1510
3865
5074
4633
2996
1238
277
484
1459
2350
2454
1455
-282
-1944
-2795
-2405
-896
1168
3102
4259
4354
3512
2072
491
-833
-1659
-1958
-1926
-1846
-1960
-2355
-2926
-3399
-3412
-2729
-1442
67
1253
1693
1279
263
-823
-1523
-1674
-1458
-1232
-1256
-1632
-2274
-2959
-3460
-3570
-3174
-2244
-899
482
1462
1732
1331
701
324
434
850
1042
697
14
-513
-460
-25
164
-240
-821
-389
2086
6215
9988
10949
7964
2305
-3258
-6349
-6351
-4639
-3265
-3181
-3669
-3287
-1476
676
1547
520
-1392
-2111
-215
3720
7311
8052
5222
379
-3912
-5826
-5213
-3290
-1452
-309
333
854
1162
780
-479
-2086
-2978
-2263
75
3021
5127
5365
3690
1102
-1048
-1802
-1008
641
2087
2472
1570
-84
-1567
-2055
-1200
703
2948
4691
5325
4712
3134
1131
-754
-2104
-2743
-2758
-2406
-2037
-1940
-2170
-2490
-2519
-1961
-855
423
1355
1557
1049
198
-547
-962
-1090
-1113
-1197
-1405
-1694
-1985
-2234
-2412
-2405
-2066
-1375
-486
269
605
476
104
-143
-19
370
663
517
-67
-642
-687
-131
514
541
-220
-957
-329
2557
7106
11032
11836
8580
2655
-3066
-6285
-6503
-5008
-3819
-3931
-4709
-4781
-3440
-1496
-370
-711
-1820
-2076
-293
3143
6360
7269
5165
1223
-2502
-4488
-4483
-3294
-1918
-825
43
788
1147
645
-803
-2547
-3490
-2803
-527
2327
4381
4703
3348
1240
-458
-967
-201
1326
2807
3522
3189
2050
726
-75
126
1376
3204
4802
5449
4832
3174
1069
-860
-2185
-2810
-2904
-2729
-2506
-2304
-2091
-1783
-1322
-711
-28
554
863
852
595
244
-89
-407
-737
-1111
-1515
-1893
-2222
-2497
-2723
-2832
-2654
-2053
-1130
-267
95
-217
-947
-1524
-1460
-712
240
722
427
-378
-1111
-1381
-1322
-1304
-1336
-777
1241
4971
9221
11755
10722
6013
-329
-5507
-7762
-7207
-5524
-4456
-4462
-4701
-4017
-2286
-647
-257
-1153
-2005
-1076
2173
6405
9139
8473
4578
-443
-4097
-5072
-3817
-1820
-363
218
345
441
423
-97
-1179
-2228
-2293
-814
1813
4408
5652
4973
2902
645
-574
-276
1139
2754
3614
3296
2046
544
-417
-354
748
2541
4377
5564
5606
4349
2109
-448
-2556
-3683
-3784
-3277
-2769
-2692
-3033
-3410
-3359
-2616
-1295
179
1275
1643
1266
402
-537
-1194
-1423
-1315
-1177
-1293
-1759
-2509
-3328
-3922
-4043
-3554
-2531
-1300
-294
113
-180
-798
-1172
-884
32
1003
1468
1195
389
-431
-974
-1183
-968
-21
2197
5832
9845
12188
10991
6016
-743
-6297
-8524
-7317
-4630
-2906
-3205
-4620
-5196
-3884
-1461
404
651
-204
-422
1407
4993
8241
8745
5733
773
-3426
-4937
-3761
-1495
57
125
-782
-1604
-1754
-1505
-1474
-1817
-1966
-1150
811
3207
4886
4998
3595
1612
199
46
972
2177
2852
2582
1540
278
-611
-703
102
1615
3418
4909
5530
4919
3130
701
-1586
-3037
-3403
-2953
-2269
-1923
-2147
-2735
-3232
-3201
-2436
-1057
540
1828
2367
2014
950
-388
-1488
-2007
-1934
-1594
-1387
-1548
-2098
-2858
-3539
-3838
-3547
-2664
-1400
-146
639
717
248
-259
-294
221
902
1192
799
-70
-941
-1431
-1469
-1122
-269
1501
4465
8058
10640
10403
6709
881
-4506
-7278
-6895
-4733
-3011
-3078
-4466
-5449
-4663
-2374
-26
1060
772
315
1152
3651
6521
7632
5760
1654
-2529
-4771
-4494
-2664
-893
-290
-811
-1577
-1784
-1392
-953
-898
-1044
-764
397
2284
4126
4980
4409
2829
1222
495
895
1943
2815
2817
1818
311
-935
-1299
-580
1001
2953
4653
5535
5267
3881
1780
-407
-2033
-2716
-2528
-1901
-1381
-1348
-1842
-2600
-3160
-3101
-2269
-885
537
1450
1529
810
-333
-1403
-2025
-2096
-1783
-1366
-1131
-1293
-1921
-2858
-3694
-3946
-3321
-1946
-375
725
944
385
-441
-963
-924
-450
132
481
417
-123
-966
-1584
-1217
849
4674
9045
11811
11087
6565
45
-5682
-8453
-7818
-5285
-3064
-2454
-3154
-3808
-3506
-2539
-1738
-1573
-1524
-418
2388
6125
8690
8095
4185
-1078
-4953
-5716
-3621
-479
1669
1820
444
-1200
-2196
-2464
-2360
-2010
-1171
425
2593
4599
5552
4955
3197
1355
471
889
2091
3126
3225
2198
510
-1007
-1657
-1209
96
1795
3452
4714
5319
5105
4062
2402
518
-1101
-2075
-2325
-2122
-1921
-2043
-2495
-3054
-3423
-3339
-2705
-1635
-413
632
1210
1140
391
-769
-1862
-2457
-2368
-1795
-1178
-988
-1505
-2598
-3779
-4470
-4280
-3210
-1617
-35
990
1142
439
-737
-1773
-2102
-1462
-125
1140
1503
703
-551
-874
890
4758
9142
11605
10427
5775
-250
-5061
-7099
-6498
-4821
-3698
-3667
-4055
-3807
-2701
-1506
-1071
-1497
-1837
-773
2199
6092
8771
8433
5022
309
-3294
-4272
-2743
-133
1845
2216
1168
-431
-1861
-2897
-3539
-3592
-2677
-635
2124
4624
5772
5047
2970
871
46
853
2560
3899
3867
2333
28
-1903
-2584
-1892
-309
1480
2964
3918
4275
4037
3263
2067
679
-557
-1354
-1642
-1665
-1795
-2251
-2953
-3592
-3856
-3579
-2801
-1729
-612
342
985
1182
798
-134
-1308
-2263
-2602
-2245
-1488
-863
-879
-1693
-2978
-4103
-4454
-3785
-2288
-491
960
1580
1240
249
-782
-1228
-802
252
1249
1494
842
-21
69
1974
5485
8999
10473
8710
4229
-963
-4806
-6255
-5653
-4357
-3546
-3462
-3493
-2968
-2051
-1467
-1642
-2242
-2191
-490
2865
6565
8579
7585
3993
-366
-3438
-4111
-2627
-191
1794
2474
1813
297
-1559
-3356
-4611
-4770
-3492
-1001
1892
4127
4863
3924
2034
399
-34
884
2470
3725
3877
2701
672
-1318
-2442
-2300
-1043
835
2697
3920
4177
3508
2277
1000
70
-358
-399
-385
-603
-1156
-1919
-2620
-3048
-3142
-2956
-2571
-2003
-1238
-343
492
976
850
123
-874
-1645
-1813
-1368
-647
-147
-239
-955
-1994
-2913
-3373
-3261
-2657
-1706
-608
388
993
1006
471
-267
-705
-524
174
947
1383
1540
1971
3295
5543
7721
8413
6729
3074
-1017
-3982
-5059
-4641
-3898
-3726
-4105
-4274
-3584
-2334
-1439
-1554
-2448
-2953
-1801
1326
5250
7869
7619
4587
403
-2854
-3888
-2731
-486
1487
2356
2052
925
-729
-2718
-4627
-5742
-5347
-3229
5
3135
4879
4624
2817
730
-345
139
1780
3587
4525
4042
2325
145
-1542
-2105
-1430
156
2038
3554
4215
3896
2850
1521
351
-361
-537
-348
-148
-255
-770
-1542
-2287
-2765
-2836
-2488
-1832
-1025
-227
419
758
653
106
-670
-1358
-1717
-1673
-1325
-900
-667
-805
-1296
-1942
-2467
-2618
-2265
-1498
-622
20
271
238
140
38
-175
-570
-904
-516
1242
4435
8064
10258
9481
5614
257
-4237
-6255
-5708
-3919
-2599
-2555
-3304
-3734
-3264
-2428
-2157
-2813
-3720
-3555
-1486
1997
5180
6243
4658
1545
-1189
-2194
-1429
137
1411
1965
2102
2245
2294
1591
-375
-3203
-5603
-6167
-4354
-969
2318
3964
3509
1799
268
-57
870
2271
3276
3484
3075
2516
2066
1625
986
214
-223
207
1563
3261
4313
3952
2168
-207
-1984
-2364
-1423
25
1007
975
28
-1289
-2391
-2990
-3101
-2833
-2181
-1124
152
1185
1480
860
-361
-1522
-2015
-1678
-928
-402
-497
-1105
-1788
-2206
-2268
-2114
-1904
-1641
-1218
-576
147
647
701
354
-149
-581
-828
-809
-277
1097
3439
6282
8476
8742
6502
2413
-1956
-5027
-6026
-5321
-3985
-2939
-2439
-2145
-1785
-1560
-1895
-2904
-4044
-4348
-3113
-493
2388
4118
4005
2442
547
-644
-811
-283
420
1054
1748
2663
3549
3680
2394
-260
-3331
-5436
-5580
-3770
-996
1393
2510
2383
1715
1242
1192
1312
1297
1141
1211
1895
3125
4289
4588
3647
1906
342
-189
488
1761
2683
2580
1469
-44
-1257
-1798
-1765
-1457
-1060
-619
-164
144
62
-572
-1587
-2476
-2664
-1941
-668
462
893
538
-258
-1006
-1374
-1369
-1254
-1258
-1374
-1435
-1326
-1104
-947
-978
-1195
-1457
-1544
-1318
-815
-291
-41
-178
-564
-798
-403
898
2960
5114
6470
6417
4926
2493
-195
-2552
-4232
-5130
-5233
-4535
-3122
-1373
-9
284
-696
-2469
-4095
-4685
-3899
-2116
-200
1088
1496
1279
864
525
312
212
322
848
1914
3349
4600
5000
4188
2346
135
-1653
-2523
-2443
-1777
-987
-333
181
662
1135
1451
1411
948
274
-167
30
981
2413
3792
4645
4774
4300
3531
2737
2033
1395
778
213
-225
-493
-654
-841
-1129
-1496
-1813
-1953
-1887
-1711
-1563
-1494
-1417
-1199
-797
-338
-61
-145
-570
-1132
-1521
-1518
-1137
-581
-121
42
-108
-472
-922
-1330
-1628
-1774
-1741
-1502
-1055
-518
-113
-76
-518
-1323
-2145
-2530
-2087
-728
1195
3072
4277
4426
3547
1990
248
-1212
-2125
-2431
-2172
-1456
-474
481
1039
950
222
-861
-1841
-2341
-2251
-1810
-1397
-1245
-1337
-1431
-1295
-872
-267
325
778
1122
1467
1864
2249
2491
2530
2439
2356
2330
2317
2112
1586
810
-34
-617
-745
-427
94
577
838
840
679
511
436
506
791
1304
1982
2711
3220
3305
2862
1977
997
131
-495
-899
-1142
-1310
-1400
-1328
-1091
-761
-503
-471
-677
-1034
-1368
-1495
-1440
-1240
-982
-772
-654
-676
-848
-1107
-1407
-1621
-1661
-1507
-1132
-670
-290
-137
-248
-538
-817
-891
-651
-195
281
557
481
50
-585
-1189
-1530
-1452
-961
-218
519
1071
1288
1158
792
445
327
478
866
1285
1541
1542
1238
764
301
17
-34
111
336
487
456
235
-129
-541
-918
-1160
-1211
-1087
-807
-440
-69
232
420
505
531
551
581
612
605
506
300
15
-288
-559
-755
-855
-835
-690
-453
-159
130
339
426
414
388
440
643
970
1337
1655
1824
1808
1627
1328
996
643
278
-77
-384
-622
-784
-849
-825
-721
-566
-408
-270
-195
-221
-342
-518
-685
-801
-842
-798
-727
-676
-656
-658
-637
-566
-458
-311
-167
-76
-61
-127
-226
-295
-290
-198
-65
33
38
-81
-290
-496
-603
-543
-318
-10
265
409
380
235
93
82
269
630
1063
1431
1595
1501
1198
756
300
-52
-226
-224
-106
31
89
22
-146
-348
-495
-534
-461
-327
-208
-143
-140
-161
-147
-67
77
242
369
402
312
108
-162
-440
-673
-818
-882
-878
-853
-833
-801
-747
-633
-425
-121
232
572
842
1010
1081
1061
992
930
888
863
830
757
634
453
224
-2
-180
-290
-321
-279
-187
-67
52
140
190
203
176
121
53
-29
-118
-223
-337
-444
-529
-570
-559
-493
-382
-262
-155
-72
-19
-5
-10
-28
-48
-72
-105
-149
-207
-274
-341
-377
-365
-313
-233
-154
-105
-104
-130
-153
-134
-44
109
294
469
600
673
678
624
541
427
301
171
48
-64
-158
-241
-310
-351
-366
-343
-284
-193
-92
-13
34
50
43
35
32
40
62
81
87
73
27
-50
-159
-290
-426
-555
-662
-737
-780
-775
-711
-594
-416
-195
50
285
495
666
793
881
919
908
865
789
697
595
491
397
304
214
141
94
83
100
140
188
232
253
252
234
199
145
76
1
-81
-159
-241
-308
-358
-390
-390
-360
-301
-230
-164
-116
-88
-82
-96
-120
-147
-171
-199
-230
-266
-305
-349
-394
-422
-428
-422
-402
-370
-327
-279
-226
-151
-53
56
164
258
329
379
416
442
456
441
395
328
248
166
86
0
-87
-169
-239
-278
-273
-220
-134
-38
49
121
165
192
205
211
197
160
98
23
-63
-160
-258
-358
-452
-528
-583
-613
-619
-607
-566
-492
-388
-253
-100
57
201
323
415
488
538
558
548
513
464
408
354
311
278
253
239
246
275
326
380
435
473
486
477
447
402
343
267
180
88
-8
-106
-191
-256
-301
-325
-328
-318
-294
-258
-222
-181
-149
-127
-115
-117
-125
-140
-164
-195
-236
-282
-323
-350
-366
-369
-356
-336
-304
-261
-204
-136
-71
-17
22
49
73
95
122
148
167
170
164
161
164
161
147
116
73
17
-44
-93
-130
-147
-148
-121
-63
7
73
124
150
147
116
68
16
-46
-122
-210
-306
-393
-471
-525
-546
-543
-518
-474
-407
-320
-221
-115
-11
88
177
255
327
393
440
456
447
423
393
370
361
357
348
328
310
317
355
419
498
573
630
660
670
669
641
582
488
371
242
115
-1
-105
-187
-254
-304
-325
-319
-294
-255
-224
-213
-217
-231
-242
-245
-241
-234
-233
-241
-250
-273
-304
-329
-346
-350
-346
-334
-312
-277
-232
-187
-147
-125
-114
-114
-122
-135
-152
-165
-166
-157
-129
-79
-14
59
129
179
197
180
143
87
19
-55
-124
-175
-200
-192
-140
-52
46
136
199
227
204
140
52
-54
-167
-272
-355
-401
-409
-388
-340
-269
-187
-102
-23
57
123
170
200
219
233
240
241
244
245
248
255
269
296
314
320
314
295
275
262
270
305
362
431
507
585
653
691
687
634
539
403
249
93
-47
-160
-247
-293
-293
-260
-210
-163
-129
-124
-160
-228
-301
-367
-415
-444
-442
-416
-384
-359
-344
-340
-346
-360
-374
-379
-372
-356
-332
-293
-244
-196
-153
-117
-85
-69
-80
-102
-124
-136
-134
-110
-43
60
196
341
458
525
519
449
325
164
-8
-164
-279
-336
-330
-250
-108
47
174
239
236
155
28
-117
-250
-367
-448
-480
-468
-421
-353
-271
-186
-110
-51
-3
46
102
167
234
291
341
372
381
379
373
369
368
366
377
404
438
467
470
446
403
354
325
330
375
450
530
611
670
674
625
521
383
227
62
-82
-191
-257
-284
-267
-217
-155
-102
-83
-107
-193
-325
-471
-609
-714
-766
-767
-733
-679
-625
-573
-529
-505
-502
-515
-527
-512
-474
-412
-332
-246
-156
-75
-19
5
-15
-64
-117
-151
-135
-48
125
381
670
926
1094
1135
1015
743
367
-43
-422
-705
-847
-823
-632
-349
-58
170
266
211
25
-233
-471
-653
-750
-747
-668
-522
-365
-235
-147
-115
-130
-157
-152
-89
33
201
386
553
677
737
744
703
623
535
467
443
477
545
621
677
680
625
518
397
308
272
318
440
601
770
893
950
904
743
511
254
29
-133
-215
-231
-205
-169
-147
-153
-186
-251
-347
-473
-617
-735
-821
-866
-864
-827
-757
-677
-610
-560
-549
-565
-595
-632
-637
-604
-525
-403
-278
-181
-146
-191
-299
-428
-528
-514
-336
60
659
1351
1965
2349
2380
1991
1256
317
-620
-1397
-1858
-1963
-1732
-1240
-677
-208
19
-66
-410
-909
-1366
-1584
-1511
-1164
-657
-116
335
570
570
383
102
-151
-250
-116
240
724
1188
1454
1434
1120
611
67
-343
-487
-329
91
660
1222
1600
1705
1477
1018
427
-145
-443
-383
37
701
1417
1956
2184
2056
1706
1156
550
70
-191
-194
18
367
682
826
709
343
-232
-834
-1345
-1669
-1848
-1827
-1629
-1366
-1060
-808
-648
-600
-688
-839
-959
-1001
-851
-584
-297
-91
-37
-162
-426
-795
-1190
-1559
-1748
-1539
-823
446
2065
3698
4682
4658
3641
1873
-190
-2091
-3429
-4094
-4083
-3604
-2731
-1621
-749
-461
-955
-2084
-3355
-4137
-3951
-2762
-1006
726
1820
2038
1503
558
-382
-967
-953
-237
1144
2942
4698
5792
5687
4228
1787
-861
-2827
-3496
-2807
-1149
789
2349
3174
3185
2529
1454
279
-672
-1063
-665
480
2043
3494
4293
4169
3219
1874
680
8
-57
309
818
1216
1355
1188
725
23
-787
-1513
-1945
-1949
-1612
-1190
-993
-1212
-1774
-2398
-2751
-2613
-2039
-1257
-518
34
405
652
775
712
390
-156
-726
-1077
-1141
-1069
-1118
-1412
-1711
-1488
-246
1931
4322
5799
5501
3509
590
-2146
-3816
-4291
-3979
-3435
-2942
-2360
-1580
-888
-833
-1814
-3543
-5109
-5459
-4006
-1220
1614
3157
2797
1015
-1079
-2444
-2597
-1687
-178
1526
3218
4763
5820
5858
4535
2046
-749
-2678
-2917
-1413
1030
3211
4201
3763
2355
752
-417
-915
-842
-388
323
1247
2239
2974
3107
2459
1231
-17
-653
-325
783
2036
2743
2532
1538
246
-832
-1416
-1561
-1484
-1380
-1326
-1306
-1354
-1570
-2004
-2551
-2923
-2791
-2059
-934
147
762
812
509
215
200
446
775
1004
1026
823
343
-458
-1477
-2328
-2374
-1027
1657
4758
6840
6748
4362
593
-3091
-5428
-5995
-5218
-3921
-2749
-1857
-1257
-1094
-1610
-2903
-4515
-5526
-5031
-2756
478
3159
3955
2476
-419
-3192
-4496
-3840
-1690
990
3327
4818
5321
4853
3495
1477
-703
-2290
-2575
-1332
935
3211
4456
4181
2671
786
-500
-623
333
1766
2947
3381
3006
2107
1110
385
121
296
765
1345
1858
2159
2121
1675
848
-155
-994
-1357
-1141
-559
-57
-79
-819
-2076
-3338
-4081
-4034
-3314
-2295
-1395
-867
-730
-825
-936
-874
-527
95
858
1519
1833
1673
1090
274
-574
-1321
-1867
-1994
-1411
130
2531
4997
6392
5827
3317
-73
-2901
-4108
-3599
-2273
-1266
-1212
-1880
-2569
-2890
-2944
-3135
-3662
-4101
-3669
-1887
793
2967
3283
1413
-1705
-4333
-5053
-3558
-719
2008
3584
3900
3427
2697
1907
966
-128
-1071
-1293
-420
1267
2876
3463
2679
1040
-423
-801
162
1878
3355
3851
3250
2047
920
313
315
724
1285
1863
2389
2745
2747
2242
1318
301
-405
-522
-119
405
580
169
-680
-1601
-2288
-2640
-2762
-2800
-2800
-2690
-2390
-1965
-1607
-1440
-1360
-1102
-464
451
1249
1481
980
9
-904
-1379
-1457
-1492
-1721
-1884
-1369
316
2862
5095
5685
4067
968
-2044
-3581
-3301
-2077
-1222
-1433
-2373
-3070
-2920
-2221
-1783
-2212
-3241
-3769
-2780
-295
2375
3508
2301
-548
-3342
-4477
-3491
-1199
1060
2373
2794
2932
3132
3211
2720
1494
17
-831
-409
1105
2736
3459
2926
1686
704
612
1339
2272
2730
2508
1912
1375
1080
891
638
366
358
864
1827
2828
3321
3049
2236
1400
932
809
707
290
-487
-1313
-1799
-1816
-1610
-1605
-2051
-2810
-3467
-3631
-3215
-2472
-1804
-1445
-1304
-1097
-598
142
820
1075
749
33
-675
-1057
-1104
-1147
-1572
-2399
-3103
-2885
-1212
1579
4240
5316
4107
1229
-1780
-3460
-3362
-2217
-1278
-1313
-2096
-2768
-2727
-2200
-1930
-2396
-3288
-3600
-2431
84
2622
3548
2125
-835
-3569
-4551
-3417
-1069
1147
2419
2867
3082
3357
3422
2858
1671
475
117
990
2627
3965
4108
3028
1531
620
782
1736
2744
3194
2992
2482
2013
1619
1100
378
-268
-382
269
1441
2504
2861
2400
1540
880
729
922
1027
747
134
-466
-752
-759
-821
-1279
-2151
-3103
-3672
-3604
-3040
-2372
-1965
-1891
-1919
-1749
-1258
-569
27
291
192
-83
-303
-382
-481
-910
-1821
-2914
-3464
-2737
-572
2226
4172
4064
1853
-1237
-3537
-4050
-3053
-1756
-1291
-1817
-2552
-2657
-2090
-1606
-1941
-3031
-3900
-3367
-1107
1819
3559
2888
156
-2940
-4613
-4126
-2132
-8
1246
1689
2022
2670
3283
3169
2151
814
222
1019
2821
4482
4906
3915
2351
1324
1365
2144
2873
3033
2716
2431
2523
2764
2611
1772
597
-121
206
1443
2789
3301
2704
1524
607
481
928
1302
1121
425
-301
-589
-442
-324
-717
-1666
-2716
-3245
-3060
-2445
-1908
-1861
-2205
-2536
-2487
-1976
-1296
-788
-578
-570
-560
-481
-451
-656
-1172
-1900
-2587
-2967
-2760
-1846
-377
1192
2132
1898
554
-1147
-2273
-2313
-1563
-838
-809
-1394
-1913
-1790
-1145
-691
-1024
-1971
-2684
-2275
-640
1236
2094
1330
-515
-2175
-2717
-2082
-950
-102
259
564
1276
2247
2791
2351
1121
-17
-187
848
2463
3578
3598
2760
1806
1381
1504
1771
1829
1654
1569
1828
2269
2472
2037
1057
127
-132
484
1589
2484
2680
2171
1403
884
749
844
895
794
645
595
654
626
262
-481
-1350
-1970
-2098
-1772
-1302
-1056
-1182
-1580
-1952
-2046
-1855
-1507
-1157
-906
-748
-673
-686
-806
-1085
-1446
-1756
-1904
-1805
-1513
-1173
-950
-879
-905
-942
-937
-909
-836
-716
-567
-392
-233
-144
-162
-235
-244
-104
126
336
453
479
487
541
617
589
312
-212
-790
-1162
-1170
-879
-481
-174
-52
-40
-36
14
102
168
230
351
558
812
1044
1155
1110
985
869
816
826
881
975
1097
1201
1237
1133
916
720
704
987
1501
2024
2348
2383
2205
1996
1846
1789
1767
1710
1646
1607
1610
1593
1423
1038
518
48
-187
-148
21
107
-37
-382
-765
-1023
-1103
-1049
-953
-884
-853
-890
-1028
-1302
-1725
-2191
-2570
-2760
-2710
-2520
-2325
-2205
-2187
-2213
-2248
-2289
-2262
-2136
-1893
-1575
-1294
-1118
-1070
-1074
-1015
-828
-566
-329
-200
-164
-170
-183
-176
-206
-318
-509
-734
-905
-985
-974
-904
-786
-611
-366
-74
193
363
433
461
547
756
1057
1396
1676
1856
1950
1980
1965
1921
1866
1862
1930
2044
2169
2217
2171
2050
1919
1903
2034
2274
2525
2680
2696
2593
2407
2205
1999
1824
1711
1656
1624
1561
1411
1135
753
354
40
-147
-216
-238
-287
-421
-648
-921
-1184
-1394
-1537
-1617
-1645
-1637
-1641
-1698
-1849
-2071
-2329
-2563
-2703
-2702
-2586
-2408
-2233
-2102
-2041
-2040
-2059
-2069
-2027
-1939
-1808
-1639
-1440
-1224
-1008
-829
-707
-657
-667
-687
-674
-611
-522
-451
-446
-532
-698
-886
-1053
-1164
-1191
-1120
-959
-726
-457
-202
-8
117
221
356
565
872
1237
1601
1912
2135
2272
2327
2333
2317
2320
2367
2461
2572
2654
2668
2594
2469
2358
2301
2329
2425
2541
2605
2584
2470
2279
2048
1815
1621
1484
1401
1338
1244
1061
787
435
59
-268
-503
-664
-787
-902
-1052
-1254
-1486
-1712
-1913
-2052
-2119
-2107
-2055
-2000
-1978
-2012
-2096
-2188
-2243
-2230
-2130
-1966
-1789
-1646
-1559
-1526
-1523
-1512
-1474
-1403
-1303
-1187
-1054
-912
-780
-671
-592
-555
-551
-566
-587
-604
-627
-666
-725
-797
-874
-947
-1012
-1063
-1106
-1119
-1082
-977
-815
-627
-429
-238
-46
161
399
664
941
1207
1458
1693
1911
2106
2273
2402
2502
2584
2656
2721
2777
2812
2815
2796
2763
2739
2728
2713
2682
2625
2535
2416
2278
2130
1966
1792
1617
1446
1279
1098
894
658
395
120
-145
-390
-616
-836
-1060
-1293
-1532
-1772
-1991
-2174
-2321
-2434
-2512
-2553
-2568
-2564
-2545
-2519
-2478
-2415
-2316
-2176
-2012
-1856
-1730
-1641
-1562
-1482
-1395
-1301
-1203
-1114
-1037
-960
-879
-799
-731
-684
-655
-633
-610
-578
-540
-509
-495
-492
-494
-484
-462
-432
-403
-371
-325
-259
-171
-66
44
151
275
417
578
754
927
1094
1255
1420
1591
1764
1932
2089
2224
2336
2430
2509
2575
2620
2644
2647
2636
2618
2597
2572
2529
2459
2361
2252
2134
1996
1839
1664
1474
1274
1069
866
652
418
167
-97
-361
-619
-860
-1086
-1307
-1526
-1731
-1913
-2074
-2215
-2334
-2422
-2482
-2517
-2522
-2492
-2446
-2386
-2316
-2226
-2104
-1960
-1810
-1666
-1539
-1423
-1315
-1211
-1114
-1032
-973
-925
-874
-815
-762
-721
-694
-680
-674
-665
-648
-627
-609
-599
-587
-567
-537
-494
-440
-385
-338
-286
-220
-129
-27
83
198
319
450
595
755
920
1078
1224
1367
1507
1644
1784
1924
2060
2180
2281
2373
2456
2520
2567
2589
2601
2604
2585
2558
2514
2448
2368
2264
2138
1990
1819
1636
1441
1229
1005
770
527
284
41
-205
-449
-694
-932
-1155
-1369
-1564
-1741
-1908
-2057
-2178
-2270
-2326
-2363
-2385
-2382
-2357
-2301
-2220
-2131
-2027
-1901
-1749
-1584
-1430
-1287
-1160
-1041
-929
-814
-709
-630
-579
-550
-526
-509
-506
-519
-552
-604
-656
-695
-717
-731
-756
-791
-820
-833
-818
-779
-721
-656
-590
-518
-427
-320
-201
-85
30
156
300
465
644
821
985
1151
1315
1473
1628
1781
1928
2075
2208
2332
2448
2545
2638
2712
2764
2808
2831
2851
2861
2834
2783
2707
2614
2513
2378
2214
2033
1829
1610
1371
1108
830
536
240
-55
-345
-637
-921
-1196
-1461
-1703
-1923
-2115
-2280
-2429
-2541
-2611
-2655
-2674
-2666
-2628
-2562
-2473
-2356
-2215
-2066
-1925
-1795
-1672
-1550
-1426
-1300
-1178
-1076
-1002
-950
-906
-866
-843
-840
-859
-896
-945
-986
-1016
-1040
-1065
-1097
-1121
-1128
-1111
-1076
-1024
-967
-905
-827
-721
-588
-445
-306
-169
-33
115
280
460
653
843
1028
1216
1409
1607
1803
1991
2172
2342
2500
2649
2790
2916
3023
3112
3189
3254
3303
3328
3322
3287
3223
3135
3023
2886
2720
2528
2317
2088
1834
1558
1258
943
619
295
-16
-322
-623
-920
-1201
-1463
-1708
-1925
-2111
-2266
-2390
-2485
-2550
-2595
-2620
-2623
-2598
-2548
-2472
-2370
-2253
-2132
-2019
-1915
-1818
-1721
-1620
-1524
-1434
-1356
-1293
-1238
-1185
-1142
-1117
-1110
-1117
-1134
-1154
-1169
-1185
-1199
-1218
-1241
-1248
-1234
-1204
-1152
-1089
-1016
-931
-831
-705
-564
-410
-248
-80
93
270
451
635
820
993
1159
1318
1469
1616
1761
1906
2049
2187
2321
2450
2571
2678
2768
2847
2919
2982
3039
3086
3113
3116
3087
3033
2958
2859
2735
2584
2411
2211
1986
1744
1484
1203
902
592
280
-21
-307
-579
-835
-1083
-1316
-1528
-1709
-1860
-1981
-2071
-2130
-2168
-2184
-2181
-2167
-2138
-2091
-2030
-1956
-1879
-1808
-1748
-1698
-1656
-1615
-1576
-1547
-1526
-1506
-1492
-1489
-1493
-1504
-1526
-1562
-1608
-1646
-1668
-1690
-1707
-1720
-1728
-1725
-1707
-1667
-1603
-1524
-1427
-1312
-1178
-1029
-869
-696
-512
-316
-111
105
329
557
781
999
1210
1412
1608
1796
1979
2154
2312
2460
2597
2727
2853
2969
3079
3173
3246
3295
3321
3332
3329
3311
3276
3215
3125
3005
2857
2686
2495
2283
2050
1796
1529
1247
958
660
357
53
-244
-523
-784
-1022
-1238
-1429
-1599
-1746
-1865
-1959
-2028
-2075
-2102
-2101
-2080
-2043
-2006
-1979
-1963
-1951
-1937
-1913
-1882
-1858
-1852
-1860
-1877
-1890
-1899
-1905
-1903
-1905
-1910
-1917
-1922
-1912
-1896
-1878
-1862
-1840
-1802
-1754
-1691
-1613
-1531
-1446
-1353
-1243
-1109
-958
-798
-631
-460
-276
-79
136
360
585
804
1024
1243
1462
1678
1882
2076
2254
2417
2572
2713
2838
2942
3025
3093
3151
3211
3260
3284
3280
3247
3186
3110
3029
2932
2818
2684
2526
2344
2142
1918
1677
1423
1162
893
621
350
71
-208
-487
-761
-1015
-1240
-1430
-1592
-1730
-1845
-1942
-2020
-2071
-2099
-2099
-2074
-2034
-1989
-1943
-1906
-1875
-1848
-1822
-1797
-1773
-1754
-1742
-1735
-1734
-1743
-1762
-1781
-1800
-1814
-1819
-1815
-1802
-1780
-1761
-1735
-1696
-1644
-1577
-1492
-1400
-1301
-1196
-1080
-951
-815
-676
-532
-381
-227
-65
102
275
446
620
801
986
1173
1355
1531
1700
1868
2036
2197
2353
2489
2609
2711
2800
2874
2930
2968
2982
2967
2934
2887
2822
2737
2627
2492
2336
2166
1987
1805
1616
1411
1198
974
746
526
312
106
-92
-285
-475
-657
-827
-982
-1120
-1242
-1348
-1435
-1509
-1568
-1611
-1633
-1638
-1636
-1633
-1627
-1616
-1598
-1569
-1537
-1509
-1498
-1503
-1510
-1511
-1506
-1508
-1522
-1552
-1592
-1639
-1681
-1713
-1738
-1760
-1777
-1779
-1760
-1729
-1684
-1628
-1562
-1483
-1387
-1267
-1127
-977
-829
-678
-519
-351
-178
0
174
348
515
679
842
1004
1158
1307
1454
1597
1738
1875
2005
2128
2243
2354
2455
2547
2622
2677
2714
2734
2738
2721
2680
2612
2524
2422
2310
2184
2041
1880
1700
1500
1291
1078
864
649
433
223
22
-175
-364
-536
-692
-830
-954
-1058
-1147
-1225
-1295
-1353
-1395
-1416
-1421
-1423
-1419
-1415
-1415
-1410
-1397
-1376
-1355
-1346
-1344
-1339
-1330
-1320
-1316
-1327
-1352
-1390
-1427
-1456
-1479
-1507
-1545
-1590
-1633
-1663
-1678
-1677
-1660
-1631
-1593
-1539
-1472
-1384
-1282
-1168
-1045
-907
-750
-577
-392
-202
-9
180
369
560
757
955
1149
1332
1503
1659
1804
1943
2074
2197
2306
2397
2472
2538
2592
2632
2660
2667
2648
2607
2549
2480
2401
2303
2181
2038
1881
1714
1540
1362
1176
976
770
564
364
172
-13
-190
-361
-516
-651
-765
-863
-950
-1021
-1085
-1132
-1156
-1168
-1180
-1198
-1222
-1245
-1263
-1275
-1282
-1290
-1309
-1340
-1368
-1390
-1404
-1419
-1442
-1465
-1493
-1524
-1547
-1563
-1573
-1582
-1596
-1601
-1593
-1569
-1534
-1498
-1461
-1421
-1373
-1310
-1227
-1135
-1042
-948
-849
-740
-627
-508
-383
-254
-121
14
157
306
461
610
754
897
1040
1186
1333
1477
1621
1753
1874
1986
2081
2171
2250
2310
2355
2378
2382
2378
2360
2324
2269
2184
2089
1986
1870
1746
1600
1441
1274
1097
925
758
595
435
272
111
-38
-172
-297
-413
-518
-612
-694
-761
-816
-860
-904
-944
-981
-1015
-1039
-1056
-1071
-1090
-1120
-1153
-1182
-1205
-1219
-1240
-1273
-1312
-1356
-1393
-1422
-1454
-1484
-1520
-1551
-1568
-1583
-1587
-1582
-1571
-1543
-1506
-1458
-1395
-1321
-1242
-1156
-1074
-978
-869
-750
-621
-489
-361
-234
-107
20
150
279
408
539
666
791
915
1033
1152
1262
1358
1459
1555
1646
1733
1798
1857
1906
1937
1959
1962
1949
1930
1898
1854
1797
1724
1647
1560
1463
1357
1237
1116
1000
883
765
644
519
396
280
172
70
-26
-118
-203
-283
-356
-419
-482
-548
-615
-681
-735
-782
-828
-869
-909
-945
-966
-986
-1002
-1018
-1036
-1048
-1065
-1088
-1104
-1122
-1132
-1143
-1168
-1188
-1199
-1205
-1196
-1194
-1193
-1187
-1177
-1140
-1099
-1064
-1021
-974
-908
-830
-758
-676
-596
-512
-419
-325
-226
-123
-18
83
181
278
370
461
541
618
700
781
861
935
993
1049
1098
1139
1176
1195
1210
1226
1229
1228
1214
1191
1174
1148
1115
1071
1011
958
909
853
796
728
660
601
540
484
428
370
319
268
220
173
126
87
48
3
-45
-93
-140
-185
-234
-284
-329
-373
-417
-451
-485
-521
-554
-592
-630
-661
-691
-706
-720
-748
-771
-796
-803
-799
-808
-814
-816
-812
-798
-788
-774
-753
-737
-706
-672
-640
-603
-568
-522
-468
-422
-373
-318
-257
-193
-138
-84
-30
25
77
129
184
234
286
331
369
409
443
472
498
515
539
559
576
590
591
591
596
595
597
590
576
568
555
539
518
490
471
455
434
414
385
359
339
316
296
271
246
223
200
184
168
142
116
84
50
19
-9
-33
-57
-82
-111
-136
-156
-177
-203
-230
-256
-273
-291
-308
-322
-343
-363
-385
-407
-418
-426
-428
-426
-432
-437
-437
-432
-415
-410
-407
-400
-389
-363
-335
-311
-287
-264
-237
-207
-181
-153
-124
-94
-60
-25
12
46
73
96
116
140
161
187
207
218
229
239
247
253
251
247
245
244
243
240
238
239
234
224
210
197
192
186
179
171
156
144
139
134
129
120
110
102
93
90
88
85
80
67
53
43
30
21
14
7
0
-8
-16
-22
-28
-37
-44
-50
-58
-64
-71
-78
-87
-98
-114
-129
-139
-140
-145
-149
-152
-157
-159
-159
-160
-156
-154
-150
-138
-129
-120
-113
-106
-95
-83
-75
-63
-50
-38
-25
-14
-2
8
15
21
26
32
40
51
63
71
79
80
79
80
77
77
74
73
71
68
66
64
59
51
43
36
29
23
21
19
17
13
11
11
10
8
6
5
5
7
9
12
19
21
24
23
19
14
7
2
1
-3
-5
-7
-11
-10
-11
-11
-11
-10
-10
-12
-12
-13
-12
-12
-15
-20
-22
-21
-18
-15
-14
-12
-17
-20
-18
-13
-10
-11
-12
-15
-17
-14
-13
-10
-9
-10
-7
-2
1
2
0
-1
-1
1
7
11
13
13
13
15
18
21
20
15
11
8
10
10
14
15
14
14
15
16
15
13
7
3
-1
-3
-3
-5
-7
-11
-16
-17
-19
-17
-15
-14
-15
-14
-16
-15
-14
-16
-14
-13
-13
-13
-10
-11
-11
-10
-14
-14
-13
-9
-5
-5
-7
-8
-9
-6
0
4
3
-3
-8
-7
-7
-6
-1
2
6
8
10
15
19
18
17
13
15
14
14
18
22
22
17
16
16
17
18
19
21
22
21
21
21
21
22
20
22
21
22
23
20
18
15
9
4
-1
-6
-8
-12
-12
-15
-16
-17
-21
-21
-22
-22
-23
-26
-28
-31
-33
-33
-34
-35
-37
-38
-37
-37
-37
-35
-30
-29
-30
-31
-31
-33
-33
-32
-30
-28
-24
-21
-14
-10
-9
-6
-4
0
3
5
9
14
15
14
15
18
19
23
27
29
31
31
32
32
32
34
39
42
45
49
52
54
54
54
53
51
50
50
46
45
45
45
40
35
30
28
25
22
19
12
9
5
1
-2
-4
-7
-10
-12
-16
-19
-20
-23
-26
-28
-32
-35
-42
-49
-54
-57
-56
-54
-53
-55
-57
-58
-61
-62
-64
-67
-65
-65
-63
-64
-65
-65
-68
-67
-64
-59
-54
-51
-49
-51
-52
-51
-46
-38
-30
-23
-16
-11
-6
0
4
13
18
22
30
37
46
55
58
61
65
71
81
90
98
98
100
103
105
105
105
106
111
113
111
110
109
105
107
106
103
99
93
91
86
80
75
70
62
55
47
40
31
20
12
3
-3
-12
-22
-31
-41
-50
-61
-70
-81
-93
-100
-107
-111
-117
-125
-133
-140
-147
-149
-156
-160
-159
-161
-159
-160
-165
-162
-163
-161
-160
-157
-153
-148
-143
-139
-133
-127
-118
-106
-94
-81
-67
-52
-39
-29
-18
-5
8
22
36
50
62
75
85
95
105
117
130
140
150
159
168
181
189
197
204
210
223
232
234
236
234
236
240
238
237
234
232
232
226
218
212
203
197
188
173
158
145
132
120
101
79
58
38
20
2
-16
-36
-59
-85
-109
-130
-152
-171
-193
-214
-229
-246
-261
-277
-298
-310
-318
-329
-336
-350
-362
-363
-367
-363
-363
-362
-355
-348
-341
-335
-333
-322
-306
-288
-268
-252
-232
-211
-189
-165
-140
-113
-84
-54
-25
4
31
58
81
105
133
161
188
212
234
254
275
294
313
332
347
358
369
377
381
385
386
389
391
394
395
392
388
379
366
354
341
331
320
307
291
272
251
236
218
197
178
156
134
112
87
63
36
8
-19
-46
-71
-97
-122
-148
-173
-195
-219
-241
-262
-284
-305
-324
-344
-360
-378
-392
-404
-416
-422
-433
-441
-447
-452
-451
-450
-444
-435
-425
-412
-398
-383
-363
-346
-327
-305
-282
-258
-230
-202
-172
-141
-111
-79
-48
-18
16
47
80
110
139
166
192
217
240
264
284
304
323
338
351
363
376
388
397
406
412
417
420
421
421
422
422
418
413
407
397
385
372
357
342
326
307
288
267
248
227
203
181
158
135
111
87
60
35
8
-18
-45
-74
-100
-124
-150
-177
-206
-231
-258
-284
-307
-330
-352
-374
-391
-409
-426
-440
-452
-464
-472
-477
-478
-478
-476
-472
-468
-462
-453
-441
-423
-405
-381
-357
-332
-305
-278
-249
-215
-186
-153
-119
-86
-51
-19
11
41
72
103
135
164
192
217
239
261
282
303
319
334
349
363
374
385
394
401
409
413
417
417
417
416
414
409
402
394
383
374
369
359
345
333
315
293
272
252
231
208
187
164
141
116
91
67
41
16
-9
-37
-64
-91
-120
-147
-170
-195
-221
-245
-270
-292
-315
-335
-351
-365
-382
-393
-406
-418
-426
-433
-437
-439
-440
-437
-433
-430
-423
-417
-407
-392
-377
-358
-339
-317
-294
-269
-245
-215
-186
-155
-124
-98
-68
-39
-8
25
56
83
109
135
158
185
210
234
256
276
293
309
323
335
348
356
367
375
382
387
388
388
389
389
385
380
374
367
357
347
336
323
311
297
284
269
250
228
206
183
161
139
118
97
75
50
24
-2
-26
-50
-73
-96
-119
-140
-161
-181
-204
-225
-245
-263
-279
-293
-305
-318
-332
-343
-353
-362
-364
-369
-371
-370
-369
-364
-359
-355
-348
-341
-330
-315
-301
-286
-271
-257
-239
-221
-200
-179
-157
-136
-113
-92
-70
-47
-24
0
22
44
65
87
112
133
154
174
191
207
224
243
257
272
284
294
304
314
323
330
333
334
336
337
338
334
331
325
320
313
305
295
284
271
256
241
224
209
195
179
161
140
121
99
79
60
39
18
-4
-25
-47
-71
-92
-111
-131
-150
-167
-183
-199
-216
-234
-250
-264
-277
-289
-299
-309
-319
-328
-334
-337
-341
-344
-344
-341
-339
-331
-325
-316
-307
-297
-283
-270
-254
-237
-221
-202
-185
-163
-144
-123
-102
-76
-51
-29
-5
16
39
61
82
107
129
150
168
185
203
217
234
247
260
273
284
294
302
308
315
318
320
324
325
324
322
315
310
306
300
290
277
267
254
241
226
209
192
173
156
139
120
102
81
61
41
17
-3
-22
-42
-60
-79
-95
-111
-130
-148
-164
-177
-190
-201
-214
-226
-237
-246
-255
-263
-268
-271
-275
-276
-281
-283
-282
-282
-277
-273
-270
-263
-257
-248
-237
-227
-217
-207
-195
-181
-166
-151
-136
-121
-106
-88
-69
-50
-33
-15
5
25
42
59
75
94
111
126
141
156
169
184
194
205
214
224
234
241
247
253
256
259
262
261
262
263
262
260
256
254
247
238
228
218
209
198
184
172
161
147
131
112
93
77
60
42
24
5
-11
-27
-48
-65
-80
-96
-111
-125
-141
-152
-162
-176
-187
-197
-206
-214
-221
-227
-232
-235
-236
-236
-235
-236
-235
-232
-228
-227
-223
-215
-207
-196
-188
-178
-171
-162
-150
-139
-129
-116
-103
-90
-78
-65
-49
-35
-21
-5
8
24
39
51
64
74
86
99
110
122
136
148
159
168
176
182
188
192
198
203
207
211
213
213
214
213
210
208
205
203
199
192
187
178
167
158
144
135
126
114
103
90
78
64
48
32
18
5
-6
-20
-32
-45
-58
-72
-84
-96
-106
-117
-126
-133
-141
-148
-156
-162
-170
-176
-180
-184
-186
-190
-193
-194
-195
-194
-193
-193
-192
-191
-188
-181
-174
-166
-158
-151
-137
-127
-117
-106
-94
-80
-66
-55
-43
-32
-21
-8
3
15
27
38
48
58
70
80
89
95
98
105
111
118
124
122
124
129
129
135
130
128
131
130
133
129
121
119
113
110
105
96
90
87
83
78
67
58
54
47
42
36
28
23
17
9
3
-3
-8
-14
-20
-26
-29
-31
-37
-40
-43
-44
-46
-50
-51
-53
-52
-46
-45
-47
-47
-48
-44
-40
-40
-38
-38
-39
-37
-38
-37
-34
-32
-32
-31
-28
-27
-25
-21
-18
-18
-17
-16
-13
-10
-8
-5
-2
0
3
3
6
7
10
13
17
19
20
24
27
31
31
30
29
30
30
31
35
37
39
39
37
37
36
36
36
36
35
36
34
31
29
28
24
22
22
20
19
17
16
15
11
8
4
5
2
-2
-5
-6
-7
-9
-11
-14
-15
-18
-19
-21
-22
-21
-23
-26
-27
-30
-30
-31
-31
-32
-35
-34
-34
-35
-33
-35
-34
-34
-33
-31
-31
-29
-28
-28
-26
-22
-21
-19
-17
-16
-16
-13
-10
-5
-4
-5
-1
1
7
10
14
16
17
19
19
19
20
21
23
24
26
29
30
31
32
31
29
30
29
29
29
30
28
27
26
25
