-4
-5
-6
-5
-6
-5
-2
0
1
1
0
0
1
4
3
1
0
-1
-1
1
1
3
4
5
4
1
0
1
6
10
11
9
8
6
5
5
7
9
12
9
4
3
1
4
3
2
-1
-3
-3
-2
0
-2
3
3
12
12
11
9
-4
-13
-24
-23
-13
4
10
0
-14
-28
-36
-30
-21
-13
-8
-3
5
7
-3
-18
-33
-37
-29
-7
25
46
50
36
12
-10
-21
-5
17
33
40
37
30
22
12
-2
-7
-2
12
14
11
12
7
-12
-32
-40
-50
-64
-53
-35
1
9
31
42
-10
-52
-88
-126
-136
-52
32
70
71
32
-15
-43
-33
4
36
32
34
69
108
126
128
66
-5
-29
-51
-58
-54
-21
37
71
96
36
-76
-187
-268
-289
-257
-157
-107
-63
-66
-73
-89
-141
-155
-191
-198
-201
-149
-7
134
253
326
271
147
60
24
25
89
190
211
207
227
168
129
113
36
25
39
43
213
336
303
365
239
33
-11
-42
2
147
304
422
517
549
544
578
540
482
513
482
431
432
342
202
89
-51
-180
-297
-379
-419
-454
-533
-674
-864
-1096
-1301
-1423
-1424
-1378
-1327
-1293
-1312
-1312
-1265
-1204
-1113
-980
-860
-680
-487
-299
-41
213
512
743
905
1023
1000
1009
1039
1097
1245
1365
1426
1410
1319
1215
1127
1017
876
710
559
445
358
301
211
46
-121
-303
-441
-453
-413
-329
-199
-107
8
73
54
26
-102
-157
-153
-107
128
338
593
813
932
1145
1341
1544
1616
1435
1141
733
369
149
-116
-235
-358
-559
-641
-794
-882
-1024
-1353
-1780
-2327
-2690
-2904
-2959
-2936
-3096
-3304
-3557
-3735
-3576
-3205
-2687
-2112
-1720
-1400
-1087
-707
-165
384
963
1442
1832
2251
2647
3164
3752
4228
4500
4498
4271
3963
3715
3527
3378
3242
2975
2578
2130
1654
1250
833
280
-317
-955
-1525
-1949
-2217
-2261
-2163
-1979
-1847
-1827
-1818
-1824
-1803
-1730
-1678
-1626
-1586
-1506
-1319
-995
-613
-237
127
373
503
635
711
778
789
622
442
292
202
128
115
213
259
298
364
519
1053
1449
1624
1716
1424
1086
734
214
14
-188
-419
-454
-480
-285
-73
-14
-48
-369
-839
-1419
-1921
-2201
-2623
-3079
-3573
-3954
-3977
-3871
-3433
-2742
-2083
-1508
-1296
-1118
-838
-572
-173
151
570
1124
1567
2206
2970
3756
4521
4849
4849
4650
4208
3744
3308
2916
2600
2272
1905
1618
1453
1326
1194
945
462
-197
-1025
-1808
-2342
-2606
-2562
-2350
-2082
-1761
-1535
-1305
-1041
-888
-853
-1016
-1305
-1437
-1449
-1256
-840
-352
179
626
952
1279
1494
1514
1278
823
358
-113
-421
-505
-421
-126
235
631
1190
1590
1794
1757
1392
894
306
-327
-779
-1088
-1253
-1243
-1064
-777
-451
-189
-159
-364
-842
-1533
-2191
-2831
-3472
-3993
-4419
-4587
-4503
-4215
-3631
-2898
-2179
-1583
-1190
-783
-410
-87
312
649
1033
1489
1918
2584
3386
4151
4930
5475
5790
5897
5662
5266
4752
4121
3474
2818
2239
1791
1452
1217
1043
892
646
248
-322
-982
-1611
-2197
-2632
-2889
-2991
-2922
-2796
-2555
-2216
-1917
-1652
-1533
-1477
-1431
-1451
-1359
-1156
-884
-520
-185
155
524
783
953
1039
1056
964
781
564
318
126
37
28
309
710
1027
1368
1519
1507
1397
1056
661
197
-405
-962
-1406
-1606
-1620
-1544
-1346
-1229
-1171
-1204
-1371
-1450
-1757
-2323
-3031
-3880
-4536
-4955
-5044
-4625
-3959
-3137
-2269
-1398
-397
508
1268
1816
2079
2204
2171
2200
2447
2833
3383
3907
4408
4959
5413
5780
5964
5845
5444
4714
3749
2785
1950
1255
683
212
-191
-477
-713
-879
-907
-933
-1048
-1295
-1662
-1998
-2343
-2648
-2811
-2878
-2796
-2671
-2491
-2142
-1773
-1424
-1111
-872
-614
-419
-267
-81
128
292
332
270
214
158
117
128
177
255
294
298
416
732
1043
1347
1545
1578
1505
1272
970
745
401
8
-388
-716
-899
-1029
-1040
-991
-1020
-1165
-1405
-1571
-1752
-2149
-2681
-3350
-3976
-4526
-4932
-4941
-4619
-4157
-3584
-2927
-2067
-1073
-110
820
1585
2116
2444
2658
2917
3235
3568
3924
4251
4565
4898
5235
5596
5855
5863
5644
5175
4531
3807
3017
2267
1550
826
151
-459
-962
-1322
-1637
-1880
-2058
-2175
-2263
-2386
-2513
-2611
-2712
-2819
-2952
-3046
-3055
-3044
-2999
-2813
-2467
-1998
-1442
-851
-255
253
623
853
1017
1086
1050
935
807
671
554
469
470
614
874
1192
1534
1850
2043
2118
2084
1916
1609
1168
582
-18
-583
-1101
-1479
-1696
-1819
-1900
-2017
-2092
-2092
-2108
-2247
-2546
-2969
-3466
-3969
-4376
-4617
-4662
-4581
-4403
-4024
-3399
-2515
-1433
-254
882
1850
2667
3344
3913
4394
4715
4933
5003
4940
4906
4897
4957
5059
5021
4911
4708
4411
4091
3666
3182
2628
1940
1226
457
-307
-995
-1698
-2323
-2810
-3170
-3337
-3404
-3377
-3226
-3057
-2872
-2662
-2456
-2248
-2114
-2068
-1986
-1854
-1700
-1493
-1235
-908
-503
-114
272
730
1161
1533
1806
1931
1995
1941
1741
1536
1292
1102
972
799
737
701
658
708
684
620
495
213
-39
-360
-750
-1083
-1454
-1777
-2119
-2528
-2771
-2930
-3035
-3103
-3268
-3407
-3557
-3750
-3832
-3812
-3657
-3432
-3225
-2919
-2494
-1927
-1217
-442
377
1154
1854
2532
3202
3860
4450
4949
5316
5529
5635
5640
5596
5486
5222
4884
4472
4001
3540
3048
2578
2142
1664
1200
722
255
-191
-688
-1168
-1632
-2071
-2427
-2758
-3033
-3234
-3384
-3432
-3375
-3225
-2985
-2692
-2375
-2063
-1743
-1392
-1043
-725
-459
-257
-94
58
186
343
527
678
800
905
1020
1186
1347
1507
1628
1663
1632
1502
1366
1239
1035
782
434
32
-330
-690
-957
-1161
-1372
-1579
-1845
-2067
-2211
-2355
-2437
-2598
-2859
-3157
-3535
-3817
-3990
-4103
-4069
-4002
-3834
-3494
-3023
-2300
-1466
-605
262
1000
1723
2419
3055
3716
4217
4607
4898
5033
5208
5336
5417
5472
5306
5055
4714
4298
3962
3536
3082
2609
2013
1476
936
431
36
-444
-933
-1421
-1905
-2246
-2543
-2767
-2911
-3063
-3141
-3156
-3061
-2831
-2572
-2316
-2060
-1798
-1493
-1152
-801
-477
-227
-57
95
263
485
730
920
1062
1141
1205
1329
1475
1621
1689
1636
1505
1307
1138
1003
827
577
181
-301
-774
-1233
-1577
-1856
-2121
-2392
-2736
-2990
-3100
-3131
-3087
-3145
-3298
-3511
-3815
-3985
-4033
-3998
-3884
-3839
-3685
-3366
-2886
-2127
-1268
-364
504
1240
2046
2873
3689
4470
5037
5446
5671
5758
5868
5930
5935
5807
5497
5136
4727
4354
4035
3695
3338
2866
2335
1831
1338
903
434
-85
-610
-1177
-1681
-2103
-2447
-2693
-2935
-3124
-3235
-3266
-3174
-3006
-2788
-2539
-2324
-2094
-1845
-1593
-1354
-1182
-1058
-963
-872
-735
-562
-353
-141
65
318
598
934
1276
1527
1712
1764
1713
1642
1477
1287
1002
605
223
-174
-504
-732
-980
-1190
-1461
-1779
-2017
-2250
-2428
-2615
-2928
-3244
-3598
-3906
-4059
-4155
-4135
-4082
-4020
-3799
-3465
-2958
-2316
-1665
-946
-250
456
1252
2043
2859
3604
4227
4818
5305
5742
6116
6346
6470
6413
6226
6007
5701
5367
4944
4423
3890
3308
2755
2240
1705
1175
579
-24
-565
-1078
-1513
-1934
-2349
-2719
-3081
-3354
-3533
-3648
-3688
-3734
-3725
-3633
-3475
-3202
-2892
-2559
-2229
-1939
-1608
-1250
-882
-527
-254
-32
159
369
658
976
1278
1512
1667
1791
1896
1990
2040
1976
1770
1439
1068
722
394
59
-306
-719
-1154
-1555
-1862
-2070
-2270
-2530
-2858
-3211
-3536
-3808
-3996
-4110
-4201
-4269
-4246
-4046
-3641
-3100
-2483
-1848
-1227
-603
56
783
1537
2231
2831
3366
3884
4417
4939
5411
5771
5965
6017
5980
5900
5776
5551
5210
4758
4238
3710
3188
2676
2139
1535
899
294
-224
-662
-1073
-1463
-1848
-2229
-2538
-2756
-2905
-3038
-3193
-3361
-3494
-3541
-3476
-3331
-3146
-2942
-2755
-2530
-2194
-1784
-1347
-939
-604
-321
-45
305
718
1115
1474
1724
1871
1996
2097
2169
2150
1997
1721
1340
971
649
332
29
-307
-697
-1088
-1434
-1701
-1955
-2234
-2552
-2944
-3316
-3613
-3860
-4034
-4165
-4268
-4325
-4268
-4009
-3621
-3143
-2592
-2026
-1406
-709
51
857
1630
2329
2935
3474
4017
4520
4936
5246
5409
5477
5485
5466
5439
5339
5144
4860
4506
4161
3800
3415
2989
2461
1881
1279
707
208
-280
-740
-1198
-1647
-2006
-2310
-2529
-2691
-2861
-3003
-3143
-3215
-3196
-3172
-3088
-2999
-2916
-2757
-2572
-2301
-1975
-1669
-1320
-990
-607
-133
293
738
1104
1356
1593
1731
1864
1930
1834
1679
1394
1113
884
613
395
113
-221
-521
-840
-1055
-1249
-1507
-1794
-2179
-2547
-2867
-3163
-3378
-3594
-3808
-3975
-4066
-3980
-3750
-3433
-3044
-2622
-2136
-1564
-914
-185
561
1260
1898
2488
3058
3618
4125
4552
4868
5049
5139
5177
5170
5133
5025
4830
4589
4315
4057
3802
3509
3162
2718
2220
1723
1205
686
163
-391
-933
-1434
-1857
-2188
-2466
-2695
-2899
-3079
-3173
-3206
-3221
-3193
-3161
-3127
-3038
-2885
-2659
-2396
-2111
-1787
-1455
-1045
-553
-93
355
743
1069
1375
1656
1900
2021
1997
1878
1649
1409
1194
953
686
356
-5
-344
-628
-819
-1009
-1263
-1574
-1969
-2352
-2673
-2947
-3175
-3419
-3673
-3870
-3953
-3847
-3580
-3224
-2808
-2389
-1937
-1402
-802
-133
525
1112
1629
2088
2553
3041
3515
3936
4247
4440
4559
4638
4694
4700
4611
4420
4146
3837
3545
3252
2932
2565
2147
1713
1314
951
618
274
-99
-467
-822
-1113
-1373
-1634
-1902
-2192
-2460
-2657
-2768
-2806
-2793
-2742
-2655
-2513
-2304
-2031
-1758
-1479
-1208
-942
-639
-333
-18
263
524
767
994
1195
1339
1385
1322
1184
996
794
579
336
59
-245
-520
-750
-910
-1029
-1162
-1341
-1576
-1821
-2060
-2264
-2447
-2639
-2850
-3046
-3180
-3202
-3110
-2937
-2718
-2467
-2163
-1767
-1280
-713
-124
459
1032
1603
2184
2733
3210
3571
3804
3946
4036
4083
4087
4025
3894
3731
3575
3461
3363
3230
3039
2761
2442
2122
1811
1481
1092
647
178
-263
-630
-921
-1192
-1468
-1747
-2009
-2202
-2316
-2367
-2410
-2472
-2533
-2562
-2504
-2362
-2150
-1919
-1685
-1443
-1154
-763
-323
133
519
835
1066
1244
1400
1489
1482
1348
1124
855
597
399
225
33
-189
-402
-591
-742
-856
-993
-1192
-1458
-1733
-1991
-2209
-2409
-2612
-2827
-3028
-3154
-3165
-3067
-2891
-2678
-2421
-2096
-1671
-1152
-567
13
545
1044
1532
2016
2490
2928
3257
3459
3594
3705
3783
3829
3826
3724
3519
3302
3117
2935
2736
2513
2221
1877
1566
1318
1085
821
534
204
-148
-447
-677
-895
-1148
-1416
-1703
-1955
-2125
-2220
-2286
-2362
-2398
-2422
-2316
-2121
-1827
-1536
-1237
-944
-668
-301
69
445
697
917
1040
1129
1237
1341
1370
1266
1124
906
690
504
359
135
-173
-458
-731
-930
-1070
-1150
-1307
-1527
-1718
-1881
-1998
-2096
-2173
-2363
-2583
-2744
-2799
-2771
-2662
-2491
-2355
-2157
-1830
-1362
-831
-254
302
775
1238
1725
2207
2634
2981
3184
3260
3314
3358
3357
3337
3282
3132
2935
2812
2710
2572
2433
2254
1976
1665
1438
1202
937
669
374
34
-273
-495
-706
-938
-1192
-1494
-1761
-1949
-2062
-2143
-2212
-2268
-2356
-2313
-2183
-1970
-1750
-1474
-1216
-962
-579
-129
328
683
1025
1255
1425
1582
1691
1660
1476
1224
892
558
275
25
-237
-511
-720
-876
-926
-947
-960
-1040
-1175
-1346
-1525
-1682
-1878
-2084
-2338
-2548
-2718
-2747
-2662
-2513
-2331
-2098
-1782
-1417
-954
-456
32
465
881
1296
1709
2133
2525
2837
3015
3124
3190
3208
3179
3102
2968
2764
2549
2349
2168
2027
1884
1710
1493
1308
1154
997
815
616
405
155
-83
-292
-485
-706
-928
-1178
-1389
-1543
-1647
-1771
-1907
-1996
-2040
-2013
-1951
-1786
-1608
-1409
-1226
-951
-619
-259
86
377
614
809
1006
1155
1227
1197
1076
868
587
313
77
-160
-445
-731
-936
-1079
-1143
-1153
-1129
-1177
-1224
-1262
-1290
-1349
-1405
-1505
-1688
-1882
-2002
-2061
-2093
-2078
-2017
-1901
-1700
-1365
-953
-477
24
535
1037
1548
2052
2491
2827
3022
3126
3181
3212
3183
3091
2939
2742
2543
2385
2283
2162
2013
1820
1602
1378
1214
1082
904
670
410
158
-68
-235
-371
-540
-769
-1008
-1222
-1403
-1537
-1639
-1777
-1954
-2102
-2152
-2135
-2035
-1891
-1728
-1567
-1331
-998
-615
-228
122
420
633
822
984
1099
1101
983
770
506
236
-6
-239
-499
-784
-1048
-1241
-1339
-1375
-1372
-1396
-1445
-1481
-1460
-1401
-1344
-1327
-1364
-1438
-1488
-1461
-1389
-1301
-1213
-1117
-987
-765
-434
-43
344
717
1074
1428
1812
2214
2571
2830
2974
3052
3082
3081
3045
2936
2745
2479
2199
1950
1738
1522
1322
1107
897
728
620
547
454
346
222
93
-39
-140
-258
-419
-612
-802
-977
-1147
-1281
-1421
-1571
-1714
-1791
-1825
-1812
-1759
-1664
-1550
-1394
-1156
-879
-588
-314
-46
173
372
542
666
686
614
468
268
30
-202
-437
-693
-957
-1182
-1332
-1408
-1421
-1387
-1347
-1325
-1294
-1228
-1138
-1070
-1032
-1032
-1075
-1116
-1096
-1018
-929
-843
-732
-594
-399
-120
219
539
826
1098
1377
1662
1961
2240
2423
2517
2561
2598
2615
2611
2553
2414
2210
2003
1819
1657
1496
1292
1068
826
630
491
406
331
234
122
35
-24
-38
-31
-59
-143
-277
-405
-521
-630
-740
-890
-1080
-1272
-1420
-1485
-1484
-1438
-1352
-1241
-1073
-828
-533
-214
47
251
377
439
457
407
288
83
-210
-514
-820
-1101
-1343
-1582
-1787
-1973
-2107
-2164
-2178
-2144
-2087
-2017
-1905
-1774
-1596
-1410
-1235
-1060
-907
-742
-566
-394
-216
-51
130
330
562
838
1120
1413
1705
1987
2282
2548
2785
2960
3051
3089
3049
2971
2844
2654
2424
2145
1849
1568
1289
1034
767
513
295
102
-30
-130
-197
-239
-275
-260
-225
-181
-134
-118
-122
-150
-198
-251
-351
-470
-599
-729
-830
-910
-947
-961
-957
-899
-792
-643
-471
-308
-158
-34
62
137
163
129
19
-174
-429
-718
-1010
-1295
-1599
-1902
-2173
-2392
-2535
-2614
-2613
-2564
-2483
-2359
-2195
-1989
-1745
-1504
-1285
-1083
-884
-671
-466
-247
-36
172
385
613
871
1159
1468
1764
2024
2256
2480
2686
2876
3005
3064
3063
3003
2907
2793
2654
2466
2224
1936
1641
1354
1080
803
501
199
-69
-285
-448
-568
-651
-703
-729
-698
-625
-530
-431
-352
-297
-252
-213
-186
-188
-230
-287
-354
-411
-432
-425
-396
-338
-247
-113
54
237
420
571
687
754
759
694
544
315
9
-364
-777
-1214
-1661
-2090
-2500
-2853
-3135
-3347
-3474
-3529
-3511
-3423
-3276
-3071
-2829
-2551
-2251
-1940
-1617
-1285
-950
-617
-297
28
351
676
1004
1324
1648
1970
2281
2584
2866
3124
3342
3504
3614
3660
3650
3575
3428
3223
2962
2655
2316
1948
1573
1196
824
470
138
-156
-412
-628
-798
-932
-1021
-1070
-1085
-1059
-1005
-927
-827
-728
-616
-510
-412
-314
-239
-164
-103
-49
16
73
157
248
353
485
612
754
883
991
1084
1111
1095
1011
846
622
310
-54
-468
-932
-1405
-1897
-2370
-2805
-3207
-3538
-3813
-4013
-4124
-4163
-4113
-3990
-3800
-3543
-3245
-2889
-2496
-2080
-1634
-1187
-732
-271
172
621
1051
1461
1865
2234
2595
2932
3239
3521
3747
3933
4060
4114
4123
4040
3894
3682
3389
3063
2669
2250
1820
1355
917
477
66
-292
-629
-896
-1125
-1306
-1420
-1513
-1535
-1528
-1492
-1402
-1324
-1199
-1073
-946
-787
-661
-507
-358
-227
-50
92
274
465
634
854
1031
1234
1428
1573
1731
1790
1816
1784
1638
1479
1192
853
470
-22
-495
-1021
-1564
-2060
-2592
-3050
-3474
-3855
-4123
-4363
-4480
-4533
-4512
-4373
-4208
-3932
-3592
-3241
-2773
-2330
-1848
-1313
-829
-284
234
729
1246
1710
2175
2611
2998
3372
3665
3932
4124
4243
4324
4291
4211
4061
3816
3546
3200
2798
2389
1922
1453
981
508
60
-356
-734
-1072
-1346
-1569
-1734
-1828
-1878
-1874
-1822
-1740
-1620
-1476
-1306
-1141
-947
-748
-565
-332
-127
100
360
584
858
1121
1366
1628
1835
2031
2160
2227
2240
2144
2011
1780
1471
1138
707
271
-189
-691
-1159
-1647
-2111
-2539
-2949
-3304
-3623
-3877
-4073
-4206
-4251
-4242
-4145
-3971
-3736
-3416
-3057
-2647
-2193
-1729
-1240
-747
-257
222
692
1144
1569
1988
2365
2708
3031
3288
3516
3698
3810
3884
3887
3823
3711
3526
3279
2978
2627
2223
1799
1346
869
421
-33
-459
-823
-1170
-1443
-1656
-1825
-1921
-1969
-1969
-1934
-1862
-1760
-1661
-1512
-1365
-1212
-997
-798
-555
-262
17
350
692
1020
1364
1672
1954
2182
2353
2457
2470
2439
2306
2100
1863
1528
1182
808
369
-47
-488
-946
-1375
-1811
-2224
-2608
-2961
-3267
-3526
-3697
-3824
-3867
-3815
-3723
-3527
-3268
-2986
-2610
-2226
-1820
-1370
-944
-491
-46
383
811
1204
1597
1946
2271
2583
2819
3043
3216
3309
3386
3370
3303
3189
2988
2762
2477
2153
1811
1434
1066
681
312
-39
-390
-685
-982
-1235
-1442
-1641
-1767
-1881
-1952
-1970
-1982
-1933
-1869
-1765
-1622
-1469
-1250
-1032
-754
-443
-134
242
594
959
1330
1643
1951
2192
2375
2508
2548
2543
2444
2286
2081
1786
1481
1112
702
304
-149
-579
-1012
-1441
-1822
-2191
-2500
-2764
-2973
-3107
-3200
-3211
-3164
-3083
-2911
-2720
-2483
-2183
-1890
-1539
-1177
-812
-417
-38
355
725
1096
1446
1748
2049
2290
2488
2666
2758
2822
2834
2773
2684
2537
2342
2115
1853
1553
1242
916
575
254
-73
-380
-659
-927
-1147
-1352
-1508
-1645
-1751
-1811
-1871
-1873
-1858
-1829
-1724
-1651
-1490
-1314
-1124
-839
-599
-260
67
400
777
1099
1433
1723
1950
2160
2267
2333
2341
2231
2123
1904
1638
1374
996
671
287
-110
-465
-872
-1205
-1558
-1860
-2116
-2354
-2510
-2637
-2708
-2691
-2661
-2549
-2374
-2189
-1906
-1619
-1292
-927
-576
-184
184
563
924
1245
1572
1828
2075
2282
2427
2566
2648
2690
2711
2669
2598
2489
2323
2123
1864
1573
1233
855
476
58
-334
-720
-1101
-1415
-1716
-1958
-2138
-2294
-2376
-2429
-2445
-2404
-2365
-2279
-2179
-2064
-1903
-1735
-1517
-1258
-980
-639
-279
98
510
892
1287
1649
1951
2230
2419
2552
2618
2593
2520
2353
2139
1877
1562
1223
855
461
69
-340
-732
-1108
-1476
-1790
-2081
-2310
-2486
-2609
-2657
-2648
-2579
-2445
-2273
-2034
-1769
-1456
-1108
-752
-370
3
384
761
1123
1474
1799
2094
2370
2598
2800
2953
3055
3122
3128
3082
2981
2820
2608
2342
2032
1684
1292
883
461
32
-387
-791
-1177
-1517
-1842
-2112
-2356
-2564
-2721
-2859
-2941
-2997
-3012
-2975
-2900
-2772
-2587
-2372
-2079
-1758
-1383
-963
-541
-72
372
808
1214
1553
1853
2072
2221
2315
2321
2284
2187
2035
1863
1642
1393
1129
818
509
161
-194
-549
-917
-1248
-1576
-1849
-2082
-2253
-2357
-2389
-2348
-2239
-2069
-1848
-1580
-1287
-961
-625
-278
70
412
749
1068
1376
1662
1937
2199
2440
2669
2869
3042
3171
3256
3281
3247
3148
2988
2766
2488
2168
1808
1429
1024
622
208
-194
-586
-970
-1321
-1669
-1974
-2270
-2534
-2759
-2966
-3113
-3237
-3293
-3307
-3256
-3136
-2968
-2724
-2450
-2108
-1747
-1347
-933
-522
-110
266
626
929
1198
1411
1574
1691
1747
1776
1729
1666
1536
1382
1188
951
713
422
151
-157
-447
-734
-1004
-1237
-1450
-1604
-1726
-1781
-1792
-1735
-1636
-1484
-1284
-1058
-786
-515
-207
94
402
715
1000
1293
1553
1806
2035
2244
2435
2600
2739
2845
2920
2951
2952
2897
2813
2678
2502
2294
2042
1772
1463
1141
802
447
88
-275
-634
-987
-1333
-1657
-1961
-2239
-2477
-2685
-2843
-2957
-3025
-3030
-2991
-2893
-2750
-2558
-2324
-2060
-1767
-1462
-1148
-831
-524
-238
37
278
491
660
791
883
927
940
907
844
743
615
467
296
119
-72
-256
-443
-616
-779
-914
-1025
-1106
-1146
-1160
-1124
-1059
-945
-796
-616
-399
-171
88
354
629
903
1167
1424
1658
1871
2055
2214
2345
2448
2522
2565
2588
2579
2550
2491
2411
2310
2177
2030
1846
1651
1424
1175
916
629
339
26
-286
-602
-915
-1213
-1504
-1770
-2016
-2232
-2414
-2552
-2653
-2702
-2712
-2666
-2569
-2436
-2245
-2031
-1778
-1506
-1229
-942
-668
-407
-170
32
209
348
446
520
551
565
547
498
443
350
253
134
-4
-141
-299
-451
-602
-749
-874
-987
-1072
-1120
-1142
-1123
-1072
-987
-862
-716
-536
-336
-122
117
354
607
857
1101
1343
1563
1773
1962
2122
2265
2381
2472
2537
2567
2579
2561
2513
2448
2351
2241
2105
1946
1776
1576
1363
1129
875
605
313
18
-289
-605
-911
-1220
-1512
-1796
-2056
-2276
-2470
-2609
-2702
-2739
-2706
-2624
-2477
-2282
-2058
-1795
-1532
-1261
-997
-758
-530
-334
-158
-9
109
209
275
317
339
330
307
265
212
152
75
-10
-113
-231
-357
-495
-631
-762
-879
-970
-1029
-1050
-1035
-988
-906
-804
-678
-530
-370
-181
31
263
517
771
1030
1280
1509
1718
1894
2047
2174
2277
2360
2418
2455
2470
2459
2425
2363
2276
2168
2043
1906
1757
1601
1434
1255
1062
844
605
339
48
-263
-593
-921
-1247
-1563
-1846
-2102
-2309
-2465
-2574
-2621
-2614
-2552
-2435
-2285
-2097
-1897
-1688
-1473
-1280
-1099
-941
-811
-695
-601
-507
-421
-337
-247
-169
-94
-33
8
42
54
49
35
1
-38
-86
-141
-193
-253
-300
-335
-360
-362
-349
-313
-253
-175
-74
37
163
304
449
599
748
893
1041
1177
1309
1433
1537
1632
1709
1772
1823
1854
1872
1872
1864
1847
1818
1788
1747
1696
1639
1563
1477
1370
1244
1092
910
700
458
194
-90
-394
-702
-1011
-1305
-1577
-1816
-2005
-2151
-2241
-2281
-2275
-2220
-2133
-2019
-1889
-1756
-1617
-1494
-1380
-1277
-1193
-1119
-1060
-1005
-952
-904
-849
-795
-738
-670
-604
-531
-459
-386
-312
-248
-182
-122
-68
-11
33
76
117
154
192
229
270
321
378
449
530
626
737
854
983
1116
1249
1381
1497
1597
1673
1725
1752
1750
1724
1676
1609
1529
1439
1351
1265
1185
1116
1054
1004
962
926
893
857
811
750
668
561
429
265
74
-139
-370
-608
-845
-1073
-1280
-1457
-1598
-1702
-1768
-1793
-1778
-1734
-1664
-1578
-1479
-1381
-1282
-1193
-1119
-1058
-1016
-991
-983
-985
-996
-1013
-1029
-1044
-1053
-1053
-1043
-1026
-993
-949
-897
-832
-760
-679
-588
-494
-395
-295
-195
-93
12
121
238
362
498
648
812
991
1182
1377
1573
1766
1950
2112
2248
2349
2408
2425
2392
2318
2206
2059
1892
1705
1511
1331
1158
1010
885
779
700
637
587
543
497
443
368
274
156
15
-146
-328
-526
-729
-929
-1117
-1285
-1427
-1537
-1613
-1651
-1651
-1618
-1555
-1471
-1376
-1273
-1175
-1085
-1013
-957
-920
-908
-913
-936
-970
-1006
-1045
-1085
-1117
-1146
-1165
-1176
-1178
-1164
-1142
-1109
-1063
-1007
-940
-863
-782
-689
-592
-490
-380
-270
-151
-21
118
275
438
616
812
1017
1240
1467
1695
1922
2131
2319
2474
2586
2657
2678
2657
2586
2472
2328
2149
1956
1760
1560
1369
1187
1027
891
767
672
587
507
435
351
259
153
24
-114
-276
-448
-629
-829
-1022
-1203
-1363
-1491
-1593
-1656
-1685
-1680
-1629
-1549
-1445
-1324
-1206
-1092
-991
-902
-830
-790
-770
-775
-806
-849
-901
-958
-1024
-1089
-1150
-1209
-1256
-1291
-1318
-1328
-1328
-1315
-1288
-1250
-1194
-1128
-1052
-961
-864
-756
-632
-487
-325
-151
46
257
485
735
991
1258
1528
1793
2051
2288
2502
2681
2815
2907
2949
2938
2880
2779
2643
2475
2282
2080
1868
1663
1469
1288
1123
968
829
702
582
464
341
204
55
-106
-279
-461
-651
-844
-1034
-1209
-1361
-1489
-1586
-1649
-1677
-1669
-1629
-1560
-1468
-1359
-1237
-1116
-995
-886
-791
-717
-668
-643
-642
-663
-702
-761
-830
-904
-984
-1058
-1129
-1196
-1250
-1291
-1317
-1331
-1334
-1326
-1306
-1274
-1232
-1180
-1120
-1050
-966
-865
-749
-616
-460
-281
-80
142
386
648
922
1203
1484
1752
2004
2229
2424
2578
2688
2759
2786
2774
2725
2647
2543
2417
2280
2131
1978
1825
1670
1518
1361
1208
1054
899
737
571
402
224
42
-146
-336
-527
-719
-903
-1078
-1236
-1372
-1484
-1566
-1617
-1635
-1617
-1571
-1495
-1400
-1288
-1173
-1059
-951
-856
-775
-713
-673
-651
-647
-661
-689
-725
-767
-815
-865
-914
-959
-1002
-1038
-1072
-1103
-1132
-1160
-1182
-1199
-1208
-1206
-1194
-1165
-1119
-1054
-964
-856
-721
-561
-379
-176
41
274
515
757
1002
1238
1463
1669
1856
2021
2159
2275
2361
2421
2452
2455
2435
2391
2331
2253
2161
2058
1945
1824
1701
1571
1437
1300
1158
1004
841
665
476
269
52
-170
-400
-625
-841
-1039
-1211
-1354
-1463
-1538
-1575
-1574
-1541
-1479
-1400
-1308
-1213
-1119
-1030
-956
-897
-852
-824
-810
-807
-812
-822
-835
-847
-855
-861
-864
-867
-870
-879
-887
-901
-917
-938
-963
-991
-1018
-1039
-1051
-1054
-1042
-1015
-967
-898
-805
-682
-536
-369
-179
29
252
489
728
968
1200
1418
1616
1787
1929
2046
2132
2189
2220
2225
2209
2175
2128
2066
1997
1923
1845
1763
1673
1575
1468
1348
1215
1065
897
710
509
300
83
-137
-351
-555
-746
-919
-1070
-1195
-1295
-1367
-1409
-1423
-1415
-1384
-1336
-1276
-1205
-1127
-1048
-970
-890
-814
-748
-690
-641
-601
-569
-547
-532
-524
-518
-515
-516
-517
-524
-536
-551
-577
-608
-649
-699
-754
-815
-875
-936
-988
-1027
-1046
-1038
-1000
-929
-825
-692
-525
-329
-115
117
358
598
832
1053
1251
1427
1577
1697
1790
1859
1904
1929
1933
1922
1901
1871
1835
1793
1742
1678
1600
1508
1402
1277
1137
983
811
623
425
223
16
-185
-378
-560
-725
-869
-991
-1086
-1152
-1191
-1210
-1210
-1191
-1156
-1107
-1047
-980
-907
-829
-754
-678
-605
-540
-477
-424
-382
-349
-322
-302
-293
-290
-295
-309
-330
-359
-399
-440
-488
-539
-593
-651
-707
-764
-814
-860
-897
-917
-918
-898
-850
-776
-676
-554
-410
-246
-68
119
309
501
684
856
1012
1148
1265
1360
1435
1488
1525
1545
1554
1552
1542
1529
1513
1490
1463
1425
1375
1312
1234
1134
1015
877
719
545
359
167
-28
-220
-401
-571
-726
-862
-975
-1062
-1129
-1173
-1196
-1200
-1190
-1168
-1133
-1086
-1027
-959
-883
-798
-706
-608
-505
-403
-301
-203
-112
-30
38
90
124
143
143
122
84
28
-44
-127
-219
-318
-418
-517
-607
-690
-757
-802
-829
-833
-813
-771
-704
-618
-513
-391
-256
-114
33
181
328
473
610
740
862
974
1077
1169
1249
1323
1385
1437
1483
1516
1534
1534
1514
1477
1417
1336
1230
1103
956
793
616
429
235
42
-148
-331
-499
-651
-785
-897
-991
-1067
-1122
-1164
-1189
-1203
-1205
-1198
-1185
-1162
-1128
-1086
-1036
-973
-903
-819
-722
-617
-506
-387
-264
-139
-20
94
197
288
364
422
461
480
477
451
405
341
260
165
62
-41
-143
-238
-320
-386
-430
-453
-451
-425
-379
-315
-236
-148
-57
38
129
209
285
351
408
463
518
572
625
681
741
804
871
936
998
1051
1096
1123
1135
1127
1097
1042
963
858
735
592
433
265
92
-77
-242
-399
-544
-674
-788
-880
-956
-1017
-1061
-1090
-1108
-1120
-1123
-1120
-1108
-1093
-1069
-1035
-992
-940
-875
-792
-696
-586
-465
-338
-205
-71
66
195
315
421
511
578
622
643
639
617
571
507
427
334
238
147
68
1
-52
-88
-106
-106
-95
-71
-39
-3
39
81
119
155
179
193
200
203
203
203
209
222
246
280
329
391
463
541
621
701
766
818
853
869
859
822
759
670
558
427
282
132
-17
-158
-289
-408
-513
-607
-684
-748
-800
-841
-875
-901
-922
-937
-948
-960
-969
-975
-970
-957
-928
-885
-827
-752
-660
-552
-426
-290
-145
5
152
293
422
533
624
694
734
745
726
686
627
554
473
385
293
201
119
50
-5
-42
-64
-70
-62
-40
-6
29
66
100
126
146
160
170
175
174
170
167
173
191
214
241
276
319
369
426
483
537
580
604
614
610
587
545
480
394
289
173
56
-63
-177
-288
-395
-484
-556
-608
-647
-672
-690
-703
-709
-714
-718
-722
-734
-748
-760
-763
-756
-739
-709
-667
-613
-540
-451
-351
-241
-125
-11
103
212
312
398
465
512
542
556
554
540
515
480
439
396
349
304
263
220
180
143
111
88
67
53
45
44
49
57
66
78
89
97
103
107
110
113
117
125
135
154
183
225
274
327
382
436
486
523
547
559
551
521
474
406
322
227
120
10
-102
-210
-312
-402
-484
-551
-608
-654
-691
-721
-746
-768
-784
-798
-810
-816
-818
-813
-800
-775
-741
-696
-637
-568
-486
-393
-290
-184
-72
40
151
258
355
441
513
568
610
633
643
634
612
578
534
484
427
370
314
260
214
175
143
119
102
93
87
88
95
101
111
122
131
142
151
160
168
175
182
191
206
224
245
271
301
333
366
394
415
428
433
425
406
372
324
263
188
104
14
-78
-175
-269
-360
-451
-528
-601
-674
-732
-788
-827
-852
-879
-891
-894
-884
-858
-835
-806
-768
-726
-667
-603
-539
-461
-378
-287
-189
-94
4
101
194
279
356
427
487
531
559
572
577
575
563
538
507
479
450
419
389
354
326
303
283
266
243
221
203
185
171
154
137
125
114
103
94
90
89
92
98
110
122
140
162
185
207
224
233
242
245
241
231
208
183
150
111
68
17
-38
-93
-148
-204
-257
-306
-355
-399
-441
-475
-498
-520
-543
-557
-571
-570
-570
-573
-566
-558
-536
-505
-481
-447
-409
-365
-313
-263
-211
-155
-100
-43
9
59
105
150
189
219
251
279
304
322
332
345
353
359
366
361
356
352
343
337
325
312
303
290
278
262
242
230
214
201
185
162
142
124
109
94
82
72
64
60
59
59
60
63
65
70
78
79
78
76
72
60
49
32
9
-13
-41
-66
-92
-120
-147
-176
-204
-231
-259
-285
-314
-341
-363
-381
-399
-413
-423
-426
-418
-404
-389
-369
-346
-317
-290
-261
-228
-196
-165
-135
-101
-65
-32
-2
29
59
88
117
146
172
198
221
241
259
272
280
287
292
294
293
286
281
274
269
262
253
246
239
231
219
207
194
183
167
153
139
122
109
96
84
72
61
52
50
47
43
40
36
33
28
25
19
11
-1
-15
-31
-47
-66
-83
-101
-119
-135
-153
-170
-186
-200
-213
-220
-230
-239
-248
-257
-261
-260
-261
-261
-257
-254
-245
-236
-226
-214
-203
-190
-173
-158
-144
-128
-113
-94
-74
-58
-40
-21
-1
19
38
58
77
95
109
122
134
146
160
172
183
193
204
215
224
233
243
251
259
269
273
279
282
280
277
270
262
250
236
218
198
172
146
119
91
63
35
10
-13
-35
-55
-75
-91
-105
-118
-126
-132
-135
-138
-140
-141
-142
-142
-146
-149
-151
-154
-158
-159
-163
-164
-166
-166
-166
-166
-166
-166
-163
-158
-156
-154
-153
-148
-141
-136
-129
-123
-115
-109
-100
-88
-78
-68
-55
-40
-26
-10
7
25
46
65
85
105
122
138
149
160
171
180
189
191
194
195
195
197
193
189
186
180
174
163
152
146
135
124
112
97
81
66
53
42
29
17
6
-6
-17
-27
-33
-39
-45
-50
-55
-55
-57
-59
-63
-69
-73
-78
-84
-90
-99
-105
-113
-121
-126
-129
-129
-123
-117
-111
-103
-95
-85
-75
-68
-62
-58
-54
-47
-44
-40
-36
-37
-36
-38
-39
-38
-39
-35
-27
-18
-7
1
9
15
23
32
41
48
52
58
61
64
66
64
64
65
65
68
69
70
75
79
83
88
90
92
94
94
94
90
86
81
74
64
53
41
31
21
11
2
-9
-21
-30
-39
-45
-48
-52
-54
-54
-56
-55
-55
-55
-55
-55
-55
-55
-54
-55
-57
-56
-57
-54
-51
-45
-38
-32
-25
-20
-14
-7
-3
0
4
4
5
4
-1
-6
-13
-18
-21
-23
-24
-28
-28
-28
-29
-25
-22
-20
-14
-6
1
7
11
15
19
20
20
22
25
28
32
36
43
47
53
55
59
63
69
74
79
82
81
76
71
65
56
48
40
33
24
13
4
-9
-18
-28
-36
-44
-50
-53
-53
-52
-50
-49
-46
-45
-44
-42
-42
-41
-41
-43
-42
-40
-38
-36
-33
-33
-30
-27
-20
-13
-7
-1
2
6
9
13
17
19
17
14
8
1
-2
-8
-14
-16
-16
-16
-16
-14
-9
-4
1
6
11
14
19
21
21
22
21
18
16
14
10
7
7
5
8
10
12
16
22
27
33
38
46
50
52
52
52
52
50
44
40
35
30
23
16
9
1
-5
-8
-11
-17
-20
-23
-25
-29
-31
-34
-37
-38
-42
-46
-47
-51
-54
-56
-58
-58
-59
-57
-55
-49
-39
-29
-18
-11
-1
6
13
19
25
29
32
32
32
32
31
28
23
19
13
8
7
2
-1
-3
-4
-7
-7
-7
-8
-8
-7
-6
-6
-5
-5
-5
-1
-1
-1
3
2
3
6
10
15
19
20
24
30
34
38
43
44
46
44
41
38
32
26
19
10
4
-5
-11
-16
-18
-18
-19
-21
-21
-23
-22
-20
-20
-20
-20
-17
-16
-17
-20
-21
-21
-23
-21
-21
-18
-15
-13
-11
-9
-6
-3
1
3
3
4
6
6
7
6
3
2
1
0
0
0
2
4
5
6
3
6
6
8
9
9
10
9
11
11
9
6
5
3
2
3
5
3
4
4
3
2
1
2
2
3
4
3
2
1
1
1
-2
-2
-5
-6
-8
-10
-10
-13
-13
-14
-11
-9
-9
-7
-7
-5
-1
0
1
1
2
2
1
0
0
-3
-7
-12
-16
-16
-14
-12
-7
-3
0
3
7
11
15
17
21
25
27
30
30
27
25
21
18
15
14
12
8
5
2
1
1
3
3
1
1
-2
-4
-6
-9
-13
-18
-23
-26
-31
