0
3
3
0
3
4
5
5
2
3
4
4
4
5
7
6
5
5
4
3
4
6
3
4
7
10
8
7
8
7
9
8
7
5
6
8
7
7
6
7
6
3
3
3
3
2
1
2
1
0
-1
-3
-3
-4
-6
-7
-10
-9
-13
-13
-14
-15
-17
-18
-17
-17
-17
-16
-19
-21
-21
-22
-22
-21
-20
-20
-21
-18
-13
-11
-7
-5
-1
1
3
5
5
6
8
10
13
13
19
24
23
25
26
30
30
32
33
31
30
31
30
30
29
26
25
21
19
19
20
18
14
10
7
3
-1
-4
-5
-8
-10
-10
-12
-11
-11
-12
-14
-17
-19
-23
-26
-28
-30
-31
-27
-27
-24
-21
-20
-17
-14
-12
-7
-1
1
2
3
1
0
-4
-7
-10
-11
-12
-15
-18
-19
-21
-23
-26
-30
-30
-29
-30
-31
-31
-29
-26
-24
-22
-18
-15
-13
-10
-4
1
9
16
21
30
36
42
47
51
56
60
62
64
64
61
57
54
53
52
50
48
44
39
35
32
28
24
21
19
17
13
9
4
1
-3
-4
-3
-4
-7
-11
-15
-21
-28
-40
-42
-46
-47
-51
-65
-72
-76
-78
-78
-91
-99
-96
-100
-98
-105
-116
-111
-111
-108
-104
-110
-103
-94
-86
-78
-77
-72
-59
-45
-27
-16
-4
10
29
49
71
98
119
136
154
166
184
193
192
191
184
181
178
161
146
129
110
93
70
45
24
4
-16
-39
-60
-79
-93
-107
-122
-127
-127
-126
-119
-116
-101
-80
-57
-30
-3
31
67
103
137
173
210
234
256
271
281
298
295
283
270
252
245
230
206
182
152
130
106
81
56
31
11
-8
-26
-41
-54
-66
-81
-95
-107
-119
-131
-151
-172
-195
-223
-250
-280
-316
-345
-365
-386
-400
-422
-440
-444
-445
-438
-438
-435
-418
-402
-383
-363
-347
-318
-288
-257
-224
-198
-169
-139
-110
-82
-56
-28
4
38
70
104
147
193
242
293
344
406
467
522
581
630
684
734
752
763
761
750
740
698
644
584
515
436
352
272
183
95
9
-71
-147
-221
-291
-359
-414
-465
-513
-549
-577
-588
-587
-580
-559
-522
-470
-404
-338
-264
-185
-106
-25
51
122
188
246
292
324
350
368
381
381
373
364
348
327
303
275
249
223
195
170
144
120
99
83
68
53
40
23
2
-18
-42
-68
-96
-127
-160
-197
-233
-268
-301
-326
-347
-359
-367
-375
-376
-374
-369
-357
-348
-339
-325
-312
-292
-270
-252
-227
-204
-180
-154
-129
-103
-81
-59
-36
-12
10
30
49
72
93
115
140
166
194
228
269
315
362
412
461
505
537
554
558
556
538
506
461
405
343
279
214
149
86
27
-29
-79
-128
-181
-237
-296
-353
-411
-471
-523
-570
-605
-619
-615
-588
-542
-481
-397
-303
-201
-96
8
111
202
282
349
405
451
479
495
505
511
511
507
496
479
456
429
397
359
317
270
223
175
129
84
45
13
-14
-37
-59
-78
-99
-127
-161
-197
-236
-281
-336
-392
-439
-481
-511
-534
-556
-553
-542
-528
-511
-504
-492
-475
-465
-454
-450
-450
-430
-406
-376
-340
-305
-258
-210
-159
-104
-51
-1
45
83
108
128
141
145
148
147
151
173
210
269
351
452
580
721
848
968
1050
1110
1144
1109
1043
939
818
695
558
427
313
214
133
72
15
-38
-96
-170
-267
-384
-519
-666
-813
-963
-1075
-1147
-1176
-1162
-1094
-990
-861
-709
-544
-372
-205
-46
100
233
345
434
504
558
592
610
610
605
597
585
570
543
511
479
439
394
341
285
233
186
146
114
92
76
66
60
56
48
37
15
-21
-69
-134
-210
-294
-383
-466
-541
-592
-620
-631
-619
-593
-552
-506
-467
-435
-415
-408
-410
-419
-430
-435
-429
-404
-362
-304
-228
-141
-47
47
136
208
258
281
277
253
209
150
90
37
2
1
40
125
254
414
596
781
940
1050
1098
1076
992
852
671
469
264
81
-73
-187
-260
-302
-315
-311
-297
-288
-306
-358
-447
-568
-709
-865
-1010
-1117
-1178
-1177
-1119
-1004
-837
-630
-403
-171
52
255
429
569
675
748
791
807
808
797
787
776
765
763
764
766
766
754
730
691
638
571
498
423
354
296
251
218
197
185
178
167
146
111
55
-20
-117
-229
-351
-476
-591
-694
-769
-817
-840
-837
-814
-779
-747
-710
-682
-670
-670
-689
-714
-736
-752
-754
-738
-701
-633
-541
-432
-315
-198
-83
18
93
138
149
128
81
14
-62
-132
-179
-182
-132
-17
159
386
653
934
1194
1399
1537
1576
1507
1350
1110
823
528
245
7
-168
-277
-322
-309
-261
-194
-131
-100
-120
-200
-331
-503
-697
-883
-1016
-1075
-1045
-924
-721
-445
-128
205
523
806
1020
1152
1205
1179
1100
976
820
670
542
446
390
371
385
422
468
507
523
502
442
348
228
92
-44
-159
-235
-262
-245
-182
-87
22
126
204
226
186
83
-78
-275
-503
-734
-946
-1122
-1242
-1311
-1313
-1267
-1188
-1094
-1001
-927
-886
-874
-886
-913
-950
-970
-964
-919
-837
-719
-567
-392
-207
-23
148
285
382
430
423
369
272
144
18
-82
-117
-51
130
431
846
1348
1891
2387
2757
2948
2920
2679
2221
1570
825
69
-606
-1140
-1466
-1574
-1477
-1213
-857
-469
-135
55
65
-112
-445
-885
-1351
-1747
-1978
-1977
-1724
-1232
-553
242
1048
1759
2286
2559
2545
2265
1771
1135
450
-190
-699
-1013
-1100
-982
-703
-326
82
441
701
829
816
681
454
191
-68
-278
-401
-410
-303
-94
182
477
744
950
1049
1017
861
595
258
-111
-475
-792
-1039
-1206
-1296
-1316
-1291
-1240
-1184
-1132
-1081
-1036
-993
-949
-896
-832
-752
-655
-542
-423
-297
-181
-95
-43
-22
-35
-52
-60
-56
-52
-58
-85
-141
-229
-326
-375
-311
-71
376
1017
1794
2579
3218
3577
3577
3199
2454
1400
178
-1021
-2032
-2752
-3116
-3113
-2779
-2183
-1433
-649
45
507
651
472
22
-620
-1353
-2015
-2415
-2414
-1966
-1117
21
1307
2560
3578
4191
4282
3828
2923
1740
482
-668
-1561
-2063
-2098
-1668
-909
-10
869
1596
2065
2221
2044
1603
1007
391
-115
-432
-529
-418
-123
307
782
1172
1382
1383
1195
856
395
-133
-636
-1025
-1252
-1317
-1253
-1107
-934
-785
-697
-703
-824
-1050
-1320
-1552
-1690
-1718
-1626
-1409
-1082
-707
-377
-173
-123
-213
-406
-655
-917
-1139
-1257
-1194
-934
-549
-158
123
268
299
220
49
-143
-219
-4
604
1546
2593
3479
4025
4145
3805
2951
1567
-152
-1841
-3160
-3946
-4215
-4039
-3451
-2474
-1206
120
1215
1835
1922
1575
901
-46
-1171
-2214
-2799
-2662
-1807
-437
1160
2765
4170
5135
5425
4884
3599
1894
169
-1279
-2302
-2827
-2748
-2018
-780
628
1834
2617
2934
2816
2316
1492
484
-463
-1086
-1222
-898
-293
419
1134
1776
2198
2195
1685
783
-276
-1281
-2110
-2681
-2926
-2797
-2308
-1561
-750
-106
215
212
-19
-410
-939
-1516
-1969
-2132
-1975
-1595
-1091
-547
-72
208
214
-29
-443
-951
-1485
-1921
-2103
-1913
-1340
-535
290
958
1364
1503
1390
981
302
-415
-707
-145
1192
2626
3565
3985
4156
4036
3158
1277
-1137
-3261
-4542
-4909
-4592
-3892
-2999
-1815
-153
1762
3147
3323
2486
1390
344
-955
-2615
-4045
-4449
-3614
-1874
323
2537
4362
5527
6002
5734
4451
2182
-330
-2141
-2971
-3188
-2982
-2069
-328
1698
3228
3925
3853
3100
1808
312
-1032
-2052
-2633
-2455
-1283
510
2179
3320
4044
4430
4153
2943
1108
-740
-2241
-3361
-4055
-4170
-3717
-2905
-1901
-808
138
581
440
25
-381
-833
-1441
-1967
-1997
-1473
-766
-227
78
185
42
-405
-1080
-1842
-2531
-2924
-2823
-2260
-1448
-523
567
1742
2624
2895
2580
1931
1070
-2
-1214
-2289
-2661
-1685
755
3678
5605
6030
5719
5308
4219
1517
-2381
-5792
-7402
-7105
-5538
-3448
-1539
-100
1330
3113
4502
4195
2076
-370
-1997
-3162
-4525
-5675
-5581
-3993
-1537
1172
3618
5176
5548
5153
4457
3120
753
-1784
-3032
-2690
-1775
-991
64
1725
3337
4055
3812
2921
1428
-449
-1880
-2240
-1905
-1482
-749
897
3130
4674
4886
4364
3750
2896
1486
-143
-1388
-2149
-2563
-2538
-1961
-1170
-755
-696
-520
-251
-385
-1063
-1714
-1781
-1473
-1273
-1163
-805
-205
193
115
-301
-932
-1764
-2647
-3308
-3573
-3527
-3208
-2440
-1230
77
1093
1714
2088
2275
2169
1675
834
-161
-1125
-1934
-2334
-1830
36
2777
4955
5630
5208
4571
3630
1436
-2039
-5346
-6997
-6659
-4936
-2576
-399
909
1602
2498
3598
3729
2061
-382
-2013
-2702
-3335
-4152
-4392
-3542
-1954
-37
1952
3423
3826
3425
3020
2640
1529
-214
-1283
-914
129
778
1132
1836
2706
3016
2582
1740
617
-763
-1809
-1824
-1025
-228
384
1423
3053
4370
4585
3960
3180
2431
1468
343
-609
-1292
-1762
-1940
-1747
-1414
-1313
-1402
-1327
-1059
-917
-1034
-1084
-768
-271
28
19
-141
-330
-613
-1081
-1747
-2568
-3399
-4027
-4314
-4248
-3881
-3211
-2236
-1078
91
1109
1823
2175
2240
2159
1941
1456
685
-299
-1331
-1946
-1383
726
3390
4857
4630
3814
3343
2507
28
-3660
-6544
-7152
-5589
-2907
-214
1521
2031
2317
3344
4426
3877
1403
-1066
-1990
-2105
-2747
-3792
-4050
-3088
-1542
63
1458
2190
2122
1895
2096
2140
1143
-247
-475
674
1778
1837
1509
1745
2291
2321
1632
530
-746
-1929
-2457
-2109
-1423
-817
92
1757
3655
4718
4707
4246
3660
2692
1208
-354
-1508
-2220
-2551
-2439
-1998
-1524
-1096
-495
224
534
187
-299
-287
112
289
56
-238
-367
-506
-865
-1389
-1951
-2561
-3170
-3549
-3569
-3381
-3131
-2697
-1865
-752
171
591
691
837
1086
1138
822
311
-141
-295
218
1775
3994
5490
5227
3603
1732
-28
-2315
-5233
-7566
-7983
-6219
-3060
349
2885
3799
3474
3119
3269
3158
1898
-10
-1237
-1456
-1449
-1824
-2341
-2449
-1977
-1014
144
923
1021
884
1167
1720
1700
924
260
410
1065
1520
1624
1733
1995
2264
2326
1914
878
-481
-1510
-1855
-1864
-1920
-1729
-734
984
2665
3705
4052
3850
3169
2014
510
-975
-2037
-2356
-1929
-1216
-703
-398
-49
371
537
167
-539
-1034
-914
-245
484
788
540
44
-350
-730
-1426
-2418
-3193
-3239
-2671
-2098
-1812
-1535
-974
-337
-51
-180
-440
-589
-601
-557
-594
-800
-645
966
4272
7459
8108
6005
3206
1190
-844
-4251
-8360
-10881
-10332
-7033
-2511
1309
2903
2404
1731
2285
3159
2604
774
-254
486
1586
1451
100
-1429
-2397
-2598
-2023
-1144
-589
-146
1020
2782
3610
2547
737
-104
90
142
-337
-474
430
2049
3586
4391
4026
2530
704
-529
-1097
-1524
-1744
-1036
754
2665
3583
3344
2455
1275
-52
-1316
-2218
-2521
-2110
-1018
366
1360
1578
1233
729
193
-401
-891
-979
-598
4
510
694
377
-487
-1640
-2670
-3283
-3354
-2867
-1903
-773
35
314
197
-174
-772
-1543
-2145
-2206
-1769
-1100
-439
-29
-24
-160
498
2573
5147
6389
5519
3541
1709
-90
-2666
-5817
-8108
-8222
-6068
-2729
151
1184
352
-770
-681
390
1064
831
667
1320
2166
2190
1207
-235
-1499
-2030
-1479
-238
774
1304
2006
3090
3527
2446
622
-486
-588
-514
-586
-240
719
1719
2324
2579
2369
1418
167
-236
601
1745
2348
2764
3598
4367
4009
2318
116
-1802
-3184
-3880
-3697
-2769
-1556
-386
600
1081
702
-314
-1171
-1296
-821
-157
566
1382
2053
2155
1436
-34
-1932
-3754
-4966
-5255
-4598
-3215
-1499
25
877
913
354
-480
-1262
-1679
-1608
-1182
-614
-35
391
519
663
1600
3520
5280
5465
4055
2151
294
-1958
-4709
-6936
-7415
-5883
-2940
367
2618
2704
1104
-308
-368
173
119
-376
-331
276
477
-200
-1311
-2274
-2713
-2187
-519
1555
2971
3581
3965
4108
3224
1232
-636
-1277
-878
-211
536
1542
2489
2763
2209
1113
-282
-1668
-2370
-1821
-221
1677
3359
4731
5562
5400
4181
2348
411
-1286
-2432
-2734
-2273
-1532
-969
-818
-1125
-1798
-2461
-2574
-1963
-911
236
1332
2235
2588
2115
943
-471
-1670
-2475
-2846
-2733
-2236
-1629
-1241
-1253
-1538
-1879
-2199
-2384
-2235
-1697
-930
-179
398
686
614
656
1732
3982
5982
5988
3996
1622
-107
-1750
-4102
-6585
-7668
-6465
-3400
53
2027
1457
-754
-2187
-1372
690
2154
2668
3213
4009
3813
1650
-1874
-5149
-6701
-5835
-2946
480
2948
4238
5026
5250
3917
925
-1933
-2727
-1460
438
2033
3384
4477
4775
3830
1717
-1023
-3447
-4344
-3124
-621
1677
3173
4307
5200
5074
3409
941
-1069
-2010
-2009
-1349
-320
600
979
750
-21
-1369
-3001
-3995
-3544
-1910
-183
952
1643
2064
1858
671
-1109
-2579
-3122
-2672
-1569
-415
183
33
-445
-759
-963
-1337
-1719
-1582
-918
-543
-1061
-2078
-2560
-1655
709
3863
6546
7425
6195
3660
620
-2851
-6678
-9651
-10035
-7387
-3070
867
2991
2921
1234
-710
-1680
-1527
-873
-47
1160
2534
3033
1955
-140
-2075
-3090
-3022
-1895
59
2150
3632
4187
3762
2344
303
-1313
-1528
-475
872
1913
2822
3668
3879
2941
1205
-362
-1053
-755
279
1590
2668
3238
3372
3205
2630
1581
531
206
707
1305
1203
308
-899
-2059
-3138
-4009
-4246
-3459
-1662
618
2569
3427
2846
1164
-798
-2316
-3170
-3483
-3302
-2531
-1225
175
1024
870
-295
-1982
-3450
-4061
-3593
-2364
-882
480
1451
1814
1517
1026
1185
2399
4035
4840
4094
2192
-55
-2268
-4521
-6668
-7880
-7268
-4864
-1915
-139
-338
-1753
-2749
-2185
-294
1821
3314
4031
4074
3236
1225
-1599
-4080
-4958
-3754
-1136
1610
3412
3884
3277
2005
379
-1191
-2032
-1435
680
3436
5569
6253
5454
3669
1415
-819
-2406
-2743
-1620
559
2887
4413
4646
3763
2449
1375
809
690
999
1781
2763
3276
2763
1239
-730
-2567
-3971
-4733
-4610
-3536
-1848
-184
888
1161
818
255
-188
-409
-505
-600
-696
-797
-1024
-1492
-2084
-2515
-2618
-2470
-2289
-2199
-2172
-2234
-2452
-2713
-2545
-1267
1398
4778
7490
8310
7040
4422
1259
-2038
-5208
-7623
-8339
-6976
-4309
-1935
-1244
-2375
-4147
-4983
-4025
-1645
1112
3312
4448
4305
2798
249
-2365
-3805
-3271
-970
1958
4227
5067
4425
2727
524
-1563
-2791
-2576
-931
1367
3237
3997
3669
2730
1697
922
660
1079
2081
3213
3853
3609
2588
1290
294
-50
295
1136
2166
3079
3572
3386
2443
972
-529
-1553
-1892
-1680
-1248
-921
-864
-1052
-1323
-1476
-1398
-1067
-527
66
492
562
246
-338
-1018
-1610
-1917
-1804
-1371
-964
-935
-1364
-2075
-2808
-3428
-3849
-3830
-2997
-1099
1623
4289
5725
5204
3032
281
-2037
-3504
-4219
-4276
-3564
-2185
-773
-306
-1389
-3564
-5537
-6028
-4622
-2009
632
2328
2680
1818
121
-1793
-3069
-2943
-1128
1821
4683
6256
5950
4028
1370
-1010
-2309
-2148
-637
1620
3658
4558
3918
2100
75
-1168
-1124
73
1843
3517
4539
4538
3501
1836
274
-417
81
1461
3007
3985
4024
3155
1672
14
-1355
-2039
-1872
-1061
-105
443
286
-502
-1593
-2550
-2988
-2703
-1772
-539
518
1038
941
409
-247
-715
-769
-356
329
854
743
-204
-1728
-3260
-4247
-4445
-3901
-2690
-812
1590
3939
5278
4868
2813
69
-2245
-3550
-3947
-3779
-3201
-2231
-1149
-669
-1489
-3561
-5836
-6855
-5789
-3076
-79
1877
2242
1315
-234
-1776
-2785
-2793
-1549
709
3123
4575
4348
2620
366
-1249
-1541
-582
1057
2725
3917
4320
3805
2512
949
-167
-252
791
2435
3806
4156
3276
1631
53
-749
-494
636
2220
3801
4918
5138
4222
2374
326
-1049
-1306
-714
2
267
-7
-587
-1273
-1999
-2678
-3062
-2893
-2187
-1301
-668
-426
-354
-162
217
609
837
921
918
700
43
-1062
-2205
-2849
-2781
-2220
-1491
-630
514
1821
2726
2601
1406
-155
-1217
-1499
-1407
-1448
-1660
-1729
-1590
-1729
-2753
-4559
-6154
-6361
-4808
-2291
-123
792
426
-675
-1950
-3014
-3488
-2921
-1105
1494
3754
4598
3733
1831
-4
-1005
-1037
-374
647
1744
2591
2809
2228
1157
321
370
1403
2954
4328
5000
4783
3780
2341
993
288
491
1379
2347
2790
2461
1564
538
-201
-419
-49
818
1907
2765
2927
2195
790
-766
-1956
-2527
-2559
-2323
-2117
-2125
-2345
-2620
-2737
-2535
-1920
-915
312
1472
2229
2324
1731
710
-359
-1177
-1614
-1641
-1214
-328
791
1626
1597
523
-1110
-2475
-3016
-2776
-2221
-1746
-1407
-1083
-859
-1095
-2003
-3204
-3828
-3184
-1434
407
1167
338
-1666
-3915
-5530
-5965
-4990
-2675
471
3463
5172
4966
3182
921
-655
-1022
-405
641
1671
2450
2754
2331
1151
-318
-1244
-976
457
2335
3753
4200
3775
2957
2243
1933
2140
2806
3661
4230
4036
2925
1215
-424
-1368
-1350
-564
501
1317
1537
1087
168
-836
-1492
-1520
-933
-44
666
786
180
-968
-2251
-3202
-3467
-2937
-1785
-432
632
1099
970
451
-229
-886
-1327
-1242
-350
1270
2989
3897
3379
1564
-746
-2673
-3796
-4191
-4078
-3526
-2571
-1506
-925
-1323
-2574
-3860
-4216
-3270
-1502
141
887
477
-852
-2586
-4114
-4815
-4258
-2493
-175
1746
2547
2109
893
-379
-1112
-1006
-58
1468
3085
4201
4359
3488
1941
335
-715
-833
12
1500
3049
4048
4127
3357
2204
1228
798
985
1637
2512
3335
3795
3641
2867
1790
927
638
881
1271
1418
1182
682
74
-568
-1165
-1571
-1646
-1442
-1224
-1238
-1496
-1782
-1844
-1629
-1270
-898
-539
-176
107
100
-336
-1079
-1769
-2053
-1767
-989
80
1182
1985
2137
1460
111
-1431
-2623
-3145
-2997
-2386
-1581
-849
-450
-583
-1247
-2122
-2697
-2610
-1931
-1131
-730
-942
-1597
-2348
-2912
-3132
-2922
-2234
-1145
32
849
998
522
-219
-823
-1058
-895
-388
387
1288
2061
2438
2337
1956
1631
1598
1863
2273
2675
2994
3186
3188
2944
2495
2021
1734
1755
2045
2437
2748
2855
2689
2253
1660
1123
861
951
1261
1541
1602
1422
1105
727
274
-290
-937
-1532
-1915
-2028
-1928
-1734
-1526
-1335
-1163
-1035
-985
-1011
-1071
-1104
-1062
-912
-666
-361
-59
148
165
-71
-538
-1125
-1691
-2108
-2278
-2100
-1521
-642
233
695
458
-443
-1644
-2634
-3030
-2782
-2120
-1390
-887
-757
-1061
-1756
-2656
-3453
-3808
-3537
-2710
-1626
-650
-71
-12
-411
-1030
-1517
-1537
-958
69
1208
2116
2582
2579
2212
1648
1120
869
1071
1734
2648
3503
4021
4104
3842
3434
3084
2934
3023
3287
3548
3603
3336
2772
2075
1451
1043
913
1024
1286
1576
1762
1739
1477
1033
519
45
-319
-557
-697
-798
-953
-1248
-1706
-2239
-2692
-2911
-2795
-2352
-1672
-913
-265
92
101
-153
-478
-701
-790
-831
-936
-1127
-1332
-1468
-1528
-1571
-1645
-1757
-1878
-2004
-2172
-2411
-2687
-2904
-2964
-2835
-2573
-2266
-1998
-1845
-1839
-1969
-2153
-2270
-2233
-2025
-1699
-1353
-1072
-905
-854
-886
-906
-782
-402
265
1123
1990
2695
3141
3341
3401
3440
3523
3647
3742
3714
3517
3173
2780
2472
2359
2493
2836
3278
3658
3819
3668
3213
2589
1997
1608
1481
1555
1679
1701
1507
1070
459
-196
-741
-1063
-1125
-982
-753
-578
-568
-759
-1105
-1496
-1778
-1842
-1640
-1237
-811
-557
-601
-965
-1538
-2128
-2536
-2606
-2295
-1683
-949
-315
41
57
-204
-593
-947
-1182
-1302
-1390
-1569
-1926
-2497
-3209
-3891
-4349
-4422
-4073
-3389
-2573
-1873
-1474
-1442
-1683
-1985
-2085
-1798
-1088
-112
862
1541
1726
1404
739
29
-394
-309
329
1342
2401
3178
3461
3240
2709
2174
1941
2182
2851
3738
4527
4940
4832
4232
3335
2409
1699
1363
1411
1727
2106
2339
2299
1985
1487
944
495
222
139
180
234
194
-14
-374
-804
-1193
-1435
-1483
-1358
-1149
-962
-881
-942
-1104
-1287
-1379
-1308
-1075
-772
-527
-442
-557
-843
-1191
-1469
-1573
-1465
-1196
-907
-771
-920
-1372
-1998
-2591
-2947
-2939
-2583
-2042
-1550
-1330
-1509
-2056
-2776
-3400
-3692
-3537
-2978
-2175
-1345
-668
-233
-20
77
206
475
911
1451
1980
2389
2601
2588
2373
2022
1617
1246
994
920
1042
1328
1713
2138
2526
2804
2925
2890
2741
2547
2384
2289
2265
2277
2272
2204
2031
1745
1369
954
569
255
22
-154
-304
-440
-567
-656
-671
-583
-384
-110
160
327
309
83
-304
-761
-1167
-1417
-1463
-1313
-1021
-686
-417
-295
-329
-476
-675
-853
-972
-1040
-1110
-1245
-1489
-1842
-2261
-2656
-2929
-3010
-2878
-2561
-2128
-1691
-1343
-1139
-1088
-1148
-1252
-1317
-1285
-1139
-904
-619
-346
-146
-40
-22
-54
-70
-5
187
521
967
1464
1928
2279
2462
2478
2372
2208
2057
1945
1879
1833
1756
1630
1458
1270
1109
1017
1006
1049
1090
1082
1019
932
865
867
952
1086
1190
1187
1017
680
240
-192
-506
-643
-606
-439
-226
-45
62
84
44
-26
-95
-146
-185
-218
-252
-308
-411
-567
-770
-994
-1198
-1333
-1371
-1319
-1230
-1168
-1170
-1256
-1404
-1575
-1723
-1803
-1807
-1750
-1672
-1641
-1689
-1805
-1945
-2025
-1980
-1776
-1426
-989
-538
-132
195
447
650
834
1016
1197
1371
1516
1602
1615
1556
1442
1286
1114
962
865
847
922
1076
1272
1452
1556
1543
1420
1238
1061
952
940
998
1044
998
809
488
97
-257
-478
-522
-413
-226
-51
35
18
-44
-77
-18
151
391
613
729
681
469
149
-183
-430
-523
-460
-290
-99
28
39
-54
-204
-352
-461
-523
-582
-702
-924
-1256
-1655
-2039
-2319
-2440
-2382
-2185
-1911
-1620
-1366
-1181
-1064
-988
-916
-821
-688
-529
-366
-220
-99
-1
87
183
313
485
689
916
1147
1355
1521
1636
1699
1704
1654
1571
1479
1398
1334
1290
1255
1207
1118
982
807
617
457
358
330
340
353
341
292
228
178
167
199
246
252
171
-12
-277
-557
-755
-804
-689
-452
-198
-31
-21
-165
-397
-606
-672
-532
-195
261
698
969
985
754
360
-70
-414
-616
-699
-746
-857
-1099
-1479
-1926
-2318
-2537
-2515
-2258
-1844
-1390
-1014
-806
-780
-886
-1029
-1109
-1051
-826
-485
-107
232
491
668
790
898
1034
1210
1414
1612
1755
1796
1727
1564
1348
1126
946
846
840
917
1040
1174
1282
1334
1320
1244
1122
974
822
682
556
430
288
126
-63
-269
-469
-647
-809
-964
-1108
-1222
-1288
-1265
-1114
-813
-380
109
561
878
996
910
672
372
109
-56
-103
-66
-14
-34
-175
-422
-718
-977
-1126
-1125
-998
-820
-687
-659
-761
-965
-1206
-1406
-1510
-1505
-1409
-1285
-1203
-1209
-1315
-1479
-1619
-1664
-1553
-1271
-860
-389
68
460
770
1010
1209
1398
1586
1763
1906
1986
1982
1900
1769
1642
1570
1584
1674
1802
1906
1937
1861
1681
1432
1160
923
751
642
569
490
365
180
-54
-302
-529
-702
-812
-855
-840
-791
-722
-647
-577
-517
-469
-437
-429
-454
-511
-589
-665
-725
-756
-758
-737
-699
-643
-565
-467
-347
-206
-51
98
208
240
154
-71
-432
-887
-1364
-1786
-2083
-2212
-2171
-1995
-1739
-1455
-1195
-999
-884
-834
-815
-792
-726
-591
-383
-122
166
457
720
924
1059
1135
1172
1194
1241
1343
1500
1694
1900
2090
2234
2316
2341
2316
2254
2179
2099
2009
1895
1743
1551
1323
1066
802
548
333
164
37
-55
-132
-209
-317
-455
-620
-794
-944
-1036
-1050
-978
-846
-701
-594
-563
-627
-769
-942
-1091
-1166
-1148
-1042
-886
-732
-618
-564
-570
-619
-670
-688
-667
-634
-642
-739
-951
-1249
-1563
-1806
-1912
-1859
-1675
-1437
-1231
-1127
-1142
-1242
-1360
-1412
-1340
-1128
-812
-458
-142
84
213
291
385
545
787
1095
1412
1677
1856
1940
1949
1931
1936
2000
2129
2299
2456
2550
2552
2452
2275
2066
1872
1723
1637
1596
1571
1526
1428
1271
1065
835
603
385
185
-4
-188
-368
-534
-668
-750
-770
-747
-713
-718
-799
-972
-1221
-1493
-1719
-1838
-1816
-1668
-1436
-1184
-975
-838
-782
-783
-797
-790
-755
-717
-719
-805
-1001
-1287
-1609
-1874
-2006
-1975
-1798
-1544
-1313
-1181
-1179
-1290
-1448
-1560
-1541
-1357
-1028
-618
-214
104
308
420
487
567
701
889
1094
1275
1399
1453
1452
1434
1441
1508
1643
1824
2005
2138
2189
2152
2043
1900
1775
1701
1696
1760
1855
1937
1966
1910
1765
1537
1264
980
714
484
288
113
-49
-207
-350
-465
-536
-570
-576
-572
-590
-651
-756
-895
-1036
-1149
-1207
-1205
-1166
-1126
-1123
-1178
-1300
-1461
-1612
-1715
-1744
-1705
-1638
-1587
-1585
-1640
-1721
-1783
-1778
-1668
-1457
-1192
-944
-784
-745
-815
-929
-994
-934
-718
-378
6
340
554
627
601
550
553
658
866
1124
1355
1495
1520
1444
1321
1221
1199
1271
1408
1556
1657
1682
1639
1558
1481
1431
1410
1404
1386
1330
1224
1075
911
759
628
521
424
324
215
105
18
-25
-13
39
103
139
108
-5
-189
-412
-631
-821
-972
-1081
-1164
-1231
-1286
-1326
-1346
-1345
-1316
-1262
-1199
-1151
-1133
-1153
-1209
-1291
-1378
-1445
-1474
-1468
-1430
-1368
-1300
-1232
-1184
-1142
-1085
-1003
-882
-709
-485
-225
53
332
592
818
1010
1172
1302
1398
1464
1496
1492
1459
1399
1327
1258
1211
1201
1227
1275
1330
1367
1370
1336
1268
1185
1106
1043
996
958
918
853
755
624
476
325
184
65
-20
-71
-99
-113
-118
-121
-135
-171
-235
-328
-442
-574
-704
-803
-859
-865
-829
-776
-742
-750
-806
-899
-1012
-1118
-1196
-1252
-1314
-1407
-1550
-1734
-1924
-2069
-2115
-2031
-1834
-1560
-1269
-1024
-867
-800
-791
-789
-745
-624
-413
-147
129
371
545
652
712
767
858
1005
1208
1439
1655
1816
1902
1923
1897
1863
1853
1891
1973
2076
2162
2192
2144
2019
1829
1612
1405
1230
1095
995
915
834
739
622
485
336
182
31
-115
-258
-395
-521
-610
-658
-662
-634
-604
-587
-617
-696
-817
-964
-1112
-1232
-1311
-1349
-1365
-1384
-1430
-1516
-1649
-1803
-1946
-2055
-2107
-2116
-2088
-2046
-2010
-1980
-1932
-1845
-1708
-1516
-1272
-1011
-771
-578
-454
-393
-377
-368
-335
-263
-141
28
224
428
636
847
1058
1275
1495
1710
1905
2070
2191
2253
2270
2258
2232
2200
2167
2133
2085
2023
1954
1876
1808
1759
1736
1734
1738
1730
1694
1620
1503
1344
1150
936
710
482
259
52
-126
-268
-369
-430
-462
-480
-503
-539
-610
-720
-859
-1023
-1195
-1364
-1521
-1663
-1793
-1908
-2012
-2110
-2206
-2292
-2363
-2422
-2468
-2499
-2517
-2519
-2501
-2453
-2367
-2252
-2113
-1951
-1781
-1616
-1466
-1327
-1195
-1065
-915
-737
-535
-318
-84
151
383
615
851
1086
1318
1537
1728
1879
1981
2036
2048
2037
2021
2016
2031
2066
2118
2175
2226
2266
2292
2304
2310
2310
2298
2266
2212
2126
1996
1824
1620
1392
1155
919
700
505
341
222
146
112
110
131
148
142
103
28
-89
-233
-398
-572
-750
-929
-1119
-1326
-1549
-1783
-2012
-2215
-2379
-2500
-2578
-2625
-2663
-2701
-2743
-2779
-2793
-2766
-2690
-2570
-2418
-2254
-2100
-1970
-1862
-1768
-1664
-1524
-1336
-1106
-844
-567
-297
-47
185
400
601
795
987
1175
1344
1486
1588
1648
1681
1705
1743
1807
1900
2011
2122
2214
2273
2287
2262
2218
2172
2128
2086
2039
1966
1862
1728
1569
1403
1251
1131
1050
1001
965
929
886
835
775
711
647
582
519
448
361
245
102
-63
-239
-413
-583
-747
-899
-1046
-1191
-1339
-1495
-1649
-1799
-1940
-2066
-2179
-2278
-2363
-2438
-2493
-2532
-2554
-2547
-2517
-2468
-2409
-2339
-2259
-2165
-2047
-1898
-1722
-1520
-1300
-1075
-852
-639
-435
-234
-38
161
360
554
741
910
1058
1183
1287
1377
1458
1537
1618
1698
1774
1844
1905
1953
1990
2014
2028
2035
2036
2030
2017
1988
1936
1865
1768
1650
1521
1388
1257
1137
1029
934
851
771
692
609
521
427
327
228
129
30
-68
-171
-277
-389
-502
-616
-729
-836
-940
-1041
-1139
-1238
-1339
-1445
-1554
-1660
-1763
-1862
-1950
-2021
-2075
-2107
-2118
-2108
-2080
-2034
-1960
-1861
-1735
-1586
-1421
-1243
-1062
-879
-701
-525
-363
-223
-98
12
111
202
282
350
409
465
521
582
650
724
809
900
997
1101
1202
1294
1376
1448
1505
1543
1559
1558
1538
1497
1445
1384
1319
1254
1196
1146
1107
1082
1069
1063
1055
1052
1043
1021
985
930
853
753
639
514
375
231
83
-68
-222
-382
-534
-679
-820
-951
-1075
-1193
-1305
-1403
-1483
-1543
-1590
-1622
-1635
-1632
-1618
-1591
-1562
-1523
-1476
-1422
-1359
-1294
-1222
-1144
-1063
-975
-881
-785
-682
-571
-461
-349
-235
-123
-14
89
188
284
372
456
538
610
677
737
789
832
865
894
916
935
947
951
956
954
947
941
930
918
908
898
888
877
868
858
847
838
826
811
787
753
711
656
596
530
463
394
321
247
174
97
22
-53
-133
-222
-313
-403
-492
-579
-662
-747
-835
-924
-1010
-1090
-1160
-1218
-1259
-1285
-1290
-1282
-1258
-1222
-1175
-1116
-1046
-964
-873
-775
-668
-556
-444
-335
-232
-137
-54
24
96
161
214
258
298
338
376
411
449
485
516
543
571
600
628
658
683
703
718
729
731
731
725
713
695
671
646
622
596
570
539
506
476
446
421
397
373
350
327
306
281
255
224
185
142
96
49
-4
-66
-131
-198
-271
-346
-418
-496
-573
-648
-720
-777
-824
-870
-902
-925
-933
-920
-898
-869
-837
-802
-757
-710
-667
-616
-564
-511
-459
-408
-355
-300
-243
-179
-114
-48
16
78
139
201
266
322
377
426
472
518
561
599
625
639
652
660
663
664
656
645
637
621
606
587
566
546
527
510
490
469
453
435
420
405
386
371
357
337
313
279
236
188
135
79
19
-40
-97
-155
-219
-283
-346
-412
-480
-545
-607
-661
-705
-751
-790
-824
-856
-877
-897
-909
-905
-892
-859
-818
-771
-721
-671
-615
-558
-502
-443
-380
-313
-242
-178
-117
-58
0
56
110
160
211
270
325
377
427
469
508
546
582
617
649
674
695
701
707
710
701
693
675
652
631
605
577
546
509
474
442
408
376
346
316
291
263
235
208
182
162
143
118
94
67
38
5
-32
-73
-116
-161
-205
-250
-298
-346
-397
-453
-506
-558
-602
-635
-666
-691
-715
-734
-746
-757
-765
-766
-763
-752
-730
-703
-671
-635
-594
-547
-497
-446
-393
-336
-274
-212
-151
-91
-30
32
90
148
205
258
311
358
402
444
481
516
547
572
598
617
632
642
644
645
646
640
629
613
593
575
555
536
509
482
458
430
403
379
353
331
311
288
265
233
200
168
137
107
75
43
9
-28
-69
-112
-162
-210
-258
-306
-351
-390
-429
-464
-496
-529
-552
-575
-597
-614
-628
-631
-629
-630
-624
-618
-608
-589
-573
-553
-529
-505
-472
-440
-406
-370
-334
-290
-247
-206
-166
-125
-84
-39
7
55
102
152
199
242
283
322
360
390
421
452
476
497
512
518
526
530
530
531
522
516
507
495
483
468
449
430
409
390
367
343
319
297
275
253
228
201
173
142
108
74
38
4
-28
-61
-91
-120
-148
-176
-206
-236
-259
-284
-310
-333
-354
-368
-378
-391
-401
-408
-413
-411
-413
-413
-412
-411
-399
-385
-372
-356
-341
-319
-298
-278
-258
-236
-214
-190
-165
-138
-112
-86
-60
-35
-7
20
46
68
93
117
139
162
180
197
214
229
245
258
266
271
276
275
278
281
278
280
277
274
270
258
251
241
235
228
218
211
206
197
187
173
160
147
133
118
102
86
69
51
33
13
-7
-29
-53
-78
-100
-120
-137
-153
-168
-182
-196
-207
-218
-228
-235
-243
-242
-237
-235
-229
-225
-220
-211
-205
-198
-187
-175
-159
-147
-133
-119
-106
-92
-78
-63
-49
-34
-21
-6
8
20
34
45
55
65
75
84
91
95
99
105
112
117
121
123
130
132
135
132
123
119
120
120
122
121
118
116
112
107
100
92
85
78
75
70
60
51
41
31
20
9
-2
-11
-21
-28
-35
-41
-48
-53
-58
-65
-72
-78
-85
-89
-94
-95
-98
-104
-108
-110
-110
-109
-108
-109
-106
-104
-98
-91
-87
-82
-74
-63
-54
-44
-34
-26
-19
-9
1
11
20
30
35
42
48
54
61
64
69
72
72
74
76
75
77
75
75
72
70
72
72
71
69
64
60
58
54
50
47
44
40
35
30
25
19
12
8
5
3
1
-2
-8
-13
-19
-22
-25
-26
-27
-26
-27
-29
-33
-38
-43
-47
-54
-58
-62
-66
-69
-71
-75
-78
-81
-82
-81
-76
-71
-66
-63
-59
-53
-52
-50
-45
-41
-43
-41
-39
-35
-29
-20
-11
-5
2
10
17
24
31
36
40
45
49
55
61
66
73
76
80
83
85
87
91
95
97
97
97
97
94
91
87
84
81
77
78
75
71
67
61
56
50
43
35
26
19
10
3
-3
-12
-18
-26
-38
-46
-53
-60
-69
-76
-83
-90
-95
-101
-106
-109
-114
-117
-118
-118
-117
-114
-114
-114
-114
-115
-113
-112
-109
-106
-105
-100
-96
-92
-84
-77
-68
-58
-45
-33
-23
-11
0
7
19
29
41
52
61
70
78
86
91
98
104
108
114
118
123
128
133
137
141
143
144
143
143
144
142
141
136
131
127
121
115
107
99
91
86
77
69
58
48
37
26
14
2
-5
-15
-25
-35
-46
-57
-67
-77
-86
-94
-101
-109
-119
-125
-130
-136
-140
-149
-154
-156
-160
-163
-164
-166
-166
-164
-160
-156
-154
-148
-144
-139
-132
-125
-119
-109
-98
-88
-77
-70
-61
-52
-44
-35
-25
-13
-1
12
22
36
48
58
70
79
91
105
118
131
139
147
153
159
168
175
182
186
192
196
197
198
201
204
204
204
201
198
195
191
183
172
160
149
137
122
108
91
75
58
41
24
6
-11
-29
-44
-62
-77
-91
-107
-122
-137
-153
-166
-176
-184
-191
-199
-207
-212
-217
-217
-217
-218
-218
-215
-212
-208
-204
-197
-191
-183
-173
-163
-151
-140
-128
-118
-108
-99
-89
-78
-67
-55
-42
-28
-16
-5
6
15
25
34
44
54
66
78
90
101
112
125
130
139
149
157
169
179
188
197
202
209
215
219
222
223
221
220
220
219
214
210
202
193
184
174
165
151
137
118
102
85
70
53
34
15
-8
-27
-45
-66
-84
-102
-117
-131
-143
-156
-169
-181
-193
-203
-208
-215
-217
-218
-218
-215
-214
-215
-212
-209
-210
-207
-202
-194
-185
-176
-167
-157
-146
-137
-125
-113
-101
-89
-77
-65
-53
-40
-28
-15
-3
9
20
31
41
52
65
79
90
103
115
123
133
143
152
159
169
181
190
199
206
212
214
215
218
217
211
209
204
200
197
185
176
168
155
141
127
111
97
82
67
52
38
22
6
-11
-24
-36
-50
-64
-78
-92
-106
-118
-129
-138
-148
-159
-166
-173
-178
-185
-189
-190
-188
-189
-185
-182
-177
-169
-166
-161
-155
-147
-137
-128
-119
-112
-102
-91
-78
-67
-55
-45
-35
-24
-13
0
10
22
30
40
51
58
67
73
80
87
92
97
99
102
104
105
104
105
106
107
109
111
113
113
114
115
113
111
109
107
106
104
101
96
90
86
82
76
67
57
49
42
35
25
17
9
2
-6
-13
-22
-29
-37
-45
-51
-59
-62
-70
-75
-80
-86
-90
-93
-100
-102
-106
-105
-101
-98
-95
-93
-91
-88
-87
-84
-80
-75
-70
-64
-58
-52
-49
-45
-39
-34
-31
-28
-23
-16
-12
-6
0
6
12
18
23
29
32
36
40
43
46
49
53
54
56
59
60
60
58
58
58
58
59
59
55
52
50
48
47
44
40
38
35
32
31
30
28
25
22
19
16
12
9
5
1
-1
-3
-6
-9
-11
-15
-16
-19
-21
-25
-27
-28
-30
-32
-33
-31
-30
-31
-31
-32
-33
-33
-32
-34
-31
-32
-32
-30
-31
-30
-26
-25
-24
-23
-22
-19
-14
-12
-9
-7
-5
-5
-5
-5
-4
-3
0
2
1
4
6
6
8
7
7
8
8
11
12
12
13
13
14
14
13
15
17
17
17
17
16
15
15
14
13
15
15
15
15
14
12
12
12
11
10
8
6
7
6
5
3
1
-1
-1
-2
-2
-2
-2
-2
-3
-4
-5
-5
-6
-8
-8
-8
-7
-7
-9
-9
-8
-9
-10
-12
-11
-9
-10
-11
-11
-10
-10
-10
-11
-11
-9
-8
-8
-7
-5
-5
-5
-4
-2
-2
-2
-3
-3
-1
0
1
2
2
4
5
6
6
5
7
7
8
9
8
7
3
2
2
2
4
6
7
7
6
3
1
3
3
1
1
2
2
2
1
1
1
0
0
-1
-4
-6
-7
-7
-6
-5
-5
-5
-4
-5
-4
-6
-6
-5
-3
-3
-2
0
1
3
4
2
2
4
4
1
1
2
0
0
2
4
4
4
3
2
3
2
1
2
4
4
5
8
6
7
6
7
6
3
4
2
1
1
0
0
-2
-1
-3
-3
-2
0
-1
-4
-4
-4
-6
-6
-6
-7
-8
