8
5
3
2
-3
-4
-5
-2
4
6
8
4
1
-1
-4
-2
-2
-4
-3
-6
-7
-7
-8
-8
-7
-2
1
0
0
-1
-4
-5
-6
-7
-5
-3
-2
-1
-2
-4
-4
-3
-3
-3
-4
-6
-4
-5
-7
-8
-8
-7
-6
-3
1
5
10
8
8
8
5
2
2
0
-1
-2
-3
-2
-1
-2
0
2
5
7
9
9
6
4
1
0
0
1
0
0
2
4
6
10
11
12
12
11
10
9
6
6
5
4
6
5
4
6
3
1
1
-2
-5
-8
-10
-12
-13
-14
-15
-15
-16
-16
-16
-16
-17
-16
-15
-18
-19
-18
-20
-19
-19
-15
-12
-9
-5
-3
1
4
5
7
8
11
11
13
15
19
37
41
41
45
42
57
64
59
63
57
63
73
67
67
62
60
66
57
46
33
17
3
-10
-18
-24
-25
-26
-23
-18
-13
-9
-8
-2
4
15
32
60
109
171
231
304
365
438
510
513
487
411
299
152
-63
-313
-586
-849
-1180
-1472
-1649
-1801
-1838
-1900
-1930
-1769
-1586
-1352
-1126
-944
-708
-485
-289
-117
32
176
305
437
561
716
903
1060
1244
1419
1605
1867
2031
2148
2227
2241
2198
2084
1910
1675
1396
1091
779
478
216
0
-154
-236
-252
-215
-138
-44
58
148
207
226
203
136
30
-104
-254
-407
-558
-694
-800
-872
-909
-915
-894
-854
-810
-770
-738
-728
-734
-757
-779
-800
-817
-815
-802
-767
-712
-653
-566
-476
-367
-216
-51
181
451
759
1125
1487
1862
2198
2443
2612
2620
2478
2175
1681
1074
329
-494
-1309
-2120
-2821
-3403
-3835
-4047
-4102
-3962
-3663
-3275
-2771
-2262
-1735
-1209
-770
-363
-39
223
467
624
775
902
1006
1151
1288
1475
1687
1893
2148
2398
2654
2903
3092
3247
3310
3276
3164
2932
2614
2205
1710
1195
654
134
-331
-729
-1025
-1222
-1325
-1313
-1222
-1064
-858
-635
-392
-169
16
165
243
256
196
58
-137
-400
-688
-970
-1237
-1461
-1638
-1749
-1786
-1765
-1671
-1523
-1360
-1199
-1044
-884
-740
-629
-535
-470
-421
-391
-357
-306
-279
-285
-308
-332
-334
-345
-309
-203
-32
226
575
1057
1614
2122
2605
3011
3315
3444
3349
3097
2626
1907
1056
122
-824
-1796
-2764
-3542
-4132
-4526
-4662
-4554
-4205
-3741
-3224
-2568
-1894
-1270
-734
-295
128
435
663
910
1100
1243
1319
1393
1545
1648
1757
1921
2093
2299
2479
2693
2945
3087
3161
3175
3109
2967
2672
2326
1925
1405
870
349
-98
-491
-851
-1057
-1151
-1161
-1059
-873
-608
-357
-161
52
198
252
206
74
-103
-376
-696
-975
-1237
-1470
-1681
-1835
-1888
-1939
-1962
-1930
-1881
-1824
-1805
-1762
-1686
-1635
-1583
-1509
-1405
-1290
-1187
-1033
-834
-633
-424
-215
19
201
326
425
501
528
520
514
587
706
909
1225
1654
2125
2561
2982
3347
3582
3622
3461
3118
2579
1842
999
94
-852
-1829
-2748
-3499
-4041
-4368
-4450
-4303
-3968
-3509
-2931
-2261
-1587
-999
-510
-103
230
491
719
935
1086
1168
1249
1381
1544
1685
1825
1997
2173
2334
2517
2734
2910
2955
2879
2740
2523
2205
1798
1349
867
351
-131
-504
-757
-915
-995
-965
-832
-632
-375
-90
176
360
455
491
441
289
58
-220
-526
-870
-1200
-1461
-1685
-1881
-2027
-2091
-2081
-2082
-2070
-2020
-1982
-1970
-2003
-2022
-2012
-2038
-2021
-1926
-1765
-1546
-1318
-1001
-603
-230
148
480
768
1004
1136
1276
1363
1365
1365
1349
1454
1646
1927
2340
2700
3053
3394
3686
3903
3885
3635
3190
2461
1586
638
-390
-1450
-2616
-3639
-4409
-4971
-5226
-5236
-4995
-4592
-4113
-3414
-2580
-1818
-1142
-583
-54
395
689
1043
1338
1492
1526
1532
1696
1831
1876
1981
2123
2259
2365
2473
2717
2854
2803
2708
2538
2391
2093
1681
1298
821
372
-11
-311
-463
-610
-669
-563
-426
-179
86
294
477
512
535
521
311
29
-317
-683
-1027
-1433
-1724
-1909
-2113
-2227
-2281
-2252
-2199
-2250
-2252
-2233
-2268
-2307
-2380
-2403
-2389
-2398
-2305
-2125
-1875
-1536
-1151
-647
-54
510
1080
1565
1951
2241
2365
2407
2327
2145
1945
1723
1597
1608
1766
2038
2294
2571
2869
3151
3322
3288
3053
2580
1843
959
13
-982
-2059
-3188
-4177
-4947
-5460
-5648
-5578
-5263
-4807
-4191
-3343
-2440
-1558
-752
-42
576
1041
1431
1836
2079
2156
2152
2161
2239
2208
2155
2181
2192
2191
2214
2320
2479
2513
2398
2295
2125
1904
1591
1187
812
352
-59
-344
-537
-601
-616
-537
-362
-145
130
444
667
797
834
790
686
411
72
-292
-729
-1187
-1620
-1935
-2151
-2374
-2533
-2561
-2546
-2494
-2471
-2418
-2346
-2383
-2417
-2446
-2432
-2398
-2325
-2142
-1835
-1462
-1046
-485
72
715
1297
1810
2270
2428
2556
2540
2419
2218
1885
1622
1392
1249
1317
1616
1862
2161
2445
2807
3186
3197
3169
2868
2263
1480
488
-420
-1483
-2738
-3827
-4688
-5307
-5638
-5740
-5461
-5019
-4560
-3762
-2837
-1895
-1085
-424
330
901
1277
1665
1981
2140
2060
1943
2015
2028
1885
1809
1805
1842
1780
1773
1996
2109
2083
1975
1915
1852
1579
1288
1006
690
312
8
-96
-124
-113
-45
181
439
693
990
1272
1448
1410
1310
1169
902
503
48
-363
-848
-1373
-1818
-2115
-2327
-2568
-2699
-2721
-2723
-2775
-2793
-2717
-2643
-2670
-2690
-2619
-2547
-2450
-2281
-1933
-1532
-1157
-694
-98
554
1094
1617
2000
2302
2330
2297
2271
2020
1760
1329
1112
973
952
1192
1522
1891
2235
2672
3126
3474
3489
3318
2904
2137
1273
234
-788
-1996
-3294
-4320
-5137
-5673
-5939
-5894
-5569
-5109
-4490
-3543
-2534
-1621
-819
-90
609
1088
1453
1825
2034
2009
1874
1843
1910
1857
1730
1718
1750
1732
1709
1854
2093
2170
2111
2065
2081
1964
1721
1490
1238
906
510
274
221
193
224
342
570
793
997
1286
1535
1632
1566
1423
1201
833
367
-64
-507
-1025
-1545
-1965
-2246
-2503
-2691
-2755
-2801
-2896
-2984
-2965
-2864
-2835
-2859
-2833
-2782
-2706
-2552
-2220
-1770
-1330
-894
-323
343
966
1523
1920
2235
2319
2225
2139
1911
1618
1179
779
517
393
472
724
1109
1462
1978
2476
2997
3317
3319
3184
2628
1929
1069
75
-1027
-2320
-3524
-4513
-5274
-5780
-5897
-5796
-5449
-4904
-4144
-3089
-2147
-1237
-361
378
1034
1509
1946
2295
2372
2278
2223
2190
2107
1967
1845
1865
1824
1786
1910
2138
2317
2327
2291
2329
2311
2112
1872
1621
1333
995
664
521
446
404
452
614
843
1053
1237
1396
1493
1441
1350
1121
759
304
-195
-613
-1142
-1648
-2085
-2443
-2712
-2985
-3084
-3113
-3182
-3279
-3325
-3283
-3274
-3352
-3404
-3355
-3310
-3187
-2932
-2494
-1967
-1452
-833
-91
667
1325
1949
2371
2652
2681
2559
2469
2095
1704
1217
805
538
381
566
926
1334
1705
2317
2934
3535
3849
3858
3799
3167
2427
1506
440
-698
-2214
-3513
-4562
-5415
-5907
-6079
-5928
-5506
-4976
-4102
-2942
-1936
-936
-79
680
1305
1639
2012
2268
2199
1983
1788
1732
1656
1450
1401
1479
1504
1528
1663
1988
2205
2201
2196
2227
2217
2030
1767
1560
1243
877
582
447
386
298
315
462
644
807
1020
1226
1304
1207
1074
936
653
227
-219
-598
-1047
-1535
-1955
-2249
-2518
-2842
-3065
-3170
-3264
-3390
-3461
-3440
-3390
-3406
-3362
-3196
-3032
-2779
-2425
-1928
-1342
-843
-164
582
1280
1899
2303
2696
2822
2772
2621
2384
2045
1524
1065
684
595
613
890
1258
1633
2229
2750
3432
3805
3931
3819
3228
2547
1567
524
-719
-2186
-3531
-4727
-5632
-6229
-6425
-6320
-5964
-5446
-4572
-3431
-2386
-1362
-486
375
1036
1437
1870
2148
2195
2009
1835
1796
1708
1506
1405
1463
1508
1585
1721
2082
2342
2368
2390
2389
2436
2235
1968
1725
1400
1048
651
441
306
214
192
297
515
739
1030
1278
1478
1522
1499
1411
1157
777
323
-112
-643
-1210
-1749
-2159
-2534
-2937
-3193
-3346
-3409
-3509
-3560
-3476
-3412
-3361
-3309
-3167
-2977
-2789
-2466
-2016
-1480
-944
-362
343
990
1603
2056
2444
2676
2619
2544
2263
1997
1590
1109
886
697
803
1017
1317
1839
2249
2761
3209
3463
3557
3247
2663
1928
938
-129
-1323
-2645
-3776
-4877
-5681
-6083
-6248
-5984
-5605
-5005
-4063
-3115
-2058
-1100
-255
568
1107
1557
1979
2211
2321
2233
2115
2107
1978
1860
1818
1803
1894
1932
2053
2293
2403
2447
2386
2287
2189
1903
1572
1227
840
497
155
-59
-135
-130
30
296
621
1015
1392
1718
1952
2035
2041
1846
1438
946
408
-114
-748
-1385
-1935
-2421
-2829
-3139
-3259
-3281
-3336
-3386
-3343
-3230
-3139
-3108
-3075
-3029
-3024
-2946
-2712
-2347
-1939
-1513
-942
-262
413
1040
1619
2090
2359
2428
2447
2329
2107
1764
1418
1214
1056
1163
1382
1658
2053
2407
2904
3210
3358
3394
3064
2467
1594
673
-318
-1553
-2854
-3941
-4822
-5505
-5911
-5958
-5627
-5263
-4710
-3800
-2777
-1757
-940
-84
753
1307
1763
2196
2545
2642
2514
2498
2538
2406
2222
2146
2155
2107
1964
2023
2172
2153
2054
1937
1921
1733
1356
1046
720
393
2
-270
-365
-458
-435
-261
78
461
814
1244
1616
1849
1986
2027
1935
1557
1029
515
-50
-678
-1338
-1880
-2342
-2812
-3167
-3294
-3295
-3363
-3444
-3423
-3314
-3279
-3285
-3206
-3121
-3087
-3069
-2836
-2423
-1986
-1494
-870
-84
643
1295
1923
2480
2826
2951
2946
2911
2741
2434
2244
2129
2173
2166
2242
2517
2735
2960
3006
3046
2895
2393
1721
913
52
-1039
-2203
-3250
-4128
-4906
-5488
-5698
-5619
-5385
-5058
-4445
-3636
-2837
-2069
-1262
-424
247
759
1278
1815
2165
2326
2449
2621
2748
2730
2750
2815
2810
2707
2609
2623
2569
2337
2052
1766
1461
1034
560
153
-279
-711
-1047
-1180
-1162
-1094
-889
-511
-8
523
1079
1649
2102
2386
2550
2613
2476
2105
1597
1031
360
-379
-1041
-1582
-2087
-2552
-2837
-2918
-2934
-2973
-2939
-2826
-2771
-2799
-2846
-2848
-2901
-3029
-3074
-2983
-2786
-2505
-2086
-1478
-784
-82
687
1427
2102
2620
3016
3346
3449
3403
3311
3247
3206
3053
2909
2867
2828
2767
2626
2464
2212
1699
1028
309
-437
-1291
-2311
-3253
-4018
-4630
-5102
-5377
-5359
-5174
-4914
-4503
-3900
-3223
-2614
-2045
-1392
-747
-194
329
897
1460
1873
2228
2656
3060
3324
3480
3658
3823
3826
3712
3601
3437
3126
2664
2187
1720
1128
492
-122
-646
-1122
-1549
-1797
-1878
-1796
-1552
-1133
-557
81
744
1424
2042
2544
2900
3068
3049
2778
2347
1807
1132
400
-368
-1039
-1614
-2133
-2489
-2670
-2715
-2698
-2668
-2564
-2450
-2454
-2487
-2596
-2708
-2896
-3149
-3273
-3355
-3290
-3124
-2770
-2193
-1537
-759
85
952
1775
2464
3067
3566
3858
4053
4161
4291
4300
4095
3913
3672
3411
2933
2398
1913
1230
400
-532
-1282
-2029
-2939
-3798
-4446
-4845
-5156
-5267
-5023
-4630
-4275
-3882
-3319
-2659
-2202
-1835
-1406
-971
-588
-240
312
880
1301
1667
2139
2739
3201
3573
3962
4334
4541
4572
4584
4507
4156
3566
2910
2249
1481
603
-201
-915
-1592
-2182
-2533
-2614
-2565
-2367
-1902
-1198
-429
363
1198
2021
2650
3054
3334
3404
3195
2725
2149
1488
659
-207
-992
-1653
-2225
-2648
-2809
-2829
-2803
-2701
-2503
-2267
-2170
-2165
-2201
-2348
-2581
-2883
-3102
-3285
-3471
-3499
-3346
-2959
-2452
-1820
-970
-78
866
1786
2677
3528
4100
4597
4999
5296
5449
5308
5140
4807
4331
3734
2991
2246
1302
238
-804
-1766
-2624
-3493
-4270
-4791
-5103
-5237
-5189
-4923
-4473
-4013
-3554
-3020
-2459
-2023
-1708
-1472
-1200
-962
-773
-422
-38
422
864
1400
2142
2798
3416
3978
4496
4916
5072
5134
5104
4820
4290
3554
2780
1941
919
-57
-959
-1750
-2424
-2945
-3113
-3074
-2845
-2383
-1734
-901
-31
848
1717
2400
2922
3252
3335
3210
2804
2265
1619
836
75
-650
-1275
-1786
-2206
-2421
-2454
-2430
-2315
-2177
-1998
-1837
-1862
-1927
-2076
-2331
-2634
-3000
-3279
-3467
-3605
-3532
-3258
-2841
-2229
-1534
-655
310
1217
2204
3102
3896
4607
5141
5672
5996
6012
5914
5581
5143
4471
3527
2594
1428
158
-1127
-2331
-3293
-4285
-5126
-5651
-5884
-5861
-5680
-5235
-4606
-3988
-3425
-2789
-2151
-1673
-1375
-1200
-987
-866
-786
-573
-303
60
426
965
1749
2505
3263
3963
4635
5213
5526
5749
5779
5506
4937
4151
3320
2353
1217
74
-977
-1934
-2745
-3308
-3528
-3493
-3298
-2815
-2065
-1148
-210
714
1642
2383
2908
3228
3374
3284
2856
2280
1624
901
144
-596
-1159
-1613
-1984
-2170
-2174
-2036
-1882
-1751
-1583
-1474
-1492
-1623
-1861
-2161
-2572
-3028
-3409
-3713
-3889
-3913
-3726
-3361
-2848
-2163
-1302
-332
606
1612
2627
3562
4364
5017
5722
6210
6369
6320
6085
5734
4984
3996
2968
1740
356
-1143
-2440
-3521
-4606
-5494
-6054
-6255
-6230
-5998
-5412
-4651
-3945
-3273
-2536
-1810
-1302
-1020
-772
-604
-615
-626
-471
-162
77
335
900
1670
2445
3156
3955
4804
5369
5679
5928
6073
5884
5224
4393
3537
2477
1250
17
-1034
-1991
-2927
-3539
-3753
-3667
-3392
-2909
-2111
-1194
-278
679
1607
2364
2828
3069
3163
2986
2541
1977
1349
641
-138
-804
-1260
-1625
-1914
-2019
-1934
-1768
-1652
-1502
-1302
-1256
-1373
-1616
-1885
-2253
-2780
-3244
-3648
-3951
-4199
-4244
-4007
-3690
-3170
-2517
-1593
-584
352
1483
2512
3555
4455
5245
6119
6555
6798
6797
6579
6196
5332
4350
3129
1689
138
-1397
-2694
-3962
-5078
-5950
-6374
-6477
-6332
-5793
-5080
-4230
-3498
-2696
-1836
-1213
-763
-553
-370
-326
-417
-364
-224
-5
204
565
1224
1948
2687
3449
4258
4989
5468
5803
5994
5925
5473
4734
3882
2862
1649
349
-824
-1866
-2789
-3494
-3846
-3857
-3677
-3226
-2514
-1602
-681
181
1062
1802
2328
2618
2723
2646
2279
1751
1204
635
44
-550
-1002
-1291
-1524
-1627
-1611
-1475
-1365
-1319
-1235
-1221
-1300
-1540
-1823
-2130
-2541
-2966
-3340
-3590
-3763
-3852
-3750
-3489
-3119
-2622
-1955
-1091
-216
718
1699
2742
3797
4725
5697
6400
6910
7106
7051
6831
6085
5162
3869
2448
854
-841
-2282
-3726
-4903
-5896
-6435
-6579
-6482
-5997
-5315
-4425
-3600
-2753
-1885
-1206
-728
-488
-287
-217
-284
-275
-162
63
274
642
1278
2003
2715
3409
4157
4809
5205
5422
5513
5367
4871
4109
3236
2244
1116
-45
-1090
-2003
-2806
-3350
-3596
-3514
-3235
-2737
-2008
-1215
-397
369
1125
1706
2030
2177
2193
2069
1696
1266
858
426
-55
-520
-750
-907
-1071
-1175
-1164
-1054
-1092
-1154
-1180
-1233
-1431
-1764
-1989
-2217
-2457
-2777
-2944
-2983
-3066
-3012
-2964
-2661
-2413
-2152
-1643
-1187
-458
200
1015
2066
2972
4148
5115
6027
6770
7075
7300
6959
6309
5280
3914
2399
611
-1081
-2716
-4151
-5402
-6283
-6701
-6752
-6393
-5805
-4885
-3932
-2993
-2071
-1349
-755
-499
-369
-334
-427
-458
-442
-239
40
390
969
1689
2447
3156
3826
4490
4959
5128
5152
4956
4522
3765
2819
1935
913
-115
-1070
-1802
-2282
-2721
-2871
-2739
-2406
-1964
-1460
-767
-82
454
901
1285
1554
1612
1504
1392
1202
920
644
425
280
72
-114
-209
-301
-399
-550
-669
-814
-1070
-1307
-1524
-1727
-1933
-2170
-2279
-2347
-2433
-2392
-2339
-2181
-2062
-2053
-1919
-1891
-1808
-1733
-1656
-1370
-1022
-549
237
1176
2415
3636
4657
5751
6404
6963
6963
6530
5766
4373
2801
959
-804
-2474
-4112
-5415
-6310
-6689
-6628
-6141
-5280
-4262
-3250
-2329
-1374
-650
-208
-87
-81
-144
-337
-445
-323
5
381
832
1573
2494
3319
3991
4537
5029
5131
4912
4553
4047
3302
2215
1195
340
-493
-1274
-1879
-2117
-2179
-2141
-1847
-1351
-832
-451
-83
315
583
655
654
646
537
356
257
288
296
252
300
462
591
597
599
572
371
-19
-461
-842
-1322
-1906
-2371
-2664
-2812
-2910
-2831
-2530
-2197
-1909
-1553
-1140
-801
-658
-708
-688
-837
-1064
-1302
-1513
-1433
-1431
-1010
-243
803
2137
3176
4458
5368
6074
6353
6082
5545
4297
2812
1070
-593
-2192
-3724
-4907
-5717
-5984
-5874
-5247
-4270
-3219
-2205
-1397
-593
-100
33
-107
-372
-621
-895
-957
-606
47
819
1699
2788
4005
4942
5540
5838
5802
5304
4308
3191
1995
704
-590
-1675
-2276
-2593
-2613
-2289
-1709
-994
-363
261
831
1160
1216
1055
730
288
-270
-721
-1001
-1174
-1159
-943
-477
89
605
1132
1545
1754
1681
1372
946
295
-488
-1312
-1993
-2559
-2995
-3186
-3134
-2817
-2452
-1930
-1366
-873
-479
-295
-107
-144
-302
-583
-869
-1076
-1328
-1350
-1319
-955
-577
38
937
1904
3044
3745
4422
4735
4736
4379
3577
2658
1365
-46
-1434
-2477
-3266
-3892
-4257
-4279
-3876
-3376
-2627
-1804
-1088
-666
-647
-657
-870
-1276
-1783
-2168
-2224
-2010
-1398
-236
1245
2787
4198
5493
6593
7113
7016
6388
5310
3780
1964
270
-1090
-2273
-3147
-3522
-3291
-2659
-1916
-905
141
967
1413
1594
1664
1364
752
97
-413
-799
-1094
-1082
-706
-214
270
826
1407
1798
1818
1621
1307
727
-77
-898
-1562
-2103
-2612
-2817
-2697
-2408
-2087
-1722
-1211
-797
-604
-552
-561
-702
-971
-1285
-1343
-1383
-1347
-1292
-1028
-618
-290
138
510
1036
1300
1737
2193
2757
3187
3221
3342
3058
2748
2069
1252
407
-793
-1859
-2846
-3455
-3871
-4147
-4147
-3842
-3295
-2611
-1709
-928
-317
-183
-253
-376
-731
-1107
-1521
-1662
-1494
-1061
-89
1314
2832
4183
5233
6121
6665
6581
6011
5004
3693
2111
471
-735
-1579
-2161
-2487
-2460
-1971
-1345
-721
-75
410
650
569
393
297
137
-62
-186
-117
129
463
879
1321
1594
1661
1568
1346
959
354
-300
-979
-1594
-2083
-2354
-2382
-2352
-2224
-1993
-1669
-1380
-1235
-1156
-1108
-1169
-1302
-1392
-1397
-1330
-1294
-1155
-840
-576
-336
-198
-69
65
-13
46
207
437
941
1446
2336
3126
3623
3988
3870
3531
2638
1400
91
-1404
-2860
-4039
-4733
-4956
-4866
-4531
-3713
-2700
-1699
-702
71
595
528
15
-510
-1089
-1621
-1977
-1944
-1337
-423
844
2468
4105
5384
6050
6289
6100
5363
4168
2824
1547
323
-668
-1131
-1024
-661
-257
229
764
1084
1072
824
438
-158
-885
-1419
-1551
-1361
-975
-357
439
1268
1882
2317
2508
2307
1729
894
76
-723
-1456
-1953
-2190
-2237
-2174
-1965
-1623
-1381
-1381
-1483
-1639
-1848
-2152
-2349
-2255
-2032
-1706
-1304
-650
-15
454
697
787
670
215
-345
-924
-1306
-1660
-1610
-1201
-286
978
2315
3762
4605
4997
4658
3816
2546
760
-978
-2639
-3873
-4645
-4784
-4256
-3392
-2461
-1566
-680
-57
231
95
-289
-901
-1757
-2448
-2777
-2592
-2008
-1116
164
1612
2991
4183
5004
5350
5050
4191
3148
2039
1064
319
-84
-135
99
560
1201
1768
2017
1975
1617
1148
574
7
-369
-641
-697
-468
72
839
1534
2021
2252
2135
1677
1001
218
-574
-1309
-1833
-1967
-1750
-1317
-779
-306
-57
-136
-527
-1123
-1886
-2752
-3497
-3914
-3959
-3558
-2771
-1662
-445
588
1412
1925
2020
1704
1015
166
-753
-1557
-2093
-2207
-2007
-1531
-685
235
1365
2231
2969
3366
3092
2415
1312
208
-928
-2038
-2788
-3114
-3076
-2776
-2238
-1542
-926
-705
-657
-660
-729
-803
-967
-945
-891
-875
-702
-349
171
669
1035
1487
1866
2151
2411
2548
2602
2353
1972
1689
1443
1218
964
708
515
291
178
264
360
408
370
466
758
1083
1452
1819
2130
2271
2323
2419
2520
2401
2021
1559
1075
593
52
-377
-701
-1008
-1263
-1406
-1318
-1225
-1214
-1273
-1462
-1733
-2173
-2600
-2938
-3258
-3410
-3323
-2957
-2358
-1664
-849
0
642
1044
1282
1333
1172
817
312
47
-310
-570
-681
-790
-483
-287
189
878
1401
1884
1878
1552
932
-42
-1096
-2116
-3087
-3768
-4017
-3848
-3233
-2600
-1946
-1361
-1066
-773
-522
-172
237
381
574
777
974
1243
1413
1632
1793
1797
1886
2042
2231
2362
2278
2141
1854
1487
1148
753
337
-180
-676
-949
-1029
-945
-659
-342
3
379
862
1537
2115
2533
2755
2888
2988
3043
3089
3074
2855
2383
1800
1203
681
130
-386
-788
-1043
-1157
-1155
-1039
-1003
-1149
-1508
-2020
-2543
-3126
-3662
-4031
-4160
-3939
-3415
-2573
-1564
-658
120
521
702
734
522
388
140
36
120
236
519
649
745
889
864
1103
1345
1552
1735
1425
886
187
-705
-1592
-2471
-3300
-3811
-4110
-4160
-3888
-3646
-3425
-3362
-3308
-2876
-2234
-1241
-152
799
1651
2166
2505
2739
2707
2597
2403
2265
2413
2764
3268
3611
3631
3334
2696
1940
1092
217
-512
-1177
-1625
-1719
-1515
-1084
-648
-381
-201
-48
123
419
850
1413
2050
2717
3394
4024
4407
4346
3809
2929
1896
911
108
-438
-691
-680
-471
-207
14
11
-343
-998
-1872
-2655
-3215
-3541
-3606
-3433
-3016
-2546
-2075
-1713
-1490
-1389
-1475
-1492
-1370
-1029
-588
-98
402
756
964
900
779
409
136
61
204
934
1587
2295
2697
2448
1814
727
-515
-1749
-2915
-3806
-4174
-4148
-3783
-3319
-3042
-3012
-3373
-3716
-3727
-3293
-2406
-1337
-160
948
1748
2334
2707
2831
2757
2587
2634
2966
3510
4011
4372
4419
3964
3217
2275
1304
303
-673
-1351
-1604
-1490
-1133
-660
-258
-112
-240
-306
-207
51
485
1027
1791
2566
3221
3755
3969
3748
3030
2081
1232
557
131
-26
22
175
224
163
-2
-447
-1132
-1919
-2549
-2881
-2941
-2724
-2355
-1948
-1654
-1499
-1357
-1364
-1452
-1543
-1615
-1418
-1179
-841
-452
-267
-170
-295
-522
-628
-822
-836
-438
143
1219
2198
2790
3086
2512
1465
218
-1104
-2023
-2631
-2980
-2769
-2380
-2015
-1792
-2159
-2790
-3590
-4259
-4210
-3568
-2417
-1077
-4
823
1245
1329
1307
1132
1110
1369
2009
3113
4274
5206
5573
5135
4100
2713
1372
366
-350
-666
-632
-323
163
468
528
238
-374
-936
-1195
-908
-116
903
1931
2817
3384
3579
3413
2865
2105
1277
611
316
367
579
713
596
188
-387
-1006
-1543
-1951
-2210
-2285
-2173
-1894
-1563
-1362
-1366
-1623
-1914
-2042
-1957
-1563
-1044
-420
125
449
577
463
164
-296
-750
-1101
-1187
-1119
-894
-371
247
964
1512
1758
1728
1265
483
-357
-1098
-1598
-1877
-1978
-1859
-1697
-1635
-1746
-2130
-2672
-3224
-3494
-3159
-2312
-1146
-8
711
955
732
297
-50
-231
-77
438
1342
2512
3635
4461
4712
4281
3311
2135
1170
652
426
367
381
333
223
-61
-456
-875
-1256
-1422
-1186
-477
546
1548
2229
2544
2553
2460
2416
2407
2401
2397
2338
2198
1968
1526
924
127
-837
-1630
-2043
-2041
-1812
-1617
-1536
-1605
-1811
-2191
-2507
-2607
-2578
-2401
-2020
-1395
-622
64
389
533
482
300
192
160
271
342
315
122
-57
-296
-464
-334
-77
508
993
1334
1494
1167
605
-199
-1108
-1766
-2191
-2385
-2224
-2150
-2156
-2259
-2715
-3105
-3330
-3144
-2367
-1340
-239
624
1047
1081
775
414
205
211
624
1329
2170
3035
3594
3725
3369
2554
1623
841
453
464
652
864
846
605
208
-385
-923
-1329
-1549
-1375
-894
-185
603
1127
1370
1441
1450
1639
2014
2486
2932
3115
3018
2663
2087
1409
630
-94
-596
-875
-875
-771
-796
-974
-1421
-2062
-2679
-3146
-3263
-3027
-2601
-2101
-1600
-1125
-721
-437
-257
-141
0
220
523
856
1078
1102
860
492
71
-349
-500
-405
-26
550
909
1027
831
341
-121
-569
-964
-1195
-1323
-1231
-1013
-949
-1154
-1727
-2515
-3205
-3523
-3262
-2491
-1451
-485
133
321
129
-130
-207
-25
460
1090
1823
2636
3291
3674
3623
3057
2247
1438
917
854
1017
1202
1187
825
280
-316
-804
-1063
-1160
-1104
-888
-554
-122
291
508
542
475
495
811
1385
2047
2563
2686
2411
1919
1386
992
743
592
527
465
377
191
-160
-671
-1328
-1993
-2490
-2670
-2491
-2094
-1696
-1456
-1429
-1522
-1601
-1535
-1233
-821
-401
-59
166
366
456
393
228
-30
-261
-380
-385
-243
-48
74
144
121
30
-113
-312
-446
-521
-550
-528
-470
-387
-318
-320
-432
-654
-993
-1302
-1421
-1296
-964
-586
-270
-118
-168
-322
-420
-321
-7
472
1059
1636
2087
2338
2365
2240
1975
1570
1158
826
650
652
764
915
979
823
488
76
-303
-553
-683
-663
-508
-277
44
421
797
1094
1236
1273
1261
1243
1265
1310
1313
1195
940
655
422
220
46
-142
-369
-624
-905
-1144
-1351
-1567
-1769
-1880
-1880
-1763
-1595
-1457
-1345
-1300
-1243
-1072
-799
-487
-265
-190
-209
-272
-318
-285
-233
-234
-316
-409
-410
-349
-303
-331
-423
-566
-707
-772
-736
-621
-503
-378
-216
-21
190
394
574
716
792
833
897
961
985
945
869
810
756
724
746
825
923
1034
1175
1316
1383
1309
1112
831
492
136
-169
-377
-487
-520
-495
-430
-384
-410
-504
-639
-772
-878
-935
-922
-832
-657
-389
-68
250
484
601
631
623
646
722
834
934
974
942
851
708
545
405
309
256
207
140
52
-61
-211
-389
-577
-739
-858
-931
-976
-1013
-1016
-959
-843
-689
-534
-405
-337
-338
-368
-391
-385
-370
-371
-377
-388
-395
-388
-374
-354
-347
-378
-456
-582
-727
-856
-939
-928
-798
-561
-262
37
314
547
724
845
898
894
866
832
823
843
885
970
1083
1198
1281
1298
1248
1128
954
766
576
390
216
53
-74
-178
-274
-362
-454
-540
-611
-668
-696
-696
-684
-665
-643
-615
-568
-499
-382
-189
60
326
553
705
773
763
707
656
625
599
571
553
534
477
389
300
188
46
-84
-169
-201
-217
-221
-228
-308
-449
-585
-700
-789
-833
-803
-710
-657
-677
-719
-754
-760
-737
-652
-497
-330
-180
-50
60
134
125
46
-42
-91
-86
-64
-67
-109
-201
-348
-514
-613
-590
-478
-365
-303
-266
-184
-17
205
417
564
640
676
730
873
1104
1327
1442
1406
1278
1133
1001
878
739
579
410
245
123
64
25
-70
-257
-471
-610
-640
-584
-489
-402
-363
-385
-440
-480
-488
-472
-438
-369
-260
-127
-6
95
180
253
308
348
401
474
549
600
616
605
569
510
437
349
243
106
-44
-165
-230
-245
-251
-295
-392
-515
-635
-729
-774
-770
-741
-723
-715
-677
-584
-472
-398
-374
-359
-316
-250
-188
-143
-117
-106
-99
-55
56
195
303
338
301
209
75
-67
-174
-233
-267
-291
-295
-244
-134
-30
-1
-61
-141
-142
-24
200
477
738
925
991
957
882
796
706
612
530
477
449
431
402
333
183
-52
-309
-496
-546
-456
-285
-95
68
181
218
163
32
-98
-133
-66
28
75
83
106
148
153
91
1
-43
-6
103
249
388
472
462
374
270
208
214
263
286
228
83
-78
-177
-240
-356
-587
-870
-1071
-1102
-1000
-891
-847
-836
-781
-644
-466
-319
-241
-237
-289
-366
-410
-385
-302
-199
-108
-21
69
155
231
276
236
108
-30
-88
-53
-2
-13
-77
-113
-74
23
137
232
292
315
295
267
293
384
459
435
346
306
375
490
567
593
581
532
453
384
344
289
175
45
-19
-4
37
74
106
107
39
-66
-126
-111
-58
-6
45
99
152
206
268
316
294
194
72
-22
-85
-121
-91
-20
-1
-59
-117
-97
-20
78
168
210
217
272
366
379
251
36
-216
-506
-794
-1012
-1122
-1102
-989
-892
-844
-743
-550
-420
-447
-499
-453
-355
-291
-229
-151
-90
-48
-13
-9
-20
21
105
127
73
34
33
-7
-118
-253
-369
-413
-347
-209
-52
108
246
303
310
389
567
743
858
931
929
834
751
751
744
629
454
296
177
138
217
337
353
236
85
-10
-14
75
198
272
261
214
162
97
20
-69
-172
-263
-295
-247
-127
9
53
-56
-223
-285
-233
-175
-135
-90
-76
-133
-227
-289
-302
-289
-245
-194
-157
-76
104
300
369
275
96
-95
-311
-532
-684
-718
-666
-645
-697
-710
-604
-447
-344
-308
-272
-208
-152
-87
14
134
239
291
296
304
337
362
339
274
231
227
212
137
3
-144
-269
-393
-508
-558
-527
-448
-360
-253
-88
106
292
459
579
638
681
778
921
1024
1025
952
845
696
516
356
252
178
78
-39
-114
-116
-69
-14
30
55
42
0
-56
-118
-167
-186
-197
-246
-313
-330
-289
-267
-307
-369
-419
-447
-448
-400
-324
-292
-336
-403
-419
-352
-228
-102
-16
33
80
185
369
543
586
471
284
122
16
-40
-71
-120
-201
-264
-253
-182
-134
-165
-260
-365
-412
-349
-181
36
216
303
296
245
209
200
200
198
203
239
326
435
474
376
163
-97
-324
-464
-495
-461
-441
-478
-525
-525
-479
-404
-314
-208
-92
36
175
322
462
576
637
646
630
606
550
440
296
162
75
33
27
57
113
175
220
238
227
178
72
-70
-181
-200
-138
-67
-55
-109
-193
-267
-319
-347
-360
-372
-387
-388
-352
-284
-238
-255
-336
-430
-447
-335
-122
93
237
316
367
419
470
493
458
364
251
180
178
215
217
134
-41
-239
-368
-390
-328
-244
-183
-156
-150
-129
-59
45
123
129
95
95
166
281
389
437
410
325
224
140
85
64
54
8
-95
-236
-360
-443
-490
-510
-505
-480
-442
-397
-351
-277
-134
70
266
370
344
228
94
-15
-85
-110
-89
-41
6
56
128
214
274
282
239
180
143
157
219
286
320
315
284
238
184
135
96
20
-104
-220
-264
-242
-228
-261
-328
-427
-533
-564
-443
-216
-26
35
-18
-85
-72
51
237
385
422
359
264
208
238
345
425
374
205
28
-72
-119
-176
-270
-386
-481
-501
-413
-232
-29
86
44
-100
-202
-188
-107
-46
-6
60
170
287
371
395
341
226
101
46
102
221
288
238
107
-22
-94
-120
-129
-137
-129
-82
5
93
123
69
-60
-210
-299
-297
-233
-161
-114
-82
-60
-50
-78
-153
-233
-251
-179
-50
92
224
320
343
283
185
120
118
158
183
177
166
159
126
34
-101
-210
-266
-299
-347
-395
-416
-420
-446
-501
-514
-405
-186
41
185
252
291
305
267
186
143
193
308
409
450
467
483
437
267
33
-131
-157
-109
-80
-79
-66
-38
-38
-85
-148
-184
-199
-218
-228
-184
-76
39
74
8
-87
-128
-101
-49
-9
27
81
136
171
190
208
225
230
222
214
217
230
244
233
158
30
-83
-123
-100
-63
-38
-32
-62
-140
-242
-313
-324
-316
-319
-318
-289
-222
-129
-24
75
128
133
129
145
155
126
66
15
-22
-65
-102
-105
-70
-56
-100
-173
-237
-294
-366
-429
-425
-330
-198
-111
-92
-102
-94
-72
-57
-34
16
91
173
251
323
397
475
528
522
452
373
346
363
353
280
175
97
69
79
111
146
158
117
27
-75
-154
-193
-201
-200
-199
-184
-138
-64
-2
21
5
-28
-43
-6
87
184
220
187
141
135
153
150
125
102
96
84
48
13
-3
-23
-85
-187
-250
-228
-153
-113
-164
-267
-364
-428
-457
-438
-343
-181
-10
110
160
163
143
90
5
-71
-79
-17
49
59
18
-54
-155
-304
-464
-549
-529
-453
-397
-371
-355
-340
-341
-340
-291
-183
-56
38
89
117
146
177
191
188
194
250
361
490
599
686
734
702
575
404
278
250
287
337
368
385
390
378
341
267
151
18
-94
-143
-116
-47
16
26
-28
-112
-170
-156
-79
10
80
138
191
228
220
168
110
99
148
219
267
267
211
91
-87
-272
-392
-431
-436
-465
-525
-578
-592
-585
-580
-579
-568
-542
-505
-443
-352
-246
-172
-148
-145
-129
-84
-30
24
84
146
187
190
162
125
68
-36
-177
-291
-316
-256
-177
-129
-116
-119
-134
-146
-131
-71
12
58
44
10
13
66
131
179
223
293
387
479
541
569
572
567
560
561
574
591
595
572
532
488
454
417
361
273
168
73
9
-25
-54
-87
-122
-149
-168
-192
-220
-248
-273
-288
-283
-250
-194
-132
-81
-34
27
109
198
255
253
191
93
-4
-84
-147
-206
-268
-339
-426
-523
-615
-684
-717
-719
-697
-652
-594
-537
-501
-482
-460
-410
-322
-211
-97
0
85
156
214
254
268
262
247
219
177
125
75
30
-8
-39
-51
-23
44
120
173
189
187
186
189
199
215
242
265
260
234
206
202
221
240
257
280
315
355
382
386
377
359
341
330
347
388
420
419
374
308
243
178
113
41
-42
-135
-234
-330
-406
-468
-519
-555
-557
-515
-445
-374
-311
-241
-175
-127
-96
-64
-6
69
138
191
239
281
297
262
189
117
58
-3
-87
-187
-288
-383
-482
-568
-611
-594
-537
-465
-388
-309
-242
-206
-198
-200
-185
-143
-86
-18
53
117
165
190
195
187
165
121
69
26
3
-8
-14
-11
5
32
59
84
111
134
146
151
160
182
210
226
227
220
212
209
216
231
256
283
300
293
260
217
181
163
173
208
258
306
335
338
322
302
282
255
215
155
79
-7
-98
-195
-291
-380
-454
-511
-545
-553
-543
-519
-492
-459
-413
-354
-274
-180
-81
18
110
195
269
317
336
326
291
240
175
100
13
-81
-175
-258
-321
-358
-369
-367
-350
-326
-296
-256
-203
-146
-94
-56
-33
-13
20
66
115
153
160
145
119
104
102
100
77
19
-52
-106
-112
-62
9
69
89
74
55
58
94
138
148
118
59
16
12
36
70
75
48
10
-14
-1
31
58
59
30
7
7
49
118
183
229
250
263
287
324
356
357
323
269
211
166
126
79
7
-84
-175
-244
-274
-275
-267
-263
-267
-262
-235
-183
-117
-53
2
51
101
160
218
269
290
281
248
200
153
99
27
-66
-167
-252
-312
-356
-386
-417
-440
-444
-422
-373
-318
-267
-236
-224
-207
-177
-135
-91
-62
-54
-62
-66
-62
-57
-54
-65
-80
-100
-121
-128
-122
-100
-78
-54
-20
22
73
123
165
206
240
265
280
290
296
299
303
300
288
265
237
219
207
201
198
198
197
201
217
249
285
315
331
340
343
354
368
375
356
307
234
151
73
-1
-78
-165
-258
-352
-420
-455
-461
-455
-450
-443
-423
-378
-314
-240
-172
-118
-73
-33
5
40
64
71
57
24
-18
-64
-119
-175
-239
-297
-348
-387
-408
-418
-415
-401
-374
-334
-284
-222
-151
-77
0
69
131
182
220
249
265
268
257
232
202
168
132
98
62
29
5
-9
-6
7
35
72
114
161
207
253
290
315
332
332
323
301
265
224
176
130
87
49
17
-9
-26
-31
-29
-17
-1
21
48
73
107
134
162
186
197
201
191
165
129
74
11
-60
-139
-213
-285
-347
-397
-436
-458
-470
-465
-444
-410
-361
-301
-233
-160
-84
-7
64
129
183
224
250
261
253
228
186
133
69
-2
-70
-136
-193
-244
-282
-305
-311
-299
-272
-231
-181
-123
-62
3
63
115
160
193
213
224
224
214
198
174
146
119
93
74
57
42
32
26
24
27
33
43
55
66
72
77
80
78
71
57
41
20
-2
-23
-45
-66
-88
-103
-113
-118
-112
-103
-87
-62
-36
-6
28
65
104
142
174
202
224
235
232
214
184
143
95
43
-10
-64
-114
-160
-203
-235
-261
-279
-280
-270
-247
-210
-163
-108
-50
5
55
100
136
161
179
187
187
176
155
123
85
40
-7
-49
-86
-113
-133
-143
-140
-132
-120
-105
-90
-72
-51
-32
-13
5
19
30
39
44
47
49
46
40
37
33
31
29
27
25
23
18
14
11
11
11
10
14
19
25
32
39
46
50
50
47
40
29
16
-2
-19
-37
-54
-68
-79
-84
-87
-86
-80
-66
-42
-12
17
45
72
93
108
120
122
116
105
85
63
39
15
-13
-43
-69
-92
-108
-118
-123
-123
-122
-113
-98
-77
-54
-29
-6
17
38
56
71
82
85
84
77
69
62
50
42
30
18
9
0
-6
-14
-20
-24
-29
-30
-30
-31
-29
-27
-24
-21
-17
-12
-7
-5
-2
2
4
10
15
19
24
26
26
26
25
24
20
16
9
3
-2
-9
-13
-16
-18
-19
-22
-25
-25
-25
-27
-28
-30
-31
-34
-36
-33
-31
-30
-28
-23
-16
-7
4
14
23
33
43
52
57
61
63
60
53
45
37
28
20
10
1
-7
-14
-21
-28
-31
-32
-31
-26
-22
-15
-8
-1
4
9
15
18
22
23
25
26
25
22
18
12
7
0
-8
-14
-20
-28
-35
-41
-45
-49
-48
-45
-40
-35
-31
-23
-18
-11
-5
1
7
12
15
17
15
13
12
12
8
4
4
3
5
10
14
17
19
20
19
19
18
17
15
11
6
0
-3
-8
-11
-14
-15
-16
-17
-16
-13
-8
-5
0
5
9
13
17
20
22
24
27
29
29
27
24
19
14
10
8
3
-1
-7
-14
-21
-26
-30
-32
-32
