2
2
0
1
3
1
-1
-2
2
2
5
4
-2
-3
-5
-7
-8
-2
-1
-6
-6
-4
-6
-5
-5
-5
-5
-7
-2
0
-4
0
-3
-5
-10
-10
-7
-10
-9
-4
-6
-5
1
-3
-4
-1
-4
-5
-3
-4
-2
0
2
5
8
6
4
4
6
8
8
8
10
10
14
13
5
-2
-4
-3
1
6
7
9
8
2
5
3
0
0
0
0
2
5
6
0
0
-3
-5
-2
-2
0
-2
-1
3
2
2
-2
-7
-10
-10
-5
-5
-5
-6
-7
-10
-14
-25
-34
-26
-19
-11
3
10
5
-10
-26
-38
-51
-39
-21
-4
9
12
-1
-15
-26
-26
-14
11
43
65
73
59
41
18
3
8
24
51
75
84
83
70
56
47
41
50
64
83
99
97
84
74
76
88
97
93
81
67
56
42
21
1
-21
-54
-93
-125
-154
-180
-186
-177
-125
-55
-12
-2
-29
-74
-109
-116
-80
0
110
220
316
407
489
556
597
614
614
588
502
330
88
-196
-506
-802
-1042
-1194
-1245
-1236
-1204
-1159
-1103
-1036
-962
-860
-724
-543
-341
-170
-58
-5
8
-7
-24
-3
79
220
366
477
546
575
564
530
517
551
628
720
793
830
849
843
796
714
636
603
627
675
720
755
775
773
737
677
620
586
549
480
379
264
134
-31
-218
-369
-450
-477
-496
-547
-627
-726
-832
-910
-936
-928
-924
-940
-943
-891
-784
-668
-567
-494
-453
-423
-394
-360
-348
-394
-475
-512
-469
-425
-442
-383
14
874
1919
2632
2648
1966
875
-241
-1040
-1366
-1323
-1203
-1191
-1201
-1095
-972
-1132
-1698
-2360
-2567
-2003
-844
410
1267
1464
996
116
-721
-1062
-740
68
1033
1887
2458
2583
2170
1365
550
126
233
701
1221
1574
1678
1518
1109
551
79
-80
111
488
838
1031
1009
765
379
81
91
398
794
1046
1074
938
670
264
-200
-543
-629
-496
-313
-225
-272
-452
-755
-1121
-1412
-1494
-1373
-1181
-1045
-997
-1028
-1148
-1339
-1502
-1486
-1222
-802
-412
-180
-132
-217
-369
-513
-597
-605
-527
-391
-262
-228
-313
-469
-624
-712
-673
-475
-192
42
141
127
99
135
240
364
488
641
804
890
904
1104
1733
2598
3190
3219
2784
2046
1075
55
-689
-1018
-1111
-1140
-1051
-816
-633
-764
-1282
-1939
-2290
-1948
-952
221
1051
1328
1081
377
-518
-1100
-1007
-383
387
1085
1611
1774
1414
665
-112
-616
-714
-407
125
590
794
754
539
201
-111
-183
49
392
637
750
768
655
391
115
17
140
394
633
749
704
511
193
-196
-521
-614
-461
-254
-173
-223
-340
-514
-737
-928
-1006
-991
-937
-873
-821
-820
-880
-975
-1058
-1050
-870
-545
-246
-108
-87
-99
-145
-236
-293
-276
-254
-255
-213
-129
-110
-155
-163
-156
-232
-337
-321
-178
-30
84
215
329
371
392
418
410
396
424
467
674
1531
3097
4459
4582
3499
2006
539
-809
-1673
-1720
-1348
-1228
-1368
-1365
-1232
-1397
-2023
-2805
-3215
-2703
-1104
954
2360
2534
1751
461
-991
-2007
-1909
-752
606
1471
1832
1812
1268
225
-795
-1265
-1113
-529
304
1082
1439
1273
858
501
307
376
797
1395
1728
1553
1078
602
205
-92
-123
220
752
1115
1117
808
320
-207
-628
-822
-756
-516
-283
-248
-480
-865
-1208
-1391
-1432
-1364
-1170
-888
-674
-682
-879
-1087
-1190
-1187
-1096
-874
-525
-216
-121
-220
-355
-448
-526
-576
-534
-394
-251
-170
-111
-49
-11
-4
1
11
7
4
16
25
21
67
211
392
532
641
717
674
555
504
474
332
402
1447
3455
5150
5304
4022
2180
260
-1464
-2382
-2149
-1437
-1174
-1368
-1447
-1337
-1477
-2084
-2889
-3315
-2666
-686
1833
3455
3441
2190
393
-1406
-2466
-2065
-445
1175
1908
1911
1609
985
-20
-1027
-1539
-1412
-775
165
1056
1482
1311
812
360
143
288
834
1473
1669
1217
473
-126
-502
-753
-812
-533
-26
366
412
174
-157
-470
-751
-930
-861
-555
-256
-223
-464
-754
-935
-1044
-1139
-1158
-1031
-794
-553
-408
-396
-463
-508
-463
-351
-205
-6
225
356
287
91
-98
-260
-421
-521
-492
-358
-212
-103
-36
3
54
105
108
51
19
81
168
214
253
359
483
521
533
625
731
683
515
421
411
352
559
1712
3749
5401
5424
3888
1783
-193
-1785
-2628
-2484
-1895
-1681
-1934
-2135
-2060
-2022
-2327
-2877
-3188
-2556
-673
1727
3254
3159
1860
110
-1577
-2593
-2266
-714
937
1705
1621
1170
501
-409
-1292
-1744
-1607
-915
159
1182
1622
1367
804
317
76
261
966
1819
2093
1491
537
-124
-395
-504
-456
-74
569
1091
1163
795
278
-121
-316
-325
-145
200
490
403
-117
-762
-1200
-1391
-1458
-1424
-1198
-806
-474
-406
-597
-804
-775
-502
-172
82
310
555
671
492
124
-162
-303
-451
-656
-727
-567
-371
-353
-434
-424
-324
-308
-422
-507
-441
-275
-138
-82
-63
-1
154
311
359
328
347
418
368
194
169
359
472
504
1126
2749
4459
4846
3624
1691
-159
-1732
-2730
-2748
-2099
-1664
-1770
-1903
-1662
-1340
-1328
-1634
-1916
-1585
-171
2008
3696
3822
2552
773
-865
-1911
-1839
-569
975
1666
1396
804
242
-403
-1090
-1450
-1258
-608
335
1294
1842
1732
1164
623
379
481
979
1675
2014
1533
414
-633
-1172
-1251
-1013
-516
98
465
373
20
-276
-368
-348
-326
-260
-125
16
2
-300
-823
-1370
-1724
-1758
-1526
-1176
-864
-717
-784
-987
-1102
-939
-571
-226
-3
203
435
529
386
106
-193
-500
-790
-863
-596
-179
112
152
-5
-235
-446
-482
-283
0
234
355
406
440
447
496
587
608
580
627
851
1080
1091
987
835
535
209
518
2115
4305
5459
4792
2840
589
-1452
-2886
-3141
-2444
-1788
-1734
-1862
-1562
-1069
-960
-1346
-1968
-2179
-1263
835
3033
3796
2777
822
-1225
-2740
-3085
-1942
-131
887
778
304
-25
-395
-1005
-1478
-1495
-1102
-257
900
1841
2016
1491
929
636
630
1047
1749
2145
1622
418
-568
-962
-1046
-1044
-823
-289
251
441
308
125
83
113
92
69
171
369
419
107
-428
-866
-1083
-1125
-1091
-973
-768
-648
-747
-1023
-1223
-1092
-691
-226
136
360
489
467
282
42
-129
-164
-166
-272
-425
-475
-342
-200
-235
-316
-310
-240
-206
-183
-11
178
179
58
-40
7
153
357
616
724
708
742
806
751
455
134
-20
73
893
2712
4719
5446
4223
1911
-386
-2187
-3114
-2901
-1943
-1283
-1392
-1608
-1437
-1218
-1414
-1967
-2356
-2065
-746
1398
3240
3573
2259
137
-1835
-2982
-2804
-1351
353
1187
1052
609
204
-341
-996
-1333
-1113
-448
540
1679
2508
2511
1733
806
310
429
1044
1799
2141
1669
585
-487
-1122
-1310
-1159
-704
-58
502
768
779
644
408
94
-187
-253
-63
219
358
219
-173
-731
-1312
-1715
-1820
-1659
-1388
-1161
-1058
-1087
-1130
-1039
-800
-550
-376
-198
70
331
446
381
154
-272
-858
-1313
-1283
-778
-186
149
141
-127
-526
-842
-860
-595
-256
32
283
487
606
651
653
590
546
748
1191
1539
1531
1211
677
2
-196
1070
3677
5942
6233
4563
2048
-520
-2631
-3546
-2970
-1784
-1171
-1170
-1043
-675
-681
-1422
-2500
-3098
-2430
-207
2713
4605
4337
2246
-492
-2837
-3962
-3271
-1194
773
1466
1099
519
-99
-1028
-2010
-2396
-1910
-805
598
1959
2630
2183
1021
37
-134
479
1551
2545
2679
1665
95
-1143
-1751
-2001
-1921
-1306
-326
433
623
443
131
-270
-601
-578
-96
545
917
866
459
-151
-787
-1289
-1576
-1630
-1437
-1047
-673
-546
-677
-868
-933
-819
-487
92
774
1243
1262
910
436
-15
-407
-687
-740
-521
-119
285
500
410
75
-322
-615
-682
-459
-13
431
639
578
381
190
75
51
122
364
793
1185
1257
971
514
-46
-557
-248
1671
4545
6359
5816
3516
752
-1796
-3641
-4064
-3095
-2010
-1797
-1969
-1685
-1199
-1326
-2163
-3056
-3255
-2159
316
3121
4525
3727
1448
-1128
-3138
-3779
-2577
-333
1280
1530
1170
903
426
-585
-1570
-1817
-1295
-268
1162
2605
3209
2541
1211
170
-128
311
1261
2146
2232
1407
351
-341
-727
-993
-945
-421
256
661
799
885
838
422
-238
-695
-692
-383
-58
145
164
-90
-629
-1292
-1807
-1988
-1823
-1481
-1183
-1046
-1000
-906
-765
-683
-616
-337
217
761
967
832
526
48
-678
-1380
-1558
-1098
-429
-7
120
72
-180
-660
-1108
-1153
-736
-130
395
776
1028
1123
1026
774
486
323
465
890
1305
1402
1193
860
402
-123
-97
1228
3510
5258
5328
3926
1870
-370
-2381
-3391
-3057
-2145
-1616
-1451
-1076
-553
-509
-1199
-2205
-2840
-2455
-778
1558
3214
3283
1957
-46
-2046
-3256
-2976
-1461
82
845
1109
1310
1199
432
-639
-1356
-1491
-1069
-9
1482
2625
2723
1907
818
-58
-466
-218
526
1128
1116
664
163
-355
-960
-1360
-1219
-705
-242
104
545
988
1015
477
-293
-851
-1011
-775
-225
364
596
232
-575
-1434
-2000
-2124
-1873
-1453
-1044
-652
-243
75
114
-116
-330
-261
104
624
1147
1444
1193
329
-731
-1328
-1156
-485
184
518
457
105
-362
-722
-815
-661
-414
-142
242
778
1280
1434
1147
643
293
355
793
1336
1674
1589
1037
264
-111
592
2330
4034
4550
3646
1904
-118
-2035
-3298
-3518
-3036
-2541
-2131
-1413
-463
-26
-577
-1749
-2722
-2831
-1788
142
2051
2913
2358
782
-1103
-2562
-2982
-2300
-1147
-167
625
1427
1948
1669
659
-473
-1268
-1569
-1140
137
1738
2732
2672
1888
918
96
-344
-249
209
647
890
1011
981
641
57
-464
-752
-853
-708
-122
782
1449
1414
749
-138
-895
-1280
-1089
-366
445
785
475
-221
-941
-1482
-1789
-1861
-1729
-1415
-930
-352
119
297
138
-203
-463
-419
-1
598
1006
915
328
-431
-963
-1058
-788
-394
-111
-49
-167
-325
-400
-391
-397
-468
-503
-317
131
684
1096
1236
1122
887
732
763
903
962
811
442
14
-91
580
2002
3416
3972
3466
2259
679
-990
-2232
-2609
-2375
-2144
-2005
-1540
-719
-175
-403
-1218
-2094
-2597
-2399
-1333
281
1690
2234
1760
548
-853
-1832
-2080
-1757
-1143
-243
952
2065
2539
2216
1360
237
-903
-1562
-1229
-2
1384
2266
2483
2139
1321
275
-531
-809
-676
-385
-12
430
753
751
429
-77
-624
-980
-832
-82
913
1586
1609
1020
93
-764
-1155
-968
-483
-127
-86
-285
-595
-960
-1350
-1710
-1972
-2043
-1782
-1149
-327
365
686
619
307
-3
-99
58
305
437
405
298
171
4
-223
-488
-760
-1012
-1156
-1045
-656
-185
112
163
93
20
-7
74
331
730
1120
1396
1522
1465
1194
778
344
48
158
956
2333
3617
4104
3626
2428
739
-1145
-2645
-3258
-3114
-2712
-2192
-1379
-433
47
-286
-1163
-2077
-2657
-2586
-1668
-142
1304
2021
1799
841
-407
-1416
-1842
-1707
-1181
-303
865
1968
2546
2458
1838
821
-392
-1331
-1487
-809
281
1347
2142
2487
2246
1495
546
-276
-794
-941
-726
-243
344
864
1130
971
390
-359
-904
-1000
-640
-5
602
886
735
314
-69
-212
-183
-211
-435
-758
-972
-982
-868
-759
-748
-894
-1187
-1442
-1392
-951
-351
107
332
410
417
359
259
145
-11
-224
-385
-344
-115
107
134
-96
-514
-973
-1265
-1267
-1054
-812
-631
-454
-238
-24
165
381
631
807
847
816
792
776
855
1287
2194
3259
3956
3990
3378
2192
564
-1115
-2357
-2993
-3179
-2990
-2331
-1347
-544
-344
-703
-1286
-1788
-1945
-1524
-533
636
1482
1762
1529
944
202
-466
-870
-937
-665
-65
757
1546
2037
2105
1750
1042
167
-547
-806
-570
-11
688
1385
1913
2081
1818
1212
425
-378
-994
-1205
-935
-336
301
741
881
706
271
-292
-795
-1073
-1066
-814
-440
-110
64
69
-17
-144
-336
-608
-922
-1206
-1392
-1431
-1314
-1127
-1002
-1006
-1086
-1148
-1132
-1012
-765
-404
-21
273
441
528
560
482
268
8
-140
-113
6
119
181
145
-34
-322
-570
-663
-640
-581
-487
-296
-11
305
588
790
879
869
837
816
803
922
1419
2317
3244
3792
3848
3472
2631
1366
23
-1007
-1724
-2352
-2799
-2703
-2019
-1209
-729
-639
-788
-1091
-1423
-1519
-1209
-664
-219
-33
-16
-24
-15
-31
-106
-217
-263
-166
58
360
733
1130
1374
1317
1040
743
508
306
186
267
517
773
963
1123
1196
1011
520
-102
-653
-1032
-1171
-986
-533
-40
287
414
394
240
-25
-306
-505
-603
-631
-567
-370
-74
200
316
212
-86
-481
-855
-1111
-1211
-1190
-1142
-1120
-1085
-975
-784
-598
-471
-380
-275
-147
-9
119
201
191
117
94
227
495
766
915
876
633
219
-257
-645
-842
-847
-742
-604
-453
-289
-127
-14
36
62
89
124
252
653
1423
2383
3192
3622
3635
3254
2475
1418
354
-512
-1177
-1685
-1944
-1835
-1466
-1127
-989
-994
-1036
-1109
-1202
-1189
-963
-619
-378
-322
-348
-342
-329
-359
-373
-254
15
323
589
800
930
902
709
491
417
531
743
936
1065
1119
1098
1008
872
698
477
229
32
-45
-21
9
-35
-151
-268
-309
-216
-3
200
230
12
-348
-668
-842
-866
-776
-602
-406
-276
-229
-224
-238
-322
-521
-771
-944
-971
-900
-803
-720
-668
-680
-745
-796
-752
-608
-422
-231
-34
159
281
266
124
-57
-170
-142
57
391
740
924
819
442
-56
-492
-726
-701
-460
-129
155
316
356
307
198
69
-25
-5
222
707
1383
2061
2558
2785
2724
2380
1798
1110
441
-179
-741
-1143
-1262
-1124
-903
-723
-579
-454
-411
-490
-612
-675
-691
-717
-743
-699
-592
-506
-482
-464
-392
-261
-104
72
249
363
352
220
48
-61
-41
124
411
747
1038
1219
1278
1242
1109
864
522
175
-76
-194
-194
-120
-24
20
-41
-173
-280
-322
-345
-428
-573
-717
-789
-751
-614
-421
-256
-186
-220
-304
-365
-358
-305
-287
-355
-468
-539
-515
-425
-335
-292
-336
-462
-603
-657
-567
-376
-164
15
152
250
313
333
306
240
173
178
294
484
648
678
518
170
-264
-619
-746
-626
-357
-61
186
344
386
327
233
172
169
231
397
710
1134
1557
1887
2076
2091
1880
1432
820
149
-490
-1000
-1274
-1260
-1031
-724
-443
-239
-150
-195
-337
-505
-643
-752
-830
-862
-843
-797
-741
-654
-523
-367
-223
-109
-18
48
74
66
49
45
80
187
404
707
1013
1225
1296
1233
1077
873
661
470
323
231
202
219
248
239
142
-40
-260
-436
-525
-534
-498
-453
-408
-363
-314
-270
-258
-305
-397
-493
-523
-439
-256
-55
49
-13
-216
-461
-652
-730
-695
-601
-517
-486
-491
-500
-479
-424
-348
-252
-130
5
120
175
156
85
24
31
142
321
468
475
302
7
-294
-491
-519
-393
-185
14
143
197
208
201
215
292
458
722
1063
1437
1780
2023
2109
2001
1690
1210
627
32
-472
-803
-920
-850
-667
-465
-312
-243
-260
-341
-466
-615
-764
-881
-932
-888
-753
-552
-334
-146
-12
64
103
139
187
230
245
213
131
30
-48
-43
70
271
511
725
864
890
793
589
325
62
-132
-207
-153
-19
117
174
120
-28
-210
-359
-445
-480
-504
-538
-576
-580
-518
-402
-282
-230
-277
-382
-455
-422
-282
-114
-32
-104
-300
-504
-593
-520
-337
-153
-69
-94
-173
-215
-174
-67
48
129
176
222
294
375
420
393
305
220
197
255
349
397
322
127
-118
-311
-377
-306
-150
18
138
189
195
207
270
407
628
907
1201
1451
1607
1627
1491
1201
781
280
-245
-712
-1038
-1168
-1103
-902
-665
-481
-401
-429
-537
-685
-850
-1017
-1147
-1196
-1123
-917
-613
-280
18
236
367
436
468
474
453
400
323
240
178
158
195
288
423
580
731
849
907
884
777
602
391
189
44
-15
3
67
130
150
114
37
-50
-119
-165
-215
-291
-390
-476
-507
-458
-340
-206
-122
-125
-198
-289
-354
-381
-386
-410
-473
-557
-607
-573
-443
-259
-86
20
36
-33
-136
-226
-284
-308
-294
-235
-131
-4
109
169
157
75
-30
-95
-77
10
101
131
74
-43
-177
-279
-313
-270
-170
-18
216
561
998
1432
1754
1886
1795
1496
1066
601
173
-195
-495
-695
-771
-735
-634
-533
-480
-512
-621
-750
-833
-837
-786
-719
-653
-588
-509
-401
-257
-85
91
256
424
615
822
1006
1110
1087
935
694
446
260
166
155
196
273
383
518
658
745
729
587
358
135
3
-11
70
190
295
354
368
348
273
112
-153
-486
-803
-1017
-1086
-1024
-892
-755
-650
-578
-530
-513
-567
-714
-930
-1139
-1241
-1172
-943
-621
-305
-75
40
64
40
-5
-55
-95
-99
-54
35
142
218
223
151
38
-50
-66
-11
69
124
122
90
70
114
234
381
474
451
322
167
113
268
666
1218
1760
2136
2247
2082
1678
1103
427
-263
-873
-1287
-1398
-1192
-777
-352
-101
-111
-348
-680
-948
-1048
-980
-809
-609
-410
-219
-49
64
84
6
-126
-228
-200
-1
313
630
824
831
670
416
165
-30
-147
-196
-175
-78
95
321
546
699
722
611
418
226
102
74
146
299
487
658
767
772
644
380
23
-346
-640
-806
-833
-743
-585
-419
-301
-276
-358
-535
-762
-970
-1090
-1094
-990
-825
-651
-491
-352
-230
-114
-9
81
142
167
165
149
137
137
149
168
179
163
103
0
-113
-205
-274
-325
-342
-300
-203
-105
-33
8
15
17
128
505
1169
1913
2466
2657
2444
1859
1018
145
-575
-1113
-1523
-1745
-1656
-1271
-814
-520
-500
-738
-1148
-1535
-1646
-1360
-807
-238
193
473
616
623
514
344
186
106
168
414
792
1169
1362
1251
864
359
-80
-356
-457
-389
-170
135
453
762
1055
1241
1176
838
393
60
-46
83
429
908
1337
1531
1471
1260
962
561
85
-358
-649
-762
-726
-571
-375
-270
-358
-624
-966
-1271
-1477
-1548
-1479
-1320
-1138
-976
-852
-782
-786
-841
-892
-880
-788
-625
-414
-199
-58
-46
-134
-240
-311
-375
-449
-477
-405
-276
-184
-134
-40
99
162
97
20
9
-38
-160
-91
496
1502
2450
3000
3141
2869
2076
876
-254
-961
-1368
-1686
-1773
-1368
-624
-32
141
-4
-344
-844
-1302
-1335
-790
47
748
1132
1219
1039
622
121
-231
-302
-87
357
946
1536
1935
1992
1636
925
80
-608
-938
-866
-457
161
795
1215
1299
1102
718
195
-383
-808
-869
-522
90
780
1353
1603
1395
804
90
-515
-899
-1031
-915
-621
-289
-46
39
-66
-376
-854
-1358
-1719
-1823
-1656
-1286
-844
-503
-388
-497
-733
-990
-1196
-1293
-1228
-1004
-688
-355
-63
122
117
-91
-402
-669
-801
-766
-547
-181
174
350
338
295
332
395
446
528
637
662
646
916
1695
2694
3353
3410
2971
2121
911
-340
-1148
-1394
-1439
-1509
-1392
-923
-404
-256
-496
-861
-1216
-1502
-1466
-829
247
1194
1578
1403
890
204
-503
-995
-1068
-709
-77
628
1235
1583
1530
1002
104
-847
-1477
-1574
-1180
-439
484
1356
1881
1896
1506
958
404
-74
-324
-180
321
935
1432
1691
1647
1243
557
-145
-605
-748
-654
-428
-170
-3
-37
-282
-632
-964
-1194
-1263
-1129
-799
-390
-62
80
32
-179
-526
-926
-1230
-1312
-1181
-908
-558
-220
-42
-134
-418
-704
-886
-979
-988
-878
-698
-580
-552
-508
-409
-366
-433
-450
-257
68
334
513
657
675
522
494
994
1951
2823
3186
3039
2470
1478
248
-742
-1203
-1334
-1384
-1262
-822
-329
-208
-517
-960
-1317
-1529
-1442
-847
147
1081
1541
1447
939
185
-607
-1146
-1187
-694
142
1011
1632
1852
1648
1069
228
-626
-1168
-1208
-817
-184
521
1122
1383
1165
638
156
-54
27
351
893
1530
2004
2134
1945
1572
1096
586
187
48
144
286
293
110
-248
-727
-1209
-1544
-1625
-1457
-1125
-744
-438
-319
-403
-614
-861
-1081
-1205
-1158
-938
-661
-449
-326
-301
-412
-668
-949
-1092
-1082
-1014
-925
-773
-592
-518
-603
-744
-838
-878
-886
-800
-572
-278
-42
50
25
55
409
1211
2230
2985
3137
2670
1745
609
-391
-930
-988
-831
-626
-309
97
302
66
-467
-938
-1162
-1104
-665
210
1242
1889
1824
1188
334
-471
-1014
-1053
-482
463
1335
1812
1828
1450
757
-85
-764
-1000
-745
-177
470
1016
1338
1320
911
263
-314
-567
-454
-71
484
1097
1562
1686
1466
1111
804
580
452
491
698
888
839
507
-1
-586
-1153
-1525
-1540
-1251
-898
-685
-656
-794
-1086
-1447
-1692
-1688
-1474
-1178
-872
-595
-420
-437
-620
-848
-1023
-1090
-1004
-750
-421
-189
-139
-266
-518
-814
-1013
-995
-800
-551
-295
-27
173
211
136
84
64
52
270
1017
2165
3107
3366
2960
2090
876
-400
-1200
-1229
-815
-433
-127
236
454
180
-514
-1151
-1429
-1379
-1011
-221
841
1660
1800
1283
454
-359
-946
-1105
-696
181
1124
1681
1647
1143
432
-283
-835
-1027
-745
-151
395
656
660
502
165
-313
-679
-659
-272
239
721
1164
1484
1497
1197
851
732
858
1097
1368
1605
1639
1299
639
-72
-599
-899
-995
-881
-603
-343
-290
-459
-719
-979
-1215
-1351
-1273
-982
-642
-425
-385
-501
-746
-1050
-1247
-1218
-983
-676
-423
-281
-298
-495
-799
-1068
-1185
-1121
-916
-648
-421
-306
-299
-359
-432
-462
-396
-252
-104
84
496
1191
1910
2284
2191
1752
1073
274
-341
-464
-191
67
104
85
104
-43
-475
-941
-1120
-986
-684
-241
336
805
853
454
-91
-485
-629
-535
-193
375
1020
1480
1556
1247
735
226
-141
-258
-57
391
823
989
872
635
369
73
-189
-245
-31
289
536
697
817
838
709
551
570
816
1136
1399
1591
1678
1520
1036
383
-179
-519
-661
-621
-400
-113
15
-143
-484
-836
-1143
-1409
-1561
-1483
-1233
-1025
-992
-1072
-1150
-1214
-1277
-1260
-1085
-830
-664
-641
-671
-692
-780
-978
-1171
-1205
-1075
-902
-768
-662
-591
-602
-674
-676
-520
-294
-136
-55
88
400
832
1244
1526
1640
1559
1276
899
601
471
434
386
347
394
496
522
421
280
194
164
164
216
332
418
366
203
67
39
67
83
124
269
492
681
754
725
614
406
152
-9
20
163
251
236
202
214
216
146
52
9
12
17
58
214
452
630
664
618
596
604
594
576
603
622
516
237
-113
-398
-572
-642
-604
-457
-287
-214
-272
-383
-471
-551
-666
-796
-888
-932
-972
-1022
-1042
-1026
-1013
-1019
-995
-888
-729
-589
-493
-410
-330
-290
-291
-298
-304
-353
-466
-584
-636
-618
-556
-438
-245
-17
154
234
261
267
258
267
371
581
805
948
992
983
909
746
531
365
294
303
386
547
735
818
717
515
334
220
148
117
149
207
226
194
148
81
-63
-287
-479
-532
-440
-268
-79
72
113
11
-181
-361
-474
-513
-476
-355
-187
-49
11
8
-16
-39
-31
44
193
364
499
596
678
752
794
812
830
848
828
753
652
541
403
250
144
130
165
174
141
97
45
-47
-181
-303
-381
-439
-491
-504
-440
-341
-293
-321
-389
-462
-532
-585
-588
-530
-462
-436
-458
-522
-646
-834
-1048
-1219
-1295
-1265
-1130
-910
-678
-509
-440
-452
-475
-452
-332
-98
205
482
646
682
641
574
488
381
261
158
102
126
249
431
570
565
414
222
113
128
230
369
494
547
507
409
299
188
50
-102
-193
-172
-74
24
75
62
-5
-103
-198
-253
-253
-200
-101
30
164
263
308
304
283
292
361
460
545
593
620
660
715
772
823
873
898
872
795
699
599
479
343
243
220
258
299
315
314
293
209
42
-164
-346
-487
-593
-651
-644
-601
-582
-620
-683
-722
-741
-763
-779
-758
-699
-654
-664
-740
-874
-1055
-1249
-1393
-1417
-1319
-1146
-974
-840
-755
-713
-700
-680
-597
-421
-168
105
343
512
593
580
485
357
253
184
146
148
214
348
500
609
635
591
510
419
375
421
543
675
738
720
645
548
443
347
283
245
210
161
95
36
-11
-50
-69
-61
-31
-3
14
30
60
95
117
125
138
165
211
280
358
426
449
424
392
398
459
566
688
788
827
780
662
517
396
320
283
264
236
188
118
40
-29
-90
-157
-246
-349
-440
-490
-488
-442
-388
-350
-351
-393
-457
-514
-554
-584
-618
-675
-761
-875
-996
-1109
-1196
-1251
-1279
-1281
-1262
-1218
-1149
-1059
-951
-836
-716
-585
-415
-194
71
340
552
669
688
630
544
475
433
402
359
305
261
249
280
341
411
463
486
490
502
541
604
664
694
675
614
531
458
415
396
382
332
227
77
-82
-206
-263
-248
-193
-149
-147
-182
-221
-225
-174
-82
19
98
144
165
177
191
201
202
189
176
186
231
309
406
498
565
598
595
569
524
477
438
416
421
437
446
425
372
290
197
112
48
-5
-57
-119
-186
-245
-287
-311
-323
-335
-351
-364
-369
-367
-372
-409
-494
-627
-782
-929
-1035
-1093
-1113
-1117
-1127
-1151
-1170
-1163
-1117
-1019
-870
-687
-482
-278
-109
9
64
61
19
-28
-56
-47
-5
55
112
146
151
134
122
137
187
261
339
405
453
485
505
515
507
476
430
399
416
491
600
687
697
606
442
269
154
133
182
244
258
214
141
90
102
176
274
350
371
350
320
310
331
363
378
359
319
289
297
352
437
519
570
574
538
481
416
350
280
215
157
116
91
77
60
26
-34
-114
-200
-284
-354
-407
-446
-481
-513
-547
-586
-628
-670
-701
-721
-731
-742
-765
-810
-878
-947
-995
-1013
-1002
-977
-947
-916
-875
-805
-699
-559
-408
-267
-152
-75
-24
4
17
14
-6
-33
-49
-34
21
110
201
262
281
267
252
265
317
388
453
495
518
539
569
610
642
647
618
571
539
536
554
558
526
446
330
220
155
156
211
279
324
320
267
185
114
85
102
157
215
257
267
249
212
177
147
119
90
62
48
58
98
163
234
286
305
289
254
218
190
165
133
81
8
-70
-133
-167
-171
-162
-157
-173
-214
-267
-312
-334
-333
-324
-327
-356
-408
-465
-510
-537
-552
-571
-600
-644
-686
-721
-748
-781
-821
-857
-881
-851
-757
-599
-406
-234
-111
-45
-25
-31
-38
-28
-2
34
70
99
124
140
145
143
140
138
142
152
161
164
159
151
153
176
221
285
360
440
508
559
579
572
540
490
439
400
388
398
409
411
391
357
326
294
261
219
157
88
28
-1
15
64
126
175
200
205
202
205
211
204
168
108
48
19
36
93
155
180
150
71
-22
-98
-141
-154
-165
-183
-216
-254
-281
-290
-290
-293
-306
-322
-320
-293
-246
-195
-162
-168
-208
-263
-310
-333
-336
-316
-287
-264
-251
-260
-290
-337
-394
-447
-468
-441
-362
-255
-141
-40
27
58
53
20
-29
-79
-107
-99
-53
9
62
85
65
21
-27
-49
-34
14
75
128
159
166
147
118
100
104
141
212
303
391
438
429
373
284
193
133
117
154
223
293
346
362
341
288
221
172
152
160
184
205
217
209
187
160
140
135
142
163
192
213
221
201
158
105
57
38
61
120
191
239
246
216
152
79
17
-24
-47
-65
-98
-143
-191
-238
-280
-309
-327
-329
-325
-322
-302
-279
-254
-246
-264
-295
-326
-338
-319
-286
-248
-225
-232
-252
-278
-290
-271
-227
-166
-113
-92
-96
-118
-142
-155
-160
-149
-122
-86
-46
-10
17
25
15
-8
-38
-64
-76
-70
-48
-18
5
7
-8
-37
-61
-67
-45
5
71
136
181
204
205
195
189
192
211
244
279
313
331
332
317
282
243
201
172
163
171
194
219
234
237
224
204
183
168
165
173
185
197
201
192
176
152
124
94
71
51
34
18
0
-23
-50
-84
-113
-132
-139
-136
-133
-142
-168
-206
-248
-286
-309
-312
-299
-277
-256
-247
-245
-248
-251
-250
-250
-245
-239
-232
-218
-208
-196
-181
-167
-149
-134
-118
-102
-86
-74
-66
-67
-71
-77
-74
-57
-30
5
39
61
69
64
53
38
27
22
23
33
51
74
99
125
139
145
143
138
138
143
156
176
195
205
205
195
182
174
176
187
201
214
224
221
211
193
173
158
151
154
161
165
162
143
110
67
25
-10
-31
-35
-26
-11
4
13
13
3
-13
-31
-45
-55
-59
-57
-60
-66
-77
-93
-108
-118
-127
-132
-134
-140
-156
-180
-211
-244
-269
-280
-273
-255
-226
-198
-176
-167
-177
-191
-205
-200
-182
-153
-113
-72
-35
-8
7
15
16
17
21
28
37
45
52
56
55
47
40
33
33
40
48
59
63
60
50
34
23
13
11
15
21
31
37
45
51
55
59
64
64
63
60
58
63
72
85
94
100
106
107
105
98
85
75
64
56
52
50
56
65
76
85
88
85
78
64
48
31
16
4
-1
0
1
1
0
-8
-19
-33
-47
-58
-67
-69
-71
-72
-74
-74
-78
-81
-80
-76
-69
-61
-54
-48
-49
-56
-68
-83
-93
-100
-100
-94
-81
-70
-62
-56
-52
-50
-46
-39
-27
-15
0
9
15
18
17
16
17
19
25
32
38
44
47
48
47
45
40
38
38
36
38
36
30
23
14
4
-3
-6
-8
-7
-5
-5
-7
-11
-13
-10
-2
12
25
39
50
54
56
53
49
47
46
52
60
67
73
73
67
59
50
39
31
29
32
41
51
60
64
61
53
43
32
25
19
11
7
2
-5
-11
-23
-32
-39
-48
-54
-60
-63
-67
-69
-71
-72
-74
-79
-83
-90
-95
-98
-103
-105
-106
-107
-107
-106
-100
-91
-81
-70
-61
-52
-45
-40
-38
-34
-29
-22
-14
-3
5
12
13
12
8
5
9
15
26
39
51
58
63
65
65
66
68
74
80
85
87
84
79
69
58
49
42
39
40
43
47
47
41
34
27
18
12
12
16
20
28
35
40
43
45
44
43
42
37
37
35
35
32
28
25
22
19
15
13
10
7
4
2
-3
-7
-11
-13
-16
-17
-20
-26
-34
-44
-53
-59
-63
-66
-68
-68
-66
-66
-68
-72
-77
-83
-82
-78
-78
-76
-74
-69
-66
-65
-63
-64
-60
-56
-54
-48
-45
-39
-29
-22
-13
-7
2
10
16
22
30
36
40
45
49
51
55
60
63
65
68
67
68
69
69
71
72
72
75
73
73
74
74
72
71
69
63
57
50
47
41
34
27
20
12
5
-3
-8
-14
-21
-25
-31
-34
-35
-38
-39
-41
-43
-44
-45
-45
-46
-48
-48
-50
-54
-55
-56
-55
-54
-52
-52
-49
-45
-42
-36
-33
-30
-28
-28
-27
-27
-24
-22
-18
-16
-14
-12
-11
-7
-4
-3
-2
-1
0
0
2
1
3
3
2
2
2
0
-2
-3
-3
-2
-1
0
2
5
7
9
13
16
22
25
27
31
33
35
36
36
41
44
45
47
46
48
52
51
52
55
53
55
57
57
57
59
59
61
61
60
58
56
56
53
50
45
40
34
25
17
7
-1
-11
-21
-30
-39
-48
-55
-64
-71
-76
-80
-82
-85
-86
-85
-84
-82
-84
-85
-83
-81
-81
-80
-82
-81
-81
-79
-76
-74
-71
-70
-66
-60
-53
-46
-40
-32
-25
-21
-17
-12
-6
-1
3
7
13
15
20
24
25
26
29
29
30
32
35
41
42
43
41
38
36
38
37
37
38
35
35
35
36
38
41
41
42
43
41
42
41
43
41
38
34
28
23
20
16
14
14
12
10
8
9
9
10
13
13
14
14
13
12
15
13
12
10
10
6
1
0
-4
-9
-13
-15
-18
-21
-21
-22
-24
-26
-29
-32
-32
-35
-36
-37
-41
-41
-42
-44
-44
-46
-48
-46
-44
-45
-42
-42
-37
-33
-32
-28
-24
-21
-17
-14
-11
-10
-9
-9
-9
-8
-7
-5
-4
-1
0
4
9
15
20
26
31
31
33
37
37
38
39
40
38
36
32
26
23
20
18
15
14
15
15
15
17
17
18
18
20
21
22
23
26
28
28
28
30
29
29
29
28
27
27
27
25
25
23
22
21
22
21
19
19
17
17
14
13
13
13
14
13
11
6
1
-3
-8
-12
-16
-20
-24
-30
-35
-41
-49
-58
-66
-70
-74
-73
-73
-74
-76
-77
-78
-78
-76
-76
-75
-73
-71
-70
-68
-66
-64
-61
-61
-60
-57
-53
-49
-46
-39
-32
-27
-19
-13
-5
3
7
16
22
30
39
49
59
69
75
79
84
86
90
92
94
96
97
98
96
94
89
83
79
75
72
68
65
65
61
60
58
55
52
51
47
44
41
38
34
29
25
23
19
15
12
7
3
-3
-8
-12
-16
-20
-22
-23
-29
-30
-34
-38
-37
-40
-42
-43
-43
-41
-43
-44
-45
-46
-47
-47
-48
-46
-48
-47
-47
-49
-49
-51
-51
-49
-49
-48
-47
-45
-42
-40
-39
-36
-34
-32
-26
-23
-21
-19
-18
-17
-16
-12
-9
-8
-1
3
5
8
11
13
19
22
24
28
31
36
39
41
45
48
50
53
54
56
56
58
59
56
54
53
53
54
52
50
48
45
44
37
35
32
29
25
21
19
16
11
7
3
0
-4
-8
-10
-14
-19
-22
-27
-29
-32
-35
-39
-40
-40
-42
-42
-42
-44
-46
-47
-48
-48
-46
-44
-44
-43
-42
-42
-42
-40
-39
-37
-35
-33
-31
-31
-30
-28
-26
-24
-22
-20
-16
-15
-10
-7
-7
-7
-4
-1
3
6
5
8
14
16
18
21
22
21
21
23
23
24
25
27
27
25
25
24
22
21
22
22
23
22
23
23
22
19
17
18
19
17
15
16
14
13
12
9
7
4
6
4
4
2
-2
0
0
-2
-2
-4
-5
-7
-7
-9
-7
-7
-9
-11
-14
-10
-10
-12
-10
-10
-10
-8
-9
-9
-9
-7
-8
-6
-4
-4
-4
-3
-1
0
1
4
4
2
3
3
2
3
1
-1
-1
1
1
3
3
2
3
3
1
2
2
2
2
2
3
3
2
0
-2
-2
-1
0
-1
-2
0
2
3
2
2
0
-2
-3
-5
-5
-6
