5
7
7
8
6
4
6
5
6
4
5
5
4
5
5
3
1
0
1
3
2
1
0
-1
0
0
2
2
2
1
0
1
0
1
0
-2
-2
-2
-1
-3
-6
-7
-6
-4
-2
-4
-6
-7
-7
-8
-6
-7
-9
-8
-7
-7
-5
-7
-5
-3
-5
-4
-7
-6
-3
-5
-4
-2
-4
-4
-4
-3
-1
2
3
1
1
1
3
5
4
6
5
6
7
7
7
8
8
8
8
6
6
5
6
8
8
9
8
5
4
7
9
7
7
3
2
2
0
4
6
6
3
-4
-3
-3
1
3
-1
-5
-3
-2
4
5
-3
-7
-10
-11
0
5
-1
-8
-15
-12
-2
0
1
-9
-19
-17
-7
3
12
9
-5
-12
-19
-17
-2
-4
-9
-17
-28
-24
-18
-11
-1
-6
-17
-15
-14
-3
11
8
9
5
-2
5
14
15
20
16
14
20
22
26
27
20
17
19
21
21
17
13
14
14
14
17
12
5
-4
-8
-1
3
1
-3
-9
-16
-14
-9
-1
2
-4
-12
-16
-16
-11
-9
-11
-11
-17
-15
-8
-7
-6
-10
-13
-11
-6
-4
-5
-11
-14
-14
-7
0
-1
-7
-10
-12
-8
1
9
3
-9
-20
-17
4
28
34
16
-5
-13
12
54
80
66
27
-3
3
50
96
108
78
21
-2
38
100
145
116
38
0
31
131
204
163
43
-66
-72
28
130
120
-24
-198
-293
-217
-44
54
-1
-181
-326
-294
-108
73
110
-11
-181
-231
-107
80
184
128
-32
-123
-50
132
263
212
30
-107
-43
212
463
499
303
79
80
386
798
990
783
322
-53
-64
268
568
484
-26
-641
-958
-816
-441
-245
-475
-991
-1400
-1415
-1100
-781
-748
-1023
-1352
-1428
-1178
-809
-599
-646
-775
-747
-485
-115
150
226
222
333
642
993
1167
1120
1006
1035
1248
1495
1571
1376
1009
726
705
880
992
847
494
150
27
147
317
314
105
-161
-312
-301
-214
-156
-192
-294
-352
-280
-146
-89
-159
-255
-251
-150
-16
84
85
-29
-169
-173
8
197
206
44
-152
-280
-285
-196
-164
-307
-500
-528
-444
-390
-344
-339
-483
-470
401
1857
2329
973
-856
-1180
66
1375
1753
1154
-267
-1880
-2280
-854
917
1033
-554
-2234
-2833
-2233
-862
253
-122
-1880
-3211
-2752
-1316
-500
-619
-1077
-1529
-1654
-905
467
1113
386
-460
-39
1203
1930
1836
1547
1394
1387
1858
2868
3483
2826
1506
941
1544
2435
2749
2390
1587
657
201
624
1431
1620
885
-80
-613
-737
-665
-443
-237
-416
-975
-1366
-1253
-975
-915
-933
-815
-770
-1034
-1318
-1238
-974
-902
-956
-867
-763
-934
-1165
-1034
-667
-499
-556
-550
-501
-676
-907
-737
-253
-17
-179
-346
-298
-216
-165
38
328
347
124
95
285
358
290
296
389
384
260
287
389
554
1433
2700
2895
1561
50
143
1533
2352
2165
1503
282
-1046
-1319
-124
1276
896
-948
-2204
-2371
-1800
-718
-74
-668
-2261
-3398
-2695
-1332
-1030
-1339
-1676
-2000
-1918
-1205
9
605
-256
-950
-257
753
1202
1099
1012
1234
1240
1504
2481
2938
2285
1370
1151
1879
2524
2487
2226
1592
696
343
741
1454
1536
635
-282
-707
-834
-644
-361
-252
-550
-1268
-1597
-1194
-692
-511
-691
-940
-1012
-1099
-1013
-655
-589
-903
-1152
-970
-448
-281
-521
-629
-677
-705
-491
-133
49
-310
-873
-809
-278
77
153
18
-209
-376
-291
176
690
706
276
-24
30
220
415
567
604
363
-229
-255
1189
2852
2938
1296
-577
-727
649
1961
2635
1965
-220
-2099
-2078
-161
1764
1351
-739
-2510
-3321
-2505
-468
690
-196
-2608
-4263
-3304
-1385
-434
-422
-1351
-2520
-2650
-1399
621
1403
116
-974
-508
647
1668
2041
1948
1641
1112
1488
2947
3697
3052
1865
1284
1799
2541
3019
3213
2382
891
174
738
1905
2215
1232
87
-739
-1154
-787
-84
206
-380
-1552
-2066
-1696
-1236
-892
-823
-1181
-1739
-2174
-1944
-1236
-1043
-1397
-1699
-1705
-1446
-1212
-1020
-836
-971
-1213
-1067
-590
-219
-365
-732
-740
-468
-79
273
332
163
-159
-259
253
701
704
621
405
333
541
616
764
770
398
270
-40
-242
1498
4064
4555
2048
-1384
-1597
1371
3418
3571
2427
-135
-2586
-2973
-340
3151
2790
-973
-3697
-4192
-2762
-131
1516
612
-2956
-6012
-4652
-1221
70
-592
-1966
-3218
-3521
-2317
607
2383
475
-1838
-1290
793
2122
1979
1752
2031
1537
1486
3313
4789
4046
2037
1130
2419
3766
3825
3542
2598
891
-70
609
2338
2865
1151
-706
-1402
-1447
-1036
-503
-303
-956
-2518
-3304
-2438
-1365
-1138
-1610
-2151
-2374
-2577
-2417
-1551
-1105
-1723
-2478
-2273
-1202
-573
-804
-1007
-1021
-1072
-756
133
924
517
-751
-1088
-127
905
1285
1069
531
-137
-522
181
1449
1691
862
80
-70
271
619
899
1095
609
-277
-612
-354
777
2927
4541
3752
599
-1802
-474
2824
4402
3482
1236
-1128
-2434
-1505
1552
3561
1595
-2338
-4362
-3430
-966
984
962
-1472
-4893
-5861
-3202
-292
-133
-2086
-3983
-4532
-3575
-1214
1180
961
-1671
-3126
-1580
1041
2192
1834
1388
996
766
1897
4092
5070
3687
1746
1732
3366
4593
4621
3709
2205
871
817
2183
3258
2415
364
-1019
-1083
-570
-267
-376
-1016
-2115
-2849
-2438
-1384
-1020
-1799
-2732
-2848
-2295
-1689
-1396
-1561
-2153
-2660
-2230
-892
75
-238
-1229
-1683
-1150
-150
725
1117
553
-667
-1220
-354
1129
1731
999
-38
-533
-462
187
1083
1445
912
-121
-645
-164
520
860
883
283
-633
-851
413
2942
4551
3412
758
-1005
-393
2115
4020
3689
1407
-1517
-2671
-1007
1605
2751
1067
-2342
-4422
-3890
-1565
756
606
-2283
-5415
-6275
-4078
-1126
-481
-2066
-4104
-5026
-3803
-1259
771
881
-979
-2406
-1382
870
2392
2612
2120
1866
2039
2804
4367
5364
4614
3316
3200
4373
5378
5040
3976
3058
2271
2058
2715
3167
2360
648
-547
-480
-144
-402
-887
-1440
-2199
-2705
-2508
-1975
-2015
-2747
-3165
-2864
-2583
-2687
-2722
-2511
-2451
-2576
-2339
-1648
-1219
-1448
-1699
-1395
-907
-658
-442
-87
71
-213
-518
-334
110
298
287
330
313
93
-99
81
472
685
658
492
246
19
15
386
735
643
461
650
1504
2789
3405
2688
1184
274
1063
2697
3271
2348
654
-782
-968
143
1629
1885
-40
-2523
-3281
-2194
-581
116
-844
-2991
-5013
-5144
-3031
-1014
-1161
-2822
-4112
-3954
-2609
-844
515
356
-1162
-1935
-704
1355
2390
2207
2031
2250
2539
3212
4254
4745
4167
3433
3882
4886
4776
3745
2969
2792
2791
2557
2312
1935
858
-249
-438
-174
-361
-1236
-2086
-2242
-2184
-2267
-2232
-2373
-2910
-3359
-3249
-2580
-2190
-2611
-3027
-2905
-2612
-2275
-1817
-1257
-964
-1298
-1589
-1194
-625
-294
-25
314
474
78
-383
-142
490
848
870
703
410
73
-9
438
966
993
637
338
240
205
255
545
890
924
888
1538
2856
3441
2230
403
149
1765
3217
2862
1270
-245
-1146
-1056
292
1761
1297
-1354
-3720
-3610
-1761
-276
-212
-1639
-3997
-5682
-5008
-2478
-793
-1569
-3438
-4334
-3776
-2243
-362
744
71
-1550
-1806
59
2120
2616
2151
2068
2484
3047
3945
4993
5125
4097
3507
4537
5799
5465
3962
2996
3076
3313
3194
2903
2209
896
-183
-158
325
-79
-1388
-2340
-2357
-2078
-2025
-2204
-2739
-3627
-4133
-3581
-2578
-2434
-3287
-3981
-3817
-3156
-2454
-1832
-1558
-1919
-2383
-2040
-1014
-350
-439
-602
-322
37
126
265
576
618
340
294
676
992
856
545
470
517
547
794
1131
1033
449
-25
112
660
1016
1210
1868
2839
3099
2029
508
293
1740
3132
2944
1435
-199
-1047
-826
326
1556
1298
-862
-3092
-3428
-2000
-450
-168
-1414
-3492
-5015
-4637
-2694
-1272
-1741
-3220
-4051
-3613
-2208
-507
405
-254
-1599
-1646
146
2019
2410
1908
1738
2153
2997
4171
5159
5113
4087
3553
4361
5314
5220
4391
3636
3238
3035
2938
2851
2286
1226
494
335
87
-632
-1453
-1834
-1811
-1829
-2040
-2494
-3271
-3896
-3769
-3098
-2694
-3063
-3783
-4087
-3812
-3187
-2499
-2171
-2354
-2632
-2437
-1682
-981
-831
-937
-843
-394
226
609
591
283
-16
218
960
1512
1484
952
365
290
622
998
1300
1193
686
234
-29
102
594
976
1598
2655
3149
2341
556
-463
827
2976
3539
2205
63
-1442
-1425
-88
1825
2395
190
-2860
-3846
-2242
149
966
-371
-2774
-4862
-4911
-2693
-637
-803
-2769
-4421
-4152
-2465
-477
857
318
-1599
-2498
-1042
1566
2843
2184
1354
1310
1931
3324
4936
5572
4581
3026
3033
4529
5462
5124
4170
3285
2736
2478
2729
3021
2284
914
44
-194
-379
-969
-1568
-1716
-1907
-2338
-2665
-2977
-3359
-3655
-3636
-3291
-3310
-3900
-4213
-3894
-3304
-2867
-2841
-2902
-2821
-2614
-1896
-925
-563
-867
-1281
-1028
77
1019
1258
1009
390
96
588
1466
2226
2063
1073
523
672
1144
1680
1719
1384
902
257
302
979
1350
1738
2422
3033
2793
1035
-359
529
2234
2803
1798
96
-966
-1414
-1109
478
1501
233
-2212
-3674
-2878
-1039
-225
-672
-2236
-4303
-4883
-3444
-1617
-1221
-2586
-3896
-3906
-3071
-1474
226
489
-760
-1956
-1319
859
2235
2234
2000
1881
2069
2830
4181
5461
5198
3817
3387
4077
4790
4852
4390
4076
3549
2638
2383
2717
2717
2102
1106
360
-166
-852
-1104
-817
-853
-1478
-2394
-3063
-3206
-3146
-2865
-2558
-3080
-4204
-4767
-4160
-2886
-2293
-2753
-3404
-3743
-3397
-2206
-957
-495
-1133
-2099
-1952
-764
415
1073
880
117
-466
-336
840
2148
2166
1208
378
265
891
1516
1774
1690
997
275
336
872
1544
2305
2960
3126
1954
42
-423
984
2679
2976
1386
-748
-2042
-1950
-339
1347
1157
-893
-3172
-3788
-2346
-449
375
-648
-3176
-4990
-4357
-2106
-483
-1020
-2786
-3729
-3260
-1727
143
1007
317
-992
-1267
250
2155
2784
2349
1835
1881
2649
3794
4837
5120
4326
3384
3292
3950
4594
4569
3909
3038
2239
1892
2167
2578
2455
1537
312
-523
-865
-838
-594
-576
-1130
-2161
-3042
-3166
-2816
-2558
-2532
-2931
-3760
-4533
-4613
-3716
-2672
-2535
-3123
-3739
-3857
-3167
-2000
-997
-806
-1561
-2181
-1765
-694
338
786
566
90
-277
40
1140
2011
1995
1403
880
903
1300
1746
2106
1943
1265
900
1200
1893
2659
3326
3660
2829
919
-128
884
2633
2985
1518
-287
-1351
-1675
-1021
367
900
-583
-3011
-4028
-2933
-1329
-639
-1183
-2839
-4651
-4985
-3265
-1215
-1100
-2673
-3827
-3523
-2190
-562
634
592
-704
-1497
-245
1960
3017
2552
1882
2031
2718
3734
5031
5501
4417
2943
2773
4078
5141
4736
3655
2689
1990
1985
2630
3167
2678
1125
-65
-155
38
18
-247
-771
-1433
-2073
-2215
-1886
-1983
-2583
-2985
-3043
-3083
-3398
-3701
-3566
-3348
-3307
-3169
-3032
-3141
-3307
-2992
-1963
-1103
-1240
-1808
-1940
-1486
-780
-165
287
358
-69
-304
285
1296
1906
1783
1272
904
997
1551
2181
2270
1717
1256
1426
2117
3170
4192
4188
2518
331
-88
1732
3411
2869
749
-1123
-1865
-1530
-386
705
186
-2182
-4271
-4140
-2372
-978
-1109
-2530
-4366
-5332
-4374
-2241
-1157
-2094
-3625
-3942
-2871
-1277
179
757
-90
-1350
-1100
981
2962
3199
2371
2008
2454
3395
4659
5620
5288
3761
2767
3557
5074
5475
4481
3125
2217
1960
2378
3118
3217
2105
574
-119
177
567
424
-170
-934
-1620
-1894
-1652
-1428
-1826
-2611
-3040
-2954
-2866
-3086
-3390
-3536
-3542
-3408
-3095
-2878
-3101
-3491
-3326
-2456
-1627
-1520
-1921
-2200
-2059
-1522
-734
-42
67
-391
-646
-96
878
1490
1461
1114
864
932
1354
1868
2033
1782
1544
1792
2725
3992
4615
3629
1432
79
1066
3220
3936
2273
-277
-1830
-1767
-463
1066
1210
-898
-3785
-4807
-3175
-815
-54
-1473
-3965
-5733
-5304
-2908
-799
-1068
-3212
-4790
-4244
-2070
259
1339
474
-1433
-2112
-280
2571
3911
3210
2054
1838
2719
4311
5837
6041
4507
2775
2816
4485
5722
5269
3758
2363
1720
2017
2938
3457
2666
1016
-115
-145
276
403
88
-574
-1410
-1972
-1895
-1550
-1676
-2317
-2827
-2902
-2898
-3102
-3326
-3404
-3445
-3451
-3284
-3090
-3207
-3508
-3399
-2713
-2047
-1923
-2177
-2368
-2313
-1936
-1186
-413
-230
-695
-1041
-581
429
1226
1436
1143
691
542
1007
1908
2624
2688
2267
2091
2812
4232
5084
4181
2110
893
1635
3150
3531
2352
574
-837
-1292
-526
764
928
-866
-3253
-4107
-2977
-1288
-718
-1895
-4089
-5589
-5022
-2938
-1480
-1951
-3491
-4440
-3990
-2314
-242
858
73
-1586
-1845
63
2420
3348
2903
2262
2150
2765
4148
5604
5749
4349
2977
3079
4260
5039
4770
3862
2785
1991
2010
2697
3045
2327
1062
294
208
233
80
-175
-559
-1064
-1415
-1455
-1516
-1942
-2429
-2507
-2350
-2499
-3025
-3471
-3563
-3399
-3048
-2645
-2603
-3144
-3767
-3620
-2621
-1724
-1626
-2084
-2585
-2741
-2309
-1358
-377
-91
-660
-1193
-896
14
941
1415
1270
826
564
738
1387
2231
2762
2860
2921
3432
4295
4415
3137
1785
1983
3261
3800
2759
976
-316
-720
-256
889
1452
20
-2567
-3974
-3265
-1538
-501
-1136
-3167
-5309
-5821
-3994
-1652
-1328
-2947
-4479
-4692
-3563
-1584
188
469
-1013
-2472
-1661
934
2748
2831
2319
2095
2282
3012
4316
5422
5084
3558
2761
3468
4403
4489
3951
3230
2481
2034
2332
3095
3202
2185
994
506
501
608
747
632
-63
-1054
-1570
-1325
-955
-1086
-1514
-1917
-2394
-2833
-2848
-2534
-2448
-2827
-3251
-3232
-2965
-2921
-2963
-2765
-2542
-2526
-2563
-2471
-2272
-2195
-2202
-1903
-1356
-994
-882
-765
-503
-186
59
347
715
943
892
851
1260
1965
2673
3565
4483
4608
3400
1661
1286
2774
4152
3756
1976
83
-906
-721
352
1444
1011
-1262
-3368
-3482
-1976
-561
-507
-1906
-4020
-5398
-4643
-2314
-847
-1735
-3716
-4538
-3628
-1875
-193
514
-338
-1845
-1998
25
2466
3173
2348
1648
1840
2739
4071
5313
5382
3855
2212
2255
3721
4779
4395
3098
1835
1197
1533
2635
3385
2800
1326
318
364
904
1231
1105
501
-405
-1011
-862
-374
-381
-1034
-1723
-1999
-2004
-1998
-2064
-2308
-2805
-3266
-3225
-2747
-2475
-2790
-3330
-3525
-3249
-2778
-2414
-2332
-2611
-3036
-3057
-2353
-1310
-676
-740
-1118
-1260
-924
-186
652
1095
902
506
650
1503
2665
3861
4885
5094
3872
2033
1478
2830
4437
4367
2592
515
-752
-830
216
1488
1385
-665
-3079
-3747
-2450
-819
-393
-1497
-3456
-4950
-4729
-2920
-1293
-1405
-2809
-3787
-3355
-1853
-239
499
-116
-1331
-1484
117
2177
2993
2462
1749
1712
2451
3759
4963
4937
3399
1780
1735
3080
4151
3876
2573
1108
280
691
2110
3153
2562
801
-456
-265
826
1724
1754
849
-394
-968
-405
540
729
-30
-995
-1544
-1586
-1288
-980
-1181
-2029
-2838
-2830
-2213
-1916
-2344
-3041
-3429
-3381
-3039
-2641
-2585
-3088
-3645
-3450
-2485
-1554
-1313
-1588
-1834
-1779
-1292
-341
575
710
127
-149
649
2219
3753
4731
4856
3868
2387
1938
3120
4608
4684
3127
1126
-189
-405
414
1494
1387
-453
-2648
-3407
-2522
-1233
-772
-1556
-3228
-4731
-4738
-3094
-1463
-1468
-2684
-3512
-3126
-1781
-169
874
642
-616
-1319
-160
2050
3417
3299
2466
1911
2183
3282
4590
4959
3732
1927
1279
2085
3100
3180
2198
799
-195
-221
691
1679
1658
545
-607
-844
-164
732
1122
800
92
-420
-284
368
842
636
-13
-479
-472
-230
-142
-346
-763
-1230
-1470
-1300
-1021
-1184
-1874
-2609
-2884
-2716
-2481
-2447
-2726
-3213
-3512
-3205
-2456
-1922
-1942
-2230
-2314
-1966
-1245
-506
-222
-525
-786
-182
1393
3316
4672
4664
3164
1406
1298
3258
5360
5368
3205
636
-737
-448
1069
2495
2078
-555
-3411
-4080
-2423
-439
-20
-1525
-3981
-5708
-5252
-2940
-1012
-1266
-3030
-4207
-3662
-1842
205
1381
904
-659
-1299
272
2819
4072
3528
2556
2342
2984
4112
5130
5079
3571
1855
1630
2800
3630
3023
1540
266
-257
83
1027
1631
958
-603
-1568
-1175
-162
423
341
-120
-650
-823
-278
612
900
308
-367
-415
-55
178
196
77
-292
-797
-919
-495
-194
-627
-1436
-1906
-1993
-2094
-2277
-2395
-2577
-2995
-3307
-3093
-2641
-2526
-2733
-2771
-2451
-2077
-1849
-1633
-1312
-890
-358
415
1558
2874
3711
3385
2174
1466
2255
3774
4365
3451
1868
601
105
554
1614
2034
757
-1481
-2763
-2266
-1032
-476
-1101
-2623
-4214
-4659
-3460
-1801
-1414
-2477
-3533
-3382
-2085
-369
910
954
-135
-879
145
2421
4037
4054
3256
2721
2896
3878
5289
5927
4762
2568
1388
2047
3284
3503
2412
718
-702
-1039
-45
1264
1278
-319
-2048
-2413
-1513
-483
-109
-490
-1321
-1931
-1622
-517
343
177
-604
-1046
-817
-271
180
282
-61
-580
-677
-132
463
397
-306
-1028
-1354
-1341
-1173
-1062
-1287
-1948
-2660
-2840
-2423
-1940
-1852
-2084
-2286
-2307
-2175
-1783
-1030
-223
251
624
1432
2468
2725
1913
1212
1702
2850
3353
2828
1828
783
-8
55
1039
1691
770
-1140
-2283
-1967
-1044
-495
-744
-1935
-3577
-4329
-3390
-1842
-1443
-2335
-3160
-3019
-2065
-681
592
854
-89
-825
158
2310
3693
3562
2889
2656
3050
4033
5300
5759
4533
2534
1719
2595
3676
3556
2307
740
-493
-784
117
1295
1205
-449
-2184
-2540
-1639
-593
-171
-558
-1561
-2442
-2242
-944
183
32
-1024
-1758
-1593
-876
-130
243
-22
-709
-1017
-424
496
741
166
-517
-765
-677
-512
-390
-500
-979
-1544
-1705
-1467
-1351
-1631
-1947
-1920
-1733
-1681
-1619
-1185
-402
440
1304
2206
2636
1991
804
525
1747
3237
3426
2212
641
-423
-642
91
1214
1345
-262
-2404
-3191
-2294
-1023
-576
-1225
-2725
-4290
-4593
-3144
-1392
-1147
-2284
-3168
-2881
-1795
-459
690
905
17
-594
517
2665
3808
3346
2606
2720
3524
4541
5453
5526
4207
2452
2069
3286
4337
3799
2108
526
-244
-26
973
1773
1160
-734
-2281
-2288
-1280
-509
-499
-1048
-1832
-2366
-2067
-1066
-351
-595
-1323
-1673
-1480
-1135
-839
-625
-645
-872
-892
-474
-53
-120
-459
-521
-282
-167
-320
-478
-542
-660
-789
-779
-813
-1193
-1650
-1603
-1131
-945
-1253
-1452
-1093
-244
1081
2669
3361
2075
-161
-768
1129
3473
3982
2567
472
-1264
-1703
-192
2119
2525
-10
-3172
-4128
-2729
-865
-22
-763
-3012
-5369
-5552
-3175
-820
-920
-2777
-3971
-3437
-1759
193
1440
1008
-614
-1221
502
3073
4135
3375
2301
2083
2881
4437
5943
6018
4239
2263
2112
3641
4873
4517
2977
1282
234
393
1587
2470
1752
-124
-1511
-1602
-1019
-558
-465
-836
-1652
-2287
-2024
-1191
-842
-1286
-1760
-1689
-1400
-1326
-1369
-1378
-1479
-1592
-1343
-796
-630
-1141
-1674
-1532
-931
-551
-624
-940
-1298
-1491
-1203
-509
-114
-559
-1413
-1793
-1455
-866
-416
-169
-180
-210
442
1970
3170
2608
777
-204
718
2362
3135
2688
1439
-143
-1131
-456
1385
2235
866
-1381
-2457
-1974
-935
-260
-557
-2101
-3986
-4418
-2931
-1295
-1258
-2430
-3222
-2875
-1621
5
1102
781
-504
-967
367
2358
3334
3039
2335
1953
2292
3478
4804
4934
3476
1853
1672
2810
3814
3698
2613
1231
304
481
1646
2550
2004
331
-1016
-1176
-574
-5
123
-318
-1204
-1924
-1823
-1086
-641
-970
-1586
-1846
-1744
-1590
-1484
-1412
-1483
-1678
-1684
-1376
-1155
-1359
-1659
-1558
-1201
-1133
-1417
-1617
-1549
-1381
-1168
-875
-737
-999
-1445
-1595
-1266
-618
109
658
1004
1486
2210
2454
1613
541
702
1999
2847
2439
1442
503
-338
-579
430
1798
1586
-369
-2015
-1926
-847
2
272
-319
-2007
-3662
-3484
-1689
-518
-1109
-2230
-2517
-2006
-1027
342
1281
755
-499
-484
1160
2618
2676
2101
1875
1944
2241
3113
4069
3799
2218
1010
1359
2407
2749
2188
1297
384
-234
58
1177
1858
1134
-306
-1067
-841
-356
-74
62
-65
-640
-1219
-1125
-542
-330
-700
-988
-872
-833
-1156
-1381
-1205
-1030
-1137
-1147
-863
-786
-1239
-1631
-1373
-865
-832
-1201
-1446
-1513
-1609
-1544
-1111
-737
-964
-1535
-1732
-1331
-628
102
768
1340
1845
2158
1870
943
307
850
2011
2423
1721
663
-224
-814
-632
522
1463
761
-1136
-2337
-1961
-849
-71
-46
-945
-2454
-3326
-2588
-1043
-403
-1087
-1953
-2025
-1284
-51
1184
1571
787
-74
368
1903
3057
3094
2593
2260
2274
2715
3515
3967
3303
1907
1080
1432
2209
2374
1696
647
-218
-475
0
749
930
187
-894
-1451
-1244
-697
-299
-279
-633
-1108
-1271
-944
-513
-479
-776
-919
-782
-712
-888
-1047
-986
-850
-740
-542
-349
-507
-968
-1121
-657
-130
-202
-751
-1225
-1397
-1337
-1023
-544
-393
-935
-1779
-2084
-1446
-292
633
1046
1213
1368
1213
494
-179
119
1218
1862
1317
159
-740
-1121
-931
-118
708
456
-967
-2265
-2284
-1278
-268
10
-730
-2180
-3192
-2668
-1090
-158
-660
-1631
-1875
-1241
-109
1167
1932
1526
436
177
1418
3052
3679
3252
2661
2508
2860
3589
4291
4258
3268
2104
1780
2374
2991
2834
1919
845
202
272
856
1282
890
-265
-1348
-1606
-1142
-655
-611
-991
-1596
-2141
-2211
-1669
-1057
-1099
-1723
-2161
-2011
-1640
-1453
-1400
-1384
-1503
-1657
-1481
-965
-647
-867
-1234
-1176
-764
-496
-542
-666
-736
-850
-943
-759
-438
-490
-947
-1076
-391
598
1277
1779
2218
1911
464
-896
-587
1047
2099
1588
223
-1033
-1719
-1412
-73
1125
744
-952
-2243
-2133
-1132
-98
429
-77
-1660
-3033
-2665
-889
333
-82
-1196
-1620
-1045
54
1212
1925
1681
734
209
863
2156
2994
2993
2591
2309
2403
2916
3564
3706
3013
2071
1818
2389
2959
2805
2047
1253
809
843
1293
1726
1479
415
-729
-1100
-645
-22
161
-272
-1133
-1932
-2100
-1574
-1027
-1138
-1800
-2381
-2559
-2474
-2298
-2112
-2085
-2306
-2513
-2383
-2027
-1809
-1794
-1752
-1619
-1535
-1511
-1399
-1187
-1028
-940
-758
-470
-316
-442
-635
-569
-167
388
886
1276
1624
1904
1889
1339
463
-42
341
1311
1918
1452
129
-1081
-1237
-244
968
1274
400
-833
-1375
-888
136
871
717
-299
-1435
-1739
-962
113
478
-50
-779
-930
-276
802
1607
1567
753
-26
25
847
1667
1901
1636
1282
1127
1284
1734
2192
2218
1716
1148
1037
1402
1795
1822
1467
966
649
779
1281
1663
1447
731
121
59
428
801
865
543
-41
-579
-785
-724
-735
-1004
-1400
-1753
-2058
-2299
-2381
-2333
-2347
-2458
-2483
-2371
-2317
-2416
-2459
-2259
-1967
-1862
-1971
-2074
-1981
-1661
-1207
-821
-683
-797
-910
-761
-339
129
383
332
102
-30
196
794
1463
1774
1492
774
91
-85
391
1200
1773
1690
1000
206
-63
454
1377
1979
1816
1120
543
548
1053
1556
1579
1068
447
216
438
709
644
270
-74
-98
229
657
747
210
-701
-1257
-954
-100
498
354
-312
-896
-936
-394
340
690
372
-268
-546
-135
616
1077
963
499
152
277
861
1494
1650
1174
490
218
559
1172
1528
1345
726
86
-131
158
532
455
-146
-846
-1205
-1151
-894
-745
-948
-1484
-1990
-2065
-1732
-1432
-1547
-2018
-2480
-2578
-2189
-1537
-1087
-1148
-1553
-1822
-1654
-1156
-636
-352
-411
-706
-915
-765
-353
-23
40
-33
-33
106
341
591
714
618
433
439
727
1104
1326
1330
1191
1029
1001
1209
1545
1734
1631
1380
1223
1257
1401
1500
1430
1201
979
924
990
967
735
395
123
5
34
97
9
-325
-732
-892
-701
-383
-229
-347
-651
-938
-978
-673
-254
-112
-359
-686
-745
-492
-103
249
413
297
29
-53
236
700
1005
1024
843
612
490
607
880
1020
847
497
254
201
229
231
169
30
-165
-336
-449
-585
-806
-1035
-1146
-1145
-1137
-1190
-1305
-1444
-1530
-1488
-1331
-1204
-1231
-1353
-1396
-1279
-1062
-882
-833
-919
-1057
-1089
-905
-579
-346
-366
-550
-650
-505
-153
239
503
548
425
327
429
707
978
1105
1131
1152
1197
1259
1337
1417
1451
1445
1473
1552
1598
1533
1400
1294
1235
1170
1064
932
791
653
550
483
401
240
32
-121
-172
-196
-297
-476
-647
-735
-722
-657
-644
-756
-943
-1021
-869
-573
-373
-423
-657
-849
-787
-419
72
360
262
-86
-335
-227
180
602
764
581
219
-18
64
372
627
617
359
28
-179
-167
4
150
107
-118
-375
-517
-503
-388
-280
-282
-418
-598
-690
-645
-533
-447
-435
-498
-615
-738
-816
-820
-762
-675
-601
-583
-633
-712
-744
-687
-558
-414
-312
-273
-273
-263
-204
-99
22
135
226
291
347
409
486
577
673
769
855
924
981
1037
1093
1131
1147
1158
1181
1219
1256
1258
1197
1079
952
864
824
789
693
517
294
95
-21
-62
-94
-185
-343
-506
-604
-604
-550
-530
-604
-747
-857
-853
-736
-587
-498
-506
-577
-624
-581
-446
-287
-179
-153
-181
-206
-187
-115
-13
57
55
-8
-87
-132
-128
-87
-32
-5
-18
-63
-110
-123
-105
-64
-21
2
5
4
17
44
70
80
68
46
31
37
66
96
89
29
-51
-104
-95
-46
-16
-61
-197
-372
-489
-489
-405
-319
-317
-405
-515
-558
-484
-328
-191
-148
-189
-226
-185
-59
101
220
271
283
324
433
580
701
765
790
818
876
951
1004
991
911
809
745
736
725
657
504
298
109
2
-15
-4
-54
-205
-418
-597
-672
-630
-534
-477
-511
-610
-696
-687
-564
-386
-237
-175
-185
-209
-194
-122
-22
57
82
56
5
-38
-49
-32
-4
13
0
-37
-76
-90
-70
-35
-6
9
13
26
54
90
123
148
173
215
281
334
346
311
266
261
295
340
343
270
157
63
34
56
52
-40
-206
-364
-433
-412
-370
-399
-536
-722
-839
-814
-678
-542
-522
-625
-753
-782
-659
-442
-256
-192
-227
-259
-189
-3
211
355
394
380
398
506
663
775
776
685
599
595
672
750
736
605
413
272
239
284
318
255
97
-82
-186
-168
-79
-14
-30
-113
-185
-180
-86
41
127
135
87
50
72
148
222
234
170
78
20
25
63
68
6
-108
-206
-241
-209
-163
-168
-235
-325
-369
-331
-232
-139
-107
-142
-188
-180
-90
36
131
155
123
87
87
126
176
198
181
144
105
75
43
3
-42
-75
-91
-115
-170
-262
-361
-431
-445
-422
-413
-455
-543
-632
-652
-603
-521
-448
-425
-436
-447
-418
-330
-208
-90
7
80
139
190
241
298
372
461
541
592
587
534
481
466
500
551
562
513
414
308
243
233
255
264
229
170
116
94
106
126
135
134
138
160
187
192
164
111
68
61
86
102
72
-12
-115
-188
-208
-186
-167
-191
-260
-340
-381
-366
-319
-281
-275
-301
-323
-320
-282
-218
-157
-119
-103
-97
-76
-33
32
98
141
152
141
127
129
152
184
203
186
131
67
26
17
29
30
3
-51
-115
-159
-167
-151
-129
-129
-151
-183
-216
-223
-203
-163
-126
-109
-115
-132
-140
-121
-74
-14
27
40
31
19
27
57
92
114
112
93
70
56
55
56
53
41
26
15
13
17
20
23
27
40
58
83
108
133
161
190
218
235
239
243
254
275
293
287
263
215
167
140
138
142
122
61
-21
-90
-119
-116
-103
-115
-162
-223
-265
-261
-220
-176
-163
-185
-218
-224
-182
-110
-46
-21
-35
-58
-55
-12
53
106
121
94
52
28
40
77
106
103
63
6
-43
-57
-43
-24
-25
-53
-94
-128
-140
-126
-100
-81
-83
-93
-95
-80
-56
-34
-22
-21
-20
-13
3
19
19
3
-20
-32
-28
-20
-17
-29
-62
-96
-120
-119
-104
-93
-96
-116
-140
-156
-150
-120
-78
-39
-22
-17
-12
8
53
115
180
224
238
234
239
263
302
339
354
342
310
279
264
259
250
228
196
153
114
83
63
43
20
-1
-15
-25
-38
-51
-63
-67
-63
-52
-42
-42
-51
-58
-52
-36
-20
-17
-27
-47
-62
-64
-55
-49
-59
-90
-126
-153
-167
-170
-176
-195
-224
-252
-270
-274
-275
-268
-262
-258
-250
-234
-208
-179
-149
-118
-82
-46
-13
20
49
78
103
121
134
140
145
152
158
159
143
119
91
71
63
59
46
14
-30
-69
-88
-83
-68
-64
-79
-101
-113
-98
-58
-10
25
40
46
66
100
146
191
220
231
231
238
257
283
300
298
283
264
250
247
244
235
215
185
153
126
104
88
75
56
28
-2
-25
-43
-55
-61
-64
-69
-82
-95
-104
-110
-109
-111
-116
-127
-144
-160
-173
-183
-194
-208
-228
-248
-266
-285
-297
-307
-315
-323
-329
-327
-320
-310
-297
-283
-260
-231
-198
-162
-124
-86
-47
-5
38
81
119
154
189
218
246
267
284
297
305
304
306
304
299
286
264
242
219
192
167
140
114
85
54
27
2
-21
-38
-48
-57
-60
-61
-59
-52
-44
-35
-23
-11
1
14
26
33
37
41
41
40
38
36
32
23
12
0
-9
-16
-23
-33
-39
-41
-45
-47
-49
-52
-51
-49
-46
-40
-35
-30
-25
-20
-13
-7
1
7
15
19
23
27
29
29
26
20
13
6
-3
-15
-30
-46
-63
-80
-96
-111
-125
-137
-148
-159
-162
-161
-159
-152
-143
-127
-108
-90
-69
-47
-27
-8
15
41
67
86
103
115
126
135
142
147
152
150
144
134
120
108
95
85
74
58
38
20
6
-9
-18
-27
-31
-38
-46
-51
-54
-52
-46
-40
-35
-26
-19
-13
-5
6
16
26
33
37
42
47
51
53
53
48
45
41
40
37
32
27
17
8
1
-2
-4
-7
-12
-17
-20
-22
-21
-19
-15
-15
-11
-8
-4
2
7
15
19
22
22
21
21
18
14
9
3
-8
-21
-33
-40
-50
-61
-72
-82
-90
-96
-103
-111
-114
-112
-105
-101
-98
-94
-87
-76
-62
-48
-36
-26
-16
-7
5
19
34
45
52
56
62
67
73
76
80
83
82
83
80
77
77
75
72
68
63
59
54
50
43
38
34
27
21
17
12
8
5
0
-3
-5
-6
-9
-12
-15
-17
-19
-17
-16
-15
-13
-14
-16
-16
-17
-19
-22
-24
-25
-25
-27
-27
-26
-28
-32
-30
-30
-29
-27
-25
-19
-18
-19
-17
-13
-9
-1
5
11
11
11
12
16
21
22
23
22
16
10
7
6
6
6
0
-4
-9
-16
-18
-17
-14
-12
-16
-19
-20
-17
-9
-1
2
-4
-10
-11
-8
-1
6
8
0
-8
-12
-7
4
11
13
11
3
0
7
16
24
26
19
11
12
16
27
30
27
18
12
12
16
21
21
15
10
5
5
8
9
8
3
0
-1
0
0
-2
-5
-8
-8
-7
-5
-10
-14
-19
-19
-15
-16
-15
-20
-26
-24
-22
-17
-15
-17
-20
-19
-19
-12
-7
-5
-6
-9
-8
-4
0
2
3
3
1
2
4
6
7
6
5
4
8
11
13
12
10
8
7
10
12
11
12
9
8
6
6
7
7
6
3
-1
-2
-1
0
-2
-2
-5
-8
-6
-5
-3
-2
1
0
-2
-2
-1
2
5
6
7
7
5
4
2
6
8
8
6
3
1
3
3
5
4
-1
-6
-7
-5
-2
-3
-4
-6
-7
-8
-8
-7
-7
-7
-8
-9
-9
-11
-13
-12
-8
-6
-8
-8
-9
-11
-9
-7
-5
-2
-3
-5
-6
-4
-2
-1
1
3
3
1
3
5
8
7
7
9
9
8
10
12
14
14
13
13
15
14
13
13
13
12
12
12
10
10
7
7
7
6
7
4
3
0
-4
-4
-5
-5
-6
-8
-10
-12
-14
-17
-18
-16
-13
-10
-8
-8
-10
-9
-6
-5
-1
-4
-5
-5
-6
-5
-1
-1
-3
-4
-5
-4
-1
-2
-2
-3
-4
-2
-2
0
0
1
1
1
2
5
6
6
5
5
4
6
5
4
5
4
2
3
3
4
5
4
4
3
3
3
1
0
2
1
0
1
0
1
1
1
1
1
-1
-2
-1
1
1
1
2
4
4
5
5
6
5
3
5
6
6
7
7
5
5
5
3
3
-1
-2
-2
-3
-4
-4
-5
-7
-10
-10
-8
-8
-7
-6
-8
-6
-5
-5
-4
-5
-4
-4
-4
-4
-4
-5
-5
-1
-2
-3
-7
-8
-5
-5
-4
-5
-4
-5
-4
-3
-2
-1
-1
-2
0
3
3
3
1
2
2
4
5
6
8
5
5
6
6
10
12
14
13
12
10
11
11
8
8
8
6
4
3
3
5
4
1
0
-3
-4
-3
-3
-1
-1
-3
-5
-5
-5
-3
-1
-3
-4
-6
-5
-2
-1
-2
-2
-2
-3
-3
-2
-1
-1
-2
-4
-6
-5
-2
-1
-2
-2
-3
-2
-3
-2
-2
-2
-1
0
0
0
-1
-1
-2
-1
2
3
3
3
0
1
1
0
-1
-1
-2
-3
-3
-2
-1
-2
-2
-2
-1
-1
-3
-1
1
2
1
-1
-1
0
0
2
5
4
3
3
3
6
9
8
6
5
3
3
6
9
8
7
5
1
1
0
1
1
2
1
-1
-1
-2
-4
-5
-4
-1
-2
-4
-5
-8
-8
-6
-3
-2
-3
-4
-3
-2
-1
-2
1
-1
-3
-2
-2
0
2
2
1
-2
-3
-1
1
3
1
-1
-3
-2
2
5
4
3
1
0
4
8
9
8
3
2
3
6
9
12
8
5
3
2
4
3
2
-2
-4
-7
-7
-5
-5
-7
-8
-9
-8
-8
-8
-7
-7
-9
-8
-8
-8
-7
-6
-6
-4
-5
-5
-3
-4
-3
0
2
3
3
2
4
6
8
9
8
6
4
6
7
9
8
7
5
2
3
6
6
7
6
3
1
0
3
6
4
3
3
2
1
1
2
2
2
-2
-4
-3
-4
-3
-5
-6
-7
-7
-5
-6
-6
-6
-5
-5
-6
-4
-1
1
1
1
1
2
4
7
6
6
5
4
5
4
6
5
4
5
3
0
0
1
0
-1
-3
-5
-6
-7
-5
-6
-6
-8
-7
-7
-8
-6
-7
-8
-8
-8
-7
-6
-5
-8
-9
-9
-8
-4
-3
-2
0
0
3
5
5
5
7
7
8
9
10
10
9
9
7
7
5
6
7
8
8
8
8
8
7
6
7
9
10
10
11
6
5
5
5
5
7
5
2
0
-2
-3
-3
-3
-6
-8
-8
-9
-9
-10
-10
-10
-11
-10
-9
-10
-9
-8
-8
-8
-7
-5
-3
-3
-4
-5
-4
-4
-1
-1
0
0
-1
-1
-1
1
2
2
2
2
1
-2
0
-1
-1
-1
-1
1
1
0
1
1
0
-3
-2
-1
0
1
1
0
-3
-2
1
3
3
2
2
2
4
5
6
7
5
3
4
6
8
8
8
7
8
9
8
7
5
3
1
3
2
3
2
3
4
4
3
6
6
5
6
7
7
4
4
1
1
2
0
1
-2
-5
-8
-8
-9
-9
-10
-10
-10
-10
-10
-12
-11
-11
-9
-9
-10
-8
-8
-9
-8
-5
-6
-6
-6
-6
-5
-4
-4
-3
-2
-3
-4
-2
-1
-1
-2
0
1
3
2
2
2
4
5
7
8
8
8
8
7
7
8
8
7
5
6
5
6
7
7
5
5
7
5
7
8
6
5
5
2
1
1
1
2
3
1
-1
-1
-2
-2
-2
-1
-1
-2
-1
1
0
-1
0
0
0
1
1
0
-2
-1
1
1
0
-2
-3
-2
-1
-2
-2
-2
-4
-4
-4
-7
-6
-9
-10
-8
-8
-6
-7
-7
-10
-8
-7
-8
-8
-11
-8
-3
-1
-3
-5
-6
-3
-1
-2
-1
2
15
29
31
16
13
60
162
261
255
74
-248
-502
-518
-315
-55
80
5
-190
-316
-255
-51
179
289
290
287
389
521
453
135
-270
-466
-271
285
790
895
562
43
-297
-235
126
431
479
268
0
-83
-31
-36
-244
-542
-667
-443
5
373
328
-166
-795
-1128
-986
-464
110
308
101
-297
-592
-580
-334
-56
119
176
187
185
154
47
-100
-187
-102
177
530
759
709
391
-24
-317
-352
-144
156
365
378
214
-20
-192
-227
-129
39
193
265
218
63
-148
-326
-386
-285
-52
211
383
388
226
-15
-213
-274
-177
17
207
298
246
80
-123
-271
-298
-193
0
179
239
137
-90
-325
-447
-391
-188
45
192
191
67
-95
-205
-210
-112
47
204
299
307
228
102
-10
-55
-15
90
202
251
202
62
-108
-228
-242
-150
-9
94
95
-5
-149
-263
-291
-231
-126
-27
33
47
19
-27
-59
-52
7
109
214
274
254
171
69
-2
-13
26
81
114
104
52
-19
-81
-110
-100
-60
-12
24
28
-4
-63
-131
-174
-162
-88
8
63
32
-74
-186
-215
-121
50
195
234
165
60
4
37
111
150
116
43
-3
13
63
78
18
-91
-167
-149
-52
45
51
-48
-188
-284
-274
-184
-86
-51
-81
-118
-114
-51
35
88
90
65
62
100
156
192
171
107
50
42
79
125
132
89
21
-27
-32
-6
19
13
-15
-32
-20
28
79
97
74
23
-27
-52
-46
-26
-5
6
4
4
6
13
23
30
36
42
45
44
31
5
-30
-63
-78
-74
-59
-48
-50
-70
-92
-106
-106
-99
-99
-93
-82
-60
-33
-16
-15
-31
-50
-51
-26
11
50
75
75
57
31
16
20
44
72
93
90
60
16
-18
-23
-3
33
61
59
32
-5
-34
-42
-35
-20
-5
7
22
37
37
17
-10
-27
-16
18
53
61
41
0
-30
-31
-4
35
59
58
41
17
-1
-16
-30
-42
-47
-42
-24
-8
-7
-20
-51
-76
-79
-61
-32
-9
-2
-8
-26
-44
-48
-38
-14
19
45
54
47
31
15
11
18
36
54
64
64
53
41
34
27
20
13
6
2
-3
-8
-15
-24
-36
-44
-50
-47
-42
-35
-33
-34
-34
-35
-30
-25
-18
-11
-5
2
7
9
11
14
16
22
28
34
39
37
31
26
22
23
29
32
29
25
12
-1
-7
-9
-6
-3
-4
-9
-16
-26
-28
-26
-22
-16
-13
-16
-19
-23
-21
-15
-12
-10
-8
-7
-4
-1
-1
1
-1
-1
0
3
7
9
9
5
2
3
5
9
9
10
10
10
11
10
6
5
4
6
6
8
8
3
2
0
1
5
6
6
6
2
0
-1
-3
-3
-3
0
0
0
0
-2
-4
-6
-4
-4
-3
-4
-6
-6
-9
-10
-9
-8
-4
-2
-1
-3
-5
-5
-6
-5
-3
-4
-3
-1
0
3
4
2
2
2
4
6
9
8
5
2
-1
2
3
2
1
-2
-2
-3
-3
-2
0
-1
-1
-1
-2
-4
-4
-2
-3
-2
-3
-3
-3
-3
-3
-1
1
0
1
1
0
0
-2
-2
0
1
5
7
8
8
7
3
3
6
8
13
15
13
10
6
2
2
3
5
6
5
3
4
5
6
5
4
5
8
9
7
3
0
-3
-4
-3
0
2
-2
-5
-10
-11
-11
-11
-8
-6
-7
-9
-10
-11
-10
-12
-11
-10
-8
-9
-8
-9
-9
-11
-12
-10
-7
-2
0
0
-2
-3
-3
0
2
4
5
3
4
3
3
2
3
3
