-7
-4
-2
-4
-9
-9
-4
-6
-2
11
10
-1
1
0
-2
6
13
8
0
-3
-2
-2
0
7
4
-1
-4
3
6
8
13
9
6
6
7
11
14
11
4
2
6
4
4
8
0
-8
-4
-4
-1
3
0
-2
-5
-2
1
5
6
0
-6
-8
-6
-6
-1
1
-6
-6
-1
-1
2
8
3
-4
-6
-3
-4
-7
1
1
-11
-9
-7
-10
-8
-5
-13
-9
-6
-8
3
5
0
-4
-7
-5
-7
-8
-1
-2
-7
-1
1
-1
3
8
0
1
6
0
10
18
16
8
3
6
4
-1
5
13
4
2
14
5
2
5
-2
-2
1
3
11
12
15
14
8
10
10
11
22
22
16
20
14
3
1
-2
-6
-3
1
1
7
4
1
0
-5
-8
-10
-11
-15
-20
-24
-24
-32
-32
-27
-27
-26
-28
-28
-27
-22
-10
-1
7
18
20
21
23
12
-4
-18
-33
-46
-45
-30
-20
-13
3
20
32
46
81
116
156
210
302
408
450
449
383
285
170
23
-96
-192
-269
-362
-434
-476
-552
-620
-724
-838
-846
-782
-639
-484
-350
-253
-230
-255
-289
-329
-313
-232
-117
20
178
344
447
494
476
444
449
483
568
679
762
833
833
769
719
680
679
681
644
614
577
545
533
490
446
446
507
637
748
777
718
557
360
172
29
-57
-105
-150
-249
-421
-653
-904
-1079
-1181
-1149
-1027
-972
-992
-1096
-1155
-1074
-932
-805
-767
-784
-780
-671
-500
-373
-278
-73
464
1466
2692
3572
3585
2609
1031
-528
-1613
-2111
-2226
-2269
-2350
-2361
-2238
-2112
-2246
-2734
-3307
-3545
-3081
-1866
-403
592
701
76
-743
-1254
-1243
-797
-115
638
1471
2424
3291
3686
3342
2375
1304
695
830
1550
2323
2599
2226
1465
715
282
189
288
469
699
1032
1436
1715
1656
1229
677
404
653
1289
1930
2153
1767
972
170
-338
-504
-475
-413
-386
-378
-358
-392
-594
-1006
-1532
-1952
-2075
-1922
-1672
-1527
-1615
-1863
-2067
-2073
-1862
-1529
-1176
-835
-460
-29
347
488
287
-161
-562
-629
-279
256
588
485
-6
-609
-1038
-1221
-1240
-1071
-531
641
2439
4265
5172
4523
2507
37
-1860
-2632
-2440
-1946
-1732
-1849
-1990
-1929
-1833
-2037
-2577
-3086
-2966
-1835
36
1743
2329
1526
-3
-1275
-1678
-1198
-295
529
1124
1689
2383
2978
2975
2132
774
-353
-607
81
1207
2002
2034
1489
930
792
1044
1344
1446
1380
1367
1587
1895
1946
1554
914
537
778
1511
2237
2453
2007
1190
466
93
-39
-200
-508
-835
-1009
-1017
-1050
-1330
-1862
-2375
-2539
-2239
-1679
-1219
-1100
-1272
-1487
-1531
-1376
-1129
-914
-752
-606
-462
-338
-297
-355
-489
-660
-836
-1006
-1129
-1118
-955
-751
-690
-858
-1137
-1304
-1239
-1009
-792
-604
-114
1109
3169
5416
6646
5974
3553
481
-1988
-3196
-3300
-3009
-2953
-3130
-3102
-2662
-2171
-2182
-2757
-3335
-3081
-1501
1023
3314
4122
3129
1248
-227
-608
-54
763
1316
1613
2018
2729
3327
3062
1642
-311
-1645
-1585
-290
1329
2281
2167
1406
796
841
1398
1993
2332
2470
2582
2669
2525
1944
988
74
-256
229
1194
1974
2073
1490
602
-143
-515
-618
-678
-838
-1064
-1245
-1369
-1541
-1856
-2270
-2607
-2684
-2459
-2034
-1590
-1282
-1168
-1197
-1248
-1247
-1192
-1117
-1033
-938
-834
-764
-825
-1091
-1516
-1914
-2079
-1930
-1578
-1278
-1196
-1239
-1163
-791
-257
143
296
308
324
356
330
265
411
1239
3178
5860
7828
7628
4979
1089
-2323
-4163
-4284
-3449
-2748
-2639
-2706
-2375
-1769
-1532
-1877
-2275
-2020
-621
1792
4275
5520
4798
2728
641
-583
-890
-686
-338
57
631
1453
2164
2005
623
-1363
-2724
-2573
-1046
924
2275
2459
1761
1010
848
1255
1759
2025
2145
2343
2670
2853
2470
1377
-30
-950
-771
386
1738
2419
2081
1055
-4
-619
-778
-823
-1005
-1250
-1344
-1216
-1079
-1248
-1822
-2526
-2938
-2815
-2273
-1681
-1343
-1318
-1434
-1477
-1409
-1288
-1175
-1080
-980
-899
-898
-1060
-1388
-1789
-2115
-2234
-2105
-1756
-1237
-655
-150
200
405
524
588
571
460
308
334
717
1307
1712
1654
1378
1614
3043
5474
7583
7797
5549
1844
-1558
-3461
-3819
-3483
-3317
-3490
-3481
-2780
-1596
-785
-875
-1519
-1779
-825
1306
3618
4769
4070
2079
41
-1142
-1465
-1488
-1578
-1544
-941
345
1730
2233
1316
-577
-2240
-2592
-1487
342
1889
2540
2406
1980
1672
1549
1427
1274
1285
1637
2235
2621
2347
1361
122
-607
-380
610
1658
2058
1614
656
-282
-880
-1219
-1535
-1879
-2031
-1759
-1157
-625
-564
-1063
-1778
-2236
-2217
-1877
-1577
-1502
-1537
-1509
-1396
-1325
-1388
-1514
-1502
-1188
-650
-218
-194
-569
-1061
-1374
-1392
-1204
-943
-654
-305
120
555
836
838
673
642
920
1327
1460
1097
406
-222
-527
-520
-266
387
1832
4375
7345
9036
7964
4250
-283
-3581
-4733
-4175
-3151
-2772
-3143
-3458
-2943
-1815
-1042
-1112
-1617
-1643
-424
1959
4437
5434
4089
1165
-1656
-3157
-3234
-2516
-1598
-673
322
1362
2019
1590
-106
-2266
-3565
-3168
-1356
833
2343
2670
2080
1290
908
1058
1526
2110
2703
3174
3295
2870
1891
626
-384
-613
74
1248
2205
2428
1819
688
-487
-1350
-1810
-1928
-1745
-1269
-636
-158
-117
-566
-1270
-1877
-2110
-1904
-1421
-926
-630
-618
-854
-1218
-1544
-1659
-1487
-1097
-644
-292
-136
-218
-522
-983
-1523
-1990
-2151
-1824
-1071
-202
441
700
617
334
70
-2
133
272
236
62
-32
140
493
717
626
671
1914
4924
8492
10123
8175
3466
-1417
-4386
-5099
-4600
-4227
-4506
-4873
-4355
-2718
-949
-274
-924
-1986
-2096
-409
2635
5407
6059
4016
604
-2152
-3146
-2721
-1923
-1357
-817
133
1401
2175
1546
-509
-2882
-4095
-3368
-1132
1420
3176
3705
3300
2602
2132
2061
2301
2714
3205
3617
3707
3217
2041
408
-1105
-1816
-1351
24
1502
2247
1897
742
-614
-1651
-2105
-1978
-1423
-710
-159
-61
-538
-1428
-2313
-2747
-2532
-1848
-1036
-379
-58
-134
-538
-1060
-1436
-1488
-1208
-785
-497
-524
-885
-1413
-1896
-2222
-2318
-2129
-1648
-959
-246
308
627
745
773
802
864
988
1115
1108
853
376
-54
-116
221
580
531
181
342
1914
4925
7935
8902
6784
2415
-2042
-4796
-5469
-4898
-4251
-4016
-3777
-2899
-1342
0
111
-1081
-2492
-2615
-705
2443
4982
5246
2977
-444
-3132
-4063
-3529
-2529
-1733
-1052
-118
1064
1859
1478
-183
-2251
-3315
-2417
193
3247
5247
5412
4128
2544
1733
2007
2893
3655
3817
3371
2576
1650
653
-435
-1363
-1653
-975
466
1857
2378
1717
256
-1180
-1906
-1729
-998
-276
106
140
-29
-288
-632
-1009
-1313
-1476
-1457
-1323
-1227
-1333
-1707
-2202
-2575
-2684
-2497
-2092
-1588
-1119
-817
-755
-943
-1339
-1791
-2070
-1966
-1424
-592
292
991
1339
1288
923
467
150
57
128
253
352
334
70
-493
-1138
-1254
-62
2824
6628
9362
9168
5744
739
-3502
-5560
-5471
-4368
-3498
-3218
-2914
-1864
-300
571
-79
-1782
-3034
-2362
476
4090
6213
5300
1868
-1913
-4044
-4018
-2720
-1302
-259
587
1557
2503
2663
1388
-964
-3019
-3342
-1593
1307
3903
5077
4612
3204
1952
1567
1950
2545
2948
3104
3041
2674
1902
755
-558
-1596
-1785
-877
639
1772
1802
812
-526
-1524
-1864
-1631
-1136
-680
-356
-102
70
-51
-617
-1447
-2112
-2269
-1970
-1566
-1361
-1498
-1888
-2292
-2483
-2351
-2027
-1722
-1478
-1209
-856
-547
-472
-665
-1020
-1386
-1553
-1351
-755
29
674
1004
971
601
56
-334
-262
190
591
641
419
170
-29
-271
-609
-752
-9
2278
5941
9355
10339
7879
3022
-1823
-4708
-5204
-4229
-3258
-3103
-3388
-3168
-2093
-991
-946
-2049
-3236
-3063
-827
2711
5634
6067
3669
10
-2740
-3429
-2444
-945
183
794
1241
1775
2069
1413
-405
-2558
-3622
-2688
-116
2754
4513
4519
3197
1704
1082
1559
2575
3385
3625
3367
2782
1948
850
-439
-1541
-1924
-1239
272
1748
2254
1420
-290
-1949
-2767
-2526
-1588
-583
25
130
-118
-530
-1004
-1505
-1935
-2128
-1979
-1600
-1290
-1313
-1713
-2258
-2626
-2624
-2289
-1823
-1397
-1011
-574
-85
252
177
-338
-1022
-1453
-1338
-744
-22
470
586
466
329
282
295
326
444
654
791
586
10
-408
229
2490
5951
8963
9644
7209
2650
-1868
-4596
-5146
-4452
-3864
-3981
-4355
-4119
-2938
-1562
-1025
-1569
-2355
-2038
53
3220
5720
5951
3695
318
-2340
-3258
-2704
-1623
-700
28
817
1649
1945
1007
-1132
-3401
-4316
-3105
-344
2480
4030
3958
2958
2112
2037
2579
3186
3488
3568
3652
3683
3293
2161
490
-965
-1395
-581
883
1933
1823
592
-1043
-2203
-2482
-2102
-1573
-1194
-888
-487
-52
157
-75
-729
-1500
-1922
-1690
-969
-332
-298
-921
-1836
-2595
-2919
-2705
-2146
-1617
-1431
-1534
-1563
-1336
-987
-774
-776
-891
-1014
-961
-531
189
749
778
476
314
395
409
238
177
379
567
475
217
-21
-34
729
2976
6235
8360
7542
4107
96
-2838
-4223
-4121
-3228
-2849
-3642
-4486
-3830
-1984
-786
-995
-1594
-1523
-496
1503
4077
5668
4674
1602
-1205
-2268
-2133
-1879
-1680
-1246
-556
456
1815
2769
2043
-450
-2917
-3442
-1807
700
2732
3606
3270
2356
1917
2431
3243
3436
3020
2812
3187
3611
3363
2187
454
-1045
-1442
-405
1246
2098
1449
-142
-1556
-2206
-2202
-1885
-1531
-1266
-1014
-612
-130
-46
-733
-1879
-2732
-2788
-2185
-1363
-702
-532
-1001
-1881
-2612
-2733
-2308
-1682
-1145
-884
-978
-1312
-1542
-1395
-1016
-789
-831
-945
-882
-609
-256
63
272
388
512
733
1030
1310
1436
1327
988
518
166
347
1574
4059
7022
8754
7866
4479
235
-3005
-4289
-3823
-2760
-2405
-3160
-4129
-4099
-3003
-1919
-1667
-1997
-2009
-946
1304
3938
5395
4481
1687
-1135
-2481
-2334
-1634
-1105
-866
-606
101
1268
2095
1474
-688
-2994
-3743
-2430
-7
2078
2873
2351
1359
1017
1717
2783
3309
3196
3141
3593
4190
4158
2990
965
-920
-1486
-314
1657
2833
2309
505
-1407
-2539
-2753
-2513
-2338
-2309
-2005
-1044
292
1120
762
-583
-1985
-2511
-1875
-586
450
561
-232
-1322
-2092
-2367
-2368
-2326
-2216
-1893
-1308
-620
-180
-279
-881
-1581
-1883
-1629
-1026
-407
19
256
434
695
1042
1278
1247
1086
1095
1334
1475
1196
561
110
564
2317
4919
6908
6749
4137
366
-2682
-3974
-3741
-2983
-2768
-3420
-4257
-4274
-3247
-2115
-1878
-2477
-2945
-2283
-279
2293
4033
3794
1718
-736
-2140
-2206
-1667
-1262
-1057
-655
337
1829
3003
2801
946
-1519
-2958
-2522
-681
1343
2506
2526
1918
1543
1869
2561
2968
2927
2928
3461
4369
4957
4555
3075
1222
71
292
1535
2671
2771
1770
303
-972
-1847
-2493
-3076
-3454
-3191
-2054
-438
746
735
-429
-1929
-2783
-2520
-1436
-279
280
35
-712
-1494
-2047
-2376
-2566
-2600
-2379
-1898
-1341
-1015
-1159
-1724
-2363
-2606
-2207
-1332
-411
184
372
318
252
303
446
610
778
983
1188
1226
936
440
225
869
2573
4782
6316
6105
3945
730
-2151
-3719
-3899
-3408
-3083
-3202
-3436
-3271
-2626
-1977
-1832
-2219
-2534
-1999
-344
1867
3521
3739
2545
765
-629
-1202
-1174
-948
-643
8
1257
2842
3924
3628
1810
-661
-2452
-2643
-1326
566
1999
2528
2472
2415
2613
2827
2647
2070
1611
1855
2902
4145
4701
4100
2629
1174
514
781
1460
1860
1641
934
28
-926
-1968
-3121
-4117
-4471
-3827
-2379
-820
58
-116
-1065
-2107
-2616
-2394
-1697
-961
-521
-485
-787
-1339
-2024
-2664
-3038
-2971
-2465
-1740
-1110
-839
-989
-1404
-1836
-2054
-1941
-1487
-749
132
935
1432
1517
1278
964
795
811
865
807
704
909
1782
3343
5053
6010
5565
3767
1336
-824
-2176
-2720
-2802
-2764
-2678
-2412
-1923
-1476
-1472
-2035
-2811
-3164
-2606
-1146
620
1878
2115
1455
475
-285
-654
-779
-811
-701
-189
894
2352
3572
3888
3047
1420
-237
-1251
-1381
-837
-16
798
1561
2313
2954
3201
2830
1936
1004
605
1020
2023
3037
3543
3392
2817
2171
1628
1150
652
198
-21
88
333
280
-418
-1691
-3042
-3834
-3739
-2941
-1969
-1353
-1297
-1620
-2002
-2210
-2217
-2121
-1975
-1783
-1554
-1368
-1364
-1601
-1964
-2197
-2070
-1587
-1020
-719
-859
-1292
-1665
-1693
-1338
-779
-245
170
508
823
1079
1154
980
677
486
555
812
1005
970
816
896
1541
2730
3975
4604
4219
2976
1420
83
-800
-1315
-1655
-1891
-1894
-1508
-810
-188
-67
-591
-1476
-2195
-2320
-1806
-1032
-482
-394
-639
-921
-1049
-1074
-1144
-1307
-1380
-1031
-88
1256
2494
3119
2942
2172
1271
665
519
720
1053
1411
1836
2404
3054
3550
3615
3134
2262
1330
670
428
529
785
1047
1248
1344
1274
963
428
-202
-742
-1048
-1112
-1044
-989
-1026
-1115
-1179
-1189
-1176
-1222
-1378
-1630
-1909
-2107
-2146
-2016
-1792
-1571
-1417
-1350
-1396
-1569
-1838
-2106
-2221
-2054
-1581
-956
-466
-360
-647
-1088
-1362
-1275
-855
-296
195
545
807
1046
1216
1199
926
502
162
96
315
653
909
1046
1222
1589
2104
2484
2423
1849
1008
298
-36
-75
-114
-358
-687
-721
-225
622
1280
1265
528
-490
-1189
-1264
-927
-687
-890
-1415
-1816
-1761
-1310
-859
-771
-1044
-1313
-1154
-482
351
850
801
460
318
669
1381
2018
2219
1996
1740
1889
2550
3412
3981
3952
3421
2726
2141
1708
1254
671
68
-281
-165
325
813
890
403
-437
-1249
-1755
-1921
-1897
-1833
-1744
-1547
-1193
-796
-598
-768
-1263
-1826
-2173
-2169
-1903
-1583
-1372
-1310
-1326
-1349
-1379
-1465
-1622
-1761
-1751
-1530
-1177
-876
-778
-892
-1066
-1095
-853
-388
123
515
734
833
898
962
1003
989
942
941
1055
1255
1396
1321
979
499
132
100
464
1076
1681
2053
2097
1823
1306
642
-40
-580
-821
-674
-175
489
1055
1318
1200
777
215
-340
-804
-1166
-1449
-1659
-1790
-1814
-1729
-1577
-1418
-1323
-1331
-1419
-1532
-1585
-1493
-1214
-735
-94
618
1295
1814
2116
2221
2210
2216
2350
2652
3053
3389
3484
3224
2618
1792
954
302
-57
-113
61
335
574
680
607
361
-21
-447
-809
-1027
-1085
-1017
-887
-771
-704
-698
-730
-786
-885
-1042
-1244
-1457
-1637
-1759
-1804
-1773
-1704
-1618
-1523
-1409
-1279
-1162
-1088
-1070
-1106
-1168
-1201
-1137
-932
-593
-181
221
522
651
614
472
322
253
290
424
612
790
902
903
786
565
275
3
-143
-94
147
507
847
1057
1094
991
839
689
541
362
153
-40
-141
-93
113
404
670
806
756
522
126
-384
-909
-1355
-1613
-1626
-1446
-1186
-1029
-1090
-1338
-1638
-1807
-1712
-1330
-728
-46
580
1067
1403
1611
1736
1838
1974
2175
2411
2621
2729
2674
2459
2142
1823
1558
1371
1233
1089
902
669
422
213
83
42
67
102
91
-9
-208
-487
-805
-1093
-1270
-1262
-1057
-717
-368
-152
-181
-482
-983
-1550
-2042
-2353
-2450
-2342
-2091
-1781
-1494
-1314
-1281
-1381
-1554
-1691
-1686
-1505
-1180
-797
-450
-207
-85
-31
10
86
220
397
590
750
833
812
676
458
216
22
-71
-47
66
224
397
564
709
836
942
1008
1004
901
708
468
247
112
126
307
613
944
1194
1265
1091
672
96
-470
-909
-1150
-1188
-1092
-952
-873
-891
-964
-1025
-1016
-889
-626
-259
141
511
834
1100
1324
1523
1719
1905
2048
2111
2077
1965
1817
1673
1561
1490
1437
1362
1227
1017
747
445
157
-60
-159
-122
18
198
338
352
193
-139
-585
-1036
-1390
-1560
-1516
-1298
-993
-734
-633
-735
-1025
-1420
-1826
-2138
-2280
-2252
-2081
-1831
-1576
-1367
-1235
-1173
-1135
-1083
-983
-833
-654
-487
-360
-283
-227
-151
-26
158
379
591
741
790
729
601
456
345
302
330
400
459
470
430
372
352
422
605
870
1138
1321
1365
1248
987
644
314
67
-49
-24
114
307
468
529
459
277
21
-271
-567
-840
-1070
-1242
-1316
-1273
-1115
-862
-566
-275
-41
101
166
181
187
239
371
597
901
1231
1520
1709
1771
1729
1624
1525
1477
1490
1548
1604
1606
1512
1305
1001
645
304
44
-90
-80
39
201
325
329
175
-127
-520
-912
-1216
-1371
-1345
-1176
-940
-737
-647
-722
-963
-1314
-1683
-1977
-2135
-2121
-1951
-1690
-1417
-1216
-1114
-1101
-1136
-1148
-1091
-950
-751
-539
-368
-272
-252
-271
-279
-219
-63
162
418
642
761
748
604
377
131
-73
-188
-182
-49
202
554
963
1353
1626
1714
1600
1304
862
357
-103
-425
-557
-474
-190
212
597
830
838
611
215
-263
-707
-1036
-1227
-1274
-1186
-983
-711
-441
-210
-32
84
160
222
289
365
453
569
734
968
1239
1491
1685
1781
1785
1720
1628
1552
1509
1499
1500
1498
1460
1337
1114
815
497
235
90
87
196
332
406
350
140
-201
-637
-1073
-1428
-1636
-1667
-1552
-1333
-1105
-957
-942
-1069
-1311
-1621
-1935
-2180
-2303
-2289
-2138
-1888
-1604
-1345
-1161
-1051
-1005
-992
-965
-893
-763
-587
-379
-171
13
150
234
290
334
379
416
436
421
350
237
116
53
105
316
704
1248
1856
2380
2684
2676
2323
1660
797
-103
-872
-1368
-1511
-1278
-737
-66
521
849
835
493
-58
-638
-1101
-1363
-1398
-1234
-925
-555
-228
-7
83
87
90
179
396
720
1051
1314
1472
1520
1490
1403
1273
1114
959
868
890
1035
1254
1453
1563
1552
1430
1229
967
659
346
107
43
199
543
944
1215
1213
897
332
-361
-1042
-1601
-1963
-2067
-1898
-1508
-1030
-652
-539
-744
-1205
-1752
-2212
-2491
-2570
-2480
-2269
-1956
-1571
-1196
-925
-837
-917
-1043
-1074
-939
-654
-298
26
286
494
675
815
857
752
527
264
71
-8
11
88
239
549
1141
2010
2964
3696
3920
3538
2648
1460
188
-988
-1943
-2561
-2717
-2348
-1573
-700
-112
-53
-493
-1184
-1802
-2112
-2092
-1860
-1529
-1140
-658
-121
308
457
262
-129
-429
-347
197
1029
1852
2420
2682
2733
2654
2433
1988
1318
588
83
29
437
1072
1583
1738
1543
1180
853
634
481
359
329
523
1025
1743
2396
2664
2391
1676
802
25
-549
-932
-1200
-1348
-1307
-1056
-684
-426
-508
-983
-1693
-2358
-2769
-2874
-2760
-2565
-2358
-2137
-1888
-1632
-1456
-1421
-1491
-1568
-1547
-1386
-1127
-818
-499
-187
136
426
612
642
518
300
37
-223
-373
-243
388
1637
3282
4821
5639
5375
4129
2295
347
-1386
-2778
-3775
-4257
-4016
-2999
-1557
-361
-51
-768
-2076
-3231
-3594
-3070
-2087
-1182
-602
-195
321
928
1310
1138
419
-380
-599
129
1561
2938
3545
3169
2202
1251
656
397
178
-139
-346
-65
855
2099
3020
3082
2270
1081
170
-81
250
807
1321
1780
2336
3036
3626
3694
2991
1693
349
-488
-608
-220
244
487
487
393
299
93
-455
-1420
-2564
-3439
-3680
-3271
-2558
-1984
-1809
-1949
-2106
-2057
-1805
-1551
-1483
-1596
-1722
-1648
-1315
-861
-526
-499
-779
-1204
-1559
-1718
-1727
-1731
-1822
-1893
-1638
-711
1009
3193
5133
6103
5791
4449
2676
995
-354
-1430
-2338
-3013
-3183
-2606
-1473
-425
-150
-876
-2174
-3233
-3387
-2521
-1151
-21
465
458
399
518
641
458
-107
-687
-673
299
1998
3609
4260
3623
2070
400
-752
-1208
-1168
-900
-456
310
1467
2769
3645
3607
2647
1279
263
91
709
1678
2500
2966
3178
3305
3345
3077
2315
1156
2
-670
-648
-111
513
825
732
410
87
-164
-477
-981
-1617
-2138
-2274
-1989
-1528
-1272
-1475
-2034
-2576
-2730
-2371
-1714
-1112
-829
-890
-1089
-1186
-1123
-1067
-1249
-1719
-2264
-2559
-2434
-2039
-1752
-1851
-2199
-2228
-1265
887
3578
5632
6079
4789
2498
216
-1377
-2223
-2690
-3061
-3219
-2726
-1394
213
1107
612
-1068
-2895
-3684
-2843
-804
1269
2356
2259
1585
1058
845
614
48
-702
-994
-189
1730
3901
5049
4382
2187
-389
-2128
-2532
-1950
-1082
-392
174
932
1961
2860
2992
2090
624
-451
-351
901
2528
3591
3604
2832
1969
1563
1613
1661
1327
675
148
148
616
1067
987
281
-637
-1152
-940
-241
302
171
-630
-1620
-2226
-2241
-1909
-1646
-1646
-1714
-1481
-757
211
852
721
-168
-1310
-2081
-2185
-1837
-1552
-1692
-2200
-2689
-2802
-2574
-2360
-2428
-2581
-2161
-516
2290
5251
6933
6443
4038
918
-1587
-2827
-3054
-2996
-3173
-3448
-3261
-2377
-1301
-916
-1666
-3103
-4084
-3581
-1462
1285
3195
3377
2117
565
-257
-128
448
871
1025
1321
2221
3600
4609
4275
2326
-436
-2587
-3050
-1791
248
1859
2385
2026
1488
1305
1440
1500
1231
853
894
1634
2767
3525
3252
1970
411
-483
-237
832
1927
2338
1908
1035
265
-162
-407
-747
-1210
-1488
-1213
-364
574
912
255
-1167
-2585
-3211
-2756
-1590
-431
211
327
242
249
324
229
-164
-701
-1020
-882
-456
-241
-661
-1693
-2862
-3620
-3737
-3338
-2621
-1594
-37
2081
4217
5368
4732
2407
-567
-2834
-3584
-3008
-2028
-1557
-1820
-2287
-2386
-2128
-2045
-2585
-3520
-3982
-3119
-867
1753
3261
2790
734
-1536
-2714
-2393
-1110
259
1223
1901
2647
3463
3821
3125
1357
-679
-1819
-1388
307
2200
3229
3022
2031
1092
761
1015
1470
1825
2120
2574
3201
3637
3421
2404
1012
22
27
1002
2288
3051
2849
1846
632
-270
-718
-879
-979
-1074
-1042
-821
-561
-586
-1149
-2153
-3146
-3588
-3242
-2345
-1399
-859
-792
-896
-806
-378
191
567
608
462
392
449
362
-186
-1236
-2396
-3101
-3067
-2484
-1809
-1302
-723
468
2491
4698
5858
5067
2514
-557
-2710
-3260
-2640
-1971
-2139
-3087
-3949
-3946
-3163
-2417
-2432
-3126
-3578
-2790
-621
1890
3219
2531
347
-1837
-2658
-1846
-203
1165
1723
1774
1922
2330
2533
1911
400
-1281
-2062
-1330
520
2350
3128
2667
1680
1123
1469
2423
3280
3537
3225
2786
2619
2701
2669
2244
1558
1085
1235
1974
2786
3046
2481
1352
285
-201
-44
365
508
146
-555
-1197
-1514
-1571
-1643
-1942
-2404
-2726
-2628
-2146
-1629
-1459
-1720
-2129
-2272
-1948
-1303
-682
-378
-439
-702
-1009
-1336
-1731
-2151
-2467
-2593
-2554
-2381
-1917
-835
1101
3609
5716
6289
4827
1934
-1006
-2734
-2878
-2083
-1466
-1685
-2496
-3110
-3006
-2382
-1870
-1938
-2384
-2412
-1349
617
2327
2568
1119
-1053
-2540
-2500
-1115
628
1705
1830
1553
1553
1912
2095
1613
577
-378
-522
374
1778
2688
2433
1291
240
123
1011
2258
3061
3000
2304
1644
1521
1864
2197
2175
1897
1720
1886
2300
2555
2295
1520
668
247
352
640
648
152
-699
-1514
-1915
-1816
-1482
-1272
-1319
-1497
-1631
-1706
-1771
-1863
-1967
-1983
-1746
-1182
-479
0
34
-313
-877
-1501
-2007
-2209
-2111
-1975
-2036
-2299
-2535
-2365
-1335
745
3185
4666
4305
2366
-52
-1841
-2392
-1856
-1127
-1111
-1875
-2622
-2673
-2196
-1760
-1678
-1892
-2036
-1540
-96
1673
2493
1724
5
-1410
-1689
-766
815
2143
2495
1998
1451
1387
1559
1486
1126
730
508
589
1006
1457
1444
877
289
264
844
1664
2339
2582
2243
1505
874
701
923
1346
1950
2717
3354
3482
2969
1951
743
-219
-530
-176
363
543
202
-438
-1083
-1549
-1786
-1886
-1986
-2062
-1946
-1559
-1103
-885
-1021
-1356
-1582
-1440
-907
-245
168
122
-327
-951
-1495
-1775
-1739
-1571
-1571
-1876
-2290
-2332
-1479
441
2830
4432
4212
2244
-345
-2195
-2584
-1798
-864
-754
-1568
-2490
-2705
-2247
-1817
-1987
-2672
-3229
-2876
-1343
621
1636
899
-1050
-2809
-3245
-2155
-201
1546
2331
2266
2091
2261
2483
2255
1572
931
831
1447
2528
3392
3390
2516
1481
1031
1295
1885
2362
2467
2195
1778
1515
1440
1249
804
430
595
1396
2451
3199
3223
2483
1417
683
592
846
902
517
-159
-826
-1272
-1466
-1586
-1863
-2305
-2644
-2619
-2292
-1955
-1841
-1982
-2217
-2270
-1921
-1182
-361
197
322
20
-552
-1123
-1420
-1386
-1271
-1403
-1833
-2228
-1972
-591
1641
3549
3831
2171
-486
-2661
-3312
-2473
-1229
-876
-1736
-2831
-2952
-1942
-711
-243
-867
-2087
-2788
-2014
-33
1631
1604
-45
-2097
-3345
-3251
-2015
-477
407
472
484
1038
1799
2067
1688
1083
750
1057
2104
3379
3945
3398
2320
1598
1592
2107
2812
3312
3252
2696
2134
1890
1775
1474
1092
974
1265
1896
2669
3197
3063
2289
1441
1072
1192
1417
1406
1045
414
-273
-757
-1014
-1303
-1822
-2428
-2809
-2853
-2700
-2577
-2610
-2770
-2869
-2629
-1958
-1123
-528
-374
-575
-937
-1285
-1510
-1609
-1698
-1884
-2155
-2373
-2373
-1999
-1175
-95
733
825
124
-933
-1733
-1870
-1399
-816
-656
-998
-1373
-1244
-553
263
649
338
-423
-984
-798
59
898
1043
393
-591
-1315
-1440
-1054
-583
-398
-405
-154
579
1505
2065
1943
1291
627
516
1163
2202
2952
2998
2502
1935
1656
1713
1930
2089
2102
2081
2176
2310
2215
1705
953
387
354
922
1795
2470
2580
2136
1507
1069
929
956
970
893
748
596
422
115
-415
-1085
-1632
-1823
-1659
-1375
-1276
-1523
-2021
-2507
-2708
-2540
-2147
-1740
-1452
-1288
-1190
-1183
-1356
-1753
-2284
-2717
-2855
-2653
-2211
-1721
-1325
-1031
-808
-652
-618
-696
-760
-692
-500
-339
-367
-598
-854
-864
-471
157
611
614
220
-198
-257
136
707
1023
803
150
-529
-862
-794
-544
-353
-287
-219
8
365
638
602
257
-114
-163
233
883
1445
1675
1574
1344
1194
1183
1240
1312
1442
1724
2138
2496
2561
2233
1668
1224
1210
1660
2302
2742
2749
2373
1891
1563
1472
1532
1591
1565
1488
1433
1395
1274
963
472
-32
-334
-328
-108
68
-48
-516
-1171
-1733
-1990
-1939
-1746
-1608
-1626
-1776
-1976
-2165
-2349
-2579
-2847
-3045
-3015
-2672
-2122
-1640
-1497
-1760
-2215
-2509
-2373
-1835
-1225
-918
-1061
-1465
-1749
-1646
-1199
-705
-488
-641
-956
-1113
-945
-591
-346
-417
-726
-1001
-1005
-739
-437
-343
-465
-520
-197
530
1337
1798
1691
1203
812
908
1507
2255
2725
2763
2545
2368
2388
2490
2462
2226
1937
1876
2157
2595
2811
2558
1952
1391
1257
1650
2288
2766
2834
2525
2081
1693
1376
1038
651
315
192
342
615
732
490
-67
-679
-1057
-1083
-872
-683
-727
-1048
-1513
-1904
-2085
-2051
-1899
-1773
-1737
-1770
-1830
-1911
-2066
-2355
-2719
-2973
-2884
-2326
-1455
-656
-316
-549
-1140
-1656
-1766
-1464
-1017
-740
-743
-851
-774
-431
-8
195
36
-360
-692
-729
-547
-448
-705
-1293
-1871
-2064
-1777
-1244
-829
-749
-892
-937
-655
-117
389
612
572
519
714
1202
1775
2135
2145
1939
1797
1903
2219
2537
2658
2544
2320
2167
2179
2291
2384
2381
2314
2278
2318
2407
2479
2475
2398
2300
2216
2118
1933
1615
1197
782
491
386
425
478
411
156
-232
-637
-946
-1114
-1172
-1199
-1261
-1383
-1561
-1766
-1969
-2127
-2174
-2083
-1882
-1676
-1637
-1863
-2300
-2728
-2893
-2672
-2158
-1600
-1261
-1205
-1340
-1506
-1571
-1555
-1508
-1439
-1288
-981
-542
-148
19
-121
-456
-734
-741
-472
-124
54
-69
-417
-783
-1002
-1058
-1039
-1052
-1112
-1133
-1015
-765
-497
-344
-315
-315
-200
103
549
1001
1329
1512
1632
1788
2011
2243
2417
2487
2467
2425
2417
2464
2530
2566
2561
2528
2484
2455
2447
2457
2483
2505
2528
2542
2506
2384
2159
1858
1536
1246
1027
885
779
670
517
294
-11
-388
-790
-1154
-1421
-1574
-1652
-1734
-1890
-2144
-2425
-2627
-2685
-2585
-2397
-2209
-2063
-1963
-1859
-1729
-1613
-1586
-1679
-1809
-1865
-1801
-1657
-1568
-1636
-1839
-2033
-2041
-1804
-1451
-1180
-1096
-1155
-1200
-1108
-871
-607
-477
-526
-658
-714
-616
-426
-270
-223
-261
-279
-185
-4
142
140
8
-100
-17
307
768
1185
1433
1513
1539
1635
1844
2116
2366
2564
2723
2860
2950
2930
2761
2465
2166
2013
2059
2233
2385
2380
2207
1944
1718
1615
1631
1688
1721
1704
1633
1493
1268
952
550
145
-161
-301
-336
-358
-479
-744
-1121
-1513
-1824
-2023
-2137
-2221
-2303
-2375
-2415
-2418
-2400
-2382
-2372
-2324
-2168
-1863
-1474
-1123
-919
-883
-953
-1015
-1004
-949
-915
-967
-1084
-1176
-1189
-1139
-1097
-1133
-1267
-1417
-1488
-1420
-1247
-1076
-988
-971
-961
-886
-743
-592
-497
-483
-491
-428
-254
-21
180
291
323
349
440
617
841
1053
1233
1407
1611
1843
2053
2204
2291
2354
2441
2595
2794
2969
3059
3058
3006
2938
2871
2813
2742
2651
2544
2435
2328
2188
1985
1733
1462
1214
1004
824
637
411
131
-183
-493
-780
-1041
-1291
-1529
-1750
-1936
-2085
-2201
-2309
-2428
-2544
-2633
-2675
-2664
-2631
-2589
-2541
-2471
-2346
-2152
-1928
-1725
-1580
-1477
-1378
-1237
-1050
-841
-655
-528
-451
-391
-341
-329
-374
-490
-638
-765
-831
-825
-795
-802
-876
-983
-1059
-1052
-959
-815
-660
-521
-397
-271
-148
-43
29
75
136
260
444
668
886
1048
1146
1209
1284
1415
1605
1842
2073
2260
2398
2485
2541
2588
2626
2674
2741
2822
2908
2969
2986
2946
2841
2705
2554
2397
2252
2115
1980
1827
1634
1399
1127
827
518
219
-66
-341
-611
-886
-1150
-1400
-1645
-1879
-2097
-2290
-2448
-2558
-2621
-2651
-2675
-2691
-2704
-2703
-2671
-2598
-2484
-2365
-2278
-2214
-2157
-2071
-1937
-1786
-1657
-1575
-1518
-1432
-1281
-1088
-921
-840
-842
-885
-917
-910
-885
-897
-971
-1078
-1142
-1115
-1011
-877
-771
-701
-626
-490
-279
-24
212
384
507
630
798
1009
1225
1404
1527
1632
1755
1909
2082
2224
2326
2397
2461
2552
2651
2738
2806
2832
2834
2835
2839
2855
2852
2809
2736
2643
2552
2461
2350
2207
2022
1814
1604
1388
1165
924
664
392
117
-152
-419
-692
-968
-1240
-1490
-1714
-1899
-2049
-2177
-2285
-2371
-2425
-2439
-2425
-2389
-2332
-2257
-2155
-2034
-1909
-1799
-1717
-1659
-1621
-1591
-1549
-1508
-1479
-1463
-1468
-1473
-1459
-1427
-1382
-1346
-1327
-1311
-1289
-1250
-1202
-1163
-1144
-1138
-1124
-1086
-1025
-951
-872
-792
-706
-601
-469
-319
-163
-14
136
304
488
688
897
1099
1282
1452
1618
1780
1940
2096
2244
2388
2519
2629
2721
2799
2859
2903
2937
2952
2955
2933
2880
2800
2698
2582
2456
2318
2171
2015
1848
1672
1489
1295
1089
868
644
418
192
-36
-272
-514
-758
-994
-1215
-1420
-1602
-1766
-1913
-2037
-2134
-2198
-2237
-2251
-2239
-2202
-2141
-2059
-1963
-1856
-1756
-1669
-1592
-1521
-1447
-1374
-1313
-1266
-1238
-1224
-1214
-1196
-1181
-1172
-1169
-1180
-1200
-1218
-1232
-1238
-1235
-1233
-1223
-1198
-1159
-1116
-1072
-1025
-973
-894
-784
-651
-509
-372
-252
-145
-24
120
291
487
694
892
1073
1232
1373
1502
1631
1781
1949
2133
2309
2447
2544
2600
2646
2700
2781
2883
2982
3044
3063
3014
2905
2773
2639
2518
2418
2326
2203
2026
1786
1500
1188
893
650
457
288
105
-121
-389
-686
-990
-1259
-1445
-1550
-1601
-1635
-1682
-1778
-1921
-2070
-2174
-2200
-2137
-2006
-1864
-1767
-1751
-1811
-1900
-1959
-1948
-1865
-1745
-1625
-1550
-1540
-1576
-1637
-1675
-1663
-1606
-1513
-1420
-1353
-1332
-1364
-1423
-1475
-1481
-1424
-1319
-1202
-1102
-1047
-1023
-997
-935
-813
-631
-411
-180
35
226
386
534
695
886
1112
1356
1595
1803
1953
2052
2116
2185
2279
2390
2514
2621
2687
2701
2668
2616
2583
2588
2634
2698
2743
2736
2658
2527
2374
2227
2111
2014
1916
1791
1600
1341
1038
724
425
164
-59
-255
-450
-668
-908
-1163
-1397
-1583
-1699
-1739
-1726
-1693
-1670
-1667
-1678
-1687
-1676
-1627
-1553
-1468
-1402
-1388
-1423
-1502
-1606
-1708
-1792
-1835
-1838
-1821
-1804
-1818
-1868
-1934
-1988
-1985
-1908
-1779
-1623
-1482
-1384
-1337
-1320
-1298
-1243
-1136
-991
-836
-701
-601
-540
-508
-475
-413
-293
-112
113
349
561
725
849
960
1094
1281
1521
1787
2040
2231
2347
2404
2427
2455
2508
2586
2682
2762
2792
2756
2647
2503
2366
2252
2182
2142
2099
2024
1893
1711
1504
1302
1132
1001
889
768
609
412
183
-61
-297
-507
-686
-840
-984
-1129
-1281
-1442
-1591
-1710
-1777
-1788
-1753
-1689
-1615
-1544
-1483
-1428
-1368
-1303
-1234
-1164
-1104
-1067
-1066
-1102
-1167
-1247
-1323
-1391
-1450
-1505
-1563
-1629
-1694
-1747
-1775
-1771
-1736
-1670
-1579
-1470
-1351
-1232
-1108
-983
-852
-712
-566
-426
-299
-189
-95
-6
85
182
289
405
521
641
764
891
1029
1178
1348
1527
1714
1898
2066
2216
2350
2469
2573
2659
2721
2751
2751
2718
2658
2577
2471
2346
2207
2061
1916
1771
1618
1451
1268
1074
883
702
542
394
247
99
-47
-197
-349
-494
-629
-750
-865
-976
-1086
-1199
-1318
-1436
-1549
-1639
-1700
-1742
-1763
-1775
-1786
-1790
-1785
-1763
-1722
-1670
-1609
-1548
-1487
-1432
-1397
-1379
-1376
-1388
-1410
-1436
-1463
-1488
-1520
-1554
-1590
-1617
-1621
-1601
-1553
-1483
-1394
-1289
-1163
-1019
-860
-687
-508
-324
-133
64
258
449
633
803
958
1104
1242
1371
1489
1599
1699
1799
1896
1988
2084
2185
2283
2383
2474
2558
2633
2693
2739
2761
2751
2714
2654
2572
2463
2321
2155
1966
1758
1538
1300
1056
812
565
325
96
-123
-325
-509
-670
-811
-933
-1036
-1119
-1185
-1240
-1280
-1307
-1326
-1341
-1360
-1375
-1392
-1423
-1462
-1512
-1566
-1614
-1659
-1692
-1721
-1750
-1765
-1765
-1750
-1721
-1690
-1651
-1604
-1558
-1510
-1468
-1430
-1392
-1362
-1332
-1302
-1276
-1249
-1223
-1194
-1160
-1118
-1056
-982
-890
-785
-672
-546
-406
-255
-95
75
253
440
631
822
1007
1185
1354
1509
1652
1788
1910
2011
2101
2173
2228
2267
2292
2314
2330
2337
2334
2324
2308
2287
2258
2226
2180
2123
2053
1969
1869
1749
1604
1433
1240
1029
806
579
352
125
-97
-314
-520
-707
-875
-1021
-1141
-1228
-1288
-1324
-1337
-1335
-1320
-1292
-1256
-1224
-1191
-1167
-1156
-1156
-1170
-1193
-1231
-1282
-1336
-1394
-1447
-1494
-1537
-1571
-1603
-1630
-1645
-1642
-1621
-1582
-1534
-1476
-1407
-1335
-1256
-1174
-1089
-1000
-912
-822
-730
-647
-570
-500
-430
-358
-280
-196
-108
-16
78
174
281
398
525
659
800
946
1094
1244
1389
1529
1666
1790
1909
2013
2096
2160
2196
2208
2200
2168
2122
2062
1991
1912
1828
1741
1651
1556
1454
1348
1239
1131
1022
912
799
678
548
416
281
145
7
-128
-261
-394
-525
-655
-777
-888
-989
-1075
-1145
-1197
-1238
-1272
-1296
-1309
-1308
-1292
-1268
-1237
-1209
-1182
-1157
-1137
-1128
-1127
-1131
-1144
-1164
-1187
-1213
-1240
-1264
-1284
-1297
-1297
-1286
-1262
-1225
-1179
-1117
-1041
-953
-861
-760
-656
-551
-443
-338
-236
-140
-48
37
118
198
276
351
421
491
564
636
714
794
879
967
1054
1145
1238
1325
1403
1475
1539
1593
1638
1671
1694
1697
1685
1655
1611
1554
1481
1395
1298
1192
1083
969
856
746
642
544
458
378
305
236
176
122
70
25
-19
-66
-117
-168
-220
-279
-347
-427
-514
-605
-693
-773
-848
-917
-984
-1041
-1080
-1103
-1111
-1094
-1085
-1076
-1063
-1048
-1015
-988
-976
-968
-971
-969
-963
-972
-979
-986
-990
-979
-971
-960
-941
-918
-870
-819
-763
-695
-620
-528
-430
-341
-247
-152
-55
39
131
221
307
387
451
507
566
615
666
709
747
794
835
873
906
921
942
968
987
1012
1017
1018
1027
1020
1014
987
950
924
893
856
806
741
685
627
563
495
420
354
293
234
184
131
84
36
-8
-48
-83
-113
-142
-177
-211
-248
-281
-307
-340
-374
-412
-444
-469
-499
-527
-556
-583
-596
-615
-630
-635
-638
-627
-622
-623
-613
-605
-584
-557
-546
-527
-509
-485
-450
-423
-400
-380
-362
-330
-299
-275
-250
-225
-196
-163
-135
-100
-63
-28
9
46
80
114
150
182
218
257
291
322
345
362
385
403
422
434
433
440
445
445
445
428
416
408
395
386
369
348
333
314
297
274
246
229
211
191
173
150
126
108
85
64
43
23
5
-11
-25
-39
-55
-71
-87
-102
-117
-127
-133
-138
-142
-146
-147
-149
-158
-167
-171
-172
-170
-172
-179
-185
-194
-195
-195
-197
-198
-200
-194
-187
-182
-174
-167
-159
-145
-138
-128
-112
-98
-82
-69
-60
-50
-40
-27
-18
-10
-3
4
10
16
23
28
36
41
49
54
59
65
72
76
81
87
94
100
102
99
98
98
96
95
89
87
87
83
79
70
62
56
50
48
48
45
42
42
38
33
25
20
19
16
17
19
18
14
10
6
6
5
5
5
1
-2
-6
-8
-7
-9
-12
-12
-11
-8
-8
-7
-7
-8
-11
-13
-12
-11
-12
-14
-15
-18
-22
-25
-24
-24
-27
-29
-31
-31
-31
-34
-35
-37
-35
-35
-35
-30
-29
-27
-26
-25
-25
-24
-24
-22
-19
-17
-13
-10
-6
-5
-1
1
2
3
3
5
6
9
10
8
8
7
9
13
14
15
14
12
10
11
12
14
13
10
8
5
8
9
5
3
4
4
5
7
10
9
8
7
6
5
6
7
7
9
9
10
13
13
11
13
15
16
16
16
16
17
16
16
19
18
14
13
12
12
12
12
10
10
8
5
4
2
2
0
-1
-2
-2
-3
-3
-2
-5
-6
-8
-9
-8
-7
-6
-5
-9
-14
-15
-17
-16
-17
-17
-17
-17
-16
-15
-12
-11
-13
-13
-12
-11
-11
-10
-11
-14
-17
-19
-18
-16
-17
-19
-21
-21
-17
-15
-12
-10
-11
-9
-5
-2
0
3
3
3
3
5
6
7
9
7
9
10
13
17
19
20
19
19
22
26
31
34
35
35
35
36
38
38
37
39
41
41
40
40
37
34
29
26
28
27
22
20
18
14
9
7
4
1
-2
-1
-1
-2
-6
-11
-16
-21
-21
-22
-22
-24
-28
-32
-36
-37
-39
-43
-43
-42
-42
-42
-44
-47
-51
-51
-47
-44
-40
-38
-39
-42
-43
-46
-45
-43
-44
-42
-43
-45
-43
-43
-42
-43
-41
-33
-27
-18
-12
-9
-7
-4
0
8
16
22
28
35
39
40
46
52
57
62
66
75
83
84
86
88
93
99
104
109
113
114
112
111
108
104
104
105
106
103
97
91
87
82
74
67
62
55
48
41
31
21
9
0
-10
-18
-27
-33
-41
-54
-63
-71
-79
-88
-97
-104
-107
-115
-123
-131
-140
-145
-147
-149
-154
-160
-162
-164
-163
-164
-167
-163
-158
-152
-147
-144
-139
-135
-130
-121
-115
-110
-103
-93
-82
-75
-67
-53
-39
-26
-11
3
18
31
42
55
69
85
98
111
127
140
151
164
172
178
187
199
206
210
214
217
223
229
227
228
229
229
234
232
225
216
206
204
200
193
182
170
159
145
130
117
104
89
73
57
41
22
1
-20
-36
-56
-73
-89
-106
-120
-139
-154
-167
-183
-198
-210
-222
-231
-240
-249
-257
-263
-271
-276
-278
-279
-277
-276
-274
-270
-269
-266
-259
-253
-244
-233
-218
-205
-194
-180
-167
-152
-135
-120
-101
-83
-66
-47
-28
-10
9
28
49
70
91
110
129
148
163
179
195
213
231
245
260
273
283
292
300
306
313
315
316
318
313
309
303
298
290
280
270
258
248
236
222
207
190
171
152
135
118
103
84
64
45
27
11
-6
-23
-40
-59
-80
-97
-114
-132
-150
-163
-177
-191
-202
-212
-224
-235
-246
-254
-260
-265
-269
-274
-276
-279
-280
-279
-279
-279
-275
-269
-261
-254
-245
-235
-227
-216
-202
-188
-172
-158
-143
-125
-110
-93
-76
-59
-41
-23
-5
14
32
49
65
79
96
113
130
145
156
170
183
192
200
208
217
227
235
244
251
254
257
261
264
265
265
264
262
258
253
245
238
229
220
210
202
190
177
162
146
130
112
96
80
64
50
33
19
3
-15
-32
-49
-65
-81
-95
-110
-125
-140
-154
-164
-175
-187
-197
-206
-213
-218
-223
-227
-232
-237
-240
-242
-241
-240
-241
-241
-239
-237
-235
-232
-226
-221
-213
-207
-198
-188
-176
-163
-149
-135
-120
-104
-85
-67
-50
-31
-12
6
23
42
58
76
93
107
122
135
149
161
171
181
190
198
204
209
212
214
217
221
221
222
222
221
221
219
216
213
211
205
199
192
183
175
166
159
149
140
131
121
108
95
84
71
58
48
36
24
10
-4
-17
-29
-40
-52
-62
-71
-83
-95
-106
-119
-130
-140
-150
-160
-168
-179
-189
-196
-203
-208
-213
-217
-224
-230
-231
-231
-232
-233
-231
-227
-223
-219
-214
-209
-200
-193
-183
-172
-160
-147
-134
-117
-102
-86
-68
-51
-32
-15
3
20
38
53
70
89
105
120
132
146
161
171
183
194
204
211
215
223
232
236
239
244
244
242
240
241
239
236
231
228
222
212
202
195
185
174
163
151
140
127
114
97
83
65
47
31
16
0
-14
-28
-41
-54
-70
-85
-98
-110
-120
-129
-138
-147
-161
-170
-178
-185
-191
-197
-203
-210
-216
-220
-220
-223
-225
-225
-226
-226
-224
-218
-216
-214
-211
-206
-200
-193
-184
-176
-168
-155
-145
-133
-123
-109
-96
-83
-65
-46
-31
-14
4
23
41
60
79
97
115
132
151
168
184
200
214
227
238
248
255
262
267
269
270
271
270
271
267
261
258
251
244
236
229
220
209
198
185
169
155
142
130
114
98
85
71
56
40
24
7
-10
-25
-39
-54
-70
-86
-102
-116
-129
-143
-156
-167
-178
-187
-197
-210
-220
-230
-242
-248
-256
-261
-266
-274
-280
-282
-283
-283
-281
-277
-272
-268
-262
-253
-246
-234
-223
-210
-194
-180
-166
-150
-131
-114
-96
-78
-56
-33
-11
11
33
51
70
90
113
135
154
172
192
209
229
246
262
274
285
299
311
319
326
334
338
339
338
335
333
328
322
314
303
290
277
264
251
232
213
196
180
159
137
115
97
76
53
32
10
-12
-34
-54
-74
-96
-117
-134
-150
-168
-184
-198
-212
-226
-239
-249
-258
-268
-275
-282
-287
-292
-295
-298
-300
-304
-306
-306
-305
-301
-298
-293
-286
-281
-271
-262
-250
-240
-228
-213
-198
-181
-164
-145
-127
-109
-91
-71
-50
-28
-6
17
42
63
84
103
124
146
167
185
203
221
238
253
266
280
292
303
313
324
332
338
342
346
349
349
345
341
336
328
319
307
294
282
265
249
232
211
190
170
150
130
109
87
66
43
23
1
-19
-40
-62
-84
-107
-126
-144
-162
-176
-195
-211
-226
-240
-254
-268
-277
-286
-295
-301
-308
-312
-315
-319
-319
-317
-315
-312
-308
-302
-298
-292
-283
-271
-263
-254
-240
-226
-211
-195
-178
-161
-144
-125
-104
-83
-62
-42
-21
-3
18
39
60
83
104
123
143
161
179
198
215
231
245
259
274
286
296
307
312
318
323
326
329
329
327
325
322
314
307
299
290
278
263
249
235
217
200
182
162
143
122
102
80
59
36
18
-2
-23
-43
-63
-82
-101
-119
-135
-150
-166
-180
-193
-206
-217
-227
-235
-246
-257
-263
-267
-272
-276
-279
-280
-280
-283
-282
-280
-278
-273
-265
-257
-249
-241
-231
-220
-209
-198
-184
-168
-151
-135
-117
-99
-85
-70
-51
-31
-13
4
24
43
62
80
97
115
129
144
162
176
191
202
212
222
228
236
246
252
257
260
264
263
251
246
246
241
238
222
212
207
198
192
177
162
151
139
131
121
104
94
82
70
58
44
33
20
7
-7
-18
-30
-41
-51
-62
-72
-76
-83
-92
-101
-111
-111
-112
-119
-123
-129
-128
-123
-127
-128
-128
-127
-117
-116
-115
-112
-113
-103
-94
-97
-94
-93
-84
-73
-72
-65
-61
-55
-47
-42
-37
-33
-28
-19
-10
-7
-4
0
5
9
11
14
17
20
18
18
22
23
26
27
28
32
35
37
39
40
39
39
40
40
44
44
44
42
41
39
37
35
35
36
32
29
28
26
23
20
18
17
15
10
7
5
2
-2
-5
-6
-10
-10
-11
-15
-17
-20
-21
-22
-26
-25
-27
-29
-29
-30
-30
-31
-34
-36
-36
-34
-35
-34
-33
-34
-34
-36
-34
-32
-33
-31
-29
-27
-26
-26
-23
-22
-22
-21
-17
-15
-15
-14
-12
-9
-5
-3
1
4
5
9
12
16
15
15
19
19
20
22
25
27
27
29
28
28
28
30
33
32
32
30
30
29
30
31
30
29
28
27
26
25
24
23
20
19
18
15
13
12
10
8
5
2
1
-3
-6
-6
-8
-7
-9
-13
-14
-14
-16
-17
-19
-21
-21
-24
-23
-24
-25
-24
-25
-27
-28
-29
-30
-28
-27
-24
-23
-23
-22
-22
-21
-17
-14
-14
-11
-11
-13
-11
-9
-10
-11
-9
