-14
-33
-17
-29
-16
-19
-24
-4
-12
-16
-21
-10
-19
-2
1
-12
2
-5
-14
4
11
-9
0
13
-2
4
13
10
7
10
11
18
28
20
23
30
24
25
29
24
21
24
20
22
26
28
28
27
24
21
13
5
8
5
6
5
4
-8
-16
-15
-20
-22
-23
-25
-28
-29
-31
-29
-24
-32
-39
-33
-30
-29
-16
-17
-21
-16
-16
-14
-17
-7
-8
5
1
-1
29
7
3
22
16
10
19
24
30
37
16
33
23
8
22
17
30
20
22
21
2
5
-4
7
-8
-6
2
-10
-11
-3
-14
-19
-11
-25
-9
-18
-15
-9
-19
-23
-22
-6
-18
-11
-1
-13
-11
-10
-8
0
-4
-6
10
-4
-6
12
-3
-9
0
6
-7
12
15
-7
15
1
-10
16
15
11
24
23
12
6
17
18
16
21
11
14
13
8
18
15
11
10
5
12
15
15
14
6
-1
-5
-10
-11
-16
-12
-16
-27
-23
-32
-38
-42
-42
-44
-41
-31
-30
-27
-31
-34
-27
-24
-24
-8
3
-6
10
13
-7
12
17
14
21
23
22
41
34
22
44
36
18
31
49
32
35
46
33
20
33
25
13
35
17
10
20
4
8
8
-14
-11
7
-16
-23
2
-11
-32
-21
-17
-37
-18
-29
-34
-18
-45
-43
-20
-26
-44
-24
-20
-45
-24
-12
-29
-21
-16
-21
-8
-7
-7
5
-1
-15
1
11
-9
5
35
13
-5
19
27
17
35
64
54
37
55
82
87
103
113
98
98
109
118
146
141
97
136
144
121
137
134
124
64
59
65
34
18
3
-3
-59
-116
-119
-132
-208
-214
-171
-207
-252
-240
-212
-255
-305
-316
-260
-265
-299
-171
-160
-263
-184
-37
-108
-128
-30
-87
30
129
100
179
98
102
267
263
162
252
325
216
363
450
312
274
260
303
265
192
303
213
78
187
125
54
7
-186
61
50
-388
-75
65
-344
-323
-132
-301
-305
-234
-376
-42
-186
-569
-129
-105
-426
-91
32
-326
-111
-19
-153
27
-64
-63
71
-23
-31
241
124
-185
90
88
-57
101
125
117
52
-62
34
234
105
69
286
111
27
245
337
359
335
257
233
258
252
403
518
310
233
332
244
139
206
173
-46
-111
-54
-47
-123
-307
-440
-546
-672
-641
-429
-430
-686
-692
-715
-865
-677
-475
-476
-462
-490
-419
-251
-253
-136
91
-39
-102
272
445
394
493
423
366
486
560
825
997
624
487
706
570
599
904
801
498
434
396
361
532
397
178
198
-111
-211
145
114
-268
-327
-395
-673
-407
-132
-368
-562
-710
-833
-552
-376
-507
-285
-482
-920
-603
-183
-357
-487
-297
-437
-495
-340
-58
70
-276
-497
-248
-84
-236
-1
169
-132
-390
-56
308
191
203
188
35
-59
111
419
610
410
236
536
570
561
808
729
372
332
518
841
1155
999
764
535
251
355
768
828
550
310
46
-47
41
61
-124
-529
-913
-913
-682
-666
-692
-884
-1383
-1569
-1279
-996
-867
-857
-1074
-1215
-1107
-811
-358
-152
-302
-314
-154
-41
277
609
687
651
662
835
1048
1151
1150
1139
1098
1068
1166
1289
1254
1061
892
763
623
609
629
428
280
146
-198
-285
-306
-542
-491
-566
-908
-811
-822
-1153
-1045
-883
-1028
-967
-882
-965
-873
-857
-889
-499
-337
-607
-485
-285
-387
-255
94
173
41
-13
54
224
304
229
353
443
161
152
473
482
370
417
389
213
186
413
630
558
223
121
379
602
858
1019
594
19
-65
341
939
1167
877
398
-88
-197
383
943
819
348
-229
-561
-261
157
242
-131
-970
-1497
-1231
-766
-513
-628
-1274
-1894
-1873
-1355
-823
-742
-1212
-1712
-1775
-1387
-726
-236
-317
-696
-765
-383
195
761
997
769
563
748
1212
1733
1954
1769
1544
1499
1685
2114
2373
2078
1579
1313
1302
1501
1647
1408
867
310
28
158
334
149
-285
-772
-1188
-1272
-1115
-1121
-1351
-1677
-1940
-1913
-1692
-1552
-1554
-1736
-1831
-1526
-1167
-974
-917
-1148
-1333
-1008
-421
-33
-22
-321
-539
-330
181
685
853
453
-16
56
506
1003
1214
854
310
135
469
1060
1335
956
283
61
562
1375
1824
1412
379
-410
-242
743
1558
1437
524
-414
-535
273
1246
1442
536
-624
-982
-391
605
1026
298
-1034
-1917
-1727
-783
-50
-245
-1142
-1955
-2068
-1384
-581
-458
-1005
-1618
-1751
-1268
-570
-239
-429
-741
-689
-145
533
803
586
311
410
975
1674
1917
1548
1053
949
1426
2211
2634
2378
1776
1299
1276
1702
2033
1867
1346
751
403
427
502
322
-77
-568
-912
-969
-1008
-1237
-1576
-1937
-2169
-2140
-2101
-2274
-2527
-2695
-2609
-2231
-1864
-1768
-1873
-2006
-1863
-1304
-722
-456
-464
-618
-636
-219
410
818
879
679
549
803
1287
1643
1683
1387
1062
1103
1416
1621
1560
1281
984
955
1145
1257
1229
1154
1153
1240
1141
744
393
358
569
855
830
310
-297
-479
-89
495
639
154
-545
-951
-771
-189
119
-299
-1171
-1814
-1774
-1218
-735
-760
-1277
-1874
-2014
-1582
-1031
-868
-1153
-1539
-1644
-1350
-857
-489
-446
-572
-525
-178
246
484
524
535
712
1071
1410
1499
1359
1270
1488
1944
2287
2284
1987
1670
1591
1773
1977
1951
1663
1262
938
769
675
574
428
191
-135
-513
-885
-1166
-1312
-1362
-1429
-1603
-1906
-2250
-2440
-2392
-2191
-1983
-1917
-2030
-2193
-2187
-1890
-1412
-1041
-934
-984
-963
-725
-263
231
501
539
534
591
732
971
1225
1342
1255
1116
1131
1312
1529
1646
1511
1208
1199
1738
2279
2055
1152
434
497
1102
1612
1520
681
-377
-677
107
1024
971
-17
-1032
-1376
-956
-160
195
-543
-1983
-2838
-2451
-1525
-1028
-1214
-1816
-2439
-2587
-2036
-1282
-1074
-1413
-1665
-1515
-1169
-835
-552
-363
-202
124
601
930
950
931
1195
1688
2133
2320
2215
2003
2004
2362
2834
3013
2778
2343
2018
1992
2177
2254
1999
1477
978
686
568
537
457
148
-394
-926
-1233
-1331
-1384
-1538
-1844
-2297
-2719
-2859
-2725
-2550
-2522
-2655
-2829
-2888
-2735
-2411
-2082
-1886
-1816
-1760
-1596
-1272
-839
-427
-147
15
165
336
545
829
1115
1307
1380
1372
1390
1506
1752
2041
2089
1794
1569
1870
2477
2614
1932
1057
789
1209
1785
1919
1350
372
-277
14
919
1335
714
-383
-1037
-898
-324
66
-284
-1414
-2510
-2650
-1926
-1269
-1294
-1797
-2332
-2623
-2426
-1749
-1143
-1129
-1469
-1564
-1314
-1025
-738
-304
120
311
377
535
758
945
1233
1677
1993
1987
1871
1908
2120
2434
2765
2920
2714
2302
2076
2183
2378
2352
2008
1474
989
744
684
555
224
-218
-635
-970
-1223
-1416
-1601
-1815
-2069
-2371
-2703
-2918
-2886
-2715
-2659
-2812
-2988
-3015
-2853
-2531
-2163
-1957
-1992
-2046
-1843
-1354
-793
-372
-163
-109
-37
236
702
1153
1387
1383
1273
1240
1449
1904
2329
2360
1987
1723
2111
2919
3237
2564
1548
1220
1776
2484
2579
1905
860
181
470
1431
1888
1095
-306
-1105
-877
-145
282
-193
-1556
-2901
-3129
-2249
-1437
-1587
-2427
-3184
-3431
-3087
-2326
-1736
-1825
-2302
-2423
-2027
-1578
-1256
-834
-351
-95
-20
194
612
1049
1504
1992
2255
2153
2028
2251
2738
3156
3342
3283
2974
2592
2463
2667
2914
2899
2538
1924
1270
866
852
1009
931
406
-442
-1206
-1514
-1359
-1156
-1359
-1991
-2684
-3065
-2999
-2655
-2383
-2479
-2899
-3266
-3258
-2903
-2425
-2029
-1878
-2019
-2243
-2170
-1631
-861
-284
-110
-240
-370
-176
408
1078
1369
1153
829
866
1343
1902
2098
1802
1403
1553
2365
3004
2605
1498
879
1336
2226
2585
2078
1023
147
194
1177
2009
1578
99
-1091
-1075
-176
612
467
-746
-2290
-3002
-2432
-1387
-1001
-1561
-2515
-3212
-3223
-2513
-1619
-1301
-1706
-2209
-2254
-1881
-1335
-715
-182
41
10
67
390
885
1467
2085
2520
2525
2214
2042
2354
3065
3731
3880
3394
2679
2354
2646
3193
3408
3006
2146
1281
857
914
1086
993
528
-191
-985
-1591
-1763
-1587
-1481
-1777
-2437
-3154
-3572
-3465
-2985
-2646
-2833
-3373
-3744
-3612
-3071
-2461
-2120
-2198
-2477
-2487
-1972
-1164
-546
-369
-491
-593
-428
74
676
1036
1040
941
1084
1473
1803
1859
1842
2126
2656
2860
2365
1616
1383
1880
2573
2750
2135
1106
474
845
1851
2330
1586
162
-746
-525
409
1075
652
-804
-2264
-2622
-1845
-948
-848
-1543
-2444
-2972
-2808
-2077
-1384
-1295
-1698
-2022
-1964
-1636
-1134
-497
6
120
-15
-40
220
725
1372
1983
2249
2084
1855
1945
2382
2925
3309
3329
2959
2483
2310
2520
2788
2739
2265
1571
988
738
734
669
336
-213
-796
-1256
-1500
-1559
-1630
-1881
-2286
-2694
-2980
-3074
-2963
-2770
-2711
-2855
-3052
-3108
-2931
-2562
-2158
-1925
-1945
-2039
-1913
-1455
-827
-319
-165
-322
-437
-180
422
972
1148
1049
978
1089
1310
1579
2016
2602
2884
2447
1628
1290
1821
2688
3060
2613
1611
696
603
1470
2418
2318
1081
-252
-717
-230
635
1031
291
-1336
-2611
-2553
-1573
-862
-1020
-1832
-2824
-3399
-3018
-1917
-1150
-1371
-2077
-2441
-2262
-1710
-902
-133
103
-206
-442
-158
468
1112
1683
2055
2027
1790
1839
2294
2834
3203
3352
3211
2773
2387
2464
2878
3084
2774
2092
1363
898
831
967
916
470
-227
-915
-1423
-1642
-1587
-1512
-1705
-2222
-2849
-3244
-3162
-2713
-2371
-2519
-3005
-3320
-3159
-2643
-2079
-1732
-1711
-1900
-1905
-1478
-854
-397
-217
-175
-112
-7
210
604
929
1087
1195
1185
1031
977
1481
2533
3097
2408
1227
752
1300
2223
2709
2443
1423
215
0
1086
2180
1990
624
-711
-1112
-600
371
871
-57
-1955
-3171
-2794
-1594
-923
-1162
-1926
-2846
-3262
-2570
-1323
-731
-1149
-1811
-1946
-1602
-1003
-160
515
556
296
375
887
1378
1635
1975
2426
2630
2567
2483
2519
2722
3092
3494
3521
2921
2152
1882
2201
2628
2644
2023
992
122
-103
263
582
300
-551
-1519
-2096
-2105
-1809
-1630
-1852
-2442
-3097
-3451
-3230
-2573
-2098
-2195
-2691
-3087
-2957
-2404
-1715
-1175
-1206
-1590
-1703
-1335
-568
36
152
114
-49
-155
175
608
1010
1330
1184
896
777
1086
2165
2837
2168
1059
434
842
1881
2336
2106
1242
-53
-305
784
1848
1848
509
-950
-1204
-584
438
1020
-56
-2030
-3208
-2834
-1375
-469
-813
-1803
-3022
-3482
-2416
-886
-267
-889
-1880
-2049
-1491
-688
352
1011
830
454
582
1315
2084
2402
2624
2833
2781
2806
3087
3318
3328
3188
3227
3374
3155
2720
2411
2196
2079
1989
1723
1146
258
-454
-572
-434
-478
-932
-1745
-2451
-2768
-2747
-2599
-2670
-2978
-3364
-3688
-3670
-3334
-2978
-2786
-2765
-2762
-2723
-2576
-2152
-1602
-1225
-1086
-986
-692
-336
-41
355
679
743
721
902
1479
1935
1753
1417
1557
2291
3082
3038
2174
1234
808
1318
2315
2717
2042
639
-371
-111
862
1556
1338
35
-1476
-1985
-1122
250
457
-965
-2732
-3640
-3286
-2051
-932
-820
-1964
-3378
-3538
-2336
-978
-401
-715
-1424
-1870
-1527
-300
1011
1428
1088
846
1101
1690
2342
2856
3052
2876
2728
3001
3372
3423
3302
3290
3372
3256
2893
2574
2286
1908
1589
1365
1103
667
5
-612
-982
-1154
-1183
-1334
-1832
-2461
-2906
-2941
-2623
-2444
-2684
-3158
-3478
-3282
-2739
-2324
-2168
-2207
-2266
-2104
-1733
-1287
-977
-934
-881
-624
-312
-45
128
217
292
435
868
1426
1562
1334
1334
1926
2640
2623
1987
1419
1187
1348
1818
2223
1987
929
-50
19
736
1123
828
32
-878
-1402
-1083
-162
93
-1013
-2495
-3134
-2779
-2043
-1461
-1306
-1892
-2904
-3226
-2398
-1216
-647
-834
-1280
-1619
-1595
-808
536
1472
1427
871
702
1243
2082
2828
3271
3165
2703
2487
2831
3417
3644
3425
3176
2981
2719
2496
2413
2341
1989
1371
905
645
283
-220
-661
-901
-1085
-1402
-1710
-1950
-2283
-2604
-2680
-2502
-2350
-2511
-2795
-2884
-2782
-2519
-2124
-1777
-1673
-1842
-1896
-1495
-891
-473
-354
-419
-472
-454
-274
179
632
838
890
876
888
971
1307
2051
2569
2190
1297
693
788
1348
1825
1985
1513
306
-639
-448
435
951
551
-285
-988
-1497
-1461
-745
-308
-983
-2319
-3089
-2786
-2106
-1526
-1076
-1252
-2185
-2934
-2491
-1182
-333
-357
-623
-897
-1120
-735
526
1857
2162
1602
1299
1554
1962
2528
3260
3664
3334
2707
2615
2975
3147
3159
3232
3090
2489
1781
1561
1716
1598
1161
736
270
-345
-897
-1058
-925
-1045
-1508
-1941
-2258
-2520
-2638
-2520
-2290
-2295
-2542
-2600
-2385
-2146
-1946
-1708
-1392
-1143
-1059
-948
-730
-556
-444
-311
-104
149
265
212
180
213
265
381
646
983
1065
881
909
1195
1305
1092
801
591
350
270
729
1243
961
96
-472
-438
-207
-62
139
144
-404
-972
-953
-685
-837
-1385
-1693
-1626
-1590
-1464
-1023
-726
-1010
-1548
-1594
-1056
-572
-333
-142
-112
-301
-353
128
935
1374
1351
1337
1421
1481
1605
1924
2333
2469
2359
2390
2477
2381
2235
2193
2231
2133
1859
1689
1513
1096
713
567
495
211
-309
-641
-720
-870
-979
-974
-1117
-1442
-1727
-1715
-1628
-1896
-2133
-1944
-1748
-1747
-1763
-1607
-1348
-1355
-1422
-1213
-1025
-963
-827
-611
-450
-506
-604
-398
-159
-231
-387
-333
-21
256
288
300
277
148
258
710
1122
1037
477
27
0
285
787
1232
1205
692
131
74
508
897
999
858
529
217
155
374
558
306
-246
-625
-662
-439
-107
75
-153
-817
-1433
-1449
-997
-568
-383
-441
-676
-906
-828
-336
178
337
283
294
442
719
1021
1152
1043
883
956
1260
1573
1782
1758
1382
937
867
1144
1361
1321
1144
813
283
-63
75
317
214
-115
-358
-534
-729
-814
-802
-902
-1068
-1133
-1194
-1304
-1275
-1130
-1188
-1385
-1331
-1074
-1005
-1086
-974
-796
-875
-1034
-899
-609
-520
-562
-488
-330
-217
-100
64
129
73
112
347
616
776
792
630
331
110
205
586
1009
1244
1151
784
402
273
465
794
1028
1052
863
553
252
44
-57
-108
-181
-301
-426
-493
-505
-571
-749
-959
-1102
-1143
-1037
-797
-592
-561
-610
-580
-505
-475
-359
-22
409
720
854
841
723
620
659
883
1189
1430
1537
1494
1349
1200
1062
904
838
928
1059
1036
780
509
320
48
-243
-323
-221
-233
-492
-697
-703
-836
-1137
-1292
-1186
-1072
-1112
-1108
-1061
-1143
-1235
-1154
-992
-844
-694
-583
-627
-786
-711
-391
-298
-449
-373
-132
-119
-131
132
328
95
-88
321
813
901
914
939
602
48
-81
300
740
1090
1302
1094
524
91
50
218
435
699
849
724
414
29
-430
-879
-1089
-940
-573
-237
-126
-272
-596
-980
-1203
-1127
-844
-542
-381
-330
-259
-154
-82
-61
-9
121
257
411
720
1083
1166
897
649
669
810
1017
1341
1580
1421
947
666
767
929
964
947
852
519
18
-286
-180
51
-97
-640
-974
-819
-624
-780
-1040
-1135
-1314
-1571
-1395
-818
-496
-684
-1100
-1496
-1625
-1153
-367
-28
-174
-206
-33
-88
-283
-170
14
-109
-146
299
797
854
644
518
539
652
813
979
1035
931
770
623
562
580
564
534
559
512
274
-37
-234
-309
-331
-274
-177
-298
-805
-1473
-1927
-2026
-1808
-1362
-901
-691
-805
-1060
-1227
-1165
-884
-547
-329
-214
-24
302
605
757
820
872
960
1137
1445
1841
2094
2001
1668
1422
1430
1556
1614
1651
1765
1795
1537
1107
806
624
334
27
-10
175
187
-162
-625
-1029
-1424
-1693
-1563
-1079
-725
-853
-1252
-1586
-1828
-2057
-2125
-1813
-1247
-830
-696
-650
-633
-804
-1094
-1094
-596
57
419
473
423
276
-48
-361
-325
153
881
1657
2323
2584
2229
1417
578
69
-9
298
802
1256
1497
1460
1046
197
-831
-1562
-1675
-1205
-406
360
572
-96
-1410
-2686
-3414
-3522
-3110
-2285
-1270
-439
-63
-152
-584
-1183
-1672
-1700
-1061
73
1253
2080
2387
2208
1722
1238
1083
1367
1930
2550
3069
3336
3192
2652
1953
1330
905
752
898
1217
1431
1338
959
391
-315
-1018
-1450
-1429
-1087
-714
-506
-560
-919
-1497
-2004
-2195
-2059
-1730
-1357
-1056
-901
-877
-990
-1236
-1477
-1494
-1193
-759
-396
-130
22
0
-210
-363
-248
69
496
1177
2263
3227
3322
2530
1607
1097
784
582
728
1139
1254
925
618
362
-343
-1550
-2507
-2704
-2393
-1906
-1384
-1109
-1545
-2653
-3807
-4469
-4531
-4083
-3145
-1886
-706
1
208
173
47
-149
-267
-40
633
1575
2621
3670
4449
4576
3972
3075
2417
2207
2353
2684
3048
3220
3031
2492
1774
1021
280
-386
-815
-818
-489
-156
-98
-281
-526
-871
-1340
-1763
-1926
-1837
-1575
-1107
-528
-135
-140
-395
-631
-769
-877
-997
-987
-707
-240
122
260
300
180
-257
-789
-851
-422
11
423
1284
2487
3054
2604
1787
1199
607
-185
-664
-534
-190
-94
-60
110
-49
-968
-2288
-3199
-3470
-3440
-3243
-2767
-2297
-2407
-3081
-3681
-3895
-3963
-3907
-3337
-2194
-1057
-268
402
1134
1648
1656
1382
1181
1244
1605
2363
3456
4478
4996
4873
4444
4034
3619
2997
2201
1617
1444
1574
1777
1966
2021
1618
685
-380
-1033
-1210
-1245
-1235
-982
-501
-205
-301
-527
-624
-751
-1091
-1360
-1236
-822
-457
-186
108
245
-12
-553
-953
-1061
-1065
-1043
-918
-606
-288
-34
226
433
586
793
1357
2065
2425
2350
2077
1810
1269
549
60
-122
-279
-609
-828
-983
-1433
-2169
-2744
-2892
-3005
-3359
-3700
-3766
-3692
-3777
-3889
-3817
-3692
-3630
-3380
-2598
-1572
-794
-240
392
1049
1342
1335
1384
1584
1791
2045
2572
3233
3734
3957
4001
3891
3524
2979
2365
1826
1441
1200
1071
990
1009
1063
965
682
371
174
-52
-378
-580
-544
-411
-337
-141
287
622
599
356
231
213
119
46
97
169
76
-49
3
105
-23
-453
-892
-1143
-1126
-847
-458
25
566
1258
1932
2233
2221
2004
1655
1005
178
-382
-678
-878
-1033
-960
-793
-1023
-1681
-2388
-2930
-3456
-3976
-4175
-4010
-3892
-4053
-4173
-3992
-3718
-3590
-3338
-2629
-1756
-1087
-485
367
1243
1553
1378
1299
1504
1722
1864
2251
2909
3383
3469
3473
3596
3541
2971
2106
1386
866
454
249
410
797
991
895
755
716
729
622
402
162
-88
-266
-306
-106
320
720
941
958
880
816
686
509
318
103
-93
-293
-395
-321
-237
-239
-358
-442
-349
-321
-256
158
1022
2045
2547
2614
2533
2247
1671
828
186
-268
-914
-1559
-1815
-1613
-1513
-1912
-2390
-2745
-3176
-3703
-4010
-3830
-3719
-4160
-4681
-4736
-4279
-3750
-3270
-2428
-1455
-742
-224
362
1148
1561
1379
1120
1049
1195
1327
1491
1998
2562
2947
3143
3208
3232
2865
2075
1206
414
-152
-556
-673
-284
336
932
1301
1472
1630
1543
1171
645
114
-191
-387
-397
-105
330
833
1175
1426
1686
1698
1434
886
342
4
-382
-682
-789
-635
-346
-285
-114
236
516
727
967
1706
2531
2820
2812
2624
2347
1677
693
110
-368
-1025
-1702
-2078
-1935
-2037
-2525
-2878
-3216
-3590
-4103
-4376
-4172
-4273
-4617
-4745
-4523
-4012
-3710
-3159
-2130
-1259
-516
212
1219
2212
2371
2150
1878
1498
1121
730
954
1546
1772
1941
2211
2699
2964
2498
1848
987
-111
-1027
-1511
-1200
-668
-335
165
751
1418
1937
2214
2438
2156
1405
617
39
-150
-220
-75
422
949
1418
1784
2103
2247
1884
1172
358
-425
-1137
-1734
-1986
-1851
-1397
-707
241
1480
2719
3640
3942
3715
3233
2477
1538
541
-262
-800
-1366
-1769
-1745
-1377
-1120
-1449
-2026
-2557
-3183
-3851
-4388
-4504
-4532
-4949
-5270
-5012
-4166
-3199
-2434
-1489
-550
54
527
1179
2098
2561
2275
1885
1651
1528
1350
1325
1679
1805
1521
1234
1256
1410
1079
416
-158
-676
-1202
-1633
-1608
-1228
-978
-819
-441
256
970
1391
1612
1633
1354
876
453
262
169
101
187
500
1020
1630
2218
2575
2480
2038
1485
963
474
-16
-374
-573
-656
-470
47
901
1918
2884
3741
4248
4345
4084
3464
2575
1411
159
-1039
-2154
-2900
-3105
-2858
-2519
-2444
-2529
-2723
-3088
-3559
-4048
-4464
-5015
-5745
-6183
-6019
-5322
-4414
-3371
-2068
-724
445
1517
2592
3449
3666
3314
2856
2492
2156
1822
1649
1638
1565
1471
1562
1819
1885
1512
864
149
-566
-1207
-1634
-1809
-1870
-1837
-1517
-806
100
878
1336
1420
1168
745
352
37
-302
-692
-966
-941
-525
217
1064
1733
2019
1966
1731
1380
915
313
-367
-1011
-1441
-1387
-760
316
1666
3118
4487
5447
5818
5654
5000
3898
2449
930
-406
-1479
-2192
-2444
-2310
-2074
-1982
-2010
-2054
-2153
-2395
-2814
-3400
-4192
-5129
-5891
-6179
-5983
-5481
-4713
-3576
-2118
-525
1062
2499
3504
3832
3585
3144
2741
2333
1863
1391
968
638
528
743
1119
1354
1316
1076
729
311
-108
-504
-985
-1523
-1858
-1750
-1252
-611
42
610
915
914
786
702
556
167
-296
-551
-533
-353
-115
198
484
598
614
641
705
654
314
-162
-628
-926
-942
-687
-16
1012
2240
3480
4442
5113
5345
5001
4171
2962
1658
316
-978
-1915
-2430
-2558
-2486
-2345
-2074
-1808
-1598
-1533
-1758
-2260
-3083
-4049
-4901
-5494
-5637
-5371
-4738
-3692
-2288
-545
1227
2691
3757
4321
4444
4135
3459
2657
1687
650
-234
-722
-603
-191
304
836
1310
1678
1712
1503
1215
699
2
-712
-1116
-1136
-1120
-1052
-820
-447
-65
166
457
785
884
774
607
532
393
30
-334
-593
-762
-865
-871
-653
-403
-304
-283
-274
-197
-169
-116
200
711
1308
1859
2380
2883
3116
3024
2690
2191
1507
558
-394
-1096
-1585
-1982
-2322
-2470
-2405
-2250
-2023
-1728
-1469
-1481
-1891
-2492
-3017
-3405
-3701
-3840
-3644
-3072
-2211
-1052
416
2000
3335
4193
4636
4756
4470
3722
2681
1578
520
-397
-914
-852
-361
280
915
1528
2038
2273
2207
1895
1361
599
-280
-1045
-1548
-1780
-1789
-1599
-1219
-692
-91
482
918
1121
1042
728
275
-211
-677
-1100
-1445
-1704
-1829
-1782
-1586
-1293
-948
-531
-73
401
918
1458
1972
2302
2390
2334
2159
1901
1562
1201
827
337
-181
-575
-779
-904
-1126
-1394
-1617
-1781
-1917
-2023
-2082
-2226
-2580
-3020
-3305
-3351
-3281
-3163
-2918
-2470
-1853
-1056
-54
1065
2061
2724
3086
3215
3128
2830
2349
1752
1076
472
159
201
510
919
1339
1713
1971
2165
2315
2357
2125
1571
903
269
-270
-691
-947
-971
-842
-542
-11
664
1275
1575
1573
1365
968
419
-241
-878
-1446
-1923
-2181
-2180
-1933
-1584
-1218
-817
-402
68
525
931
1217
1277
1175
923
619
311
-9
-308
-684
-1017
-1210
-1246
-1169
-1119
-1040
-954
-909
-888
-888
-885
-1072
-1506
-2029
-2440
-2644
-2775
-2799
-2633
-2245
-1658
-893
127
1203
2030
2438
2501
2441
2202
1807
1317
809
388
59
37
358
875
1392
1735
1994
2168
2261
2262
2081
1701
1081
387
-215
-647
-852
-894
-788
-572
-246
234
756
1210
1450
1444
1253
894
475
47
-358
-732
-1089
-1313
-1359
-1211
-898
-500
-41
379
748
1047
1248
1348
1252
1038
712
314
-76
-460
-736
-972
-1148
-1233
-1281
-1249
-1237
-1216
-1163
-1126
-1089
-1120
-1202
-1366
-1621
-1888
-2125
-2284
-2385
-2413
-2352
-2151
-1746
-1121
-316
472
1117
1531
1729
1792
1677
1436
1031
523
81
-171
-62
324
849
1375
1787
2147
2440
2663
2747
2581
2161
1514
810
185
-319
-678
-906
-933
-726
-303
267
822
1230
1392
1307
1051
661
192
-333
-836
-1209
-1390
-1321
-1075
-736
-363
-9
347
669
957
1171
1225
1111
831
503
198
-101
-405
-737
-1040
-1304
-1510
-1595
-1573
-1495
-1457
-1439
-1353
-1198
-1020
-869
-760
-732
-826
-982
-1107
-1165
-1210
-1255
-1237
-1102
-849
-500
-61
389
733
925
1009
1057
1055
968
815
632
470
357
364
523
776
1040
1281
1527
1768
1934
1975
1890
1686
1361
965
599
306
66
-123
-198
-124
37
212
372
515
577
500
314
84
-185
-516
-869
-1124
-1236
-1253
-1194
-1015
-686
-313
-4
224
414
544
558
496
432
363
218
-17
-238
-382
-494
-667
-909
-1150
-1374
-1587
-1749
-1770
-1628
-1414
-1221
-1031
-795
-559
-415
-363
-336
-320
-371
-475
-528
-473
-372
-295
-193
3
265
532
792
1063
1285
1355
1261
1104
972
849
700
573
530
571
660
801
1016
1253
1404
1438
1434
1444
1405
1258
1022
766
492
201
-16
-91
-56
-20
-16
23
105
163
163
139
108
11
-182
-403
-567
-681
-800
-905
-923
-848
-736
-588
-370
-91
151
281
306
245
77
-223
-599
-981
-1347
-1693
-1971
-2103
-2073
-1927
-1722
-1485
-1232
-999
-809
-663
-550
-473
-428
-406
-383
-347
-304
-269
-243
-206
-138
-26
129
312
522
759
1014
1266
1488
1646
1692
1612
1441
1249
1101
1005
947
927
970
1096
1288
1514
1722
1842
1812
1640
1399
1162
926
650
319
-23
-315
-514
-588
-537
-412
-296
-225
-149
-19
121
169
74
-125
-365
-607
-809
-918
-923
-881
-832
-735
-543
-306
-152
-143
-245
-415
-656
-955
-1253
-1516
-1769
-2022
-2203
-2229
-2105
-1897
-1638
-1318
-943
-569
-236
44
249
324
250
86
-72
-182
-270
-337
-346
-269
-122
70
289
499
645
690
678
678
710
741
772
833
941
1088
1260
1448
1630
1763
1838
1887
1939
1974
1960
1904
1816
1679
1494
1285
1066
823
552
291
72
-108
-263
-379
-443
-491
-555
-610
-615
-589
-567
-535
-459
-361
-294
-262
-229
-199
-235
-344
-457
-532
-621
-759
-913
-1059
-1226
-1462
-1719
-1945
-2141
-2332
-2488
-2511
-2392
-2179
-1895
-1536
-1113
-693
-330
-35
189
305
301
245
200
174
152
135
149
205
303
421
537
622
648
633
609
603
602
581
542
504
512
602
782
1011
1242
1451
1633
1813
1995
2148
2221
2173
2026
1838
1665
1520
1381
1229
1052
859
689
575
503
421
275
75
-129
-303
-440
-542
-622
-696
-765
-791
-743
-636
-533
-490
-510
-577
-673
-782
-905
-1053
-1241
-1464
-1673
-1842
-1965
-2064
-2147
-2201
-2214
-2164
-2049
-1883
-1700
-1520
-1341
-1154
-951
-732
-497
-252
-3
253
495
707
862
931
924
862
773
674
583
508
458
437
442
458
465
450
423
404
419
482
583
706
838
962
1072
1163
1231
1286
1341
1413
1509
1621
1721
1774
1757
1666
1510
1313
1091
867
661
481
336
219
117
15
-101
-222
-334
-410
-430
-401
-336
-263
-201
-159
-153
-188
-264
-379
-526
-700
-879
-1060
-1241
-1420
-1588
-1737
-1855
-1919
-1933
-1898
-1825
-1741
-1658
-1587
-1521
-1453
-1369
-1251
-1095
-900
-671
-430
-190
34
229
387
510
603
673
721
748
746
707
628
517
387
256
143
68
50
93
194
340
503
653
771
844
875
885
897
927
986
1075
1186
1304
1416
1503
1551
1552
1505
1414
1292
1146
980
796
600
392
181
-12
-174
-281
-333
-328
-271
-183
-86
-11
28
13
-57
-178
-337
-508
-671
-811
-924
-1010
-1074
-1129
-1183
-1239
-1298
-1356
-1405
-1438
-1445
-1427
-1389
-1329
-1255
-1162
-1049
-925
-779
-613
-434
-245
-53
133
302
439
545
618
658
672
663
637
595
540
477
407
332
260
190
130
87
62
60
85
134
205
288
372
447
510
555
582
595
597
601
618
657
723
809
903
986
1039
1043
989
876
710
510
302
112
-32
-119
-152
-140
-103
-58
-23
-15
-45
-107
-201
-322
-452
-568
-660
-719
-745
-742
-717
-680
-640
-607
-589
-599
-628
-669
-717
-763
-804
-833
-844
-829
-786
-712
-604
-474
-326
-164
-3
148
280
378
441
471
480
464
431
390
340
290
246
208
186
178
179
192
209
222
219
192
145
87
21
-32
-62
-61
-26
43
139
253
372
477
562
621
657
674
679
674
664
644
615
575
519
443
350
241
129
20
-74
-145
-194
-216
-217
-207
-195
-195
-213
-259
-328
-416
-509
-592
-657
-685
-680
-639
-566
-474
-378
-298
-240
-213
-221
-260
-327
-405
-484
-551
-592
-594
-552
-467
-345
-194
-34
118
244
334
381
380
337
263
176
93
25
-7
1
52
138
246
362
463
532
550
515
426
295
143
-11
-139
-224
-258
-234
-159
-48
80
205
321
415
480
523
547
563
576
585
594
599
594
581
565
543
513
469
416
350
262
155
28
-106
-247
-391
-522
-625
-691
-732
-751
-744
-728
-715
-709
-701
-689
-673
-652
-617
-560
-493
-427
-367
-317
-284
-280
-298
-327
-354
-379
-399
-393
-354
-287
-202
-97
21
130
219
285
327
339
329
309
304
323
365
434
531
641
740
806
836
831
771
656
500
325
145
-34
-190
-298
-354
-361
-327
-244
-118
19
148
268
366
427
437
410
375
337
291
251
239
253
276
297
315
327
310
247
149
28
-108
-262
-420
-559
-660
-723
-749
-723
-650
-550
-446
-340
-231
-142
-90
-70
-68
-77
-107
-147
-177
-197
-218
-249
-284
-315
-349
-389
-418
-428
-419
-394
-350
-281
-204
-140
-90
-48
-13
7
19
45
93
157
233
329
446
555
634
679
693
664
579
452
313
168
18
-123
-222
-272
-290
-271
-210
-111
9
128
252
380
493
571
611
626
616
568
496
419
353
299
260
249
262
283
293
279
240
167
48
-112
-292
-470
-629
-756
-836
-855
-815
-729
-608
-463
-309
-174
-69
4
40
33
-15
-90
-179
-269
-353
-421
-458
-461
-436
-388
-327
-259
-196
-147
-115
-99
-97
-105
-114
-109
-87
-46
17
100
200
303
408
504
587
648
678
677
641
566
458
324
169
13
-136
-259
-346
-393
-394
-348
-262
-146
-22
101
215
304
361
382
368
337
287
231
182
147
134
141
162
197
240
277
292
278
232
147
28
-117
-267
-408
-526
-606
-634
-608
-527
-404
-247
-77
83
210
294
333
319
252
146
20
-105
-216
-301
-348
-355
-328
-279
-223
-165
-121
-97
-92
-105
-133
-165
-197
-217
-217
-201
-168
-113
-37
57
163
274
378
466
531
564
559
512
426
304
163
13
-133
-261
-361
-421
-442
-425
-377
-306
-224
-142
-66
-6
35
61
70
78
87
103
135
180
241
316
396
473
529
557
549
504
423
308
173
26
-115
-241
-343
-413
-450
-454
-427
-378
-318
-248
-181
-123
-75
-37
-9
4
4
0
-10
-21
-36
-51
-62
-69
-71
-64
-48
-25
-3
18
36
39
23
-13
-62
-119
-173
-211
-224
-203
-145
-56
58
186
308
402
462
477
446
370
258
129
-3
-121
-217
-281
-306
-295
-254
-197
-138
-91
-63
-51
-63
-86
-115
-133
-132
-115
-71
-6
73
162
244
312
359
383
390
380
359
326
285
238
180
110
29
-52
-134
-212
-271
-307
-316
-296
-251
-186
-113
-46
11
43
45
19
-29
-87
-147
-198
-231
-238
-219
-181
-130
-76
-32
-8
-7
-22
-49
-86
-122
-148
-153
-140
-111
-67
-11
48
108
165
217
265
308
340
362
368
351
312
253
181
107
41
-11
-40
-45
-38
-22
-9
-7
-19
-52
-97
-148
-201
-244
-267
-275
-263
-232
-184
-122
-55
17
91
166
233
285
322
333
324
287
228
163
92
24
-31
-72
-95
-98
-89
-70
-47
-29
-19
-22
-40
-73
-113
-160
-206
-246
-275
-285
-281
-263
-226
-178
-117
-55
2
46
73
79
62
33
-9
-54
-89
-105
-99
-74
-29
30
89
147
200
237
259
258
243
221
190
154
117
85
57
36
21
16
19
31
43
54
65
69
68
56
35
7
-24
-57
-89
-116
-135
-143
-134
-113
-83
-44
-1
44
83
117
136
144
137
113
81
43
2
-38
-74
-105
-126
-133
-131
-121
-107
-93
-76
-68
-70
-75
-86
-103
-123
-140
-149
-152
-146
-130
-103
-67
-30
5
35
56
68
66
59
48
34
19
6
4
5
13
26
41
58
76
93
107
119
122
121
115
103
87
69
54
46
43
46
57
73
89
100
105
100
85
62
33
5
-21
-44
-59
-71
-79
-86
-88
-88
-84
-78
-66
-52
-36
-16
2
16
24
22
17
10
0
-3
-6
-6
-3
-3
-4
-7
-15
-25
-38
-53
-64
-69
-71
-74
-79
-86
-95
-106
-119
-124
-122
-109
-88
-63
-33
-7
12
21
19
8
-9
-30
-45
-52
-47
-34
-13
15
46
73
96
114
124
130
133
135
133
129
122
113
106
95
84
73
63
55
48
46
46
45
41
35
24
9
-5
-20
-30
-33
-33
-28
-18
-6
5
10
11
9
4
-2
-8
-11
-12
-10
-12
-12
-16
-23
-33
-42
-51
-56
-58
-57
-49
-44
-40
-39
-45
-55
-67
-78
-86
-87
-83
-75
-60
-44
-26
-14
-7
-6
-13
-23
-32
-36
-38
-33
-24
-16
-6
-1
1
3
3
7
15
30
45
59
70
77
79
76
71
65
59
54
54
56
61
65
68
67
60
51
42
30
21
11
4
1
-2
-2
0
0
1
-1
-1
-2
-1
-1
2
4
4
3
-1
-7
-14
-20
-26
-32
-35
-32
-28
-26
-21
-19
-16
-13
-15
-17
-23
-30
-35
-41
-44
-43
-39
-31
-25
-20
-14
-9
-5
-3
-1
-2
-6
-11
-17
-23
-33
-39
-46
-46
-43
-38
-29
-20
-10
-3
2
8
12
17
23
31
36
44
51
58
61
62
59
56
53
47
44
42
41
39
33
27
20
13
4
-6
-15
-20
-21
-20
-17
-13
-8
-3
-4
-6
-7
-10
-16
-18
-19
-18
-13
-7
-1
-1
1
1
2
1
-4
-5
-3
-2
1
2
2
4
2
-2
-7
-13
-17
-20
-19
-13
-7
-3
0
1
0
-5
-10
-16
-22
-27
-31
-32
-31
-26
-23
-17
-15
-13
-7
-1
2
8
12
17
22
24
22
21
19
14
9
9
13
19
25
30
35
35
34
27
19
12
6
1
-3
-3
-2
-2
-3
-5
-8
-11
-12
-13
-13
-11
-11
-6
-4
-2
0
-5
-7
-11
-11
-11
-7
1
8
13
14
12
7
-1
-6
-8
-11
-15
-15
-13
-9
-7
-4
-2
-1
-2
-5
-6
