-1
0
-1
1
2
1
1
0
1
1
1
1
0
-1
-3
-5
-5
-4
-2
-2
-2
-4
-4
-3
-4
-4
-3
-2
1
1
-1
-1
-1
-3
-4
-3
-3
-1
-2
-1
1
3
0
-1
-1
-1
0
0
2
4
6
7
7
6
4
5
4
5
3
2
1
-4
-3
-1
-1
2
0
-1
2
4
4
6
7
5
4
4
3
4
3
0
-1
-4
-5
-7
-7
-4
-4
-5
-5
-4
-2
-2
-1
-1
-2
-2
-3
-4
-4
-7
-7
-8
-9
-9
-9
-7
-4
-2
-1
0
3
3
2
0
-1
-2
-2
-1
-1
-1
1
-1
0
2
5
9
9
9
11
21
22
19
14
8
4
6
8
12
14
16
27
33
35
37
42
52
53
40
30
19
11
-5
-23
-28
-28
-30
-37
-38
-34
-39
-51
-67
-72
-71
-81
-85
-87
-76
-65
-61
-50
-37
-30
-42
-66
-82
-99
-131
-159
-168
-152
-130
-121
-106
-67
-31
-11
-5
7
30
49
55
70
100
119
114
105
100
101
78
40
16
7
-10
-29
-23
14
67
109
180
275
368
437
460
474
454
392
273
138
26
-59
-107
-103
-36
75
181
242
270
277
291
306
402
638
1028
1510
1928
2246
2362
2145
1514
477
-768
-2095
-3423
-4537
-5213
-5295
-4790
-3882
-2623
-1185
224
1403
2163
2550
2534
2150
1483
655
-149
-823
-1344
-1676
-1810
-1749
-1502
-1179
-821
-451
-96
175
420
684
1047
1518
1888
2269
2514
2553
2398
1953
1442
866
208
-336
-723
-837
-640
-370
48
456
757
1011
1068
1083
1039
896
796
675
579
527
402
229
-36
-379
-704
-1023
-1267
-1412
-1382
-1204
-971
-677
-427
-191
-14
18
41
-19
-134
-210
-357
-421
-508
-679
-776
-933
-1028
-1059
-1145
-1084
-955
-833
-595
-365
-80
129
199
782
2102
3602
4583
4807
4734
4342
2967
739
-1719
-4012
-6138
-8056
-8941
-8231
-6358
-3898
-1302
1180
3447
5114
5989
6024
5118
3657
1978
286
-1111
-2103
-2611
-2752
-2747
-2533
-2093
-1574
-1063
-645
-311
-43
193
609
1262
1941
2527
3010
3368
3587
3514
3106
2543
1903
1331
830
262
-253
-651
-975
-1286
-1617
-1739
-1543
-1180
-686
-13
923
1996
2833
3276
3277
2829
1978
764
-611
-1951
-3129
-3997
-4473
-4514
-4092
-3271
-2196
-1135
-214
581
1249
1719
1833
1639
1184
501
-251
-965
-1525
-1974
-2364
-2583
-2534
-2151
-1521
-816
-155
350
740
1026
1152
1140
926
606
294
62
26
92
246
491
640
830
1368
2619
4250
5171
5099
4399
3529
2145
-164
-2834
-5135
-6824
-7990
-8204
-6939
-4387
-1486
1175
3414
5119
6116
6109
5268
3664
1698
-87
-1450
-2330
-2907
-3044
-2818
-2480
-2259
-2137
-1974
-1774
-1551
-1238
-715
-66
756
1708
2730
3600
4086
4265
4110
3658
2867
1913
970
-10
-1054
-2053
-2675
-2872
-2784
-2519
-1986
-1138
-102
980
2019
2960
3568
3768
3534
2937
2107
1010
-264
-1598
-2790
-3612
-3995
-3956
-3510
-2720
-1724
-645
363
1204
1790
1990
1850
1397
660
-242
-1212
-2021
-2559
-2852
-2824
-2553
-2069
-1427
-668
192
973
1521
1775
1836
1632
1256
717
132
-327
-774
-1062
-1178
-958
-505
29
799
2185
4124
5582
5889
5061
3864
2262
-236
-3184
-5808
-7446
-8295
-8276
-6846
-4034
-681
2247
4391
5672
6084
5553
4275
2454
328
-1501
-2661
-3064
-3013
-2722
-2180
-1700
-1486
-1534
-1570
-1406
-1139
-697
-7
951
1993
2996
3868
4337
4192
3494
2645
1811
931
100
-451
-608
-590
-537
-365
-133
-64
-217
-423
-417
-122
368
1040
1781
2461
3005
3223
3011
2307
1115
-354
-1937
-3370
-4329
-4728
-4559
-3906
-2897
-1617
-327
708
1338
1477
1247
839
328
-217
-770
-1281
-1609
-1789
-1818
-1724
-1599
-1446
-1351
-1211
-906
-437
-25
183
297
395
570
607
552
456
287
225
233
293
315
315
265
267
567
1711
3684
5144
5434
4649
3581
2218
-217
-3088
-5624
-7259
-7994
-7751
-5887
-2740
663
3460
5321
6243
6230
5243
3590
1593
-433
-1877
-2491
-2283
-1764
-1359
-1130
-1256
-1698
-2445
-3156
-3433
-3149
-2172
-703
1106
3027
4654
5755
5980
5335
4082
2466
962
-299
-1216
-1637
-1646
-1262
-797
-469
-268
-301
-469
-660
-570
8
873
1862
2679
3167
3212
2712
1788
468
-1088
-2523
-3542
-3977
-3882
-3410
-2641
-1799
-1065
-501
-185
-1
-4
-106
-157
-132
60
191
117
-198
-704
-1200
-1644
-1952
-1992
-1733
-1225
-583
117
798
1230
1233
900
405
-14
-246
-355
-296
-66
398
885
1138
1280
1273
1127
988
1660
3621
5483
5919
4893
3546
2113
-504
-4028
-7057
-8613
-8942
-8450
-6451
-2689
1587
4800
6359
6654
6098
4655
2646
656
-999
-1977
-2175
-1658
-1012
-899
-1307
-2109
-3191
-4442
-5277
-4995
-3593
-1502
830
3149
5144
6342
6451
5538
3850
1891
249
-821
-1173
-986
-430
246
578
513
117
-333
-799
-1306
-1392
-660
812
2366
3496
4065
3972
3092
1537
-246
-1857
-3021
-3686
-3722
-3152
-2122
-905
-36
324
196
-112
-369
-618
-784
-797
-515
-6
395
482
215
-322
-1043
-1841
-2406
-2550
-2321
-1918
-1499
-989
-382
183
473
408
203
145
288
658
1211
1696
2008
1889
1538
981
191
-537
-1232
-1337
-490
1759
4622
6324
6159
4568
2633
42
-3360
-6564
-8341
-8434
-7507
-5441
-1981
2122
5071
6080
5597
4391
2817
951
-466
-1176
-1195
-720
8
573
174
-1266
-3210
-5055
-6528
-7205
-6353
-3899
-603
2581
5216
7096
7758
7065
5345
3238
1279
-137
-600
-287
388
997
1252
995
106
-1103
-2019
-2343
-2129
-1370
-7
1981
3795
4651
4485
3382
1743
-251
-2067
-3069
-3200
-2656
-1817
-870
1
446
257
-446
-1341
-1944
-2013
-1590
-829
-11
724
1122
1040
380
-766
-2004
-3107
-3785
-3714
-2856
-1488
-141
697
1089
1093
814
397
-251
-766
-937
-577
338
1204
1794
2003
1738
1219
297
-715
-1475
-2025
-1805
-753
1679
4823
6748
6912
5357
3240
622
-2646
-5449
-7116
-7373
-6576
-4833
-2025
1166
3369
4064
3444
2324
1335
459
196
368
818
1326
1521
1297
66
-1958
-4138
-5938
-6872
-6744
-5171
-2359
740
3314
4927
5664
5605
4732
3482
2354
1693
1503
1559
1852
2075
1868
1033
-379
-1745
-2652
-2785
-2104
-900
724
2339
3601
4213
3912
2891
1327
-332
-1621
-2331
-2252
-1610
-810
-194
-10
-182
-630
-1328
-2009
-2433
-2376
-1800
-1026
-227
288
420
193
-389
-1059
-1758
-2287
-2518
-2445
-2052
-1449
-817
-385
-285
-399
-355
-202
-8
200
474
830
953
1044
1143
1149
781
123
-251
-467
-490
-572
-679
-395
307
2208
4862
6658
6612
4822
2775
655
-2133
-4685
-6027
-6095
-5652
-4855
-2749
278
2482
2993
2299
1578
1174
843
946
1515
2138
2330
1992
1258
-173
-2231
-4376
-5981
-6746
-6520
-4891
-2178
624
2637
3685
4140
4052
3523
2915
2592
2674
2854
2933
2843
2621
1989
571
-1229
-2677
-3258
-2999
-2159
-894
516
1685
2337
2402
2080
1678
1143
537
201
233
562
791
653
106
-867
-1923
-2819
-3400
-3470
-2976
-1963
-751
266
832
889
574
67
-481
-862
-1011
-1118
-1274
-1407
-1428
-1348
-1308
-1384
-1407
-1307
-948
-274
481
1086
1261
1159
977
761
536
264
216
292
206
76
-65
-163
-486
-992
-888
92
2488
5629
7433
7125
5105
2655
-81
-3393
-5971
-6980
-6675
-5893
-4685
-2298
599
2295
2110
1018
278
78
240
1089
2451
3540
3707
2941
1554
-553
-2978
-5043
-6412
-6852
-6259
-4384
-1718
539
1830
2300
2525
2781
3062
3696
4629
5431
5622
5045
4086
2906
1336
-636
-2435
-3426
-3433
-2624
-1442
-269
518
844
925
976
1314
1913
2537
2966
3043
2860
2380
1471
108
-1522
-2980
-3908
-4173
-3880
-3161
-2163
-1184
-526
-262
-205
-242
-307
-387
-422
-343
-348
-594
-1184
-1862
-2303
-2464
-2287
-1947
-1445
-796
-212
349
736
796
511
46
-145
-133
-78
76
267
454
276
-220
-533
-630
-619
-585
-103
1122
2902
5185
6877
6827
5120
2626
176
-2282
-4187
-4747
-4374
-3835
-3562
-2898
-1459
-306
-151
-557
-624
-154
525
1671
3278
4516
4660
3629
2073
440
-1245
-2639
-3642
-4315
-4632
-4355
-3262
-1943
-898
-88
723
1745
2824
4053
5416
6217
5943
4746
3282
1986
822
-206
-976
-1340
-1429
-1499
-1435
-1271
-1340
-1580
-1544
-907
226
1545
2775
3524
3491
2732
1615
503
-614
-1768
-2644
-2996
-2904
-2624
-2320
-2005
-1768
-1667
-1666
-1563
-1151
-521
63
405
534
413
-107
-958
-1786
-2192
-2120
-1763
-1324
-939
-573
-300
-143
-19
57
176
246
274
349
518
796
904
737
464
236
19
-59
77
508
1218
2233
3778
5132
5403
4234
2212
216
-1598
-2888
-3205
-2723
-2285
-2463
-2689
-2239
-1431
-965
-921
-738
-202
437
1306
2564
3709
3903
2893
1384
82
-867
-1508
-2031
-2607
-3315
-3892
-3803
-3074
-2075
-1047
-36
1016
2016
3108
4289
5005
4864
3930
2827
2078
1614
1326
1043
634
-9
-874
-1603
-2063
-2357
-2476
-2328
-1652
-412
1054
2272
2845
2784
2312
1703
1189
764
308
-282
-1005
-1670
-2139
-2429
-2592
-2731
-2794
-2631
-2190
-1486
-727
-108
292
455
509
421
178
-161
-573
-936
-1156
-1194
-1167
-1212
-1240
-1235
-1193
-999
-592
-74
286
473
747
1171
1595
1684
1514
1303
991
583
273
568
1497
2787
3876
4000
2993
1367
-363
-1990
-3172
-3260
-2459
-1875
-1882
-1906
-1477
-1090
-1219
-1323
-914
-254
249
739
1614
2406
2347
1460
370
-324
-590
-566
-376
-406
-909
-1711
-2326
-2436
-2151
-1594
-835
-4
895
1942
3073
3860
3908
3382
2727
2228
1957
1953
2117
2085
1601
825
121
-421
-932
-1394
-1659
-1657
-1418
-891
-87
667
1021
1029
1004
1127
1279
1298
1089
557
-255
-1117
-1775
-2152
-2370
-2492
-2470
-2311
-2047
-1756
-1481
-1267
-1136
-989
-770
-460
-137
32
-42
-255
-391
-407
-447
-550
-609
-712
-975
-1216
-1135
-771
-479
-234
273
918
1314
1331
1261
1291
1148
856
948
1982
3740
4914
4607
3041
952
-1134
-2873
-3467
-2679
-1636
-1493
-2168
-2584
-2271
-1756
-1321
-801
-94
466
688
1083
1919
2549
2161
851
-426
-1019
-916
-361
210
303
-304
-1270
-1916
-1900
-1357
-753
-492
-491
-338
372
1596
2756
3324
3175
2660
2261
2197
2512
2911
2891
2254
1309
673
444
220
-252
-939
-1616
-2069
-2072
-1476
-634
-84
28
16
244
648
995
1150
1007
512
-235
-879
-1169
-1280
-1520
-1916
-2251
-2380
-2350
-2160
-1809
-1463
-1268
-1157
-911
-516
-172
-19
-42
-198
-279
-186
1
109
-62
-441
-917
-1366
-1472
-1194
-587
221
831
1211
1268
1091
1006
997
1164
1589
2425
3869
4834
4425
2891
939
-790
-2234
-2837
-2076
-1105
-1181
-2317
-3348
-3239
-2623
-1929
-956
134
844
782
752
1528
2281
2084
970
-140
-628
-729
-504
-112
-2
-423
-1161
-1542
-1319
-807
-473
-601
-975
-1184
-747
422
1776
2735
2943
2624
2162
1841
1978
2465
2820
2631
2036
1590
1413
1230
836
256
-322
-884
-1276
-1291
-1038
-718
-540
-452
-173
244
578
566
203
-216
-489
-614
-576
-358
-254
-540
-1119
-1611
-1740
-1637
-1467
-1350
-1364
-1436
-1488
-1459
-1359
-1223
-1069
-873
-656
-381
-61
150
110
-277
-749
-926
-736
-428
-190
-62
-57
-155
-194
117
698
1263
1698
2413
3764
4810
4617
3106
1097
-523
-1625
-1904
-1280
-707
-1077
-2438
-3803
-3971
-3112
-1882
-869
-352
-168
-336
-227
772
2169
2972
2428
1068
-109
-671
-541
-152
47
-89
-462
-657
-413
142
568
355
-405
-1028
-857
118
1245
1854
1806
1479
1284
1470
2072
2788
3088
2636
1744
1263
1515
2045
2271
1912
1189
334
-463
-911
-1052
-1084
-1222
-1415
-1278
-766
-209
13
-238
-638
-920
-967
-727
-494
-433
-680
-1109
-1276
-1119
-776
-639
-946
-1497
-2072
-2320
-2107
-1684
-1393
-1420
-1582
-1620
-1441
-1027
-520
-189
-224
-395
-416
-282
-36
52
43
11
-138
-83
105
603
1411
2320
3580
4473
4303
3200
1658
609
128
-3
142
-274
-1313
-2492
-3338
-3212
-2379
-1289
-535
-638
-1044
-1239
-846
285
1559
2443
2432
1570
646
185
369
660
519
106
-348
-561
-423
-62
280
209
-233
-597
-526
-4
538
717
588
482
699
1273
1990
2460
2363
1783
1208
1082
1339
1670
1773
1511
980
413
112
133
108
-183
-633
-1016
-1171
-1180
-1091
-996
-1058
-1219
-1364
-1348
-1134
-962
-1042
-1306
-1433
-1189
-707
-187
220
319
31
-492
-893
-1026
-1114
-1324
-1566
-1616
-1488
-1346
-1106
-809
-588
-503
-543
-339
19
279
488
475
473
538
429
421
630
1469
3225
4420
4222
2683
768
-145
-153
520
1319
951
-613
-2564
-3781
-3329
-2022
-793
-471
-1332
-2461
-2961
-2262
-441
1310
1989
1317
-21
-809
-578
458
1417
1628
1202
567
165
199
492
617
149
-552
-737
-281
417
759
569
127
-140
164
970
1757
2030
1648
1026
842
1340
2127
2505
2103
1233
588
568
1056
1543
1542
1006
169
-467
-537
-216
48
-176
-838
-1423
-1673
-1608
-1438
-1315
-1312
-1514
-1733
-1739
-1521
-1175
-884
-697
-496
-164
275
440
192
-307
-877
-1284
-1475
-1474
-1277
-1150
-1121
-1246
-1393
-1149
-819
-503
-174
51
392
526
390
286
102
154
484
1391
3186
4312
3668
1806
118
-260
285
1125
1569
603
-1252
-2686
-2983
-2142
-993
-225
-409
-1548
-2611
-2715
-1633
44
1200
1304
508
-550
-1068
-650
490
1339
1226
640
237
255
648
1206
1503
1088
240
-238
-91
385
773
863
762
695
842
1097
1183
986
595
320
559
1244
1915
2022
1473
805
502
734
1250
1496
1244
621
-16
-214
44
411
434
-79
-866
-1493
-1715
-1581
-1358
-1342
-1521
-1764
-1923
-1855
-1605
-1328
-1082
-882
-708
-450
-128
99
48
-315
-691
-880
-950
-784
-571
-517
-621
-915
-1162
-1314
-1249
-926
-553
-137
193
265
192
117
224
562
1551
3243
4238
3615
1790
253
55
765
1725
2001
831
-1053
-2556
-2867
-2023
-1097
-593
-901
-1957
-2751
-2700
-1613
-92
678
516
-230
-995
-1075
-413
643
1329
1033
233
-315
-249
452
1326
1806
1582
922
438
340
529
822
1005
960
784
820
1099
1260
1153
876
669
699
844
955
945
826
759
926
1288
1641
1676
1251
655
223
221
649
1019
941
401
-473
-1279
-1800
-1955
-1778
-1631
-1659
-1833
-2093
-2140
-1902
-1572
-1289
-1178
-1138
-1054
-866
-505
-12
325
255
-126
-544
-720
-615
-369
-99
-16
-382
-946
-1390
-1365
-823
-237
90
99
-104
-387
-506
-1
1705
3663
4125
2742
672
-402
-18
1048
1973
1852
359
-1350
-2199
-1853
-737
-48
-291
-1384
-2691
-3067
-2357
-1032
152
268
-558
-1525
-1897
-1245
25
1114
1407
831
147
-22
414
1246
1969
2082
1509
859
680
916
1215
1316
1196
943
690
633
761
951
1111
1135
1163
1317
1396
1127
548
92
141
581
1077
1316
1103
547
6
-192
97
624
867
636
87
-428
-646
-695
-791
-1042
-1553
-2085
-2412
-2494
-2248
-1871
-1621
-1578
-1678
-1724
-1538
-1145
-622
-206
-78
-111
-125
-148
-214
-139
105
315
291
-21
-478
-790
-888
-699
-341
-142
-37
-210
-380
474
2348
3841
3711
1948
413
158
806
1897
2191
1017
-998
-2613
-2583
-1134
220
695
-286
-2184
-3494
-3427
-1874
53
872
234
-1274
-2572
-2554
-1386
89
919
567
-305
-752
-296
883
2048
2469
2068
1260
794
998
1526
1911
1859
1470
1049
863
896
919
746
427
179
258
627
953
1007
769
503
436
624
914
979
627
178
31
303
797
1059
885
359
-208
-370
-79
277
343
-75
-846
-1589
-1993
-2007
-1846
-1738
-1782
-1959
-2131
-2126
-1846
-1412
-937
-541
-361
-320
-350
-363
-244
23
355
483
362
98
-275
-549
-578
-356
-13
15
-261
-369
441
2104
3143
2670
1179
82
214
1180
2184
2284
951
-993
-2411
-2472
-1380
-398
-239
-1150
-2545
-3349
-3104
-1807
-275
217
-562
-1896
-2699
-2312
-1017
451
1170
616
-599
-1315
-886
450
1853
2481
2159
1428
1069
1454
2175
2681
2645
2096
1445
1070
1169
1572
1753
1517
1035
626
459
324
261
402
643
898
1017
985
859
538
235
214
429
721
742
409
-30
-404
-500
-352
-200
-184
-352
-630
-916
-1153
-1298
-1316
-1262
-1304
-1520
-1790
-1998
-2071
-2061
-2019
-1809
-1468
-1132
-891
-809
-770
-609
-306
-65
-5
-143
-344
-385
-184
185
442
332
450
1612
3039
3356
2039
247
-269
365
1352
2028
1476
-178
-1837
-2498
-1530
54
824
377
-1373
-3199
-3805
-3069
-1334
174
213
-944
-2325
-2830
-2001
-623
501
692
-36
-678
-427
655
1899
2528
2228
1413
846
1020
1797
2604
2877
2538
1949
1534
1543
1731
1818
1734
1401
1011
834
768
687
503
188
92
151
152
80
-156
-387
-403
-248
26
177
-76
-400
-527
-343
23
157
-89
-581
-1010
-1085
-832
-542
-477
-792
-1300
-1600
-1497
-1188
-1023
-1116
-1325
-1505
-1542
-1386
-1251
-1253
-1376
-1288
-808
-311
-89
-216
-540
-651
-436
37
734
1286
2043
2800
2838
2233
1343
1094
1553
2002
2081
1438
82
-1118
-1588
-1170
-312
-14
-468
-1632
-2791
-3041
-2210
-778
218
-93
-1598
-3179
-3739
-2863
-1152
280
553
-369
-1562
-1802
-709
1050
2455
2727
2054
1304
1258
1994
2975
3526
3278
2386
1427
1033
1252
1649
1750
1402
808
337
178
187
150
-9
-125
-118
-84
-141
-342
-618
-792
-649
-213
174
122
-360
-851
-910
-474
99
488
528
267
-85
-270
-114
150
221
17
-292
-551
-674
-696
-737
-833
-937
-1012
-1086
-1153
-1209
-1231
-1266
-1195
-1015
-868
-798
-870
-919
-814
-471
201
1033
2117
2908
2673
1625
627
652
1510
2207
2293
1599
231
-950
-1405
-906
28
287
-318
-1572
-2837
-3268
-2735
-1566
-600
-742
-1792
-2919
-3313
-2642
-1469
-563
-538
-1301
-2015
-1819
-689
627
1364
1366
1090
1080
1616
2475
3260
3451
3017
2475
2254
2458
2788
2881
2629
2076
1410
1046
1009
1024
842
383
-64
-266
-296
-300
-361
-591
-897
-1074
-994
-659
-446
-561
-800
-864
-605
-130
180
134
-206
-593
-645
-269
300
638
539
78
-322
-427
-263
-41
-32
-294
-610
-763
-828
-795
-944
-1209
-1532
-1835
-1867
-1631
-1360
-1182
-1111
-1043
-640
82
1263
2197
2181
1378
570
658
1465
2268
2521
1922
601
-590
-964
-317
580
729
23
-1313
-2564
-2981
-2348
-1110
-295
-654
-1823
-2880
-3137
-2425
-1315
-473
-433
-1189
-1928
-1803
-763
580
1475
1553
1044
462
436
1158
2180
2943
3096
2708
2226
2111
2490
3032
3252
3000
2423
1844
1531
1404
1349
1174
890
601
284
-73
-463
-871
-1184
-1305
-1331
-1292
-1358
-1573
-1779
-1851
-1703
-1369
-1022
-783
-644
-598
-499
-308
-130
16
130
207
191
174
132
73
32
-15
97
241
165
-114
-539
-1053
-1259
-1202
-1021
-903
-1214
-1583
-1735
-1577
-796
459
1404
1625
946
214
398
1125
1964
2363
1935
1041
170
-197
331
1058
1287
878
-154
-1229
-1788
-1619
-880
-368
-733
-1725
-2697
-3116
-2799
-2029
-1317
-1165
-1624
-2123
-2003
-1176
-138
611
858
715
569
798
1414
2130
2464
2350
2150
2089
2232
2427
2411
2186
1926
1802
2030
2304
2252
1868
1292
927
935
1077
1076
684
-76
-712
-925
-749
-483
-551
-1029
-1739
-2324
-2424
-2003
-1474
-1308
-1571
-1957
-2059
-1740
-1142
-511
-150
-218
-482
-536
-231
286
654
721
544
274
85
110
280
351
228
-104
-437
-614
-676
-615
-431
-183
199
475
397
131
-157
-123
228
570
811
793
518
336
383
658
998
1043
859
504
62
-212
-317
-333
-414
-721
-1148
-1533
-1828
-1978
-2013
-1964
-1895
-1874
-1859
-1748
-1491
-1154
-786
-383
-39
227
506
924
1522
2047
2294
2304
2179
2125
2274
2499
2631
2468
2058
1764
1679
1706
1720
1560
1264
864
393
96
25
23
-28
-196
-415
-603
-765
-838
-825
-925
-1189
-1475
-1648
-1622
-1484
-1372
-1356
-1489
-1659
-1623
-1329
-954
-674
-622
-667
-628
-487
-256
-16
203
406
532
591
659
754
759
628
397
227
257
533
1055
1356
1085
297
-442
-628
-303
216
575
471
-187
-911
-1205
-819
-127
341
408
37
-519
-781
-545
-9
363
180
-372
-946
-1207
-1095
-824
-716
-930
-1312
-1570
-1440
-1041
-638
-456
-432
-420
-251
138
629
1114
1341
1345
1326
1450
1772
2137
2375
2407
2260
2045
1984
2023
2015
1870
1555
1240
969
738
571
364
36
-318
-593
-704
-734
-838
-1019
-1286
-1575
-1725
-1627
-1347
-1132
-1123
-1271
-1421
-1444
-1326
-1067
-761
-615
-597
-600
-515
-240
-39
14
-63
-271
-387
-343
-129
257
525
530
400
167
86
269
747
1448
1820
1669
1166
612
305
206
301
493
432
73
-440
-866
-971
-896
-729
-579
-681
-911
-1090
-1055
-768
-513
-455
-583
-828
-992
-968
-790
-581
-545
-686
-831
-816
-575
-225
62
179
126
62
199
572
1050
1349
1303
1102
1021
1243
1680
1989
2004
1749
1438
1394
1610
1868
1917
1619
1199
917
884
1049
1119
897
421
-104
-400
-461
-457
-540
-811
-1173
-1448
-1508
-1352
-1186
-1171
-1290
-1451
-1527
-1462
-1284
-1060
-901
-831
-772
-674
-526
-368
-225
-124
-144
-270
-380
-336
-114
167
361
356
134
-109
-140
155
628
935
912
587
145
-154
-184
2
190
142
-84
-273
-260
-28
195
192
-87
-513
-803
-792
-539
-256
-195
-419
-740
-904
-791
-531
-322
-281
-427
-603
-601
-335
64
326
365
276
180
222
444
789
1110
1231
1186
1104
1067
1130
1269
1433
1556
1561
1500
1436
1388
1364
1334
1268
1140
939
734
587
491
398
272
122
-35
-184
-309
-422
-572
-774
-956
-1027
-969
-878
-871
-999
-1258
-1543
-1694
-1615
-1352
-1089
-965
-1004
-1132
-1201
-1105
-862
-606
-481
-489
-539
-540
-435
-263
-96
-19
-45
-98
-114
-56
61
216
374
474
495
472
420
370
317
266
231
171
89
46
82
199
318
355
320
237
161
164
245
344
359
244
98
26
58
129
128
11
-207
-430
-514
-417
-197
1
81
80
61
87
178
298
416
485
513
573
693
842
948
977
972
975
996
1007
971
890
809
772
793
813
752
588
383
224
145
117
73
-43
-234
-451
-609
-656
-625
-600
-665
-830
-1028
-1166
-1189
-1136
-1104
-1155
-1255
-1309
-1251
-1106
-968
-921
-959
-1000
-949
-784
-580
-442
-413
-447
-454
-374
-208
-19
112
143
98
53
65
154
305
463
573
593
541
477
463
528
647
740
723
571
359
221
246
418
633
768
763
646
500
404
385
416
466
507
513
449
296
73
-146
-280
-295
-232
-185
-235
-387
-561
-653
-622
-511
-400
-345
-337
-330
-281
-183
-57
80
226
375
503
575
581
563
585
678
800
854
778
596
419
348
401
498
528
429
231
32
-81
-91
-58
-63
-139
-258
-368
-432
-446
-443
-472
-563
-700
-825
-872
-823
-717
-638
-643
-728
-823
-832
-723
-544
-398
-364
-429
-509
-516
-418
-274
-168
-146
-180
-192
-130
-11
102
152
143
115
123
182
276
370
432
450
429
386
346
332
352
396
433
438
405
360
330
333
369
417
454
465
438
371
273
163
65
0
-29
-48
-97
-198
-331
-450
-497
-450
-342
-235
-184
-199
-242
-253
-197
-64
105
264
357
369
325
283
293
381
510
612
621
534
414
337
354
447
538
545
443
280
144
88
113
156
151
73
-56
-180
-247
-252
-235
-244
-301
-388
-455
-467
-433
-384
-361
-372
-397
-401
-372
-335
-332
-376
-440
-486
-488
-469
-460
-479
-519
-541
-525
-484
-454
-461
-485
-496
-469
-412
-354
-319
-301
-271
-202
-106
-25
17
34
71
156
276
384
446
463
458
467
502
550
590
606
596
566
526
494
473
464
460
444
410
369
334
319
318
309
283
233
181
144
127
122
114
94
73
59
62
77
89
89
72
51
39
50
84
119
122
90
37
0
-3
23
45
25
-42
-130
-181
-182
-149
-129
-161
-243
-344
-415
-433
-396
-338
-295
-297
-338
-386
-405
-369
-285
-185
-116
-92
-111
-145
-151
-122
-72
-41
-50
-97
-161
-208
-231
-245
-266
-296
-332
-350
-334
-302
-270
-252
-246
-238
-208
-140
-67
4
55
82
97
109
139
175
228
285
312
308
274
255
266
328
387
398
365
314
297
325
406
460
472
441
376
338
342
405
450
457
411
304
224
207
229
237
217
137
32
-40
-68
-65
-63
-59
-89
-129
-156
-182
-186
-171
-151
-155
-169
-176
-190
-200
-210
-234
-253
-256
-243
-226
-225
-241
-272
-304
-304
-277
-239
-193
-181
-196
-227
-246
-222
-176
-106
-55
-31
-27
-35
-27
1
61
126
173
182
146
100
77
85
116
136
115
59
-6
-53
-61
-49
-42
-52
-74
-88
-77
-48
-14
12
28
37
48
68
91
120
151
170
177
160
123
80
61
74
110
136
124
72
5
-39
-40
3
53
78
73
57
55
72
91
101
100
98
102
114
109
69
10
-35
-46
-28
-22
-46
-92
-134
-147
-138
-124
-130
-157
-185
-189
-167
-144
-142
-166
-192
-194
-167
-123
-95
-97
-122
-153
-156
-118
-65
-20
-4
-38
-84
-107
-85
-10
69
111
116
91
68
82
117
163
227
283
317
325
294
249
238
261
320
372
352
274
168
92
91
125
132
80
-16
-116
-160
-151
-115
-105
-143
-201
-240
-233
-184
-129
-100
-101
-129
-163
-178
-176
-156
-124
-106
-118
-157
-212
-251
-238
-201
-150
-108
-104
-121
-145
-140
-94
-23
37
61
51
33
37
72
119
146
142
120
102
100
115
123
108
88
71
66
85
102
95
72
42
25
28
39
51
53
52
56
68
83
86
74
64
64
81
109
120
104
72
43
32
45
67
75
61
27
-4
-16
-3
15
23
18
-1
-18
-21
-13
-8
-15
-36
-62
-75
-70
-59
-50
-56
-73
-90
-100
-100
-98
-94
-96
-99
-100
-101
-104
-106
-110
-116
-116
-108
-100
-89
-85
-85
-92
-100
-98
-89
-75
-60
-55
-57
-63
-66
-55
-34
-7
10
16
16
18
34
66
103
132
146
149
148
149
155
166
181
191
189
169
140
112
96
99
115
122
108
74
33
10
8
26
45
44
24
-4
-24
-25
-15
-2
6
6
-1
-5
-4
3
10
10
0
-11
-19
-23
-21
-24
-35
-51
-65
-76
-78
-76
-77
-83
-94
-103
-103
-87
-68
-59
-66
-80
-86
-73
-53
-45
-48
-57
-56
-41
-22
-9
-9
-16
-23
-16
8
33
48
39
13
-12
-18
4
28
37
21
-6
-24
-29
-19
-3
15
24
21
6
-6
-2
20
44
57
50
40
42
59
76
81
69
50
38
38
52
70
81
71
40
10
-3
9
33
39
23
-5
-31
-47
-51
-49
-43
-38
-43
-55
-69
-77
-72
-55
-40
-29
-20
-14
-7
0
11
31
51
68
67
58
51
52
60
64
58
45
30
17
8
0
-10
-18
-27
-36
-42
-43
-42
-36
-31
-31
-32
-34
-30
-20
-11
2
10
13
9
2
3
10
22
29
25
21
16
8
5
0
-1
4
3
-2
-12
-23
-24
-25
-23
-20
-18
-16
-18
-19
-21
-21
-14
-7
-1
1
-3
-10
-14
-12
-9
-6
-6
-7
-12
-13
-12
-7
-2
0
-5
-11
-14
-12
-5
2
8
8
2
-3
-9
-6
4
14
23
26
23
20
20
24
31
44
52
56
54
57
69
78
87
89
87
89
96
104
108
102
87
65
42
35
34
30
16
-15
-53
-77
-83
-76
-61
-66
-88
-114
-132
-128
-104
-77
-66
-69
-85
-91
-78
-48
-18
0
3
-6
-11
-6
9
21
23
10
-14
-34
-46
-50
-51
-58
-69
-83
-90
-84
-68
-51
-39
-37
-45
-44
-31
-6
18
32
29
23
25
38
58
73
74
58
38
30
34
43
49
41
24
8
1
2
7
10
5
-3
-5
-5
-1
6
11
14
14
19
27
33
36
37
40
40
47
57
63
65
60
54
54
55
57
58
57
55
53
47
37
28
17
16
15
15
10
-3
-15
-25
-30
-33
-33
-39
-48
-53
-57
-57
-54
-55
-60
-65
-64
-57
-51
-46
-47
-48
-47
-43
-36
-30
-27
-31
-41
-44
-40
-35
-29
-29
-33
-43
-49
-46
-37
-28
-21
-24
-31
-34
-31
-20
-9
-4
-2
-4
-2
7
20
33
40
42
37
36
38
48
56
60
59
50
41
37
37
44
49
49
45
42
38
36
36
36
34
34
35
37
37
38
35
30
27
26
26
26
24
20
15
13
13
14
9
6
0
-5
-6
-4
-3
-7
-15
-24
-30
-35
-37
-39
-42
-43
-45
-48
-47
-48
-49
-51
-51
-50
-47
-45
-45
-46
-45
-42
-39
-34
-29
-22
-16
-12
-8
-8
-11
-12
-9
0
9
12
5
-4
-10
-11
-6
1
7
10
8
2
4
9
16
19
17
14
12
14
19
27
31
30
27
26
29
35
40
41
37
31
27
27
31
33
29
24
18
15
16
13
8
0
-3
-4
-3
2
5
3
-4
-9
-10
-5
0
5
9
11
8
1
-3
-1
1
-2
-6
-6
-5
-5
-7
-13
-18
-21
-23
-22
-21
-23
-24
-25
-21
-14
-12
-13
-16
-17
-15
-8
-5
-3
-4
-5
-5
-6
-4
-3
-2
2
4
5
6
7
8
4
3
1
