4
3
4
4
4
2
0
0
1
1
2
2
-1
-2
-4
-3
-4
-7
-7
-9
-12
-11
-10
-6
-4
-4
-4
-2
1
3
3
4
5
4
2
0
-2
-3
-7
-6
-7
-6
-4
-2
0
2
3
5
5
4
3
2
1
0
-2
1
0
1
1
-1
-2
-2
1
1
2
5
5
5
6
4
4
2
2
1
5
5
3
3
5
6
5
3
3
3
2
0
-2
-3
-4
-4
-5
-4
-1
-2
-1
-2
-2
-2
-3
-3
-4
-4
-6
-7
-5
-6
-5
-5
-6
-6
-5
-4
-3
-1
1
1
3
2
2
2
4
4
3
8
8
7
5
3
0
-4
-8
-10
-11
-9
-3
6
15
22
29
35
33
27
20
10
-4
-18
-24
-29
-30
-29
-19
-9
-3
4
5
5
-3
-12
-20
-25
-28
-28
-20
-4
8
11
12
9
-1
-13
-23
-31
-30
-23
-7
13
33
56
69
74
64
50
37
16
-6
-25
-35
-37
-33
-23
-3
19
34
41
46
49
41
28
16
10
3
-8
-15
-16
-17
-30
-51
-70
-82
-96
-109
-113
-99
-69
-45
-28
0
37
65
68
63
67
64
24
-23
-51
-70
-102
-148
-157
-115
-69
-38
5
90
198
289
381
506
646
754
822
876
882
788
579
294
-39
-441
-870
-1236
-1502
-1658
-1704
-1586
-1280
-890
-491
-104
266
564
699
677
592
459
248
-47
-346
-546
-657
-725
-754
-708
-577
-404
-224
-41
185
443
665
824
944
1077
1214
1253
1166
995
787
578
346
115
-40
-101
-81
-11
110
293
498
648
689
648
581
505
405
278
140
0
-132
-254
-368
-462
-533
-600
-700
-802
-835
-779
-690
-606
-493
-346
-208
-87
28
109
104
12
-112
-234
-342
-403
-413
-409
-401
-367
-289
-184
-65
39
102
169
320
569
863
1234
1685
2046
2134
1965
1639
1062
95
-1100
-2184
-3035
-3681
-3981
-3694
-2864
-1828
-800
220
1165
1811
2021
1886
1520
958
281
-336
-764
-995
-1057
-970
-788
-580
-373
-165
9
100
118
141
242
444
737
1091
1440
1711
1856
1878
1793
1596
1306
965
606
261
-5
-125
-133
-136
-160
-139
-52
53
173
348
540
644
646
626
601
516
322
33
-333
-753
-1151
-1462
-1667
-1754
-1694
-1485
-1165
-760
-278
205
560
721
699
536
271
-64
-417
-744
-1017
-1210
-1319
-1332
-1231
-1033
-799
-550
-274
5
260
461
588
592
453
244
41
-136
-296
-350
-271
-93
143
436
777
1011
1098
1137
1174
1187
1260
1492
1764
1857
1710
1456
1008
172
-908
-1925
-2742
-3385
-3682
-3341
-2404
-1269
-182
849
1708
2176
2146
1780
1236
512
-294
-941
-1280
-1358
-1290
-1147
-972
-838
-769
-679
-545
-430
-329
-140
246
777
1333
1887
2379
2629
2539
2220
1829
1369
783
165
-306
-568
-662
-617
-459
-252
-83
22
127
294
508
713
860
939
966
935
803
512
58
-484
-1024
-1498
-1839
-1977
-1912
-1703
-1402
-1025
-609
-229
44
179
159
4
-216
-434
-633
-820
-981
-1082
-1095
-1041
-954
-834
-661
-442
-214
20
296
592
806
853
740
534
260
-67
-399
-631
-689
-578
-310
108
630
1102
1416
1616
1761
1837
1890
2083
2410
2603
2452
2051
1513
658
-622
-2028
-3143
-3893
-4333
-4236
-3351
-1899
-427
799
1790
2459
2602
2244
1643
931
123
-632
-1092
-1223
-1212
-1183
-1160
-1197
-1363
-1546
-1549
-1345
-1031
-649
-95
650
1468
2201
2715
2953
2881
2550
2035
1407
764
169
-328
-723
-949
-913
-668
-390
-193
3
266
539
739
892
1027
1050
903
643
359
28
-410
-899
-1347
-1683
-1868
-1874
-1720
-1476
-1181
-846
-488
-162
88
254
322
288
156
-37
-241
-437
-644
-865
-1035
-1082
-991
-817
-600
-316
48
414
689
829
856
791
640
448
251
52
-106
-182
-220
-219
-87
162
347
303
200
277
418
458
507
798
1355
2018
2745
3510
3960
3637
2509
858
-1012
-2882
-4509
-5555
-5853
-5386
-4097
-2125
76
1938
3060
3377
3024
2244
1367
582
-108
-663
-1014
-1122
-1027
-917
-988
-1342
-1929
-2456
-2583
-2188
-1333
-227
912
1989
2900
3524
3813
3687
3043
1983
833
-12
-415
-603
-702
-703
-676
-664
-640
-538
-368
-248
-165
116
659
1292
1814
2039
1877
1304
457
-381
-1082
-1667
-2087
-2222
-2033
-1566
-937
-337
78
199
88
-94
-268
-347
-317
-255
-181
-98
-9
27
-115
-451
-872
-1269
-1479
-1382
-1001
-421
175
640
958
1064
913
540
63
-353
-647
-787
-661
-292
85
319
426
471
472
327
111
6
36
154
284
447
728
1063
1437
2061
2932
3638
3802
3351
2459
1069
-882
-2866
-4366
-5348
-5837
-5535
-4110
-1934
124
1664
2700
3119
2824
2033
1223
634
97
-355
-510
-428
-352
-503
-927
-1545
-2306
-2931
-2993
-2384
-1301
0
1341
2610
3571
3979
3802
3121
2050
858
-122
-668
-753
-538
-188
141
275
243
124
-99
-431
-735
-700
-192
599
1415
2052
2312
2036
1261
235
-802
-1733
-2462
-2819
-2732
-2272
-1578
-841
-259
22
43
-39
-155
-294
-393
-355
-170
46
196
221
93
-219
-670
-1056
-1206
-1090
-777
-366
123
598
920
1058
951
571
2
-561
-891
-1005
-969
-699
-212
317
692
949
1201
1314
1136
772
462
363
337
208
95
139
289
457
732
1520
2640
3299
3245
2779
2099
828
-1201
-3067
-4140
-4768
-5118
-4713
-3103
-1004
525
1523
2269
2524
2071
1292
851
694
417
147
81
7
-409
-1161
-1989
-2814
-3574
-3888
-3368
-2107
-523
1057
2492
3575
4009
3768
3092
2201
1196
273
-177
-72
297
647
834
790
339
-468
-1223
-1727
-1951
-1801
-1142
44
1345
2362
2967
2996
2390
1279
10
-1030
-1783
-2188
-2122
-1661
-997
-374
77
275
114
-272
-613
-774
-749
-604
-326
-2
184
152
-78
-418
-817
-1197
-1357
-1165
-655
-33
482
827
973
869
516
18
-492
-933
-1255
-1415
-1364
-1163
-868
-513
-171
177
521
857
1125
1182
1113
991
836
574
149
-229
-513
-692
-756
-631
-74
848
2133
3565
4549
4795
4090
2628
674
-1643
-3594
-4800
-5257
-4936
-3929
-2073
136
1802
2668
2698
2191
1471
795
565
697
874
936
734
258
-486
-1475
-2602
-3679
-4351
-4186
-3017
-1137
898
2536
3496
3724
3336
2606
1817
1131
554
187
255
686
1103
1105
574
-355
-1523
-2548
-2944
-2606
-1760
-690
480
1669
2569
2904
2610
1714
424
-877
-1756
-1990
-1738
-1273
-800
-471
-356
-463
-710
-1018
-1293
-1419
-1305
-864
-209
436
860
877
554
43
-482
-809
-919
-796
-444
-11
404
669
707
559
243
-128
-396
-516
-499
-440
-469
-541
-567
-503
-333
-93
300
854
1329
1662
1909
1993
1773
1111
322
-185
-515
-801
-954
-763
-160
495
1314
2676
4031
4504
3841
2704
1534
-150
-2162
-3527
-3952
-3950
-3877
-3133
-1472
73
704
664
527
357
10
-24
582
1275
1490
1251
783
-2
-1188
-2408
-3402
-4138
-4353
-3645
-2056
-248
1195
2158
2594
2474
2028
1629
1480
1433
1301
1209
1294
1411
1240
581
-410
-1426
-2214
-2502
-2141
-1271
-178
801
1504
1940
2122
2062
1670
975
256
-240
-390
-290
-154
-107
-261
-652
-1133
-1474
-1482
-1250
-1002
-717
-308
152
540
769
808
593
129
-364
-674
-744
-654
-496
-323
-170
-54
22
52
44
-51
-215
-348
-374
-331
-388
-557
-703
-751
-717
-596
-275
198
581
779
885
1000
1000
768
420
124
-40
-178
-323
-304
-74
289
672
1377
2706
3969
4281
3587
2470
1140
-759
-2698
-3631
-3630
-3472
-3336
-2472
-866
288
534
411
318
170
-11
450
1562
2379
2364
1642
536
-834
-2253
-3240
-3713
-3831
-3459
-2386
-772
736
1630
1910
1707
1192
723
761
1370
2060
2358
2271
1978
1433
612
-285
-1122
-1834
-2255
-2075
-1287
-337
427
922
1092
951
711
729
1002
1124
966
739
567
291
-200
-662
-965
-1284
-1629
-1749
-1452
-988
-710
-635
-635
-603
-426
-17
584
1096
1228
958
422
-186
-695
-989
-1024
-898
-715
-446
-92
251
403
284
8
-301
-501
-441
-163
153
268
140
-78
-310
-465
-416
-144
295
685
919
1091
1182
1078
697
170
-241
-485
-570
-349
237
1053
2001
3070
3928
4007
3194
1919
401
-1325
-2743
-3245
-3012
-2752
-2596
-2077
-1262
-730
-610
-562
-437
-356
-141
620
1734
2450
2332
1499
260
-1120
-2236
-2731
-2744
-2609
-2336
-1737
-891
-146
341
604
614
483
534
1050
1890
2490
2522
2081
1381
638
43
-235
-243
-256
-326
-305
-150
-7
-32
-132
-249
-405
-361
88
774
1277
1344
1163
892
519
209
98
60
-144
-546
-875
-1029
-1129
-1207
-1258
-1279
-1217
-946
-338
395
878
974
742
365
18
-137
40
341
403
153
-220
-531
-809
-1063
-1153
-1088
-957
-762
-449
-49
199
109
-237
-563
-605
-336
97
570
983
1146
952
630
451
356
150
-192
-476
-592
-540
-212
404
1244
2231
3066
3439
3201
2462
1410
12
-1452
-2347
-2455
-2171
-1983
-1803
-1413
-1159
-1294
-1495
-1362
-901
-362
350
1389
2361
2711
2270
1281
111
-961
-1615
-1735
-1508
-1182
-925
-775
-677
-562
-358
-142
18
262
679
1218
1692
1924
1884
1581
1130
737
539
615
757
610
145
-349
-664
-924
-1180
-1197
-933
-673
-527
-223
364
859
930
769
716
782
793
773
713
485
-49
-821
-1482
-1794
-1814
-1799
-1841
-1729
-1345
-872
-396
59
438
605
530
495
695
1030
1156
882
337
-276
-815
-1172
-1265
-1120
-907
-777
-753
-699
-539
-375
-317
-324
-257
-20
348
772
1211
1519
1593
1399
1134
903
663
366
45
-121
-33
312
875
1764
2820
3434
3103
2070
896
-269
-1403
-2077
-1934
-1404
-1226
-1425
-1492
-1366
-1416
-1624
-1561
-1117
-589
-83
606
1375
1729
1361
505
-371
-946
-1134
-1023
-811
-726
-868
-1134
-1293
-1170
-783
-327
2
175
331
583
885
1085
1126
1100
1116
1262
1474
1618
1498
1045
365
-302
-730
-817
-639
-456
-446
-558
-574
-447
-267
-60
250
597
842
1011
1245
1455
1355
857
237
-253
-590
-847
-1022
-1130
-1305
-1567
-1684
-1408
-818
-233
133
308
359
330
342
490
710
801
663
380
74
-195
-427
-657
-877
-1035
-1055
-901
-654
-419
-295
-345
-506
-568
-381
38
484
868
1156
1261
1170
992
750
419
69
-41
193
627
1275
2123
2659
2345
1341
282
-573
-1361
-1832
-1712
-1363
-1344
-1586
-1651
-1491
-1438
-1433
-1220
-811
-378
60
501
833
923
747
342
-134
-379
-306
-208
-317
-507
-650
-777
-846
-623
-105
390
619
710
816
946
1077
1228
1358
1383
1321
1298
1359
1438
1387
1058
525
-23
-371
-444
-303
-91
-29
-233
-532
-666
-564
-355
-128
124
350
508
641
810
886
701
261
-257
-656
-823
-803
-781
-971
-1329
-1648
-1797
-1686
-1317
-818
-444
-343
-335
-209
43
304
481
564
566
469
283
31
-272
-606
-900
-1007
-856
-599
-480
-548
-690
-814
-847
-690
-355
-4
264
535
886
1257
1510
1511
1275
1016
1038
1357
1833
2402
2806
2600
1753
806
173
-331
-865
-1168
-1271
-1549
-1973
-2065
-1752
-1530
-1484
-1208
-730
-418
-212
211
647
605
313
316
505
461
281
258
181
-248
-692
-731
-569
-522
-491
-298
-64
50
195
463
685
807
965
1228
1503
1637
1594
1378
998
572
244
86
41
-54
-266
-505
-670
-716
-658
-515
-350
-321
-448
-530
-407
-135
105
255
305
204
21
-73
-37
4
-77
-234
-422
-625
-755
-777
-788
-850
-936
-979
-953
-854
-639
-366
-93
192
461
664
789
833
786
564
239
-32
-240
-420
-557
-625
-622
-631
-620
-519
-451
-401
-384
-408
-333
-103
249
554
710
1033
1526
1937
2360
2786
2936
2438
1529
952
622
131
-356
-712
-1159
-1913
-2518
-2425
-2102
-2056
-2020
-1783
-1479
-1221
-691
163
667
609
488
516
543
553
728
931
709
294
170
250
208
8
-128
-177
-317
-308
21
394
532
443
505
872
1254
1489
1569
1448
1156
820
706
760
631
310
-25
-266
-378
-399
-307
-280
-524
-812
-875
-669
-403
-304
-318
-460
-720
-845
-689
-345
-97
-84
-123
-136
-128
-87
-26
9
-146
-383
-460
-433
-458
-623
-811
-908
-982
-912
-645
-327
-81
0
21
54
54
72
86
59
13
-25
-57
-156
-336
-499
-565
-574
-467
-170
125
189
29
-14
349
882
1430
2024
2453
2492
2116
1780
1657
1400
1009
652
276
-242
-800
-1071
-1210
-1526
-1826
-1914
-1861
-1816
-1628
-1163
-768
-658
-570
-304
-27
128
369
756
993
1033
1078
1127
1016
767
628
616
525
387
327
306
234
164
292
519
515
315
222
316
497
691
879
906
672
424
340
308
217
37
-172
-402
-656
-754
-660
-573
-639
-825
-942
-972
-1005
-953
-853
-818
-823
-819
-755
-688
-640
-509
-356
-270
-207
-117
1
1
-139
-242
-248
-194
-144
-158
-202
-225
-229
-224
-190
-90
6
-27
-88
22
242
429
525
475
285
33
-93
-13
109
201
270
409
773
1212
1569
1905
2062
1814
1247
823
777
736
573
492
354
3
-395
-568
-574
-742
-985
-1088
-1232
-1474
-1548
-1277
-973
-1054
-1268
-1274
-1265
-1335
-1238
-866
-487
-279
7
403
651
783
946
1103
1126
1053
1081
1143
1096
1025
1044
1110
1045
875
770
659
466
291
183
112
49
43
123
196
266
345
372
354
278
169
70
-37
-138
-194
-214
-289
-525
-835
-1081
-1259
-1329
-1240
-1085
-971
-917
-876
-780
-580
-324
-154
-140
-235
-356
-369
-192
35
145
136
50
-117
-251
-217
-100
-6
31
53
74
19
-49
-51
3
3
-34
11
88
79
47
123
141
205
521
920
1321
1611
1670
1400
1014
1014
1247
1148
759
293
-204
-679
-1048
-1024
-879
-1036
-1274
-1426
-1452
-1378
-1135
-710
-581
-882
-1142
-1123
-894
-605
-338
-129
-151
-311
-298
-41
333
594
682
744
804
934
1160
1377
1545
1669
1768
1928
2055
1921
1592
1218
1012
909
769
668
409
-31
-402
-528
-376
-264
-338
-424
-548
-643
-546
-269
-2
-37
-304
-483
-533
-466
-306
-285
-483
-905
-1249
-1246
-1090
-910
-814
-851
-1031
-1268
-1336
-1154
-889
-685
-527
-515
-585
-680
-644
-407
-187
34
201
276
262
235
240
251
261
216
242
282
347
376
386
425
317
214
416
912
1270
1574
1848
1854
1521
1113
1178
1301
1090
733
347
-78
-455
-490
-147
-29
-470
-986
-1450
-1802
-1883
-1597
-1182
-1197
-1514
-1682
-1619
-1444
-1091
-651
-367
-343
-311
-47
297
668
1001
1168
1076
954
1024
1205
1296
1357
1527
1622
1584
1440
1389
1381
1304
1273
1188
955
613
352
243
227
234
256
168
-124
-472
-730
-748
-621
-576
-620
-720
-892
-1066
-1148
-1028
-828
-748
-767
-845
-860
-776
-656
-570
-491
-479
-510
-551
-644
-688
-684
-605
-555
-607
-704
-859
-989
-970
-763
-550
-352
-221
-163
-110
-56
177
431
620
725
751
772
785
841
915
888
701
776
1103
1587
2097
2204
1884
1196
864
1055
1218
1039
651
237
-142
-356
-339
-97
-268
-794
-1348
-1679
-1659
-1412
-1019
-866
-1215
-1792
-2024
-1887
-1595
-1365
-1246
-1269
-1458
-1438
-1015
-418
36
289
423
514
705
1113
1548
1793
1954
2194
2363
2301
2178
2090
1978
1764
1582
1410
1086
701
464
406
425
396
255
-14
-434
-721
-684
-377
-117
-128
-331
-590
-826
-905
-723
-490
-479
-739
-987
-1070
-1051
-983
-919
-860
-877
-903
-827
-699
-594
-521
-446
-417
-432
-455
-434
-384
-392
-477
-537
-475
-359
-366
-490
-489
-425
-414
-310
-105
88
82
37
190
379
577
937
1441
1867
2194
2333
2186
1657
1244
1427
1605
1346
776
214
-167
-417
-460
-202
-258
-819
-1402
-1830
-1848
-1564
-1178
-922
-1183
-1801
-2125
-1970
-1573
-1143
-925
-897
-1049
-1093
-764
-144
420
618
583
460
484
727
1103
1438
1639
1690
1860
2237
2432
2526
2435
2360
2378
2285
2233
2122
1793
1409
1114
897
723
265
-204
-574
-968
-1122
-1090
-975
-1049
-1368
-1615
-1675
-1681
-1518
-1203
-1007
-1044
-1201
-1182
-1048
-940
-763
-532
-443
-546
-653
-642
-633
-710
-760
-798
-866
-931
-918
-808
-746
-770
-780
-720
-604
-412
-227
-48
62
54
90
176
283
378
436
479
550
528
577
837
1341
2110
2416
2119
1513
1181
1500
1898
1923
1586
955
277
-22
80
515
557
-62
-868
-1578
-1823
-1515
-970
-713
-1104
-1896
-2323
-2191
-1701
-1117
-876
-1046
-1459
-1633
-1231
-506
94
292
141
1
144
591
1201
1685
1995
2064
1942
1877
1970
2208
2336
2184
1930
1669
1420
1318
1272
1212
1045
724
463
249
6
-100
-145
-231
-379
-676
-930
-1152
-1380
-1479
-1498
-1561
-1678
-1832
-1847
-1664
-1476
-1295
-1176
-1081
-926
-705
-409
-183
-143
-208
-205
-136
-64
-22
-42
-114
-319
-538
-645
-694
-717
-695
-675
-654
-642
-597
-367
-151
-2
131
194
330
521
798
1280
1787
2332
2691
2478
1889
1440
1528
1898
1904
1513
991
418
11
-39
255
439
72
-615
-1219
-1507
-1420
-1076
-804
-1035
-1716
-2318
-2446
-2151
-1719
-1470
-1507
-1807
-2022
-1748
-1059
-304
70
-3
-130
-21
359
919
1481
1894
1998
1783
1712
1912
2152
2272
2232
2153
1997
1823
1809
1850
1722
1519
1329
1159
878
477
179
-61
-280
-463
-610
-781
-1038
-1312
-1424
-1409
-1374
-1327
-1316
-1318
-1393
-1438
-1351
-1210
-1108
-1040
-941
-870
-840
-817
-657
-417
-219
-153
-190
-237
-264
-165
-41
93
49
-148
-305
-307
-165
-116
-89
-136
-187
-331
-427
-411
-354
-245
-36
444
1065
1735
1873
1506
1020
1047
1625
1997
1922
1507
1031
587
439
617
914
673
-110
-906
-1442
-1453
-1145
-824
-924
-1580
-2373
-2700
-2471
-1952
-1465
-1368
-1603
-1925
-1880
-1323
-509
79
187
7
-126
137
665
1272
1787
2037
1909
1751
1940
2366
2647
2519
2339
2218
2079
2023
2132
2182
1953
1557
1299
1198
928
596
336
100
-193
-459
-565
-664
-940
-1239
-1385
-1514
-1687
-1802
-1765
-1742
-1838
-1903
-1814
-1652
-1482
-1223
-964
-878
-973
-969
-757
-470
-235
-115
-58
-167
-341
-354
-187
-4
23
-177
-388
-478
-437
-188
42
126
29
-223
-317
-177
-6
312
771
1445
1923
1685
1092
737
948
1414
1629
1468
1080
457
16
55
487
915
717
50
-691
-1111
-968
-451
-83
-269
-1014
-1816
-2127
-1989
-1573
-1296
-1428
-1867
-2283
-2193
-1550
-794
-357
-330
-430
-307
98
687
1293
1717
1936
1952
1907
2042
2301
2565
2636
2514
2378
2194
1988
1893
1854
1799
1633
1396
1257
1014
671
423
315
263
60
-286
-593
-907
-1185
-1309
-1366
-1454
-1742
-2043
-2132
-2074
-1974
-1959
-1962
-1879
-1677
-1358
-1061
-947
-964
-946
-736
-428
-243
-189
-292
-391
-384
-247
53
174
62
-191
-411
-334
-129
96
240
85
-172
-326
-252
196
718
1284
1704
1583
1188
872
1010
1464
1693
1629
1340
839
412
324
650
1069
993
453
-262
-807
-881
-549
-176
-257
-919
-1720
-2141
-2105
-1763
-1467
-1442
-1701
-2064
-2090
-1649
-1019
-566
-520
-659
-613
-296
264
822
1161
1343
1382
1464
1645
1778
1896
1956
1991
2078
2141
2181
2146
2008
1908
1832
1742
1674
1555
1367
1058
739
562
449
276
10
-302
-618
-880
-1032
-1113
-1264
-1488
-1637
-1650
-1619
-1657
-1755
-1861
-1879
-1757
-1528
-1372
-1360
-1388
-1347
-1170
-909
-635
-504
-556
-612
-479
-157
182
379
280
-47
-347
-330
-25
239
283
79
-225
-436
-287
260
975
1494
1545
1195
717
593
876
1251
1382
1211
894
513
253
301
622
852
762
361
-131
-459
-499
-267
-122
-330
-850
-1381
-1647
-1627
-1448
-1319
-1376
-1599
-1763
-1687
-1362
-997
-820
-818
-822
-598
-99
483
908
1079
1108
1197
1424
1716
1997
2149
2152
2086
2037
2077
2148
2141
2076
1945
1746
1539
1364
1250
1098
813
528
326
167
40
-94
-212
-393
-649
-826
-923
-1028
-1161
-1288
-1395
-1487
-1602
-1630
-1612
-1622
-1601
-1633
-1631
-1572
-1438
-1243
-1103
-1053
-980
-918
-864
-702
-529
-311
-253
-300
-326
-368
-324
-185
8
143
176
157
288
487
898
1409
1640
1491
1012
704
662
708
756
794
683
435
171
107
260
258
138
-46
-169
-235
-228
-122
-48
-183
-521
-796
-939
-923
-870
-799
-797
-883
-993
-982
-786
-578
-449
-455
-387
-170
118
336
452
554
694
904
1169
1472
1644
1629
1545
1555
1685
1777
1752
1622
1453
1334
1342
1449
1479
1279
906
565
367
303
305
268
133
-124
-367
-489
-539
-617
-804
-1037
-1224
-1330
-1367
-1404
-1485
-1552
-1550
-1462
-1346
-1307
-1351
-1414
-1394
-1241
-1047
-907
-846
-856
-884
-843
-675
-459
-319
-318
-347
-330
-238
-93
50
183
292
449
625
873
1126
1316
1364
1281
1198
1083
919
711
572
518
549
591
617
543
308
40
-193
-298
-321
-303
-314
-414
-595
-759
-871
-925
-949
-988
-978
-928
-759
-535
-335
-217
-187
-197
-171
-55
117
324
475
640
758
826
868
882
931
966
1017
1089
1177
1212
1207
1159
1100
1047
981
982
961
907
789
664
581
487
357
190
35
-85
-136
-160
-167
-218
-312
-423
-542
-626
-671
-689
-738
-819
-909
-941
-922
-889
-897
-994
-1139
-1283
-1336
-1287
-1177
-1082
-1034
-1018
-980
-881
-757
-604
-472
-346
-238
-135
-1
129
248
366
520
711
905
1024
1064
1007
902
828
768
711
574
401
263
196
207
256
256
165
14
-133
-213
-288
-375
-471
-551
-579
-552
-495
-476
-541
-642
-675
-601
-429
-230
-87
-29
-33
-20
70
209
325
374
365
372
432
543
651
694
673
652
693
825
980
1040
966
777
622
572
622
698
701
626
497
387
333
321
287
215
113
59
77
136
196
203
170
95
8
-67
-117
-155
-206
-270
-345
-433
-553
-664
-755
-818
-886
-977
-1080
-1181
-1253
-1277
-1245
-1184
-1099
-1026
-970
-940
-909
-841
-721
-550
-373
-237
-164
-109
-35
88
252
432
597
698
753
772
780
785
787
760
680
547
419
346
337
380
404
377
272
119
-29
-139
-205
-244
-266
-292
-310
-332
-349
-373
-396
-399
-377
-320
-232
-122
-31
33
73
129
206
289
373
442
495
525
555
576
580
549
512
490
483
482
462
444
418
392
364
337
309
281
255
247
267
294
306
296
272
238
204
188
200
226
241
230
190
126
47
-39
-125
-213
-312
-411
-486
-531
-569
-634
-735
-844
-942
-1006
-1035
-1045
-1053
-1065
-1070
-1047
-994
-930
-859
-778
-681
-576
-467
-354
-243
-143
-51
53
171
291
406
509
595
650
685
711
741
768
779
756
693
597
504
451
444
456
434
355
228
90
-16
-76
-102
-126
-168
-234
-303
-346
-351
-314
-250
-172
-107
-63
-44
-43
-46
-28
33
127
225
285
280
223
149
98
96
123
151
155
136
103
77
62
52
46
42
53
79
114
143
155
152
148
154
175
204
230
243
251
268
305
358
408
436
425
381
326
285
266
252
218
138
14
-137
-280
-389
-463
-521
-601
-716
-850
-963
-1014
-995
-933
-871
-829
-804
-762
-674
-542
-400
-281
-201
-140
-68
26
131
217
265
282
286
297
313
333
351
372
404
432
439
413
357
302
279
296
331
351
319
239
145
70
41
39
32
-13
-95
-191
-265
-298
-296
-276
-266
-272
-285
-289
-275
-247
-211
-173
-127
-75
-19
25
54
63
64
77
103
128
128
101
58
22
15
27
32
5
-44
-84
-76
-19
64
126
156
168
201
275
380
488
571
628
668
709
753
787
816
814
780
719
627
524
412
296
179
56
-72
-203
-330
-436
-519
-584
-646
-697
-739
-752
-731
-693
-650
-609
-576
-545
-517
-490
-459
-421
-373
-323
-289
-268
-257
-249
-221
-175
-123
-84
-70
-66
-54
-17
40
88
99
74
45
42
68
103
113
100
75
62
74
92
100
84
58
39
34
36
33
26
23
30
48
57
52
43
43
67
106
145
165
160
149
142
151
170
178
168
134
92
61
52
61
72
71
59
49
52
74
107
136
166
190
213
243
270
297
321
338
366
403
437
471
483
478
473
461
453
437
398
338
262
179
102
29
-59
-168
-291
-414
-519
-606
-683
-751
-813
-864
-891
-900
-888
-864
-839
-800
-749
-679
-594
-513
-435
-360
-288
-210
-129
-56
-1
36
55
71
93
115
132
143
142
134
134
139
149
168
182
194
208
221
246
269
292
311
320
324
323
311
296
274
256
240
222
200
169
135
106
80
55
33
14
4
-4
-11
-16
-28
-42
-56
-66
-70
-70
-72
-83
-102
-121
-128
-118
-102
-94
-94
-106
-112
-101
-75
-39
-8
12
22
35
60
95
140
177
202
219
228
241
251
256
259
244
218
182
144
115
84
48
9
-33
-69
-99
-120
-134
-150
-170
-189
-200
-201
-190
-181
-177
-179
-183
-176
-159
-135
-109
-99
-98
-98
-90
-70
-46
-24
-15
-19
-23
-19
-6
12
24
22
16
8
8
15
26
35
35
28
25
33
46
59
63
57
50
49
54
59
67
64
52
40
34
32
32
29
20
5
-8
-15
-20
-22
-26
-36
-50
-60
-65
-64
-67
-73
-83
-96
-103
-105
-104
-101
-103
-109
-112
-107
-93
-75
-54
-36
-21
-1
27
60
92
124
153
173
185
204
228
249
269
273
270
269
267
267
264
252
241
221
202
185
159
132
105
75
41
7
-25
-52
-74
-91
-108
-118
-127
-141
-151
-155
-146
-137
-130
-120
-119
-117
-111
-105
-99
-94
-93
-98
-105
-108
-107
-106
-102
-101
-112
-120
-125
-123
-117
-112
-106
-104
-96
-82
-72
-64
-55
-49
-47
-37
-23
-5
16
32
39
42
41
38
35
35
42
50
58
70
76
76
70
61
52
46
47
50
57
66
72
71
62
54
44
31
23
19
19
23
25
26
24
25
22
23
28
37
47
54
59
60
63
65
69
69
68
68
69
70
68
63
54
43
32
19
10
8
2
-7
-20
-36
-48
-58
-64
-70
-76
-83
-91
-100
-103
-101
-100
-99
-97
-98
-95
-84
-74
-67
-65
-65
-67
-63
-51
-36
-27
-25
-26
-25
-20
-10
-4
-7
-14
-22
-25
-24
-20
-21
-27
-29
-31
-25
-14
-4
-1
-4
-2
3
16
30
38
45
50
57
65
72
79
80
78
72
65
61
58
52
48
36
24
14
10
7
3
-3
-10
-16
-20
-25
-29
-30
-33
-35
-36
-34
-32
-31
-28
-22
-15
-9
0
5
5
10
15
23
28
29
25
22
21
22
26
26
20
11
5
3
4
6
0
-9
-16
-17
-11
-3
2
0
-3
-3
0
7
16
22
20
15
10
12
16
22
24
22
17
11
7
7
8
6
2
-4
-10
-13
-14
-16
-19
-21
-22
-21
-22
-22
-29
-36
-40
-41
-38
-35
-36
-42
-47
-49
-44
-36
-31
-30
-32
-34
-29
-20
-9
0
5
5
4
4
10
21
32
38
37
31
24
22
28
33
30
21
8
-8
-19
-22
-16
-11
-13
-22
-31
-33
-27
-15
-4
1
3
3
10
27
47
60
66
65
60
57
63
73
79
77
65
54
45
40
41
40
32
19
6
-3
-4
-6
-9
-12
-15
-18
-21
-21
-15
-13
-13
-10
-5
0
1
3
4
10
13
13
13
11
10
10
9
6
4
-1
-5
-11
-17
-22
-25
-31
-36
-39
-40
-42
-43
-46
-49
-49
-48
-46
-46
-45
-46
-48
-44
-44
-43
-40
-38
-37
-35
-34
-30
-24
-19
-18
-14
-11
-8
-2
4
8
12
13
16
18
23
27
32
35
33
32
31
35
39
39
35
30
27
28
35
38
38
34
28
27
31
36
41
44
45
41
41
43
48
54
57
54
46
39
35
35
36
33
27
20
12
9
8
10
10
5
0
-2
-3
-3
2
3
-1
-4
-11
-15
-16
-18
-20
-28
-39
-45
-47
-49
-50
-52
-58
-65
-74
-80
-77
-78
-78
-78
-82
-86
-84
-87
-85
-79
-77
-76
-79
-78
-77
-71
-63
-56
-49
-50
-47
-41
-29
-16
-12
-8
-8
-7
5
19
28
35
35
36
41
49
55
61
64
61
58
61
67
73
75
70
66
64
64
68
68
63
57
50
46
46
48
48
43
35
28
23
25
26
22
14
7
1
1
0
-1
-5
-12
-20
-23
-21
-16
-13
-16
-23
-30
-30
-26
-19
-19
-23
-26
-27
-22
-16
-12
-13
-16
-18
-16
-11
-5
-2
-2
-5
-7
-7
-3
2
3
2
-1
0
0
2
3
2
0
-2
-1
-1
-3
-8
-9
-5
-2
-2
-4
-9
-14
-17
-18
-16
-14
-13
-13
-16
-15
-17
-13
-8
-8
-7
-10
-9
-5
-2
0
1
0
0
-1
0
2
5
7
7
8
7
7
8
10
10
10
9
7
6
5
4
5
5
5
7
10
10
8
9
8
9
11
14
16
16
18
19
19
21
20
19
18
17
17
17
19
19
20
19
17
16
20
20
20
20
20
20
19
18
16
19
18
16
14
14
12
11
11
8
6
1
-5
-7
-11
-12
-15
-19
-23
-26
-29
-30
-31
-34
-34
-36
-37
-38
-38
-38
-38
-39
-42
