8
6
-7
-1
2
-8
-4
5
-5
-8
-1
-3
0
0
0
-8
-11
-1
0
6
4
4
5
-7
-3
3
-1
5
6
6
10
3
0
9
6
-1
3
6
7
5
5
14
9
-2
1
10
3
-3
6
9
-3
-4
0
-7
-6
-4
-1
2
-1
-1
-1
1
-5
0
4
-3
-8
-1
-1
-7
-3
-11
-5
1
-13
-9
1
-4
-1
6
3
-5
-12
-12
-3
7
4
-8
-6
-15
-20
8
26
16
-9
-22
-10
2
24
34
7
-31
-44
-22
9
25
9
-9
-9
-1
42
70
49
26
15
40
83
75
22
-24
-32
16
107
162
133
62
30
82
197
293
292
205
106
68
138
251
304
269
140
8
-40
-34
-17
-55
-143
-248
-329
-385
-478
-573
-673
-754
-773
-821
-858
-871
-890
-856
-818
-770
-698
-684
-674
-621
-505
-296
-98
45
131
199
302
446
618
771
879
947
1008
1071
1119
1153
1172
1180
1152
1082
994
909
840
779
730
681
581
462
395
374
369
330
238
121
26
-20
-27
-30
-57
-109
-194
-290
-371
-433
-424
-229
218
761
1104
1078
721
192
-263
-429
-276
-78
-125
-370
-634
-857
-1073
-1244
-1387
-1657
-1992
-2072
-1788
-1441
-1309
-1372
-1637
-2141
-2604
-2664
-2353
-2000
-1688
-1296
-920
-732
-649
-452
-190
47
460
1194
1927
2272
2316
2296
2222
2177
2378
2735
2854
2615
2306
2117
1955
1779
1636
1445
1117
796
673
681
595
360
105
-120
-295
-348
-289
-251
-374
-593
-744
-790
-759
-637
-467
-370
-380
-420
-458
-504
-539
-516
-420
-317
-253
-233
-277
-422
-606
-691
-633
-571
-580
-549
-476
-509
-643
-681
-521
-157
581
1631
2329
2044
1002
22
-424
-343
187
857
994
358
-352
-554
-592
-939
-1350
-1543
-1740
-1888
-1500
-777
-684
-1464
-2347
-2843
-3133
-3130
-2489
-1616
-1285
-1365
-1168
-756
-641
-619
-167
556
1129
1694
2396
2768
2503
2168
2353
2816
3170
3476
3673
3429
2799
2285
2068
1817
1397
1087
959
793
542
335
122
-230
-568
-628
-444
-266
-222
-297
-481
-760
-973
-960
-784
-613
-527
-531
-644
-835
-953
-886
-695
-490
-301
-154
-151
-317
-501
-587
-611
-629
-597
-557
-663
-895
-1004
-897
-813
-900
-942
-734
-295
503
1801
2939
2815
1456
148
-239
59
702
1558
1908
990
-474
-1010
-630
-499
-827
-1048
-1328
-1965
-2173
-1370
-673
-1233
-2389
-3024
-3313
-3628
-3377
-2400
-1779
-1995
-2042
-1322
-665
-594
-427
250
923
1382
2085
2917
3103
2610
2378
2900
3644
4058
4163
4023
3471
2666
2238
2333
2291
1713
1095
899
781
403
100
52
-197
-746
-909
-442
-89
-324
-671
-752
-874
-1106
-967
-464
-299
-689
-1050
-1040
-941
-914
-720
-344
-176
-302
-378
-326
-438
-733
-847
-653
-458
-469
-617
-873
-1269
-1600
-1536
-1122
-798
-769
-744
-281
832
2203
2847
2110
564
-498
-444
391
1471
2164
1675
101
-1158
-1093
-397
-149
-359
-789
-1629
-2435
-2151
-1029
-655
-1533
-2607
-3237
-3685
-3715
-2833
-1757
-1608
-1950
-1623
-813
-446
-392
56
759
1277
1913
2893
3476
3091
2441
2465
3056
3636
4093
4372
4038
3049
2193
2045
2098
1718
1201
982
786
366
113
196
26
-619
-1033
-780
-415
-398
-419
-355
-622
-1176
-1324
-890
-523
-570
-706
-752
-915
-1103
-913
-404
-112
-219
-373
-384
-459
-620
-575
-281
-90
-192
-387
-570
-880
-1224
-1242
-899
-606
-597
-625
-376
365
1643
2791
2691
1253
-230
-654
-134
803
1797
2037
768
-1098
-1787
-1142
-499
-486
-802
-1558
-2750
-3210
-2185
-980
-1130
-2224
-3162
-3881
-4374
-3865
-2411
-1492
-1696
-1860
-1302
-765
-610
-157
757
1434
1848
2619
3473
3520
2936
2743
3193
3738
4167
4583
4623
3896
2911
2484
2482
2191
1614
1303
1209
832
298
70
-78
-614
-1144
-971
-384
-203
-466
-689
-937
-1439
-1704
-1189
-377
-138
-469
-824
-1075
-1294
-1161
-486
198
293
-24
-254
-375
-516
-449
1
449
385
-141
-721
-1188
-1527
-1477
-929
-345
-306
-734
-959
-452
757
2014
2365
1421
-86
-973
-727
291
1367
1706
808
-796
-1781
-1538
-735
-247
-395
-1223
-2439
-3110
-2522
-1371
-977
-1627
-2718
-3806
-4507
-4195
-2874
-1656
-1352
-1458
-1344
-1165
-998
-360
782
1732
2239
2740
3231
3205
2837
2922
3555
4122
4404
4616
4543
3827
2924
2554
2517
2176
1666
1486
1410
925
259
-98
-324
-720
-878
-425
95
-8
-533
-904
-1098
-1244
-1024
-336
174
-35
-628
-1010
-1101
-1000
-563
120
492
237
-262
-555
-632
-580
-288
196
461
205
-435
-1130
-1638
-1758
-1393
-790
-471
-715
-1230
-1389
-715
616
1701
1606
378
-992
-1573
-1114
75
1224
1300
10
-1573
-2125
-1538
-618
4
-32
-1011
-2421
-2952
-2103
-942
-621
-1133
-2076
-3248
-4012
-3511
-2061
-1003
-838
-932
-955
-1102
-1019
-107
1224
2030
2281
2531
2675
2424
2322
2989
3943
4361
4294
4116
3661
2929
2620
3051
3430
3079
2379
1814
1225
588
382
655
718
313
-22
-75
-284
-736
-944
-798
-737
-858
-838
-736
-958
-1426
-1637
-1481
-1256
-1025
-684
-463
-678
-1115
-1284
-1089
-763
-404
-26
131
-129
-582
-918
-1115
-1208
-1027
-579
-307
-557
-1101
-1471
-1397
-713
565
1756
1806
561
-925
-1577
-1185
-62
1242
1775
835
-888
-1857
-1488
-475
429
829
267
-1204
-2400
-2241
-1171
-359
-231
-706
-1826
-3148
-3551
-2631
-1326
-548
-291
-421
-1016
-1575
-1219
39
1270
1975
2282
2127
1475
1030
1522
2607
3399
3643
3476
2850
2030
1807
2456
3190
3253
2731
1995
1196
686
896
1553
1836
1440
794
248
-165
-274
57
442
353
-131
-597
-913
-1122
-1120
-898
-759
-899
-1106
-1174
-1186
-1239
-1244
-1175
-1147
-1144
-1020
-793
-658
-691
-823
-1004
-1173
-1200
-1022
-770
-640
-723
-1003
-1353
-1536
-1384
-903
-207
477
734
292
-559
-1190
-1230
-721
158
974
1020
105
-970
-1297
-827
-12
813
1176
500
-872
-1694
-1322
-347
477
859
460
-861
-2223
-2392
-1337
-69
733
909
298
-840
-1445
-772
660
1855
2362
2105
1155
114
-98
740
1931
2723
2820
2230
1264
590
715
1490
2321
2693
2439
1727
1023
766
1027
1509
1817
1709
1209
635
353
414
577
579
293
-250
-807
-1024
-822
-498
-409
-675
-1188
-1725
-1982
-1789
-1350
-1052
-1084
-1349
-1672
-1883
-1811
-1459
-1090
-931
-961
-1076
-1232
-1312
-1162
-856
-621
-569
-684
-933
-1170
-1185
-943
-595
-291
-118
-120
-225
-261
-168
-42
73
195
300
345
371
427
453
398
373
481
652
781
869
927
912
869
906
993
968
774
510
280
156
203
409
595
578
359
82
-120
-166
-43
155
244
121
-146
-404
-516
-419
-161
89
156
0
-238
-353
-202
214
708
1010
948
606
267
218
565
1172
1707
1817
1417
739
186
77
453
1081
1533
1473
899
136
-398
-457
-97
369
546
249
-373
-975
-1266
-1173
-859
-593
-587
-857
-1223
-1486
-1547
-1427
-1229
-1070
-1029
-1107
-1238
-1346
-1370
-1293
-1135
-963
-862
-859
-916
-961
-936
-826
-661
-479
-320
-198
-107
-56
-51
-76
-78
6
202
453
669
782
764
679
652
762
980
1200
1327
1327
1235
1134
1097
1127
1177
1191
1155
1072
937
748
523
312
168
118
127
110
-31
-303
-605
-801
-810
-654
-461
-367
-417
-542
-621
-572
-410
-201
-15
133
266
392
479
468
356
228
203
356
647
915
994
838
565
362
361
553
780
865
738
463
182
20
0
53
86
43
-71
-227
-404
-579
-724
-802
-791
-722
-685
-769
-987
-1248
-1410
-1377
-1187
-985
-918
-1042
-1250
-1394
-1367
-1176
-939
-786
-775
-852
-905
-854
-694
-482
-286
-142
-45
46
165
310
460
593
703
794
865
929
999
1069
1124
1153
1161
1165
1178
1216
1263
1264
1180
1011
820
681
638
669
685
585
340
26
-231
-326
-244
-81
22
-26
-209
-419
-537
-508
-365
-191
-64
-17
-26
-49
-66
-83
-99
-94
-36
83
208
276
225
69
-95
-153
-66
108
247
250
108
-94
-243
-264
-184
-78
-21
-44
-134
-255
-360
-416
-401
-310
-186
-105
-141
-301
-502
-616
-561
-371
-181
-137
-280
-526
-716
-735
-590
-398
-289
-332
-486
-646
-716
-667
-533
-381
-267
-213
-212
-231
-230
-169
-39
142
317
435
477
469
467
511
602
705
776
798
788
774
759
728
659
567
491
471
507
547
525
404
224
69
14
83
215
310
299
188
45
-54
-67
0
104
190
225
202
129
25
-64
-100
-59
45
148
181
105
-61
-229
-302
-239
-83
61
84
-44
-265
-451
-515
-442
-311
-225
-257
-398
-575
-704
-743
-696
-600
-502
-451
-467
-543
-634
-677
-612
-434
-222
-83
-85
-195
-304
-295
-128
124
329
387
303
164
80
114
250
408
503
501
412
290
196
172
223
322
412
435
372
249
133
90
142
250
341
353
279
163
78
58
95
145
175
168
131
88
47
8
-26
-42
-18
37
101
139
126
67
0
-23
16
97
178
215
185
95
-10
-81
-88
-41
25
60
29
-68
-187
-272
-286
-223
-120
-34
-19
-88
-194
-276
-292
-227
-119
-41
-34
-106
-208
-283
-305
-279
-242
-231
-253
-281
-293
-297
-315
-370
-438
-473
-429
-302
-163
-96
-147
-275
-373
-341
-155
107
313
360
249
75
-22
46
266
522
675
640
449
232
121
193
398
601
665
547
314
110
56
172
364
486
450
275
71
-33
15
166
300
324
228
81
-17
-13
67
145
157
87
-21
-96
-102
-52
-4
-14
-90
-192
-261
-261
-190
-107
-72
-123
-236
-340
-380
-326
-209
-106
-93
-183
-327
-436
-442
-337
-184
-76
-76
-179
-313
-380
-336
-199
-45
44
25
-71
-170
-202
-145
-24
87
135
102
17
-68
-114
-109
-66
-16
7
-12
-73
-152
-216
-232
-188
-101
-15
37
40
6
-18
-1
73
186
296
362
369
334
295
287
333
410
483
515
483
404
323
291
324
399
464
459
369
236
121
83
134
228
291
269
156
12
-90
-100
-32
53
86
32
-79
-193
-248
-226
-164
-117
-127
-193
-277
-337
-341
-298
-246
-225
-255
-316
-369
-394
-382
-338
-300
-288
-306
-342
-366
-366
-322
-255
-198
-166
-167
-183
-191
-173
-127
-69
-21
3
8
10
16
37
63
85
107
127
147
163
160
139
104
75
71
90
124
142
127
83
35
17
41
89
135
154
139
112
97
107
140
169
183
175
159
159
179
211
235
225
190
154
147
186
252
297
284
209
112
46
41
104
180
214
174
71
-41
-108
-96
-29
35
46
-6
-102
-188
-226
-208
-163
-130
-140
-184
-233
-260
-256
-232
-209
-205
-221
-231
-224
-203
-182
-175
-189
-216
-227
-204
-159
-113
-89
-99
-128
-148
-137
-87
-25
20
31
14
-15
-26
0
57
118
151
141
97
50
36
71
135
190
188
123
28
-43
-52
1
75
109
70
-28
-130
-175
-145
-60
19
42
-3
-77
-129
-118
-48
47
112
122
89
61
74
133
213
276
296
283
276
303
362
416
427
384
320
278
292
356
411
407
327
200
85
36
72
146
186
148
29
-119
-227
-252
-197
-110
-63
-100
-204
-324
-399
-387
-314
-236
-203
-238
-315
-387
-414
-380
-314
-257
-239
-267
-313
-339
-324
-265
-202
-156
-142
-153
-162
-151
-116
-66
-22
4
9
8
11
30
56
75
79
76
73
81
90
93
83
54
26
15
29
53
70
64
31
-9
-26
-8
43
101
133
125
96
70
74
121
189
244
265
245
212
199
220
272
325
346
328
290
267
273
299
321
310
265
203
158
150
168
177
153
88
8
-53
-70
-55
-39
-55
-113
-186
-241
-254
-227
-196
-198
-245
-315
-367
-373
-335
-281
-259
-287
-348
-401
-412
-374
-303
-241
-218
-240
-283
-314
-308
-256
-175
-98
-56
-55
-88
-124
-127
-84
-7
72
118
118
81
39
28
61
125
187
219
214
179
144
128
140
166
192
208
205
190
166
141
122
111
111
122
136
143
136
110
79
58
58
82
113
130
124
100
77
72
97
136
170
180
164
140
133
151
188
220
225
197
150
114
103
113
128
124
91
34
-22
-61
-78
-81
-94
-119
-157
-201
-236
-249
-250
-250
-256
-278
-301
-315
-313
-293
-272
-261
-265
-279
-289
-288
-270
-238
-208
-191
-193
-210
-228
-231
-204
-158
-108
-74
-68
-84
-98
-90
-44
22
88
130
139
117
100
114
167
245
302
320
301
257
228
225
243
279
301
305
282
222
166
124
111
123
143
158
152
124
89
61
59
85
124
151
138
85
29
4
25
86
147
169
139
87
63
95
172
259
298
273
201
124
100
135
200
246
229
154
68
4
-15
-17
-31
-75
-147
-236
-326
-396
-459
-509
-527
-507
-434
-366
-392
-533
-793
-1059
-1200
-1160
-924
-594
-259
-14
70
8
-153
-352
-526
-627
-616
-472
-218
80
333
450
383
164
-103
-295
-306
-115
218
561
781
801
631
360
113
-19
-7
110
262
394
485
541
574
577
529
415
249
78
-38
-54
40
198
353
441
431
333
187
47
-48
-77
-51
-4
29
38
38
57
119
211
273
256
181
97
46
56
106
152
158
145
137
157
208
254
249
158
0
-160
-240
-198
-60
99
175
111
-81
-320
-502
-562
-492
-346
-204
-136
-175
-291
-427
-514
-529
-494
-449
-418
-398
-365
-301
-240
-236
-310
-446
-590
-677
-655
-514
-293
-52
132
186
81
-143
-393
-566
-581
-407
-79
306
626
762
670
400
61
-205
-291
-169
127
499
840
1039
1031
831
508
180
-37
-86
40
285
557
761
827
736
503
202
-70
-226
-228
-91
115
294
375
328
180
-2
-144
-207
-196
-131
-40
59
143
198
209
166
92
23
-12
1
50
101
120
94
41
-5
-35
-47
-48
-62
-88
-111
-128
-137
-154
-207
-301
-413
-501
-526
-468
-351
-232
-161
-181
-301
-459
-589
-632
-554
-376
-159
-4
43
-9
-144
-297
-396
-398
-322
-204
-63
37
65
51
-3
-82
-136
-143
-108
-37
46
114
146
139
106
51
17
23
73
174
292
386
444
439
387
327
282
279
315
361
394
412
391
332
288
253
220
210
226
219
174
125
76
27
14
64
118
142
136
104
32
-50
-68
-6
42
71
147
173
81
-5
10
-29
-110
-56
20
-8
-10
71
55
-47
-96
-125
-251
-331
-267
-210
-212
-206
-169
-192
-255
-309
-329
-346
-370
-379
-325
-350
-370
-217
-201
-270
-222
-169
-237
-316
-276
-106
-180
-163
114
30
-79
-51
3
-67
-193
22
305
82
96
312
92
153
104
133
351
151
99
308
182
206
275
173
544
174
-74
554
224
-209
425
461
-133
103
302
97
40
224
76
-88
205
77
-142
84
196
-100
-117
51
32
-202
-121
270
56
-113
98
49
-157
-158
27
289
-110
-270
283
0
-375
9
254
-37
-19
280
-180
-457
42
-302
-451
362
76
-283
197
-46
-620
-235
-71
-395
-208
81
-129
-446
-134
-20
-106
-73
-33
-228
-375
-186
0
-95
-21
344
98
-223
71
11
-235
120
-71
-36
185
82
43
-63
103
-71
-186
121
123
52
-25
-63
273
230
-54
198
339
58
43
221
150
316
409
68
130
263
57
366
166
-312
350
264
76
235
-45
133
-88
-259
73
132
7
-186
45
53
-160
57
-119
-175
29
7
-393
29
181
-55
-191
-197
57
64
346
-528
-376
122
-268
-152
668
121
-368
157
-407
-371
-95
344
-209
-199
373
-2
-134
-205
-94
-350
-136
389
-251
-46
380
-455
-61
126
-67
48
-229
-76
171
237
-143
-110
486
-718
16
729
-787
256
726
-213
-241
214
-27
-190
393
289
-535
-92
700
-389
-48
893
-130
-248
32
-163
78
31
-42
626
-29
14
8
-126
-71
-397
525
456
-399
-140
378
34
-538
57
551
-277
-615
569
361
-892
410
270
-597
273
131
-512
266
202
-674
310
429
-695
230
393
-466
-337
345
365
-390
-271
265
-418
628
263
-1066
191
274
-117
169
275
-141
-573
101
110
-338
661
220
-712
19
503
-267
-199
116
247
-461
-247
869
42
-699
548
418
-1438
223
1176
-553
-349
480
-46
-322
570
136
-826
294
328
-823
301
1289
-709
-456
548
-314
222
-158
11
126
-139
-80
310
329
240
-466
-744
815
-157
-385
723
433
-738
-270
500
-215
-367
290
767
-307
-331
-65
-218
82
-161
11
689
-58
-337
30
-111
-38
-617
38
753
103
21
-226
-281
-288
-336
921
-35
-474
490
-271
-222
-130
346
-169
-141
514
-332
356
-167
-871
397
250
-85
416
-147
-170
79
-204
-61
-104
-44
349
222
-158
129
-167
-289
151
84
-146
294
-129
-285
567
141
-390
144
-62
-216
454
-225
-186
377
-96
51
-159
540
10
-951
702
-232
-184
1206
-331
-546
191
-591
5
687
-6
-26
376
-165
-398
-119
1
150
187
-289
226
519
-405
-708
449
398
-578
112
620
-464
-301
289
-555
47
785
149
-728
-72
360
-184
-434
431
-160
-111
515
-419
-58
-6
3
701
-1169
-425
1533
-424
-673
368
394
-384
-32
-43
171
116
-143
-494
396
245
-295
662
-455
-177
232
-217
-269
67
311
483
54
-448
-319
131
-103
-76
610
-106
29
370
-592
-528
342
410
-662
793
778
-944
-249
207
-390
-230
979
-3
-384
271
9
-286
37
97
-71
-257
504
103
-838
1003
-130
-806
816
-127
-552
404
274
-364
-274
119
487
81
-262
86
-306
-40
515
-669
-360
1020
-67
-113
257
-294
-437
-163
432
-122
-171
684
321
-753
-368
566
-427
-728
746
864
-413
-418
415
-417
-635
613
201
-471
691
-86
-250
152
-632
13
727
-89
-741
547
499
-696
-207
668
13
-694
248
275
-155
-42
-53
75
271
-407
99
446
-494
-158
225
158
-74
134
-214
151
-176
-59
373
139
-206
-354
106
259
-46
-151
415
-140
218
-94
-643
478
123
-251
319
17
-189
150
87
-195
316
-142
-595
582
169
-451
258
254
-87
-437
127
450
-845
225
974
-730
-269
848
-968
-255
1250
-695
-75
568
-232
-596
-313
799
-99
-589
1353
-509
-1079
720
-266
-51
-126
623
70
-519
269
-217
-357
223
107
59
-16
29
180
-305
-25
30
-193
209
330
-416
-76
384
-245
-84
237
73
-94
-546
582
216
-358
-61
221
-25
-222
322
-52
-533
662
291
-815
357
311
-141
-697
589
547
-1155
579
638
-502
134
85
-496
-357
1210
-560
-710
1575
-392
-989
892
22
-1003
330
1108
-363
-964
606
457
-740
-373
1307
-212
-902
794
-374
-415
530
-10
-7
-110
236
51
-979
755
546
-1098
500
10
-487
552
-74
-195
-135
322
-174
-429
603
-61
-336
210
-313
-67
576
-327
-326
607
-291
-334
411
-44
-64
-84
36
120
-148
166
82
-216
57
12
-26
-53
623
-297
-892
684
222
-580
519
895
-1177
-615
1368
-632
-676
1157
62
-556
140
351
-503
-141
611
-544
77
868
-237
-612
96
408
-178
-618
418
776
-417
-221
180
-289
-257
604
76
-527
143
438
-190
-609
839
-121
-1058
1173
-157
-995
1136
146
-825
152
112
55
-96
-50
486
-627
-14
495
-471
111
455
-644
-254
424
116
24
-258
177
-96
-378
-150
501
180
-253
-12
-39
-80
42
85
-266
329
-215
-134
441
128
-38
-417
18
4
303
117
-258
347
-22
-389
143
172
-123
64
272
-371
-294
578
14
-178
7
50
-39
-243
93
71
275
-279
119
13
-292
711
-258
-546
321
-89
-11
164
243
388
-570
-251
144
-381
477
236
-49
-117
-164
217
-255
67
108
-262
27
263
-125
-198
550
-179
-831
513
82
-121
313
118
-427
51
-181
-376
926
-122
-541
915
-368
-970
858
-20
-738
689
378
-425
-163
12
15
70
-128
-113
574
-742
82
739
-585
53
-138
212
215
-795
602
90
-541
712
-143
-43
-66
-128
78
30
18
12
259
12
-70
97
-334
-3
295
-184
-82
514
5
-620
387
-33
-223
200
-106
-32
290
-151
-134
122
-72
77
-1
-400
236
476
-738
267
715
-914
-38
775
-652
-341
929
-215
-553
654
137
-880
349
316
-553
348
270
-213
-93
69
-112
-109
41
283
-178
-100
240
67
-128
-529
498
245
-801
470
257
-212
144
-226
130
-237
-269
421
-64
128
187
-162
1
-308
-160
316
-56
-164
557
-242
42
185
-790
141
618
-454
25
586
-556
47
221
-299
140
169
33
-314
-94
323
-96
108
357
-426
19
199
-532
64
447
118
-252
116
115
-157
-1
-310
146
403
-234
-305
428
-59
-391
743
-130
-692
200
159
139
-221
-60
671
-430
-561
538
59
-203
-81
476
-53
-754
289
237
-58
87
51
12
-290
-31
342
-238
-308
362
234
-255
67
-29
-97
42
-260
330
-31
-211
390
-351
183
156
-503
139
398
-627
19
706
-568
126
410
-271
-468
174
345
-316
94
129
-36
-165
29
119
-142
77
291
-294
-261
381
-332
-28
495
-237
121
419
-585
-62
235
-480
165
233
104
271
-66
-82
-244
-65
181
-139
15
59
195
194
-90
13
-266
18
52
-554
535
476
-368
165
184
-224
-326
22
-161
153
599
-258
-116
415
-536
-405
558
-29
-337
242
278
-215
-170
65
-39
-78
-75
98
-34
-29
-30
-87
167
8
-111
69
-222
-22
167
26
-135
-9
277
-254
-22
263
-200
-36
137
-4
-264
56
337
-158
-42
230
-197
-176
102
-171
61
194
-84
65
83
-203
-177
130
76
-113
-16
153
-3
-109
150
-91
32
60
-145
190
102
-13
87
104
-93
-116
185
121
-68
122
160
-112
-117
255
-44
-210
190
13
-7
101
41
-120
-88
50
-113
-25
115
48
8
-93
-3
5
-190
74
56
-140
26
86
80
-54
-34
-81
-231
151
52
-145
252
-111
-209
146
-50
-213
68
227
-286
-88
253
-225
-72
172
-13
-175
-107
183
-45
-144
200
36
-236
-66
229
83
-315
-41
247
-56
-46
232
-96
-190
61
-76
172
163
-87
1
174
-239
-24
356
-238
22
194
-133
2
317
-96
-183
153
-24
-30
178
69
-90
162
-85
-288
250
233
-267
293
114
-429
128
64
-78
110
159
-131
-132
246
-110
-100
149
-210
27
219
-187
24
116
-247
-8
202
-191
-170
316
-46
-278
185
103
-323
-40
177
-139
-50
150
-57
-76
89
-153
-158
124
65
-163
5
190
-115
-173
25
95
-79
-73
110
-41
-59
72
85
-12
-122
4
83
-51
-85
91
127
-36
-29
92
30
-78
0
15
31
112
-14
6
67
-91
38
33
36
-22
-13
149
-64
-33
58
67
-42
-86
152
-13
-62
33
-18
118
-73
-112
210
21
-280
82
261
-201
-81
226
-140
-117
146
3
-89
80
0
-125
92
47
-151
-2
139
-89
-108
90
84
-118
-99
108
8
-82
19
79
-3
-169
23
99
-50
35
4
-100
27
-7
-46
15
68
-35
-30
99
-135
-36
137
-56
-53
-7
43
73
-3
-38
-35
27
-91
-33
216
18
-133
59
42
-110
-40
119
-12
-10
53
2
25
-52
-32
-8
17
75
-46
41
97
-96
-104
56
38
-88
38
175
-83
-99
160
-38
-112
107
-17
-84
105
36
-30
39
8
-71
-36
40
22
-40
8
116
-57
-61
56
-34
-53
25
46
-50
-18
67
-48
-22
53
-53
-34
-10
31
88
-29
-73
12
-20
-26
47
22
-24
4
-32
-71
31
85
-55
3
45
-63
-22
17
44
-45
5
19
-1
0
-9
23
-57
7
-1
-16
71
-5
-40
18
5
-8
-45
39
29
-75
37
53
-41
16
25
-61
-16
29
-12
34
59
-30
-32
15
5
-6
5
13
27
11
-21
-14
41
4
-33
38
4
-30
26
35
-38
10
30
-36
5
-20
40
23
-66
17
49
-31
-47
58
2
-75
87
-2
-82
74
-38
-76
71
16
-39
27
-12
-39
-13
35
7
-57
23
25
-34
15
-8
-5
-31
-6
49
-15
-8
13
6
2
-3
-14
-6
-7
16
33
7
-17
20
-14
-64
13
44
-12
24
64
-48
-43
3
-43
-15
29
32
12
-1
3
-15
-33
0
-19
-10
55
67
-70
-65
116
-37
-127
50
44
-34
6
65
-8
-28
19
-16
-26
3
25
19
40
4
-11
-16
-27
18
-10
20
38
-12
42
-40
10
59
-118
58
103
-92
-32
91
-6
-73
54
43
-68
15
51
-86
37
73
-75
-26
25
31
-45
-37
56
-17
-72
37
39
-68
20
2
-32
15
7
-35
-50
37
-1
-37
17
22
-19
-44
25
22
-66
22
57
-72
-11
90
-27
-71
17
16
-30
11
44
-3
-2
32
-18
-37
34
20
-27
33
48
-27
-13
12
-4
9
-16
-10
40
9
-7
7
5
-4
-21
13
34
-11
-13
20
29
5
-25
3
13
-6
-7
20
19
-6
-4
18
-4
-26
6
22
-6
8
17
-21
1
6
-16
-12
10
3
-7
22
7
-44
-32
22
-1
-24
5
12
-11
5
-5
-39
-1
3
-33
1
29
-26
-25
4
-12
-29
0
4
-25
13
4
-16
9
1
-10
-6
-6
-2
15
17
-3
11
0
-31
4
41
-12
-9
49
-10
-21
32
15
-7
-14
16
15
-1
26
-5
-3
10
-10
16
20
3
6
-5
-1
16
8
19
11
-19
-5
19
9
7
9
-5
-2
7
