-1
1
1
3
3
-4
-11
-19
-20
-16
-10
0
7
15
16
13
6
0
-6
-10
-7
-1
4
7
7
3
0
1
1
4
10
16
19
25
23
9
-20
-43
-51
-44
-30
-13
2
16
23
16
1
-18
-30
-26
-11
12
30
23
-4
-33
-48
-44
-21
2
22
38
40
33
20
5
-4
0
5
13
17
15
11
-1
1
10
23
27
20
15
6
12
18
24
31
26
19
3
-5
-11
-5
5
9
13
0
-15
-29
-37
-31
-22
-9
-8
-16
-30
-39
-35
-30
-21
-18
-18
-20
-19
-19
-19
-14
-11
-6
-6
-6
-8
-9
0
1
1
1
-1
-5
8
18
31
52
35
29
10
8
47
81
111
114
91
71
54
34
43
55
69
115
123
137
140
134
159
134
95
41
4
-13
13
56
112
166
194
228
203
190
193
203
276
336
403
451
444
426
367
270
179
118
54
15
-43
-123
-187
-308
-444
-588
-718
-807
-900
-1059
-1231
-1382
-1549
-1641
-1755
-1806
-1716
-1652
-1540
-1460
-1390
-1196
-973
-720
-484
-283
-90
126
388
714
1033
1329
1556
1698
1781
1804
1824
1823
1822
1784
1721
1642
1538
1457
1363
1304
1216
1087
877
573
234
-127
-398
-579
-629
-574
-500
-403
-379
-400
-464
-559
-611
-627
-600
-560
-541
-537
-520
-461
-346
-109
157
463
792
1008
1281
1415
1446
1406
1203
953
702
372
114
-61
-249
-271
-272
-296
-268
-445
-708
-942
-1253
-1513
-1843
-2349
-2829
-3318
-3770
-3926
-3930
-3697
-3317
-3012
-2625
-2218
-1842
-1458
-1171
-961
-721
-524
-226
291
917
1714
2489
3151
3770
4197
4467
4626
4607
4503
4321
4054
3866
3765
3694
3646
3454
3126
2669
2069
1424
764
100
-551
-1161
-1706
-2034
-2180
-2182
-2085
-2025
-2012
-2119
-2338
-2587
-2804
-2969
-3065
-3070
-2979
-2714
-2324
-1780
-1083
-446
88
431
585
641
586
485
404
329
202
104
86
203
505
878
1325
1827
2182
2317
2261
2026
1739
1387
917
470
138
-166
-312
-355
-270
-47
18
-66
-164
-332
-486
-725
-1187
-1681
-2292
-3022
-3575
-3917
-3961
-3728
-3518
-3201
-2761
-2276
-1680
-1139
-683
-269
-119
-57
91
315
818
1362
1844
2444
2976
3483
4031
4395
4700
4803
4513
4104
3591
3049
2665
2238
1876
1651
1329
1082
891
661
526
248
-190
-624
-1128
-1534
-1822
-2078
-2189
-2270
-2374
-2340
-2266
-2085
-1822
-1656
-1499
-1341
-1243
-1059
-851
-659
-438
-331
-269
-175
-48
53
185
263
339
414
506
647
953
1249
1428
1587
1589
1550
1465
1192
883
605
133
-227
-535
-774
-765
-824
-940
-874
-929
-949
-1017
-1374
-1740
-2298
-3058
-3646
-4143
-4448
-4494
-4557
-4340
-3861
-3255
-2390
-1532
-714
57
492
842
1177
1465
1864
2163
2422
2844
3233
3788
4427
4991
5557
5837
5814
5672
5296
4852
4369
3677
3029
2348
1647
1168
727
401
229
-91
-362
-650
-1027
-1254
-1551
-1909
-2209
-2619
-2963
-3169
-3374
-3343
-3201
-3067
-2767
-2503
-2129
-1637
-1280
-928
-678
-604
-482
-490
-489
-366
-304
-195
-24
165
546
1070
1442
1921
2168
2250
2259
2003
1692
1392
871
360
-100
-613
-808
-912
-990
-827
-786
-807
-773
-1038
-1273
-1637
-2251
-2859
-3534
-4213
-4595
-4911
-4968
-4666
-4280
-3539
-2681
-1835
-819
-6
691
1356
1781
2194
2496
2630
2843
3071
3340
3798
4212
4664
5084
5312
5514
5616
5577
5437
5043
4452
3739
2902
2090
1349
679
108
-420
-880
-1181
-1380
-1453
-1465
-1515
-1614
-1787
-2069
-2335
-2601
-2877
-3068
-3256
-3335
-3280
-3149
-2868
-2500
-2123
-1662
-1233
-802
-362
-65
155
270
264
284
358
493
797
1007
1267
1471
1639
1816
1933
1952
1891
1664
1310
948
555
251
-31
-320
-588
-818
-1029
-1166
-1333
-1543
-1882
-2341
-2870
-3347
-3753
-4054
-4294
-4485
-4573
-4514
-4233
-3746
-3106
-2396
-1720
-1030
-334
414
1185
1883
2470
2920
3287
3642
4018
4394
4739
4968
5108
5197
5288
5386
5424
5326
5065
4650
4172
3666
3127
2549
1866
1109
346
-352
-891
-1294
-1618
-1883
-2162
-2391
-2541
-2634
-2669
-2715
-2831
-2968
-3131
-3224
-3217
-3141
-3008
-2880
-2725
-2525
-2202
-1811
-1323
-840
-388
11
422
806
1261
1646
1926
2133
2168
2195
2170
2108
2011
1838
1516
1232
895
636
453
220
-10
-238
-507
-687
-876
-1143
-1462
-1959
-2539
-3085
-3623
-4061
-4420
-4780
-4988
-5046
-4881
-4419
-3805
-3109
-2379
-1742
-1064
-358
359
1077
1689
2154
2552
2899
3312
3789
4264
4685
4985
5189
5334
5479
5604
5650
5562
5297
4862
4370
3817
3258
2679
1999
1285
558
-140
-686
-1152
-1540
-1847
-2172
-2414
-2577
-2688
-2705
-2739
-2795
-2853
-2940
-2974
-2961
-2941
-2863
-2810
-2707
-2530
-2304
-1953
-1555
-1133
-629
-125
404
1000
1475
1929
2269
2469
2630
2683
2594
2460
2149
1776
1443
1066
790
527
217
-74
-373
-662
-851
-1094
-1357
-1732
-2246
-2784
-3345
-3845
-4255
-4656
-4979
-5214
-5324
-5175
-4840
-4315
-3659
-2996
-2251
-1483
-697
154
921
1625
2255
2745
3234
3679
4056
4455
4712
4924
5119
5228
5384
5503
5509
5492
5319
5075
4807
4406
3970
3428
2758
2081
1359
664
46
-572
-1123
-1606
-2034
-2312
-2521
-2647
-2719
-2799
-2833
-2823
-2801
-2732
-2705
-2737
-2774
-2844
-2824
-2747
-2591
-2370
-2103
-1768
-1293
-759
-88
543
1102
1575
1898
2144
2328
2375
2327
2108
1750
1416
1023
743
513
240
-3
-242
-483
-590
-730
-879
-1115
-1527
-1955
-2407
-2867
-3235
-3656
-4090
-4444
-4729
-4764
-4598
-4285
-3813
-3316
-2748
-2043
-1298
-483
303
973
1567
2066
2554
3043
3465
3866
4150
4326
4518
4668
4827
4980
4994
4961
4817
4636
4510
4293
4048
3717
3192
2680
2128
1545
1045
440
-160
-722
-1281
-1653
-1932
-2175
-2309
-2513
-2670
-2729
-2795
-2770
-2749
-2783
-2797
-2817
-2783
-2634
-2477
-2242
-1993
-1726
-1383
-936
-448
102
618
1064
1460
1778
2024
2206
2236
2118
1907
1553
1236
922
608
344
59
-208
-362
-540
-631
-777
-1063
-1369
-1814
-2286
-2688
-3172
-3586
-3962
-4336
-4482
-4530
-4403
-4075
-3757
-3303
-2751
-2221
-1529
-880
-287
333
816
1309
1815
2201
2633
2982
3250
3598
3874
4161
4457
4597
4731
4798
4771
4782
4679
4478
4239
3856
3492
3110
2655
2234
1723
1153
660
154
-274
-623
-1003
-1300
-1606
-1886
-2052
-2204
-2324
-2381
-2493
-2557
-2580
-2574
-2472
-2365
-2251
-2087
-1929
-1725
-1387
-1021
-612
-192
174
527
857
1112
1355
1429
1331
1213
959
700
486
177
-104
-422
-763
-906
-1064
-1160
-1182
-1371
-1518
-1679
-1905
-2007
-2263
-2595
-2877
-3306
-3569
-3686
-3767
-3623
-3478
-3241
-2773
-2300
-1633
-865
-236
435
986
1464
2001
2396
2772
3101
3234
3391
3543
3645
3836
3942
4002
4058
4026
4033
4064
3980
3894
3698
3376
3077
2697
2301
1921
1427
966
538
109
-173
-454
-726
-928
-1173
-1349
-1462
-1637
-1763
-1926
-2126
-2233
-2330
-2355
-2317
-2302
-2212
-2042
-1855
-1539
-1208
-916
-609
-362
-127
126
308
461
540
472
427
326
190
102
-79
-285
-460
-705
-831
-949
-1102
-1187
-1381
-1559
-1663
-1828
-1892
-1982
-2166
-2265
-2432
-2527
-2491
-2514
-2425
-2327
-2263
-1994
-1686
-1279
-730
-297
191
695
1130
1705
2193
2582
2943
3093
3219
3371
3417
3516
3527
3433
3399
3319
3297
3343
3282
3212
3087
2855
2678
2440
2155
1859
1451
1040
657
266
-42
-345
-657
-915
-1190
-1390
-1531
-1676
-1785
-1919
-2054
-2142
-2198
-2191
-2141
-2100
-1987
-1853
-1636
-1314
-991
-635
-319
-53
214
440
590
707
645
528
364
152
5
-163
-366
-526
-730
-862
-885
-944
-935
-1007
-1162
-1263
-1414
-1528
-1592
-1786
-1956
-2139
-2338
-2348
-2336
-2284
-2153
-2106
-1966
-1705
-1433
-999
-575
-230
196
557
978
1497
1886
2280
2586
2728
2950
3100
3196
3327
3276
3191
3122
2963
2929
2868
2715
2623
2420
2221
2113
1915
1751
1536
1199
943
649
371
178
-110
-392
-640
-933
-1096
-1246
-1418
-1538
-1726
-1868
-1925
-1964
-1911
-1851
-1797
-1665
-1511
-1250
-944
-620
-305
-38
213
446
616
778
792
724
600
362
180
-36
-301
-515
-797
-1047
-1159
-1301
-1318
-1330
-1437
-1469
-1530
-1606
-1570
-1658
-1780
-1883
-2090
-2161
-2151
-2173
-2067
-2006
-1954
-1705
-1447
-1066
-587
-237
169
576
932
1429
1842
2155
2451
2559
2680
2845
2916
3025
3035
2910
2848
2744
2679
2676
2549
2399
2217
1971
1821
1670
1469
1290
1005
737
539
339
211
84
-123
-291
-492
-686
-811
-984
-1155
-1316
-1525
-1672
-1764
-1846
-1818
-1770
-1672
-1481
-1258
-994
-658
-361
-37
266
492
688
796
794
754
618
419
206
-102
-407
-710
-1020
-1252
-1427
-1584
-1644
-1717
-1758
-1755
-1759
-1738
-1699
-1704
-1706
-1723
-1768
-1760
-1729
-1682
-1586
-1480
-1359
-1134
-878
-558
-183
153
507
890
1237
1636
1997
2266
2509
2645
2742
2843
2857
2833
2752
2566
2428
2275
2120
2010
1840
1656
1503
1321
1174
1052
861
700
518
340
226
112
-13
-92
-215
-291
-326
-400
-447
-548
-706
-836
-982
-1119
-1181
-1296
-1336
-1327
-1285
-1110
-890
-672
-376
-159
68
335
499
668
747
662
571
381
119
-64
-386
-721
-1018
-1409
-1662
-1824
-2017
-2054
-2132
-2228
-2158
-2132
-2036
-1841
-1790
-1688
-1583
-1556
-1375
-1223
-1121
-946
-873
-767
-537
-356
-63
235
458
791
1105
1443
1879
2203
2501
2757
2869
3022
3098
3061
3011
2815
2553
2325
2052
1822
1603
1325
1091
874
683
568
475
355
240
112
-3
-80
-142
-225
-296
-405
-500
-544
-601
-623
-682
-776
-845
-919
-950
-927
-961
-928
-905
-831
-627
-451
-213
18
166
378
563
691
848
825
737
623
378
172
-59
-405
-721
-1092
-1480
-1740
-2013
-2220
-2350
-2512
-2604
-2584
-2559
-2433
-2270
-2168
-1994
-1823
-1670
-1425
-1229
-1087
-877
-755
-573
-293
-75
235
553
809
1198
1560
1901
2312
2578
2800
3012
3090
3189
3223
3120
3023
2818
2567
2369
2103
1834
1556
1214
915
634
361
156
-60
-272
-420
-549
-590
-576
-559
-502
-468
-426
-357
-308
-272
-287
-383
-478
-602
-691
-723
-774
-755
-715
-605
-373
-117
193
500
726
952
1127
1211
1260
1147
940
688
323
-11
-372
-799
-1183
-1604
-1997
-2289
-2587
-2825
-2998
-3201
-3316
-3335
-3339
-3213
-3054
-2912
-2672
-2435
-2171
-1793
-1472
-1168
-820
-578
-249
145
460
864
1212
1489
1871
2206
2545
2917
3137
3336
3496
3562
3670
3694
3591
3461
3216
2939
2692
2389
2072
1706
1294
922
577
277
4
-284
-571
-834
-996
-1105
-1137
-1120
-1146
-1120
-1063
-1015
-889
-808
-797
-764
-810
-837
-765
-772
-705
-595
-585
-383
-184
41
412
663
923
1200
1341
1513
1635
1577
1504
1287
943
623
216
-239
-665
-1195
-1704
-2158
-2601
-2937
-3211
-3454
-3637
-3724
-3759
-3670
-3484
-3314
-3088
-2836
-2606
-2269
-1915
-1608
-1245
-937
-624
-208
193
635
1097
1486
1897
2334
2716
3113
3456
3670
3864
3993
4054
4091
4029
3844
3630
3328
3012
2716
2340
1951
1557
1128
754
432
74
-238
-599
-942
-1190
-1388
-1519
-1585
-1668
-1715
-1686
-1634
-1483
-1355
-1269
-1188
-1145
-1085
-937
-831
-667
-523
-369
-114
159
492
836
1116
1372
1607
1779
1942
1990
1937
1792
1554
1256
932
530
77
-412
-930
-1441
-1917
-2369
-2803
-3155
-3503
-3755
-3920
-4064
-4083
-4038
-3946
-3733
-3496
-3211
-2821
-2456
-2030
-1567
-1172
-703
-256
168
656
1091
1510
1945
2338
2732
3148
3487
3778
4031
4172
4295
4367
4331
4228
4027
3700
3369
2985
2523
2103
1573
1043
584
93
-298
-632
-998
-1261
-1467
-1652
-1698
-1759
-1803
-1803
-1817
-1775
-1708
-1631
-1570
-1494
-1411
-1254
-1084
-809
-566
-306
42
323
720
1118
1434
1765
2028
2174
2396
2480
2465
2442
2215
1935
1650
1228
800
340
-269
-827
-1389
-1982
-2477
-2951
-3452
-3822
-4157
-4416
-4498
-4555
-4543
-4408
-4268
-4041
-3681
-3351
-2955
-2529
-2154
-1688
-1196
-718
-165
360
853
1409
1940
2454
2990
3425
3797
4121
4352
4518
4630
4624
4536
4385
4134
3856
3550
3154
2731
2289
1753
1266
783
261
-170
-616
-1038
-1324
-1606
-1782
-1842
-1932
-1918
-1873
-1844
-1736
-1650
-1596
-1501
-1456
-1376
-1243
-1098
-881
-648
-333
9
403
846
1268
1681
2037
2312
2546
2673
2667
2624
2408
2107
1772
1352
907
435
-82
-595
-1108
-1608
-2081
-2514
-2943
-3353
-3658
-3957
-4164
-4278
-4359
-4354
-4257
-4156
-3910
-3628
-3352
-2936
-2555
-2136
-1644
-1157
-653
-110
388
903
1439
1889
2374
2820
3178
3516
3832
4049
4238
4376
4396
4400
4288
4105
3908
3573
3189
2798
2291
1790
1303
777
310
-139
-561
-868
-1167
-1372
-1507
-1613
-1682
-1741
-1744
-1784
-1784
-1774
-1790
-1761
-1697
-1650
-1429
-1241
-989
-592
-284
162
620
1007
1458
1817
2057
2330
2417
2446
2416
2247
2025
1740
1385
991
575
98
-392
-874
-1367
-1874
-2274
-2727
-3089
-3351
-3619
-3747
-3812
-3866
-3778
-3679
-3560
-3314
-3119
-2863
-2546
-2262
-1919
-1524
-1141
-701
-233
228
736
1248
1720
2214
2662
3014
3373
3638
3800
3970
4004
3983
3933
3758
3588
3365
3050
2757
2397
1985
1582
1139
694
255
-169
-551
-919
-1214
-1467
-1673
-1785
-1934
-1955
-1996
-2043
-2001
-1989
-1961
-1849
-1764
-1625
-1369
-1198
-839
-492
-147
313
721
1128
1547
1887
2176
2427
2542
2623
2602
2487
2304
2048
1721
1328
910
441
-82
-565
-1102
-1602
-2040
-2513
-2853
-3160
-3449
-3584
-3705
-3782
-3702
-3650
-3497
-3253
-3032
-2703
-2354
-2008
-1591
-1180
-778
-342
86
494
912
1325
1700
2089
2450
2746
3073
3314
3495
3678
3729
3726
3687
3521
3314
3047
2684
2318
1886
1423
979
531
81
-318
-664
-1009
-1256
-1462
-1671
-1746
-1881
-1949
-1958
-2052
-2037
-2022
-2049
-1933
-1847
-1718
-1433
-1240
-849
-488
-96
391
799
1237
1654
1977
2286
2497
2600
2696
2610
2522
2329
2052
1766
1378
977
564
58
-372
-862
-1352
-1761
-2236
-2606
-2939
-3261
-3454
-3614
-3709
-3671
-3616
-3447
-3212
-2947
-2593
-2236
-1836
-1404
-993
-528
-107
342
791
1199
1635
2030
2385
2742
3021
3267
3489
3592
3700
3711
3646
3561
3373
3137
2857
2496
2105
1680
1204
734
266
-214
-651
-1052
-1416
-1731
-1953
-2176
-2301
-2388
-2471
-2468
-2483
-2468
-2412
-2354
-2257
-2103
-1931
-1663
-1390
-1004
-618
-165
316
768
1252
1677
2042
2367
2600
2721
2819
2756
2670
2494
2237
1957
1608
1226
819
368
-71
-548
-1000
-1441
-1887
-2243
-2616
-2904
-3121
-3315
-3407
-3433
-3428
-3302
-3138
-2916
-2604
-2262
-1866
-1414
-952
-466
32
526
997
1457
1889
2263
2631
2934
3188
3432
3591
3716
3812
3805
3780
3673
3496
3271
2970
2612
2205
1755
1267
764
257
-249
-741
-1179
-1611
-1971
-2279
-2557
-2758
-2920
-3051
-3103
-3148
-3150
-3092
-3031
-2878
-2723
-2460
-2175
-1813
-1368
-931
-387
128
658
1191
1670
2066
2447
2683
2845
2934
2881
2785
2597
2316
2012
1666
1267
868
457
23
-413
-828
-1276
-1657
-2051
-2412
-2694
-2946
-3148
-3229
-3261
-3221
-3054
-2872
-2588
-2240
-1894
-1475
-1020
-607
-164
312
724
1167
1607
1989
2409
2772
3082
3408
3665
3823
3993
4067
4045
4000
3857
3642
3375
3037
2633
2222
1738
1229
757
232
-272
-720
-1176
-1594
-1950
-2290
-2573
-2805
-3029
-3192
-3327
-3450
-3523
-3554
-3521
-3459
-3259
-3038
-2686
-2263
-1819
-1249
-701
-136
428
952
1398
1824
2108
2348
2496
2515
2494
2388
2197
1983
1705
1417
1091
743
394
18
-350
-765
-1128
-1519
-1888
-2218
-2498
-2755
-2912
-3010
-3053
-2967
-2868
-2638
-2333
-2010
-1580
-1115
-641
-130
384
879
1373
1816
2226
2616
2944
3226
3483
3707
3853
4003
4100
4125
4142
4067
3946
3785
3503
3186
2831
2355
1881
1384
819
289
-246
-770
-1235
-1697
-2091
-2441
-2754
-3040
-3250
-3460
-3621
-3740
-3822
-3843
-3801
-3662
-3501
-3156
-2839
-2387
-1895
-1390
-844
-340
162
615
993
1287
1576
1711
1805
1854
1811
1724
1592
1423
1246
979
737
464
150
-176
-490
-818
-1170
-1461
-1766
-2024
-2255
-2412
-2528
-2563
-2536
-2439
-2244
-2018
-1699
-1322
-922
-462
10
485
987
1466
1901
2351
2740
3068
3370
3612
3793
3909
3992
4014
3989
3910
3804
3659
3440
3208
2948
2629
2279
1928
1531
1118
706
259
-166
-611
-1057
-1487
-1890
-2314
-2680
-3020
-3309
-3544
-3714
-3776
-3797
-3687
-3551
-3258
-2970
-2606
-2186
-1757
-1332
-917
-482
-141
195
446
673
806
876
915
907
838
752
671
572
430
321
184
14
-176
-392
-608
-889
-1155
-1418
-1666
-1921
-2100
-2227
-2309
-2323
-2254
-2101
-1901
-1628
-1272
-861
-421
64
593
1097
1583
2058
2492
2852
3159
3404
3596
3721
3783
3836
3822
3779
3702
3618
3481
3306
3126
2906
2644
2369
2081
1769
1438
1087
747
389
-8
-388
-766
-1182
-1589
-1964
-2337
-2673
-2986
-3212
-3381
-3491
-3515
-3429
-3249
-3057
-2697
-2336
-1908
-1492
-1048
-643
-303
-38
154
294
275
255
167
40
-118
-237
-353
-451
-526
-564
-590
-629
-681
-720
-801
-927
-1050
-1191
-1352
-1511
-1634
-1732
-1791
-1816
-1762
-1651
-1507
-1280
-984
-646
-265
170
653
1131
1612
2090
2538
2917
3240
3513
3704
3804
3850
3851
3771
3657
3513
3361
3175
2971
2789
2590
2378
2163
1969
1738
1503
1260
1024
737
444
142
-193
-563
-956
-1339
-1756
-2170
-2548
-2860
-3144
-3324
-3403
-3349
-3234
-2985
-2646
-2250
-1846
-1417
-996
-660
-397
-216
-111
-134
-219
-345
-509
-707
-873
-1005
-1105
-1191
-1198
-1191
-1166
-1145
-1092
-1063
-1068
-1069
-1083
-1110
-1159
-1174
-1198
-1211
-1210
-1161
-1093
-1009
-865
-678
-449
-185
153
526
926
1354
1789
2221
2595
2946
3224
3441
3555
3625
3616
3532
3410
3253
3076
2855
2651
2442
2251
2050
1883
1729
1581
1438
1313
1190
1039
881
702
485
216
-77
-408
-772
-1162
-1529
-1884
-2200
-2460
-2628
-2715
-2713
-2604
-2417
-2158
-1869
-1533
-1225
-947
-742
-593
-553
-600
-715
-892
-1111
-1340
-1554
-1754
-1903
-2020
-2077
-2097
-2070
-2022
-1931
-1831
-1713
-1581
-1449
-1315
-1183
-1059
-950
-832
-723
-612
-484
-343
-178
22
253
521
825
1146
1495
1859
2203
2541
2857
3120
3330
3490
3573
3583
3529
3401
3226
3008
2740
2459
2177
1879
1602
1364
1145
965
839
749
698
679
665
650
616
532
415
250
21
-245
-516
-816
-1087
-1326
-1512
-1643
-1701
-1697
-1615
-1485
-1341
-1143
-955
-802
-689
-598
-617
-692
-833
-1024
-1269
-1538
-1813
-2070
-2328
-2568
-2727
-2869
-2988
-3036
-3019
-3009
-2915
-2760
-2588
-2374
-2105
-1833
-1543
-1247
-955
-651
-377
-123
162
437
675
973
1280
1566
1885
2235
2545
2855
3158
3415
3636
3798
3904
3959
3931
3826
3681
3462
3163
2838
2481
2095
1706
1341
999
708
451
262
125
29
-27
-44
-55
-65
-78
-115
-176
-271
-368
-487
-606
-718
-790
-864
-881
-860
-813
-747
-646
-550
-471
-415
-400
-420
-507
-638
-806
-1016
-1273
-1522
-1792
-2075
-2342
-2591
-2835
-3046
-3226
-3360
-3456
-3502
-3482
-3403
-3276
-3082
-2833
-2554
-2237
-1891
-1529
-1166
-786
-416
-43
323
695
1057
1419
1771
2116
2443
2748
3036
3293
3517
3703
3861
3959
4016
4021
3967
3844
3661
3422
3123
2782
2419
2044
1659
1300
967
668
409
194
21
-121
-238
-335
-414
-495
-566
-637
-693
-739
-758
-758
-715
-653
-564
-446
-314
-190
-73
33
95
110
76
-3
-149
-339
-566
-815
-1096
-1375
-1648
-1918
-2177
-2413
-2632
-2839
-3021
-3176
-3303
-3400
-3448
-3453
-3413
-3323
-3176
-2993
-2765
-2500
-2206
-1886
-1540
-1170
-781
-378
39
459
875
1286
1679
2047
2382
2680
2941
3160
3338
3477
3573
3622
3630
3593
3514
3395
3235
3044
2814
2567
2306
2042
1776
1526
1285
1060
849
657
479
309
144
-8
-157
-300
-425
-536
-619
-674
-690
-658
-583
-471
-312
-137
58
242
406
522
590
582
510
369
151
-108
-409
-742
-1078
-1411
-1738
-2042
-2324
-2585
-2819
-3020
-3206
-3342
-3453
-3527
-3550
-3535
-3474
-3363
-3206
-3020
-2791
-2527
-2250
-1935
-1616
-1275
-913
-550
-170
210
600
981
1358
1726
2061
2381
2652
2883
3073
3197
3279
3298
3267
3183
3057
2902
2713
2520
2316
2120
1943
1767
1622
1490
1373
1273
1170
1072
956
841
703
553
385
207
32
-127
-265
-361
-415
-404
-344
-225
-60
124
326
507
662
764
812
781
682
510
272
-19
-344
-700
-1059
-1417
-1756
-2071
-2363
-2616
-2838
-3030
-3191
-3311
-3407
-3466
-3479
-3454
-3389
-3270
-3114
-2918
-2690
-2429
-2144
-1846
-1529
-1200
-857
-515
-155
204
561
919
1270
1593
1894
2163
2393
2583
2714
2795
2815
2787
2707
2591
2430
2253
2068
1873
1690
1523
1373
1251
1163
1097
1058
1031
1008
988
951
903
840
739
628
512
390
281
208
162
163
207
289
406
539
688
836
958
1048
1101
1080
1000
859
640
360
40
-330
-720
-1114
-1514
-1894
-2250
-2577
-2853
-3092
-3292
-3432
-3530
-3584
-3574
-3524
-3431
-3285
-3104
-2892
-2646
-2374
-2077
-1758
-1432
-1084
-729
-374
-11
359
708
1054
1380
1666
1923
2146
2321
2445
2527
2561
2557
2502
2417
2300
2145
1962
1758
1529
1293
1060
839
651
493
378
309
282
280
300
336
360
365
350
317
257
182
117
60
31
41
103
206
353
537
747
950
1140
1299
1410
1446
1410
1310
1132
894
609
286
-66
-428
-797
-1155
-1510
-1845
-2153
-2430
-2682
-2881
-3039
-3151
-3207
-3207
-3157
-3053
-2909
-2729
-2514
-2276
-2016
-1737
-1434
-1116
-777
-424
-52
319
684
1030
1361
1645
1890
2092
2247
2344
2395
2403
2367
2283
2172
2034
1855
1648
1426
1192
938
696
471
271
96
-34
-117
-163
-182
-169
-138
-114
-101
-96
-111
-150
-193
-229
-249
-245
-204
-110
31
207
419
663
900
1121
1311
1449
1524
1520
1446
1302
1091
829
540
222
-105
-419
-725
-1020
-1289
-1538
-1766
-1969
-2156
-2318
-2450
-2559
-2631
-2657
-2651
-2605
-2510
-2381
-2215
-2009
-1778
-1520
-1230
-933
-616
-277
56
392
736
1059
1365
1656
1905
2121
2293
2399
2462
2468
2403
2298
2148
1944
1721
1476
1206
952
701
459
264
91
-52
-136
-201
-235
-231
-234
-233
-224
-255
-294
-340
-416
-473
-511
-544
-510
-432
-319
-130
91
327
599
851
1063
1255
1369
1406
1391
1281
1105
882
594
278
-43
-390
-720
-1028
-1342
-1608
-1838
-2055
-2216
-2341
-2438
-2476
-2486
-2467
-2388
-2298
-2184
-2026
-1869
-1692
-1485
-1284
-1059
-804
-547
-260
56
367
709
1055
1376
1705
2002
2251
2481
2649
2745
2808
2783
2683
2547
2329
2059
1783
1455
1133
839
539
294
97
-79
-184
-251
-305
-304
-302
-313
-306
-335
-395
-456
-558
-670
-760
-846
-889
-871
-819
-692
-503
-285
-18
267
530
780
987
1119
1207
1214
1136
1007
802
538
253
-70
-407
-730
-1057
-1359
-1624
-1869
-2059
-2206
-2319
-2368
-2379
-2361
-2284
-2189
-2071
-1920
-1776
-1618
-1438
-1281
-1103
-905
-720
-501
-257
-13
276
580
882
1220
1540
1833
2132
2377
2560
2722
2800
2807
2777
2656
2488
2296
2034
1755
1489
1189
913
684
460
283
160
51
-10
-37
-71
-84
-94
-143
-203
-278
-396
-521
-640
-758
-832
-865
-864
-785
-653
-503
-297
-75
115
305
465
560
617
607
526
412
235
14
-206
-457
-728
-968
-1202
-1430
-1619
-1783
-1923
-2025
-2103
-2142
-2129
-2101
-2034
-1914
-1784
-1640
-1462
-1280
-1099
-917
-737
-552
-373
-203
-12
178
369
586
815
1045
1272
1492
1705
1883
2017
2128
2196
2203
2180
2129
2025
1888
1734
1565
1379
1194
1029
878
739
625
540
473
414
367
332
282
216
151
67
-42
-153
-269
-380
-475
-554
-592
-592
-571
-506
-398
-289
-163
-23
94
199
286
335
362
345
286
207
85
-73
-238
-429
-640
-841
-1044
-1230
-1394
-1544
-1654
-1733
-1788
-1804
-1789
-1755
-1692
-1612
-1525
-1432
-1337
-1242
-1152
-1069
-983
-891
-796
-683
-551
-399
-220
-18
200
435
676
912
1133
1328
1492
1615
1690
1723
1721
1677
1610
1529
1435
1343
1262
1196
1150
1117
1104
1106
1107
1104
1096
1066
1010
927
820
690
541
379
219
61
-81
-193
-275
-318
-324
-295
-236
-153
-61
36
128
197
245
265
249
206
135
31
-86
-221
-367
-508
-655
-799
-929
-1059
-1179
-1278
-1371
-1446
-1496
-1537
-1554
-1554
-1545
-1516
-1482
-1447
-1401
-1363
-1327
-1281
-1244
-1194
-1126
-1053
-949
-817
-676
-500
-304
-102
123
350
558
767
954
1096
1218
1299
1337
1356
1341
1298
1264
1217
1171
1157
1148
1155
1199
1239
1281
1338
1367
1378
1379
1331
1253
1153
1011
858
696
511
341
190
44
-58
-125
-172
-175
-152
-114
-51
13
75
139
172
185
181
144
83
4
-102
-220
-345
-481
-607
-726
-839
-925
-999
-1059
-1096
-1125
-1141
-1146
-1151
-1153
-1153
-1160
-1168
-1188
-1211
-1240
-1276
-1311
-1345
-1375
-1383
-1371
-1330
-1254
-1145
-1001
-822
-617
-387
-138
110
351
578
769
924
1037
1104
1138
1137
1114
1080
1044
1024
1026
1052
1107
1183
1279
1381
1479
1562
1614
1635
1617
1552
1454
1322
1157
977
787
593
410
241
97
-15
-96
-140
-158
-147
-114
-69
-21
22
57
78
76
51
8
-59
-146
-243
-345
-451
-553
-646
-719
-773
-815
-835
-836
-833
-824
-817
-812
-822
-847
-881
-930
-1000
-1081
-1165
-1251
-1342
-1427
-1492
-1539
-1565
-1559
-1516
-1441
-1326
-1171
-978
-767
-540
-287
-37
199
426
636
816
953
1063
1149
1200
1223
1243
1258
1264
1277
1308
1357
1401
1453
1518
1568
1594
1603
1590
1537
1440
1316
1169
991
794
604
421
245
89
-32
-123
-186
-219
-216
-196
-165
-120
-75
-41
-19
-14
-24
-63
-123
-190
-268
-352
-433
-501
-557
-598
-617
-616
-605
-583
-554
-523
-501
-496
-505
-530
-581
-648
-733
-837
-946
-1061
-1173
-1274
-1365
-1429
-1464
-1471
-1451
-1400
-1322
-1216
-1087
-941
-783
-615
-446
-275
-107
55
211
360
498
628
745
850
951
1043
1128
1209
1280
1350
1417
1476
1527
1567
1591
1595
1579
1536
1469
1378
1265
1134
991
837
688
548
423
323
243
185
150
135
130
129
126
115
88
41
-22
-99
-195
-296
-397
-495
-579
-647
-687
-704
-694
-662
-617
-560
-503
-447
-405
-381
-382
-411
-468
-550
-651
-767
-892
-1018
-1138
-1241
-1323
-1379
-1406
-1399
-1366
-1306
-1224
-1125
-1016
-907
-798
-692
-596
-509
-422
-329
-233
-128
0
151
312
491
684
879
1063
1236
1396
1520
1606
1662
1685
1671
1619
1554
1477
1382
1285
1198
1117
1035
962
899
831
754
679
598
506
408
310
215
116
26
-46
-111
-168
-204
-226
-244
-258
-267
-276
-297
-328
-365
-409
-464
-515
-560
-601
-632
-649
-655
-654
-644
-628
-610
-599
-592
-595
-613
-643
-682
-725
-772
-815
-852
-880
-895
-890
-867
-825
-776
-717
-647
-575
-498
-422
-343
-266
-189
-107
-30
49
125
199
274
346
410
468
515
552
580
600
619
634
654
679
709
750
795
847
897
941
972
986
981
955
905
843
765
682
598
521
460
415
389
379
382
391
398
401
395
371
327
264
184
86
-23
-138
-250
-353
-451
-538
-611
-666
-705
-725
-728
-723
-707
-685
-661
-640
-627
-624
-632
-652
-683
-722
-767
-808
-844
-877
-890
-883
-858
-806
-733
-640
-535
-429
-322
-223
-136
-63
-5
40
72
95
111
122
131
146
171
205
249
304
362
425
488
547
593
622
632
615
592
558
517
480
444
426
427
444
479
525
574
636
694
743
779
787
785
763
718
656
577
492
408
320
236
160
95
43
1
-35
-66
-96
-130
-171
-219
-278
-343
-414
-488
-561
-630
-686
-724
-757
-774
-779
-770
-743
-717
-686
-652
-619
-577
-537
-502
-465
-431
-398
-365
-336
-307
-275
-243
-210
-182
-157
-129
-97
-62
-26
12
52
95
136
172
205
233
256
268
273
272
267
261
257
255
260
269
285
304
326
350
375
401
426
450
474
489
504
515
523
531
532
522
506
483
452
413
363
307
248
187
125
63
4
-49
-93
-131
-163
-188
-217
-253
-289
-328
-367
-412
-464
-516
-563
-595
-611
-615
-609
-594
-566
-522
-468
-405
-339
-277
-221
-170
-119
-73
-37
-11
-4
-11
-24
-37
-53
-72
-98
-124
-142
-148
-140
-117
-90
-55
-17
23
62
93
117
131
128
106
82
62
47
42
45
53
73
111
168
238
310
371
415
444
485
545
596
630
627
596
571
544
530
501
404
267
135
43
-4
-30
-64
-116
-171
-192
-151
-80
-47
-84
-166
-240
-266
-271
-287
-334
-420
-498
-531
-499
-419
-344
-287
-244
-204
-146
-67
20
72
68
19
-34
-57
-48
-28
-20
-39
-72
-88
-65
-9
36
45
25
2
-7
-3
0
-16
-61
-115
-155
-162
-150
-139
-135
-131
-116
-83
-33
20
55
69
78
98
130
160
182
197
204
215
239
272
302
317
318
318
324
326
326
322
308
283
252
223
198
163
114
58
4
-37
-66
-86
-107
-137
-165
-181
-186
-195
-215
-246
-280
-306
-316
-317
-314
-308
-295
-269
-229
-179
-126
-75
-32
-7
6
14
22
25
19
8
-12
-38
-55
-60
-54
-49
-55
-69
-83
-84
-78
-68
-64
-77
-97
-110
-106
-91
-75
-73
-73
-70
-53
-20
13
42
66
94
130
168
200
225
245
260
274
281
287
291
295
304
311
316
318
306
288
263
241
222
200
167
122
70
35
12
-5
-27
-56
-90
-118
-136
-147
-161
-188
-228
-262
-282
-286
-275
-265
-258
-248
-229
-196
-162
-135
-114
-106
-101
-91
-84
-77
-74
-77
-78
-77
-68
-54
-42
-36
-36
-42
-45
-47
-52
-62
-72
-79
-79
-75
-67
-59
-49
-34
-19
-1
9
20
33
54
77
99
117
130
143
159
178
201
221
232
240
237
236
237
233
229
217
202
185
167
149
130
110
92
73
56
42
27
15
4
-8
-22
-34
-51
-70
-88
-103
-117
-122
-129
-128
-125
-122
-115
-112
-114
-113
-110
-106
-104
-104
-103
-101
-95
-86
-78
-76
-75
-76
-76
-81
-88
-96
-104
-111
-115
-120
-118
-112
-103
-90
-77
-65
-50
-38
-30
-23
-18
-12
-6
-1
3
7
11
19
31
48
67
89
112
135
158
178
190
198
201
200
197
183
169
155
141
129
118
111
106
103
102
100
98
96
92
85
77
67
53
42
28
15
5
-4
-12
-16
-19
-22
-23
-24
-27
-33
-42
-54
-68
-82
-96
-113
-126
-135
-146
-152
-159
-168
-174
-181
-190
-202
-215
-222
-231
-235
-240
-243
-239
-231
-218
-201
-184
-169
-150
-135
-120
-107
-99
-87
-72
-54
-34
-15
11
41
73
108
143
177
204
231
252
271
286
294
297
295
291
284
272
257
243
230
218
207
195
182
172
163
156
147
139
132
122
115
106
95
85
77
70
61
52
44
37
31
26
21
13
7
-3
-15
-25
-42
-60
-77
-100
-125
-149
-175
-201
-230
-259
-284
-306
-327
-341
-356
-363
-362
-356
-349
-344
-332
-319
-308
-295
-283
-272
-257
-242
-225
-209
-194
-171
-147
-119
-86
-51
-14
28
71
112
153
192
223
252
277
296
309
319
327
329
326
321
313
302
292
281
269
259
249
238
229
223
217
211
205
203
201
201
200
199
199
198
195
190
186
176
167
156
140
123
101
76
48
18
-13
-48
-84
-119
-156
-189
-220
-254
-283
-311
-338
-361
-380
-396
-409
-420
-427
-430
-433
-431
-427
-420
-407
-388
-367
-345
-321
-291
-258
-223
-189
-155
-118
-82
-45
-12
19
52
83
113
140
164
188
210
231
251
267
280
288
297
303
304
300
294
284
275
265
251
239
222
210
201
191
182
175
169
165
165
162
159
157
156
159
161
162
164
161
158
151
139
127
112
93
73
47
20
-11
-41
-72
-103
-133
-164
-195
-222
-249
-273
-293
-312
-328
-343
-355
-367
-375
-379
-383
-382
-379
-373
-364
-354
-337
-317
-293
-265
-234
-198
-160
-120
-81
-43
-3
34
69
101
128
152
171
187
198
206
211
215
217
215
212
210
210
210
208
205
202
201
199
194
187
184
181
177
174
169
167
165
166
170
173
179
183
185
190
192
195
196
193
191
182
166
141
115
87
53
17
-20
-59
-95
-128
-163
-194
-222
-249
-269
-287
-299
-312
-324
-332
-339
-347
-355
-362
-367
-370
-368
-364
-357
-346
-329
-308
-282
-254
-223
-186
-145
-100
-52
-8
34
70
101
128
151
165
172
178
179
182
183
184
184
183
185
188
191
196
201
209
216
221
224
223
222
218
209
199
187
174
162
150
141
130
121
117
117
117
118
122
125
129
130
126
118
108
92
72
50
21
-10
-41
-75
-108
-140
-168
-190
-210
-228
-240
-247
-249
-251
-250
-249
-248
-243
-239
-234
-228
-223
-216
-212
-208
-200
-189
-175
-159
-141
-120
-100
-76
-51
-28
-8
13
32
48
60
70
77
79
81
80
80
79
79
81
80
82
85
87
90
93
96
102
106
111
116
118
120
125
129
132
133
135
138
140
145
146
147
151
149
146
140
132
125
117
108
97
84
70
56
41
23
4
-17
-37
-59
-80
-99
-115
-131
-144
-155
-167
-173
-179
-182
-184
-183
-178
-171
-165
-159
-153
-144
-135
-123
-113
-100
-89
-75
-63
-52
-39
-28
-15
-2
7
13
16
19
24
27
29
30
28
28
26
25
28
29
29
29
28
30
34
40
44
50
53
60
68
74
81
86
92
96
98
101
105
108
110
111
106
101
95
90
84
77
70
64
57
51
45
38
29
14
1
-13
-25
-37
-50
-64
-81
-90
-98
-108
-112
-119
-122
-122
-122
-118
-113
-108
-99
-93
-84
-74
-67
-57
-48
-43
-39
-35
-29
-24
-18
-12
-6
-4
1
7
10
17
21
23
28
34
38
43
43
39
37
36
32
28
26
24
24
24
24
24
24
25
27
31
33
37
43
48
54
57
59
61
64
64
65
64
64
66
64
63
58
54
48
41
35
27
16
5
-7
-17
-29
-42
-54
-65
-75
-84
-93
-102
-108
-112
-114
-115
-113
-109
-106
-101
-96
-91
-84
-79
-72
-65
-55
-43
-36
-26
-18
-11
-5
2
10
18
27
36
42
47
50
51
53
54
58
58
57
56
57
56
55
51
51
50
50
49
51
53
51
49
50
49
49
50
50
51
54
56
58
59
59
59
56
53
52
48
42
40
32
23
15
5
-5
-17
-28
-38
-48
-58
-68
-77
-85
-93
-100
-105
-109
-112
-113
-116
-117
-116
-115
-115
-112
-110
-105
-97
-91
-83
-75
-66
-57
-48
-37
-27
-18
-8
2
11
20
27
34
40
48
56
62
66
69
74
78
82
83
81
82
84
84
83
80
78
75
72
69
66
62
60
59
58
56
58
56
54
55
55
54
54
54
54
53
51
46
41
37
31
26
18
8
1
-7
-18
-27
-37
-48
-58
-67
-77
-85
-92
-101
-108
-114
-118
-119
-126
-128
-129
-129
-128
-127
-124
-119
-115
-112
-109
-106
-101
-94
-86
-78
-70
-61
-51
-40
-27
-13
-1
12
25
37
48
59
70
76
85
91
97
104
106
110
115
119
122
124
123
122
120
121
119
116
116
114
112
111
107
106
104
103
99
94
90
83
77
72
66
59
51
40
29
17
3
-9
-22
-37
-52
-67
-80
-95
-107
-121
-135
-147
-156
-163
-169
-174
-176
-176
-176
-177
-175
-174
-171
-165
-160
-153
-145
-137
-127
-115
-103
-93
-79
-64
-50
-34
-21
-6
11
26
40
53
67
81
93
104
116
123
131
138
141
144
147
146
145
144
140
139
135
133
131
126
122
116
113
109
105
105
102
100
98
95
92
89
84
79
72
64
56
47
37
25
14
0
-13
-27
-40
-51
-64
-75
-86
-98
-112
-125
-137
-148
-157
-162
-168
-175
-178
-182
-182
-184
-184
-181
-178
-173
-167
-159
-151
-143
-134
-127
-116
-109
-98
-83
-69
-53
-38
-23
-8
6
20
36
48
62
75
87
99
110
117
124
131
137
142
147
152
154
154
155
157
159
163
166
168
167
166
165
161
156
149
144
138
131
126
118
111
102
92
80
67
54
41
27
13
-1
-17
-31
-46
-63
-80
-98
-115
-130
-144
-157
-167
-177
-186
-192
-195
-198
-200
-199
-199
-200
-198
-192
-185
-176
-169
-159
-149
-138
-126
-114
-103
-90
-77
-67
-54
-40
-25
-11
3
15
25
36
46
54
63
71
79
88
94
102
110
116
120
124
128
131
135
140
143
143
140
143
145
146
146
138
134
133
132
132
126
119
118
111
107
97
85
77
67
57
47
35
25
14
3
-10
-21
-32
-41
-52
-63
-71
-78
-87
-91
-98
-105
-105
-112
-118
-120
-124
-117
-110
-112
-110
-109
-100
-89
-83
-76
-72
-66
-56
-49
-43
-37
-30
-22
-14
-7
-2
4
8
11
16
18
24
26
24
26
28
29
29
25
21
24
23
24
24
19
19
16
16
16
18
21
19
20
24
23
21
20
21
23
23
24
20
16
11
8
8
12
15
14
12
13
12
10
7
3
1
-3
-3
-5
-9
-13
-14
-11
-16
-24
-28
-29
-29
-27
-30
-34
-34
-35
-36
-37
-38
-37
-33
-31
-29
-27
-23
-22
-21
-22
-20
-16
-14
-12
-10
-5
0
6
8
11
12
15
17
15
17
17
19
20
20
20
20
19
20
21
23
23
23
23
21
19
19
20
22
22
20
17
15
12
11
13
15
16
19
19
18
16
15
12
11
11
8
7
7
6
5
3
0
-3
-6
-9
-11
-13
-17
-20
-21
-18
-22
-26
-28
-30
-31
-34
-36
-35
-34
-32
-31
-33
-33
-34
-35
-31
-27
-21
-14
-9
-10
-13
-13
-9
-8
-6
-3
1
5
8
11
12
14
13
12
10
9
13
18
20
22
22
25
25
21
16
13
13
18
26
34
37
37
36
33
28
23
18
15
14
16
20
22
20
15
10
7
6
6
9
15
15
8
2
-4
-7
-10
-14
-15
-14
-13
-12
-17
-21
-26
-31
-38
-40
-35
-28
-24
-25
-25
