-11
-3
8
6
-7
-2
7
6
-4
-11
16
7
-11
2
16
11
-16
4
19
-1
-7
11
13
-8
10
3
7
13
-5
11
10
17
-13
2
39
-10
-10
21
10
-21
9
15
-6
13
-10
-3
15
-12
-5
8
-1
-18
2
3
-24
7
-3
-10
-5
-8
-9
-18
8
-13
-18
4
-23
-6
9
-22
-7
1
4
-18
-17
15
0
-9
-9
19
0
-16
15
3
1
2
2
13
-5
0
25
6
-2
19
2
-2
25
-3
13
14
-11
22
11
-12
15
14
-7
5
-2
4
6
-13
3
15
-20
4
6
-11
-5
-25
29
-6
-31
12
2
-14
-2
15
-11
9
-21
1
29
-43
2
35
-18
-32
23
10
-18
-4
-5
34
-33
-8
27
-28
6
-7
-19
0
25
-32
-25
34
11
-26
-23
42
-7
-32
9
16
5
-40
28
14
-49
45
9
-49
22
36
-12
-58
51
73
-106
-1
91
-47
-11
7
14
40
-45
1
61
-18
-18
26
-4
23
0
-36
11
32
26
-70
2
117
-47
-86
89
71
-120
16
83
-65
27
-9
-13
24
30
-25
-100
127
49
-194
34
184
-173
-50
143
-108
53
-24
-72
54
27
-22
-164
154
104
-279
28
248
-180
-137
190
-43
-65
0
32
-17
-10
36
-143
135
47
-207
101
125
-128
-87
175
15
-146
26
166
-79
-143
231
-46
-117
132
-14
-17
18
15
3
35
-12
-6
3
47
60
-196
99
210
-237
-61
223
0
-145
-2
82
91
-142
-84
211
-63
-47
-23
-32
199
-153
-133
219
-8
-148
56
41
2
-38
-64
138
-68
-83
107
-80
30
31
-129
99
52
-162
46
114
-99
-69
104
58
-194
29
220
-225
-51
203
-79
-79
-6
109
-20
-106
59
6
51
-81
-59
139
-23
-105
-1
150
-90
-110
194
-62
-91
111
-18
-35
24
22
12
-39
45
6
-34
48
-31
-16
75
-21
-75
123
10
-140
151
10
-125
104
41
-88
-22
141
-53
-115
146
-1
-79
40
37
-35
-7
72
-79
-1
119
-113
-36
122
-55
-77
96
-3
-94
79
12
-92
23
50
-61
-58
95
-30
-95
72
-33
-40
47
-42
-30
41
5
-97
48
61
-95
3
45
10
-58
1
77
-55
-14
25
16
1
-32
31
20
-1
-18
19
20
2
11
-13
32
13
-20
10
22
12
-10
-3
18
3
-1
26
3
-9
2
-7
10
6
-2
-5
3
2
-13
-6
10
7
-21
-9
6
1
-3
0
14
-11
-29
11
8
-23
-3
16
-6
-14
3
4
4
-3
-1
7
0
-8
-3
11
-4
-21
2
11
-15
-10
10
4
-10
-12
6
8
-19
2
9
-11
-4
2
-9
-12
2
-3
2
4
1
3
9
2
1
7
-11
0
13
-6
-2
16
-9
-12
4
-1
-1
-3
-3
2
3
-4
-2
9
6
-8
2
17
5
-1
14
20
7
1
7
7
6
-2
12
20
-4
-4
18
-2
-7
11
1
0
-11
-1
6
-8
-3
-1
-12
-3
17
20
11
18
-6
-29
-8
-16
-36
-21
-23
-32
-25
-17
-1
-3
9
5
-5
1
-3
-3
3
-3
-9
-1
-5
-9
-4
4
9
6
17
23
19
10
13
20
8
-3
7
11
-7
-7
7
2
5
3
-5
12
8
-10
1
1
-5
4
3
-4
-2
7
-4
-7
11
-1
-17
8
8
-15
1
13
-8
-7
11
-6
-6
11
-2
-6
-5
1
-5
2
5
-2
-3
2
2
-10
2
2
-3
-6
-2
2
-12
-9
-2
4
0
-7
-3
-2
6
3
-6
-4
3
5
-6
5
3
-6
-3
-2
6
7
-6
-1
3
1
-7
2
10
-8
-2
10
7
-4
-2
2
1
-4
4
15
4
-5
-6
14
7
-6
8
11
6
-9
1
13
-3
8
3
-7
7
9
-4
-7
0
2
-1
8
26
2
-9
-9
-9
0
-14
-6
-2
-15
-7
-11
-3
-2
-9
0
-8
-6
0
-2
-1
-1
-8
-9
2
2
-2
-3
1
1
3
9
4
-5
-2
2
-7
-7
1
0
-8
-2
3
-4
-13
-7
4
0
0
2
-1
11
5
-3
23
19
6
20
24
17
8
-1
0
0
-7
-12
6
13
-8
-4
2
-5
-3
16
8
-11
-3
6
5
1
4
2
-12
-7
0
8
-2
-11
-2
3
7
-5
1
8
-15
-20
6
8
-11
-11
2
1
-13
-4
9
-7
-21
-14
1
-5
-11
1
2
-4
1
12
5
-3
3
2
2
7
6
2
-7
-1
-1
-9
-6
-5
-5
-4
-2
-4
-3
-9
-5
5
-4
-7
-1
-3
-4
3
-1
-5
-2
-4
7
16
7
7
14
9
3
15
16
8
4
4
11
11
13
15
7
1
-4
7
20
11
-2
0
-1
-5
5
8
-4
-7
-11
-1
3
-4
-2
-5
-5
-5
3
3
-3
-9
-17
-15
-9
-5
-7
-13
-13
-12
-12
-8
-3
-11
-14
-6
0
3
-1
-6
-7
-11
-3
6
12
3
-5
-2
3
8
6
8
0
-7
4
11
10
6
1
-4
-3
4
5
8
8
1
-1
5
9
7
3
-2
-2
-1
3
6
4
2
-1
-1
3
3
5
6
6
-5
-4
4
-1
1
0
-2
-2
-1
1
2
1
-4
2
5
2
2
8
11
2
0
3
-3
-4
-4
-5
-1
-1
-2
-5
-11
-9
-8
-8
-4
0
-8
-6
-2
-9
-9
-3
-3
-7
-9
-7
-6
-9
-6
2
2
3
10
9
6
5
-1
3
9
10
9
5
4
0
0
6
8
6
3
9
17
21
24
18
11
-8
-19
-8
7
27
24
11
-6
-20
-18
-15
-16
-30
-46
-49
-33
-4
6
-6
-44
-93
-112
-88
-63
-45
-49
-83
-103
-99
-83
-71
-67
-64
-44
-6
30
56
52
26
1
-5
17
49
78
100
108
103
91
75
72
91
122
167
199
194
179
146
117
90
50
29
23
30
44
52
47
35
29
36
55
74
96
128
146
122
28
-114
-233
-241
-124
55
187
202
127
51
70
161
219
161
-13
-178
-222
-160
-57
19
124
420
983
1636
1985
1712
847
-263
-1164
-1577
-1583
-1487
-1523
-1722
-1892
-1878
-1750
-1669
-1712
-1761
-1609
-1111
-357
306
495
125
-512
-1003
-1067
-730
-197
322
744
1101
1446
1743
1823
1601
1174
778
624
717
917
1022
913
677
485
485
681
931
1122
1239
1330
1431
1476
1394
1214
990
819
781
827
829
683
421
183
68
67
95
68
-60
-243
-406
-523
-653
-859
-1121
-1335
-1431
-1412
-1341
-1303
-1310
-1295
-1197
-1004
-771
-576
-442
-341
-260
-215
-240
-349
-493
-588
-612
-634
-680
-671
-542
-326
-151
-189
-446
-656
-345
804
2412
3587
3590
2369
540
-1087
-1928
-1944
-1680
-1732
-2101
-2317
-2096
-1651
-1421
-1578
-1958
-2170
-1716
-433
1113
1976
1729
765
-216
-754
-720
-250
312
718
1091
1667
2315
2529
2052
1168
422
262
815
1732
2343
2176
1372
559
198
313
677
994
1116
1129
1235
1468
1571
1291
733
306
345
877
1554
1881
1547
672
-210
-611
-490
-207
-165
-441
-849
-1162
-1281
-1281
-1357
-1658
-2050
-2225
-2039
-1690
-1457
-1441
-1571
-1680
-1593
-1242
-756
-369
-190
-150
-159
-219
-371
-580
-788
-946
-1007
-971
-898
-842
-846
-989
-1178
-1157
-773
-166
385
684
649
483
913
2658
5181
6800
6300
3992
1070
-1433
-2756
-2635
-1903
-1943
-2890
-3486
-3019
-2221
-1934
-1929
-1793
-1567
-957
681
2921
4028
3088
1104
-486
-1263
-1294
-495
726
1445
1403
1307
1608
1736
1098
-1
-827
-990
-403
801
1980
2261
1459
399
-1
430
1275
1989
2188
1829
1315
1147
1296
1268
809
232
49
455
1212
1790
1674
779
-330
-891
-684
-174
2
-454
-1335
-2143
-2435
-2173
-1748
-1582
-1741
-1956
-1942
-1636
-1195
-896
-886
-1022
-994
-673
-234
19
-125
-649
-1299
-1699
-1646
-1310
-1035
-1001
-1125
-1223
-1203
-1038
-766
-490
-317
-202
67
540
910
841
407
62
166
724
1452
1917
1783
1395
1846
3760
6141
7052
5530
2353
-957
-3161
-3698
-2937
-2140
-2385
-3316
-3656
-2907
-1795
-1057
-700
-487
-209
618
2318
4084
4434
2831
285
-1779
-2692
-2448
-1382
-232
271
162
121
444
626
175
-646
-1185
-992
-20
1338
2333
2316
1350
278
-40
586
1709
2630
2850
2346
1497
780
390
219
155
223
530
1085
1623
1731
1180
195
-674
-988
-713
-181
143
-27
-617
-1314
-1796
-1949
-1898
-1806
-1759
-1748
-1704
-1596
-1447
-1290
-1171
-1091
-997
-816
-558
-370
-436
-749
-1140
-1459
-1643
-1684
-1584
-1425
-1280
-1063
-680
-211
119
204
151
126
226
472
830
1130
1173
878
358
-129
-323
-53
579
1235
1541
1404
1209
1694
3424
5924
7622
7047
4196
483
-2462
-3763
-3517
-2610
-2244
-2882
-3692
-3587
-2544
-1464
-916
-692
-414
187
1385
2996
3941
3131
838
-1429
-2475
-2324
-1623
-911
-543
-542
-477
26
577
358
-666
-1498
-1252
38
1656
2856
3230
2799
2094
1763
1925
2130
1970
1530
1094
707
238
-339
-916
-1315
-1264
-539
697
1794
2118
1561
589
-209
-516
-397
-249
-501
-1248
-2128
-2634
-2574
-2165
-1761
-1540
-1467
-1391
-1194
-920
-738
-738
-828
-861
-779
-608
-403
-337
-568
-986
-1276
-1261
-1047
-795
-529
-252
-23
178
350
396
239
69
163
479
721
644
188
-518
-1074
-963
-86
1027
1748
1799
1503
1856
3947
7378
9665
8460
4036
-961
-4181
-5151
-4561
-3608
-3594
-4648
-5216
-3919
-1483
120
253
-138
-258
344
2197
4859
6203
4406
501
-2615
-3530
-3083
-2443
-2055
-2000
-2000
-1279
351
1543
853
-1137
-2356
-1559
704
3079
4432
4106
2422
827
591
1486
2269
2264
1852
1519
1274
963
463
-292
-1114
-1390
-590
1025
2431
2687
1629
-65
-1351
-1616
-1118
-668
-835
-1506
-2186
-2461
-2198
-1590
-1030
-814
-849
-779
-415
83
383
264
-251
-903
-1319
-1279
-935
-743
-1035
-1631
-2018
-1917
-1480
-1006
-658
-479
-434
-350
-35
457
801
853
770
703
660
619
619
591
413
227
212
358
591
836
840
426
306
1995
5722
8980
8864
5063
-80
-4032
-5805
-5483
-3970
-3010
-3566
-4432
-3765
-1526
465
914
252
-520
-493
1109
3931
5883
4800
863
-3371
-5596
-5449
-3945
-2427
-1700
-1486
-784
784
2131
1960
479
-864
-826
816
3285
5211
5265
3368
1067
71
642
1731
2303
2192
1698
1073
592
321
-42
-735
-1433
-1284
147
2080
3201
2819
1289
-375
-1309
-1199
-349
384
260
-661
-1673
-2121
-1995
-1758
-1680
-1683
-1513
-1015
-362
53
-107
-868
-1777
-2250
-1992
-1236
-698
-877
-1584
-2220
-2319
-1906
-1301
-722
-327
-82
267
786
1244
1211
574
-156
-467
-276
149
348
126
-377
-912
-1106
-796
-107
644
1030
1035
916
601
139
243
2208
6279
9981
10339
6751
1181
-3538
-5984
-6071
-4429
-2891
-2880
-3759
-3897
-2491
-785
-332
-823
-1164
-514
1564
4432
6498
5925
2270
-2314
-5159
-5305
-3629
-1938
-1182
-907
-307
986
2232
2276
1150
-129
-329
1184
3624
5437
5394
3509
1349
397
702
1361
1397
667
-319
-1145
-1476
-1349
-1200
-1253
-1282
-654
979
2885
3893
3413
1857
387
-212
-24
292
-109
-1471
-3106
-4035
-3717
-2605
-1709
-1515
-1813
-2066
-1892
-1417
-918
-625
-664
-844
-950
-887
-727
-738
-944
-1129
-1110
-774
-346
-176
-287
-539
-652
-444
-83
308
510
329
38
-58
48
44
-410
-924
-896
-320
621
1473
1660
1213
1163
3313
7651
10926
10099
5291
-660
-4901
-6673
-6213
-4389
-3255
-3826
-4669
-3718
-916
1271
1180
-82
-816
-107
2201
5217
7034
5651
1237
-3234
-5099
-4331
-2662
-1675
-1537
-1463
-792
598
1868
1830
405
-1144
-1148
994
4007
5807
5185
2731
367
-410
340
1537
2071
1576
546
-239
-341
-108
-296
-1074
-1654
-1096
695
2763
3744
2971
920
-1154
-2066
-1704
-977
-878
-1659
-2652
-3013
-2543
-1691
-1062
-893
-944
-866
-479
122
621
630
-9
-1054
-2052
-2565
-2440
-1913
-1372
-1169
-1289
-1340
-1101
-636
-175
84
200
285
472
825
1040
913
496
-69
-443
-424
8
616
807
476
52
-221
-162
279
793
950
839
1947
5549
9647
10462
6616
496
-4325
-6505
-6462
-4750
-2903
-2860
-4420
-5044
-2896
408
1925
1259
111
-164
924
3296
5844
6171
2742
-2642
-6383
-6687
-4745
-2746
-1647
-1066
-297
1056
2522
2916
1591
-575
-1579
-96
3146
5984
6550
4615
1609
-561
-853
342
1686
2094
1549
757
285
67
-274
-857
-1348
-1133
235
2470
4354
4512
2665
1
-1886
-2300
-1643
-798
-560
-1257
-2419
-3025
-2527
-1500
-970
-1203
-1531
-1298
-525
261
451
-263
-1640
-2916
-3285
-2645
-1703
-1283
-1570
-2013
-1901
-1061
11
662
647
275
45
179
480
517
-13
-884
-1406
-1078
-159
573
631
152
-436
-825
-752
-121
650
1120
1388
1651
1649
1207
1640
4747
9300
11441
8913
3342
-1919
-5493
-7314
-6733
-4379
-2853
-3526
-4488
-3132
-298
1046
478
-155
86
1057
2970
5806
7408
5042
-491
-5206
-6430
-4951
-3059
-1891
-1302
-951
-358
785
1803
1596
88
-1209
-533
2144
5099
6446
5432
2929
678
-45
777
1920
2068
1019
-490
-1618
-2044
-2035
-1941
-1877
-1563
-389
1753
3886
4579
3269
939
-790
-1140
-498
180
-11
-1329
-3132
-4246
-3931
-2737
-1860
-1755
-1907
-1700
-1059
-348
150
266
-90
-603
-717
-329
41
-171
-960
-1798
-2261
-2210
-1683
-975
-385
12
287
519
668
684
579
378
208
284
534
603
301
-228
-720
-997
-899
-306
574
1361
1777
1636
1256
1890
4857
9126
11133
8505
2739
-2652
-5787
-6849
-6119
-4268
-3230
-4047
-4957
-3653
-840
625
-41
-925
-534
1067
3607
6611
8135
5938
666
-4168
-5963
-5261
-4009
-3158
-2521
-1743
-615
731
1496
855
-727
-1525
-249
2648
5477
6684
5733
3341
1157
556
1374
2165
1889
842
-157
-857
-1429
-1894
-2211
-2457
-2374
-1209
1280
3871
4784
3538
1329
-328
-869
-578
-11
155
-614
-2057
-3079
-2880
-2008
-1713
-2316
-2869
-2448
-1248
-82
525
436
-313
-1253
-1468
-544
707
1015
92
-1214
-2039
-2270
-2191
-1918
-1457
-914
-334
427
1279
1656
1075
-88
-750
-299
789
1598
1613
806
-630
-2075
-2690
-2186
-1100
-41
791
1294
1602
2728
5731
9305
10242
7134
2120
-1792
-3935
-5033
-5023
-4074
-3734
-4736
-5281
-3517
-732
316
-536
-1178
-532
940
3113
5928
7515
5472
459
-3927
-5217
-4260
-3035
-2112
-1135
-172
571
1178
1424
640
-1092
-2173
-948
2301
5493
6690
5519
3024
732
-192
452
1815
2643
2339
1252
36
-1007
-1916
-2631
-2852
-2202
-502
1873
3917
4495
3257
1080
-630
-1079
-495
264
391
-413
-1823
-3084
-3601
-3498
-3340
-3383
-3314
-2680
-1488
-254
483
469
-118
-728
-795
-187
570
720
50
-960
-1677
-1867
-1760
-1636
-1600
-1562
-1271
-537
459
1168
1107
398
-380
-688
-401
146
462
229
-368
-777
-611
-13
526
661
458
306
542
1052
1653
2728
5085
8321
10190
8720
4353
-564
-4223
-6159
-6200
-4654
-3176
-3352
-4516
-4501
-2761
-1089
-668
-623
119
1500
3328
5722
7608
6716
2479
-2506
-5217
-5309
-4382
-3362
-2061
-574
542
1179
1558
1366
143
-1402
-1570
464
3590
5880
6304
5151
3266
1435
272
-1
219
195
-452
-1336
-1861
-1980
-2071
-2259
-2068
-879
1251
3485
4835
4758
3412
1480
-193
-1031
-1165
-1362
-2201
-3396
-4130
-4019
-3505
-3161
-2991
-2653
-1986
-1069
45
1233
1998
1865
1028
239
-35
-29
-209
-664
-1223
-1810
-2377
-2733
-2669
-2218
-1579
-829
35
797
1059
699
86
-271
-190
184
579
753
552
31
-553
-932
-907
-382
469
1256
1984
3436
6171
8973
9470
6663
2048
-2041
-4526
-5405
-4781
-3342
-2582
-3203
-3977
-3340
-1704
-764
-929
-1041
-275
1221
3304
5797
7305
5896
1671
-2719
-4769
-4443
-3253
-2123
-1103
-228
377
837
1196
954
-214
-1467
-1357
614
3407
5430
5773
4526
2518
841
234
567
1076
1127
594
-286
-1162
-1741
-1949
-1942
-1770
-1074
447
2335
3566
3515
2460
1024
-327
-1215
-1358
-1021
-1009
-1791
-2856
-3383
-3293
-3112
-3077
-2897
-2320
-1472
-537
415
1133
1183
515
-286
-548
-276
-59
-325
-945
-1610
-2204
-2660
-2807
-2519
-1958
-1325
-504
612
1621
1837
1087
-20
-715
-739
-272
375
852
889
483
-68
-421
-423
-125
270
787
1981
4467
7679
9548
8341
4493
115
-3035
-4512
-4528
-3601
-2796
-2876
-3181
-2402
-622
455
-193
-1553
-1987
-889
1422
4325
6595
6507
3558
-483
-3163
-3670
-2960
-2051
-1143
-206
591
1130
1361
1020
-137
-1658
-2396
-1466
882
3431
4879
4668
3229
1571
527
300
597
985
1120
847
282
-376
-1155
-2198
-3229
-3412
-2185
12
1995
2813
2309
931
-584
-1433
-1214
-361
161
-220
-1221
-2189
-2827
-3257
-3580
-3708
-3514
-2926
-1897
-523
770
1369
1068
342
-84
95
563
852
766
346
-257
-892
-1426
-1830
-2175
-2364
-2048
-993
518
1789
2233
1773
806
-76
-422
-164
362
731
763
562
366
403
667
911
1123
1984
4293
7441
9345
8316
4642
83
-3812
-6242
-6709
-5435
-3702
-2711
-2244
-1246
198
712
-362
-2024
-2850
-2173
53
3388
6289
6585
3586
-848
-4044
-4934
-4206
-2795
-1171
279
1182
1550
1585
1066
-414
-2434
-3574
-2621
202
3388
5364
5472
4106
2234
820
370
697
1125
1093
679
419
494
381
-465
-1753
-2543
-2207
-891
804
2187
2651
1966
639
-371
-583
-379
-379
-728
-1158
-1474
-1700
-1875
-2035
-2319
-2811
-3254
-3114
-2127
-667
554
1119
1163
1006
746
339
-153
-540
-718
-722
-578
-356
-312
-723
-1525
-2184
-2163
-1419
-318
688
1257
1227
726
146
-160
-181
-139
-160
-148
48
455
857
1035
1235
2224
4453
7044
8285
7162
4136
439
-2962
-5384
-6274
-5797
-4847
-3975
-2776
-825
1069
1525
303
-1503
-2665
-2511
-769
2218
4935
5483
3438
317
-2075
-3203
-3442
-2992
-1857
-352
1042
2095
2652
2226
465
-1956
-3538
-3187
-1079
1679
3921
4982
4816
3915
2956
2289
1757
1041
151
-463
-356
398
1127
1097
191
-978
-1677
-1589
-845
191
1072
1377
1026
442
92
-31
-262
-712
-1100
-1230
-1271
-1415
-1601
-1755
-2019
-2501
-2899
-2747
-2042
-1267
-760
-368
140
644
868
777
523
95
-586
-1287
-1580
-1400
-1154
-1146
-1215
-1081
-813
-633
-522
-342
-130
-35
-36
50
208
179
-188
-702
-1001
-850
-318
392
1257
2558
4500
6535
7565
6902
4822
2134
-573
-2906
-4359
-4758
-4542
-4124
-3321
-1818
-97
832
623
-211
-1101
-1732
-1636
-322
1775
3308
3403
2468
1388
422
-589
-1436
-1646
-1114
-126
1075
2258
2857
2237
509
-1358
-2360
-2178
-1108
399
1910
3041
3628
3800
3709
3288
2381
1090
-166
-946
-1079
-717
-226
64
93
6
-93
-273
-601
-966
-1176
-1128
-794
-207
419
698
363
-409
-1213
-1860
-2388
-2801
-2955
-2825
-2591
-2339
-1967
-1472
-1102
-1039
-1108
-972
-521
86
689
1157
1283
903
131
-690
-1287
-1579
-1522
-1114
-521
-26
201
199
53
-178
-336
-275
-62
68
7
-118
-177
-156
28
499
1162
1794
2513
3772
5518
6826
6743
5270
3178
1027
-1047
-2783
-3835
-4238
-4293
-3971
-2872
-1132
290
562
-226
-1355
-2240
-2545
-1991
-647
838
1703
1808
1603
1398
1024
316
-497
-964
-821
-149
782
1565
1785
1264
268
-614
-942
-737
-298
207
865
1742
2647
3278
3459
3165
2423
1373
349
-356
-735
-959
-1018
-729
-127
430
623
438
26
-470
-854
-889
-573
-252
-234
-433
-557
-532
-546
-772
-1246
-1967
-2812
-3423
-3403
-2725
-1802
-1070
-649
-443
-361
-314
-180
95
393
553
548
454
270
-67
-508
-869
-1019
-977
-829
-622
-388
-206
-137
-122
-68
1
-40
-234
-469
-569
-507
-378
-235
-50
258
773
1645
2982
4518
5602
5711
4878
3569
2149
715
-628
-1678
-2367
-2776
-2834
-2294
-1227
-240
43
-380
-1041
-1604
-1998
-2111
-1752
-1026
-323
127
446
726
744
326
-229
-406
-61
525
1077
1547
1865
1836
1441
977
714
604
489
464
764
1339
1847
2088
2139
2052
1677
945
84
-656
-1257
-1719
-1833
-1408
-644
38
462
705
761
523
105
-167
-198
-242
-470
-689
-694
-617
-687
-875
-1083
-1441
-2090
-2773
-3034
-2790
-2385
-2046
-1647
-1065
-453
22
432
819
957
630
39
-383
-477
-434
-423
-384
-263
-189
-245
-293
-184
4
46
-64
-103
14
79
-153
-601
-939
-943
-636
-163
336
652
600
329
392
1213
2541
3663
4121
4012
3585
2921
2091
1285
580
-135
-838
-1150
-753
72
654
627
143
-536
-1269
-1861
-2017
-1674
-1167
-833
-672
-568
-592
-856
-1215
-1340
-1113
-668
-117
518
1113
1438
1406
1170
899
647
472
523
860
1350
1797
2087
2136
1845
1233
499
-160
-728
-1269
-1697
-1843
-1674
-1267
-667
71
711
948
756
460
313
239
60
-197
-398
-559
-777
-963
-964
-889
-1032
-1449
-1832
-1938
-1872
-1824
-1732
-1425
-942
-442
62
643
1142
1211
763
140
-292
-487
-588
-613
-516
-404
-423
-498
-408
-94
259
499
665
793
759
432
-98
-575
-813
-767
-481
-61
310
422
232
-92
-336
-395
-269
60
639
1463
2399
3212
3665
3641
3212
2608
2049
1594
1122
500
-246
-959
-1444
-1575
-1363
-935
-471
-85
213
401
378
37
-593
-1340
-1998
-2434
-2573
-2377
-1905
-1306
-700
-133
355
651
641
366
15
-223
-250
-37
389
905
1283
1374
1216
931
590
195
-222
-570
-782
-835
-700
-354
142
621
950
1130
1255
1382
1478
1494
1402
1165
755
219
-319
-752
-1065
-1289
-1417
-1423
-1335
-1224
-1124
-996
-804
-553
-274
13
265
385
306
73
-178
-339
-397
-395
-417
-534
-782
-1085
-1255
-1150
-786
-336
-4
108
11
-199
-385
-455
-429
-398
-410
-414
-347
-234
-156
-160
-237
-333
-343
-166
216
684
1065
1274
1327
1291
1220
1197
1315
1583
1922
2213
2379
2344
2003
1331
469
-338
-879
-1065
-902
-460
83
502
657
549
256
-166
-665
-1117
-1391
-1439
-1309
-1084
-810
-544
-351
-246
-178
-91
15
75
75
48
8
-74
-225
-418
-587
-686
-709
-659
-558
-442
-333
-199
28
374
765
1099
1307
1377
1344
1247
1130
1036
976
939
868
705
396
-76
-648
-1189
-1555
-1647
-1476
-1132
-725
-353
-72
101
173
169
133
106
119
171
216
188
32
-271
-665
-1049
-1304
-1344
-1167
-851
-541
-382
-438
-661
-908
-1030
-949
-695
-382
-109
76
185
255
286
269
187
41
-103
-166
-100
98
386
728
1080
1358
1462
1327
976
533
200
162
485
1054
1623
1972
2015
1807
1468
1098
744
407
76
-239
-498
-672
-766
-820
-848
-813
-663
-385
-54
190
217
-29
-481
-963
-1281
-1319
-1098
-740
-390
-150
-58
-116
-290
-517
-719
-834
-850
-809
-762
-730
-682
-532
-209
282
819
1226
1394
1335
1160
1008
963
1037
1182
1298
1274
1054
654
167
-274
-564
-636
-511
-279
-51
124
248
331
360
295
155
3
-85
-59
51
163
160
-39
-410
-834
-1167
-1329
-1328
-1218
-1074
-963
-916
-933
-973
-987
-945
-834
-673
-497
-358
-293
-279
-267
-203
-74
70
159
139
4
-185
-322
-304
-95
248
589
805
831
694
502
371
390
579
887
1235
1554
1784
1899
1889
1774
1600
1395
1163
866
449
-98
-714
-1259
-1572
-1546
-1192
-640
-91
278
381
238
-46
-359
-617
-775
-834
-800
-703
-586
-479
-417
-408
-420
-405
-332
-225
-144
-136
-213
-323
-381
-311
-90
218
506
699
792
847
933
1080
1249
1342
1254
962
539
121
-160
-261
-216
-103
6
93
189
320
478
587
566
386
91
-204
-384
-402
-294
-153
-85
-156
-363
-663
-982
-1255
-1430
-1474
-1382
-1202
-1011
-890
-871
-927
-975
-940
-799
-597
-414
-305
-265
-251
-207
-139
-89
-89
-135
-171
-139
-12
181
376
514
568
560
523
470
415
369
387
540
882
1405
1997
2495
2740
2655
2289
1753
1163
597
62
-449
-906
-1245
-1371
-1247
-928
-529
-196
-25
-27
-155
-332
-511
-686
-852
-981
-1018
-911
-672
-370
-125
-26
-80
-207
-290
-259
-132
5
63
24
-58
-95
-40
90
226
317
360
419
554
772
1011
1167
1154
962
661
343
91
-60
-112
-67
75
308
593
855
999
955
716
351
-26
-314
-453
-445
-323
-154
-23
-2
-142
-449
-867
-1293
-1620
-1783
-1769
-1619
-1394
-1132
-868
-628
-437
-333
-319
-373
-448
-488
-479
-433
-381
-336
-281
-203
-104
-29
-27
-107
-222
-278
-194
27
318
572
768
986
1356
1956
2680
3301
3561
3311
2596
1597
527
-459
-1298
-1939
-2279
-2218
-1730
-973
-263
92
-39
-532
-1072
-1360
-1289
-987
-696
-580
-623
-681
-605
-358
-31
249
411
495
582
725
877
915
742
377
-43
-346
-411
-253
30
300
483
594
699
851
1037
1174
1186
1066
881
736
710
815
987
1124
1156
1058
870
644
409
184
-15
-156
-197
-122
57
266
410
397
194
-162
-587
-990
-1293
-1470
-1534
-1517
-1454
-1359
-1242
-1125
-1043
-1030
-1091
-1188
-1267
-1282
-1214
-1100
-979
-873
-772
-655
-528
-438
-450
-591
-817
-1031
-1136
-1100
-964
-779
-523
-77
699
1822
3088
4114
4523
4154
3143
1836
586
-418
-1167
-1732
-2111
-2177
-1805
-1036
-150
473
571
162
-456
-901
-946
-641
-240
33
130
164
274
493
722
823
744
583
520
673
1000
1314
1419
1225
782
261
-177
-434
-489
-388
-159
184
617
1072
1446
1634
1588
1327
950
603
424
481
742
1083
1353
1427
1254
875
393
-93
-525
-887
-1158
-1301
-1281
-1102
-841
-608
-516
-607
-837
-1085
-1232
-1242
-1153
-1035
-938
-873
-830
-797
-771
-772
-810
-877
-938
-961
-943
-903
-875
-886
-966
-1124
-1334
-1531
-1642
-1619
-1453
-1172
-794
-289
437
1475
2749
3952
4666
4561
3608
2068
373
-1065
-2037
-2574
-2804
-2770
-2399
-1659
-724
90
484
356
-117
-537
-526
6
788
1397
1572
1334
901
511
294
251
302
390
569
923
1409
1792
1776
1252
375
-531
-1130
-1201
-740
39
823
1409
1756
1875
1745
1341
745
145
-289
-424
-181
404
1134
1745
2070
2091
1847
1375
774
224
-109
-180
-70
110
249
211
-86
-582
-1114
-1566
-1934
-2225
-2391
-2370
-2163
-1820
-1417
-1048
-828
-808
-892
-897
-695
-318
54
250
213
3
-291
-624
-966
-1257
-1466
-1634
-1764
-1764
-1584
-1308
-962
-284
1016
2694
4023
4402
3742
2292
365
-1508
-2670
-2921
-2768
-2710
-2583
-1992
-1098
-487
-374
-553
-912
-1402
-1584
-863
640
1978
2416
2094
1478
706
-132
-612
-364
377
1122
1812
2622
3284
3194
2197
813
-386
-1204
-1522
-1122
-54
1128
1871
2119
2105
1880
1369
727
316
282
480
773
1162
1582
1806
1681
1314
918
575
300
163
251
509
725
715
440
-23
-559
-1029
-1280
-1247
-1013
-768
-656
-696
-829
-986
-1138
-1248
-1258
-1126
-854
-522
-240
-139
-336
-834
-1466
-1974
-2225
-2295
-2307
-2279
-2161
-1978
-1790
-1606
-1404
-1172
-794
80
1685
3631
5048
5227
4097
2068
-298
-2338
-3469
-3642
-3381
-3144
-2847
-2214
-1405
-906
-911
-1246
-1692
-1983
-1685
-477
1257
2548
2729
1970
842
-210
-871
-843
-84
1007
1946
2616
3078
3178
2634
1467
134
-849
-1212
-848
209
1609
2747
3164
2869
2211
1516
980
749
890
1291
1719
2014
2160
2137
1884
1407
858
426
202
205
406
711
911
777
241
-563
-1397
-2028
-2269
-2041
-1458
-821
-423
-374
-592
-920
-1218
-1376
-1338
-1141
-886
-627
-365
-129
-56
-273
-722
-1199
-1545
-1747
-1868
-1906
-1876
-1862
-1927
-2031
-2101
-2109
-1958
-1313
146
2184
3971
4645
3902
2062
-226
-2202
-3217
-3141
-2507
-1979
-1745
-1536
-1208
-984
-1098
-1488
-1911
-2074
-1657
-440
1322
2807
3193
2327
758
-764
-1684
-1720
-854
606
2119
3211
3675
3488
2683
1380
-43
-1029
-1196
-538
634
1898
2849
3139
2669
1704
739
188
175
628
1380
2158
2626
2569
2079
1448
942
690
750
1117
1639
2051
2143
1872
1275
376
-710
-1700
-2277
-2324
-1974
-1475
-1073
-994
-1323
-1879
-2315
-2387
-2095
-1584
-986
-428
-42
85
-37
-359
-834
-1320
-1591
-1539
-1324
-1203
-1281
-1502
-1827
-2212
-2501
-2513
-2180
-1432
-29
2092
4301
5501
4979
2965
289
-2167
-3653
-3756
-2793
-1731
-1309
-1400
-1451
-1337
-1373
-1652
-1922
-1951
-1622
-733
812
2466
3201
2474
755
-995
-2070
-2148
-1150
638
2480
3601
3733
3091
1973
631
-548
-1078
-732
265
1466
2477
3008
2868
2091
1019
154
-151
158
908
1811
2522
2756
2420
1676
850
256
62
279
781
1350
1746
1805
1520
1012
415
-192
-737
-1120
-1255
-1162
-971
-828
-851
-1100
-1513
-1882
-1957
-1661
-1166
-726
-497
-518
-735
-1024
-1227
-1282
-1262
-1212
-1087
-901
-841
-1077
-1524
-1947
-2245
-2435
-2463
-2223
-1685
-812
599
2584
4495
5249
4277
2046
-421
-2292
-3103
-2773
-1800
-1080
-1157
-1685
-1948
-1762
-1492
-1382
-1281
-989
-442
417
1567
2570
2716
1726
111
-1264
-1825
-1467
-381
1063
2336
2976
2829
2058
979
-98
-865
-1063
-629
233
1139
1735
1859
1580
1098
651
452
642
1205
1929
2507
2684
2375
1666
810
157
-27
285
867
1401
1659
1551
1138
601
133
-160
-311
-397
-460
-502
-557
-679
-882
-1134
-1366
-1512
-1481
-1200
-727
-289
-152
-397
-835
-1200
-1352
-1293
-1045
-668
-358
-366
-739
-1258
-1689
-1974
-2108
-2013
-1704
-1396
-1182
-676
623
2487
3885
3924
2615
651
-1223
-2389
-2444
-1609
-839
-981
-1853
-2563
-2618
-2289
-1964
-1655
-1277
-896
-456
264
1191
1713
1283
120
-998
-1483
-1242
-415
798
2026
2782
2803
2257
1493
755
197
17
339
993
1542
1662
1369
895
450
155
124
426
976
1581
2083
2400
2463
2195
1684
1233
1140
1432
1857
2089
1942
1421
718
118
-164
-131
25
86
-42
-331
-688
-1005
-1216
-1310
-1304
-1184
-938
-628
-351
-187
-193
-412
-814
-1204
-1351
-1225
-1012
-891
-915
-1086
-1441
-1900
-2232
-2275
-2105
-1886
-1682
-1505
-1369
-1158
-527
715
2148
2934
2540
1160
-531
-1833
-2301
-1934
-1256
-956
-1269
-1786
-1965
-1709
-1333
-1141
-1161
-1190
-945
-276
641
1311
1288
567
-400
-1046
-1034
-401
550
1477
2154
2501
2478
2102
1512
941
615
653
1040
1587
1987
1995
1620
1107
714
572
699
1058
1524
1899
2034
1911
1622
1306
1121
1194
1519
1903
2075
1883
1377
749
226
-44
-51
79
166
89
-154
-501
-879
-1218
-1442
-1492
-1375
-1164
-955
-814
-772
-837
-977
-1144
-1283
-1364
-1362
-1260
-1103
-1005
-1081
-1361
-1749
-2110
-2309
-2262
-1965
-1543
-1207
-1099
-1173
-1212
-972
-389
335
816
727
61
-810
-1345
-1226
-605
23
224
-43
-471
-681
-516
-122
169
115
-220
-494
-401
8
400
478
212
-177
-416
-319
122
733
1276
1658
1936
2143
2177
1925
1446
991
825
1033
1491
1917
2024
1706
1130
616
390
440
608
759
880
1025
1219
1414
1531
1544
1496
1473
1514
1554
1475
1198
789
422
226
167
80
-168
-556
-949
-1210
-1287
-1238
-1173
-1185
-1267
-1326
-1274
-1111
-920
-785
-738
-781
-896
-1064
-1241
-1394
-1520
-1611
-1661
-1665
-1652
-1646
-1659
-1666
-1625
-1520
-1365
-1208
-1102
-1051
-988
-807
-481
-114
110
90
-97
-226
-99
303
778
1037
924
552
220
182
445
781
912
728
350
30
-46
127
397
581
608
528
423
336
265
208
226
375
646
918
1018
856
512
201
125
324
639
843
789
529
242
80
65
106
118
121
221
511
964
1422
1692
1675
1428
1115
888
797
787
781
748
710
705
738
756
694
523
274
39
-102
-125
-70
-27
-44
-117
-206
-262
-264
-244
-263
-379
-603
-882
-1154
-1374
-1529
-1630
-1676
-1674
-1620
-1523
-1409
-1333
-1352
-1465
-1596
-1642
-1539
-1307
-1042
-858
-827
-929
-1062
-1122
-1053
-880
-667
-461
-279
-130
-23
31
33
9
-2
34
122
216
253
217
151
140
221
347
417
364
226
129
218
537
964
1281
1318
1073
706
442
428
663
1016
1330
1508
1540
1461
1304
1088
843
639
571
689
951
1228
1384
1366
1238
1121
1096
1141
1164
1089
922
742
617
538
444
290
109
0
30
164
258
166
-138
-537
-838
-915
-787
-578
-421
-376
-415
-486
-580
-726
-945
-1198
-1402
-1488
-1451
-1352
-1274
-1265
-1317
-1382
-1404
-1354
-1226
-1031
-809
-635
-588
-702
-926
-1148
-1275
-1278
-1196
-1085
-959
-778
-510
-191
70
151
28
-185
-320
-276
-88
101
166
74
-90
-199
-175
-59
47
75
45
46
147
340
549
677
687
620
561
577
681
838
1006
1171
1339
1503
1625
1659
1584
1441
1316
1286
1376
1524
1616
1562
1356
1090
890
841
938
1100
1224
1244
1161
1011
830
643
462
305
204
174
191
199
135
-30
-275
-535
-739
-849
-880
-872
-872
-914
-998
-1114
-1234
-1335
-1387
-1384
-1346
-1306
-1309
-1380
-1500
-1623
-1663
-1547
-1251
-823
-391
-98
-40
-221
-531
-827
-1007
-1061
-1052
-1047
-1059
-1037
-923
-716
-492
-349
-334
-404
-453
-394
-239
-86
-48
-151
-315
-414
-371
-211
-30
87
142
205
342
549
731
786
697
537
428
446
575
738
863
943
1035
1182
1361
1495
1507
1399
1245
1161
1197
1326
1451
1481
1398
1265
1171
1175
1276
1424
1551
1603
1565
1448
1276
1085
914
797
748
750
754
711
593
404
175
-65
-310
-570
-843
-1108
-1323
-1459
-1514
-1527
-1560
-1649
-1786
-1908
-1956
-1912
-1823
-1768
-1787
-1852
-1862
-1708
-1359
-915
-554
-435
-582
-874
-1128
-1207
-1114
-964
-896
-950
-1054
-1088
-984
-785
-604
-524
-529
-524
-409
-185
58
192
168
46
-59
-65
34
175
306
427
576
764
930
979
862
637
461
462
666
963
1194
1260
1200
1137
1182
1359
1590
1762
1813
1757
1653
1544
1435
1315
1194
1106
1082
1117
1159
1150
1069
953
864
829
818
753
588
353
152
71
128
251
326
268
80
-163
-367
-475
-492
-466
-459
-519
-659
-870
-1114
-1346
-1519
-1618
-1651
-1651
-1653
-1667
-1690
-1701
-1683
-1622
-1499
-1312
-1086
-866
-703
-626
-637
-709
-805
-900
-972
-1008
-973
-837
-621
-391
-252
-271
-431
-640
-782
-781
-650
-468
-314
-223
-179
-147
-121
-103
-89
-47
78
320
637
933
1111
1126
1021
894
831
867
977
1110
1228
1313
1359
1357
1305
1229
1190
1265
1478
1765
2002
2067
1930
1659
1391
1235
1208
1238
1226
1128
982
854
779
736
661
500
265
15
-173
-267
-283
-275
-290
-344
-443
-577
-738
-902
-1030
-1078
-1023
-896
-777
-745
-851
-1071
-1332
-1546
-1660
-1681
-1654
-1633
-1631
-1624
-1560
-1395
-1148
-886
-688
-598
-595
-609
-569
-464
-354
-320
-404
-553
-652
-613
-432
-196
-34
-21
-146
-309
-411
-424
-388
-365
-372
-377
-344
-262
-165
-103
-86
-67
26
230
497
738
873
903
884
881
917
964
987
983
992
1065
1203
1346
1415
1376
1275
1204
1234
1351
1485
1545
1503
1398
1301
1265
1270
1259
1186
1055
915
811
742
672
563
406
236
105
29
-20
-93
-233
-418
-593
-706
-751
-781
-847
-961
-1088
-1164
-1143
-1030
-891
-802
-798
-869
-975
-1089
-1205
-1320
-1414
-1445
-1366
-1182
-967
-828
-843
-994
-1194
-1324
-1320
-1191
-1002
-817
-656
-511
-379
-286
-258
-310
-404
-459
-414
-263
-80
36
17
-114
-276
-380
-379
-294
-174
-56
62
188
314
410
443
422
400
454
629
910
1212
1440
1535
1509
1426
1357
1341
1378
1439
1496
1534
1545
1525
1457
1333
1170
1013
912
893
941
1004
1032
1000
913
785
635
478
334
229
184
202
255
283
238
108
-79
-279
-456
-607
-744
-874
-993
-1083
-1142
-1181
-1224
-1280
-1331
-1325
-1231
-1068
-892
-758
-693
-674
-649
-594
-540
-546
-649
-824
-991
-1085
-1097
-1080
-1100
-1177
-1256
-1243
-1099
-854
-606
-454
-428
-493
-568
-599
-587
-559
-539
-515
-459
-357
-238
-157
-150
-204
-251
-217
-71
144
350
480
517
500
490
529
627
775
951
1148
1352
1541
1681
1750
1746
1696
1644
1623
1649
1707
1760
1776
1740
1658
1547
1425
1308
1210
1135
1078
1028
969
889
777
635
479
331
204
105
23
-59
-153
-260
-382
-516
-665
-827
-992
-1141
-1254
-1319
-1343
-1347
-1353
-1373
-1400
-1423
-1431
-1404
-1327
-1181
-955
-687
-440
-295
-298
-443
-672
-901
-1074
-1174
-1218
-1219
-1183
-1112
-1022
-953
-937
-968
-1005
-975
-844
-628
-415
-301
-323
-448
-592
-670
-648
-535
-373
-201
-40
102
217
280
287
270
288
391
585
822
1021
1118
1094
1003
928
933
1043
1231
1445
1649
1811
1915
1969
1970
1925
1855
1789
1755
1768
1807
1833
1807
1707
1538
1332
1126
954
821
718
631
548
458
353
224
73
-92
-254
-391
-486
-544
-577
-615
-677
-776
-908
-1061
-1216
-1356
-1468
-1545
-1594
-1621
-1629
-1620
-1593
-1553
-1505
-1461
-1426
-1405
-1388
-1366
-1337
-1303
-1276
-1263
-1249
-1218
-1156
-1064
-963
-881
-837
-832
-846
-859
-846
-800
-729
-640
-547
-462
-398
-360
-344
-332
-292
-200
-46
149
352
527
664
773
879
1009
1170
1351
1530
1680
1784
1832
1825
1782
1728
1694
1701
1743
1799
1841
1852
1837
1813
1795
1794
1793
1766
1696
1588
1454
1318
1201
1096
991
871
728
568
403
242
93
-45
-174
-296
-412
-532
-669
-824
-983
-1122
-1217
-1262
-1268
-1267
-1286
-1339
-1422
-1518
-1605
-1656
-1655
-1593
-1470
-1316
-1180
-1106
-1117
-1197
-1303
-1383
-1409
-1378
-1313
-1238
-1171
-1109
-1048
-981
-917
-861
-805
-744
-673
-602
-552
-540
-576
-639
-690
-692
-626
-494
-322
-139
29
167
266
319
328
313
308
351
473
672
921
1170
1370
1499
1565
1602
1642
1711
1808
1917
2009
2058
2054
2001
1915
1811
1710
1627
1577
1558
1562
1575
1572
1536
1446
1304
1120
931
767
653
589
557
524
456
340
176
-5
-184
-338
-463
-572
-682
-816
-984
-1179
-1381
-1557
-1680
-1733
-1730
-1700
-1668
-1657
-1661
-1649
-1591
-1478
-1324
-1171
-1059
-1017
-1040
-1106
-1190
-1266
-1314
-1330
-1312
-1261
-1193
-1133
-1106
-1115
-1139
-1143
-1094
-982
-825
-661
-523
-425
-355
-292
-224
-136
-37
64
168
275
378
469
539
587
619
655
706
780
861
937
996
1041
1084
1139
1215
1310
1414
1517
1617
1711
1801
1883
1948
1988
1994
1962
1906
1826
1728
1620
1503
1384
1265
1143
1021
890
748
604
462
329
215
125
61
20
-10
-44
-102
-198
-325
-470
-607
-717
-794
-858
-931
-1031
-1167
-1324
-1479
-1602
-1670
-1675
-1627
-1545
-1457
-1391
-1363
-1367
-1382
-1374
-1331
-1255
-1165
-1093
-1055
-1048
-1061
-1070
-1074
-1070
-1053
-1027
-986
-932
-873
-825
-794
-780
-754
-701
-606
-468
-307
-145
0
128
251
368
475
566
641
703
766
844
940
1037
1114
1153
1154
1128
1098
1086
1102
1151
1227
1309
1387
1453
1500
1532
1556
1580
1612
1647
1681
1703
1693
1642
1547
1411
1254
1088
928
777
632
487
333
173
12
-139
-269
-369
-439
-483
-512
-536
-564
-605
-654
-708
-761
-807
-839
-859
-873
-889
-914
-951
-998
-1047
-1090
-1116
-1126
-1130
-1132
-1138
-1148
-1157
-1160
-1155
-1136
-1099
-1044
-972
-892
-818
-760
-724
-703
-682
-657
-627
-599
-585
-587
-603
-623
-639
-639
-619
-577
-508
-417
-310
-194
-80
34
151
279
424
576
726
854
952
1019
1067
1105
1140
1166
1181
1180
1159
1134
1110
1097
1102
1126
1161
1198
1235
1264
1290
1311
1329
1345
1353
1349
1325
1276
1207
1113
1002
878
743
605
464
322
180
34
-110
-247
-372
-478
-566
-639
-698
-745
-779
-801
-809
-804
-794
-779
-760
-739
-718
-697
-686
-685
-704
-737
-785
-840
-900
-959
-1012
-1059
-1094
-1120
-1133
-1129
-1107
-1069
-1015
-951
-882
-811
-742
-676
-620
-573
-533
-502
-479
-462
-455
-451
-449
-444
-432
-411
-378
-330
-266
-189
-100
7
125
251
384
517
644
765
873
965
1043
1103
1151
1187
1213
1224
1218
1206
1185
1161
1137
1118
1103
1094
1088
1080
1072
1060
1049
1035
1020
1007
988
961
927
884
832
769
697
615
518
412
296
174
51
-71
-192
-307
-419
-521
-614
-690
-745
-782
-798
-795
-778
-746
-709
-673
-643
-618
-600
-596
-606
-630
-673
-736
-815
-902
-991
-1074
-1146
-1205
-1246
-1270
-1275
-1266
-1239
-1198
-1147
-1087
-1021
-949
-874
-800
-728
-661
-598
-541
-487
-437
-389
-346
-305
-267
-223
-176
-121
-54
25
119
226
342
468
602
743
885
1026
1163
1287
1398
1491
1567
1626
1668
1692
1699
1687
1659
1614
1557
1488
1409
1321
1229
1136
1043
949
858
772
689
617
555
501
453
410
368
328
283
227
165
91
3
-99
-213
-335
-463
-590
-712
-821
-914
-990
-1046
-1076
-1084
-1073
-1040
-994
-940
-886
-839
-801
-777
-766
-766
-780
-806
-843
-890
-938
-985
-1028
-1065
-1090
-1106
-1115
-1117
-1110
-1094
-1066
-1029
-985
-929
-860
-783
-700
-610
-516
-418
-315
-208
-96
11
113
208
291
364
428
484
530
577
621
665
716
772
836
905
983
1067
1158
1253
1350
1442
1525
1597
1653
1693
1718
1723
1707
1674
1619
1543
1446
1331
1200
1060
916
774
640
517
406
306
216
138
70
14
-34
-76
-115
-157
-206
-261
-322
-392
-465
-543
-621
-699
-774
-844
-913
-975
-1034
-1089
-1141
-1188
-1224
-1252
-1272
-1286
-1291
-1293
-1289
-1278
-1257
-1226
-1188
-1145
-1103
-1061
-1026
-995
-969
-943
-917
-895
-868
-842
-814
-780
-739
-694
-635
-567
-485
-390
-287
-171
-47
81
214
351
489
621
747
859
959
1046
1118
1177
1224
1260
1290
1315
1338
1359
1379
1400
1425
1449
1476
1507
1536
1559
1576
1580
1570
1541
1493
1426
1341
1239
1121
989
844
686
519
351
187
36
-102
-222
-328
-420
-497
-562
-615
-658
-691
-711
-725
-735
-741
-754
-774
-803
-835
-873
-909
-945
-985
-1026
-1075
-1128
-1181
-1230
-1269
-1297
-1307
-1301
-1280
-1246
-1202
-1154
-1099
-1036
-964
-884
-798
-714
-636
-570
-516
-472
-431
-393
-354
-310
-265
-223
-185
-149
-117
-81
-36
26
105
198
298
398
498
592
684
783
885
992
1094
1182
1248
1289
1305
1302
1289
1270
1247
1226
1199
1168
1133
1093
1055
1018
991
975
965
959
949
928
893
840
779
711
644
576
499
414
312
198
79
-40
-154
-256
-346
-426
-500
-572
-637
-698
-752
-791
-814
-820
-815
-804
-796
-796
-804
-814
-823
-830
-829
-825
-821
-827
-847
-882
-924
-964
-994
-1008
-1003
-986
-967
-945
-927
-911
-882
-836
-772
-691
-599
-509
-424
-353
-289
-235
-183
-128
-67
-2
64
123
176
217
253
288
335
390
457
531
605
672
729
781
830
880
936
999
1058
1115
1148
1158
1169
1164
1153
1134
1101
1070
1033
982
921
845
766
694
622
557
494
434
379
322
265
203
145
93
46
1
-40
-83
-132
-181
-234
-282
-327
-365
-403
-440
-480
-520
-553
-592
-626
-649
-668
-672
-672
-677
-679
-680
-673
-660
-653
-642
-631
-617
-600
-593
-588
-584
-583
-575
-564
-556
-538
-520
-495
-464
-442
-410
-377
-338
-289
-241
-193
-145
-99
-53
-12
29
68
108
148
184
220
250
278
301
317
337
362
384
409
426
444
461
476
491
503
514
532
550
571
587
591
597
598
594
589
573
557
542
519
494
459
416
376
337
300
265
229
199
169
140
115
89
66
48
31
16
-1
-20
-41
-69
-99
-133
-166
-203
-239
-272
-309
-345
-381
-423
-456
-486
-507
-516
-530
-537
-542
-541
-531
-523
-513
-494
-472
-439
-406
-378
-351
-330
-310
-292
-279
-264
-250
-237
-221
-210
-206
-205
-202
-191
-177
-158
-129
-96
-61
-28
2
33
63
95
130
164
198
230
254
272
284
294
302
313
319
325
335
345
352
357
357
359
365
375
385
394
402
408
409
407
400
390
383
374
364
350
327
307
282
256
232
200
170
141
112
85
59
34
12
-9
-28
-45
-60
-80
-100
-119
-140
-158
-178
-202
-225
-253
-280
-305
-332
-355
-381
-403
-416
-431
-445
-453
-457
-452
-445
-438
-425
-408
-387
-362
-339
-315
-292
-271
-250
-232
-215
-200
-186
-172
-158
-148
-132
-114
-94
-74
-49
-26
0
33
63
94
124
155
185
212
239
263
283
304
318
327
339
350
354
357
355
354
352
348
345
336
328
321
309
298
284
271
259
244
233
220
202
190
177
166
152
136
121
107
92
76
59
38
17
-5
-27
-47
-68
-87
-104
-121
-140
-157
-170
-181
-191
-200
-206
-212
-220
-224
-227
-232
-231
-236
-243
-250
-258
-261
-263
-264
-267
-271
-268
-266
-262
-254
-245
-232
-216
-202
-188
-170
-151
-131
-114
-101
-89
-74
-61
-46
-33
-21
-9
0
12
25
40
55
70
87
103
118
137
153
165
178
192
206
216
227
233
241
248
254
259
258
258
257
255
252
242
233
226
216
204
190
173
158
146
132
120
105
92
80
68
55
44
31
17
5
-8
-22
-34
-47
-62
-77
-95
-109
-121
-129
-139
-146
-152
-159
-166
-171
-176
-178
-176
-176
-179
-181
-184
-179
-176
-174
-172
-169
-166
-157
-151
-144
-135
-126
-116
-110
-103
-93
-84
-71
-59
-49
-40
-30
-20
-10
-1
10
18
26
31
37
45
54
64
68
73
77
84
89
94
101
108
113
117
120
119
123
125
124
124
120
117
115
109
103
95
85
78
74
69
63
57
48
41
32
29
25
23
19
13
9
4
2
-1
-4
-7
-9
-11
-14
-15
-16
-20
-22
-28
-32
-38
-44
-47
-48
-50
-53
-54
-54
-52
-51
-52
-51
-52
-49
-47
-45
-44
-44
-45
-45
-46
-46
-45
-46
-44
-44
-44
-43
-40
-38
-34
-34
-34
-29
-26
-23
-20
-17
-14
-11
-7
-1
4
8
11
13
15
17
17
17
18
18
19
17
17
18
18
19
19
20
19
19
19
23
27
27
27
25
26
27
29
29
27
25
25
25
25
24
23
19
16
15
13
15
14
13
12
13
13
14
15
17
16
13
13
10
11
11
11
12
11
8
7
5
4
0
-2
-3
-6
-6
-8
-12
-13
-16
-17
-17
-18
-19
-20
-23
-25
-26
-27
-28
-28
-29
-29
-31
-31
-31
-32
-32
-33
-32
-32
-33
-35
-36
-37
-35
-34
-32
-26
-24
-23
-22
-20
-20
-18
-17
-15
-11
-7
-5
-3
0
0
2
4
7
9
11
15
18
21
25
28
30
32
33
33
36
39
41
42
42
42
42
42
43
42
40
40
40
38
37
38
39
38
37
34
33
29
26
26
25
23
19
16
13
11
10
7
5
0
-5
-6
-10
-14
-16
-18
-21
-23
-26
-29
-31
-34
-35
-34
-37
-38
-41
-43
-45
-47
-47
-48
-47
-46
-49
-51
-50
-50
-50
-50
-51
-50
-48
-47
-48
-45
-43
-43
-40
-37
-32
-29
-27
-24
-21
-19
-17
-14
-11
-7
-4
0
5
10
14
19
22
27
32
37
41
45
51
53
59
66
69
72
77
79
82
82
83
84
82
82
82
80
78
74
72
69
65
62
59
56
51
45
40
37
33
29
24
19
13
9
4
0
-7
-12
-16
-23
-26
-32
-38
-45
-51
-55
-60
-64
-68
-73
-77
-80
-83
-86
-87
-89
-90
-93
-94
-94
-95
-98
-99
-98
-97
-97
-97
-92
-88
-84
-80
-76
-73
-70
-64
-56
-48
-40
-33
-24
-14
-5
1
8
15
22
30
38
45
53
58
64
70
75
80
84
88
90
95
100
103
107
110
111
110
109
110
110
108
105
102
98
93
88
84
79
73
65
59
52
46
41
34
28
22
15
9
3
-2
-8
-12
-16
-22
-29
-35
-39
-45
-51
-53
-58
-64
-68
-72
-75
-77
-80
-81
-81
-83
-87
-91
-92
-93
-94
-93
-93
-92
-91
-92
-91
-90
-87
-82
-79
-74
-70
-65
-60
-55
-51
-46
-40
-31
-22
-14
-8
-3
2
12
20
26
34
39
47
51
54
58
62
65
68
69
71
75
75
75
75
74
73
72
72
74
73
74
74
70
68
63
62
58
55
53
49
49
45
42
39
35
32
28
25
23
21
18
14
12
7
3
1
-3
-8
-11
-13
-16
-18
-19
-23
-28
-31
-35
-38
-39
-41
-42
-45
-48
-50
-53
-56
-58
-62
-63
-63
-62
-62
-64
-65
-66
-67
-67
-67
-65
-64
-61
-58
-58
-55
-53
-51
-48
-43
-36
-32
-28
-23
-18
-13
-9
-2
4
9
15
21
27
32
35
42
45
51
55
56
57
58
60
60
62
62
61
59
57
58
59
58
56
56
55
53
54
52
51
49
46
42
38
33
32
28
23
21
17
13
11
8
5
0
-4
-6
-9
-11
-14
-17
-20
-25
-27
-27
-29
-30
-33
-34
-34
-36
-37
-39
-40
-41
-42
-43
-44
-43
-42
-41
-40
-40
-38
-40
-38
-38
-39
-38
-39
-38
-38
-38
-36
-34
-32
-28
-26
-24
-21
-20
-15
-12
-10
-8
-3
1
4
6
9
13
16
19
21
26
27
29
30
32
33
35
39
41
41
41
42
42
43
41
40
38
35
36
37
35
36
36
35
35
33
32
30
30
27
25
24
22
18
14
14
12
8
4
2
3
2
0
-3
-6
-11
-12
-16
-19
-21
-22
-22
-23
-24
-26
-28
-30
-33
-34
-36
-36
-36
-38
-39
-39
-39
-37
-36
-36
-37
-36
-35
-34
-33
-33
-31
-32
-29
-29
-27
-26
-25
-25
-24
-20
-20
-18
-15
-13
-11
-9
-8
-6
-3
-1
2
4
7
10
12
17
22
25
26
26
29
31
34
38
39
40
41
42
44
47
48
45
40
38
40
38
35
32
33
38
40
37
34
31
27
27
26
24
24
25
24
17
10
8
7
5
4
7
6
5
2
-2
-6
-9
-12
-17
-18
-22
