7
-3
2
-4
3
11
4
-11
-3
2
-8
9
4
-12
2
-11
-10
3
2
0
-19
-17
-9
-11
-6
-7
-10
-14
-15
-15
-3
1
-12
-22
-16
0
-5
3
1
-20
-18
-4
11
-5
-10
4
-11
-8
12
12
-1
-6
0
-10
-2
15
2
2
7
2
7
16
3
3
5
-2
8
18
17
8
-1
1
4
2
2
6
5
-5
5
13
-4
2
-4
-12
0
-2
5
9
-3
-16
-8
2
-9
0
8
0
-5
-5
-1
-5
-6
-4
2
4
5
12
1
-3
6
1
-4
15
28
6
-4
-10
-34
-35
-27
-25
6
31
29
21
5
-10
-12
9
13
14
21
25
23
9
-6
-13
-26
-21
45
124
152
140
108
37
-5
7
59
134
161
152
160
162
143
96
40
4
-3
58
133
135
51
-95
-241
-365
-404
-364
-341
-372
-471
-564
-601
-648
-695
-731
-790
-774
-685
-575
-512
-575
-642
-625
-521
-323
-103
106
266
331
369
463
620
728
782
833
908
1000
1051
1055
1005
909
842
885
978
999
915
807
727
646
575
532
480
373
231
151
116
64
-12
-73
-115
-171
-194
-146
-157
-311
-478
-520
-473
-472
-526
-552
-564
-587
-532
-277
177
594
750
667
464
210
-43
-144
-47
25
-91
-193
-102
-82
-400
-843
-1099
-1229
-1294
-1117
-739
-651
-1097
-1640
-1929
-2087
-2204
-2071
-1717
-1517
-1505
-1321
-969
-829
-842
-651
-266
61
469
1124
1626
1629
1527
1776
2092
2159
2289
2661
2825
2583
2404
2467
2317
1838
1555
1631
1571
1198
876
687
349
-64
-204
-158
-303
-584
-705
-706
-823
-991
-1034
-1039
-1081
-1020
-810
-664
-721
-805
-800
-800
-777
-585
-290
-176
-292
-377
-316
-209
-148
-139
-158
-199
-216
-230
-257
-302
-445
-634
-666
-475
-306
-226
206
1165
1960
1899
1231
585
142
-62
269
1009
1291
748
186
214
245
-280
-864
-1055
-1162
-1237
-817
-157
-316
-1473
-2574
-2986
-2972
-2660
-1994
-1524
-1795
-2239
-2031
-1426
-1130
-1070
-786
-370
29
750
1735
2080
1432
830
1195
2144
2955
3487
3649
3171
2389
2157
2631
2979
2615
1964
1622
1534
1418
1233
913
314
-314
-461
-81
274
106
-501
-1123
-1459
-1393
-1004
-670
-759
-1149
-1394
-1322
-1162
-1077
-1020
-967
-896
-654
-222
37
-161
-535
-663
-484
-165
158
327
140
-302
-582
-536
-440
-466
-463
-413
-474
-587
-578
-538
-401
375
1784
2641
2074
840
101
-63
35
606
1473
1572
663
-8
139
65
-837
-1614
-1597
-1367
-1205
-701
-290
-1131
-2961
-4066
-3785
-3035
-2416
-1857
-1720
-2346
-2913
-2451
-1432
-897
-744
-279
471
1155
1846
2417
2230
1388
1147
2253
3861
4752
4661
4005
3160
2585
2775
3482
3748
3100
2198
1870
1964
1774
1085
275
-300
-494
-237
222
268
-446
-1465
-1948
-1621
-998
-676
-806
-1250
-1697
-1776
-1440
-1085
-1105
-1350
-1391
-1108
-700
-416
-463
-883
-1273
-1106
-457
63
70
-277
-726
-1106
-1159
-817
-498
-611
-916
-992
-888
-902
-1131
-1371
-1104
313
2464
3600
2668
764
-376
-389
314
1609
2761
2396
697
-305
161
472
-389
-1244
-1226
-1053
-978
-349
208
-945
-3344
-4561
-3733
-2341
-1547
-1329
-1831
-3068
-3742
-2617
-686
160
-98
-194
258
931
1865
2806
2767
1726
1345
2688
4539
5168
4536
3562
2718
2339
2919
4053
4231
2902
1460
1220
1708
1736
1102
312
-417
-919
-796
-228
-176
-1074
-2066
-2192
-1593
-1042
-937
-1252
-1835
-2240
-1952
-1173
-736
-1004
-1436
-1440
-1064
-636
-346
-396
-867
-1233
-838
44
453
90
-475
-817
-958
-840
-434
-236
-671
-1236
-1228
-878
-845
-1197
-1564
-1533
-490
1724
3614
3227
964
-752
-693
333
1605
2879
3036
1307
-623
-591
603
656
-375
-832
-704
-893
-850
-61
-71
-1984
-3914
-3728
-2259
-1432
-1447
-1821
-2746
-3711
-3142
-978
635
463
-309
-394
143
1082
2407
3211
2544
1369
1575
3174
4381
4290
3616
3000
2500
2488
3254
3841
3023
1387
684
1290
1905
1607
747
-172
-1001
-1316
-742
43
-103
-1098
-1754
-1561
-1123
-972
-1062
-1322
-1662
-1624
-979
-390
-564
-1181
-1422
-1086
-503
22
154
-376
-1143
-1245
-551
46
-62
-505
-853
-1117
-1193
-868
-551
-842
-1442
-1550
-1163
-981
-1237
-1620
-1905
-1674
-202
2177
3556
2597
390
-968
-759
484
2194
3491
3113
1110
-549
-394
636
953
518
46
-400
-779
-524
156
-56
-1574
-2988
-3035
-2155
-1439
-1323
-1879
-2959
-3659
-2950
-1194
49
-26
-743
-1142
-760
478
2041
2759
2071
1035
1117
2355
3600
4128
4009
3431
2738
2636
3314
3784
3151
2053
1751
2260
2536
2073
1180
177
-620
-635
227
969
547
-779
-1864
-2090
-1707
-1162
-859
-1116
-1751
-2106
-1875
-1489
-1425
-1614
-1714
-1521
-1051
-587
-606
-1205
-1771
-1632
-912
-266
-77
-345
-960
-1559
-1532
-814
-202
-359
-933
-1231
-1209
-1174
-1144
-1098
-1204
-1164
-132
1875
3299
2740
831
-562
-437
904
2730
4038
3615
1384
-784
-968
544
1912
2051
1210
-95
-1268
-1402
-329
592
1
-1619
-2748
-2819
-2382
-1978
-1895
-2396
-3160
-3153
-1984
-679
-389
-1024
-1642
-1543
-513
1159
2447
2308
1061
257
880
2400
3751
4348
4004
2947
2118
2438
3532
4066
3492
2571
2066
1900
1778
1669
1421
776
70
3
488
597
-145
-1162
-1717
-1669
-1261
-814
-798
-1479
-2432
-2858
-2471
-1734
-1251
-1250
-1542
-1786
-1771
-1530
-1202
-927
-815
-856
-866
-733
-633
-750
-901
-792
-525
-409
-487
-627
-864
-1203
-1365
-1183
-907
-842
-910
-787
-232
757
1770
2044
1337
402
189
861
1914
2767
2830
1762
272
-203
749
1945
2206
1517
370
-766
-1104
-123
1226
1226
-427
-2335
-3248
-3022
-2017
-888
-674
-1752
-3019
-3117
-2079
-963
-399
-365
-663
-788
-126
1063
1660
1183
530
732
1774
2998
3816
3770
2789
1729
1765
2962
4092
4128
3230
2108
1259
945
1257
1791
1815
1105
231
-271
-520
-806
-1049
-1107
-1161
-1412
-1743
-2025
-2357
-2691
-2702
-2306
-1911
-1855
-1994
-2081
-2115
-2103
-1865
-1383
-965
-833
-867
-902
-965
-1021
-853
-415
-25
17
-177
-299
-293
-306
-368
-380
-363
-415
-407
-144
213
338
361
810
1712
2328
2114
1438
984
1000
1474
2326
2989
2594
1224
171
371
1331
2024
2034
1363
192
-749
-604
327
690
-177
-1563
-2531
-2738
-2191
-1316
-1079
-1983
-3151
-3326
-2456
-1426
-838
-827
-1380
-2012
-1795
-565
600
795
369
115
262
734
1517
2288
2484
2137
1952
2328
2848
2982
2691
2215
1813
1733
2048
2415
2309
1590
663
74
110
611
1000
711
-275
-1377
-1971
-1844
-1223
-620
-588
-1275
-2182
-2601
-2334
-1772
-1317
-1088
-1110
-1357
-1597
-1563
-1294
-1024
-809
-544
-288
-254
-466
-662
-618
-408
-215
-121
-140
-267
-424
-453
-289
-91
-50
-139
-134
91
438
785
1090
1278
1268
1102
959
945
1013
1105
1206
1245
1148
934
719
647
790
1036
1097
770
203
-256
-414
-306
-79
3
-372
-1136
-1728
-1709
-1295
-1000
-1025
-1266
-1601
-1817
-1592
-948
-435
-465
-804
-954
-767
-382
94
526
692
600
567
806
1146
1362
1440
1448
1410
1408
1548
1715
1701
1523
1351
1249
1204
1255
1348
1227
803
368
210
234
234
229
228
59
-306
-565
-563
-524
-610
-650
-563
-624
-970
-1300
-1356
-1241
-1088
-887
-782
-1075
-1650
-1950
-1703
-1237
-962
-921
-1059
-1361
-1603
-1466
-1028
-721
-683
-638
-433
-228
-138
-86
-44
-16
198
737
1320
1493
1173
724
539
797
1410
1966
1991
1411
688
351
545
1035
1427
1379
860
259
28
228
556
720
644
362
-5
-228
-173
-14
-17
-196
-377
-480
-569
-651
-669
-645
-662
-687
-639
-558
-568
-645
-621
-442
-243
-173
-229
-329
-401
-383
-243
-53
39
-15
-91
-76
-6
4
-86
-186
-159
55
371
585
531
242
-25
17
425
959
1274
1180
794
436
384
646
995
1158
1028
720
444
332
332
289
134
-60
-186
-229
-278
-439
-751
-1104
-1286
-1183
-903
-713
-786
-1078
-1383
-1471
-1257
-870
-558
-470
-540
-597
-532
-351
-142
6
83
164
293
398
392
316
295
363
481
585
595
450
217
107
232
448
527
416
216
48
-1
122
342
452
312
47
-82
25
249
421
442
299
85
-20
108
376
547
494
314
175
163
259
365
353
169
-93
-248
-223
-105
-45
-144
-396
-701
-912
-941
-825
-692
-626
-641
-716
-797
-814
-728
-561
-360
-148
48
157
147
83
94
253
548
885
1119
1128
910
627
482
563
793
994
1010
793
435
108
-55
-41
63
135
90
-85
-324
-525
-619
-586
-461
-330
-291
-381
-533
-629
-597
-452
-274
-162
-171
-262
-330
-299
-185
-62
24
78
105
111
101
63
4
-32
19
164
313
352
238
33
-140
-164
-14
203
328
262
46
-186
-310
-261
-83
104
171
85
-78
-200
-202
-82
100
230
244
167
82
62
104
159
187
167
123
85
51
-4
-119
-266
-375
-401
-354
-310
-338
-444
-569
-622
-560
-418
-282
-209
-210
-222
-192
-106
23
152
260
341
407
467
520
566
605
630
645
649
648
648
656
661
642
573
468
363
300
294
303
269
172
42
-56
-79
-40
-8
-44
-151
-255
-270
-184
-83
-79
-205
-395
-513
-460
-269
-85
-59
-227
-472
-626
-593
-421
-239
-175
-251
-386
-472
-466
-392
-303
-231
-169
-112
-78
-104
-193
-296
-329
-247
-73
84
114
-13
-209
-328
-268
-51
194
313
241
46
-112
-113
53
275
418
404
265
108
32
56
132
197
205
160
86
12
-41
-57
-31
43
128
170
145
64
-13
-22
64
203
307
322
258
188
187
276
403
494
492
407
302
241
252
312
376
399
364
290
204
134
96
89
89
61
-10
-108
-192
-230
-213
-179
-179
-226
-286
-308
-268
-199
-172
-231
-356
-468
-481
-383
-238
-146
-164
-276
-400
-459
-425
-344
-281
-274
-300
-318
-306
-269
-233
-210
-182
-127
-52
9
17
-37
-116
-149
-93
31
157
213
169
62
-32
-50
28
145
229
231
160
76
47
103
214
312
343
301
223
160
144
166
203
222
216
198
181
167
157
167
202
256
300
301
246
164
114
143
244
349
375
289
133
3
-26
49
157
196
112
-60
-231
-308
-264
-143
-34
-11
-97
-251
-387
-439
-389
-266
-141
-89
-142
-270
-395
-442
-374
-231
-100
-64
-142
-277
-374
-373
-281
-161
-79
-56
-73
-89
-86
-69
-52
-25
23
98
171
196
155
83
48
100
220
328
341
240
92
9
46
161
251
240
127
-4
-49
23
148
213
158
23
-90
-90
17
139
167
70
-78
-157
-103
39
155
154
43
-88
-135
-62
62
140
114
24
-47
-38
44
128
153
115
56
29
45
75
87
86
88
97
94
59
-4
-54
-46
22
98
105
9
-131
-228
-224
-138
-53
-35
-101
-206
-280
-296
-271
-236
-201
-160
-124
-127
-190
-291
-366
-345
-212
-41
51
-7
-177
-330
-346
-203
9
155
165
63
-39
-58
20
133
211
229
216
210
231
251
253
245
252
284
324
336
290
210
159
183
234
245
156
-22
-213
-281
-164
78
311
393
262
-20
-303
-450
-416
-264
-77
57
120
124
82
4
-100
-196
-231
-157
11
199
318
315
210
73
-27
-65
-40
26
107
186
232
219
126
-21
-147
-187
-144
-59
-3
-22
-100
-185
-237
-255
-270
-300
-318
-291
-207
-104
-49
-98
-239
-384
-441
-369
-210
-56
22
15
-43
-104
-139
-141
-124
-86
-13
83
163
177
106
-5
-78
-57
54
186
259
239
156
81
71
133
223
293
316
292
249
213
196
198
215
236
242
223
169
95
24
-16
-13
24
60
64
22
-53
-129
-177
-181
-143
-92
-63
-70
-97
-120
-116
-85
-48
-26
-30
-44
-39
-2
58
114
137
113
70
44
62
127
198
240
247
216
172
144
136
147
156
149
128
94
54
16
-22
-50
-63
-65
-71
-88
-129
-184
-224
-243
-234
-210
-197
-206
-239
-276
-293
-282
-247
-211
-204
-209
-215
-214
-196
-189
-187
-184
-170
-128
-76
-39
-30
-50
-74
-82
-64
-19
38
85
111
117
114
106
103
113
134
165
193
212
225
223
211
201
191
182
175
177
185
193
188
169
134
93
69
71
90
100
83
46
3
-24
-24
-3
16
15
1
-16
-22
-13
7
26
39
45
48
58
62
66
71
85
104
123
126
104
59
15
-3
10
37
55
37
-15
-76
-118
-133
-136
-138
-149
-167
-178
-179
-175
-184
-217
-258
-281
-266
-222
-178
-171
-211
-272
-319
-323
-283
-233
-201
-200
-225
-248
-256
-247
-232
-214
-189
-155
-107
-63
-38
-33
-44
-45
-17
40
107
163
193
208
219
237
259
283
306
322
342
368
388
388
368
339
316
307
312
324
326
306
271
232
203
181
167
158
145
125
98
62
26
-9
-30
-37
-35
-34
-41
-55
-71
-75
-66
-50
-40
-36
-38
-39
-35
-33
-43
-70
-114
-162
-191
-189
-158
-106
-52
-18
-21
-59
-122
-198
-259
-289
-281
-245
-201
-180
-196
-242
-295
-316
-295
-240
-173
-118
-80
-57
-42
-35
-41
-60
-84
-96
-90
-64
-27
1
13
7
-11
-32
-45
-39
-13
20
41
35
-2
-56
-93
-79
-8
101
197
232
201
140
96
119
204
301
364
364
307
258
257
318
409
476
487
454
407
372
345
307
249
165
77
17
-4
13
49
79
82
55
1
-71
-144
-214
-258
-271
-257
-227
-202
-200
-225
-270
-309
-313
-270
-189
-96
-19
22
22
-6
-52
-97
-124
-118
-71
16
112
166
141
26
-148
-320
-423
-420
-319
-178
-65
-29
-70
-153
-231
-272
-266
-221
-162
-103
-58
-23
-3
0
-4
-9
-7
11
51
115
197
286
356
379
338
240
120
38
23
77
162
214
200
116
9
-65
-71
-13
65
119
127
87
23
-44
-102
-148
-189
-216
-208
-156
-63
38
113
138
104
39
-22
-44
-15
46
116
160
151
89
5
-64
-85
-46
29
114
169
175
137
76
23
-6
-13
-8
0
-6
-35
-77
-122
-153
-146
-109
-59
-4
21
5
-40
-82
-93
-67
-23
27
60
55
29
14
28
67
112
146
148
119
68
14
-18
-25
-15
13
42
34
-6
-64
-137
-185
-181
-109
1
114
191
190
105
-28
-137
-197
-203
-120
19
129
174
153
67
-66
-204
-298
-310
-235
-135
-56
3
34
7
-65
-149
-207
-210
-233
-222
-96
17
40
22
-50
-152
-239
-316
-249
-74
13
85
213
225
175
149
15
-110
-70
-20
42
236
386
410
240
15
37
26
-29
256
427
357
404
378
184
101
119
71
84
80
138
354
265
77
232
60
-201
-76
34
114
120
28
10
-161
-324
-95
8
-199
-97
64
-367
-428
-58
-120
-106
44
-73
-65
-125
-373
-220
-245
-402
7
132
-48
94
-73
-202
-373
-572
-130
110
-108
78
326
-126
-248
269
-277
-564
364
67
-253
424
318
27
268
-52
-276
44
-20
18
382
147
119
416
-64
-302
-109
-122
-25
108
123
329
197
-215
-112
-1
-335
87
325
-202
67
246
-39
47
82
-290
-176
167
-43
-131
354
263
7
36
-147
-131
-64
-110
-2
184
194
308
143
-67
107
-68
-299
212
55
-252
483
338
-444
163
338
-347
-32
-180
-511
309
169
-282
613
146
-492
128
-247
-615
131
20
-130
293
-29
-137
212
-172
-604
-271
-212
9
309
224
322
243
-540
-495
60
-38
-168
225
446
149
61
87
-61
-49
32
-184
353
521
-12
141
296
-313
-241
11
191
544
48
-14
157
-327
-455
128
113
-367
210
404
-29
60
-191
-673
-382
189
63
-16
379
107
-541
-188
-107
-225
-140
75
318
226
-283
-174
373
-464
-416
304
-359
151
785
-295
-417
-31
-490
-178
614
273
149
221
-269
-182
-199
-537
435
232
-152
605
286
-214
81
-28
-322
393
157
-39
669
453
-286
-221
-22
87
-69
328
654
-56
-492
-39
2
-216
62
346
218
-141
133
-79
-478
-200
114
-265
57
815
288
-543
-208
-159
-504
-221
329
434
318
128
-145
-426
-144
-205
-284
370
9
250
480
-194
-516
-146
-285
-497
-41
294
493
167
-191
-72
-323
-849
64
395
-336
504
421
-273
-58
-391
-341
22
-251
207
680
-60
-370
427
-178
-787
379
146
-117
515
249
-146
165
-298
-439
-77
59
507
504
255
89
-192
-524
-288
280
185
407
472
-332
304
425
-751
-75
521
-425
227
722
155
57
-8
-83
30
-47
-41
456
366
-78
189
71
-177
66
-359
9
306
4
321
217
-303
-163
-248
-433
116
91
-96
305
-10
-578
-70
134
-566
-148
227
-425
-187
262
-50
-35
-121
-943
-367
423
-137
6
198
-465
-111
93
-595
-292
218
-250
-80
434
-4
-393
16
-172
-320
91
-230
108
467
55
-141
191
-129
-518
-67
256
287
94
52
352
-21
-454
116
246
-104
61
429
170
-188
23
261
154
-399
193
540
-360
19
625
-71
-242
264
75
-197
271
125
-102
192
-105
247
262
-402
2
479
-130
-135
239
17
44
110
-37
206
-287
-139
369
-113
161
61
-79
11
-225
53
148
-85
-111
-200
224
163
-159
-97
-126
67
-377
-490
532
222
-402
99
130
-417
-310
271
-138
-223
-65
-53
184
67
-30
-162
-77
-449
-390
463
371
-132
-202
185
-62
-475
73
146
-122
0
88
137
81
-31
-233
91
77
-450
166
627
-128
-123
264
-236
-233
217
224
183
-8
-231
111
235
125
-195
150
173
-251
165
118
152
43
-188
128
158
-208
63
436
-165
-278
308
-29
-237
138
134
-37
4
60
27
-7
-67
-212
-14
172
-66
29
110
98
-83
-333
117
-14
-236
305
-81
-49
304
-230
-248
45
-19
-79
106
134
-115
-90
-9
-67
-52
-134
124
-6
-110
220
20
-72
-175
-151
5
-54
118
213
-46
-85
107
-110
-109
231
-137
-92
227
2
76
115
-67
-114
19
-4
-157
268
103
-164
91
-151
20
96
-108
137
10
-310
162
156
-292
70
275
-192
-197
209
32
-213
125
132
-238
24
91
-35
22
-33
17
60
-62
3
73
-35
21
-102
-62
152
-2
-28
70
62
-128
-138
107
58
-60
58
45
-71
63
55
32
-38
-60
-11
46
118
11
95
6
-116
68
-70
31
183
48
-101
3
87
-59
9
-32
-22
-17
9
111
98
-25
-95
-33
-86
-71
197
-27
-125
135
-87
-68
103
-14
-141
52
-17
-15
72
-22
-76
-56
74
-178
-9
94
-33
-74
-123
75
23
-147
51
205
-218
-172
253
-76
-187
108
53
-178
116
29
-142
182
-156
-184
303
9
-119
144
-1
-61
-32
13
10
154
-50
-62
237
-111
-178
149
7
-30
202
110
-66
17
-21
-166
121
75
-106
36
145
17
-75
28
15
7
-120
-14
273
30
-162
58
50
-222
-36
171
-29
-13
25
46
-13
-111
66
12
-163
-17
125
-28
2
13
-64
5
-10
-84
41
130
-41
9
15
-128
4
70
-196
-37
196
-36
58
91
-159
54
76
-234
51
255
-154
-58
108
-139
-33
131
-108
27
84
-58
70
4
-122
-22
87
-31
-53
114
56
14
-25
-102
32
-26
-91
122
100
-18
41
-7
49
-107
-78
195
23
-133
81
142
-53
-117
51
15
-7
43
-26
113
84
-66
-129
59
6
-108
152
34
-99
32
40
-25
-13
-58
-59
10
-54
-2
124
22
-102
-67
-69
-70
-39
-10
44
15
13
-6
-90
11
-86
-63
30
16
61
6
54
33
-123
-54
46
-22
46
117
50
-77
34
56
-84
30
61
-54
86
24
-17
127
-30
-31
36
-19
43
1
1
79
6
-62
29
28
-110
39
60
-74
-16
84
5
-30
50
-42
-36
-14
-49
62
-16
-44
39
-79
-15
55
-20
-60
0
18
7
-12
-1
28
23
-39
-73
59
-33
-74
61
53
3
-12
31
-44
-28
16
-8
29
13
-51
-7
73
-67
-84
124
18
-158
89
36
-58
48
-58
-11
68
-29
-59
93
26
-159
-47
73
-7
31
61
15
3
-66
-21
87
-44
-46
198
-31
-63
209
99
-177
9
96
-48
137
54
-8
194
-9
-174
80
138
78
19
-1
124
92
-80
131
111
-144
27
135
-85
59
324
-88
-208
-100
-176
53
66
-234
-34
108
-149
-157
-156
-131
-74
-339
-225
19
-84
-2
-167
-84
-152
-253
27
-28
-70
76
90
-104
49
215
-142
-93
106
-24
60
33
69
116
3
43
79
11
57
39
-41
69
49
56
32
-13
-90
-131
131
18
4
136
19
-26
-12
80
100
-70
69
200
-99
-10
219
44
-23
18
6
67
89
35
-54
67
129
-113
-71
211
-21
-201
97
38
-134
-50
59
-17
-100
55
49
-52
-65
-48
22
-44
-93
59
118
-21
-134
-17
61
-97
-72
37
69
-22
-1
110
-83
-102
-9
-72
-13
-18
-17
46
-52
-98
3
19
-105
-48
25
-67
-65
32
-46
-8
91
7
-175
-10
97
-54
29
86
-7
60
59
-34
97
6
-26
92
28
-11
146
114
-35
-1
24
7
40
44
7
118
48
-116
61
36
-138
103
174
-220
-44
204
-127
-98
155
-24
-206
22
21
-10
19
-51
98
-3
-163
5
113
-105
-124
147
-22
-90
18
-44
40
-10
-64
80
5
-110
62
49
-73
9
80
-55
-23
68
-77
1
119
-111
-26
161
-44
12
117
-21
14
21
-93
5
69
-53
41
138
-90
-71
137
-29
-104
71
-6
-34
-7
-36
46
29
-49
-12
-60
-70
5
1
14
2
22
56
-55
-45
-32
-21
52
-18
-2
12
-9
-21
-39
3
-14
-6
25
-9
32
15
-3
24
-10
-31
12
40
-23
-70
71
67
-100
-16
74
-9
-21
57
6
25
19
-47
69
-3
-74
68
13
-70
53
62
-60
-6
54
1
-15
-15
5
53
25
-33
19
20
-83
-30
90
-38
-24
87
-43
1
58
-41
-27
53
7
-63
20
43
-39
-26
-1
26
21
-60
45
20
-64
-9
43
40
-47
19
-5
-29
6
-15
11
-18
-53
-41
34
40
-84
13
99
-74
-86
66
40
-17
-13
-24
26
-19
-17
70
-27
-80
36
0
-72
34
59
-19
-23
-8
38
-7
-37
45
10
-9
-42
25
35
-46
20
24
7
3
24
-14
-19
8
17
53
4
9
33
-28
-41
19
6
-19
39
39
-20
6
62
-5
-57
8
39
-7
-28
55
42
-59
-28
-2
11
15
-15
-18
43
29
-28
29
47
-8
-59
-23
31
-15
-6
46
20
-45
-27
38
-34
-30
-10
-26
-15
-18
2
3
-1
-29
-43
-23
3
-14
-6
-2
-13
12
4
6
18
2
-40
-17
32
24
25
-7
9
-24
-53
21
31
-20
-5
18
-42
-11
1
-11
6
-27
-15
30
-18
-22
69
19
-49
-12
6
23
21
29
48
-18
1
54
-19
-32
71
84
-20
-14
67
24
-60
-28
29
33
-10
1
65
-8
-38
7
-4
-44
-13
63
9
-18
-5
0
-43
-20
46
-9
-11
-5
14
-7
-30
53
9
-65
1
31
-27
-23
19
-11
-38
1
8
-13
-38
-45
0
-18
-7
20
-6
-30
-42
27
31
-38
-4
11
-45
-22
43
20
-14
37
26
-31
-3
35
3
-16
41
34
-25
6
18
-2
16
17
-9
-12
38
47
3
-22
11
18
-22
-17
17
33
29
-7
-22
-5
-10
-22
4
40
8
10
-3
-44
-16
19
-4
-27
12
11
-20
-12
29
0
-46
-9
23
-15
-27
27
24
-25
-29
7
-5
-41
-4
45
7
-40
1
34
-15
-13
32
-1
-38
-6
11
1
18
24
-14
-24
1
-13
-6
40
18
-16
13
24
-30
-26
34
