0
-1
0
19
5
-4
16
14
2
4
13
12
12
20
29
26
22
31
27
18
22
25
30
26
28
31
23
23
23
22
19
19
17
13
14
6
1
-3
-11
-19
-20
-16
-21
-24
-25
-30
-36
-34
-41
-35
-28
-37
-32
-21
-22
-31
-25
-20
-27
-23
-11
-5
-5
1
5
-3
2
-3
-8
13
9
13
21
9
25
20
3
19
20
19
17
19
32
23
27
14
28
27
4
22
25
29
13
2
29
18
-3
13
11
6
-9
-11
7
-21
-31
-12
-18
-27
-27
-16
-15
-24
-29
-23
-12
-34
-25
-17
-23
-19
-28
-19
-16
-30
-17
-8
-17
-13
-4
4
-8
2
2
-3
2
-1
14
3
3
13
1
10
16
20
22
23
23
18
28
30
20
31
37
30
33
40
39
31
30
34
26
20
28
24
13
9
11
6
-6
-8
-13
-21
-23
-26
-28
-32
-40
-44
-40
-41
-81
-71
-49
-74
-67
-62
-65
-78
-80
-39
-53
-75
-50
-38
-8
-43
-7
28
5
26
24
104
43
38
145
66
87
132
108
151
109
160
163
163
191
151
191
145
202
202
112
179
176
116
107
123
128
29
-9
65
8
-85
-91
-26
-74
-210
-189
-74
-209
-338
-175
-175
-380
-275
-192
-359
-340
-246
-321
-311
-311
-326
-233
-243
-292
-170
-129
-200
-111
-108
4
-64
-77
129
39
48
112
137
195
100
173
204
337
153
150
521
249
246
423
407
372
327
432
416
423
345
417
539
301
347
426
291
227
230
253
152
109
55
13
-29
-238
-248
-231
-372
-427
-370
-407
-501
-540
-594
-552
-607
-629
-498
-562
-431
-407
-661
-253
-465
-534
-325
-187
-221
-252
158
-252
46
-7
-95
310
-36
252
464
266
395
193
481
422
203
356
583
813
189
488
869
338
350
156
789
521
-40
679
505
436
-186
221
514
-266
-57
99
400
-313
-457
434
-445
-500
-402
-236
-52
-799
-319
-107
-430
-662
-651
-218
-253
-767
-410
38
-280
-736
-390
112
-613
-506
36
-95
-99
-472
-65
247
-585
-313
299
118
-66
19
287
292
-10
-185
309
727
1
103
1012
620
1
349
813
449
129
670
993
556
372
667
682
275
172
511
543
247
261
347
212
-162
-283
-91
-325
-395
-350
-368
-422
-677
-774
-720
-792
-916
-671
-689
-702
-598
-729
-589
-759
-585
-346
-579
-96
-295
-50
-22
-281
238
-198
339
18
322
671
-3
562
469
467
180
464
650
365
680
391
692
770
216
606
747
323
379
804
619
322
410
675
506
37
186
627
92
-326
460
127
-422
-126
-130
-149
-639
-627
-90
-722
-796
-399
-578
-885
-759
-384
-982
-917
-269
-786
-795
-482
-562
-563
-721
-381
-106
-605
-473
90
-158
-440
-22
117
-237
221
369
-32
256
377
356
253
271
772
608
365
673
696
582
533
775
914
632
637
960
839
397
547
746
470
401
595
431
92
92
-37
-251
-268
-229
-299
-493
-501
-667
-792
-733
-769
-765
-820
-676
-574
-684
-568
-598
-736
-548
-126
-66
-601
37
330
-525
-228
391
338
-205
83
725
391
-182
78
979
240
-558
884
976
-48
-35
607
788
-263
-255
1025
1068
-584
69
1172
-5
11
270
396
604
33
134
677
140
-502
284
274
-417
224
92
-459
-147
-361
-596
-426
-337
-200
-623
-720
-214
-564
-842
-482
-467
-684
-554
-328
-278
-613
-658
-277
-526
-379
-69
-240
-252
88
-22
-397
23
216
-75
187
562
542
326
375
686
372
211
835
1011
633
648
920
873
534
535
850
677
259
485
770
451
100
177
109
-277
-469
-351
-230
-519
-786
-701
-702
-1020
-1020
-752
-870
-885
-745
-649
-557
-628
-448
-344
-352
-46
83
58
228
213
80
288
448
441
637
574
353
490
401
498
560
589
566
399
435
275
433
541
224
213
460
123
65
409
158
93
188
-15
31
-7
12
26
-274
-153
18
-187
-444
-115
-86
-500
-476
-264
-34
-463
-682
-236
-338
-815
-608
-253
-540
-614
-524
-291
-336
-703
-501
-409
-430
-372
-315
-116
-262
-362
-219
-114
-114
-184
-53
79
52
177
495
640
362
290
448
388
473
639
816
730
600
728
794
792
640
620
700
547
519
708
739
464
187
15
-177
-346
-376
-276
-402
-617
-704
-934
-969
-913
-983
-868
-713
-737
-734
-602
-581
-558
-222
-12
-2
266
329
285
465
601
733
912
834
874
980
780
794
909
747
694
879
577
417
579
288
143
260
85
127
-13
-241
-228
-413
-599
-379
-134
-552
-684
-558
-752
-793
-689
-441
-548
-823
-622
-622
-560
-626
-939
-506
-255
-626
-538
-358
-581
-710
-375
-146
-29
-200
-762
-334
40
-337
26
329
23
-214
59
249
84
176
206
443
664
704
590
513
548
361
853
1385
1292
1194
977
608
389
828
1178
1118
1048
721
506
475
429
427
355
157
53
82
69
-97
-460
-903
-1061
-1028
-1067
-1051
-1058
-1384
-1791
-1740
-1559
-1497
-1316
-1201
-1298
-1258
-1034
-915
-662
-262
-78
176
492
487
529
654
866
1227
1639
1840
1723
1549
1423
1302
1335
1845
1974
1498
1301
1160
891
805
793
662
353
20
53
154
-194
-489
-610
-818
-735
-677
-1009
-973
-895
-1470
-1360
-516
-680
-1143
-1308
-1273
-1095
-1226
-690
-196
-650
-1405
-767
132
-676
-894
-274
-471
-799
-499
345
316
-461
-548
-166
145
-45
-25
71
-73
-229
74
724
748
255
60
70
308
650
972
1375
1289
768
695
862
830
1073
1206
1224
995
533
564
751
684
655
710
499
-21
-276
14
221
-8
-158
-355
-969
-1386
-1074
-766
-863
-975
-1260
-1518
-1689
-1664
-1275
-981
-961
-1028
-980
-875
-707
-424
3
252
353
654
835
982
1202
1322
1464
1733
1942
1883
1701
1605
1574
1618
1833
1943
1747
1412
1071
834
722
634
685
525
143
-135
-495
-762
-840
-996
-1158
-1295
-1581
-1749
-1854
-1968
-1665
-1411
-1658
-1951
-2073
-2056
-1728
-1127
-750
-905
-1582
-1500
-789
-664
-619
-557
-739
-617
-244
88
235
-15
-199
-15
372
723
674
282
233
686
775
619
919
823
313
404
1108
1635
1677
1595
1443
1078
837
1299
1962
1879
1398
932
650
845
1189
1249
1080
660
167
47
302
567
426
-53
-555
-1094
-1472
-1394
-1057
-1038
-1417
-1788
-2020
-2173
-2103
-1788
-1359
-1252
-1494
-1587
-1487
-1356
-1116
-490
37
-132
-175
211
332
581
1128
1463
1584
1515
1553
1672
1640
1847
2119
2064
2011
1910
1666
1474
1318
1324
1401
1397
1190
630
98
-42
-136
-136
-42
-304
-945
-1450
-1419
-1265
-1265
-1260
-1423
-1868
-2135
-2036
-1694
-1520
-1697
-1654
-1580
-1594
-1451
-1304
-1210
-1128
-1097
-841
-487
-447
-545
-439
-173
41
188
121
-11
110
274
513
882
837
592
540
617
840
1163
1439
1551
1625
1552
1258
1202
1347
1478
1561
1367
1098
1035
1001
992
1069
983
522
-44
-139
47
87
135
-1
-730
-1638
-1975
-1621
-1198
-1070
-1213
-1728
-2358
-2506
-1997
-1307
-1020
-1192
-1470
-1643
-1522
-933
-162
292
390
252
143
387
863
1453
2144
2422
2173
1885
1791
1898
2226
2681
2862
2542
2095
1806
1651
1676
1703
1641
1438
948
426
192
72
-97
-244
-405
-710
-1085
-1352
-1513
-1704
-1907
-2008
-2033
-2093
-2212
-2319
-2325
-2269
-2256
-2248
-2162
-1948
-1776
-1717
-1519
-1278
-1291
-1278
-939
-653
-685
-624
-338
-235
-322
-141
309
572
540
537
572
502
632
1153
1745
2132
2193
1744
1060
870
1427
2158
2328
1904
1219
673
916
1674
1928
1565
815
10
-189
323
1092
1252
214
-1142
-1907
-2021
-1388
-628
-702
-1625
-2724
-3046
-2456
-1715
-1218
-1071
-1397
-1874
-1940
-1415
-561
119
394
469
446
467
867
1541
2152
2549
2545
2338
2217
2178
2443
2921
3139
3008
2633
2219
1966
1853
1922
2018
1791
1330
834
394
129
-56
-259
-506
-885
-1305
-1645
-1953
-2186
-2305
-2427
-2580
-2709
-2834
-2926
-2951
-2951
-2935
-2846
-2675
-2472
-2365
-2365
-2217
-1884
-1575
-1305
-1125
-1042
-960
-775
-489
-235
-74
86
282
446
604
733
853
1022
1221
1471
1728
2083
2467
2516
2034
1514
1646
2287
2696
2449
1838
1463
1497
1812
2111
2047
1419
606
303
630
1130
1193
554
-587
-1659
-2038
-1594
-974
-1035
-1828
-2809
-3320
-3065
-2371
-1798
-1744
-2104
-2510
-2572
-2072
-1215
-480
-192
-190
-221
-55
469
1205
1853
2195
2259
2253
2322
2467
2751
3092
3260
3253
3082
2825
2695
2626
2526
2405
2180
1853
1444
940
626
489
207
-166
-580
-1004
-1285
-1506
-1695
-1874
-2209
-2518
-2636
-2763
-2876
-2901
-2899
-2869
-2913
-2959
-2841
-2690
-2581
-2374
-2144
-1974
-1771
-1584
-1375
-1194
-1085
-914
-651
-377
-125
89
226
326
327
413
795
1283
1751
2139
2321
2047
1497
1379
2012
2667
2611
2037
1543
1509
1818
2175
2306
1927
1136
560
641
1186
1522
1120
164
-884
-1613
-1632
-1034
-620
-1044
-2107
-2936
-2954
-2440
-1859
-1524
-1681
-2248
-2666
-2451
-1654
-851
-485
-421
-449
-427
-159
465
1262
1856
1998
1897
1868
1987
2325
2892
3438
3591
3255
2801
2681
2918
3232
3333
3071
2456
1763
1370
1356
1484
1361
806
30
-617
-899
-813
-698
-925
-1529
-2272
-2742
-2762
-2598
-2509
-2633
-3003
-3380
-3544
-3408
-3038
-2782
-2806
-2921
-3005
-2881
-2464
-2005
-1704
-1573
-1561
-1445
-1096
-699
-293
-33
-33
18
256
538
986
1602
2116
2294
1787
1131
1284
2081
2720
2697
2019
1470
1558
1901
2310
2377
1752
1013
677
852
1399
1493
861
-29
-1016
-1554
-1317
-878
-744
-1276
-2264
-2711
-2468
-2010
-1535
-1434
-1717
-2043
-2237
-1904
-1063
-408
-82
42
-17
89
449
996
1738
2186
2134
2052
2047
2165
2571
3035
3405
3492
3085
2677
2655
2801
3004
3033
2714
2217
1704
1386
1374
1335
1001
483
-41
-419
-603
-688
-888
-1301
-1834
-2251
-2399
-2400
-2470
-2657
-2987
-3347
-3427
-3284
-3150
-3114
-3259
-3376
-3284
-3199
-2986
-2597
-2370
-2207
-2118
-2073
-1695
-1288
-1037
-693
-526
-371
-13
224
711
1491
1930
1971
1570
1217
1782
2611
2898
2726
2185
1946
2248
2501
2730
2650
1922
1327
1185
1358
1737
1580
818
-84
-1038
-1372
-899
-540
-732
-1532
-2460
-2636
-2281
-1855
-1478
-1597
-2096
-2455
-2379
-1646
-765
-375
-276
-263
-222
87
657
1388
2015
2189
2094
2104
2279
2605
3026
3395
3541
3327
2949
2807
2942
3101
3134
2966
2542
1975
1541
1425
1436
1196
635
-7
-511
-767
-813
-853
-1174
-1823
-2484
-2772
-2689
-2598
-2687
-2940
-3336
-3697
-3751
-3464
-3069
-2962
-3209
-3408
-3371
-3114
-2674
-2281
-2051
-1933
-1922
-1818
-1477
-1032
-554
-216
-123
6
284
580
961
1551
2188
2357
1778
1188
1553
2603
3251
3015
2313
1871
2012
2497
2934
2936
2281
1410
1025
1269
1749
1873
1338
342
-747
-1403
-1213
-591
-471
-1257
-2407
-3015
-2855
-2359
-1906
-1779
-2145
-2767
-3071
-2578
-1591
-855
-605
-644
-698
-528
-27
809
1609
1871
1753
1751
2028
2489
2932
3265
3436
3285
3012
2983
3147
3296
3276
3067
2759
2305
1838
1652
1639
1465
995
371
-98
-351
-493
-574
-784
-1263
-1844
-2257
-2327
-2228
-2255
-2435
-2747
-3099
-3274
-3157
-2808
-2551
-2667
-2968
-3157
-3085
-2712
-2234
-1880
-1777
-1986
-2134
-1809
-1191
-620
-328
-355
-365
-226
101
841
1605
1785
1342
719
771
1667
2416
2472
2025
1505
1509
1922
2303
2520
2170
1385
954
1033
1461
1778
1398
588
-300
-1004
-958
-481
-360
-826
-1793
-2523
-2487
-2115
-1643
-1369
-1682
-2207
-2488
-2221
-1386
-674
-420
-381
-451
-371
55
715
1466
1927
1911
1775
1785
2057
2586
3131
3450
3388
3049
2824
2930
3237
3496
3481
3118
2493
1891
1650
1765
1858
1553
824
19
-499
-613
-474
-505
-1020
-1820
-2445
-2608
-2411
-2284
-2409
-2740
-3230
-3596
-3561
-3186
-2728
-2612
-2899
-3149
-3163
-2922
-2492
-2149
-1944
-1892
-1990
-1884
-1489
-997
-556
-357
-347
-285
-63
563
1416
1818
1475
889
828
1564
2325
2415
2029
1620
1524
1756
2037
2207
2028
1455
1018
1029
1322
1540
1313
634
-243
-990
-1083
-597
-304
-688
-1533
-2158
-2179
-1876
-1531
-1289
-1368
-1743
-2043
-1892
-1280
-614
-219
-66
-28
46
389
1026
1657
1983
2047
2117
2296
2442
2582
2851
3140
3201
3025
2826
2787
2824
2803
2760
2651
2336
1896
1487
1193
962
691
393
60
-396
-873
-1209
-1417
-1599
-1858
-2162
-2431
-2634
-2719
-2712
-2747
-2910
-3139
-3255
-3178
-2993
-2798
-2688
-2710
-2732
-2621
-2324
-1904
-1571
-1400
-1319
-1310
-1182
-857
-474
-86
168
230
350
736
1387
1960
1873
1309
1036
1413
2101
2448
2186
1743
1512
1533
1789
2059
1993
1568
1094
891
1070
1255
1078
565
-249
-1061
-1341
-1069
-717
-799
-1464
-2138
-2360
-2220
-1823
-1431
-1353
-1635
-2065
-2089
-1467
-659
-77
112
24
56
349
980
1820
2338
2404
2282
2165
2328
2717
3083
3379
3354
2946
2581
2463
2595
2831
2764
2367
1833
1260
912
840
754
473
-79
-742
-1195
-1349
-1357
-1420
-1687
-2149
-2637
-2897
-2869
-2654
-2455
-2540
-2840
-3050
-3044
-2727
-2284
-2045
-1948
-2001
-2110
-1905
-1508
-1128
-810
-820
-885
-729
-594
-194
358
591
816
1045
1257
1764
1783
1312
1299
1568
2005
2370
1910
1402
1363
1285
1602
1899
1451
930
415
81
469
624
244
-171
-981
-1729
-1843
-1707
-1381
-1354
-2022
-2591
-2787
-2733
-2284
-1790
-1488
-1471
-1809
-1908
-1436
-692
159
720
793
691
636
1109
2125
2872
3190
3235
2998
2935
3092
3408
3990
4208
3759
3247
2891
2766
2936
2929
2628
2130
1336
678
563
573
365
-131
-924
-1625
-1945
-2040
-2048
-2169
-2645
-3184
-3420
-3384
-3189
-2984
-2981
-3128
-3229
-3196
-2900
-2410
-2039
-1914
-1856
-1809
-1648
-1256
-858
-568
-324
-267
-219
70
322
654
1025
1106
1242
1557
1890
2293
2235
1664
1449
1670
2053
2310
1953
1423
1224
1072
1202
1459
1184
669
105
-277
-65
53
-313
-774
-1529
-2232
-2361
-2270
-2073
-2136
-2727
-3105
-3081
-2958
-2601
-2216
-1935
-1710
-1726
-1653
-1224
-650
61
773
1181
1325
1369
1681
2457
3271
3756
3856
3690
3514
3575
3904
4321
4521
4295
3754
3245
2935
2843
2937
2799
2289
1587
760
190
-8
-195
-392
-826
-1621
-2215
-2561
-2772
-2753
-2867
-3137
-3318
-3582
-3716
-3551
-3417
-3194
-2933
-2856
-2775
-2673
-2508
-2085
-1647
-1384
-1176
-1094
-1021
-814
-480
-80
206
264
199
311
618
978
1297
1584
1886
2265
2317
1796
1275
1191
1673
2282
2213
1553
988
666
831
1285
1281
816
107
-444
-271
218
302
6
-826
-1922
-2479
-2370
-1837
-1455
-1833
-2556
-2909
-2871
-2464
-1931
-1608
-1470
-1474
-1411
-1038
-540
-31
542
1048
1481
1763
1967
2341
2799
3241
3709
3944
3857
3634
3365
3442
3831
4019
3924
3478
2697
2160
1992
1944
1937
1521
712
51
-462
-820
-965
-1309
-1822
-2243
-2625
-2792
-2832
-3078
-3350
-3445
-3434
-3266
-3107
-3098
-3075
-3000
-2835
-2488
-2095
-1801
-1623
-1489
-1274
-992
-737
-541
-360
-147
32
130
262
422
543
691
881
1109
1341
1433
1543
1933
2263
2134
1656
1195
1195
1581
1757
1575
1289
971
797
849
853
691
355
-112
-299
-113
10
-149
-702
-1594
-2245
-2300
-1937
-1509
-1563
-2143
-2613
-2638
-2253
-1701
-1350
-1275
-1300
-1248
-947
-398
181
604
863
1180
1646
2139
2507
2633
2722
3060
3494
3802
3794
3373
2916
2784
2974
3281
3255
2651
1880
1369
1216
1293
1209
719
-30
-774
-1192
-1210
-1227
-1595
-2195
-2697
-2852
-2747
-2687
-2801
-3066
-3358
-3406
-3058
-2505
-2141
-2176
-2373
-2343
-1979
-1435
-927
-625
-572
-676
-685
-398
43
359
471
471
434
382
381
576
929
1160
1187
1238
1473
1769
1760
1309
820
768
1141
1540
1543
1136
710
522
624
846
835
464
-91
-485
-400
-5
217
-42
-848
-1803
-2288
-2124
-1573
-1219
-1462
-1992
-2327
-2277
-1905
-1489
-1217
-1070
-1006
-872
-553
-149
256
624
992
1441
1908
2256
2401
2381
2443
2788
3292
3634
3573
3177
2778
2631
2738
2914
2897
2526
1921
1348
999
855
720
420
-48
-561
-990
-1333
-1684
-2019
-2197
-2228
-2302
-2531
-2772
-2871
-2884
-2889
-2770
-2448
-2147
-2125
-2265
-2217
-1947
-1631
-1284
-948
-741
-662
-598
-389
-108
-70
-163
-58
121
242
338
336
297
332
404
603
884
967
1036
1273
1390
1334
1178
913
801
867
852
888
979
929
920
899
704
549
361
118
153
377
562
579
56
-839
-1514
-1796
-1553
-995
-742
-883
-1266
-1733
-1870
-1658
-1339
-940
-686
-621
-484
-322
-135
129
370
756
1305
1762
2038
2057
1900
1890
2057
2344
2683
2794
2660
2359
1920
1634
1580
1572
1601
1491
1125
710
238
-169
-313
-463
-683
-823
-1047
-1243
-1357
-1631
-1755
-1656
-1722
-1762
-1771
-1932
-1856
-1656
-1582
-1345
-1324
-1680
-1715
-1445
-1060
-522
-415
-758
-1013
-1192
-1079
-592
-351
-316
-154
-186
-409
-604
-687
-466
-193
-98
185
690
1020
1053
844
602
549
531
542
810
1177
1458
1534
1246
911
846
858
865
873
832
966
1147
998
678
289
-190
-517
-709
-817
-667
-505
-574
-776
-1118
-1386
-1351
-1228
-1076
-826
-627
-465
-375
-429
-371
-133
157
550
913
1140
1322
1384
1372
1446
1522
1658
1894
1992
1872
1596
1303
1256
1384
1446
1465
1373
1088
696
223
-198
-420
-599
-735
-720
-689
-696
-747
-1028
-1454
-1778
-1933
-1734
-1321
-1147
-1105
-962
-831
-866
-1180
-1616
-1638
-1222
-959
-871
-737
-516
-293
-523
-1082
-1258
-894
-500
-476
-724
-799
-363
13
-154
-527
-677
-342
159
368
444
784
1243
1421
1215
822
756
964
983
852
884
1306
1876
2018
1525
894
568
495
538
551
697
1008
1025
486
-428
-1233
-1557
-1444
-1180
-888
-606
-513
-705
-1155
-1551
-1552
-1229
-835
-552
-329
-11
347
522
489
421
476
721
1011
1306
1687
2006
2064
1803
1372
1038
911
879
924
1115
1364
1463
1227
690
117
-299
-566
-740
-743
-562
-389
-399
-641
-911
-1011
-1110
-1304
-1375
-1178
-774
-389
-291
-351
-363
-447
-586
-757
-979
-1100
-1094
-988
-717
-359
-130
-125
-390
-830
-1164
-1340
-1316
-1019
-525
13
287
87
-379
-764
-906
-730
-286
466
1458
2215
2347
1807
960
285
-24
-42
242
909
1785
2511
2568
1785
563
-569
-1179
-1142
-605
148
762
849
279
-705
-1727
-2442
-2756
-2685
-2199
-1359
-402
266
351
-116
-792
-1320
-1479
-1202
-522
451
1467
2226
2512
2333
1876
1403
1099
1086
1428
2016
2617
2907
2743
2215
1516
826
259
-35
-4
273
568
674
511
67
-584
-1276
-1705
-1747
-1557
-1385
-1312
-1142
-842
-619
-730
-1122
-1430
-1431
-1132
-764
-404
-38
255
354
165
-126
-377
-485
-507
-454
-218
66
251
86
-299
-666
-820
-762
-784
-847
-973
-893
-609
-209
312
766
1155
1150
883
495
257
275
279
349
376
640
976
1169
1054
538
-32
-620
-941
-1045
-883
-574
-438
-562
-1056
-1600
-2111
-2501
-2808
-2936
-2654
-1987
-1105
-405
16
169
189
123
66
192
595
1281
2033
2763
3358
3804
3993
3866
3537
3167
2961
2849
2749
2562
2359
2217
2039
1702
1056
266
-462
-929
-1127
-1198
-1226
-1321
-1470
-1675
-1844
-1911
-1922
-1946
-2039
-2053
-1864
-1442
-960
-606
-398
-272
-114
11
72
58
30
80
157
307
425
492
397
121
-219
-595
-844
-1094
-1231
-1306
-1279
-1160
-1117
-1040
-1011
-729
-251
402
977
1185
1142
841
648
422
212
12
-44
265
683
1047
959
523
-121
-734
-1184
-1513
-1641
-1712
-1735
-1842
-1937
-2008
-2139
-2466
-2981
-3297
-3129
-2381
-1422
-518
195
809
1376
1777
2019
2055
2098
2212
2568
3185
3950
4691
5087
5155
4885
4495
3987
3348
2637
1915
1412
1100
996
886
664
279
-252
-785
-1341
-1850
-2327
-2586
-2515
-2168
-1719
-1418
-1277
-1278
-1306
-1317
-1288
-1174
-1040
-850
-641
-349
0
281
445
383
249
55
-81
-206
-384
-570
-827
-964
-1086
-1102
-1168
-1293
-1481
-1780
-2005
-2182
-2011
-1488
-505
665
1611
2037
1888
1569
1233
926
408
-169
-488
-277
358
982
1307
1123
539
-378
-1323
-2040
-2368
-2420
-2435
-2417
-2334
-2089
-1915
-1962
-2234
-2516
-2573
-2395
-1922
-1175
-105
1074
2061
2690
2957
3077
3103
3159
3276
3512
3843
4157
4459
4671
4798
4698
4290
3591
2683
1740
836
67
-516
-872
-1017
-1041
-1044
-1124
-1308
-1578
-1873
-2116
-2237
-2211
-2049
-1781
-1410
-922
-372
138
484
617
555
360
132
-48
-105
-40
87
206
273
294
245
88
-243
-725
-1252
-1685
-1920
-2015
-2041
-2071
-2084
-2044
-1991
-1866
-1491
-676
426
1357
1758
1743
1711
1798
1717
1187
378
-215
-274
72
481
688
582
105
-702
-1591
-2236
-2511
-2626
-2853
-3243
-3581
-3649
-3445
-3125
-2844
-2654
-2470
-2135
-1509
-574
487
1461
2217
2781
3218
3600
3984
4350
4631
4713
4670
4645
4698
4711
4508
4114
3611
3036
2295
1384
435
-410
-1085
-1592
-1851
-1846
-1666
-1510
-1498
-1553
-1580
-1524
-1457
-1398
-1302
-1126
-822
-411
130
743
1298
1628
1632
1457
1227
1024
761
396
63
-138
-185
-254
-413
-671
-957
-1270
-1633
-1943
-2237
-2485
-2772
-2984
-3005
-2837
-2426
-1738
-639
660
1755
2341
2503
2492
2311
1805
971
99
-478
-674
-557
-231
144
311
1
-786
-1762
-2556
-3070
-3472
-3971
-4555
-4919
-4835
-4297
-3629
-3109
-2758
-2425
-1921
-1210
-312
683
1630
2401
2998
3572
4248
4982
5546
5775
5690
5503
5412
5402
5319
4979
4381
3658
2891
2085
1166
172
-796
-1614
-2138
-2317
-2175
-1893
-1681
-1588
-1545
-1450
-1288
-1101
-900
-716
-544
-317
62
633
1260
1769
2093
2239
2218
1986
1531
953
363
-161
-561
-810
-928
-1034
-1244
-1548
-1846
-2076
-2308
-2640
-3043
-3395
-3627
-3669
-3409
-2669
-1417
9
1193
1938
2349
2590
2604
2263
1581
718
-101
-687
-891
-696
-320
-147
-420
-1028
-1659
-2103
-2473
-3026
-3837
-4713
-5302
-5364
-4964
-4348
-3721
-3093
-2302
-1271
-115
954
1749
2270
2644
3020
3512
4110
4732
5276
5647
5858
5989
6056
5938
5453
4593
3604
2728
2003
1300
516
-280
-979
-1538
-1885
-1973
-1862
-1737
-1737
-1768
-1628
-1284
-923
-727
-653
-485
-55
602
1297
1810
2027
2041
2067
2208
2333
2180
1638
866
126
-410
-745
-995
-1268
-1607
-1962
-2222
-2347
-2404
-2510
-2732
-3045
-3375
-3548
-3327
-2570
-1401
-172
822
1522
2021
2329
2297
1778
818
-267
-1082
-1426
-1380
-1196
-1082
-1104
-1250
-1472
-1691
-1902
-2232
-2852
-3752
-4601
-5015
-4909
-4503
-4060
-3599
-2921
-1873
-508
944
2201
3106
3686
4084
4435
4748
4943
4959
4860
4795
4914
5184
5394
5311
4838
4117
3354
2620
1836
843
-359
-1564
-2486
-2899
-2826
-2488
-2121
-1830
-1533
-1159
-742
-406
-257
-288
-398
-427
-205
292
950
1623
2165
2590
2864
2892
2670
2132
1417
658
-127
-809
-1468
-2012
-2318
-2449
-2316
-2123
-1980
-1863
-1959
-2116
-2259
-2236
-1799
-1204
-538
103
669
1342
1835
2000
1769
1101
382
-298
-810
-1107
-1469
-1810
-2168
-2461
-2463
-2397
-2282
-2351
-2854
-3519
-4238
-4657
-4688
-4676
-4549
-4348
-3829
-2731
-1332
292
1821
3026
4022
4672
5126
5376
5275
5004
4562
4192
4104
4188
4430
4547
4435
4178
3746
3212
2412
1311
71
-1141
-2055
-2634
-2881
-2821
-2544
-2066
-1487
-891
-357
-19
117
108
77
161
326
525
739
994
1407
1940
2456
2777
2756
2435
1888
1206
449
-380
-1233
-2034
-2645
-2944
-2895
-2637
-2364
-2183
-2035
-1714
-1136
-391
285
693
841
844
816
755
596
303
-73
-392
-540
-520
-464
-565
-942
-1512
-2078
-2458
-2644
-2828
-3166
-3660
-4137
-4384
-4390
-4281
-4186
-4114
-3890
-3339
-2411
-1206
48
1156
2056
2817
3543
4244
4785
5021
4939
4659
4383
4205
4076
3903
3616
3286
3013
2787
2512
2032
1294
415
-436
-1076
-1465
-1693
-1815
-1865
-1746
-1399
-915
-405
-40
163
310
451
669
902
1073
1215
1321
1502
1776
2012
2141
2025
1705
1310
842
375
-172
-812
-1426
-1980
-2327
-2463
-2466
-2321
-2089
-1655
-990
-230
510
991
1195
1199
1018
739
291
-293
-855
-1301
-1485
-1462
-1397
-1382
-1522
-1743
-1952
-2150
-2327
-2593
-2992
-3432
-3846
-4095
-4188
-4214
-4166
-4040
-3689
-3010
-2043
-868
333
1462
2491
3363
4080
4538
4683
4545
4175
3745
3348
3053
2903
2848
2884
2963
3009
2953
2677
2159
1439
613
-173
-857
-1381
-1720
-1870
-1781
-1482
-1017
-477
-6
362
614
776
889
913
888
860
873
1005
1198
1409
1574
1617
1599
1496
1268
891
289
-416
-1107
-1704
-2096
-2353
-2460
-2369
-2061
-1430
-596
273
1012
1450
1660
1649
1437
1041
385
-391
-1146
-1709
-1940
-1964
-1881
-1817
-1797
-1705
-1566
-1439
-1465
-1799
-2381
-3098
-3765
-4257
-4607
-4820
-4880
-4683
-4087
-3104
-1837
-507
707
1739
2591
3311
3811
4024
3906
3519
3081
2709
2510
2449
2438
2529
2672
2900
3113
3125
2900
2382
1729
1077
460
-68
-573
-992
-1231
-1253
-1034
-679
-311
48
360
675
984
1166
1243
1155
991
857
727
696
672
673
691
674
663
575
430
188
-159
-592
-1098
-1605
-2026
-2227
-2158
-1783
-1227
-571
105
732
1326
1709
1832
1586
981
219
-607
-1265
-1766
-2128
-2365
-2530
-2470
-2176
-1703
-1207
-924
-915
-1155
-1555
-2025
-2579
-3219
-3842
-4333
-4470
-4146
-3438
-2432
-1354
-258
848
1851
2696
3169
3212
2930
2436
1974
1621
1364
1236
1184
1279
1582
1996
2443
2728
2733
2547
2181
1756
1304
772
277
-173
-467
-500
-343
17
464
895
1297
1588
1773
1834
1715
1462
1096
706
396
171
66
74
151
288
396
435
395
229
-48
-466
-985
-1474
-1840
-1980
-1875
-1590
-1135
-603
-58
470
856
1082
1076
796
345
-226
-807
-1351
-1870
-2278
-2520
-2537
-2322
-1963
-1540
-1131
-815
-650
-670
-885
-1257
-1746
-2267
-2706
-2961
-2953
-2674
-2148
-1439
-622
224
992
1608
2000
2158
2116
1897
1585
1243
886
588
374
271
326
468
660
872
1033
1169
1249
1238
1171
988
728
467
219
98
109
209
444
753
1146
1620
2035
2346
2471
2356
2114
1782
1432
1141
859
625
484
425
487
602
657
610
413
105
-211
-513
-771
-964
-1111
-1140
-1016
-788
-479
-211
-49
11
-83
-283
-585
-1008
-1468
-1930
-2325
-2581
-2702
-2668
-2495
-2224
-1876
-1514
-1196
-965
-860
-885
-1019
-1224
-1439
-1618
-1699
-1645
-1431
-1058
-554
32
617
1118
1487
1685
1731
1646
1452
1196
906
643
465
395
438
555
684
793
853
862
821
725
580
398
202
44
-33
-24
64
207
387
612
872
1138
1362
1487
1500
1418
1278
1126
965
798
649
552
535
599
682
726
696
585
433
257
66
-123
-290
-377
-352
-220
-6
230
437
583
631
561
368
56
-330
-753
-1181
-1583
-1939
-2221
-2391
-2433
-2353
-2183
-1979
-1764
-1542
-1317
-1099
-928
-865
-900
-992
-1057
-1025
-911
-730
-515
-272
45
420
814
1153
1332
1347
1235
1040
827
577
287
-4
-271
-419
-421
-318
-144
11
135
256
362
469
528
501
423
322
277
326
437
597
759
934
1147
1359
1554
1662
1643
1530
1333
1110
873
600
327
66
-148
-262
-316
-315
-286
-275
-229
-171
-101
-12
37
78
134
198
302
399
463
487
435
334
192
-9
-247
-537
-852
-1140
-1395
-1580
-1710
-1788
-1806
-1787
-1720
-1610
-1476
-1320
-1171
-1041
-920
-812
-690
-533
-346
-119
140
423
737
1059
1362
1612
1740
1742
1620
1393
1112
779
411
54
-273
-512
-651
-711
-706
-683
-644
-586
-533
-486
-480
-520
-557
-576
-524
-393
-210
47
348
695
1080
1431
1714
1890
1932
1882
1748
1541
1286
983
672
392
160
-5
-125
-227
-310
-384
-431
-438
-419
-387
-350
-310
-237
-133
-15
84
134
129
78
-12
-132
-281
-465
-669
-864
-1019
-1111
-1147
-1141
-1104
-1044
-968
-890
-839
-818
-833
-872
-925
-966
-976
-934
-819
-627
-354
-11
377
776
1148
1462
1695
1833
1862
1785
1624
1410
1169
922
683
472
298
162
55
-39
-120
-204
-296
-401
-517
-627
-726
-809
-873
-910
-902
-837
-709
-525
-292
-30
253
537
813
1056
1238
1349
1385
1355
1267
1134
967
771
567
371
203
64
-41
-116
-157
-153
-113
-45
29
89
124
112
49
-72
-253
-487
-756
-1027
-1272
-1471
-1612
-1687
-1695
-1637
-1525
-1374
-1213
-1053
-909
-794
-700
-630
-580
-550
-533
-516
-493
-442
-355
-226
-45
179
442
730
1020
1293
1517
1678
1759
1760
1686
1551
1376
1180
989
827
702
619
573
551
543
539
518
468
382
256
97
-78
-253
-407
-532
-612
-637
-607
-530
-413
-276
-127
13
132
229
296
329
326
297
246
188
127
67
15
-30
-57
-67
-58
-34
-2
37
81
130
181
222
243
230
171
63
-94
-301
-544
-811
-1080
-1325
-1528
-1680
-1771
-1792
-1753
-1661
-1526
-1367
-1190
-1019
-861
-719
-603
-511
-437
-376
-316
-246
-155
-34
118
300
503
717
928
1121
1281
1397
1462
1468
1429
1353
1257
1152
1049
959
895
858
846
854
872
885
886
860
805
719
605
470
323
183
63
-23
-65
-66
-26
45
134
222
292
332
329
279
180
49
-102
-260
-405
-529
-617
-661
-671
-641
-584
-509
-426
-344
-267
-207
-167
-154
-173
-225
-314
-428
-565
-711
-858
-994
-1105
-1187
-1234
-1251
-1244
-1219
-1179
-1135
-1083
-1025
-965
-892
-816
-733
-640
-539
-426
-302
-172
-41
90
218
347
472
594
710
817
912
995
1067
1125
1167
1186
1179
1149
1102
1047
995
940
882
826
776
741
709
663
595
504
400
300
216
150
104
82
98
157
253
367
472
546
586
590
566
517
431
315
184
53
-56
-132
-176
-195
-201
-189
-154
-103
-47
-15
-21
-66
-144
-249
-384
-549
-744
-954
-1156
-1322
-1442
-1515
-1543
-1527
-1469
-1370
-1243
-1103
-974
-876
-805
-760
-727
-700
-681
-661
-633
-580
-493
-372
-226
-71
77
214
332
427
496
532
537
518
499
491
504
541
601
685
783
895
1006
1096
1158
1184
1167
1109
1018
896
756
602
456
334
244
191
170
179
215
274
348
418
462
474
451
402
333
244
140
37
-51
-109
-131
-118
-77
-20
55
142
226
300
342
348
320
265
187
86
-34
-176
-329
-487
-639
-784
-924
-1054
-1169
-1263
-1326
-1354
-1350
-1316
-1259
-1186
-1095
-992
-882
-773
-672
-588
-514
-442
-369
-291
-206
-117
-27
66
159
249
324
381
409
414
406
382
355
327
300
287
284
301
335
384
444
508
568
621
664
686
682
651
597
532
464
401
347
311
299
309
338
374
410
433
433
405
345
257
151
37
-69
-158
-217
-231
-207
-146
-58
42
144
233
299
336
343
318
273
214
144
74
6
-53
-104
-149
-192
-240
-286
-341
-410
-490
-581
-679
-778
-873
-951
-999
-1008
-975
-910
-810
-685
-546
-400
-267
-155
-69
-14
14
18
9
-8
-29
-43
-38
-21
10
51
99
149
194
234
263
281
287
282
275
266
256
252
247
249
262
280
303
326
351
372
389
396
389
373
349
316
282
247
215
189
165
149
138
126
116
97
74
41
1
-40
-81
-114
-135
-134
-110
-65
0
72
147
208
249
260
239
189
111
22
-73
-157
-230
-283
-305
-317
-311
-302
-300
-303
-327
-367
-414
-466
-509
-537
-547
-530
-486
-412
-314
-211
-113
-26
47
93
116
114
90
55
17
-12
-23
-13
19
65
120
175
224
265
287
284
259
227
187
151
124
110
111
128
158
198
235
265
281
275
259
227
183
140
94
59
39
34
43
56
63
62
51
31
-8
-63
-128
-193
-252
-297
-319
-327
-308
-266
-214
-144
-70
-1
56
92
114
125
118
94
57
15
-22
-45
-56
-59
-60
-52
-36
-15
7
20
21
15
6
-6
-17
-24
-34
-38
-36
-26
-13
2
17
29
40
49
59
68
72
72
64
50
30
8
-18
-39
-57
-70
-73
-66
-52
-35
-20
-14
-21
-37
-61
-88
-115
-135
-142
-134
-110
-70
-25
31
85
130
162
180
185
177
160
136
101
59
18
-13
-32
-38
-43
-52
-61
-69
-77
-82
-88
-92
-94
-93
-84
-66
-38
-4
35
71
101
117
119
107
86
62
36
15
-2
-14
-22
-25
-15
5
31
56
68
69
58
45
32
15
-4
-24
-38
-47
-42
-21
7
42
74
99
116
118
110
94
72
49
26
8
-4
-11
-11
-8
-3
3
2
-7
-21
-46
-72
-105
-137
-164
-189
-202
-205
-200
-178
-147
-109
-65
-18
27
61
83
92
86
68
40
5
-29
-56
-74
-85
-88
-82
-70
-51
-34
-15
0
9
14
15
9
3
-7
-16
-22
-18
-4
14
37
56
75
91
101
107
102
93
81
73
69
72
81
91
104
116
129
136
131
116
91
65
40
18
-5
-24
-37
-40
-33
-20
3
24
39
51
58
59
55
47
36
21
7
-7
-21
-34
-42
-47
-54
-63
-74
-86
-100
-118
-135
-146
-148
-148
-141
-126
-109
-87
-63
-45
-30
-22
-20
-26
-40
-57
-77
-95
-109
-118
-122
-118
-104
-84
-60
-35
-14
3
13
17
15
7
-5
-18
-27
-33
-30
-19
-3
16
41
65
85
106
117
128
134
132
130
124
120
118
115
114
112
120
130
139
149
151
149
144
133
118
100
79
60
45
35
28
24
26
31
36
39
39
32
18
-2
-27
-49
-72
-94
-115
-131
-144
-144
-143
-138
-127
-117
-99
-82
-70
-60
-54
-49
-44
-47
-53
-57
-65
-71
-77
-88
-93
-97
-98
-94
-91
-85
-78
-67
-54
-43
-32
-23
-17
-6
5
15
24
32
37
43
50
55
59
65
73
79
85
91
95
96
98
100
97
95
90
82
77
75
71
72
72
66
62
56
55
52
47
39
31
27
23
20
18
13
9
6
4
-1
-9
-16
-23
-32
-40
-49
-56
-65
-72
-78
-81
-81
-81
-80
-78
-75
-73
-67
-61
-51
-40
-31
-20
-12
-5
-1
-4
-8
-16
-26
-30
-34
-34
-32
-32
-30
-28
-28
-23
-20
-15
-9
-6
-3
1
5
8
8
11
13
13
11
12
17
27
36
44
48
50
53
51
50
48
40
36
37
38
39
45
50
49
50
50
49
50
49
47
43
36
32
27
23
23
21
19
20
22
24
18
14
8
-1
-11
-22
-33
-42
-50
-58
-69
-76
-80
-82
-83
-83
-82
-79
-77
-72
-64
-58
-53
-49
-41
-30
-23
-23
-23
-15
-8
-6
-7
-4
3
5
-1
-6
-8
-5
-3
-5
-2
8
18
21
25
31
37
39
38
39
47
54
56
55
55
58
58
52
42
41
42
41
36
33
33
29
26
22
19
16
13
8
5
5
4
-2
-8
-12
-15
-17
-23
-27
-27
-26
-21
-16
-13
-9
-8
-6
-8
-8
-12
-14
-19
-27
-35
-41
-46
-47
-45
-45
-44
-42
-35
-29
-25
-16
-16
-13
-9
-5
1
2
3
3
4
9
9
10
9
4
4
5
4
1
-1
-3
-1
2
3
5
5
4
5
8
10
11
12
16
21
23
24
27
29
28
28
24
21
21
24
25
26
25
24
25
26
26
24
20
19
15
9
4
0
-3
-5
-3
-5
-5
-3
-2
-3
-6
-10
-13
-13
-15
-14
-18
-21
-24
-28
-29
-29
-25
-26
-26
-28
-30
-30
-31
-30
-26
-21
-15
-10
-8
-4
-2
0
0
-1
0
1
2
5
3
3
5
8
9
12
13
14
13
13
11
9
8
9
8
7
8
8
10
11
11
12
12
9
6
7
7
5
6
6
5
7
5
6
8
8
8
8
9
10
12
14
14
11
8
6
6
3
1
1
-3
-2
-3
