5
6
6
4
6
5
6
6
4
4
3
2
1
2
2
1
1
-1
-1
-3
-3
-1
-1
-1
-2
-4
-3
-3
-2
-3
-5
-7
-8
-7
-6
-5
-4
-4
-3
-4
-4
-4
-6
-6
-6
-5
-1
-1
-1
-2
-5
-5
-4
-4
-4
-5
-5
-5
-3
-1
0
-1
-1
-1
0
3
4
4
2
0
1
3
5
9
9
7
7
5
6
7
6
9
11
9
9
9
10
8
8
8
7
7
5
6
7
6
5
5
2
-1
-1
0
1
1
1
-1
-2
-2
-5
-7
-7
-7
-4
-4
-6
-8
-8
-9
-10
-9
-8
-10
-9
-9
-11
-11
-10
-11
-11
-10
-8
-10
-11
-11
-11
-9
-9
-9
-9
-9
-7
-6
-5
-3
-2
-4
-2
-2
-2
-1
0
1
0
-1
2
4
4
4
6
7
8
10
12
13
11
12
12
15
15
15
16
15
16
18
20
22
23
21
21
20
18
18
18
16
14
14
12
10
9
7
7
6
4
3
3
1
-2
-4
-5
-7
-10
-9
-11
-12
-14
-17
-18
-20
-22
-24
-24
-23
-22
-22
-20
-20
-19
-18
-16
-13
-10
-9
-9
-10
-12
-11
-10
-10
-11
-13
-14
-15
-14
-12
-9
-9
-10
-13
-13
-14
-15
-15
-19
-20
-22
-23
-22
-18
-16
-16
-14
-12
-10
-6
-1
4
8
11
14
20
26
31
35
39
42
46
48
50
52
54
52
52
52
51
53
51
51
51
48
42
40
39
36
33
29
26
22
21
20
18
17
12
7
2
-3
-8
-13
-18
-21
-28
-32
-36
-42
-44
-50
-57
-57
-60
-62
-62
-61
-59
-60
-61
-61
-61
-59
-58
-59
-57
-56
-52
-46
-40
-34
-29
-21
-15
-6
6
14
21
24
25
26
27
28
30
30
28
28
29
32
35
35
35
32
27
23
19
18
14
9
1
-6
-10
-12
-14
-16
-17
-18
-17
-13
-9
-6
-4
-3
0
5
12
19
26
31
32
46
57
58
62
61
70
81
80
80
77
77
86
83
80
77
70
67
63
52
46
39
32
27
19
11
6
0
-7
-16
-25
-38
-51
-63
-76
-84
-96
-106
-123
-141
-148
-158
-166
-179
-204
-215
-223
-230
-232
-253
-264
-264
-270
-265
-270
-279
-270
-263
-250
-241
-242
-230
-213
-195
-173
-159
-142
-115
-90
-61
-31
1
36
67
100
140
192
240
287
330
360
399
428
442
459
470
477
477
472
463
454
442
425
398
363
322
278
233
188
140
86
28
-30
-86
-132
-173
-211
-247
-278
-303
-317
-321
-319
-311
-301
-284
-264
-234
-199
-158
-115
-72
-32
3
36
71
101
132
157
178
197
210
221
231
234
235
234
225
217
210
199
188
173
156
138
123
112
99
88
73
55
37
16
0
-17
-35
-57
-81
-105
-125
-144
-163
-185
-207
-230
-254
-275
-294
-311
-329
-347
-362
-374
-383
-385
-386
-382
-378
-369
-358
-344
-326
-307
-287
-264
-239
-213
-182
-151
-118
-80
-40
3
50
100
149
203
255
306
355
396
425
443
457
471
480
486
485
475
463
448
427
404
376
340
298
248
200
149
97
43
-15
-73
-129
-178
-219
-257
-289
-314
-335
-348
-348
-338
-321
-303
-280
-251
-214
-168
-116
-64
-14
34
79
121
160
199
235
260
284
303
315
323
324
323
320
310
305
292
268
245
218
196
173
142
114
88
64
44
21
-4
-32
-60
-88
-114
-136
-163
-190
-218
-248
-270
-294
-319
-344
-380
-407
-432
-451
-467
-494
-515
-529
-538
-539
-546
-554
-545
-536
-520
-501
-486
-459
-425
-390
-352
-318
-276
-225
-173
-119
-62
3
71
143
214
286
368
444
519
593
653
716
760
782
801
809
825
841
825
803
773
740
712
664
602
529
444
363
274
178
80
-22
-126
-228
-326
-410
-486
-551
-602
-646
-680
-696
-691
-670
-639
-599
-547
-484
-407
-320
-229
-135
-41
50
136
220
294
360
418
465
504
537
557
569
570
564
556
540
520
490
455
419
381
344
305
261
219
178
140
106
69
32
-5
-46
-88
-128
-163
-203
-240
-279
-317
-350
-380
-413
-448
-482
-514
-544
-573
-598
-621
-634
-645
-660
-660
-656
-651
-645
-631
-608
-579
-545
-513
-477
-444
-402
-358
-310
-259
-207
-153
-96
-31
37
109
187
266
345
424
503
582
653
706
745
778
800
815
823
820
812
790
757
723
681
632
574
498
414
327
238
148
54
-43
-144
-240
-333
-414
-480
-538
-584
-624
-654
-663
-653
-628
-593
-551
-496
-428
-349
-260
-167
-74
22
115
208
299
379
449
513
566
614
657
685
703
707
704
699
688
663
633
596
553
507
454
401
347
291
235
174
113
54
-8
-67
-130
-196
-264
-328
-387
-447
-502
-557
-608
-652
-694
-734
-770
-803
-833
-859
-877
-890
-897
-900
-898
-889
-873
-851
-822
-787
-749
-705
-653
-600
-543
-487
-430
-365
-301
-234
-168
-99
-26
48
126
209
293
376
462
548
635
724
808
882
946
991
1023
1047
1058
1061
1059
1048
1028
996
955
910
857
795
724
637
542
441
340
234
124
10
-108
-225
-338
-438
-524
-599
-664
-725
-769
-792
-794
-783
-757
-716
-673
-613
-540
-455
-359
-263
-172
-82
7
92
166
237
298
355
404
442
475
495
507
509
499
483
461
435
402
362
322
284
240
194
148
100
61
21
-19
-58
-102
-145
-187
-228
-265
-302
-337
-372
-406
-435
-464
-492
-519
-546
-573
-595
-611
-627
-640
-650
-656
-655
-649
-637
-618
-594
-565
-530
-491
-453
-413
-370
-325
-278
-232
-183
-134
-80
-23
37
102
168
237
311
387
465
546
625
697
767
829
872
903
914
916
917
910
899
873
837
800
757
711
654
585
509
424
334
241
145
47
-53
-160
-265
-363
-452
-530
-599
-657
-702
-732
-749
-751
-738
-713
-680
-636
-580
-511
-432
-344
-253
-160
-69
25
115
194
265
326
381
434
478
516
544
561
567
566
557
545
521
490
454
416
379
342
304
258
210
159
111
66
22
-20
-60
-103
-147
-187
-222
-256
-294
-329
-365
-396
-428
-456
-480
-506
-531
-559
-585
-605
-619
-630
-637
-644
-638
-626
-610
-588
-567
-540
-505
-470
-431
-394
-357
-315
-272
-224
-179
-130
-75
-19
38
102
171
239
313
388
465
545
626
701
771
827
868
901
921
931
937
938
938
924
894
861
820
777
725
655
575
486
390
300
201
91
-21
-139
-254
-366
-468
-560
-643
-715
-774
-813
-830
-830
-816
-795
-765
-720
-660
-586
-500
-404
-303
-195
-88
24
134
224
299
362
417
467
518
567
603
621
642
646
629
609
576
542
496
443
411
400
393
384
328
242
159
88
41
13
-55
-201
-366
-495
-533
-509
-542
-645
-791
-922
-941
-885
-826
-820
-899
-986
-1023
-1004
-951
-924
-950
-999
-1052
-1038
-935
-772
-604
-512
-497
-486
-428
-318
-209
-158
-161
-156
-82
65
220
313
310
230
149
171
337
653
1076
1575
2073
2531
2825
2944
2809
2332
1737
1162
767
587
566
618
683
740
746
641
388
-16
-493
-914
-1143
-1109
-915
-718
-648
-730
-907
-1122
-1335
-1527
-1692
-1757
-1631
-1270
-743
-236
80
140
-3
-215
-362
-353
-173
145
583
1107
1660
2114
2312
2173
1698
1019
361
-70
-170
19
368
743
1034
1154
1060
737
266
-199
-491
-487
-207
218
617
833
812
563
155
-316
-742
-1013
-1085
-971
-738
-507
-401
-499
-774
-1124
-1422
-1592
-1630
-1562
-1423
-1241
-1084
-1022
-1098
-1305
-1571
-1769
-1803
-1665
-1407
-1104
-805
-519
-231
53
291
409
366
201
23
-43
42
204
302
238
68
-55
11
326
836
1506
2382
3515
4839
5981
6358
5570
3677
1228
-1035
-2585
-3265
-3291
-2996
-2548
-1919
-1128
-450
-224
-563
-1210
-1606
-1251
-57
1532
2753
3056
2455
1347
184
-810
-1647
-2337
-2717
-2511
-1627
-381
575
702
-9
-1056
-1734
-1605
-719
567
1851
2933
3800
4377
4447
3781
2430
850
-376
-899
-808
-483
-279
-318
-439
-416
-195
79
256
357
556
965
1451
1745
1644
1169
548
17
-326
-576
-923
-1458
-2071
-2529
-2704
-2671
-2589
-2525
-2374
-2011
-1457
-906
-586
-607
-874
-1155
-1246
-1133
-979
-969
-1141
-1352
-1473
-1513
-1556
-1602
-1512
-1134
-466
320
976
1289
1181
836
524
372
292
113
-158
-314
-185
165
580
1038
1702
2884
4783
7122
8984
9174
7131
3485
-390
-3425
-5266
-6072
-6164
-5739
-4737
-3045
-964
689
1131
404
-545
-636
517
2396
4093
4840
4349
2866
927
-979
-2758
-4474
-5824
-6098
-4850
-2506
-142
1286
1478
753
-193
-612
-132
1055
2446
3685
4695
5341
5265
4197
2350
333
-1306
-2300
-2637
-2460
-2022
-1538
-1045
-444
297
1027
1601
2031
2409
2730
2809
2459
1692
670
-344
-1107
-1534
-1732
-1938
-2270
-2629
-2843
-2815
-2584
-2258
-1902
-1492
-974
-351
196
405
105
-649
-1554
-2248
-2482
-2235
-1716
-1239
-1023
-1061
-1182
-1242
-1209
-1071
-793
-361
182
722
1146
1328
1161
726
284
54
39
60
18
3
82
187
269
414
907
2089
4172
7008
9703
10819
9380
5627
885
-3467
-6696
-8545
-9044
-8405
-6828
-4430
-1476
1228
2633
2429
1418
825
1339
2757
4389
5466
5354
3888
1508
-1153
-3736
-6149
-8028
-8554
-7156
-4163
-683
2095
3502
3521
2682
1801
1476
1777
2465
3335
4338
5205
5310
4121
1723
-1074
-3232
-4096
-3710
-2662
-1583
-759
-88
676
1555
2270
2556
2432
2224
2238
2369
2208
1391
-4
-1471
-2478
-2805
-2627
-2325
-2158
-2124
-2026
-1723
-1338
-1171
-1390
-1745
-1765
-1221
-362
270
295
-299
-1222
-2055
-2473
-2416
-2100
-1742
-1335
-775
-180
119
-70
-577
-1006
-1110
-873
-436
7
298
429
488
539
576
545
458
387
454
758
1172
1373
1162
769
605
979
2147
4441
7750
10656
11237
8773
4312
-556
-5033
-8601
-10434
-10210
-8696
-6570
-3601
276
3678
4768
3700
2294
1801
2075
2638
3619
4576
4226
2106
-750
-3164
-5348
-7895
-10003
-9977
-7333
-3283
761
4011
5941
6040
4618
2966
2022
1663
1516
1799
2842
4068
4292
2914
351
-2419
-4428
-5061
-4363
-3002
-1608
-244
1249
2733
3802
4199
3902
3009
1925
1236
1046
753
-210
-1520
-2343
-2438
-2218
-2010
-1760
-1415
-1114
-821
-327
178
99
-743
-1672
-1887
-1391
-815
-588
-682
-966
-1370
-1682
-1713
-1575
-1499
-1415
-991
-226
375
376
-149
-815
-1338
-1556
-1343
-763
-126
301
589
946
1293
1285
760
23
-361
-165
280
529
508
497
792
1689
3692
6956
10200
11245
9138
4979
462
-3841
-7898
-10823
-11719
-10878
-8975
-5859
-1273
3408
5834
5472
4054
3089
2624
2280
2363
3022
3233
2144
240
-1665
-3741
-6522
-9235
-10083
-8222
-4500
-194
3901
7060
8384
7603
5647
3655
1985
627
-21
611
2131
3211
2910
1339
-847
-3074
-4780
-5236
-4092
-1891
514
2693
4551
5831
5979
4875
3073
1180
-443
-1633
-2262
-2302
-2039
-1764
-1471
-1109
-809
-752
-910
-984
-784
-369
57
195
-202
-1093
-2041
-2545
-2504
-2173
-1780
-1407
-1130
-1000
-936
-818
-778
-986
-1278
-1244
-753
-194
-5
-248
-749
-1378
-1940
-2130
-1798
-1101
-313
460
1158
1592
1625
1297
751
200
-52
203
682
800
489
257
599
1700
3703
6785
9903
11053
9267
5445
1125
-3272
-7758
-11215
-12431
-11562
-9310
-5685
-553
4607
7328
7107
5621
4268
3080
1881
1381
1885
2271
1595
277
-1082
-3001
-6088
-9243
-10334
-8614
-5093
-842
3592
7358
9139
8530
6608
4428
2109
-193
-1450
-810
954
2173
2106
1150
-327
-2241
-4034
-4701
-3977
-2547
-800
1547
4360
6497
6953
5888
4078
1917
-375
-2223
-3187
-3454
-3405
-2948
-1838
-539
133
-4
-424
-670
-743
-744
-659
-633
-953
-1528
-1892
-1826
-1628
-1684
-1907
-1928
-1616
-1174
-867
-768
-828
-936
-949
-798
-598
-622
-998
-1497
-1673
-1355
-813
-362
-59
241
584
908
1222
1465
1311
653
34
102
676
871
382
-158
-157
588
2482
6012
10138
12278
10908
7073
2690
-1808
-6711
-10978
-13042
-12770
-10959
-7554
-2100
3953
7653
7886
6321
4764
3360
1788
752
917
1466
1316
580
-307
-1921
-5048
-8796
-10901
-10129
-7117
-2921
1889
6545
9650
10268
8834
6324
3196
-126
-2479
-2716
-1139
671
1538
1430
711
-513
-2077
-3366
-3834
-3429
-2179
31
2988
5815
7408
7332
5906
3598
904
-1621
-3531
-4588
-4805
-4158
-2705
-982
320
874
836
535
128
-234
-382
-428
-682
-1210
-1686
-1819
-1786
-1938
-2261
-2489
-2500
-2345
-1976
-1289
-513
-59
11
25
151
96
-383
-1042
-1508
-1734
-1769
-1539
-1036
-541
-299
29
747
1429
1489
1086
940
1191
1190
753
435
472
752
1764
4573
8704
11436
10744
7365
3290
-844
-5444
-9632
-11804
-11876
-10733
-8176
-3290
2964
7489
8521
7377
5854
4123
1837
-185
-849
-662
-779
-1090
-1003
-1192
-2969
-6038
-8283
-8230
-6337
-3454
250
4388
7681
8995
8525
6994
4485
1065
-2147
-3628
-3071
-1601
-300
580
1033
874
135
-739
-1344
-1665
-1575
-578
1458
3894
5763
6439
5916
4395
2187
-164
-2215
-3721
-4484
-4325
-3204
-1522
54
1101
1527
1435
986
357
-253
-758
-1212
-1630
-1936
-2038
-1968
-1873
-1831
-1807
-1733
-1596
-1470
-1324
-1107
-896
-819
-936
-1090
-1128
-1104
-1150
-1248
-1277
-1242
-1220
-1210
-1139
-978
-792
-449
260
1138
1718
1777
1605
1479
1147
402
-375
-597
61
1741
4638
8319
11021
10981
8134
3887
-563
-4998
-8997
-11457
-11767
-10213
-7156
-2631
2649
6753
8164
7280
5486
3537
1510
-209
-935
-729
-383
-322
-491
-1164
-2937
-5588
-7723
-8059
-6571
-3924
-522
3274
6576
8364
8393
7085
4753
1687
-1228
-2838
-2779
-1779
-701
188
856
1101
785
129
-620
-1351
-1732
-1172
545
2795
4657
5684
5876
5183
3586
1466
-681
-2578
-4025
-4627
-3982
-2381
-714
414
1009
1244
1127
645
9
-590
-1247
-1952
-2385
-2280
-1814
-1456
-1376
-1379
-1363
-1435
-1612
-1721
-1718
-1758
-1875
-1848
-1502
-1044
-787
-753
-750
-748
-896
-1190
-1414
-1407
-1233
-926
-344
497
1189
1381
1186
960
734
208
-504
-777
-76
1682
4386
7730
10611
11430
9430
5408
758
-3835
-8070
-11108
-12019
-10669
-7609
-3396
1422
5610
7748
7582
6102
4307
2517
860
-189
-312
46
218
-82
-976
-2647
-5013
-7220
-8071
-7110
-4729
-1506
2145
5644
8085
8785
7755
5499
2602
-246
-2247
-2871
-2315
-1299
-366
329
790
945
675
28
-767
-1367
-1381
-568
962
2752
4238
5052
5054
4243
2759
838
-1186
-2915
-3964
-4027
-3111
-1629
-165
850
1292
1214
726
-5
-763
-1405
-1887
-2157
-2111
-1727
-1194
-785
-639
-750
-1070
-1553
-2063
-2413
-2519
-2409
-2140
-1738
-1272
-872
-621
-496
-479
-568
-758
-971
-1053
-946
-660
-246
153
406
527
652
854
978
776
283
-52
404
2096
4984
8269
10512
10566
8221
4226
-369
-4874
-8705
-11221
-11871
-10387
-6926
-2123
2828
6439
7820
7220
5544
3617
1823
358
-525
-756
-542
-228
-264
-1095
-2889
-5178
-6954
-7321
-6080
-3631
-494
2857
5865
7855
8324
7214
4906
2078
-416
-1873
-2126
-1609
-905
-241
455
1109
1328
766
-468
-1796
-2519
-2161
-699
1405
3464
4922
5616
5598
4840
3233
865
-1754
-3846
-4775
-4368
-2947
-1123
490
1509
1817
1481
628
-552
-1739
-2576
-2822
-2465
-1738
-967
-447
-358
-677
-1257
-1931
-2536
-2879
-2780
-2243
-1517
-942
-703
-755
-925
-1075
-1144
-1174
-1233
-1279
-1187
-850
-389
-74
8
-11
14
44
-51
-204
22
1143
3420
6606
9588
10950
9814
6370
1748
-2990
-7222
-10454
-12213
-12021
-9618
-5306
42
4989
8062
8736
7543
5459
3284
1348
-137
-913
-976
-588
-237
-512
-1761
-3860
-6058
-7270
-6797
-4677
-1461
2144
5466
7863
8792
8050
5876
2914
70
-1811
-2285
-1538
-254
883
1475
1438
823
-311
-1741
-3014
-3583
-2964
-1057
1721
4625
6819
7720
7165
5270
2426
-780
-3670
-5514
-5846
-4677
-2504
-169
1591
2410
2283
1466
288
-942
-1917
-2428
-2354
-1741
-876
-181
-44
-586
-1598
-2718
-3585
-3964
-3750
-2951
-1739
-438
568
957
602
-364
-1595
-2653
-3233
-3252
-2783
-1974
-950
117
938
1251
964
285
-409
-840
-936
-724
-165
956
2877
5609
8641
10776
10809
8323
3958
-983
-5456
-8839
-10713
-10884
-9337
-6262
-2131
2232
5652
7178
6791
5285
3617
2311
1432
936
741
617
308
-456
-1867
-3919
-6211
-7889
-8039
-6308
-3101
764
4456
7301
8794
8670
7035
4375
1435
-967
-2167
-1958
-752
665
1621
1831
1348
317
-1105
-2582
-3594
-3629
-2404
-89
2745
5357
7045
7401
6388
4222
1313
-1793
-4427
-5907
-5862
-4423
-2196
18
1621
2338
2201
1451
365
-730
-1504
-1752
-1425
-775
-231
-204
-866
-2000
-3165
-3972
-4238
-3969
-3237
-2103
-707
692
1713
2005
1438
206
-1232
-2414
-3097
-3253
-2963
-2319
-1473
-639
-18
274
294
211
156
183
283
585
1469
3246
5889
8642
10215
9609
6651
2173
-2575
-6641
-9466
-10803
-10527
-8519
-4928
-407
3886
6652
7244
6059
4136
2483
1534
1176
1119
1105
942
445
-634
-2463
-4848
-7110
-8263
-7557
-4977
-1223
2665
5795
7630
7975
6913
4781
2166
-144
-1427
-1320
-80
1482
2493
2489
1568
202
-1134
-2167
-2716
-2636
-1782
-129
2014
4082
5465
5758
5000
3548
1809
92
-1469
-2743
-3530
-3664
-3124
-2143
-1107
-318
97
198
128
-40
-247
-437
-521
-414
-176
-14
-201
-874
-1897
-2950
-3725
-4087
-4049
-3639
-2865
-1766
-498
656
1369
1463
984
213
-523
-1098
-1503
-1749
-1830
-1689
-1383
-1037
-749
-583
-575
-649
-612
-101
1298
3688
6777
9617
10943
9923
6548
1752
-3199
-7345
-10052
-11051
-10335
-8012
-4450
-385
3161
5172
5333
4267
2990
2324
2446
2992
3457
3376
2527
920
-1365
-4178
-7110
-9377
-9974
-8268
-4522
220
4603
7569
8665
8007
6098
3587
1138
-611
-1151
-351
1337
2995
3742
3206
1636
-355
-2185
-3460
-3925
-3460
-1994
312
2935
5177
6384
6309
5214
3582
1865
320
-1003
-2054
-2702
-2846
-2518
-1989
-1603
-1507
-1611
-1676
-1509
-1101
-587
-154
104
233
295
265
7
-587
-1442
-2347
-3075
-3499
-3610
-3448
-3073
-2505
-1763
-926
-154
365
538
463
287
105
-79
-347
-723
-1126
-1399
-1413
-1200
-991
-966
-1041
-761
444
2737
5797
8637
10026
9192
6142
1844
-2503
-6090
-8448
-9412
-8989
-7281
-4617
-1503
1362
3164
3585
3060
2417
2377
3031
3987
4726
4739
3733
1742
-950
-3912
-6654
-8622
-9162
-7862
-4929
-1174
2377
4944
6199
6218
5374
4182
3115
2468
2336
2622
3010
3016
2264
776
-975
-2347
-2964
-2821
-2135
-1165
-12
1269
2591
3789
4579
4789
4491
3905
3200
2341
1152
-371
-1983
-3276
-3889
-3775
-3136
-2298
-1521
-853
-289
120
239
-56
-681
-1313
-1600
-1378
-840
-413
-477
-1150
-2215
-3270
-3964
-4110
-3708
-2874
-1770
-597
405
1009
1086
729
215
-180
-316
-298
-346
-562
-894
-1168
-1268
-1307
-1452
-1699
-1649
-583
1908
5518
9060
10939
10173
6872
2199
-2314
-5675
-7592
-8253
-7952
-6771
-4783
-2387
-306
723
573
-52
-146
947
3053
5294
6691
6642
5177
2774
-45
-2915
-5520
-7396
-7962
-6863
-4384
-1400
1085
2437
2693
2406
2230
2538
3319
4331
5303
6002
6168
5505
3860
1501
-941
-2764
-3503
-3241
-2415
-1492
-744
-66
774
1852
3072
4201
5043
5528
5528
4877
3477
1386
-1005
-3117
-4452
-4779
-4290
-3428
-2546
-1810
-1183
-596
-115
175
222
83
-110
-289
-517
-954
-1713
-2694
-3616
-4158
-4173
-3771
-3193
-2656
-2195
-1715
-1151
-503
146
744
1331
1850
2143
1932
971
-605
-2301
-3474
-3683
-3085
-2156
-1224
-149
1591
4198
7171
9300
9411
7226
3549
-136
-2733
-4085
-4742
-5338
-5926
-6057
-5377
-3994
-2495
-1449
-826
-81
1302
3321
5239
6146
5629
3973
1992
344
-841
-1824
-2837
-3761
-4207
-3887
-2965
-1929
-1199
-810
-367
548
2007
3690
5134
6065
6486
6471
5938
4748
2900
733
-1118
-2145
-2248
-1796
-1353
-1198
-1169
-871
-19
1298
2709
3855
4575
4885
4802
4251
3150
1585
-98
-1469
-2289
-2648
-2890
-3290
-3830
-4191
-4001
-3161
-1926
-727
109
499
565
434
113
-453
-1287
-2254
-3116
-3652
-3808
-3697
-3490
-3282
-3044
-2728
-2278
-1622
-748
327
1458
2315
2615
2239
1331
298
-600
-1310
-1824
-2011
-1390
412
3251
6248
7982
7508
4948
1480
-1356
-2787
-3005
-2812
-2936
-3412
-3800
-3681
-3091
-2523
-2294
-2147
-1494
40
2147
3922
4542
3823
2345
1063
491
384
105
-721
-1806
-2537
-2603
-2237
-1927
-1941
-2071
-1772
-718
927
2587
3739
4369
4837
5384
5803
5635
4608
2918
1093
-384
-1352
-1987
-2530
-2933
-2804
-1775
82
2222
3989
4981
5182
4792
4056
3149
2144
1146
334
-122
-269
-417
-900
-1782
-2802
-3582
-3835
-3490
-2705
-1775
-995
-494
-257
-258
-493
-909
-1387
-1796
-2100
-2359
-2599
-2798
-2924
-2948
-2879
-2723
-2474
-2148
-1685
-1014
-225
442
714
557
201
-118
-379
-680
-1024
-1211
-781
659
3094
5851
7597
7308
5104
2095
-360
-1657
-2060
-2141
-2504
-3314
-4091
-4236
-3594
-2701
-2157
-1801
-1092
156
1571
2588
2852
2305
1242
360
282
824
1155
711
-212
-866
-931
-627
-333
-340
-790
-1490
-1811
-1267
-82
1053
1802
2476
3399
4354
4846
4634
3837
2727
1662
974
666
274
-608
-1679
-2079
-1316
251
1843
2888
3257
3073
2590
2154
1898
1649
1292
1016
1092
1344
1169
196
-1299
-2637
-3250
-2994
-2141
-1235
-827
-1041
-1503
-1733
-1626
-1455
-1460
-1625
-1807
-1941
-2064
-2250
-2590
-3045
-3383
-3319
-2754
-1952
-1263
-841
-670
-588
-385
25
446
437
-297
-1505
-2502
-2504
-1002
1825
4950
6798
6371
4123
1501
-156
-456
73
449
-201
-1896
-3608
-4185
-3506
-2513
-2042
-2000
-1835
-1190
-41
1331
2318
2309
1433
686
804
1385
1464
690
-361
-936
-739
98
1045
1256
273
-1285
-2117
-1511
28
1544
2605
3219
3419
3181
2637
2036
1454
973
874
1255
1653
1373
326
-724
-930
-140
1175
2352
2898
2674
1970
1416
1382
1624
1647
1316
909
636
385
-49
-668
-1280
-1618
-1477
-880
-198
32
-412
-1203
-1798
-1918
-1714
-1504
-1526
-1819
-2214
-2447
-2364
-2087
-1904
-1976
-2209
-2386
-2383
-2172
-1842
-1528
-1324
-1207
-1004
-620
-243
-215
-685
-1337
-1439
-379
1813
4288
5634
4931
2545
-47
-1219
-593
780
1322
122
-2283
-4332
-4686
-3246
-1238
-176
-569
-1690
-2279
-1584
35
1526
1995
1393
498
129
415
790
658
65
-341
40
1151
2213
2325
1251
-345
-1353
-1097
166
1579
2402
2491
2251
2145
2298
2513
2468
2066
1517
1058
737
417
0
-342
-338
86
726
1177
1186
893
691
999
1845
2797
3332
3195
2547
1733
948
199
-565
-1302
-1822
-1974
-1807
-1560
-1511
-1704
-1895
-1774
-1261
-597
-166
-197
-628
-1188
-1609
-1806
-1870
-1981
-2238
-2592
-2888
-2961
-2772
-2369
-1838
-1258
-696
-284
-171
-435
-992
-1465
-1261
-45
1858
3460
3784
2697
1039
22
309
1438
2176
1402
-887
-3379
-4483
-3545
-1378
353
418
-1122
-3032
-3764
-2699
-616
966
1039
-68
-1104
-1071
42
1325
1781
1181
199
-195
383
1385
1899
1522
683
215
597
1593
2498
2686
2112
1333
1000
1344
2015
2480
2480
2120
1646
1222
856
503
208
124
398
967
1488
1609
1277
768
444
468
738
1038
1196
1205
1185
1231
1301
1255
1024
681
334
-32
-542
-1270
-2103
-2758
-2966
-2669
-2110
-1660
-1554
-1696
-1794
-1638
-1300
-1054
-1110
-1442
-1804
-1955
-1884
-1791
-1880
-2097
-2193
-1966
-1534
-1292
-1470
-1806
-1592
-242
2014
4046
4518
3026
607
-979
-610
1212
2715
2293
-138
-2995
-4195
-2917
-295
1481
925
-1505
-3828
-4158
-2184
535
1865
865
-1479
-3117
-2690
-631
1334
1678
325
-1332
-1674
-218
2022
3400
3029
1430
-32
-268
749
2142
2944
2809
2168
1711
1782
2171
2400
2201
1682
1136
788
676
721
845
1015
1201
1341
1335
1131
822
565
457
447
419
361
377
570
914
1197
1206
891
447
205
316
605
675
244
-596
-1424
-1838
-1762
-1502
-1467
-1795
-2228
-2359
-2022
-1482
-1207
-1428
-1931
-2243
-2098
-1671
-1399
-1573
-2025
-2280
-2050
-1512
-1130
-1103
-1044
-365
1078
2618
3204
2392
839
-175
165
1370
2045
1122
-1121
-3140
-3382
-1725
356
978
-537
-2984
-4306
-3250
-472
1904
2025
-140
-2784
-3738
-2295
279
1889
1382
-556
-2063
-1748
151
2043
2413
1141
-496
-961
253
2301
3775
3842
2812
1762
1579
2278
3139
3389
2834
1890
1127
853
952
1119
1129
970
776
656
605
588
624
747
930
1022
892
587
318
284
496
749
787
504
72
-187
-113
134
201
-125
-706
-1141
-1097
-622
-151
-184
-852
-1759
-2292
-2165
-1642
-1304
-1572
-2301
-2854
-2664
-1787
-903
-692
-1212
-1932
-2277
-2070
-1598
-1255
-1109
-760
214
1492
2093
1504
367
-117
587
1837
2425
1501
-692
-2690
-2896
-1124
961
1348
-388
-2844
-4133
-3255
-798
1336
1314
-941
-3418
-3840
-1800
1003
2399
1502
-704
-2193
-1509
924
3013
2906
758
-1505
-2012
-456
1922
3466
3342
2087
1143
1530
2922
4052
3963
2828
1602
1118
1546
2358
2759
2311
1260
309
-10
229
580
696
521
250
82
105
273
405
369
184
-24
-132
-119
-10
180
379
450
257
-216
-801
-1253
-1385
-1197
-936
-924
-1270
-1711
-1805
-1391
-771
-475
-806
-1542
-2080
-1940
-1246
-674
-831
-1671
-2537
-2771
-2312
-1643
-1213
-999
-553
441
1618
2160
1676
685
218
773
1787
2162
1189
-720
-2243
-2242
-800
729
832
-748
-2839
-3824
-2914
-829
736
466
-1426
-3279
-3438
-1742
411
1294
325
-1458
-2305
-1262
984
2677
2558
973
-499
-467
1122
3028
3813
2997
1433
531
1053
2527
3712
3688
2578
1323
876
1479
2537
3178
2970
2188
1497
1338
1593
1803
1589
964
276
-139
-197
-92
-99
-316
-606
-764
-695
-496
-340
-309
-358
-390
-388
-418
-550
-772
-985
-1103
-1179
-1354
-1690
-2042
-2153
-1919
-1519
-1317
-1545
-2041
-2366
-2233
-1699
-1143
-909
-988
-1146
-1199
-1162
-1149
-1089
-754
-33
808
1191
851
209
22
663
1694
2164
1485
-36
-1298
-1278
-28
1311
1458
139
-1643
-2508
-1802
-209
795
154
-1808
-3521
-3579
-1959
-102
403
-807
-2578
-3167
-1801
649
2374
2182
544
-864
-675
1069
3025
3737
2856
1361
661
1387
2876
3836
3490
2179
1026
878
1667
2549
2665
1912
969
659
1221
2131
2595
2242
1409
786
786
1228
1541
1295
574
-136
-405
-226
-10
-184
-760
-1348
-1530
-1237
-816
-701
-1018
-1511
-1765
-1599
-1238
-1078
-1296
-1695
-1920
-1797
-1493
-1350
-1547
-1980
-2372
-2483
-2330
-2092
-1932
-1887
-1883
-1824
-1601
-1089
-277
657
1327
1368
867
370
458
1209
1987
1990
965
-521
-1423
-1083
147
1168
1050
-124
-1323
-1522
-539
787
1252
319
-1392
-2566
-2305
-960
196
111
-1160
-2474
-2603
-1314
409
1190
486
-902
-1558
-695
1194
2787
3085
2212
1239
1230
2302
3544
3882
3026
1681
897
1184
2133
2827
2623
1692
813
649
1191
1794
1822
1213
484
280
773
1526
1874
1494
677
67
90
629
1135
1099
469
-353
-853
-850
-626
-628
-1075
-1754
-2216
-2191
-1807
-1459
-1456
-1767
-2085
-2125
-1884
-1619
-1613
-1923
-2318
-2494
-2345
-2017
-1806
-1943
-2340
-2643
-2467
-1679
-557
363
625
278
-106
54
818
1596
1656
798
-420
-1112
-773
235
937
605
-566
-1613
-1645
-624
624
1079
353
-970
-1776
-1368
-108
876
707
-498
-1716
-1853
-706
844
1555
895
-441
-1146
-439
1255
2696
2912
2013
1059
1129
2324
3694
4115
3268
1932
1259
1736
2816
3401
2836
1481
376
329
1208
2096
2121
1200
79
-354
150
1041
1471
1032
60
-686
-692
-88
537
648
200
-404
-710
-575
-227
-34
-183
-588
-1006
-1260
-1362
-1431
-1590
-1846
-2100
-2242
-2238
-2169
-2179
-2332
-2538
-2596
-2356
-1900
-1536
-1568
-1956
-2233
-1844
-694
631
1197
600
-558
-1125
-455
900
1634
879
-960
-2466
-2386
-787
952
1323
39
-1702
-2320
-1242
643
1709
988
-988
-2606
-2505
-801
1008
1397
113
-1633
-2191
-923
1217
2494
1923
155
-1114
-640
1293
3183
3627
2479
958
564
1755
3586
4559
3929
2295
1048
1131
2312
3454
3497
2374
1003
453
1035
2072
2550
1993
818
-99
-198
331
813
699
27
-641
-797
-411
94
229
-114
-620
-884
-766
-496
-436
-729
-1186
-1483
-1460
-1234
-1080
-1180
-1467
-1725
-1797
-1715
-1650
-1780
-2107
-2421
-2491
-2251
-1898
-1739
-1853
-1985
-1705
-835
269
912
682
-65
-469
-17
927
1411
750
-767
-2077
-2232
-1233
-110
-5
-1098
-2441
-2829
-1860
-269
667
193
-1277
-2474
-2347
-990
418
659
-447
-1903
-2371
-1295
572
1809
1581
367
-476
54
1729
3329
3724
2836
1665
1391
2327
3669
4259
3617
2346
1523
1766
2738
3504
3381
2490
1632
1523
2184
2947
3069
2370
1340
678
704
1130
1367
1041
299
-345
-486
-145
285
390
67
-433
-752
-736
-541
-457
-657
-1085
-1528
-1821
-1950
-1998
-2064
-2196
-2362
-2520
-2650
-2752
-2806
-2771
-2623
-2416
-2281
-2315
-2454
-2443
-2013
-1122
-106
471
270
-411
-777
-264
857
1608
1188
-234
-1596
-1817
-760
585
936
-144
-1828
-2739
-2188
-727
373
144
-1275
-2756
-3084
-1979
-360
427
-218
-1639
-2497
-1877
-92
1561
1891
874
-328
-420
867
2569
3409
2906
1742
1112
1683
3035
4070
4008
3058
2146
2045
2733
3514
3668
3073
2229
1784
1976
2438
2590
2168
1425
853
739
961
1150
1026
625
243
166
402
704
794
589
236
-28
-69
41
90
-104
-535
-1019
-1356
-1474
-1480
-1570
-1845
-2232
-2542
-2624
-2547
-2523
-2651
-2832
-2836
-2603
-2362
-2386
-2611
-2572
-1884
-796
-139
-510
-1494
-1919
-1075
450
1219
370
-1424
-2550
-1946
-167
1105
658
-1150
-2741
-2794
-1372
261
706
-462
-2336
-3426
-2837
-1033
460
373
-1187
-2798
-2866
-1085
1221
2226
1279
-457
-1107
160
2417
3887
3592
2166
1161
1651
3314
4810
5024
3979
2692
2234
2840
3820
4215
3589
2380
1475
1453
2120
2721
2622
1828
919
511
738
1185
1304
897
250
-172
-138
184
443
419
165
-99
-210
-182
-163
-276
-505
-742
-894
-983
-1089
-1248
-1421
-1544
-1589
-1600
-1676
-1904
-2265
-2586
-2638
-2368
-2036
-2041
-2472
-2894
-2635
-1494
-189
172
-772
-2087
-2331
-1053
624
999
-499
-2650
-3525
-2312
-120
1051
187
-1858
-3261
-2892
-1159
464
642
-804
-2775
-3727
-2865
-831
762
629
-1072
-2764
-2773
-846
1490
2329
1180
-614
-1186
104
2201
3483
3213
2067
1353
1799
3012
4044
4280
3843
3282
3061
3278
3684
3926
3785
3325
2819
2493
2375
2322
2174
1894
1564
1276
1038
794
557
419
426
475
381
90
-215
-294
-89
195
258
-21
-473
-789
-803
-626
-545
-771
-1268
-1775
-2015
-1905
-1647
-1579
-1893
-2438
-2801
-2653
-2072
-1536
-1533
-2067
-2570
-2360
-1320
-129
280
-434
-1622
-2201
-1611
-364
383
-132
-1581
-2818
-2883
-1810
-561
-155
-861
-2032
-2691
-2323
-1261
-385
-366
-1149
-2030
-2245
-1629
-707
-218
-480
-1114
-1400
-968
-110
518
533
161
-7
407
1218
1908
2121
1992
1962
2317
2921
3390
3473
3279
3142
3273
3567
3725
3573
3216
2932
2907
3047
3087
2843
2383
1967
1794
1815
1800
1581
1190
836
681
688
670
467
109
-226
-384
-365
-334
-460
-758
-1089
-1276
-1246
-1099
-1031
-1184
-1516
-1835
-1949
-1836
-1673
-1686
-1964
-2362
-2612
-2550
-2261
-2016
-2020
-2220
-2350
-2172
-1677
-1128
-842
-929
-1174
-1245
-982
-546
-289
-405
-779
-1080
-1033
-673
-305
-232
-473
-782
-853
-612
-267
-101
-238
-542
-757
-724
-517
-359
-394
-569
-702
-645
-419
-170
-29
7
35
164
398
642
801
880
963
1115
1324
1518
1651
1738
1834
1977
2141
2274
2332
2339
2348
2383
2406
2364
2249
2102
1978
1889
1807
1693
1533
1356
1214
1129
1065
977
855
728
631
569
515
450
360
253
144
35
-80
-199
-305
-391
-487
-633
-818
-990
-1101
-1156
-1213
-1329
-1505
-1670
-1732
-1679
-1612
-1639
-1763
-1862
-1807
-1598
-1367
-1285
-1422
-1647
-1727
-1554
-1239
-1034
-1103
-1377
-1610
-1575
-1273
-926
-816
-1017
-1337
-1493
-1351
-1030
-802
-862
-1158
-1446
-1489
-1250
-924
-759
-830
-1000
-1055
-862
-479
-94
120
160
158
285
602
1026
1418
1672
1796
1882
2049
2330
2657
2916
3030
3010
2937
2902
2947
3030
3048
2936
2706
2445
2234
2108
2045
1966
1806
1561
1297
1096
994
966
935
835
644
405
206
108
96
97
27
-145
-386
-606
-720
-727
-706
-764
-954
-1226
-1469
-1585
-1570
-1511
-1530
-1687
-1919
-2098
-2128
-2008
-1829
-1715
-1742
-1853
-1929
-1876
-1700
-1507
-1404
-1415
-1478
-1504
-1440
-1315
-1198
-1135
-1119
-1115
-1105
-1087
-1061
-1024
-961
-885
-834
-840
-909
-990
-997
-892
-734
-618
-602
-648
-645
-497
-206
122
356
462
530
700
1023
1425
1770
1971
2056
2149
2351
2644
2902
3017
2990
2921
2913
2972
3023
2978
2821
2614
2440
2323
2211
2045
1830
1610
1424
1267
1099
906
712
561
476
410
297
107
-106
-252
-298
-291
-327
-479
-716
-929
-1031
-1021
-988
-1053
-1253
-1506
-1690
-1724
-1642
-1563
-1588
-1733
-1913
-2011
-1961
-1786
-1605
-1531
-1596
-1728
-1801
-1729
-1536
-1350
-1287
-1369
-1500
-1527
-1396
-1171
-989
-932
-985
-1053
-1032
-909
-757
-659
-651
-713
-772
-783
-746
-678
-622
-606
-613
-609
-573
-480
-326
-146
25
169
293
444
661
943
1243
1500
1685
1822
1987
2212
2471
2709
2860
2908
2917
2937
2999
3075
3095
3025
2872
2695
2548
2445
2356
2223
2026
1793
1560
1357
1198
1055
902
732
545
353
169
-3
-146
-274
-413
-583
-786
-990
-1161
-1285
-1373
-1465
-1595
-1765
-1923
-2022
-2044
-2027
-2019
-2057
-2135
-2195
-2192
-2119
-2007
-1921
-1898
-1917
-1945
-1926
-1835
-1714
-1608
-1549
-1543
-1539
-1485
-1358
-1197
-1057
-982
-974
-976
-932
-817
-671
-565
-546
-592
-635
-625
-538
-413
-317
-286
-296
-291
-213
-53
140
316
449
553
669
838
1062
1312
1548
1733
1867
1991
2130
2306
2498
2653
2745
2771
2756
2748
2770
2811
2824
2760
2624
2452
2311
2232
2185
2112
1962
1743
1524
1365
1275
1214
1102
908
665
429
261
152
46
-125
-378
-667
-916
-1075
-1176
-1282
-1444
-1669
-1893
-2059
-2134
-2136
-2133
-2170
-2247
-2331
-2359
-2304
-2191
-2067
-1996
-1978
-1969
-1924
-1816
-1677
-1560
-1488
-1460
-1439
-1381
-1292
-1185
-1101
-1059
-1050
-1047
-1020
-973
-921
-880
-860
-848
-829
-793
-743
-679
-612
-536
-451
-356
-246
-129
-4
125
265
417
576
739
903
1069
1241
1426
1614
1798
1973
2130
2275
2420
2555
2670
2762
2821
2846
2854
2845
2818
2771
2701
2608
2503
2380
2250
2117
1979
1834
1686
1540
1392
1241
1088
929
768
599
427
249
71
-115
-310
-512
-718
-921
-1113
-1293
-1471
-1644
-1816
-1980
-2118
-2218
-2286
-2329
-2360
-2387
-2401
-2383
-2319
-2216
-2104
-2005
-1940
-1896
-1837
-1742
-1620
-1505
-1434
-1404
-1383
-1343
-1269
-1175
-1093
-1056
-1061
-1073
-1056
-1002
-937
-893
-896
-927
-947
-926
-855
-765
-698
-658
-627
-566
-448
-282
-103
60
205
357
546
781
1041
1295
1523
1723
1907
2105
2310
2506
2667
2779
2854
2902
2929
2948
2947
2910
2842
2753
2658
2564
2469
2364
2253
2133
2010
1890
1779
1672
1557
1435
1302
1157
1002
834
657
470
270
61
-149
-363
-581
-796
-1008
-1212
-1408
-1594
-1759
-1899
-2017
-2113
-2186
-2235
-2261
-2264
-2248
-2211
-2154
-2081
-2011
-1946
-1892
-1846
-1793
-1737
-1686
-1647
-1617
-1588
-1555
-1512
-1470
-1432
-1401
-1376
-1344
-1304
-1263
-1224
-1191
-1167
-1147
-1124
-1095
-1056
-1012
-964
-903
-827
-739
-633
-512
-383
-238
-75
104
299
499
703
918
1137
1354
1561
1757
1940
2108
2264
2412
2545
2654
2735
2795
2837
2863
2875
2874
2857
2819
2765
2702
2631
2550
2460
2362
2259
2146
2028
1907
1780
1644
1500
1345
1175
992
803
606
408
201
-15
-232
-456
-676
-889
-1095
-1291
-1478
-1654
-1814
-1954
-2069
-2161
-2233
-2282
-2313
-2331
-2329
-2321
-2314
-2299
-2278
-2249
-2211
-2172
-2129
-2083
-2043
-2001
-1957
-1909
-1862
-1818
-1774
-1736
-1703
-1664
-1624
-1581
-1540
-1507
-1461
-1401
-1325
-1238
-1134
-1021
-895
-748
-583
-404
-214
-23
173
380
597
824
1053
1276
1489
1686
1874
2052
2220
2370
2494
2597
2677
2734
2776
2804
2807
2792
2759
2714
2665
2609
2547
2479
2401
2312
2224
2142
2063
1977
1883
1783
1673
1555
1428
1289
1138
968
785
597
404
203
-5
-215
-421
-626
-822
-1004
-1172
-1330
-1474
-1596
-1696
-1782
-1855
-1915
-1960
-1986
-2003
-2017
-2034
-2056
-2078
-2094
-2106
-2114
-2124
-2131
-2137
-2136
-2132
-2118
-2093
-2063
-2027
-1983
-1937
-1883
-1823
-1758
-1690
-1622
-1555
-1481
-1391
-1293
-1182
-1062
-935
-798
-648
-487
-317
-140
37
222
420
625
836
1045
1250
1447
1634
1813
1988
2158
2307
2439
2547
2633
2695
2738
2766
2769
2749
2703
2644
2580
2508
2428
2341
2249
2159
2070
1981
1899
1814
1725
1632
1529
1421
1305
1179
1044
894
734
564
387
205
17
-171
-357
-537
-712
-879
-1038
-1182
-1310
-1424
-1531
-1626
-1714
-1787
-1841
-1885
-1922
-1959
-2001
-2035
-2063
-2087
-2100
-2110
-2116
-2114
-2109
-2097
-2080
-2057
-2034
-2007
-1971
-1932
-1892
-1847
-1800
-1752
-1703
-1655
-1599
-1529
-1452
-1362
-1260
-1152
-1028
-885
-725
-553
-374
-190
0
202
414
635
858
1079
1290
1488
1681
1863
2031
2186
2320
2434
2532
2611
2675
2721
2749
2759
2754
2737
2710
2671
2622
2566
2500
2434
2359
2274
2192
2107
2018
1924
1817
1697
1566
1420
1262
1098
926
741
542
337
129
-76
-277
-475
-673
-865
-1051
-1224
-1380
-1520
-1648
-1765
-1869
-1961
-2037
-2101
-2155
-2203
-2250
-2292
-2331
-2360
-2373
-2371
-2363
-2350
-2334
-2312
-2279
-2238
-2189
-2139
-2087
-2029
-1969
-1897
-1820
-1740
-1658
-1576
-1489
-1396
-1289
-1170
-1042
-903
-760
-603
-440
-268
-88
94
280
467
661
852
1046
1240
1426
1607
1781
1940
2087
2219
2332
2436
2521
2588
2631
2651
2658
2649
2627
2588
2534
2471
2398
2318
2236
2144
2050
1955
1860
1766
1666
1561
1457
1344
1227
1105
974
838
691
538
380
219
56
-105
-266
-431
-592
-751
-902
-1042
-1171
-1291
-1394
-1493
-1587
-1668
-1733
-1781
-1823
-1862
-1900
-1936
-1961
-1974
-1985
-1990
-1993
-1997
-1987
-1973
-1955
-1933
-1910
-1879
-1851
-1820
-1783
-1742
-1693
-1642
-1584
-1523
-1457
-1385
-1301
-1208
-1102
-987
-863
-728
-586
-436
-282
-122
42
208
379
551
725
901
1075
1248
1412
1570
1720
1860
1989
2105
2205
2289
2359
2410
2446
2465
2473
2466
2445
2410
2364
2311
2249
2175
2096
2012
1926
1835
1737
1635
1527
1409
1284
1154
1016
877
735
591
443
290
135
-16
-166
-311
-449
-584
-715
-841
-958
-1064
-1156
-1245
-1327
-1398
-1458
-1505
-1546
-1585
-1624
-1665
-1702
-1734
-1757
-1774
-1793
-1811
-1829
-1843
-1855
-1865
-1873
-1878
-1880
-1876
-1865
-1848
-1828
-1801
-1762
-1717
-1663
-1601
-1532
-1446
-1346
-1237
-1120
-991
-851
-702
-547
-387
-226
-63
105
279
454
630
805
975
1137
1293
1445
1588
1722
1844
1954
2055
2146
2228
2294
2350
2392
2424
2449
2461
2467
2460
2442
2416
2379
2328
2275
2213
2141
2056
1956
1846
1721
1585
1441
1286
1125
954
775
594
413
236
58
-118
-288
-452
-612
-763
-902
-1030
-1151
-1262
-1362
-1450
-1525
-1593
-1652
-1701
-1745
-1787
-1825
-1861
-1889
-1913
-1928
-1937
-1949
-1959
-1967
-1973
-1975
-1975
-1967
-1956
-1942
-1922
-1899
-1866
-1823
-1776
-1725
-1667
-1603
-1522
-1426
-1318
-1198
-1074
-942
-802
-654
-498
-333
-166
5
180
357
534
713
887
1052
1212
1363
1507
1642
1764
1876
1976
2062
2137
2198
2248
2287
2319
2348
2363
2363
2357
2340
2323
2299
2265
2225
2171
2108
2044
1964
1878
1779
1666
1545
1410
1268
1121
969
812
649
478
306
133
-31
-189
-344
-494
-641
-778
-902
-1018
-1123
-1217
-1308
-1388
-1454
-1517
-1574
-1628
-1674
-1714
-1751
-1779
-1804
-1825
-1844
-1862
-1877
-1889
-1898
-1902
-1904
-1909
-1910
-1905
-1890
-1868
-1847
-1820
-1788
-1742
-1680
-1612
-1532
-1442
-1343
-1229
-1107
-976
-843
-702
-555
-396
-233
-66
106
276
443
611
778
944
1100
1243
1379
1511
1632
1747
1848
1936
2014
2078
2133
2180
2217
2244
2264
2271
2265
2252
2230
2201
2162
2111
2054
1982
1905
1819
1721
1611
1492
1365
1234
1099
959
815
671
523
372
222
74
-70
-211
-345
-474
-597
-713
-821
-925
-1020
-1106
-1182
-1252
-1315
-1375
-1429
-1481
-1527
-1567
-1599
-1625
-1650
-1673
-1692
-1708
-1719
-1727
-1733
-1735
-1735
-1731
-1722
-1708
-1686
-1663
-1635
-1605
-1566
-1520
-1466
-1401
-1332
-1253
-1165
-1070
-970
-863
-746
-624
-494
-358
-218
-75
71
222
374
527
677
821
964
1102
1234
1363
1483
1590
1688
1775
1856
1925
1984
2029
2064
2087
2102
2108
2097
2079
2049
2010
1968
1913
1849
1778
1697
1611
1517
1414
1310
1200
1086
969
845
721
594
467
342
217
93
-32
-153
-273
-385
-491
-594
-693
-789
-879
-958
-1032
-1103
-1168
-1229
-1283
-1333
-1382
-1425
-1462
-1494
-1520
-1545
-1566
-1582
-1598
-1609
-1613
-1618
-1616
-1611
-1601
-1581
-1562
-1539
-1507
-1468
-1419
-1371
-1316
-1253
-1179
-1096
-1007
-914
-815
-711
-600
-481
-358
-235
-108
23
156
291
425
559
687
810
925
1043
1152
1258
1351
1433
1517
1589
1658
1714
1748
1783
1813
1832
1848
1839
1827
1813
1781
1746
1691
1624
1564
1492
1415
1328
1225
1128
1028
923
818
703
590
482
372
260
148
39
-65
-166
-263
-357
-445
-532
-612
-687
-760
-823
-884
-947
-1001
-1054
-1093
-1124
-1163
-1197
-1228
-1249
-1255
-1267
-1283
-1293
-1303
-1295
-1288
-1283
-1268
-1256
-1235
-1206
-1186
-1153
-1118
-1075
-1021
-972
-919
-858
-791
-713
-635
-558
-474
-386
-292
-194
-98
-2
92
188
281
374
468
555
640
712
780
855
919
985
1030
1061
1108
1143
1175
1197
1191
1196
1200
1190
1179
1144
1108
1082
1045
1009
955
892
843
786
730
669
596
533
471
405
341
271
207
145
81
19
-41
-96
-153
-206
-254
-300
-339
-379
-418
-455
-490
-510
-532
-557
-575
-596
-607
-611
-625
-635
-645
-649
-637
-638
-640
-640
-641
-625
-613
-608
-598
-592
-575
-552
-536
-516
-495
-469
-435
-406
-375
-339
-302
-259
-217
-179
-138
-96
-52
-9
33
76
119
159
195
234
272
307
342
366
390
417
439
462
476
483
497
505
511
513
500
493
488
478
467
442
419
402
380
360
335
304
279
250
224
195
163
137
111
88
62
34
10
-12
-34
-54
-71
-86
-104
-118
-131
-141
-148
-158
-170
-178
-188
-190
-189
-193
-194
-197
-196
-191
-190
-191
-192
-191
-183
-178
-174
-170
-170
-160
-156
-154
-150
-150
-144
-136
-132
-124
-119
-111
-100
-91
-83
-76
-65
-54
-43
-33
-24
-14
-6
1
10
19
28
36
41
47
53
60
67
73
78
82
84
88
90
90
91
88
90
90
84
81
79
76
73
68
66
66
64
61
57
56
56
54
54
51
46
42
39
38
37
33
28
27
23
21
20
19
16
10
6
4
1
0
-4
-4
-7
-12
-13
-15
-14
-16
-17
-16
-17
-19
-21
-23
-20
-22
-22
-22
-24
-24
-21
-20
-21
-24
-25
-22
-22
-23
-22
-22
-20
-24
-25
-23
-22
-22
-21
-23
-25
-25
-21
-19
-19
-21
-23
-25
-23
-20
-17
-15
-17
-20
-21
-19
-19
-19
-19
-18
-21
-22
-19
-19
-17
-19
-20
-18
-16
-12
-8
-5
-5
-5
-1
3
7
8
11
15
15
19
25
27
24
19
20
25
29
31
33
36
43
49
48
36
27
28
29
32
39
44
36
21
12
12
17
25
36
41
33
19
14
15
19
17
15
17
17
15
11
6
-1
-7
-9
-6
-3
-2
-5
-12
-23
-30
-31
-25
-18
-17
-21
-30
-42
-48
-48
-42
-37
-38
-44
-48
-52
-55
-54
-53
-48
-43
-42
-43
-47
-50
-52
-53
-46
-35
-32
-28
-29
-28
-27
-25
-19
-10
-4
1
0
-1
-1
-1
4
9
18
27
30
34
34
33
32
35
42
51
56
57
54
50
50
53
58
62
63
63
59
55
52
47
49
50
52
53
50
46
43
39
37
35
31
30
25
19
13
8
5
2
-1
-3
-7
-10
-15
-23
-27
-30
-32
-34
-39
-43
-46
-51
-54
-56
-57
-59
-61
-61
-61
-59
-62
-65
-65
-65
-63
-61
-60
-62
-61
-61
-58
-53
-49
-47
-43
-38
-36
-33
-29
-26
-21
-15
-11
-9
-4
-1
0
5
10
16
19
24
27
31
33
34
38
43
43
45
48
50
52
50
53
55
57
57
57
58
55
51
50
50
50
49
48
49
46
45
46
46
45
45
42
40
37
33
32
29
26
20
15
11
8
4
2
0
-7
-12
-13
-15
-17
-20
-26
-31
-35
-40
-41
-42
-45
-48
-52
-56
-59
-61
-62
-62
-62
-64
-66
-64
-63
-64
-63
-60
-57
-54
-53
-50
-46
-44
-40
-36
-32
-29
-25
-20
-16
-13
-9
-4
-1
1
3
5
7
10
12
18
23
24
26
30
32
32
32
35
38
40
43
43
42
41
38
41
43
43
41
41
43
45
46
42
41
39
38
37
38
36
33
31
31
30
26
25
24
22
20
18
16
12
10
7
4
2
1
-1
-4
-10
-13
-16
-18
-20
-22
-22
-23
-27
-29
-33
-36
-38
-38
-40
-42
-43
-43
-40
-41
-41
-42
-43
-42
-42
-39
-35
-36
-37
-35
-34
-29
-27
-26
-24
-24
-21
-17
-12
-9
-9
-11
-12
-7
-4
-4
-5
-4
-3
3
7
10
10
9
12
13
14
18
18
21
23
23
26
25
29
30
31
33
36
37
36
35
35
34
33
35
37
38
35
34
35
35
34
32
31
30
29
26
25
23
21
17
16
13
11
12
11
8
4
0
-1
-6
-9
-11
-13
-15
-19
-22
-23
-25
-26
-27
-28
-27
-30
-30
-33
-35
-36
-36
-39
-41
-42
-41
-40
-42
-43
-42
-40
-38
-40
-39
-37
-37
-36
-35
-35
-33
-32
-32
-27
-25
-23
-19
-15
-15
-13
-9
-7
-3
3
7
10
12
14
17
20
21
21
25
28
29
29
32
32
35
40
43
47
47
46
45
49
52
52
51
52
51
52
51
52
53
51
51
51
51
49
44
40
38
35
33
32
29
27
20
16
11
7
5
1
-1
-5
-12
-14
-19
-23
-29
-32
-37
-40
-43
-46
-50
-53
-61
-65
-67
-69
-73
-75
-77
-81
-82
-82
-83
-85
-84
-81
-80
-79
-79
-76
-74
-72
-69
-64
-62
-57
-52
-47
-37
-35
-32
-25
-17
-10
-3
5
12
19
24
30
38
45
51
57
64
70
76
79
84
86
89
93
97
100
100
100
102
103
99
98
99
98
96
94
93
89
86
81
81
78
74
69
65
59
51
46
42
38
31
21
14
6
0
-8
-13
-22
-31
-39
-44
-49
-57
-62
-70
-77
-83
-88
-91
-94
-99
-105
-110
-112
-116
-117
-120
-122
-124
-125
-126
-127
-126
-123
-121
-120
-121
-118
-115
-110
-104
-99
-91
-84
-78
-69
-59
-49
-41
-31
-20
-8
3
13
23
35
44
54
63
73
82
93
102
109
116
121
127
130
135
142
145
150
152
151
153
150
148
148
145
144
140
137
132
124
121
116
111
105
97
91
83
74
65
57
48
40
31
23
12
2
-8
-15
-25
-37
-45
-53
-60
-71
-80
-88
-99
-108
-115
-122
-127
-133
-140
-144
-148
-152
-156
-157
-159
-160
-161
-159
-157
-158
-158
-156
-152
-148
-144
-137
-132
-130
-125
-116
-108
-100
-90
-81
-70
-64
-54
-39
-27
-18
-5
11
26
38
50
65
76
86
98
114
127
134
142
154
160
164
171
177
182
181
183
189
190
189
185
186
182
174
169
168
163
153
143
138
130
117
104
96
88
76
64
57
45
31
17
8
-2
-14
-25
-33
-42
-55
-65
-72
-79
-87
-98
-104
-110
-121
-130
-135
-139
-147
-154
-153
-154
-161
-165
-167
-168
-172
-173
-169
-168
-168
-168
-163
-157
-153
-146
-138
-129
-124
-115
-104
-94
-85
-76
-62
-48
-37
-24
-12
1
9
19
34
47
57
67
79
88
93
102
114
121
125
128
138
144
145
146
150
153
153
152
155
155
152
148
148
146
137
131
130
125
119
110
103
98
89
80
75
68
57
47
40
34
23
16
8
-1
-9
-18
-23
-30
-40
-48
-55
-61
-66
-72
-76
-82
-89
-94
-98
-101
-107
-110
-111
-115
-122
-122
-119
-118
-120
-120
-118
-118
-120
-117
-110
-107
-107
-102
-95
-92
-89
-83
-75
-69
-66
-60
-49
-42
-37
-28
-19
-10
-4
3
15
22
26
31
42
50
54
59
67
74
76
80
86
90
91
95
99
102
103
103
105
103
99
99
100
100
97
93
92
91
86
83
81
77
71
69
66
60
52
45
41
35
28
23
18
11
3
-2
-8
-14
-20
-28
-30
-37
-43
-45
-48
-54
-60
-61
-65
-69
-73
-73
-75
-77
-80
-82
-82
-81
-82
-83
-80
-80
-82
-80
-76
-74
-74
-71
-64
-62
-62
-59
-54
-48
-45
-38
-33
-28
-26
-20
-14
-8
-5
0
6
11
15
20
26
30
33
36
39
42
45
47
50
52
53
55
58
58
57
60
62
60
62
62
63
62
59
60
58
54
53
53
53
50
45
45
45
40
37
35
33
29
25
24
23
18
11
8
6
2
-3
-5
-8
-13
-18
-20
-22
-26
-31
-32
-35
-39
-42
-43
-44
-47
-48
-50
-49
-49
-51
-52
-53
-52
-50
-48
-46
-46
-47
-43
-40
-39
-39
-38
-37
-33
-31
-30
-26
-26
-21
-18
-18
-17
-15
-13
-9
-8
-4
0
2
5
5
7
9
10
13
15
15
17
19
22
25
26
26
28
29
29
30
31
33
35
33
36
37
36
36
36
36
35
34
34
35
32
32
30
30
29
28
26
24
23
19
16
14
12
10
7
6
3
0
-2
-5
-7
-11
-13
-16
-19
-21
-22
-25
-25
-24
-26
-26
-29
-31
-31
-34
-35
-35
-35
-36
-34
-35
-35
-37
-36
-34
-33
-32
-33
-32
-29
-29
-28
-25
-22
-23
-23
-19
-14
-10
-10
-6
-5
-3
-1
3
8
8
8
10
12
14
18
22
24
25
26
27
30
31
31
33
34
36
35
35
36
36
37
37
37
35
33
34
33
30
30
29
29
29
26
28
26
22
19
16
17
13
11
10
6
4
1
-2
-4
-10
-12
-12
-15
-17
-21
-22
-24
-28
-29
-30
-31
-33
-36
-36
-36
-35
-38
-39
-36
-37
-36
-35
-32
-31
-33
-35
-33
-30
-30
-30
-27
-26
-28
-27
-24
-21
-21
-20
-16
-10
-9
-7
-5
-4
-1
1
4
8
10
11
11
15
17
19
22
26
27
30
33
35
35
36
35
37
39
41
41
41
38
37
37
37
37
37
34
32
31
29
28
25
