-8
0
0
0
3
-5
-12
-4
2
0
-3
-4
-4
-4
0
8
8
-4
-5
-1
2
6
1
7
11
-9
-4
5
2
1
4
7
0
-5
0
10
3
-9
2
4
-2
-4
3
8
-2
3
12
2
-4
2
7
12
1
-5
0
-3
-3
3
8
4
-3
-1
-2
-1
4
3
2
3
-3
-3
1
2
1
3
-4
-4
1
-3
-2
-3
-1
-2
-11
-10
-5
-2
-4
-7
-2
1
-7
-5
3
-2
-8
1
11
2
0
9
0
-6
-2
7
16
11
4
7
4
-1
0
8
2
-1
5
7
3
0
0
2
-2
-10
-4
4
2
1
6
4
-4
-8
-4
2
2
-8
-4
-1
-9
-4
0
-6
-7
-7
-1
1
-7
-7
-5
-3
-10
-9
-2
-5
-3
3
2
-5
-7
-6
-7
-4
-4
3
7
3
2
6
4
-4
-5
1
2
6
10
9
8
-1
0
6
3
5
10
8
4
4
1
0
3
2
1
6
6
6
10
9
1
3
5
1
6
8
3
3
2
1
-3
-5
1
2
-2
2
2
-3
3
5
-1
-2
-2
-6
-1
5
5
1
-3
-8
-8
-5
-2
-1
-9
-11
-10
-15
-9
0
-2
-5
-3
-8
-10
-8
-6
-9
-15
-14
-14
-15
-8
-6
-8
-4
-7
-11
-8
-8
-8
-5
-1
-2
1
1
-1
2
5
1
0
7
14
23
30
34
26
24
27
24
26
31
37
50
54
54
61
58
64
73
66
78
88
102
121
116
106
82
66
60
52
46
39
27
7
-18
-32
-35
-27
-12
-4
1
-8
-28
-49
-73
-88
-90
-89
-96
-120
-138
-139
-137
-118
-84
-62
-57
-57
-66
-75
-74
-81
-142
-262
-339
-285
63
632
1168
1374
1166
588
-159
-699
-941
-964
-971
-968
-996
-1018
-1014
-1141
-1379
-1681
-1931
-1895
-1478
-782
-105
263
204
-179
-648
-948
-933
-597
-44
612
1242
1709
1916
1834
1519
1115
781
656
787
1111
1458
1636
1532
1170
722
406
369
587
883
1069
1058
885
660
484
391
363
387
462
588
710
731
595
315
-15
-254
-333
-273
-161
-125
-246
-507
-829
-1113
-1293
-1359
-1366
-1345
-1302
-1246
-1176
-1117
-1081
-1069
-1041
-953
-820
-670
-527
-408
-320
-266
-242
-245
-247
-233
-192
-149
-104
-85
-112
-146
-151
-55
123
289
351
352
551
1170
2103
2912
3088
2492
1427
384
-303
-613
-737
-892
-1095
-1195
-1094
-894
-814
-1000
-1452
-1904
-1968
-1455
-547
258
531
201
-450
-1014
-1223
-1031
-564
20
652
1288
1800
2002
1806
1290
683
275
268
660
1232
1669
1720
1346
745
226
6
112
409
687
815
789
682
564
471
430
467
608
840
1080
1208
1118
766
239
-275
-601
-680
-584
-470
-493
-687
-965
-1208
-1345
-1389
-1383
-1330
-1218
-1049
-881
-814
-891
-1051
-1170
-1130
-903
-579
-287
-145
-168
-272
-375
-441
-443
-379
-244
-99
-31
-92
-256
-412
-479
-436
-289
-87
86
163
135
83
120
309
609
834
875
911
1402
2508
3681
4094
3371
1862
211
-964
-1321
-1038
-766
-986
-1489
-1824
-1854
-1757
-1636
-1617
-1878
-2180
-1876
-730
554
1080
660
-262
-1199
-1708
-1403
-457
429
841
1086
1509
1891
1842
1395
812
237
-93
181
1026
1759
1786
1224
564
138
109
551
1227
1628
1518
1195
1027
985
872
697
602
662
889
1249
1514
1353
696
-120
-706
-923
-847
-637
-498
-590
-897
-1235
-1455
-1553
-1577
-1561
-1525
-1481
-1374
-1199
-1073
-1125
-1306
-1421
-1344
-1102
-767
-459
-334
-436
-623
-716
-701
-632
-534
-448
-410
-421
-411
-365
-358
-382
-326
-164
5
132
255
318
241
136
168
376
688
1007
1223
1274
1474
2392
3898
4966
4677
3135
1156
-546
-1509
-1541
-1108
-1087
-1680
-2215
-2146
-1747
-1443
-1261
-1310
-1678
-1792
-876
848
2092
1980
840
-527
-1517
-1680
-867
317
990
1042
1083
1388
1514
1088
290
-488
-910
-687
227
1276
1652
1144
316
-102
148
870
1716
2300
2368
2015
1579
1286
1032
663
274
74
132
341
487
344
-189
-944
-1513
-1610
-1323
-944
-749
-842
-1154
-1498
-1685
-1678
-1582
-1474
-1389
-1349
-1325
-1234
-1054
-921
-932
-954
-811
-498
-135
155
240
12
-432
-797
-888
-789
-654
-541
-409
-264
-147
-42
57
132
231
426
699
932
1003
917
776
667
631
656
744
874
988
1014
966
923
839
647
589
1250
2794
4446
5080
4178
2160
-99
-1739
-2286
-1976
-1650
-1841
-2258
-2375
-2109
-1765
-1531
-1527
-1868
-2223
-1824
-352
1371
2121
1474
-24
-1546
-2425
-2280
-1315
-275
247
401
673
1024
1016
493
-221
-707
-695
-30
1153
2225
2471
1843
994
554
669
1155
1759
2150
2015
1389
669
160
-173
-425
-489
-245
185
544
683
559
162
-423
-926
-1081
-852
-440
-95
-1
-219
-648
-1068
-1271
-1225
-1086
-1005
-992
-926
-738
-544
-478
-532
-586
-545
-392
-165
21
19
-210
-520
-712
-744
-733
-777
-839
-817
-640
-310
70
330
358
220
107
123
196
201
114
65
183
431
701
854
771
533
306
237
365
513
504
361
427
1340
3164
4907
5323
3883
1313
-1088
-2457
-2563
-1958
-1671
-2138
-2906
-3145
-2512
-1567
-937
-948
-1582
-2104
-1586
109
1990
2664
1775
122
-1376
-2046
-1689
-679
324
826
1071
1553
2102
2157
1495
460
-318
-418
276
1472
2361
2296
1415
423
-60
37
467
1001
1314
1193
750
316
106
-18
-188
-241
6
495
969
1195
1081
582
-153
-759
-965
-826
-629
-584
-711
-994
-1378
-1691
-1803
-1746
-1665
-1616
-1500
-1283
-1086
-993
-997
-1002
-915
-699
-340
75
346
362
147
-160
-418
-613
-759
-820
-776
-629
-423
-213
-64
-82
-242
-350
-241
44
304
414
414
372
324
361
553
833
1054
1162
1189
1156
1060
957
845
655
620
1343
3081
5039
5832
4726
2195
-610
-2645
-3372
-2991
-2374
-2295
-2681
-2816
-2261
-1317
-593
-500
-1009
-1518
-1100
617
2800
3960
3258
1162
-1117
-2507
-2571
-1623
-461
280
590
836
1102
1043
382
-651
-1459
-1505
-656
683
1754
1942
1232
229
-384
-279
417
1287
1885
1953
1544
930
355
-103
-413
-530
-398
-3
525
939
982
539
-227
-960
-1326
-1210
-803
-444
-381
-631
-996
-1260
-1354
-1317
-1229
-1129
-1012
-876
-728
-569
-417
-284
-164
-39
108
240
269
141
-141
-471
-727
-871
-934
-941
-860
-654
-366
-126
-9
19
28
97
253
482
696
743
583
341
219
329
585
804
845
702
543
485
472
452
452
470
402
251
515
1779
3733
5173
4989
3130
572
-1623
-2798
-2851
-2395
-2198
-2400
-2466
-1882
-903
-161
4
-454
-1226
-1520
-586
1364
2972
2964
1431
-631
-2315
-3077
-2763
-1686
-583
73
555
1179
1580
1195
107
-947
-1333
-889
297
1779
2754
2647
1656
557
-75
-165
222
915
1503
1555
1018
251
-452
-1057
-1447
-1341
-581
609
1684
2179
1877
881
-288
-1039
-1124
-747
-334
-135
-210
-576
-1124
-1637
-1896
-1833
-1573
-1232
-879
-597
-455
-483
-632
-780
-790
-566
-144
301
524
382
-73
-626
-1044
-1193
-1056
-681
-229
47
-7
-308
-588
-610
-373
4
398
664
738
616
429
392
489
692
988
1239
1345
1185
800
420
69
-111
98
562
1020
1269
1701
2852
4199
4757
3946
1974
-282
-2082
-2866
-2505
-1827
-1639
-1948
-2187
-1841
-1144
-532
-237
-513
-1102
-1177
-187
1399
2291
1724
127
-1654
-2901
-3127
-2334
-1056
-26
538
970
1356
1346
737
-176
-846
-895
-188
1098
2316
2719
2085
918
-62
-461
-214
485
1181
1410
1011
250
-494
-1053
-1328
-1156
-449
609
1577
2024
1755
893
-137
-818
-905
-565
-165
0
-154
-565
-1111
-1615
-1923
-1989
-1850
-1585
-1242
-894
-635
-503
-465
-459
-424
-311
-101
168
381
422
270
-19
-342
-576
-650
-568
-397
-249
-189
-194
-174
-71
69
156
155
111
119
236
443
690
907
1087
1291
1497
1586
1413
926
301
-170
-224
147
603
821
883
1306
2429
3830
4547
3886
1953
-435
-2280
-2982
-2660
-2039
-1802
-2006
-2179
-1925
-1294
-699
-573
-982
-1455
-1250
-77
1412
2100
1377
-385
-2223
-3260
-3110
-2018
-657
372
942
1257
1386
1168
564
-133
-510
-299
532
1713
2684
2854
2087
836
-242
-692
-405
393
1194
1463
1025
208
-524
-924
-931
-526
256
1167
1855
2083
1796
1058
84
-733
-1080
-960
-674
-507
-576
-887
-1363
-1815
-2025
-1943
-1738
-1563
-1406
-1193
-900
-566
-243
0
96
72
43
75
122
117
48
-62
-240
-489
-711
-805
-752
-614
-478
-373
-313
-267
-146
55
257
351
321
265
306
518
881
1251
1451
1445
1336
1232
1102
898
680
469
232
182
854
2526
4531
5559
4767
2424
-411
-2644
-3605
-3317
-2539
-2114
-2199
-2269
-1857
-1130
-543
-402
-746
-1281
-1346
-370
1365
2685
2536
941
-1177
-2787
-3292
-2662
-1372
-126
654
1060
1330
1388
990
200
-548
-786
-299
808
2117
2969
2865
1882
628
-232
-378
92
795
1267
1202
655
-68
-667
-984
-987
-685
-131
522
1074
1287
984
196
-776
-1492
-1659
-1314
-755
-371
-389
-792
-1356
-1808
-1994
-1887
-1556
-1117
-688
-374
-228
-258
-394
-497
-425
-126
305
658
753
562
195
-172
-425
-545
-563
-492
-323
-80
138
213
98
-124
-276
-201
117
514
769
762
582
442
510
813
1223
1560
1737
1752
1643
1361
836
305
388
1598
3615
5263
5345
3529
524
-2438
-4244
-4481
-3643
-2684
-2237
-2176
-2011
-1550
-975
-641
-790
-1292
-1540
-840
818
2468
2929
1836
-212
-2211
-3349
-3278
-2200
-792
317
979
1340
1387
961
134
-671
-1039
-813
37
1370
2695
3340
2996
1996
961
335
244
588
1046
1189
867
291
-243
-645
-923
-956
-622
-66
416
684
758
616
168
-518
-1122
-1360
-1215
-858
-496
-301
-401
-777
-1208
-1466
-1506
-1348
-980
-464
-28
62
-201
-565
-808
-837
-642
-258
168
385
286
-11
-333
-589
-737
-700
-456
-131
138
357
551
593
298
-246
-671
-679
-277
319
870
1172
1115
796
510
473
662
1024
1470
1775
1636
1132
1047
2096
3943
5363
5264
3516
797
-1971
-3867
-4399
-3903
-3205
-2857
-2678
-2257
-1584
-941
-590
-721
-1257
-1617
-995
740
2570
3207
2242
279
-1745
-3062
-3227
-2263
-736
648
1560
2004
1954
1319
257
-760
-1295
-1159
-364
907
2208
2945
2778
1890
839
169
117
553
1098
1333
1060
371
-419
-969
-1096
-822
-303
253
641
721
507
155
-205
-567
-958
-1276
-1363
-1201
-933
-698
-585
-657
-954
-1356
-1607
-1539
-1165
-622
-101
170
29
-398
-764
-824
-627
-344
-62
210
415
472
354
68
-358
-776
-917
-618
1
625
1002
1051
791
340
-78
-262
-153
137
485
800
980
978
839
660
514
481
679
1065
1370
1436
1593
2374
3731
4900
5045
3895
1815
-558
-2524
-3596
-3845
-3758
-3693
-3558
-3074
-2267
-1421
-847
-806
-1318
-1918
-1812
-619
1096
2285
2339
1376
-98
-1538
-2430
-2447
-1699
-602
491
1398
1917
1788
986
-151
-1158
-1695
-1547
-641
766
2066
2654
2379
1561
694
179
222
731
1339
1640
1475
994
430
-69
-389
-434
-193
214
607
875
958
769
267
-411
-974
-1203
-1109
-872
-630
-463
-438
-585
-853
-1095
-1192
-1105
-836
-435
-47
143
76
-115
-263
-352
-424
-449
-344
-109
138
283
259
13
-441
-940
-1231
-1131
-669
-46
510
769
595
74
-513
-846
-823
-542
-136
326
785
1113
1193
1041
743
335
-96
-192
631
2553
4867
6332
6057
4077
1137
-1793
-3840
-4576
-4252
-3525
-2896
-2383
-1829
-1325
-1120
-1359
-1961
-2548
-2512
-1357
728
2708
3501
2815
1220
-466
-1679
-2141
-1813
-931
139
1175
2072
2594
2379
1319
-185
-1470
-2019
-1627
-399
1230
2610
3219
2973
2188
1264
515
142
207
603
1105
1500
1685
1600
1229
651
41
-431
-677
-675
-470
-187
-30
-154
-531
-983
-1310
-1400
-1255
-967
-667
-476
-481
-696
-1045
-1370
-1496
-1354
-1015
-639
-385
-354
-529
-764
-881
-810
-638
-487
-402
-356
-336
-359
-443
-600
-826
-1042
-1076
-781
-210
394
772
809
562
180
-128
-215
-92
126
357
616
878
1017
962
822
703
584
497
786
1846
3509
4979
5432
4606
2834
670
-1296
-2573
-3028
-2944
-2706
-2422
-1970
-1363
-841
-688
-1049
-1799
-2476
-2434
-1337
421
1933
2489
2006
892
-330
-1225
-1524
-1238
-593
186
1006
1761
2171
1954
1078
-145
-1245
-1792
-1531
-528
823
1980
2555
2459
1842
1004
263
-144
-185
15
302
587
819
974
1051
1016
781
277
-386
-950
-1189
-1089
-807
-521
-345
-300
-337
-414
-551
-787
-1081
-1292
-1293
-1079
-768
-518
-450
-601
-895
-1169
-1272
-1150
-861
-497
-160
61
106
-28
-269
-510
-640
-600
-431
-241
-130
-104
-74
28
203
388
515
525
373
80
-234
-403
-333
-63
274
580
842
1064
1164
1046
781
747
1369
2664
4113
4976
4790
3578
1707
-302
-1948
-2942
-3265
-3110
-2675
-2068
-1405
-861
-640
-895
-1582
-2353
-2669
-2186
-1059
160
971
1197
920
352
-224
-544
-518
-260
108
581
1162
1724
2060
2015
1508
579
-499
-1244
-1267
-581
455
1421
2014
2090
1682
1034
443
36
-202
-267
-78
379
956
1457
1731
1658
1182
414
-346
-826
-1004
-1048
-1107
-1177
-1180
-1037
-722
-323
-44
-84
-456
-974
-1420
-1682
-1712
-1461
-973
-442
-112
-96
-347
-737
-1116
-1308
-1181
-761
-232
191
386
313
12
-413
-775
-896
-723
-317
197
661
917
902
682
372
46
-256
-472
-518
-357
-50
287
542
650
595
418
237
253
654
1438
2349
3052
3348
3239
2780
2014
1018
-92
-1154
-1971
-2313
-2020
-1202
-264
319
264
-391
-1322
-2068
-2274
-1908
-1249
-645
-295
-214
-326
-503
-589
-485
-233
63
345
613
846
979
988
924
844
761
677
627
639
706
803
932
1096
1209
1163
936
611
300
53
-108
-166
-116
22
238
516
790
915
769
378
-130
-625
-1024
-1272
-1333
-1221
-990
-687
-353
-65
61
-49
-372
-808
-1228
-1513
-1586
-1455
-1200
-915
-644
-405
-236
-190
-288
-490
-688
-770
-663
-381
-32
232
305
177
-56
-257
-320
-219
-2
251
459
573
572
455
230
-59
-319
-430
-299
51
491
841
962
816
492
131
-127
-188
-9
419
1040
1720
2270
2515
2369
1878
1209
554
51
-266
-444
-540
-563
-495
-325
-99
82
121
-13
-271
-561
-805
-968
-1049
-1069
-1052
-997
-903
-792
-700
-662
-676
-690
-644
-485
-210
124
417
581
608
545
483
506
626
787
901
910
843
762
737
784
859
887
826
696
559
465
414
366
276
126
-65
-255
-428
-586
-729
-829
-825
-681
-433
-188
-67
-135
-354
-598
-742
-739
-640
-549
-547
-654
-820
-970
-1038
-1001
-863
-648
-388
-130
60
114
1
-242
-507
-662
-624
-399
-86
184
318
305
217
139
117
135
153
148
134
153
227
340
436
483
475
434
378
272
103
-96
-237
-203
61
518
1014
1371
1496
1423
1252
1078
921
741
481
148
-180
-384
-382
-182
112
373
501
461
275
-6
-330
-639
-864
-949
-872
-677
-472
-374
-433
-601
-767
-817
-712
-496
-248
-40
96
170
207
214
190
148
130
180
312
499
697
858
955
989
970
914
818
690
544
401
260
113
-49
-236
-427
-598
-703
-719
-645
-506
-357
-257
-245
-325
-455
-577
-632
-594
-488
-373
-314
-362
-515
-725
-924
-1040
-1029
-898
-664
-363
-46
214
338
286
83
-169
-349
-372
-249
-71
65
116
121
140
201
278
319
297
235
185
195
263
357
437
497
550
593
600
523
341
81
-180
-336
-313
-111
206
530
774
907
941
917
874
820
741
600
381
105
-164
-332
-323
-117
206
500
630
535
257
-106
-446
-687
-810
-828
-770
-667
-568
-514
-528
-602
-692
-738
-695
-558
-371
-184
-52
0
-22
-84
-119
-71
100
382
719
1025
1215
1246
1137
944
725
538
407
320
245
139
-23
-239
-479
-677
-762
-693
-487
-230
-22
65
12
-130
-280
-372
-389
-357
-315
-296
-307
-340
-389
-464
-587
-754
-924
-1014
-948
-709
-356
-7
215
270
204
102
45
50
71
70
30
-15
-13
57
166
263
309
293
242
195
168
162
160
160
179
227
298
354
344
248
88
-58
-106
-9
219
499
741
892
936
903
828
706
536
320
95
-76
-140
-80
64
204
267
232
125
-5
-129
-248
-385
-553
-729
-853
-877
-791
-638
-490
-407
-415
-482
-542
-539
-450
-303
-141
-7
73
110
129
154
200
276
388
545
727
901
1014
1022
910
717
504
332
229
177
135
68
-37
-159
-266
-318
-310
-249
-153
-65
-7
-5
-62
-159
-264
-340
-380
-398
-423
-480
-557
-628
-671
-703
-751
-833
-920
-947
-843
-602
-282
24
238
341
374
387
406
402
347
226
67
-68
-133
-124
-73
-39
-51
-100
-152
-175
-147
-75
27
141
252
347
407
404
343
264
231
306
504
777
1028
1154
1111
926
675
437
254
118
7
-88
-146
-128
-32
99
202
210
105
-80
-286
-453
-557
-605
-618
-612
-584
-541
-485
-426
-387
-366
-341
-279
-168
-35
71
98
31
-95
-200
-207
-94
105
315
469
540
555
572
624
694
734
692
561
378
205
104
85
120
153
137
49
-102
-277
-425
-499
-474
-353
-168
13
119
101
-43
-269
-510
-700
-796
-796
-733
-646
-577
-549
-572
-633
-689
-694
-622
-470
-263
-52
112
212
269
316
377
445
496
493
414
277
137
48
34
84
164
223
227
166
71
-10
-21
85
320
651
1002
1278
1413
1370
1165
841
458
76
-264
-521
-663
-675
-566
-380
-189
-63
-50
-154
-330
-524
-687
-793
-852
-881
-884
-855
-779
-650
-482
-308
-174
-104
-92
-96
-73
7
135
264
344
345
273
165
59
-13
-20
55
217
455
743
1029
1245
1335
1283
1118
904
715
610
619
712
828
909
909
801
594
323
47
-201
-397
-529
-597
-606
-569
-492
-404
-329
-303
-346
-446
-579
-723
-853
-962
-1038
-1071
-1045
-958
-835
-718
-651
-653
-710
-779
-804
-752
-626
-465
-307
-193
-124
-74
-14
74
170
240
239
143
-21
-165
-184
18
452
1031
1594
1966
2047
1839
1427
933
447
20
-331
-589
-710
-647
-402
-63
226
330
181
-176
-597
-925
-1064
-1014
-848
-642
-457
-312
-202
-112
-51
-35
-59
-90
-74
22
193
406
604
730
768
734
650
537
402
259
147
100
146
290
482
653
731
691
572
438
369
407
553
771
1003
1190
1294
1282
1133
851
472
74
-249
-412
-393
-239
-46
70
32
-167
-486
-857
-1211
-1501
-1691
-1764
-1705
-1522
-1247
-943
-689
-538
-500
-551
-656
-774
-875
-939
-943
-879
-762
-629
-533
-504
-535
-577
-596
-586
-558
-503
-348
28
719
1655
2600
3231
3309
2805
1881
835
-70
-707
-1077
-1230
-1183
-916
-455
72
467
528
191
-408
-999
-1308
-1219
-824
-335
34
182
139
20
-58
-52
20
128
269
460
717
1002
1221
1261
1067
673
209
-166
-349
-328
-166
42
234
389
519
630
710
741
715
660
626
670
817
1045
1282
1441
1453
1282
952
528
98
-244
-454
-522
-469
-340
-175
-19
66
24
-178
-518
-914
-1249
-1423
-1405
-1231
-976
-718
-531
-460
-520
-683
-879
-1032
-1087
-1049
-972
-903
-863
-848
-846
-858
-873
-871
-840
-782
-739
-734
-704
-502
47
959
2008
2829
3097
2713
1815
707
-289
-973
-1314
-1384
-1244
-904
-394
153
543
587
211
-470
-1159
-1504
-1333
-740
-10
555
775
628
231
-205
-478
-490
-255
150
653
1178
1628
1875
1804
1367
636
-185
-822
-1044
-797
-216
472
1056
1408
1479
1297
963
586
250
15
-70
53
403
916
1443
1790
1796
1438
854
276
-96
-186
-44
224
510
730
826
758
496
47
-525
-1103
-1550
-1751
-1668
-1369
-992
-690
-572
-650
-826
-957
-950
-830
-683
-577
-525
-519
-559
-650
-783
-942
-1085
-1152
-1107
-1014
-960
-898
-580
207
1356
2436
2965
2715
1770
428
-868
-1745
-2080
-2039
-1844
-1549
-1118
-607
-215
-122
-389
-969
-1668
-2106
-1924
-1115
-82
687
944
711
142
-506
-908
-827
-281
522
1381
2150
2671
2788
2454
1766
885
3
-637
-798
-406
355
1150
1698
1867
1689
1303
884
583
473
560
794
1094
1385
1616
1758
1755
1562
1209
816
517
379
400
498
548
447
198
-87
-304
-440
-533
-606
-655
-712
-831
-1004
-1151
-1194
-1149
-1092
-1051
-983
-857
-692
-545
-460
-462
-575
-808
-1086
-1313
-1449
-1532
-1579
-1565
-1528
-1564
-1638
-1420
-535
940
2407
3184
2967
1886
325
-1176
-2102
-2254
-1916
-1526
-1241
-973
-690
-537
-608
-875
-1298
-1801
-2089
-1753
-729
514
1335
1409
798
-237
-1301
-1890
-1624
-553
898
2239
3127
3357
2892
1948
914
125
-294
-333
24
698
1461
2019
2178
1904
1313
639
175
121
467
1038
1631
2077
2249
2122
1805
1471
1222
1071
1016
1052
1119
1103
936
632
235
-214
-626
-867
-881
-782
-732
-792
-950
-1224
-1596
-1903
-1918
-1608
-1163
-781
-526
-412
-490
-706
-874
-871
-788
-751
-719
-637
-620
-808
-1122
-1401
-1649
-1855
-1624
-480
1371
2996
3541
2849
1239
-813
-2603
-3369
-2946
-2012
-1301
-912
-608
-455
-683
-1122
-1429
-1592
-1759
-1691
-973
221
1130
1230
653
-281
-1366
-2224
-2243
-1183
472
1974
2918
3179
2678
1567
386
-274
-274
120
686
1327
1879
2103
1927
1520
1072
671
452
591
1086
1671
2022
2004
1676
1204
826
771
1066
1477
1715
1683
1465
1173
860
570
353
220
161
161
180
123
-101
-496
-967
-1395
-1674
-1726
-1548
-1238
-937
-735
-680
-805
-1059
-1257
-1234
-1020
-764
-541
-333
-220
-339
-665
-1039
-1407
-1776
-1849
-1103
502
2154
2884
2400
1042
-726
-2359
-3166
-2805
-1800
-1052
-847
-852
-916
-1277
-1901
-2308
-2241
-1930
-1524
-799
230
950
804
-24
-959
-1702
-2154
-2003
-971
643
2090
2857
2901
2309
1214
46
-538
-234
640
1542
2152
2363
2134
1570
981
655
635
828
1203
1704
2129
2236
1982
1518
1043
753
833
1331
1990
2410
2374
1950
1331
709
273
165
318
487
465
262
-11
-316
-685
-1100
-1451
-1640
-1650
-1498
-1221
-927
-794
-933
-1242
-1479
-1480
-1287
-1055
-860
-693
-591
-660
-886
-1094
-1202
-1337
-1524
-1389
-539
806
1882
2117
1477
190
-1394
-2610
-2763
-1877
-797
-249
-171
-216
-398
-816
-1209
-1280
-1188
-1202
-1133
-652
29
315
5
-573
-1162
-1746
-2129
-1917
-1040
102
1121
1896
2285
2038
1204
301
-123
44
605
1306
1870
2017
1705
1249
998
1004
1116
1238
1344
1379
1305
1206
1150
1076
906
739
776
1060
1440
1740
1898
1922
1827
1668
1508
1338
1081
722
363
106
-50
-172
-303
-463
-694
-997
-1282
-1428
-1426
-1365
-1305
-1228
-1128
-1036
-957
-845
-717
-658
-701
-759
-764
-803
-979
-1243
-1463
-1597
-1671
-1624
-1334
-828
-336
-83
-146
-495
-1035
-1534
-1672
-1338
-772
-317
-83
48
167
271
358
420
388
221
62
117
382
590
494
83
-497
-1064
-1420
-1415
-1051
-503
49
533
883
959
695
236
-123
-170
123
636
1156
1452
1426
1196
982
903
909
897
857
850
921
1035
1104
1021
754
395
139
169
511
1003
1412
1598
1574
1440
1269
1074
876
733
690
725
796
851
816
602
217
-181
-426
-501
-507
-477
-377
-245
-194
-262
-368
-477
-655
-884
-990
-860
-648
-586
-727
-977
-1293
-1629
-1780
-1564
-1117
-806
-810
-992
-1188
-1392
-1589
-1635
-1486
-1317
-1266
-1202
-953
-626
-477
-550
-668
-723
-744
-706
-503
-187
-28
-187
-517
-799
-1013
-1242
-1403
-1296
-895
-380
85
440
616
515
229
81
314
829
1337
1698
1959
2152
2223
2172
2080
1954
1726
1460
1386
1645
2056
2287
2199
1884
1484
1106
900
1002
1337
1649
1765
1721
1590
1333
943
597
498
637
819
900
850
636
232
-241
-552
-620
-608
-698
-866
-1010
-1142
-1327
-1513
-1602
-1636
-1725
-1828
-1774
-1540
-1321
-1277
-1346
-1410
-1475
-1569
-1594
-1457
-1256
-1157
-1153
-1111
-1046
-1107
-1300
-1403
-1250
-929
-629
-430
-335
-381
-545
-647
-539
-334
-300
-518
-799
-934
-901
-761
-572
-420
-425
-580
-678
-529
-191
132
338
478
583
629
634
686
833
1029
1254
1548
1885
2112
2118
1984
1887
1892
1937
1963
1956
1900
1791
1704
1736
1866
1937
1841
1637
1466
1400
1418
1482
1528
1455
1196
834
536
379
330
324
344
358
290
101
-165
-432
-677
-901
-1069
-1148
-1169
-1207
-1295
-1398
-1498
-1611
-1751
-1880
-1938
-1885
-1714
-1443
-1147
-947
-945
-1135
-1392
-1556
-1563
-1463
-1359
-1325
-1362
-1408
-1390
-1274
-1103
-967
-917
-915
-872
-760
-649
-637
-759
-957
-1130
-1189
-1102
-913
-714
-557
-415
-222
19
220
296
262
227
306
545
901
1253
1463
1494
1436
1434
1561
1771
1970
2097
2153
2152
2117
2061
1985
1877
1750
1667
1668
1735
1785
1755
1652
1523
1409
1323
1252
1181
1103
1045
1045
1097
1125
1021
732
312
-95
-353
-399
-281
-140
-110
-251
-535
-870
-1160
-1343
-1408
-1381
-1322
-1293
-1351
-1495
-1662
-1752
-1671
-1416
-1086
-830
-769
-916
-1168
-1400
-1540
-1599
-1618
-1607
-1538
-1389
-1182
-999
-942
-1061
-1291
-1478
-1494
-1326
-1070
-862
-784
-831
-935
-1010
-1014
-949
-835
-679
-465
-213
0
95
58
-37
-97
-45
126
373
626
830
997
1175
1390
1609
1766
1854
1915
1988
2086
2190
2256
2241
2134
2012
1986
2102
2286
2415
2398
2231
1982
1730
1545
1438
1361
1271
1164
1070
1003
916
772
560
315
81
-116
-266
-393
-520
-651
-779
-887
-985
-1105
-1258
-1418
-1546
-1621
-1639
-1610
-1549
-1470
-1392
-1341
-1339
-1377
-1419
-1405
-1304
-1152
-1032
-1019
-1109
-1221
-1253
-1171
-1013
-872
-822
-868
-948
-988
-982
-975
-1008
-1073
-1119
-1102
-1030
-957
-932
-944
-935
-814
-554
-228
41
160
150
110
128
233
384
519
597
633
687
805
969
1113
1182
1196
1209
1269
1390
1540
1659
1689
1624
1523
1471
1507
1625
1782
1932
2032
2043
1963
1817
1641
1461
1307
1217
1197
1203
1164
1037
834
604
394
236
140
71
-20
-157
-327
-497
-652
-783
-876
-920
-926
-934
-959
-976
-956
-886
-798
-752
-801
-966
-1201
-1407
-1506
-1497
-1446
-1421
-1427
-1420
-1360
-1255
-1146
-1087
-1103
-1165
-1208
-1193
-1146
-1144
-1227
-1361
-1463
-1477
-1402
-1294
-1206
-1155
-1102
-994
-813
-602
-428
-327
-260
-158
9
209
381
493
560
632
769
983
1235
1447
1576
1628
1635
1618
1576
1514
1456
1449
1525
1682
1875
2014
2021
1891
1698
1538
1475
1506
1583
1640
1635
1566
1462
1361
1262
1150
1009
842
666
489
326
186
68
-42
-165
-300
-441
-569
-682
-783
-882
-985
-1078
-1128
-1099
-1002
-899
-863
-928
-1067
-1213
-1311
-1346
-1353
-1380
-1431
-1456
-1407
-1289
-1165
-1123
-1187
-1299
-1364
-1317
-1184
-1051
-1006
-1064
-1162
-1200
-1139
-1022
-923
-888
-891
-876
-817
-742
-699
-728
-799
-834
-757
-557
-298
-58
125
274
432
616
816
995
1128
1226
1326
1447
1570
1645
1647
1605
1591
1667
1834
2026
2151
2153
2052
1922
1829
1790
1765
1701
1586
1454
1359
1329
1338
1342
1297
1178
1006
822
662
538
430
317
175
-7
-209
-405
-560
-674
-755
-815
-856
-860
-823
-774
-768
-852
-1033
-1260
-1444
-1532
-1531
-1495
-1481
-1497
-1516
-1501
-1456
-1419
-1427
-1476
-1509
-1473
-1369
-1265
-1254
-1375
-1573
-1733
-1752
-1620
-1411
-1232
-1126
-1058
-950
-758
-513
-298
-178
-143
-127
-60
77
233
335
355
340
356
455
628
824
992
1116
1211
1302
1388
1447
1466
1466
1486
1558
1680
1810
1892
1897
1841
1758
1680
1618
1564
1522
1493
1486
1502
1520
1502
1411
1252
1049
847
676
549
456
373
280
170
46
-80
-201
-309
-394
-436
-437
-407
-368
-368
-436
-569
-731
-876
-975
-1037
-1106
-1218
-1376
-1538
-1639
-1642
-1563
-1458
-1392
-1386
-1415
-1425
-1392
-1341
-1325
-1384
-1502
-1621
-1673
-1628
-1520
-1411
-1342
-1312
-1280
-1204
-1089
-963
-862
-784
-698
-569
-390
-194
-25
100
202
316
470
661
853
1018
1138
1217
1266
1289
1293
1289
1305
1374
1500
1655
1783
1829
1778
1668
1561
1509
1516
1555
1594
1614
1620
1621
1601
1535
1406
1239
1082
984
953
950
909
791
606
409
253
154
75
-29
-183
-362
-506
-566
-532
-457
-411
-441
-540
-660
-747
-786
-814
-871
-978
-1113
-1226
-1276
-1269
-1246
-1253
-1306
-1374
-1415
-1411
-1372
-1339
-1351
-1408
-1476
-1519
-1518
-1480
-1434
-1393
-1341
-1261
-1145
-1017
-917
-858
-830
-791
-705
-567
-409
-275
-191
-138
-72
38
196
381
552
695
810
910
1009
1092
1144
1166
1182
1217
1289
1385
1475
1526
1533
1511
1484
1466
1445
1406
1343
1274
1234
1239
1281
1322
1319
1256
1152
1039
939
848
750
636
512
410
346
316
285
218
115
12
-46
-29
34
66
3
-173
-411
-632
-775
-831
-845
-876
-939
-1010
-1049
-1035
-986
-947
-950
-995
-1056
-1106
-1142
-1192
-1274
-1379
-1479
-1527
-1511
-1438
-1348
-1275
-1229
-1186
-1123
-1026
-906
-786
-693
-635
-607
-589
-561
-508
-423
-309
-174
-33
90
179
240
293
368
483
630
775
882
929
930
921
938
988
1055
1116
1157
1182
1201
1220
1223
1200
1154
1107
1102
1149
1228
1285
1270
1167
1008
855
749
704
695
688
657
604
542
483
421
344
257
179
135
127
132
109
31
-102
-251
-371
-435
-473
-528
-629
-768
-902
-986
-1002
-976
-966
-998
-1066
-1128
-1141
-1102
-1036
-984
-970
-987
-1016
-1040
-1059
-1079
-1097
-1093
-1040
-942
-821
-716
-652
-621
-596
-539
-437
-306
-174
-66
19
90
159
221
267
302
341
403
487
584
662
687
656
594
547
568
647
766
874
915
911
855
776
709
645
608
597
594
604
610
609
604
575
528
475
427
405
396
379
339
270
197
143
115
115
128
143
155
165
178
188
174
141
80
-2
-88
-177
-267
-355
-427
-471
-464
-420
-387
-381
-428
-502
-560
-599
-605
-584
-573
-567
-582
-610
-625
-629
-602
-549
-493
-419
-353
-311
-300
-326
-355
-358
-320
-243
-166
-107
-68
-34
14
76
139
185
207
216
232
273
334
382
400
376
336
309
304
320
337
344
344
329
306
277
242
220
221
253
306
348
363
338
278
216
170
151
150
144
130
111
94
85
79
61
24
-22
-54
-48
-12
38
66
54
4
-64
-123
-156
-163
-166
-176
-186
-196
-196
-194
-202
-221
-251
-278
-291
-298
-292
-288
-285
-275
-272
-274
-275
-278
-275
-266
-244
-203
-150
-100
-65
-50
-44
-33
-8
34
79
111
130
132
129
126
129
138
153
170
186
194
190
178
166
163
172
196
227
255
274
281
272
251
222
192
170
157
153
154
146
130
99
61
25
0
-15
-19
-21
-24
-30
-43
-61
-80
-99
-110
-107
-89
-56
-23
-5
-10
-37
-77
-118
-155
-184
-206
-219
-217
-206
-187
-174
-180
-202
-232
-251
-242
-207
-161
-125
-122
-151
-193
-228
-235
-214
-176
-143
-120
-107
-99
-92
-79
-63
-46
-30
-16
0
20
47
80
118
159
193
229
257
284
320
358
396
409
388
352
309
286
283
287
292
280
259
236
216
206
205
204
201
187
167
151
139
132
119
94
65
42
25
19
18
8
-21
-69
-131
-190
-225
-231
-212
-190
-179
-190
-229
-281
-332
-377
-394
-391
-373
-348
-329
-317
-310
-316
-327
-345
-361
-367
-371
-368
-361
-351
-337
-327
-327
-336
-352
-353
-321
-254
-162
-67
10
61
88
108
139
188
258
329
387
420
419
404
393
391
405
422
437
455
457
449
436
409
393
378
359
336
311
298
304
315
332
335
321
296
256
213
172
131
94
49
1
-53
-102
-139
-161
-172
-176
-170
-158
-148
-142
-142
-149
-158
-169
-169
-161
-144
-128
-125
-142
-171
-209
-240
-256
-261
-252
-237
-225
-223
-241
-272
-303
-330
-331
-314
-289
-256
-233
-214
-206
-218
-225
-222
-205
-170
-133
-95
-60
-36
-19
-6
5
16
32
58
91
131
173
210
236
249
253
260
274
300
332
361
373
368
350
325
307
300
305
317
324
318
299
271
242
223
209
199
187
167
143
115
89
71
59
47
31
12
-6
-23
-35
-42
-45
-52
-62
-77
-90
-102
-114
-129
-147
-170
-201
-232
-257
-283
-301
-313
-321
-325
-329
-331
-328
-325
-321
-320
-315
-316
-318
-317
-311
-301
-288
-274
-265
-257
-255
-246
-228
-196
-155
-115
-77
-53
-37
-24
-9
19
55
103
156
208
254
286
312
329
337
341
344
351
362
373
382
383
375
362
350
341
338
340
346
349
345
329
304
272
235
206
185
173
163
148
126
88
43
-3
-42
-72
-93
-109
-122
-132
-135
-132
-125
-120
-117
-122
-132
-142
-152
-159
-165
-173
-186
-203
-222
-238
-252
-258
-259
-258
-260
-267
-283
-306
-329
-342
-342
-327
-301
-271
-246
-231
-223
-219
-211
-193
-167
-132
-96
-66
-45
-37
-33
-29
-17
-1
22
51
75
97
120
138
157
179
201
218
232
239
248
259
276
299
320
333
334
327
316
306
303
302
300
287
265
236
204
176
157
144
135
123
113
99
83
73
66
65
64
57
48
34
20
7
-2
-12
-21
-36
-58
-86
-119
-147
-163
-169
-168
-165
-172
-188
-208
-226
-229
-224
-212
-200
-192
-195
-205
-218
-228
-234
-236
-235
-239
-243
-246
-241
-228
-215
-200
-184
-169
-153
-139
-120
-99
-77
-56
-40
-23
-6
13
34
51
58
61
62
60
61
68
83
105
125
142
154
159
158
158
160
165
173
180
188
188
184
181
180
179
175
165
157
152
148
146
141
132
118
99
83
73
71
73
76
74
66
55
50
50
55
59
55
42
23
2
-16
-23
-26
-31
-42
-62
-83
-97
-108
-112
-115
-117
-128
-141
-151
-158
-157
-154
-153
-152
-154
-156
-151
-146
-138
-132
-127
-122
-121
-116
-108
-98
-91
-89
-88
-85
-78
-65
-49
-34
-24
-19
-17
-10
1
17
36
52
63
65
70
73
79
88
93
99
100
95
95
93
91
89
85
79
71
67
67
70
70
73
72
74
75
75
79
83
86
89
89
87
81
77
74
69
64
58
51
44
36
30
25
20
16
14
11
6
3
1
-1
-3
-4
-7
-10
-15
-17
-18
-23
-26
-31
-35
-39
-42
-43
-43
-48
-50
-49
-49
-47
-49
-52
-51
-51
-55
-58
-59
-58
-60
-60
-60
-63
-65
-65
-65
-62
-63
-65
-67
-72
-75
-79
-87
-93
-99
-105
-111
-120
-127
-132
-136
-141
-145
-145
-145
-146
-144
-144
-144
-138
-132
-125
-121
-119
-111
-101
-90
-76
-61
-45
-25
-6
17
43
67
91
118
146
172
202
230
252
272
290
300
313
324
333
342
345
348
352
355
358
357
350
350
348
343
340
334
326
317
301
285
264
239
216
192
165
136
105
73
45
17
-14
-43
-68
-98
-127
-152
-176
-200
-226
-250
-273
-295
-313
-332
-350
-365
-378
-385
-391
-400
-404
-407
-404
-399
-400
-396
-393
-390
-385
-381
-379
-372
-366
-351
-334
-321
-302
-283
-254
-222
-192
-157
-119
-81
-42
-2
37
74
108
140
171
202
230
256
280
302
319
338
352
366
376
386
397
405
414
420
424
428
428
428
426
425
420
412
402
388
372
354
335
317
294
274
251
226
201
175
148
121
96
67
41
12
-20
-49
-78
-108
-138
-166
-195
-224
-253
-280
-308
-333
-358
-380
-401
-419
-436
-452
-464
-475
-484
-492
-498
-498
-499
-498
-493
-484
-477
-466
-451
-433
-415
-390
-363
-335
-309
-281
-252
-222
-187
-151
-114
-75
-36
4
44
86
127
166
206
244
280
317
354
385
413
440
466
492
509
524
537
547
559
563
566
564
561
559
555
542
528
511
495
477
454
426
399
367
337
302
263
228
190
153
117
79
39
3
-34
-72
-110
-148
-184
-221
-258
-290
-323
-355
-384
-414
-443
-467
-489
-508
-527
-546
-557
-567
-570
-573
-580
-575
-570
-566
-556
-549
-541
-528
-512
-494
-474
-452
-426
-397
-366
-334
-304
-269
-231
-190
-149
-107
-64
-20
23
68
112
154
194
232
271
307
342
376
411
441
471
497
520
542
561
577
588
595
599
601
602
599
592
584
571
557
539
518
496
471
443
417
387
355
321
289
255
218
180
142
105
66
28
-12
-51
-88
-126
-161
-196
-228
-263
-296
-325
-353
-382
-408
-433
-455
-477
-495
-513
-528
-540
-550
-556
-559
-559
-557
-553
-544
-536
-524
-508
-491
-472
-449
-425
-403
-375
-347
-312
-277
-243
-207
-170
-132
-93
-54
-16
22
59
94
134
170
207
242
273
301
328
353
379
401
418
435
450
463
473
478
480
484
483
481
473
461
452
439
425
408
387
366
344
322
300
274
250
226
199
176
152
125
101
76
53
33
9
-12
-32
-56
-77
-98
-121
-144
-167
-192
-213
-235
-255
-272
-288
-304
-315
-326
-334
-340
-345
-347
-348
-354
-354
-355
-352
-349
-348
-343
-341
-334
-312
-301
-293
-280
-269
-240
-216
-200
-177
-157
-131
-104
-83
-60
-39
-18
3
21
41
60
79
94
110
125
139
156
166
172
186
200
214
222
213
216
223
224
227
215
205
205
197
194
180
160
157
149
143
136
114
104
96
89
83
67
55
48
38
32
22
13
8
2
-4
-10
-16
-20
-28
-34
-40
-38
-37
-44
-47
-51
-48
-39
-43
-44
-46
-45
-33
-33
-34
-35
-34
-34
-33
-31
-32
-31
-32
-29
-27
-25
-24
-23
-23
-21
-19
-17
-15
-13
-12
-9
-7
-5
-2
1
2
4
5
7
8
10
12
15
15
16
17
17
18
21
24
24
26
25
28
28
27
26
26
26
25
26
24
22
23
22
23
20
19
18
16
16
18
18
17
15
14
11
10
8
6
5
4
1
0
-2
-2
-5
-8
-10
-13
-13
-15
-17
-18
-19
-22
-22
-22
-24
-23
-22
-21
-22
-24
-25
-26
-27
-26
-23
-23
-22
-21
-20
-18
-18
-17
-15
-12
-11
-7
-6
-4
-4
-4
-3
-2
0
0
2
1
2
6
5
5
5
3
4
4
6
8
10
11
12
14
16
16
16
16
16
16
16
18
17
17
18
17
17
19
16
15
15
13
14
14
15
14
11
9
8
6
4
3
3
2
3
1
-1
-4
-6
-6
-6
-6
-6
-8
-10
-10
-11
-12
-12
-10
-10
-10
-12
-14
-16
-14
-12
-10
-10
-10
-9
-8
-7
-6
-8
-9
-9
-10
-9
-6
-6
-6
-4
-7
-8
-8
-5
-3
-3
-3
-3
-3
-2
-2
-2
-2
-1
-1
0
1
3
4
2
4
4
6
6
5
4
7
10
11
11
7
4
4
7
9
9
7
6
4
4
6
6
5
3
2
2
3
3
3
1
0
2
3
3
3
6
4
2
3
3
5
6
5
3
0
2
2
2
0
0
-3
-4
-4
-3
-4
-3
-3
-5
-6
-7
-7
-6
-6
-6
-6
-4
-4
-3
-3
-3
-4
-5
-5
-3
-1
-2
-1
-1
-3
0
-2
-3
-1
-2
-2
-2
0
1
1
0
-1
-2
-1
0
2
2
2
1
-1
-1
-2
-3
-2
-2
-2
-3
-4
-4
-4
-4
-3
-3
-4
-3
-4
-4
-2
-2
-2
-2
-1
-2
-1
