-4
-4
-4
-3
-2
-2
0
0
3
4
3
4
3
2
4
1
1
1
2
2
2
3
2
0
-2
-1
-1
-1
2
0
1
1
0
-1
-1
3
2
3
4
4
6
5
3
3
2
2
4
6
6
6
4
2
0
-1
0
-2
-3
0
2
3
3
2
0
-2
-1
-1
1
1
2
3
2
1
-5
-7
-9
-9
-8
-6
-4
-4
-1
-3
-5
-7
-6
-5
-6
-2
-2
-3
-4
0
1
2
4
3
-1
-4
-4
-3
2
6
7
8
6
2
-3
-5
-7
-3
4
9
8
5
0
-6
-7
-7
-4
2
8
15
17
12
7
1
0
-3
-1
7
15
18
12
2
-9
-13
-12
-6
4
11
17
17
15
17
19
13
-12
-31
-39
-31
-14
-8
-11
-22
-26
-22
-17
-21
-24
-17
-3
15
23
18
0
-25
-38
-34
-12
13
33
45
44
41
30
21
15
8
11
17
27
31
24
15
0
-3
-2
-2
1
-5
-9
-11
-14
-11
-31
-58
-79
-96
-84
-72
-44
2
22
16
-21
-91
-140
-144
-111
-60
-32
-11
12
44
69
59
-2
-85
-128
-107
-34
43
87
88
79
71
75
58
23
2
9
55
99
116
99
55
9
-32
-56
-44
0
43
82
92
70
51
37
9
-43
-90
-124
-95
6
110
188
214
175
151
147
100
41
-33
-79
-17
119
263
391
450
450
458
417
361
349
392
495
647
764
790
745
595
365
116
-147
-345
-407
-381
-292
-217
-288
-494
-811
-1182
-1484
-1669
-1745
-1717
-1625
-1536
-1461
-1419
-1431
-1464
-1492
-1481
-1383
-1157
-831
-429
5
376
675
885
1002
1081
1157
1250
1403
1586
1765
1917
1996
1995
1921
1781
1592
1375
1157
970
830
747
662
540
350
99
-164
-396
-589
-748
-879
-990
-1024
-991
-867
-725
-580
-479
-429
-393
-422
-439
-487
-424
-283
8
333
582
768
820
978
1166
1490
1736
1846
1781
1528
1259
924
657
327
37
-256
-461
-557
-609
-660
-901
-1246
-1753
-2215
-2582
-2831
-2984
-3166
-3363
-3577
-3683
-3642
-3440
-3165
-2903
-2674
-2446
-2095
-1609
-993
-364
191
652
1069
1528
2069
2686
3275
3771
4092
4257
4302
4287
4277
4254
4218
4115
3938
3712
3460
3201
2900
2495
1929
1237
462
-278
-888
-1363
-1702
-1980
-2205
-2397
-2538
-2606
-2622
-2614
-2622
-2645
-2704
-2684
-2599
-2421
-2179
-1948
-1737
-1534
-1301
-1018
-693
-354
-32
252
552
803
1029
1155
1170
1119
995
938
853
898
930
1062
1297
1603
2029
2240
2407
2214
1930
1460
970
531
114
-169
-460
-567
-623
-533
-481
-461
-555
-808
-1130
-1550
-1976
-2468
-3005
-3533
-3922
-4106
-4005
-3710
-3249
-2740
-2312
-1904
-1540
-1173
-840
-569
-334
-76
244
722
1386
2150
2928
3531
3986
4245
4313
4275
4104
3844
3505
3122
2822
2675
2609
2625
2554
2368
2031
1521
949
296
-403
-1090
-1689
-2075
-2205
-2137
-1884
-1578
-1315
-1138
-1144
-1263
-1484
-1842
-2194
-2502
-2643
-2508
-2224
-1694
-1033
-400
193
558
813
930
830
586
291
-73
-275
-379
-342
39
282
736
1130
1548
2040
2245
2328
2197
1834
1417
902
487
241
-114
-299
-449
-554
-387
-399
-378
-342
-788
-1119
-1574
-2100
-2374
-2950
-3499
-3849
-4344
-4491
-4398
-4192
-3641
-3263
-2874
-2305
-1785
-1164
-595
-168
303
593
893
1331
1870
2616
3274
3856
4394
4762
5133
5380
5425
5402
5074
4618
4133
3538
3135
2818
2459
2193
1783
1368
1016
524
22
-492
-1070
-1545
-2024
-2410
-2590
-2684
-2686
-2697
-2660
-2584
-2503
-2452
-2420
-2354
-2282
-2224
-2057
-1826
-1541
-1213
-945
-533
-131
173
525
718
863
800
521
366
268
264
372
519
892
1432
1830
2269
2386
2396
2193
1679
1229
583
57
-345
-842
-1027
-1163
-1200
-967
-1032
-1124
-1170
-1445
-1546
-1856
-2431
-2807
-3503
-4161
-4547
-4842
-4658
-4344
-3933
-3145
-2257
-1266
-294
415
936
1210
1306
1524
1725
2021
2414
2891
3498
3974
4435
4916
5312
5591
5610
5482
5287
4888
4351
3736
3017
2258
1485
875
536
302
20
-269
-511
-739
-934
-1182
-1550
-1944
-2400
-2788
-2998
-3183
-3319
-3417
-3547
-3552
-3463
-3237
-2815
-2394
-1907
-1383
-840
-361
-3
261
458
504
444
375
427
594
698
843
1049
1350
1729
2099
2392
2687
2764
2715
2476
2132
1641
994
385
-304
-884
-1341
-1695
-1737
-1649
-1745
-1719
-1778
-1874
-1899
-2303
-2802
-3341
-4119
-4652
-5006
-5208
-5087
-4963
-4550
-3775
-2855
-1741
-642
323
1167
1807
2345
2857
3202
3435
3591
3741
3986
4264
4655
5113
5508
5783
5905
5981
5914
5618
5108
4436
3657
2795
1873
1012
278
-418
-1011
-1464
-1766
-1951
-2100
-2231
-2301
-2367
-2522
-2704
-2927
-3202
-3474
-3766
-3977
-4026
-4002
-3756
-3347
-2817
-2150
-1471
-766
-52
594
1042
1372
1529
1517
1499
1371
1222
1093
1025
1102
1264
1611
1967
2377
2679
2795
2784
2582
2291
1718
1103
410
-316
-952
-1612
-2053
-2335
-2564
-2726
-2855
-2826
-2708
-2686
-2799
-2956
-3208
-3600
-4032
-4437
-4636
-4711
-4683
-4460
-3926
-3138
-2156
-1040
53
1127
2030
2807
3541
4112
4503
4739
4833
4920
5011
5073
5159
5129
5057
4973
4870
4805
4663
4405
3994
3468
2857
2230
1618
944
225
-554
-1292
-1928
-2403
-2702
-2939
-3056
-3130
-3132
-3007
-2883
-2736
-2633
-2655
-2676
-2753
-2791
-2702
-2577
-2323
-1960
-1563
-1050
-507
-25
452
861
1144
1418
1510
1533
1530
1450
1462
1426
1441
1398
1323
1243
1166
1125
1079
973
760
518
184
-99
-358
-636
-876
-1194
-1594
-1911
-2233
-2434
-2541
-2740
-2919
-3169
-3437
-3597
-3703
-3753
-3708
-3665
-3551
-3322
-2967
-2429
-1780
-1152
-512
143
797
1486
2145
2785
3390
3914
4321
4735
5088
5327
5496
5474
5413
5303
5044
4806
4502
4135
3781
3331
2912
2543
2079
1595
1056
486
13
-505
-1012
-1492
-1980
-2365
-2705
-2983
-3170
-3335
-3460
-3529
-3553
-3491
-3352
-3240
-3076
-2860
-2612
-2252
-1921
-1522
-1073
-667
-278
66
413
723
995
1142
1322
1454
1595
1728
1801
1976
2006
2003
1914
1784
1634
1318
885
451
14
-366
-687
-999
-1181
-1433
-1675
-1847
-2023
-2144
-2360
-2675
-2956
-3309
-3592
-3801
-3988
-4035
-4093
-4048
-3873
-3565
-3037
-2444
-1774
-1065
-339
474
1278
2053
2773
3348
3807
4192
4491
4807
5048
5165
5234
5206
5183
5143
5018
4850
4595
4257
3888
3507
3126
2746
2268
1697
1117
527
-26
-583
-1156
-1669
-2135
-2513
-2789
-2961
-3064
-3147
-3213
-3240
-3189
-3109
-3031
-2940
-2821
-2648
-2392
-2126
-1809
-1487
-1206
-851
-544
-174
195
455
760
1005
1291
1628
1797
1991
2060
1980
1945
1735
1524
1256
761
373
-60
-466
-685
-1044
-1287
-1489
-1808
-1957
-2143
-2329
-2429
-2729
-2951
-3164
-3441
-3562
-3765
-3909
-3943
-3974
-3821
-3559
-3167
-2603
-2035
-1357
-604
154
975
1735
2448
3112
3683
4211
4656
5014
5306
5469
5530
5540
5497
5420
5322
5157
4938
4697
4413
4138
3841
3470
3063
2544
1975
1405
787
198
-411
-1063
-1672
-2256
-2738
-3111
-3425
-3657
-3854
-3983
-4027
-3978
-3856
-3706
-3550
-3401
-3241
-3000
-2781
-2511
-2216
-1983
-1609
-1249
-792
-225
255
817
1349
1751
2267
2572
2770
2915
2754
2609
2302
1850
1511
1005
548
198
-285
-537
-816
-1122
-1265
-1558
-1789
-2035
-2423
-2657
-2981
-3342
-3601
-3978
-4195
-4368
-4508
-4410
-4253
-3920
-3428
-2917
-2208
-1448
-664
191
981
1773
2484
3112
3713
4254
4740
5122
5396
5596
5703
5773
5783
5754
5691
5510
5272
5008
4706
4382
3972
3471
2927
2295
1651
1043
412
-204
-840
-1495
-2054
-2548
-2968
-3293
-3615
-3869
-4078
-4225
-4263
-4239
-4171
-4080
-3964
-3774
-3523
-3167
-2769
-2358
-1889
-1496
-1011
-500
-11
539
937
1309
1694
1928
2236
2470
2546
2644
2475
2334
2210
1927
1714
1356
918
591
125
-251
-565
-1002
-1342
-1825
-2285
-2605
-2980
-3270
-3541
-3859
-4020
-4159
-4219
-4134
-4029
-3807
-3535
-3196
-2713
-2149
-1536
-887
-225
470
1146
1795
2381
2914
3429
3850
4216
4545
4818
5053
5218
5317
5410
5420
5343
5207
4959
4666
4323
3874
3410
2898
2346
1806
1225
673
148
-390
-881
-1356
-1806
-2193
-2556
-2865
-3121
-3355
-3512
-3642
-3726
-3749
-3716
-3613
-3442
-3234
-2961
-2616
-2248
-1788
-1333
-820
-308
143
593
1010
1333
1618
1802
1882
1928
1811
1704
1559
1386
1223
1029
814
634
399
149
-69
-351
-633
-1004
-1410
-1809
-2195
-2597
-2944
-3293
-3593
-3807
-3988
-4024
-3963
-3822
-3572
-3243
-2853
-2328
-1808
-1231
-639
-116
458
981
1477
1971
2371
2737
3105
3398
3735
4013
4233
4450
4592
4731
4856
4901
4898
4808
4623
4429
4143
3805
3413
2922
2398
1838
1266
739
197
-352
-856
-1349
-1763
-2097
-2403
-2630
-2831
-3017
-3136
-3217
-3264
-3216
-3186
-3123
-2972
-2833
-2562
-2250
-1937
-1523
-1168
-824
-391
-74
279
581
743
952
1035
1072
1152
1091
1052
981
801
717
570
403
260
20
-208
-453
-770
-1037
-1350
-1691
-1994
-2339
-2620
-2850
-3039
-3158
-3211
-3199
-3089
-2924
-2674
-2352
-1990
-1591
-1159
-710
-259
227
694
1149
1602
2013
2392
2759
3060
3356
3597
3763
3935
4026
4086
4161
4149
4138
4098
3958
3832
3624
3350
3073
2681
2271
1841
1331
870
391
-105
-530
-968
-1341
-1657
-1957
-2186
-2387
-2552
-2647
-2719
-2728
-2694
-2632
-2515
-2382
-2189
-1981
-1755
-1498
-1257
-999
-734
-480
-211
26
230
430
569
685
771
787
762
686
554
399
225
27
-171
-381
-596
-796
-1006
-1212
-1397
-1613
-1828
-2030
-2254
-2434
-2590
-2722
-2767
-2770
-2692
-2505
-2270
-1923
-1515
-1091
-604
-127
323
783
1170
1507
1815
2025
2220
2385
2497
2635
2757
2864
3023
3147
3277
3419
3492
3540
3528
3418
3261
3022
2711
2379
2002
1619
1230
858
505
183
-96
-383
-611
-847
-1081
-1252
-1452
-1624
-1726
-1869
-1905
-1901
-1910
-1772
-1679
-1531
-1292
-1135
-897
-660
-535
-327
-203
-117
23
52
95
131
78
70
37
-45
-86
-177
-291
-376
-494
-608
-703
-840
-978
-1119
-1315
-1473
-1648
-1850
-2007
-2191
-2353
-2447
-2531
-2528
-2462
-2366
-2178
-1951
-1673
-1322
-960
-577
-164
216
587
962
1287
1599
1897
2133
2360
2549
2693
2849
2944
3004
3080
3078
3069
3066
2993
2933
2853
2717
2607
2427
2222
2025
1740
1465
1160
803
474
121
-243
-564
-891
-1183
-1404
-1632
-1750
-1862
-1910
-1892
-1863
-1746
-1636
-1468
-1310
-1113
-950
-755
-594
-430
-267
-141
15
114
236
296
358
356
339
282
187
86
-49
-171
-319
-443
-578
-693
-816
-928
-1054
-1186
-1325
-1492
-1645
-1813
-1966
-2104
-2204
-2288
-2301
-2291
-2224
-2080
-1929
-1684
-1397
-1104
-734
-358
22
437
819
1201
1551
1838
2103
2308
2449
2554
2621
2648
2637
2634
2607
2563
2556
2512
2494
2465
2388
2332
2206
2028
1848
1568
1263
939
563
211
-149
-485
-768
-1025
-1226
-1366
-1492
-1561
-1587
-1614
-1598
-1560
-1517
-1439
-1340
-1230
-1051
-901
-687
-430
-242
27
251
421
611
708
764
784
702
625
493
302
161
-26
-213
-349
-492
-622
-719
-824
-932
-1033
-1173
-1289
-1439
-1618
-1753
-1926
-2083
-2173
-2269
-2295
-2262
-2187
-2014
-1824
-1559
-1226
-905
-536
-136
217
587
931
1231
1504
1721
1910
2055
2148
2217
2277
2279
2285
2293
2270
2250
2232
2204
2166
2101
2035
1943
1796
1655
1472
1256
1025
781
523
258
3
-248
-487
-711
-906
-1075
-1229
-1338
-1395
-1464
-1449
-1403
-1346
-1219
-1091
-925
-748
-578
-372
-205
-49
109
224
322
390
437
450
429
408
353
275
192
75
-51
-213
-380
-553
-755
-935
-1118
-1290
-1447
-1577
-1688
-1783
-1849
-1900
-1930
-1940
-1932
-1893
-1838
-1762
-1622
-1479
-1279
-1030
-772
-447
-111
251
635
1001
1357
1696
1964
2198
2377
2460
2520
2499
2435
2350
2225
2108
1987
1860
1773
1688
1597
1548
1467
1387
1289
1149
995
791
564
329
61
-204
-440
-681
-863
-1034
-1145
-1225
-1286
-1282
-1273
-1221
-1145
-1039
-921
-766
-633
-434
-287
-107
73
194
359
426
536
563
575
561
492
400
286
147
-9
-176
-376
-532
-761
-921
-1106
-1287
-1436
-1604
-1724
-1861
-1960
-2049
-2119
-2179
-2202
-2214
-2191
-2130
-2029
-1884
-1700
-1446
-1177
-829
-468
-80
325
710
1098
1443
1763
2041
2268
2450
2604
2702
2770
2800
2814
2789
2732
2672
2570
2444
2300
2150
1960
1765
1556
1333
1091
846
606
361
116
-108
-311
-538
-704
-886
-1043
-1182
-1305
-1389
-1492
-1521
-1544
-1514
-1451
-1322
-1181
-986
-783
-553
-307
-109
154
304
487
586
662
690
648
599
478
349
174
19
-182
-344
-544
-702
-881
-1055
-1191
-1378
-1517
-1686
-1828
-1984
-2114
-2229
-2312
-2383
-2407
-2393
-2357
-2255
-2115
-1916
-1685
-1391
-1065
-702
-312
105
518
933
1345
1729
2098
2424
2722
2947
3135
3256
3317
3313
3259
3163
3006
2837
2643
2438
2217
2025
1816
1610
1416
1209
1006
779
558
319
59
-200
-454
-710
-950
-1155
-1332
-1470
-1563
-1612
-1628
-1612
-1556
-1467
-1374
-1236
-1096
-930
-765
-566
-372
-173
36
221
418
556
709
783
830
819
764
647
473
290
35
-209
-494
-757
-1050
-1306
-1555
-1777
-1983
-2169
-2306
-2453
-2537
-2619
-2647
-2668
-2642
-2583
-2490
-2360
-2179
-1956
-1706
-1385
-1056
-660
-258
185
639
1096
1554
1994
2420
2781
3113
3361
3556
3665
3717
3695
3621
3495
3315
3125
2892
2663
2406
2155
1885
1617
1339
1058
777
481
201
-87
-346
-609
-832
-1049
-1238
-1398
-1539
-1650
-1740
-1789
-1825
-1805
-1763
-1659
-1516
-1326
-1084
-817
-506
-202
116
413
679
898
1075
1183
1240
1231
1176
1065
914
736
518
297
43
-218
-483
-773
-1058
-1348
-1649
-1923
-2200
-2451
-2669
-2868
-3018
-3136
-3201
-3228
-3211
-3139
-3037
-2872
-2665
-2415
-2103
-1756
-1358
-915
-442
64
586
1115
1633
2133
2597
3009
3368
3655
3872
4020
4086
4088
4032
3911
3749
3547
3314
3056
2783
2500
2196
1906
1597
1286
987
664
353
34
-287
-601
-914
-1214
-1504
-1761
-1987
-2182
-2311
-2394
-2421
-2362
-2267
-2079
-1841
-1569
-1224
-893
-511
-156
195
545
825
1103
1313
1474
1599
1651
1665
1620
1509
1364
1153
918
634
315
-1
-374
-719
-1079
-1444
-1773
-2107
-2406
-2687
-2943
-3167
-3360
-3524
-3642
-3722
-3742
-3721
-3624
-3452
-3226
-2900
-2521
-2072
-1553
-996
-407
211
821
1409
1978
2493
2950
3343
3672
3918
4109
4220
4271
4276
4202
4092
3936
3736
3496
3228
2928
2599
2259
1906
1537
1171
795
434
76
-277
-609
-914
-1210
-1483
-1714
-1930
-2111
-2250
-2338
-2385
-2362
-2291
-2147
-1936
-1683
-1363
-998
-609
-223
199
570
918
1235
1484
1680
1808
1869
1857
1808
1662
1492
1283
1026
735
447
118
-233
-557
-937
-1287
-1644
-2011
-2362
-2681
-3004
-3283
-3508
-3727
-3877
-3966
-4021
-4006
-3895
-3752
-3504
-3176
-2803
-2328
-1802
-1255
-650
-24
569
1181
1767
2293
2780
3215
3564
3863
4087
4214
4313
4321
4254
4162
4022
3808
3588
3340
3040
2742
2413
2072
1713
1342
947
565
171
-241
-598
-964
-1305
-1603
-1855
-2081
-2244
-2348
-2409
-2397
-2345
-2224
-2045
-1814
-1546
-1222
-880
-547
-157
190
532
868
1154
1405
1615
1774
1864
1927
1893
1817
1685
1494
1248
983
676
331
4
-378
-736
-1102
-1460
-1813
-2140
-2458
-2754
-3000
-3244
-3436
-3592
-3702
-3772
-3765
-3717
-3601
-3401
-3160
-2823
-2432
-1973
-1467
-912
-343
244
835
1394
1935
2413
2847
3197
3490
3699
3846
3921
3926
3889
3788
3660
3481
3284
3046
2789
2507
2204
1885
1544
1201
832
464
83
-291
-662
-1013
-1347
-1650
-1896
-2123
-2269
-2373
-2397
-2372
-2259
-2089
-1857
-1565
-1239
-867
-497
-82
282
675
1002
1309
1568
1764
1913
1988
2029
1970
1897
1748
1572
1351
1117
832
553
257
-73
-365
-701
-1021
-1342
-1657
-1981
-2270
-2556
-2823
-3043
-3233
-3389
-3477
-3506
-3499
-3376
-3215
-2988
-2666
-2312
-1900
-1431
-947
-450
67
563
1035
1488
1899
2235
2556
2796
2965
3124
3184
3201
3193
3113
3002
2875
2692
2500
2286
2034
1777
1509
1222
912
631
302
-12
-292
-618
-883
-1150
-1403
-1616
-1787
-1948
-2030
-2069
-2072
-1981
-1859
-1661
-1427
-1106
-815
-424
-56
301
697
1018
1329
1588
1810
1925
2042
2033
1998
1910
1758
1567
1356
1124
842
612
310
43
-230
-516
-804
-1078
-1371
-1667
-1922
-2210
-2450
-2663
-2848
-2988
-3048
-3076
-3016
-2872
-2684
-2406
-2071
-1689
-1272
-806
-368
92
525
922
1290
1619
1887
2111
2299
2414
2517
2558
2575
2551
2503
2417
2307
2173
1999
1815
1591
1362
1102
841
562
283
0
-281
-545
-827
-1063
-1315
-1524
-1718
-1882
-2017
-2101
-2149
-2151
-2069
-1971
-1769
-1543
-1239
-921
-519
-141
263
668
1009
1355
1621
1857
2004
2134
2142
2136
2053
1919
1756
1560
1339
1095
875
591
356
83
-184
-455
-727
-1011
-1285
-1549
-1819
-2043
-2255
-2422
-2552
-2617
-2647
-2588
-2475
-2312
-2062
-1778
-1440
-1056
-645
-233
200
614
1000
1379
1708
1988
2226
2411
2515
2602
2614
2574
2510
2391
2244
2080
1888
1674
1457
1215
961
701
422
143
-147
-436
-726
-1011
-1292
-1552
-1797
-2020
-2197
-2359
-2457
-2509
-2518
-2458
-2323
-2167
-1922
-1633
-1329
-958
-560
-177
249
656
1010
1375
1677
1902
2103
2227
2246
2263
2185
2036
1885
1675
1406
1169
889
573
318
26
-269
-517
-772
-1042
-1242
-1461
-1682
-1830
-2000
-2143
-2223
-2286
-2315
-2248
-2168
-2024
-1790
-1535
-1220
-831
-433
-10
457
875
1292
1697
2030
2322
2580
2740
2853
2929
2915
2871
2793
2653
2482
2308
2078
1847
1609
1333
1047
767
454
132
-175
-514
-852
-1174
-1507
-1831
-2108
-2391
-2631
-2822
-2973
-3083
-3100
-3070
-2980
-2790
-2553
-2254
-1894
-1476
-1072
-593
-153
278
699
1083
1391
1662
1880
1986
2084
2094
2042
1954
1847
1660
1497
1305
1067
865
630
374
138
-109
-406
-655
-938
-1223
-1467
-1708
-1936
-2092
-2218
-2305
-2292
-2246
-2136
-1930
-1685
-1403
-1028
-647
-243
211
643
1062
1490
1858
2182
2489
2719
2899
3056
3137
3175
3198
3153
3064
2970
2812
2616
2413
2146
1844
1536
1167
775
396
-27
-453
-839
-1247
-1640
-1975
-2317
-2633
-2876
-3109
-3309
-3410
-3495
-3522
-3437
-3319
-3139
-2848
-2516
-2160
-1691
-1251
-798
-312
131
515
902
1199
1405
1616
1705
1742
1760
1712
1604
1530
1391
1226
1106
919
739
563
353
115
-90
-359
-624
-860
-1131
-1365
-1556
-1727
-1859
-1890
-1906
-1835
-1684
-1491
-1236
-921
-580
-221
184
547
920
1275
1592
1868
2129
2332
2496
2653
2741
2814
2866
2879
2861
2839
2764
2657
2539
2366
2165
1940
1669
1359
1041
689
304
-66
-466
-875
-1256
-1638
-2012
-2338
-2629
-2915
-3093
-3252
-3351
-3352
-3303
-3203
-3005
-2746
-2502
-2125
-1797
-1442
-1064
-712
-417
-96
167
338
579
689
795
898
955
955
1009
998
934
951
845
743
655
499
302
159
-76
-319
-489
-740
-946
-1086
-1246
-1362
-1367
-1387
-1336
-1177
-1041
-832
-555
-306
-25
302
572
851
1149
1369
1596
1812
1973
2127
2284
2380
2478
2563
2596
2626
2625
2582
2520
2430
2296
2150
1974
1764
1541
1296
1025
740
435
112
-217
-551
-900
-1236
-1558
-1885
-2166
-2403
-2622
-2764
-2825
-2863
-2814
-2670
-2548
-2327
-2073
-1841
-1581
-1286
-1078
-851
-606
-482
-318
-179
-105
-35
71
82
129
187
164
188
189
141
87
42
-87
-176
-286
-442
-559
-690
-830
-928
-1002
-1084
-1072
-1048
-994
-860
-697
-533
-292
-42
184
469
735
978
1235
1484
1675
1891
2072
2194
2332
2438
2498
2559
2613
2610
2616
2606
2545
2490
2412
2281
2145
1984
1765
1554
1318
1032
750
445
92
-239
-583
-953
-1276
-1590
-1904
-2135
-2334
-2510
-2587
-2618
-2621
-2530
-2405
-2278
-2078
-1880
-1699
-1482
-1283
-1125
-937
-782
-678
-537
-443
-379
-283
-214
-178
-95
-56
-43
2
-8
-43
-64
-131
-239
-307
-431
-566
-662
-783
-900
-953
-1008
-1048
-1004
-959
-878
-729
-564
-390
-153
77
305
567
802
1025
1255
1460
1634
1815
1952
2068
2182
2261
2324
2383
2415
2428
2449
2434
2409
2378
2309
2224
2126
1985
1818
1636
1403
1156
889
588
274
-38
-376
-696
-992
-1293
-1545
-1763
-1959
-2101
-2185
-2251
-2257
-2213
-2164
-2066
-1949
-1840
-1709
-1569
-1460
-1335
-1218
-1129
-1024
-926
-847
-753
-663
-587
-491
-410
-346
-270
-209
-176
-141
-136
-160
-190
-245
-322
-394
-476
-567
-625
-677
-707
-692
-650
-582
-461
-317
-165
28
217
400
599
772
920
1067
1184
1267
1353
1414
1462
1522
1571
1618
1681
1739
1797
1870
1928
1982
2027
2045
2046
2020
1957
1865
1746
1586
1412
1207
969
726
464
188
-77
-339
-601
-829
-1047
-1250
-1401
-1534
-1644
-1704
-1742
-1770
-1751
-1726
-1699
-1641
-1592
-1549
-1484
-1433
-1396
-1342
-1300
-1267
-1215
-1164
-1119
-1046
-972
-906
-811
-723
-647
-551
-477
-425
-368
-338
-334
-320
-330
-352
-350
-358
-354
-311
-267
-195
-78
41
185
362
522
693
875
1022
1165
1298
1384
1453
1511
1525
1532
1538
1512
1498
1486
1451
1438
1430
1409
1414
1411
1390
1392
1376
1330
1297
1239
1139
1050
928
760
611
436
223
41
-149
-365
-527
-689
-858
-964
-1054
-1149
-1174
-1191
-1220
-1185
-1156
-1153
-1105
-1072
-1083
-1058
-1061
-1108
-1117
-1155
-1224
-1245
-1281
-1341
-1335
-1343
-1360
-1310
-1280
-1263
-1184
-1134
-1109
-1026
-986
-967
-889
-845
-816
-718
-642
-564
-407
-265
-112
110
317
520
776
998
1199
1429
1609
1752
1909
2009
2058
2121
2128
2089
2065
2002
1895
1814
1713
1582
1495
1400
1287
1215
1143
1052
1002
942
856
797
724
620
530
417
265
127
-31
-220
-386
-553
-731
-867
-989
-1106
-1170
-1216
-1252
-1234
-1205
-1172
-1104
-1038
-990
-927
-883
-875
-864
-882
-932
-973
-1030
-1105
-1160
-1212
-1265
-1288
-1296
-1299
-1272
-1236
-1199
-1147
-1097
-1054
-1003
-956
-913
-869
-829
-783
-728
-657
-565
-453
-321
-163
13
212
431
661
898
1136
1365
1581
1776
1943
2084
2192
2264
2304
2306
2276
2219
2135
2034
1921
1800
1681
1566
1453
1352
1256
1163
1084
1004
916
832
736
630
516
385
236
80
-94
-277
-454
-641
-816
-961
-1099
-1212
-1279
-1335
-1365
-1348
-1326
-1289
-1216
-1155
-1099
-1024
-979
-952
-921
-930
-952
-966
-1008
-1060
-1096
-1146
-1196
-1221
-1251
-1269
-1258
-1248
-1229
-1190
-1162
-1129
-1084
-1052
-1018
-975
-940
-897
-835
-773
-688
-578
-463
-320
-146
38
246
474
703
941
1187
1419
1639
1843
2017
2167
2290
2373
2421
2434
2412
2360
2285
2189
2076
1956
1831
1701
1578
1464
1349
1249
1153
1056
962
862
749
631
496
339
174
1
-188
-376
-560
-743
-905
-1043
-1166
-1255
-1316
-1352
-1350
-1331
-1298
-1243
-1186
-1128
-1066
-1021
-985
-958
-950
-954
-968
-996
-1028
-1059
-1095
-1129
-1155
-1184
-1203
-1209
-1218
-1221
-1215
-1212
-1206
-1191
-1181
-1160
-1135
-1106
-1062
-1007
-936
-849
-744
-622
-480
-316
-139
58
269
489
715
944
1171
1390
1596
1785
1954
2096
2215
2300
2351
2373
2360
2321
2259
2177
2078
1972
1858
1739
1630
1524
1419
1318
1218
1114
1013
902
781
654
510
353
194
20
-162
-337
-512
-680
-828
-964
-1080
-1170
-1237
-1285
-1307
-1313
-1302
-1272
-1236
-1196
-1147
-1100
-1056
-1014
-981
-956
-937
-926
-926
-930
-940
-952
-964
-977
-989
-1001
-1013
-1026
-1036
-1045
-1055
-1068
-1077
-1085
-1092
-1085
-1073
-1049
-1011
-958
-889
-800
-693
-563
-417
-252
-68
126
330
536
745
950
1147
1338
1517
1676
1815
1937
2039
2122
2185
2224
2246
2253
2242
2219
2187
2141
2083
2013
1931
1834
1721
1590
1446
1285
1110
926
730
528
322
108
-102
-307
-508
-692
-866
-1028
-1164
-1286
-1386
-1461
-1517
-1547
-1556
-1549
-1519
-1473
-1420
-1352
-1279
-1207
-1126
-1048
-976
-907
-848
-799
-751
-716
-689
-667
-658
-653
-656
-670
-689
-716
-747
-784
-819
-856
-891
-916
-934
-935
-919
-885
-833
-759
-665
-553
-425
-287
-136
26
193
360
529
689
845
994
1132
1261
1378
1485
1580
1661
1729
1789
1838
1876
1902
1913
1909
1893
1859
1809
1743
1663
1569
1462
1345
1215
1075
922
764
598
426
252
80
-88
-257
-411
-557
-690
-805
-903
-984
-1044
-1086
-1114
-1122
-1119
-1106
-1083
-1058
-1033
-1007
-981
-952
-921
-894
-869
-842
-818
-799
-777
-756
-737
-716
-703
-697
-695
-704
-719
-739
-766
-800
-832
-862
-888
-909
-918
-915
-895
-858
-805
-732
-642
-537
-415
-275
-125
37
204
368
533
692
845
992
1122
1238
1343
1431
1504
1564
1613
1648
1678
1703
1720
1729
1730
1720
1699
1660
1603
1528
1431
1313
1173
1011
831
636
433
229
26
-169
-347
-508
-649
-762
-848
-910
-949
-965
-965
-953
-928
-899
-870
-839
-807
-780
-752
-729
-707
-684
-660
-635
-604
-571
-536
-499
-463
-428
-396
-375
-361
-350
-357
-373
-400
-440
-485
-539
-598
-653
-704
-752
-785
-807
-815
-801
-770
-716
-642
-554
-449
-327
-198
-62
74
210
342
469
587
693
789
873
947
1015
1078
1135
1187
1239
1285
1329
1369
1400
1418
1421
1404
1364
1304
1221
1111
981
832
667
495
314
138
-29
-186
-325
-442
-541
-617
-674
-714
-735
-743
-738
-723
-700
-670
-637
-607
-574
-538
-505
-470
-436
-404
-371
-338
-307
-273
-238
-202
-168
-136
-108
-85
-70
-60
-62
-71
-93
-130
-175
-231
-295
-362
-433
-500
-561
-615
-661
-691
-704
-700
-673
-633
-575
-500
-417
-318
-210
-106
1
111
214
316
408
489
567
635
697
759
813
867
916
959
1002
1031
1055
1067
1064
1051
1015
964
902
818
724
617
498
377
249
119
-5
-128
-240
-345
-443
-523
-596
-658
-706
-747
-768
-781
-779
-762
-739
-700
-651
-600
-534
-469
-399
-321
-248
-168
-93
-18
53
113
169
216
253
284
300
304
299
282
256
222
176
122
58
-11
-81
-151
-218
-286
-347
-400
-444
-478
-498
-504
-497
-471
-432
-384
-325
-259
-183
-104
-27
50
124
194
259
317
368
412
453
493
531
561
594
624
650
671
687
697
693
678
651
609
552
478
393
291
179
58
-68
-194
-316
-430
-528
-609
-681
-734
-771
-786
-782
-761
-724
-674
-617
-550
-475
-393
-310
-228
-146
-65
10
83
151
213
267
313
354
389
414
430
441
445
442
428
406
374
327
271
213
146
78
3
-75
-150
-220
-280
-330
-373
-400
-411
-404
-380
-346
-302
-250
-191
-127
-67
-7
49
96
137
173
199
222
241
260
277
292
306
321
337
355
374
391
403
411
414
401
375
337
281
218
139
48
-50
-156
-263
-367
-465
-552
-631
-694
-736
-765
-776
-769
-746
-706
-654
-589
-519
-442
-360
-272
-188
-104
-25
48
117
180
239
289
332
367
397
422
444
465
481
490
499
501
500
491
472
447
407
358
299
237
173
106
37
-26
-78
-117
-147
-164
-170
-163
-147
-123
-95
-67
-40
-19
-4
6
9
11
11
10
13
22
35
51
72
98
127
154
179
200
217
223
216
197
172
133
84
26
-36
-104
-175
-253
-330
-407
-484
-553
-618
-675
-718
-750
-766
-762
-746
-713
-663
-602
-534
-454
-372
-284
-194
-109
-29
46
114
178
238
292
345
397
441
480
516
542
562
581
588
589
591
583
572
553
514
476
434
377
318
256
192
136
80
25
-22
-60
-92
-109
-110
-105
-91
-72
-46
-17
11
36
55
71
81
86
88
84
82
81
76
70
62
59
58
56
52
48
37
22
2
-27
-65
-110
-166
-229
-297
-365
-432
-502
-567
-624
-671
-700
-714
-717
-703
-680
-644
-593
-542
-484
-423
-359
-293
-228
-160
-96
-29
35
94
154
209
264
315
361
402
440
472
494
503
511
516
511
506
491
471
456
432
403
372
339
308
272
238
202
167
134
102
76
54
37
27
23
25
32
41
49
61
69
76
79
77
70
57
39
21
3
-17
-32
-41
-51
-56
-56
-56
-54
-51
-54
-58
-69
-84
-107
-137
-171
-215
-261
-306
-354
-392
-423
-453
-471
-484
-486
-471
-460
-443
-414
-383
-341
-299
-264
-225
-190
-154
-117
-85
-58
-28
3
33
67
102
134
170
204
239
276
307
335
353
364
376
380
379
369
348
329
308
282
258
228
204
185
165
153
138
123
117
108
105
99
94
92
85
77
69
57
42
30
16
3
-6
-12
-20
-24
-29
-31
-30
-30
-31
-29
-29
-29
-30
-36
-44
-55
-69
-84
-101
-119
-136
-156
-172
-188
-207
-221
-237
-243
-246
-252
-254
-252
-247
-238
-230
-217
-201
-183
-162
-144
-123
-103
-83
-62
-40
-20
-2
17
35
54
74
92
112
129
144
162
175
184
192
194
191
187
181
173
162
152
143
131
121
113
108
107
104
106
109
112
111
110
108
104
94
85
77
67
56
46
36
25
17
11
5
4
2
3
4
4
7
7
7
7
3
-1
-10
-19
-32
-48
-63
-77
-91
-105
-120
-134
-146
-154
-161
-168
-172
-174
-173
-173
-170
-165
-162
-158
-150
-144
-138
-129
-120
-111
-100
-89
-82
-74
-64
-54
-43
-32
-21
-9
5
21
35
47
61
76
90
101
117
131
143
155
164
170
172
171
170
171
170
167
162
156
148
141
133
121
112
104
95
86
73
58
49
39
28
19
8
-2
-10
-18
-20
-22
-23
-23
-23
-24
-22
-20
-19
-18
-19
-23
-28
-34
-42
-54
-65
-74
-84
-94
-102
-107
-112
-116
-121
-124
-124
-124
-123
-119
-119
-117
-116
-115
-111
-109
-103
-102
-102
-100
-96
-89
-79
-70
-58
-44
-31
-17
-2
12
30
45
58
70
80
90
99
109
117
123
127
130
129
132
135
134
132
130
129
124
118
109
101
98
92
85
79
74
67
58
47
37
29
22
14
7
2
-4
-9
-14
-19
-20
-22
-23
-24
-29
-32
-34
-38
-41
-46
-54
-62
-68
-72
-76
-83
-87
-89
-90
-90
-92
-93
-91
-87
-83
-79
-74
-70
-69
-64
-64
-62
-60
-58
-52
-50
-45
-39
-35
-28
-21
-15
-6
1
9
17
26
33
40
47
52
57
63
68
71
74
74
77
77
77
75
72
73
72
73
75
73
72
71
70
66
59
54
50
43
36
29
21
13
5
-2
-8
-15
-21
-23
-23
-24
-25
-26
-26
-29
-29
-27
-28
-29
-29
-31
-30
-31
-33
-31
-31
-30
-31
-31
-32
-33
-33
-31
-30
-32
-34
-35
-36
-35
-35
-38
-40
-42
-44
-43
-41
-41
-41
-40
-35
-31
-28
-24
-22
-17
-10
-4
3
10
19
25
26
30
36
41
46
52
58
61
62
61
61
61
60
61
60
59
58
57
52
47
43
37
34
29
23
18
12
7
1
-4
-7
-12
-17
-22
-28
-26
-28
-29
-27
-29
-27
-25
-27
-27
-27
-25
-21
-23
-21
-23
-25
-23
-22
-20
-17
-19
-19
-19
-20
-17
-18
-15
-16
-19
-19
-20
-19
-17
-17
-15
-17
-18
-16
-14
-11
-7
-5
-4
-3
-1
1
3
7
9
11
13
14
16
19
20
24
24
25
25
26
29
32
33
34
35
35
35
36
34
30
25
24
24
23
21
16
12
9
5
2
-4
-4
-4
-6
-8
-13
-17
-17
-19
-20
-22
-21
-21
-24
-22
-24
-23
-23
-25
-25
-24
-22
-21
-18
-12
-13
-13
-12
-11
-7
-4
-2
1
3
2
