2
5
5
8
8
6
2
2
2
1
2
1
1
-1
1
3
4
0
-3
-5
-5
-4
-2
0
0
1
1
2
4
3
0
-2
-1
-1
-2
-3
-4
-4
-2
1
2
1
0
-3
-3
0
3
4
5
5
3
3
3
3
3
2
0
0
-1
-2
0
0
-1
-3
-3
-1
1
-1
-2
-3
-4
-4
-5
-8
-11
-12
-15
-17
-15
-16
-16
-13
-10
-8
-5
-3
-2
-3
-3
-1
-1
1
3
2
3
5
6
8
11
12
12
15
14
15
19
20
21
20
20
20
17
17
17
16
17
18
17
19
16
15
14
10
8
5
3
1
-1
1
0
-2
-6
-9
-9
-10
-13
-12
-14
-18
-18
-20
-24
-27
-26
-27
-25
-23
-24
-23
-21
-16
-13
-11
-9
-7
-6
-7
-6
-2
3
3
9
13
14
10
5
0
-6
-11
-18
-22
-22
-24
-24
-24
-26
-25
-22
-18
-13
-8
-6
-3
0
-1
-4
-3
-1
2
6
10
14
19
28
37
40
45
51
53
51
46
43
40
35
30
27
26
26
28
27
30
53
51
45
45
36
37
30
15
4
-6
-15
-21
-20
-21
-20
-23
-30
-37
-49
-65
-82
-117
-147
-167
-193
-206
-242
-287
-295
-312
-315
-322
-356
-349
-326
-303
-275
-270
-251
-214
-192
-168
-158
-154
-137
-123
-109
-95
-87
-71
-54
-39
-23
-4
26
63
117
185
280
404
513
625
713
783
859
846
769
648
479
300
90
-121
-307
-445
-547
-606
-578
-512
-407
-294
-193
-106
-57
-59
-113
-207
-325
-445
-547
-604
-604
-536
-397
-201
36
292
543
761
934
1045
1091
1076
1009
909
798
692
609
557
538
545
567
594
616
617
589
531
445
332
205
77
-35
-122
-183
-217
-231
-223
-203
-181
-162
-154
-165
-197
-247
-314
-387
-465
-550
-634
-714
-786
-850
-899
-935
-962
-980
-991
-996
-984
-952
-903
-838
-760
-679
-595
-509
-425
-347
-279
-220
-168
-115
-57
11
84
153
214
262
296
319
330
333
337
354
394
475
610
800
1040
1307
1572
1798
1950
2001
1923
1719
1399
983
512
32
-414
-788
-1058
-1209
-1240
-1157
-983
-745
-487
-253
-81
-10
-53
-197
-423
-688
-947
-1155
-1272
-1270
-1143
-895
-558
-167
231
588
862
1027
1077
1015
863
660
446
261
136
88
118
213
347
491
619
706
739
719
645
530
390
240
98
-15
-88
-111
-83
-8
97
208
299
346
332
261
141
-8
-167
-316
-444
-551
-641
-719
-792
-865
-944
-1016
-1072
-1099
-1094
-1054
-981
-886
-777
-664
-556
-451
-351
-255
-159
-67
12
72
112
129
130
128
131
139
145
148
144
126
99
76
68
109
240
501
895
1397
1929
2384
2666
2724
2527
2094
1469
697
-151
-994
-1738
-2285
-2571
-2591
-2370
-1973
-1460
-872
-269
276
684
860
754
395
-130
-686
-1153
-1468
-1587
-1509
-1233
-764
-149
533
1149
1572
1739
1635
1335
945
541
176
-116
-308
-354
-220
90
532
999
1385
1611
1640
1498
1239
908
546
181
-154
-401
-511
-446
-227
79
391
638
786
851
842
762
605
356
36
-308
-630
-887
-1081
-1235
-1377
-1518
-1629
-1682
-1658
-1562
-1426
-1291
-1165
-1037
-878
-679
-460
-258
-112
-25
11
10
-12
-62
-138
-225
-298
-320
-281
-199
-97
-15
26
19
-18
-9
145
523
1176
2017
2870
3518
3774
3564
2917
1923
698
-652
-1992
-3147
-3955
-4279
-4088
-3478
-2588
-1552
-461
642
1658
2427
2763
2528
1762
677
-423
-1263
-1711
-1796
-1588
-1147
-486
369
1292
2070
2454
2297
1661
765
-100
-713
-1018
-1065
-918
-588
-31
745
1627
2412
2861
2851
2423
1735
976
266
-359
-868
-1217
-1320
-1117
-635
-3
596
1007
1178
1153
1013
817
562
230
-171
-580
-908
-1099
-1170
-1206
-1307
-1527
-1836
-2119
-2272
-2256
-2113
-1889
-1592
-1204
-734
-233
235
588
747
666
398
70
-222
-467
-678
-832
-874
-786
-603
-354
-69
177
292
253
128
1
-67
38
539
1587
3036
4429
5289
5396
4777
3560
1871
-118
-2186
-4095
-5596
-6399
-6293
-5325
-3835
-2222
-681
793
2183
3317
3951
3876
2994
1423
-408
-1883
-2578
-2532
-2082
-1489
-770
143
1188
2150
2732
2652
1789
365
-1056
-1897
-1964
-1472
-730
121
1044
1987
2852
3522
3835
3573
2636
1253
-105
-1070
-1585
-1764
-1670
-1294
-652
168
1075
1920
2468
2509
2067
1421
852
422
37
-369
-758
-1083
-1314
-1415
-1386
-1361
-1549
-1998
-2491
-2746
-2652
-2314
-1860
-1337
-787
-275
157
514
750
709
285
-390
-1013
-1387
-1518
-1486
-1301
-960
-536
-128
227
517
663
561
218
-231
-605
-700
-253
946
2772
4659
5920
6195
5535
4151
2189
-198
-2731
-5044
-6771
-7604
-7313
-5916
-3814
-1613
261
1754
2968
3861
4227
3884
2792
1076
-864
-2389
-2967
-2564
-1644
-739
-33
586
1197
1703
1915
1668
880
-308
-1421
-1871
-1418
-328
905
1948
2734
3265
3535
3519
3152
2344
1067
-446
-1691
-2244
-2074
-1429
-570
375
1334
2211
2917
3388
3481
3051
2143
1059
168
-397
-787
-1133
-1414
-1595
-1686
-1705
-1657
-1576
-1608
-1859
-2186
-2316
-2107
-1670
-1187
-720
-301
-15
47
-85
-303
-636
-1107
-1649
-2085
-2163
-1881
-1379
-725
-122
264
413
314
116
-180
-729
-1279
-1432
-781
960
3305
5396
6555
6332
4964
2926
490
-1999
-4415
-6558
-7842
-7962
-6841
-4685
-2230
-28
1673
2861
3843
4544
4634
3984
2411
223
-1706
-2787
-2734
-1802
-806
-128
300
676
1285
1918
2161
1858
889
-334
-982
-677
494
1992
3129
3713
3785
3502
3129
2597
1757
507
-1116
-2543
-3219
-3017
-2109
-898
338
1487
2478
3367
4108
4473
4202
3163
1695
321
-679
-1216
-1504
-1783
-2094
-2490
-2797
-2788
-2577
-2354
-2294
-2458
-2522
-2202
-1538
-713
3
362
309
-57
-567
-1048
-1486
-1989
-2491
-2812
-2790
-2298
-1494
-622
179
669
855
927
863
786
709
663
1253
2633
4241
5459
5563
4445
2616
280
-2220
-4460
-6282
-7309
-7318
-6361
-4414
-1980
219
1847
2826
3479
3993
4176
4001
3275
1815
6
-1629
-2536
-2462
-2006
-1751
-1727
-1765
-1516
-843
49
974
1542
1490
1228
1351
2099
3180
3991
4257
4065
3540
2813
2003
1189
290
-879
-2207
-3222
-3519
-3046
-2048
-806
553
1900
3069
4006
4625
4727
4130
2876
1356
45
-823
-1232
-1308
-1225
-1197
-1447
-1912
-2325
-2541
-2592
-2617
-2597
-2318
-1708
-837
127
924
1352
1205
464
-605
-1731
-2634
-3232
-3610
-3629
-3277
-2640
-1684
-644
206
700
672
421
236
2
-104
140
1091
3199
5725
7430
7662
6127
3377
153
-3233
-6129
-8208
-9431
-9284
-7729
-5056
-1729
1073
2771
3647
3971
4260
4624
4679
4312
3106
1026
-920
-2060
-2248
-1901
-2028
-2669
-3210
-3338
-2579
-1034
544
1644
1762
1208
1148
1911
3161
4323
4720
4506
4032
3426
3055
2736
1876
218
-2145
-4299
-5257
-4912
-3538
-1633
348
2231
3750
4817
5437
5293
4156
2185
12
-1525
-2100
-1886
-1251
-626
-302
-395
-775
-1135
-1389
-1668
-2078
-2447
-2378
-1747
-768
256
967
1135
717
-126
-1021
-1720
-2257
-2713
-3022
-3098
-2826
-2198
-1459
-806
-435
-508
-721
-819
-718
-257
536
2025
4471
6951
8350
7993
5810
2646
-822
-4166
-6790
-8565
-9315
-8771
-7161
-4705
-1961
42
1051
1529
2034
3094
4566
5828
6326
5423
3227
805
-1105
-2200
-2780
-3656
-4622
-4927
-4273
-2373
289
2581
3767
3347
1978
1059
978
1617
2444
2780
2912
3122
3365
3792
3919
3078
1132
-1557
-3828
-4751
-4304
-2747
-717
1194
2855
4027
4588
4534
3681
2102
187
-1352
-1856
-1435
-585
176
396
7
-830
-1744
-2356
-2589
-2434
-2006
-1381
-465
512
1212
1383
851
-165
-1311
-2192
-2471
-2276
-1853
-1453
-1322
-1372
-1509
-1620
-1617
-1672
-1681
-1581
-1507
-1162
-221
1677
4589
7274
8402
7449
4564
931
-2420
-5097
-6669
-7348
-7407
-6535
-4808
-2523
-310
734
491
-249
-716
-105
1674
3795
5373
5396
3598
1166
-801
-1888
-2252
-2714
-3359
-3541
-2959
-1278
1237
3365
4223
3417
1547
228
218
1332
3004
4268
4693
4301
3272
2269
1478
490
-896
-2521
-3581
-3369
-2004
21
2050
3552
4287
4236
3737
3032
2069
796
-615
-1619
-1837
-1419
-800
-545
-982
-2064
-3383
-4134
-3823
-2626
-1102
141
938
1356
1431
1263
736
-212
-1413
-2627
-3253
-2922
-1902
-671
58
6
-636
-1567
-2220
-2342
-2005
-1390
-845
-282
749
2750
5652
7971
8249
6064
2077
-1969
-4898
-6427
-6617
-6244
-5621
-4506
-3044
-1325
-2
40
-814
-1573
-1254
815
3969
6791
7978
6564
2983
-983
-3886
-5207
-5384
-5334
-4943
-3617
-1367
1608
4435
5779
5122
2787
216
-762
225
2362
4513
5649
5508
4371
2669
922
-759
-2632
-4470
-5426
-4682
-2114
1330
4258
5801
5716
4389
2731
1530
1015
883
685
404
357
522
537
27
-1325
-3345
-5377
-6639
-6265
-4191
-1366
1156
2569
2725
2131
1133
44
-937
-1882
-2579
-2753
-2253
-1114
44
528
96
-1137
-2395
-3094
-3135
-2396
-1368
-640
-56
788
2736
5908
8433
8779
6469
2079
-2391
-5637
-7406
-7478
-6777
-5957
-4507
-2596
-465
1370
1618
493
-718
-1231
51
2982
5853
7408
6432
2856
-1117
-3931
-5189
-5007
-4684
-4413
-3337
-1517
1098
3941
5243
4409
1855
-1080
-2050
-439
2656
5885
7530
6987
5061
2448
150
-1360
-2688
-3867
-4430
-3921
-1857
1189
3848
5260
5031
3595
2129
1393
1466
1998
2181
1630
731
-175
-855
-1399
-2340
-3723
-5084
-5814
-5143
-3080
-474
1692
2488
1887
768
-114
-473
-518
-727
-1261
-1903
-2304
-2323
-1917
-1434
-1310
-1425
-1758
-1825
-1090
-280
288
716
958
2338
4885
6912
7644
6018
2204
-1903
-5605
-7939
-8231
-7711
-6598
-5034
-3808
-2418
-1117
-651
-217
476
1546
3685
6047
7521
7602
5334
1352
-2345
-4837
-5494
-4697
-3849
-2852
-1536
-357
1121
2492
2852
2307
856
-439
80
2112
4681
6660
6831
5457
3155
484
-1405
-2253
-2457
-2190
-1682
-867
357
1511
2137
2321
2303
2294
2531
2961
3395
3632
3159
1965
588
-774
-1835
-2551
-3190
-3486
-3447
-3311
-2865
-2256
-1719
-1305
-1258
-1235
-760
88
1168
2042
2187
1624
420
-1159
-2437
-3163
-3344
-3119
-2939
-2636
-1988
-1399
-755
59
1254
3616
6245
7602
7238
4739
1038
-2432
-5443
-7163
-7385
-7070
-6103
-4741
-3637
-2601
-2287
-2790
-2706
-1593
612
3760
6368
7406
6399
3112
-723
-3146
-3798
-2910
-1624
-904
-303
175
364
629
523
-127
-854
-1198
-46
2740
5711
7634
7700
5983
3464
899
-925
-1530
-1325
-866
-467
-34
600
1093
1049
497
-14
237
1500
3581
5799
7137
6860
4809
1766
-1034
-2929
-3731
-3696
-3248
-2535
-1890
-1509
-1325
-1482
-1965
-2680
-3356
-3320
-2360
-727
1078
2347
2852
2586
1644
352
-1095
-2473
-3664
-4512
-4630
-4059
-2985
-1601
59
2491
5195
6689
6182
3647
184
-2755
-4734
-5461
-4948
-4029
-3197
-2687
-2777
-3222
-4023
-5158
-5526
-4250
-1316
2750
6344
7982
7044
3364
-1500
-5085
-6194
-4844
-2272
82
1935
3091
3352
2979
1887
89
-1922
-3303
-2648
488
4622
7849
8819
7251
4136
831
-1298
-1509
-492
625
1271
1466
1598
1734
1514
802
-61
-529
-122
1408
3653
5578
6166
4992
2793
744
-656
-1242
-1199
-1027
-909
-1057
-1435
-1666
-1920
-2461
-3215
-3862
-3757
-2767
-1444
-300
267
213
-78
-220
43
614
903
509
-411
-1497
-2241
-2179
-1110
1194
4060
5604
4683
1574
-2359
-5401
-7028
-7419
-6744
-5658
-4508
-3244
-2071
-1150
-974
-1865
-2818
-2586
-720
2337
5101
6109
4747
1214
-2983
-5699
-5870
-3992
-1649
-138
567
862
932
1023
1071
894
594
457
1229
3303
5682
6937
6249
3919
1169
-976
-1819
-1114
420
1836
2545
2510
2301
2161
1838
1291
855
965
1664
2636
3493
3724
3082
1817
540
56
451
993
1150
720
-201
-1236
-2135
-2626
-2605
-2418
-2261
-1985
-1478
-744
-121
-102
-623
-1198
-1388
-901
8
593
419
-551
-1844
-2314
-1316
1090
4397
6994
7291
4929
691
-3642
-6577
-7758
-7522
-6552
-5332
-4112
-3309
-3216
-3787
-4746
-5396
-4683
-2086
1800
5543
7433
6501
3138
-1302
-4986
-6464
-5551
-3247
-1021
270
756
832
708
287
-508
-1262
-1442
-560
1553
4322
6515
6782
4967
2269
165
-234
877
2451
3672
3872
3068
1869
782
267
159
47
242
1006
2242
3554
4066
3470
2163
747
158
802
2204
3487
3538
2071
-201
-2396
-3710
-4017
-3639
-2849
-2120
-1638
-1247
-983
-925
-1208
-1708
-1977
-1590
-429
967
1705
1675
1494
1794
3093
5121
6332
5468
2530
-1370
-4530
-6010
-6045
-5595
-5509
-5731
-5907
-5897
-5573
-5039
-4446
-3608
-2027
647
3927
6528
6994
4674
449
-3828
-6327
-6109
-3835
-1141
487
542
-323
-1189
-1618
-1619
-1533
-1442
-893
458
2444
4378
5279
4537
2448
244
-764
-110
1691
3395
4025
3398
2000
720
136
323
1085
2003
2910
3799
4396
4323
3450
2023
598
-240
-192
549
1416
1781
1361
371
-738
-1464
-1637
-1500
-1279
-1118
-970
-724
-495
-450
-670
-1079
-1421
-1458
-1243
-1123
-1255
-1468
-1262
-110
2167
5208
7670
7999
5805
2012
-1828
-4424
-5342
-5148
-4701
-4300
-4008
-3938
-4360
-5471
-6762
-7321
-6274
-3188
1039
4700
6356
5155
1542
-2660
-5475
-5748
-3745
-991
1000
1632
1241
556
-110
-831
-1579
-2168
-2108
-837
1484
3792
4792
3875
1530
-973
-2218
-1565
529
2902
4264
4200
3265
2089
1131
547
320
620
1592
3100
4609
5237
4509
2705
599
-705
-472
991
2708
3597
3064
1431
-492
-1843
-2193
-1836
-1239
-874
-959
-1196
-1429
-1662
-1757
-1671
-1395
-955
-449
-23
24
-208
-68
948
2892
5108
6216
5364
2959
-91
-2795
-4413
-4984
-4992
-4833
-4546
-4023
-3705
-4055
-4815
-5434
-5072
-2982
414
3732
5452
4625
1572
-2276
-5129
-5756
-4267
-1817
242
975
341
-876
-1814
-2125
-1993
-1804
-1654
-1061
395
2317
3823
4175
3179
1523
277
136
1079
2304
2859
2465
1521
732
547
814
1270
1750
2024
2241
2683
3155
3390
3242
2670
2032
1748
2023
2686
3049
2616
1420
-134
-1292
-1554
-1046
-297
15
-424
-1374
-2329
-2821
-2675
-1951
-936
-34
535
697
511
286
463
1504
3256
4579
4483
2919
508
-1777
-3035
-3100
-2714
-2721
-3181
-3645
-3996
-4493
-5243
-6032
-6367
-5456
-2956
273
2703
3095
1243
-1704
-3992
-4361
-2673
-29
2069
2746
1920
291
-1180
-2034
-2254
-2113
-1944
-1587
-656
778
2065
2412
1601
146
-1119
-1318
-83
1882
3366
3701
3075
2146
1571
1586
1856
1895
1622
1325
1276
1638
2365
3015
3045
2379
1490
895
820
1241
1849
2238
2235
1894
1439
1123
1008
941
580
-200
-1082
-1802
-2188
-2025
-1498
-1014
-777
-818
-832
-306
993
2918
4683
5229
4294
2331
99
-1508
-2178
-2358
-2640
-3340
-4096
-4336
-4219
-4323
-4909
-5730
-5907
-4515
-1615
1606
3475
2902
233
-2990
-4905
-4448
-2215
124
1262
901
-430
-1819
-2598
-2720
-2563
-2463
-2294
-1560
-72
1706
2912
2937
1980
830
294
860
2289
3571
3823
2951
1525
257
-486
-651
-402
-24
386
827
1210
1508
1691
1749
1871
2327
3210
4248
4875
4726
3821
2405
929
-189
-837
-1116
-1219
-1258
-1170
-931
-688
-649
-831
-952
-796
-432
68
735
1480
2128
2735
3343
3523
2839
1497
136
-760
-1099
-1080
-1136
-1644
-2486
-3080
-3141
-3011
-3093
-3480
-3939
-3897
-2888
-1129
422
709
-431
-2152
-3356
-3325
-2158
-729
76
27
-392
-514
-215
101
-31
-772
-1740
-2194
-1654
-370
799
1068
327
-911
-1899
-2035
-1206
144
1384
2179
2587
2761
2666
2216
1503
811
516
828
1591
2313
2466
1907
949
121
-95
371
1098
1599
1677
1469
1282
1266
1388
1482
1329
977
705
724
986
1121
766
-48
-995
-1719
-1986
-1774
-1202
-436
409
1304
2038
2208
1662
666
-296
-761
-564
41
536
567
275
16
-155
-453
-1098
-2096
-3123
-3632
-3222
-2104
-1069
-851
-1526
-2528
-3028
-2539
-1268
86
883
1014
844
715
646
371
-361
-1453
-2445
-2788
-2285
-1294
-414
-26
-47
-136
-68
130
323
430
540
842
1390
1927
2017
1442
449
-439
-797
-521
132
788
1232
1460
1543
1506
1359
1146
914
754
798
1061
1383
1548
1451
1102
580
53
-288
-395
-332
-183
-38
45
70
83
135
305
710
1361
2036
2359
2055
1187
159
-607
-970
-1102
-1292
-1664
-2006
-1941
-1318
-453
120
86
-406
-833
-725
-116
451
388
-481
-1798
-2890
-3246
-2841
-2098
-1491
-1179
-1003
-724
-288
78
108
-176
-468
-426
75
813
1321
1201
458
-478
-1090
-1122
-675
-49
491
881
1216
1517
1641
1421
893
343
116
391
1012
1548
1604
1141
497
82
46
264
519
653
643
627
748
962
1055
865
427
-85
-470
-572
-379
-68
125
86
-126
-341
-379
-115
439
1063
1424
1299
739
25
-504
-652
-482
-253
-214
-398
-630
-754
-799
-918
-1213
-1570
-1727
-1457
-814
-190
-16
-420
-1116
-1621
-1614
-1166
-664
-487
-678
-937
-922
-583
-246
-319
-923
-1731
-2173
-1842
-781
529
1470
1694
1324
785
486
584
963
1419
1820
2099
2211
2088
1672
1034
357
-106
-134
263
825
1219
1227
909
476
109
-43
81
393
761
1049
1203
1240
1101
753
283
-169
-454
-516
-415
-236
-117
-181
-395
-634
-716
-511
-45
530
988
1095
783
198
-408
-776
-867
-819
-736
-670
-606
-519
-462
-484
-632
-908
-1153
-1189
-1043
-913
-1016
-1392
-1860
-2227
-2345
-2148
-1768
-1412
-1194
-1085
-918
-614
-312
-184
-322
-653
-938
-989
-742
-265
242
638
924
1152
1348
1431
1322
1125
1050
1278
1815
2412
2753
2646
2097
1325
636
293
423
936
1587
2114
2331
2138
1571
834
221
5
239
719
1178
1394
1281
901
349
-253
-764
-1144
-1326
-1245
-987
-684
-499
-492
-491
-351
-80
222
390
373
238
30
-192
-395
-614
-824
-958
-983
-913
-904
-1100
-1439
-1743
-1835
-1692
-1475
-1359
-1437
-1672
-1912
-2016
-1977
-1886
-1813
-1698
-1416
-970
-551
-413
-633
-1034
-1270
-1107
-604
-74
156
28
-196
-162
288
977
1568
1856
1900
1930
2110
2376
2527
2459
2290
2268
2527
2923
3095
2744
1880
871
206
150
583
1112
1394
1359
1158
965
825
645
347
-12
-243
-197
87
380
401
55
-497
-942
-1029
-742
-283
52
61
-243
-649
-900
-879
-675
-501
-530
-752
-1006
-1113
-1010
-795
-634
-648
-835
-1105
-1343
-1488
-1532
-1529
-1538
-1588
-1676
-1774
-1856
-1926
-1985
-2012
-1955
-1740
-1346
-860
-441
-227
-266
-486
-755
-943
-958
-786
-449
-31
338
578
667
692
819
1162
1723
2379
2917
3164
3065
2691
2250
1985
2051
2451
2995
3395
3415
2969
2173
1283
563
192
207
484
825
1020
929
546
-24
-587
-928
-930
-622
-162
222
374
275
25
-208
-320
-304
-230
-195
-269
-475
-814
-1265
-1765
-2204
-2435
-2374
-2079
-1711
-1464
-1405
-1408
-1292
-924
-367
123
297
32
-576
-1257
-1772
-2019
-2051
-1986
-1901
-1799
-1665
-1533
-1499
-1631
-1866
-2002
-1808
-1186
-278
618
1219
1415
1297
1090
969
996
1135
1298
1424
1507
1542
1533
1474
1375
1280
1269
1407
1702
2070
2362
2465
2350
2112
1917
1870
1971
2117
2176
2084
1856
1559
1244
922
604
330
141
48
-10
-125
-341
-599
-771
-755
-594
-454
-519
-833
-1253
-1565
-1630
-1462
-1192
-949
-773
-640
-536
-501
-608
-864
-1150
-1307
-1247
-1072
-1006
-1224
-1713
-2258
-2593
-2594
-2342
-2059
-1911
-1872
-1780
-1502
-1080
-718
-598
-723
-908
-934
-735
-418
-165
-63
-23
113
422
813
1113
1220
1191
1165
1223
1320
1335
1214
1043
995
1202
1627
2077
2349
2352
2159
1931
1780
1728
1716
1680
1604
1519
1457
1420
1389
1357
1335
1346
1375
1357
1197
849
372
-78
-318
-269
-4
268
343
126
-317
-789
-1113
-1229
-1224
-1235
-1340
-1517
-1696
-1827
-1897
-1914
-1862
-1704
-1416
-1042
-725
-637
-850
-1278
-1710
-1961
-1986
-1883
-1801
-1811
-1865
-1846
-1697
-1481
-1347
-1387
-1506
-1483
-1149
-532
138
593
716
605
470
469
611
796
958
1124
1370
1701
2001
2101
1924
1583
1300
1271
1523
1896
2170
2187
1943
1565
1208
982
928
1034
1255
1519
1722
1751
1537
1113
618
231
74
126
255
301
203
28
-79
-38
114
249
262
137
-42
-186
-277
-388
-605
-937
-1289
-1525
-1587
-1539
-1513
-1601
-1768
-1874
-1807
-1589
-1376
-1341
-1535
-1842
-2069
-2093
-1926
-1684
-1465
-1281
-1073
-817
-583
-501
-648
-954
-1220
-1257
-1021
-628
-276
-97
-78
-92
-11
206
513
851
1181
1495
1774
1971
2037
1984
1893
1870
1967
2136
2263
2248
2074
1813
1579
1444
1411
1444
1503
1561
1586
1536
1388
1147
884
699
667
777
914
930
731
344
-97
-427
-565
-542
-469
-451
-521
-643
-766
-879
-1004
-1162
-1318
-1400
-1357
-1208
-1063
-1036
-1160
-1375
-1564
-1638
-1619
-1596
-1673
-1871
-2120
-2316
-2390
-2347
-2240
-2115
-1973
-1785
-1541
-1271
-1051
-945
-937
-938
-839
-596
-266
39
242
369
516
749
1032
1245
1297
1223
1168
1264
1516
1767
1838
1685
1449
1353
1520
1874
2198
2315
2209
2037
1981
2092
2264
2317
2156
1845
1543
1396
1409
1480
1479
1343
1117
895
730
607
473
299
137
71
145
298
384
272
-56
-483
-847
-1058
-1149
-1225
-1363
-1558
-1750
-1886
-1979
-2072
-2165
-2210
-2142
-1948
-1719
-1588
-1635
-1829
-2064
-2230
-2285
-2277
-2270
-2295
-2324
-2307
-2226
-2107
-1995
-1925
-1861
-1739
-1500
-1134
-695
-271
72
326
524
705
878
1028
1156
1294
1484
1733
1982
2129
2092
1881
1605
1406
1382
1544
1809
2067
2235
2285
2244
2165
2101
2091
2148
2271
2415
2527
2534
2402
2141
1814
1509
1286
1156
1068
950
777
591
462
437
494
542
493
320
59
-203
-423
-613
-812
-1043
-1277
-1477
-1624
-1745
-1887
-2058
-2216
-2298
-2278
-2209
-2173
-2230
-2370
-2535
-2665
-2743
-2793
-2833
-2845
-2789
-2642
-2427
-2206
-2039
-1932
-1835
-1687
-1462
-1184
-912
-687
-512
-352
-174
34
257
475
675
853
1001
1108
1168
1201
1250
1360
1533
1743
1943
2120
2271
2383
2417
2326
2125
1909
1823
1947
2235
2512
2584
2381
1994
1614
1394
1362
1435
1499
1497
1437
1354
1274
1206
1154
1121
1113
1114
1087
1001
823
548
203
-167
-489
-705
-809
-858
-942
-1118
-1363
-1588
-1690
-1660
-1583
-1587
-1746
-2032
-2339
-2575
-2708
-2773
-2815
-2841
-2810
-2669
-2414
-2117
-1893
-1833
-1932
-2084
-2144
-2016
-1714
-1357
-1071
-912
-837
-759
-620
-429
-237
-74
78
263
504
767
979
1091
1121
1140
1223
1382
1562
1687
1735
1734
1748
1820
1926
2002
1994
1905
1784
1698
1678
1714
1770
1810
1827
1821
1806
1770
1710
1626
1547
1492
1456
1403
1286
1089
841
602
411
282
191
114
38
-37
-114
-218
-363
-551
-748
-904
-996
-1038
-1075
-1158
-1312
-1525
-1766
-2009
-2222
-2383
-2462
-2445
-2337
-2186
-2053
-1988
-2001
-2051
-2074
-2013
-1854
-1627
-1386
-1189
-1059
-991
-966
-945
-897
-797
-628
-387
-94
212
479
662
747
750
719
698
726
816
952
1097
1209
1262
1258
1228
1208
1232
1305
1423
1561
1684
1768
1791
1744
1642
1516
1396
1309
1262
1245
1237
1219
1172
1111
1041
981
944
927
928
929
904
823
662
425
149
-112
-310
-432
-494
-529
-564
-614
-694
-820
-1005
-1225
-1432
-1566
-1594
-1535
-1463
-1453
-1533
-1658
-1749
-1761
-1695
-1588
-1477
-1374
-1266
-1166
-1115
-1158
-1282
-1426
-1490
-1421
-1245
-1035
-861
-734
-600
-403
-123
193
468
643
721
754
794
869
954
1015
1022
987
933
881
840
815
825
897
1048
1255
1442
1524
1453
1263
1050
921
931
1056
1217
1336
1372
1325
1225
1099
960
818
681
568
489
436
396
338
250
143
40
-38
-93
-135
-188
-265
-364
-469
-569
-663
-766
-882
-1009
-1133
-1236
-1320
-1395
-1466
-1521
-1527
-1462
-1337
-1201
-1120
-1127
-1215
-1328
-1399
-1391
-1298
-1140
-944
-734
-540
-398
-323
-300
-285
-228
-105
67
234
336
362
345
335
371
453
560
658
729
777
817
864
922
991
1071
1154
1232
1282
1288
1241
1161
1089
1057
1078
1122
1144
1103
976
786
588
438
361
354
397
453
496
514
500
449
347
205
55
-64
-134
-164
-193
-274
-433
-650
-863
-1007
-1050
-1002
-912
-851
-859
-927
-1013
-1076
-1099
-1087
-1070
-1072
-1098
-1145
-1197
-1243
-1267
-1260
-1207
-1103
-964
-815
-694
-621
-586
-552
-469
-306
-93
120
276
344
344
318
310
342
414
502
600
701
796
867
894
870
823
807
876
1038
1245
1408
1459
1388
1252
1139
1101
1122
1139
1091
961
796
656
587
591
619
634
618
584
543
483
378
213
10
-173
-276
-280
-242
-242
-346
-549
-782
-964
-1041
-1017
-934
-850
-802
-807
-869
-974
-1106
-1228
-1303
-1309
-1252
-1172
-1106
-1078
-1087
-1095
-1078
-1017
-917
-797
-677
-577
-503
-460
-439
-429
-413
-367
-279
-154
-16
109
206
285
370
481
611
735
819
848
842
829
848
913
1007
1095
1148
1158
1135
1098
1054
999
939
888
869
896
951
987
969
899
813
768
790
849
886
852
745
597
455
336
240
146
47
-54
-162
-287
-440
-613
-771
-869
-890
-864
-849
-893
-999
-1117
-1190
-1181
-1105
-1024
-993
-1036
-1117
-1188
-1219
-1218
-1214
-1224
-1233
-1200
-1101
-950
-791
-675
-611
-576
-516
-398
-232
-56
82
157
172
163
152
166
213
288
379
469
540
582
617
673
772
914
1067
1182
1233
1221
1174
1127
1096
1072
1045
1015
988
965
932
878
802
724
681
685
709
706
629
481
314
191
145
160
188
179
114
8
-103
-188
-239
-263
-279
-296
-320
-355
-419
-522
-669
-837
-990
-1089
-1113
-1098
-1072
-1069
-1103
-1147
-1187
-1200
-1167
-1100
-1011
-923
-859
-813
-770
-712
-624
-521
-416
-319
-242
-176
-115
-56
-1
35
54
81
133
230
355
466
534
558
564
591
658
738
804
832
814
790
789
822
869
887
859
796
725
688
678
679
682
679
685
710
718
685
587
441
301
205
176
189
197
162
71
-55
-177
-266
-324
-364
-402
-444
-468
-479
-501
-555
-654
-765
-827
-815
-720
-583
-478
-450
-508
-616
-710
-762
-751
-704
-662
-621
-585
-547
-500
-463
-433
-397
-346
-255
-136
-7
102
155
148
103
73
90
161
260
343
390
399
387
380
388
413
448
474
494
496
480
465
439
414
394
366
344
325
308
303
303
314
331
344
353
356
349
331
285
216
137
76
48
45
42
15
-42
-113
-177
-208
-218
-219
-230
-261
-286
-306
-312
-315
-333
-364
-394
-410
-401
-379
-364
-360
-371
-382
-383
-368
-333
-291
-251
-214
-184
-148
-101
-47
1
32
48
58
70
84
92
92
78
58
51
67
104
145
168
162
135
117
129
168
221
263
279
284
286
298
311
305
281
238
190
156
138
134
134
120
94
61
36
22
9
-10
-36
-58
-68
-62
-41
-17
-5
-15
-41
-69
-86
-86
-74
-69
-80
-105
-136
-163
-184
-198
-209
-216
-213
-199
-175
-150
-133
-126
-129
-133
-125
-105
-78
-53
-38
-29
-20
-10
-4
-6
-15
-25
-26
-9
20
49
71
81
83
86
100
121
138
143
130
111
97
92
99
111
115
117
111
104
100
95
93
91
86
80
77
79
84
82
67
41
13
-8
-15
-9
-2
4
-2
-14
-27
-34
-37
-38
-44
-55
-73
-85
-90
-87
-81
-75
-77
-85
-95
-103
-99
-92
-79
-70
-67
-64
-59
-52
-45
-42
-48
-59
-68
-64
-51
-37
-28
-25
-29
-36
-38
-30
-14
3
18
30
39
51
59
64
69
70
73
79
85
88
87
76
65
53
48
50
56
61
60
51
39
28
24
24
28
31
30
26
24
21
17
10
-2
-15
-22
-20
-11
0
5
-3
-23
-42
-57
-58
-49
-34
-25
-24
-28
-33
-33
-30
-30
-31
-30
-25
-12
-1
2
-2
-10
-17
-19
-14
-9
-5
-3
-4
-6
-5
-1
2
5
6
7
13
15
17
13
9
6
6
7
5
-1
-6
-11
-11
-4
1
2
-3
-7
-6
-4
2
12
17
21
20
17
11
3
-2
-8
-8
-7
-4
-1
-5
-7
-10
-13
-14
-19
-19
-23
-23
-20
-17
-15
-13
-12
-9
-4
0
3
7
10
12
16
20
23
27
27
24
20
19
23
26
25
23
21
21
22
23
23
21
18
16
15
16
23
30
34
35
33
32
28
23
20
11
6
5
6
5
5
-2
-16
-27
-37
-44
-44
-43
-43
-42
-40
-39
-40
-44
-49
-58
-66
-72
-73
-70
-65
-62
-60
-63
-68
-72
-77
-80
-77
-74
-62
-49
-37
-24
-21
-21
-23
-22
-17
-6
12
31
47
59
65
71
75
77
81
85
92
101
109
116
119
120
119
116
115
115
115
116
114
106
99
94
89
85
82
79
72
63
49
34
19
11
7
5
-1
-11
-21
-32
-44
-56
-70
-83
-95
-105
-109
-103
-101
-105
-115
-135
-150
-163
-168
-170
-178
-181
-177
-175
-170
-172
-182
-185
-183
-174
-155
-137
-112
-94
-81
-75
-79
-81
-78
-72
-58
-42
-25
-11
3
16
22
31
45
62
88
119
155
185
206
217
219
222
227
231
247
264
281
293
288
272
254
239
240
257
274
289
289
275
247
202
165
141
131
131
122
102
68
22
-21
-57
-77
-82
-79
-76
-85
-105
-131
-159
-178
-192
-197
-202
-210
-223
-244
-265
-281
-290
-291
-287
-281
-276
-274
-273
-277
-282
-280
-271
-258
-243
-233
-227
-226
-222
-215
-205
-183
-154
-125
-101
-81
-67
-53
-36
-14
15
48
77
102
124
138
147
159
173
193
216
243
274
294
308
315
319
328
339
354
367
371
371
365
350
339
324
310
299
283
268
249
228
201
169
142
116
97
82
63
42
13
-22
-55
-82
-99
-113
-121
-132
-145
-166
-194
-219
-240
-253
-255
-251
-245
-245
-255
-271
-288
-301
-303
-294
-278
-263
-257
-256
-257
-258
-252
-239
-221
-201
-182
-166
-153
-142
-128
-107
-83
-57
-32
-12
2
15
29
45
66
90
111
127
140
144
146
149
154
161
173
189
204
218
223
217
206
193
184
184
191
203
212
212
201
186
167
150
136
130
130
131
130
120
101
75
52
35
27
24
26
26
20
1
-23
-47
-61
-70
-72
-71
-71
-74
-85
-106
-128
-144
-148
-143
-132
-120
-112
-116
-134
-165
-187
-190
-184
-167
-145
-126
-121
-137
-157
-167
-170
-162
-137
-97
-56
-33
-25
-27
-33
-42
-47
-38
-15
14
36
54
65
68
70
71
74
84
96
103
103
105
115
125
128
127
124
115
101
88
96
117
131
136
132
118
90
59
39
39
49
58
61
58
49
33
14
-3
-11
-15
-15
-15
-15
-18
-25
-39
-52
-62
-61
-58
-54
-48
-42
-40
-44
-53
-64
-71
-76
-72
-62
-49
-38
-35
-34
-40
-47
-51
-48
-37
-24
-14
-12
-15
-24
-34
-39
-41
-36
-25
-12
-5
-2
0
-2
-6
-6
-1
10
17
24
26
23
18
14
14
17
22
24
26
25
20
15
16
18
20
23
26
25
23
22
19
15
14
17
20
22
22
20
17
13
8
9
10
8
10
11
10
7
4
3
3
1
-1
-2
-3
-6
-6
-8
-9
-10
-9
-9
-11
-12
-14
-13
-13
-12
-10
-8
-9
-12
-11
-12
-15
-15
-13
-11
-11
-12
-10
-11
-11
-10
-9
-8
-9
-8
-7
-4
-2
-1
1
1
1
1
1
4
7
10
10
9
7
4
2
3
5
4
3
2
3
4
2
-1
-2
-4
-2
2
2
3
1
-2
-3
-4
-2
-2
-2
-2
-2
-1
-1
-1
-2
-3
-2
-1
-1
-1
0
-2
-2
0
2
5
6
6
5
5
5
5
2
3
3
2
2
0
0
2
3
2
2
1
2
3
2
5
8
10
10
9
6
4
3
2
3
2
3
2
2
2
1
-2
-6
-7
-9
-8
-5
0
3
4
1
-3
-5
-8
-8
-8
-7
-6
-8
-9
-8
-8
-10
-12
-12
-13
-12
-11
-8
-7
-7
-6
-5
-4
-3
-4
-3
-3
-1
2
5
5
5
4
1
0
1
