5
4
-4
-10
-10
-6
1
7
7
1
-3
0
6
10
4
-7
-12
-9
1
16
27
27
17
6
-1
-4
-13
-13
-8
-1
6
12
12
4
-5
-10
-7
5
18
26
27
15
4
-4
-8
-15
-19
-13
4
27
44
49
37
6
-19
-25
-12
5
22
26
17
-1
-17
-24
-22
-16
-3
11
13
-1
-20
-28
-34
-34
-26
-17
-4
7
6
2
-4
-16
-18
-14
-16
-14
-10
2
16
21
12
-5
-17
-23
-19
-12
-2
3
10
10
3
-2
-12
-20
-21
-16
-5
10
28
37
41
35
18
-2
-17
-13
10
33
56
76
78
71
49
16
-12
-19
-6
17
37
65
82
71
43
0
-47
-86
-88
-55
-2
49
84
88
53
-14
-74
-117
-119
-79
-18
51
102
121
88
24
-51
-114
-139
-109
-37
55
129
175
161
93
5
-67
-98
-65
35
160
272
323
306
209
73
-61
-139
-168
-130
-39
43
79
43
-82
-262
-465
-625
-710
-751
-662
-534
-450
-428
-539
-703
-836
-925
-893
-786
-591
-304
-50
139
235
270
252
245
302
439
694
1006
1271
1490
1571
1575
1501
1272
1065
912
863
943
1017
1055
1019
860
629
301
-54
-347
-531
-608
-590
-476
-370
-312
-344
-476
-643
-801
-908
-918
-871
-729
-528
-342
-187
-90
-41
-31
-40
-55
-49
-11
83
235
437
667
923
1115
1186
1124
930
661
360
105
-61
-133
-126
-114
-147
-289
-578
-991
-1469
-1934
-2306
-2530
-2606
-2585
-2558
-2599
-2746
-2974
-3213
-3364
-3329
-3076
-2624
-2027
-1378
-775
-262
155
498
827
1204
1655
2209
2835
3481
4082
4564
4875
4993
4935
4750
4500
4236
3992
3765
3537
3272
2931
2491
1944
1313
627
-63
-709
-1276
-1734
-2074
-2308
-2460
-2571
-2667
-2767
-2867
-2947
-2995
-2977
-2875
-2685
-2428
-2119
-1782
-1447
-1138
-858
-615
-405
-209
-25
156
331
490
616
695
736
743
718
675
616
550
466
359
253
175
137
180
324
557
857
1168
1428
1565
1553
1399
1140
826
529
312
182
137
138
143
108
-25
-277
-624
-1031
-1478
-1918
-2333
-2713
-3067
-3371
-3591
-3700
-3668
-3478
-3140
-2702
-2212
-1734
-1292
-903
-583
-287
26
401
856
1426
2111
2855
3583
4217
4684
4923
4938
4751
4433
4049
3671
3353
3120
2963
2837
2708
2507
2182
1696
1062
308
-504
-1272
-1906
-2349
-2584
-2589
-2435
-2192
-1945
-1771
-1721
-1813
-2014
-2270
-2492
-2596
-2516
-2228
-1757
-1180
-596
-95
235
355
278
50
-247
-528
-699
-699
-516
-187
214
594
864
951
832
563
209
-129
-355
-382
-170
249
818
1406
1891
2174
2174
1883
1367
714
49
-503
-876
-1024
-962
-761
-504
-314
-262
-412
-779
-1325
-1998
-2709
-3369
-3893
-4218
-4284
-4088
-3651
-3019
-2270
-1491
-784
-211
197
443
562
620
703
896
1268
1837
2589
3455
4332
5099
5640
5886
5807
5430
4830
4119
3409
2799
2355
2095
1993
1976
1949
1819
1507
991
278
-567
-1447
-2254
-2890
-3286
-3412
-3287
-2963
-2531
-2089
-1727
-1514
-1486
-1624
-1875
-2152
-2372
-2458
-2358
-2066
-1607
-1041
-445
109
545
807
873
751
480
120
-256
-574
-770
-802
-666
-374
24
484
942
1332
1617
1749
1711
1516
1192
793
381
-8
-323
-530
-642
-653
-599
-506
-419
-400
-468
-658
-969
-1383
-1869
-2380
-2877
-3311
-3628
-3794
-3781
-3579
-3210
-2693
-2075
-1416
-753
-130
423
887
1258
1541
1768
1983
2228
2558
2990
3527
4147
4791
5389
5866
6149
6196
5976
5505
4830
4031
3203
2441
1807
1332
1002
766
557
305
-36
-492
-1059
-1698
-2348
-2944
-3432
-3769
-3929
-3935
-3806
-3581
-3312
-3028
-2752
-2506
-2278
-2063
-1859
-1649
-1435
-1201
-945
-674
-395
-114
151
389
579
706
756
724
622
475
309
167
87
89
192
383
644
926
1170
1332
1371
1269
1022
650
196
-287
-751
-1142
-1417
-1559
-1569
-1479
-1324
-1156
-1033
-985
-1042
-1215
-1501
-1873
-2273
-2648
-2936
-3079
-3031
-2786
-2355
-1765
-1059
-292
472
1182
1795
2285
2635
2858
2982
3040
3068
3105
3180
3307
3495
3731
4004
4275
4513
4677
4727
4637
4386
3963
3394
2695
1906
1082
281
-442
-1037
-1476
-1753
-1883
-1907
-1869
-1820
-1808
-1863
-2008
-2237
-2533
-2862
-3178
-3440
-3603
-3646
-3555
-3333
-2995
-2571
-2093
-1595
-1111
-675
-319
-52
116
190
183
108
-5
-134
-250
-327
-342
-279
-131
102
400
748
1114
1478
1793
2014
2125
2097
1934
1645
1257
818
365
-56
-401
-633
-742
-729
-630
-482
-333
-249
-265
-411
-704
-1137
-1682
-2274
-2855
-3357
-3697
-3832
-3734
-3412
-2896
-2225
-1467
-686
63
728
1284
1708
2007
2220
2373
2499
2643
2822
3046
3315
3620
3948
4265
4544
4757
4879
4891
4778
4543
4187
3721
3151
2508
1819
1112
420
-223
-792
-1271
-1658
-1953
-2165
-2317
-2435
-2542
-2655
-2795
-2979
-3200
-3446
-3698
-3925
-4095
-4171
-4131
-3961
-3658
-3235
-2718
-2140
-1543
-969
-459
-38
281
490
601
634
613
575
544
543
600
723
920
1193
1521
1887
2258
2577
2813
2922
2886
2689
2326
1826
1225
574
-67
-637
-1089
-1397
-1555
-1578
-1502
-1380
-1256
-1175
-1184
-1311
-1563
-1915
-2332
-2765
-3149
-3420
-3543
-3493
-3246
-2802
-2191
-1455
-640
194
990
1701
2301
2781
3141
3391
3548
3641
3686
3712
3743
3792
3848
3907
3961
3992
3983
3922
3798
3600
3310
2920
2443
1883
1255
585
-90
-741
-1341
-1869
-2298
-2620
-2840
-2968
-3020
-3013
-2974
-2923
-2874
-2844
-2842
-2866
-2907
-2946
-2963
-2942
-2858
-2702
-2465
-2143
-1751
-1303
-832
-365
65
432
717
911
1024
1062
1047
1008
971
971
1017
1129
1295
1486
1686
1857
1976
2018
1960
1800
1533
1172
745
276
-187
-626
-1013
-1330
-1583
-1761
-1880
-1945
-1975
-2009
-2057
-2134
-2246
-2376
-2509
-2620
-2682
-2678
-2578
-2365
-2037
-1592
-1042
-408
274
963
1639
2274
2847
3341
3743
4056
4278
4413
4480
4498
4469
4402
4307
4190
4045
3872
3664
3411
3104
2740
2321
1853
1339
789
223
-340
-890
-1404
-1864
-2261
-2592
-2860
-3066
-3219
-3327
-3398
-3436
-3448
-3444
-3422
-3385
-3327
-3245
-3134
-2986
-2797
-2569
-2295
-1979
-1628
-1259
-884
-518
-180
125
388
612
798
952
1086
1213
1348
1499
1667
1845
2023
2178
2299
2368
2360
2268
2076
1789
1420
992
538
72
-374
-768
-1103
-1372
-1570
-1706
-1793
-1863
-1940
-2032
-2153
-2298
-2456
-2610
-2732
-2807
-2800
-2683
-2447
-2088
-1614
-1043
-400
279
973
1657
2297
2865
3344
3724
4007
4190
4287
4309
4260
4159
4020
3860
3690
3518
3353
3188
3005
2802
2564
2286
1955
1567
1123
625
84
-480
-1041
-1574
-2064
-2490
-2841
-3105
-3279
-3370
-3389
-3354
-3286
-3201
-3115
-3035
-2971
-2920
-2873
-2829
-2766
-2670
-2535
-2355
-2120
-1835
-1509
-1153
-778
-393
-14
354
703
1030
1340
1629
1902
2146
2354
2523
2641
2710
2711
2648
2520
2320
2062
1752
1405
1024
611
185
-254
-699
-1132
-1546
-1922
-2268
-2583
-2851
-3078
-3253
-3371
-3435
-3433
-3376
-3254
-3057
-2787
-2436
-2013
-1521
-962
-361
279
952
1634
2311
2957
3552
4079
4518
4869
5118
5259
5292
5222
5068
4843
4560
4245
3902
3537
3156
2764
2372
1968
1550
1118
665
195
-287
-772
-1253
-1726
-2178
-2596
-2971
-3292
-3550
-3741
-3867
-3924
-3911
-3838
-3707
-3532
-3323
-3092
-2856
-2618
-2388
-2170
-1967
-1781
-1600
-1432
-1263
-1085
-890
-671
-425
-146
165
503
854
1220
1585
1926
2228
2469
2646
2743
2750
2674
2517
2290
2001
1660
1292
898
494
99
-286
-645
-978
-1281
-1551
-1809
-2048
-2273
-2484
-2673
-2840
-2964
-3039
-3061
-3005
-2858
-2616
-2275
-1847
-1340
-764
-144
512
1185
1848
2487
3075
3597
4040
4397
4672
4853
4941
4943
4871
4732
4535
4289
4006
3692
3335
2951
2550
2121
1674
1209
730
242
-252
-745
-1222
-1676
-2101
-2489
-2831
-3114
-3339
-3500
-3597
-3639
-3626
-3571
-3481
-3358
-3221
-3062
-2892
-2709
-2510
-2307
-2095
-1874
-1648
-1417
-1184
-953
-725
-501
-277
-54
177
417
673
943
1217
1485
1739
1971
2173
2324
2424
2461
2427
2323
2154
1928
1644
1312
947
549
134
-291
-710
-1106
-1486
-1841
-2157
-2434
-2667
-2851
-2978
-3042
-3053
-3011
-2901
-2729
-2491
-2190
-1828
-1405
-932
-410
159
757
1374
1992
2599
3172
3693
4152
4531
4818
5011
5102
5096
4996
4813
4560
4245
3881
3482
3058
2616
2166
1709
1248
787
321
-139
-594
-1040
-1474
-1889
-2279
-2636
-2955
-3220
-3430
-3589
-3680
-3708
-3668
-3564
-3411
-3212
-2982
-2730
-2473
-2212
-1956
-1714
-1489
-1286
-1097
-914
-732
-546
-343
-123
106
349
602
855
1096
1319
1508
1663
1770
1820
1825
1776
1681
1541
1359
1146
891
614
321
8
-308
-635
-958
-1268
-1577
-1869
-2135
-2370
-2562
-2709
-2794
-2816
-2780
-2669
-2488
-2236
-1912
-1534
-1105
-638
-138
382
910
1433
1943
2433
2891
3310
3682
4004
4271
4473
4610
4683
4688
4623
4489
4292
4028
3717
3360
2967
2540
2085
1620
1147
672
204
-250
-688
-1108
-1502
-1866
-2199
-2494
-2751
-2963
-3129
-3249
-3316
-3337
-3310
-3238
-3122
-2963
-2775
-2563
-2321
-2065
-1806
-1549
-1304
-1068
-845
-636
-434
-255
-92
61
198
343
471
595
713
808
897
963
1009
1040
1028
985
903
779
626
438
224
-6
-255
-516
-778
-1034
-1272
-1500
-1712
-1899
-2065
-2200
-2297
-2353
-2358
-2321
-2228
-2077
-1866
-1594
-1264
-879
-446
24
525
1048
1578
2096
2593
3056
3474
3843
4159
4416
4601
4715
4764
4744
4664
4524
4326
4072
3764
3414
3031
2614
2175
1715
1242
757
266
-217
-685
-1134
-1562
-1961
-2323
-2647
-2923
-3150
-3329
-3457
-3538
-3570
-3556
-3494
-3385
-3234
-3048
-2824
-2571
-2297
-2001
-1692
-1379
-1065
-757
-462
-183
77
318
530
717
877
1000
1093
1147
1168
1160
1117
1042
937
803
641
454
253
30
-205
-446
-702
-960
-1216
-1465
-1695
-1907
-2094
-2251
-2376
-2457
-2493
-2480
-2407
-2283
-2106
-1874
-1592
-1260
-889
-477
-31
432
912
1399
1887
2367
2832
3269
3670
4030
4340
4598
4791
4911
4967
4955
4873
4728
4521
4261
3947
3585
3193
2772
2325
1866
1392
914
430
-54
-526
-992
-1443
-1877
-2290
-2669
-3015
-3323
-3582
-3794
-3950
-4051
-4096
-4079
-4010
-3884
-3702
-3479
-3209
-2901
-2566
-2201
-1822
-1433
-1043
-660
-287
73
405
716
996
1237
1444
1604
1727
1803
1829
1816
1749
1635
1472
1261
1018
731
416
79
-280
-647
-1026
-1391
-1739
-2071
-2374
-2642
-2870
-3052
-3177
-3236
-3228
-3150
-3004
-2783
-2482
-2113
-1678
-1178
-629
-36
585
1221
1862
2489
3091
3655
4166
4617
4997
5305
5531
5671
5729
5707
5604
5427
5178
4867
4502
4086
3630
3139
2623
2089
1545
996
441
-104
-632
-1147
-1637
-2100
-2540
-2948
-3323
-3657
-3944
-4191
-4381
-4518
-4601
-4619
-4577
-4468
-4301
-4075
-3796
-3462
-3083
-2670
-2225
-1758
-1279
-799
-325
138
576
992
1370
1697
1976
2191
2355
2451
2481
2452
2358
2209
2001
1743
1444
1101
724
327
-84
-503
-923
-1333
-1723
-2097
-2444
-2755
-3020
-3232
-3392
-3488
-3516
-3474
-3352
-3157
-2888
-2544
-2133
-1661
-1134
-561
51
691
1347
2005
2654
3276
3861
4397
4870
5273
5597
5834
5983
6038
6003
5886
5684
5408
5059
4647
4188
3682
3140
2567
1971
1363
747
135
-470
-1058
-1620
-2157
-2657
-3115
-3524
-3879
-4182
-4425
-4604
-4726
-4785
-4782
-4722
-4602
-4427
-4197
-3919
-3589
-3213
-2800
-2350
-1873
-1375
-872
-365
134
618
1079
1501
1881
2201
2462
2656
2775
2823
2797
2697
2527
2297
2014
1680
1300
886
450
-6
-474
-942
-1404
-1852
-2279
-2674
-3036
-3355
-3620
-3829
-3968
-4035
-4020
-3919
-3734
-3463
-3109
-2677
-2176
-1611
-989
-327
367
1070
1775
2467
3132
3758
4327
4836
5274
5631
5910
6106
6213
6235
6180
6043
5827
5538
5185
4774
4309
3803
3261
2687
2094
1486
873
262
-337
-920
-1484
-2025
-2537
-3013
-3451
-3855
-4211
-4512
-4758
-4937
-5048
-5088
-5054
-4951
-4773
-4528
-4213
-3836
-3408
-2929
-2420
-1881
-1333
-787
-246
272
759
1199
1585
1920
2187
2394
2532
2599
2596
2521
2382
2183
1925
1619
1270
882
465
25
-418
-866
-1310
-1738
-2146
-2522
-2864
-3159
-3396
-3579
-3692
-3727
-3689
-3568
-3372
-3098
-2751
-2341
-1866
-1333
-751
-133
504
1154
1802
2434
3045
3619
4146
4616
5019
5355
5610
5784
5879
5895
5833
5694
5486
5217
4886
4504
4079
3615
3120
2602
2068
1521
957
393
-166
-712
-1245
-1759
-2251
-2716
-3143
-3527
-3860
-4142
-4361
-4513
-4599
-4615
-4565
-4444
-4258
-4013
-3711
-3363
-2972
-2550
-2104
-1641
-1176
-719
-276
142
526
872
1166
1408
1593
1717
1785
1794
1755
1662
1520
1341
1119
859
567
254
-76
-424
-784
-1145
-1501
-1849
-2179
-2480
-2745
-2967
-3140
-3250
-3293
-3262
-3154
-2967
-2706
-2369
-1960
-1494
-977
-422
159
753
1348
1928
2482
2998
3464
3869
4213
4490
4705
4851
4933
4956
4920
4836
4713
4549
4350
4113
3846
3555
3235
2891
2520
2121
1695
1250
792
329
-142
-604
-1057
-1494
-1906
-2285
-2622
-2912
-3153
-3346
-3485
-3569
-3598
-3571
-3485
-3352
-3168
-2939
-2674
-2377
-2059
-1717
-1369
-1020
-680
-358
-59
201
425
605
732
807
829
803
731
616
463
283
75
-150
-390
-636
-885
-1135
-1379
-1612
-1831
-2037
-2217
-2370
-2498
-2587
-2636
-2641
-2592
-2494
-2338
-2126
-1864
-1543
-1178
-768
-321
153
642
1136
1623
2096
2542
2952
3314
3628
3889
4099
4253
4352
4396
4385
4328
4226
4085
3912
3708
3473
3214
2931
2628
2312
1980
1634
1279
912
540
169
-200
-562
-914
-1254
-1575
-1871
-2135
-2363
-2551
-2690
-2781
-2818
-2801
-2733
-2612
-2441
-2230
-1981
-1711
-1418
-1114
-813
-522
-257
-17
183
340
455
521
535
500
425
316
170
0
-189
-395
-610
-830
-1053
-1278
-1505
-1726
-1943
-2152
-2349
-2530
-2684
-2810
-2899
-2946
-2941
-2879
-2761
-2577
-2330
-2025
-1666
-1259
-810
-332
162
666
1166
1652
2114
2542
2930
3271
3560
3797
3978
4100
4173
4198
4177
4113
4012
3877
3706
3505
3275
3018
2740
2440
2123
1787
1439
1079
716
356
-2
-348
-683
-999
-1290
-1552
-1778
-1974
-2133
-2250
-2326
-2358
-2348
-2296
-2198
-2060
-1886
-1675
-1440
-1184
-913
-631
-351
-81
169
397
589
741
851
915
932
900
829
717
567
382
170
-66
-323
-598
-882
-1176
-1479
-1781
-2076
-2363
-2639
-2892
-3116
-3300
-3437
-3522
-3545
-3497
-3381
-3192
-2931
-2602
-2208
-1760
-1268
-743
-196
362
915
1451
1962
2431
2853
3221
3530
3783
3974
4104
4174
4193
4164
4090
3979
3836
3661
3464
3241
3002
2741
2461
2162
1844
1511
1159
793
421
42
-338
-711
-1069
-1405
-1711
-1980
-2209
-2387
-2509
-2576
-2582
-2532
-2421
-2259
-2049
-1797
-1514
-1205
-887
-564
-251
43
307
535
724
869
965
1013
1015
974
899
794
663
510
339
158
-33
-230
-433
-642
-857
-1080
-1306
-1536
-1770
-1999
-2220
-2424
-2607
-2756
-2864
-2926
-2932
-2881
-2767
-2593
-2355
-2055
-1706
-1311
-883
-431
31
491
939
1364
1752
2102
2404
2659
2866
3022
3131
3194
3218
3206
3162
3095
3006
2899
2774
2636
2483
2316
2135
1935
1718
1483
1229
957
673
377
72
-238
-543
-836
-1115
-1369
-1589
-1778
-1921
-2017
-2064
-2054
-1994
-1882
-1721
-1520
-1282
-1020
-735
-447
-160
109
349
559
720
835
901
911
874
794
678
538
383
214
47
-122
-290
-446
-593
-742
-891
-1044
-1204
-1373
-1549
-1730
-1908
-2080
-2242
-2379
-2481
-2540
-2544
-2488
-2364
-2175
-1922
-1606
-1241
-834
-400
44
481
897
1286
1635
1933
2180
2367
2496
2571
2593
2580
2535
2466
2382
2288
2192
2094
1998
1902
1803
1699
1586
1465
1326
1170
998
807
603
387
160
-70
-303
-529
-743
-947
-1127
-1281
-1410
-1500
-1558
-1581
-1561
-1506
-1411
-1279
-1115
-914
-693
-454
-209
30
255
455
623
749
835
875
866
813
723
603
459
295
125
-46
-213
-372
-519
-657
-785
-910
-1031
-1151
-1276
-1405
-1537
-1666
-1792
-1906
-1999
-2066
-2096
-2081
-2016
-1895
-1714
-1475
-1181
-843
-468
-65
350
765
1158
1525
1846
2112
2320
2465
2548
2569
2533
2454
2336
2191
2030
1854
1678
1505
1338
1184
1038
901
771
643
515
385
248
102
-52
-218
-398
-582
-767
-948
-1119
-1275
-1407
-1511
-1582
-1612
-1595
-1530
-1416
-1256
-1054
-815
-546
-260
31
315
582
814
1004
1144
1229
1259
1231
1153
1030
870
687
484
277
71
-129
-313
-482
-630
-757
-874
-980
-1082
-1177
-1271
-1365
-1458
-1548
-1631
-1702
-1750
-1769
-1752
-1694
-1588
-1441
-1245
-1004
-724
-411
-74
276
626
966
1291
1585
1841
2051
2211
2317
2372
2376
2326
2234
2105
1942
1761
1564
1359
1152
947
749
564
392
234
88
-46
-170
-290
-404
-517
-625
-730
-835
-936
-1033
-1124
-1206
-1277
-1331
-1366
-1376
-1359
-1308
-1219
-1092
-927
-728
-502
-254
8
275
529
761
963
1122
1232
1290
1290
1234
1122
962
766
540
298
51
-190
-420
-631
-813
-965
-1089
-1187
-1261
-1313
-1348
-1376
-1391
-1394
-1388
-1371
-1344
-1298
-1234
-1142
-1019
-865
-672
-441
-179
113
424
750
1075
1389
1682
1941
2158
2321
2428
2474
2458
2382
2254
2080
1871
1631
1373
1115
857
609
380
169
-15
-172
-304
-411
-499
-572
-633
-691
-744
-795
-848
-897
-948
-1000
-1044
-1082
-1112
-1125
-1119
-1092
-1044
-971
-874
-754
-611
-453
-284
-103
75
242
394
518
611
664
680
650
575
461
311
136
-58
-262
-464
-650
-817
-963
-1077
-1154
-1202
-1220
-1211
-1181
-1132
-1068
-994
-913
-831
-746
-654
-558
-447
-319
-174
-7
183
396
628
877
1134
1391
1645
1875
2077
2243
2364
2438
2456
2421
2332
2192
2006
1791
1553
1295
1031
768
512
269
39
-170
-356
-521
-662
-784
-885
-964
-1023
-1066
-1090
-1101
-1098
-1079
-1050
-1008
-955
-897
-833
-764
-692
-614
-529
-440
-342
-241
-130
-18
94
210
316
413
496
554
584
574
525
433
297
119
-99
-347
-618
-899
-1178
-1443
-1680
-1889
-2054
-2172
-2242
-2262
-2234
-2163
-2051
-1905
-1730
-1533
-1317
-1085
-840
-582
-313
-35
259
565
883
1211
1545
1881
2208
2524
2817
3074
3283
3444
3540
3569
3530
3423
3251
3018
2732
2405
2045
1663
1272
879
500
142
-195
-505
-782
-1024
-1228
-1395
-1531
-1638
-1711
-1755
-1769
-1754
-1712
-1646
-1564
-1466
-1354
-1230
-1095
-949
-796
-635
-464
-284
-100
89
276
461
637
797
938
1048
1124
1160
1149
1084
963
795
578
311
11
-317
-661
-1011
-1359
-1689
-1997
-2274
-2510
-2705
-2848
-2939
-2981
-2970
-2912
-2811
-2668
-2489
-2272
-2029
-1755
-1454
-1130
-777
-404
-11
402
828
1267
1711
2148
2570
2970
3334
3650
3912
4111
4235
4283
4251
4141
3957
3702
3390
3027
2627
2200
1756
1311
877
460
64
-301
-634
-932
-1194
-1422
-1613
-1770
-1892
-1981
-2038
-2067
-2066
-2035
-1971
-1874
-1749
-1594
-1408
-1194
-956
-700
-429
-151
134
416
684
934
1155
1344
1490
1586
1628
1613
1541
1411
1225
986
697
367
7
-379
-777
-1172
-1557
-1928
-2281
-2599
-2868
-3090
-3267
-3392
-3465
-3487
-3455
-3378
-3250
-3072
-2849
-2581
-2273
-1929
-1545
-1126
-674
-197
298
810
1323
1831
2320
2782
3207
3584
3905
4162
4342
4438
4447
4363
4196
3947
3627
3254
2843
2406
1960
1513
1070
646
250
-110
-430
-710
-950
-1150
-1315
-1452
-1561
-1643
-1701
-1737
-1747
-1733
-1695
-1629
-1530
-1406
-1254
-1073
-865
-636
-382
-110
179
473
756
1019
1256
1458
1619
1727
1778
1768
1697
1568
1387
1156
880
568
229
-128
-499
-876
-1246
-1604
-1943
-2258
-2545
-2802
-3022
-3201
-3339
-3433
-3480
-3481
-3427
-3327
-3181
-2986
-2745
-2451
-2114
-1734
-1312
-855
-371
129
638
1144
1634
2105
2541
2929
3263
3538
3745
3874
3918
3885
3777
3602
3368
3084
2755
2397
2021
1634
1252
882
530
201
-100
-364
-591
-790
-958
-1094
-1203
-1285
-1345
-1380
-1388
-1370
-1323
-1246
-1139
-1004
-839
-650
-432
-190
62
322
584
837
1074
1286
1464
1601
1692
1735
1730
1681
1582
1434
1246
1018
748
449
123
-215
-564
-921
-1273
-1615
-1938
-2242
-2515
-2754
-2956
-3118
-3238
-3310
-3337
-3318
-3254
-3147
-2998
-2809
-2578
-2305
-1996
-1652
-1276
-878
-458
-24
417
858
1288
1705
2097
2448
2756
3011
3205
3328
3383
3369
3287
3146
2946
2698
2408
2093
1758
1413
1069
736
423
134
-130
-365
-567
-739
-883
-1000
-1089
-1152
-1191
-1204
-1198
-1173
-1122
-1046
-942
-816
-667
-493
-300
-85
143
379
624
865
1092
1299
1478
1623
1732
1796
1808
1772
1687
1556
1382
1172
931
662
375
77
-225
-527
-830
-1125
-1405
-1666
-1907
-2129
-2324
-2492
-2626
-2730
-2802
-2834
-2829
-2787
-2705
-2587
-2429
-2234
-2005
-1742
-1455
-1141
-811
-468
-119
231
578
909
1221
1509
1765
1981
2160
2294
2379
2416
2398
2337
2238
2099
1931
1739
1529
1305
1074
845
621
407
202
12
-165
-326
-472
-593
-690
-764
-816
-844
-844
-820
-770
-695
-592
-464
-320
-159
8
178
350
512
665
807
933
1040
1123
1181
1214
1225
1211
1171
1106
1020
913
788
648
492
322
145
-39
-225
-414
-598
-780
-953
-1119
-1278
-1424
-1554
-1659
-1740
-1800
-1839
-1851
-1835
-1790
-1720
-1627
-1511
-1376
-1226
-1067
-899
-722
-541
-353
-167
14
189
353
507
651
776
882
968
1025
1057
1061
1037
996
932
852
756
647
536
427
322
217
121
39
-33
-88
-131
-156
-162
-154
-129
-93
-46
10
71
139
210
284
357
431
506
575
638
699
753
801
843
873
890
895
886
869
836
786
727
656
573
476
374
267
155
42
-71
-179
-280
-375
-465
-550
-629
-702
-766
-821
-869
-910
-943
-969
-984
-987
-979
-961
-930
-893
-847
-796
-739
-675
-606
-535
-464
-394
-325
-260
-198
-144
-95
-54
-25
-1
13
22
24
16
6
-8
-24
-43
-65
-87
-111
-132
-151
-168
-179
-187
-185
-173
-156
-123
-81
-26
44
128
225
331
442
561
680
801
915
1018
1110
1188
1248
1293
1317
1319
1306
1276
1227
1160
1078
981
877
763
641
515
384
254
121
-11
-140
-266
-386
-504
-615
-712
-800
-875
-936
-986
-1018
-1035
-1032
-1016
-986
-936
-874
-805
-717
-622
-523
-419
-311
-203
-102
-5
82
158
223
275
314
334
339
329
303
265
216
156
86
7
-77
-169
-262
-356
-448
-539
-624
-703
-774
-837
-891
-930
-955
-966
-962
-939
-897
-838
-760
-663
-548
-417
-269
-112
58
234
413
594
772
948
1119
1276
1417
1539
1638
1715
1766
1793
1794
1770
1722
1649
1553
1437
1301
1148
984
807
623
435
246
56
-127
-303
-469
-621
-759
-882
-988
-1077
-1143
-1194
-1223
-1232
-1220
-1189
-1140
-1077
-1000
-905
-793
-669
-542
-411
-280
-150
-24
94
203
295
372
430
468
488
486
467
429
376
309
230
143
46
-58
-162
-263
-365
-464
-558
-645
-716
-780
-841
-887
-925
-941
-935
-930
-904
-862
-802
-713
-620
-513
-393
-260
-115
33
185
343
499
646
781
915
1034
1139
1227
1277
1324
1352
1354
1342
1291
1230
1165
1077
991
884
767
658
541
427
315
202
94
-11
-111
-205
-288
-363
-435
-496
-548
-582
-600
-620
-626
-623
-607
-572
-540
-503
-461
-414
-359
-306
-256
-206
-160
-117
-79
-49
-21
1
15
25
26
23
15
5
-11
-29
-50
-76
-106
-137
-167
-204
-237
-270
-299
-321
-346
-368
-387
-401
-401
-398
-397
-383
-367
-335
-294
-254
-206
-153
-95
-29
38
103
167
228
280
331
380
415
452
474
483
502
512
518
513
490
477
462
442
421
384
349
323
293
268
234
199
170
138
111
86
60
36
13
-8
-26
-39
-51
-62
-71
-79
-80
-75
-74
-71
-70
-70
-65
-63
-68
-72
-77
-82
-87
-96
-108
-124
-140
-154
-173
-193
-210
-229
-246
-262
-277
-289
-299
-303
-308
-311
-306
-300
-290
-276
-263
-248
-234
-213
-188
-160
-131
-102
-71
-38
-6
29
65
103
138
167
196
220
243
260
269
278
286
288
289
281
274
269
259
248
232
213
198
179
163
146
127
108
93
77
63
50
38
30
19
12
8
2
-2
-4
-5
-2
2
7
12
16
20
28
33
38
41
43
43
42
41
38
32
23
13
-1
-15
-29
-45
-63
-81
-104
-126
-146
-167
-188
-207
-225
-240
-255
-267
-278
-286
-293
-294
-289
-280
-268
-253
-237
-217
-198
-176
-151
-124
-96
-63
-27
6
38
68
95
120
146
172
193
213
229
242
251
257
259
260
257
252
244
234
225
214
200
181
162
141
121
100
78
59
41
25
7
-9
-22
-35
-41
-44
-48
-44
-40
-32
-23
-18
-11
-3
6
17
30
42
50
57
61
65
68
65
58
52
41
35
25
15
3
-11
-24
-38
-58
-76
-96
-118
-137
-157
-175
-193
-209
-224
-238
-247
-253
-259
-264
-265
-264
-257
-247
-233
-214
-188
-161
-134
-108
-82
-55
-27
3
33
62
90
115
137
153
174
191
207
220
226
233
241
245
247
242
230
220
208
192
176
157
138
121
102
80
58
37
16
-1
-17
-30
-39
-44
-45
-48
-48
-42
-40
-36
-28
-19
-8
3
12
19
26
33
37
42
45
44
42
39
39
36
33
33
28
21
11
-3
-13
-27
-42
-57
-75
-90
-106
-120
-140
-161
-177
-194
-206
-214
-222
-224
-225
-219
-210
-200
-189
-175
-159
-141
-121
-100
-77
-51
-26
-4
17
39
60
80
100
121
138
156
169
178
184
190
197
200
197
191
182
171
160
147
131
118
105
92
78
63
47
31
16
4
-7
-11
-17
-19
-20
-19
-18
-18
-15
-13
-7
-4
-1
3
2
3
2
2
2
1
1
1
-2
-5
-6
-10
-15
-21
-25
-32
-40
-45
-52
-57
-66
-72
-78
-85
-91
-96
-102
-108
-109
-110
-110
-107
-108
-106
-103
-97
-93
-85
-79
-72
-63
-52
-40
-28
-16
-4
8
23
35
47
58
68
76
86
93
96
99
103
108
112
116
115
114
112
107
103
95
83
75
64
53
44
34
27
20
12
9
4
-2
-6
-8
-9
-10
-11
-13
-12
-11
-11
-10
-10
-10
-9
-9
-10
-8
-8
-8
-9
-8
-8
-7
-7
-9
-12
-17
-21
-24
-30
-38
-44
-51
-60
-69
-77
-86
-92
-97
-104
-109
-113
-115
-113
-108
-104
-98
-95
-90
-85
-77
-66
-56
-44
-29
-15
-2
9
21
35
49
62
76
90
104
114
122
132
140
146
151
154
158
158
157
152
144
136
124
109
96
79
62
47
34
22
11
-1
-12
-26
-38
-48
-55
-62
-67
-72
-74
-75
-76
-74
-69
-65
-62
-59
-56
-53
-45
-36
-27
-17
-10
-4
2
7
12
14
16
16
16
15
11
6
-2
-10
-19
-31
-44
-55
-69
-80
-87
-96
-105
-113
-120
-127
-131
-132
-133
-128
-124
-119
-111
-105
-96
-84
-72
-57
-39
-19
3
23
44
65
87
106
125
142
160
179
195
205
216
225
230
230
223
216
209
195
182
166
145
122
102
81
59
41
19
-2
-17
-31
-44
-55
-65
-75
-84
-90
-93
-96
-97
-97
-96
-92
-88
-84
-76
-66
-55
-47
-39
-31
-23
-13
-6
-2
2
4
4
5
5
2
-1
-10
-21
-31
-42
-49
-59
-69
-80
-89
-98
-102
-110
-117
-121
-126
-126
-122
-117
-113
-110
-103
-94
-83
-72
-59
-43
-26
-10
5
22
39
54
68
83
100
115
129
141
152
161
167
172
172
168
168
162
155
149
141
131
118
105
91
78
66
53
41
30
21
12
4
-4
-11
-18
-26
-31
-36
-42
-45
-43
-44
-44
-44
-44
-44
-43
-42
-39
-38
-35
-33
-32
-31
-30
-31
-30
-31
-34
-36
-42
-46
-50
-56
-58
-65
-70
-72
-77
-81
-84
-84
-86
-85
-87
-86
-86
-83
-79
-76
-71
-66
-60
-52
-43
-35
-28
-18
-8
-1
9
20
32
40
52
64
74
82
88
96
101
106
109
111
112
112
110
108
106
99
92
84
78
71
66
62
54
50
45
38
33
25
18
13
9
6
3
3
0
-3
-5
-7
-9
-9
-9
-8
-8
-7
-10
-15
-16
-18
-24
-26
-30
-36
-41
-48
-56
-61
-67
-70
-72
-75
-82
-85
-88
-91
-91
-93
-92
-88
-86
-82
-78
-74
-68
-63
-58
-54
-48
-41
-35
-27
-20
-11
-4
2
8
13
20
26
30
34
37
40
45
49
53
57
61
65
68
69
71
70
71
70
68
69
68
67
65
64
62
63
61
56
53
52
52
52
48
45
43
41
39
35
32
30
28
28
28
25
20
13
7
2
-1
-5
-8
-12
-19
-23
-28
-33
-38
-41
-45
-50
-59
-66
-71
-75
-78
-82
-89
-93
-95
-97
-101
-102
-102
-103
-103
-101
-100
-94
-86
-75
-64
-59
-51
-45
-38
-30
-21
-10
0
11
20
27
34
41
46
49
54
58
61
65
69
71
72
74
70
67
66
66
65
65
65
60
56
52
48
45
45
42
37
32
28
26
26
25
24
24
25
25
27
29
29
30
29
28
26
27
27
29
27
22
18
13
9
3
-2
-8
-11
-14
-16
-19
-26
-32
-40
-45
-49
-52
-56
-63
-71
-75
-80
-85
-85
-88
-88
-87
-86
-86
-85
-80
-78
-75
-68
-61
-52
-45
-36
-26
-18
-13
-7
-3
4
12
20
25
31
35
37
38
40
42
44
48
49
51
54
54
53
52
51
48
45
42
40
35
33
30
30
28
26
22
21
23
24
24
25
26
28
30
31
33
32
33
35
37
38
37
34
34
34
31
28
25
20
18
12
6
2
-2
-8
-16
-26
-31
-37
-44
-49
-56
-59
-62
-66
-66
-65
-69
-72
-73
-73
-72
-68
-68
-68
-63
-58
-50
-44
-38
-31
-26
-22
-18
-13
-11
-6
-2
3
4
5
9
13
16
16
19
20
23
25
26
25
25
26
26
25
23
22
20
19
21
21
22
21
24
25
25
24
24
26
31
33
33
36
35
37
41
42
42
44
45
46
49
48
46
43
39
35
32
29
27
24
19
14
8
2
-2
-7
-11
-17
-22
-27
-32
-37
-45
-49
-51
-55
-58
-60
-63
-63
-65
-65
-64
-62
-59
-58
-55
-52
-50
-44
-41
-36
-30
-28
-24
-21
-19
-14
-9
-6
-3
0
3
6
10
11
14
15
14
16
15
14
17
18
17
16
15
14
14
14
14
13
15
16
18
18
18
20
22
25
29
30
32
34
36
37
38
38
39
39
39
40
38
36
36
33
30
26
24
22
20
18
14
11
9
3
-2
-6
-9
-11
-16
-17
-18
-20
-23
-27
-29
-31
-33
-33
-33
-32
-33
-36
-36
-39
-37
-37
-36
-34
-34
-33
-32
-33
-33
-33
-30
-26
-27
-23
-21
-21
-17
-15
-13
-13
-12
-10
-8
-4
-4
-2
-1
0
3
6
9
8
11
10
9
11
14
16
19
20
20
19
20
22
25
27
28
30
33
37
39
39
39
40
41
41
38
37
38
38
35
32
30
27
27
29
24
20
14
11
9
9
9
4
-3
-7
-10
-11
-12
-16
-19
-20
-22
-26
-28
-30
-34
-36
-36
-37
-35
-35
-35
-36
-37
-38
-36
-36
