-6
-1
1
5
9
11
8
4
0
-2
-2
-2
0
2
5
5
4
2
2
0
2
1
-1
1
1
0
0
-1
-2
-1
2
6
5
4
1
-3
-6
-7
-9
-11
-11
-10
-8
-7
-6
-3
-1
0
-3
-7
-8
-8
-6
-6
-5
-5
-5
-3
0
-1
2
6
5
6
6
4
4
2
1
-1
-4
-6
-3
3
10
12
13
14
14
13
8
6
0
-4
-4
-4
-3
-3
-4
-3
-1
3
5
8
11
12
15
17
19
19
13
7
2
-3
-8
-10
-10
-8
-3
-1
0
1
0
2
6
7
8
9
7
3
-2
-7
-12
-12
-14
-15
-16
-14
-16
-18
-20
-23
-22
-20
-21
-20
-20
-19
-19
-22
-22
-25
-27
-26
-26
-26
-22
-16
-12
-9
-6
-1
7
14
20
24
30
34
35
35
35
34
36
38
37
36
37
30
44
70
65
67
65
69
100
106
104
102
92
107
108
87
71
46
24
-3
-34
-60
-79
-92
-113
-118
-123
-128
-132
-156
-174
-177
-180
-172
-165
-151
-110
-61
-9
40
94
134
157
160
131
81
-11
-140
-302
-472
-684
-936
-1119
-1293
-1420
-1528
-1695
-1706
-1638
-1537
-1366
-1245
-1044
-769
-506
-236
13
258
477
674
837
989
1176
1299
1397
1495
1574
1740
1880
1943
2036
2069
2161
2258
2205
2126
1989
1817
1606
1369
1118
865
620
391
186
12
-132
-247
-330
-381
-402
-395
-370
-336
-299
-271
-259
-270
-304
-360
-437
-527
-626
-729
-827
-915
-991
-1057
-1110
-1148
-1171
-1179
-1169
-1145
-1107
-1056
-995
-920
-837
-751
-665
-580
-496
-413
-331
-244
-150
-44
86
240
426
635
870
1114
1345
1557
1715
1807
1811
1717
1516
1205
792
300
-250
-829
-1403
-1940
-2408
-2780
-3036
-3163
-3161
-3035
-2801
-2470
-2067
-1614
-1137
-658
-198
230
614
942
1222
1441
1608
1725
1801
1850
1881
1910
1938
1980
2035
2100
2169
2238
2290
2314
2302
2236
2110
1920
1674
1380
1046
692
333
-13
-327
-591
-796
-928
-991
-987
-926
-822
-684
-534
-385
-254
-158
-107
-102
-149
-240
-372
-533
-711
-901
-1079
-1244
-1389
-1500
-1587
-1638
-1653
-1637
-1585
-1510
-1410
-1287
-1154
-1006
-854
-703
-553
-410
-277
-158
-56
37
122
204
292
395
521
680
871
1095
1338
1581
1811
1995
2114
2142
2060
1861
1535
1100
576
-19
-648
-1276
-1867
-2381
-2797
-3089
-3243
-3267
-3157
-2936
-2614
-2210
-1758
-1265
-758
-254
226
664
1053
1385
1649
1849
1984
2068
2112
2115
2105
2084
2063
2050
2041
2044
2050
2042
2021
1973
1891
1763
1587
1367
1105
811
501
185
-118
-386
-614
-782
-885
-924
-896
-825
-712
-573
-436
-302
-202
-135
-104
-126
-190
-292
-427
-581
-758
-942
-1108
-1270
-1412
-1530
-1617
-1667
-1702
-1706
-1680
-1636
-1572
-1495
-1392
-1269
-1145
-1006
-855
-696
-538
-391
-238
-85
51
185
320
473
642
823
1042
1294
1565
1835
2081
2316
2484
2562
2543
2403
2154
1768
1269
696
55
-621
-1291
-1920
-2454
-2885
-3198
-3354
-3372
-3256
-3024
-2701
-2281
-1825
-1351
-860
-392
61
465
818
1138
1387
1576
1715
1797
1852
1862
1854
1861
1862
1890
1939
2001
2091
2152
2197
2220
2171
2071
1884
1635
1336
966
588
203
-169
-484
-759
-944
-1040
-1066
-995
-866
-679
-451
-236
-18
163
286
354
335
256
111
-105
-352
-631
-912
-1185
-1442
-1655
-1830
-1960
-2042
-2085
-2089
-2059
-2014
-1944
-1853
-1752
-1632
-1506
-1351
-1190
-1022
-835
-655
-469
-302
-133
22
171
325
472
665
853
1098
1372
1669
2005
2295
2607
2853
3011
3075
3004
2819
2466
1982
1379
709
-38
-805
-1523
-2195
-2730
-3192
-3466
-3580
-3576
-3390
-3126
-2702
-2233
-1733
-1173
-646
-117
337
745
1106
1376
1564
1698
1792
1809
1803
1765
1752
1740
1707
1751
1800
1885
1964
2029
2130
2154
2132
2057
1918
1726
1429
1100
742
355
-38
-407
-715
-972
-1150
-1256
-1259
-1184
-1058
-871
-671
-450
-270
-130
-29
-10
-53
-179
-347
-569
-835
-1117
-1398
-1649
-1881
-2080
-2225
-2316
-2374
-2381
-2339
-2257
-2145
-2030
-1857
-1672
-1465
-1225
-974
-682
-400
-102
191
460
702
925
1116
1254
1385
1480
1617
1719
1866
2073
2266
2505
2668
2890
3049
3097
3062
2872
2613
2148
1578
921
211
-580
-1422
-2177
-2864
-3396
-3866
-4114
-4187
-4138
-3906
-3577
-3038
-2468
-1864
-1225
-586
43
573
1056
1463
1791
1972
2085
2144
2134
2081
1943
1857
1753
1651
1581
1542
1574
1579
1605
1649
1690
1696
1644
1565
1429
1213
939
644
322
-26
-367
-661
-902
-1111
-1240
-1281
-1253
-1168
-1050
-859
-662
-485
-308
-169
-65
-58
-120
-222
-400
-631
-906
-1187
-1470
-1757
-2012
-2208
-2347
-2452
-2503
-2497
-2426
-2308
-2147
-1925
-1647
-1334
-988
-585
-148
305
745
1167
1558
1862
2098
2251
2325
2300
2181
2064
1909
1732
1604
1535
1558
1588
1637
1813
1967
2067
2092
2047
1972
1670
1214
724
129
-563
-1348
-2078
-2666
-3237
-3739
-4001
-4092
-4040
-3884
-3586
-3043
-2521
-1983
-1352
-708
-61
431
894
1371
1685
1848
1947
1989
1967
1783
1533
1392
1181
972
802
708
754
727
780
941
1113
1290
1389
1513
1634
1639
1579
1486
1342
1151
869
590
351
63
-184
-400
-555
-646
-737
-733
-684
-621
-541
-466
-390
-366
-406
-482
-612
-803
-1043
-1317
-1578
-1849
-2117
-2340
-2515
-2624
-2690
-2689
-2595
-2428
-2181
-1870
-1479
-1031
-538
-28
503
1013
1472
1886
2198
2423
2509
2505
2406
2164
1865
1525
1230
901
628
491
475
559
637
912
1247
1548
1771
1922
2100
2017
1743
1348
876
255
-580
-1378
-2108
-2780
-3474
-3968
-4207
-4323
-4302
-4149
-3678
-3145
-2601
-1941
-1214
-448
137
698
1243
1661
1887
1970
2052
1995
1816
1544
1328
1129
852
643
524
523
532
607
805
1086
1358
1619
1928
2192
2407
2485
2526
2502
2321
2072
1725
1373
950
481
62
-314
-660
-969
-1180
-1308
-1352
-1392
-1351
-1259
-1183
-1104
-1075
-1033
-1057
-1147
-1288
-1451
-1638
-1870
-2070
-2264
-2393
-2494
-2524
-2433
-2289
-2042
-1735
-1344
-904
-444
54
554
1040
1444
1800
2055
2199
2243
2146
2008
1725
1367
977
584
281
-12
-137
-155
-36
144
427
879
1295
1730
2009
2269
2369
2196
1934
1494
962
180
-685
-1506
-2296
-3028
-3691
-4032
-4255
-4314
-4217
-3898
-3315
-2772
-2123
-1396
-648
24
572
1128
1620
1931
2039
2099
2068
1905
1639
1341
1127
853
583
445
420
510
653
897
1277
1653
2033
2448
2827
3139
3293
3352
3304
3077
2728
2282
1767
1161
496
-141
-696
-1205
-1634
-1951
-2139
-2208
-2236
-2150
-1985
-1787
-1618
-1503
-1373
-1304
-1307
-1405
-1538
-1687
-1894
-2115
-2316
-2440
-2525
-2552
-2497
-2336
-2079
-1769
-1382
-959
-477
-2
456
903
1272
1626
1859
2013
2083
2031
1946
1721
1462
1158
854
623
358
263
254
397
641
877
1317
1720
2114
2407
2583
2725
2590
2268
1788
1222
473
-407
-1286
-2106
-2815
-3555
-4014
-4260
-4362
-4262
-4049
-3515
-2940
-2372
-1677
-974
-286
242
689
1135
1429
1511
1524
1512
1411
1201
923
770
634
449
363
387
562
730
944
1346
1769
2184
2539
2912
3275
3432
3479
3421
3247
2903
2386
1849
1245
578
-103
-700
-1207
-1653
-1991
-2193
-2236
-2244
-2145
-1964
-1760
-1524
-1379
-1201
-1093
-1088
-1119
-1250
-1375
-1575
-1805
-1981
-2136
-2236
-2284
-2234
-2089
-1870
-1616
-1274
-873
-486
-87
290
683
1021
1271
1502
1676
1783
1774
1686
1576
1390
1117
828
570
377
181
60
117
251
494
730
1087
1540
1834
2112
2270
2370
2296
1922
1511
995
299
-513
-1318
-2050
-2688
-3360
-3808
-3944
-4078
-3980
-3769
-3333
-2745
-2323
-1692
-1023
-450
65
470
930
1269
1373
1463
1561
1524
1389
1202
1113
1057
867
823
909
1060
1241
1427
1846
2256
2587
2923
3233
3553
3595
3529
3424
3127
2706
2078
1487
887
134
-537
-1116
-1592
-1998
-2348
-2494
-2493
-2510
-2429
-2232
-2030
-1821
-1701
-1545
-1370
-1373
-1387
-1420
-1492
-1580
-1760
-1861
-1891
-1951
-1960
-1888
-1729
-1522
-1318
-1051
-710
-393
-115
189
501
762
984
1148
1342
1465
1457
1483
1422
1331
1160
932
802
632
466
382
434
534
725
920
1236
1645
1841
2138
2273
2342
2310
1929
1643
1132
478
-214
-1006
-1665
-2332
-2977
-3418
-3664
-3859
-3837
-3705
-3404
-2931
-2585
-2002
-1426
-917
-356
46
539
908
1104
1305
1424
1470
1420
1330
1262
1222
1119
1087
1159
1248
1435
1621
1906
2245
2515
2822
3044
3221
3295
3207
3061
2745
2330
1827
1228
627
-9
-621
-1151
-1634
-2023
-2278
-2468
-2515
-2482
-2407
-2193
-2030
-1822
-1605
-1473
-1312
-1264
-1240
-1226
-1298
-1371
-1433
-1515
-1574
-1609
-1632
-1551
-1490
-1389
-1204
-1019
-789
-563
-318
-25
237
456
734
968
1188
1361
1451
1584
1591
1535
1438
1290
1149
967
786
717
706
718
851
962
1246
1482
1638
1897
1950
2023
1890
1592
1338
817
221
-416
-1117
-1729
-2368
-2971
-3302
-3589
-3772
-3718
-3629
-3279
-2941
-2601
-2003
-1535
-1029
-531
-113
386
698
917
1193
1329
1381
1404
1353
1376
1320
1217
1294
1339
1431
1582
1762
2087
2329
2567
2847
3051
3182
3154
3099
2938
2596
2172
1654
1145
530
-117
-663
-1158
-1604
-1984
-2206
-2321
-2340
-2348
-2238
-2020
-1890
-1700
-1561
-1395
-1257
-1260
-1199
-1182
-1205
-1270
-1324
-1344
-1372
-1394
-1421
-1332
-1285
-1215
-1061
-929
-715
-536
-336
-45
182
419
682
892
1106
1249
1321
1396
1370
1254
1150
971
792
647
423
401
379
424
620
756
1136
1411
1666
1958
2084
2204
2066
1801
1490
984
340
-339
-1060
-1704
-2349
-3005
-3318
-3631
-3798
-3759
-3697
-3269
-2953
-2572
-1955
-1469
-877
-391
41
578
889
1108
1354
1450
1515
1486
1359
1380
1295
1199
1246
1273
1449
1619
1822
2176
2475
2769
3039
3256
3396
3388
3243
3001
2637
2111
1517
885
217
-459
-1094
-1623
-2057
-2407
-2641
-2713
-2672
-2598
-2410
-2161
-1898
-1633
-1447
-1209
-1044
-983
-932
-944
-965
-1041
-1156
-1224
-1280
-1356
-1386
-1379
-1327
-1235
-1151
-969
-778
-549
-302
-39
288
552
858
1097
1324
1516
1572
1615
1564
1446
1262
1024
783
616
393
278
300
341
588
734
1093
1495
1732
2085
2203
2352
2297
1967
1668
1138
482
-278
-1080
-1825
-2538
-3281
-3753
-4070
-4358
-4337
-4299
-3938
-3533
-3174
-2487
-1937
-1297
-719
-215
400
769
1061
1346
1520
1619
1625
1572
1626
1587
1512
1597
1664
1857
2024
2226
2598
2859
3115
3349
3502
3607
3517
3303
3048
2615
2071
1474
814
201
-449
-1070
-1519
-1937
-2228
-2403
-2495
-2416
-2332
-2171
-1929
-1703
-1461
-1270
-1108
-963
-896
-902
-912
-984
-1070
-1187
-1328
-1396
-1501
-1560
-1579
-1567
-1487
-1398
-1250
-1051
-819
-586
-297
-11
284
584
808
1070
1232
1329
1385
1341
1262
1102
895
712
556
375
332
353
467
723
920
1338
1710
2008
2364
2477
2622
2516
2169
1827
1204
504
-314
-1206
-1977
-2781
-3532
-4036
-4418
-4651
-4668
-4586
-4194
-3764
-3288
-2592
-1947
-1223
-598
0
634
1073
1422
1696
1910
2019
2006
1963
1965
1921
1841
1850
1924
2068
2189
2373
2660
2895
3094
3238
3360
3382
3234
3002
2690
2262
1709
1119
533
-53
-654
-1180
-1561
-1880
-2109
-2234
-2214
-2107
-2006
-1815
-1588
-1351
-1177
-1052
-888
-821
-807
-861
-921
-976
-1135
-1273
-1395
-1487
-1581
-1679
-1688
-1651
-1601
-1527
-1372
-1171
-938
-727
-450
-121
138
423
633
874
1035
1036
1103
1033
936
777
561
503
355
294
364
514
794
1040
1411
1846
2198
2450
2612
2686
2557
2204
1692
1113
339
-561
-1463
-2320
-3060
-3815
-4330
-4627
-4766
-4703
-4529
-4045
-3488
-2901
-2199
-1471
-683
-16
585
1178
1655
1971
2201
2350
2421
2391
2233
2176
2090
1999
1978
1958
2102
2244
2420
2694
2927
3157
3322
3396
3431
3335
3068
2716
2214
1663
1062
355
-267
-915
-1474
-1902
-2247
-2401
-2508
-2478
-2320
-2120
-1857
-1599
-1346
-1155
-1047
-974
-937
-1009
-1154
-1328
-1508
-1671
-1879
-2024
-2128
-2209
-2213
-2194
-2075
-1905
-1731
-1497
-1238
-927
-585
-292
23
350
626
900
1078
1225
1310
1281
1238
1132
981
837
719
629
673
779
1057
1382
1670
2164
2562
2978
3195
3252
3298
2952
2493
1835
1091
204
-906
-1879
-2770
-3565
-4312
-4809
-5021
-5063
-4962
-4631
-4015
-3400
-2720
-2001
-1174
-402
164
772
1262
1641
1842
1930
2055
2005
1866
1737
1643
1588
1513
1525
1692
1890
2096
2384
2719
3044
3265
3379
3483
3427
3190
2874
2417
1915
1272
592
26
-583
-1107
-1547
-1843
-1974
-2070
-2004
-1828
-1606
-1372
-1148
-881
-695
-627
-632
-696
-816
-1053
-1317
-1560
-1807
-2065
-2290
-2410
-2466
-2489
-2479
-2357
-2179
-1983
-1757
-1491
-1150
-853
-529
-182
166
487
741
1007
1196
1307
1336
1323
1258
1115
960
841
768
701
769
957
1268
1596
1936
2414
2802
3110
3250
3272
3163
2738
2145
1427
618
-370
-1436
-2408
-3234
-3975
-4620
-4942
-5036
-4937
-4697
-4237
-3533
-2861
-2159
-1420
-662
4
490
940
1312
1515
1571
1595
1588
1518
1370
1274
1292
1274
1336
1486
1741
2050
2295
2654
3007
3276
3439
3491
3483
3297
2934
2481
1981
1370
709
82
-452
-891
-1289
-1513
-1570
-1529
-1401
-1200
-915
-625
-416
-247
-109
-122
-238
-459
-746
-1065
-1500
-1886
-2221
-2543
-2780
-2944
-2963
-2895
-2801
-2594
-2309
-2015
-1704
-1389
-1046
-710
-455
-170
106
324
522
660
811
890
898
915
883
853
785
792
843
944
1158
1433
1831
2185
2591
3006
3299
3479
3463
3317
2943
2318
1533
654
-349
-1431
-2468
-3388
-4108
-4713
-5056
-5119
-4980
-4612
-4113
-3434
-2677
-1932
-1187
-502
80
551
906
1134
1247
1230
1193
1127
1004
936
909
1006
1155
1345
1695
2078
2502
2887
3218
3558
3729
3763
3661
3400
3041
2515
1894
1262
598
-15
-545
-979
-1224
-1332
-1287
-1067
-799
-414
-9
342
641
772
825
732
442
45
-456
-996
-1582
-2173
-2668
-3056
-3356
-3539
-3557
-3446
-3228
-2955
-2608
-2179
-1794
-1433
-1084
-777
-515
-344
-194
-21
92
171
245
301
371
429
498
620
708
822
1003
1224
1584
1984
2415
2833
3142
3496
3771
3865
3754
3380
2850
2083
1133
163
-854
-1936
-3033
-3952
-4562
-4940
-5136
-5058
-4721
-4237
-3616
-2873
-1996
-1201
-627
-125
281
581
707
685
640
474
266
155
181
292
419
671
1107
1641
2181
2759
3341
3825
4137
4292
4340
4169
3753
3154
2447
1687
835
5
-689
-1229
-1587
-1766
-1680
-1382
-925
-325
354
1037
1594
2033
2318
2376
2168
1732
1164
409
-467
-1377
-2185
-2872
-3487
-3889
-4054
-4002
-3835
-3549
-3075
-2541
-2065
-1684
-1335
-1049
-895
-867
-887
-948
-1079
-1197
-1223
-1127
-1010
-848
-591
-238
179
587
1078
1530
1957
2344
2740
3248
3591
3872
3981
4006
3980
3681
3350
2766
2047
1152
121
-752
-1673
-2506
-3348
-4023
-4413
-4616
-4528
-4268
-3785
-3266
-2713
-2089
-1462
-897
-569
-361
-284
-278
-335
-404
-397
-422
-399
-284
43
521
1024
1603
2214
2840
3380
3839
4246
4453
4385
4071
3617
3035
2263
1371
480
-374
-1160
-1782
-2115
-2164
-2013
-1631
-991
-164
724
1577
2371
3011
3399
3532
3397
2986
2323
1464
538
-410
-1318
-2098
-2715
-3099
-3265
-3200
-2959
-2608
-2209
-1820
-1451
-1187
-1030
-1060
-1250
-1523
-1899
-2264
-2632
-2906
-3043
-3055
-2841
-2425
-1830
-1146
-409
374
1134
1843
2408
2899
3274
3481
3687
3756
3822
3742
3475
3281
2871
2459
1868
1172
496
-401
-1196
-1979
-2644
-3262
-3822
-4149
-4275
-4176
-3992
-3589
-3134
-2660
-2189
-1776
-1309
-1034
-861
-755
-698
-584
-480
-250
64
424
866
1403
2056
2705
3312
3811
4192
4412
4458
4401
4140
3668
2984
2202
1395
548
-261
-1013
-1648
-2143
-2411
-2360
-2063
-1579
-947
-182
691
1544
2341
2995
3396
3523
3391
3089
2597
1911
1110
308
-450
-1098
-1579
-1858
-1968
-1989
-1862
-1621
-1319
-1091
-971
-928
-1059
-1319
-1749
-2226
-2735
-3319
-3801
-4181
-4342
-4292
-4057
-3530
-2827
-1982
-1058
-131
819
1660
2319
2806
3116
3322
3386
3442
3502
3522
3475
3285
3207
3000
2681
2212
1524
835
-134
-1084
-1972
-2819
-3565
-4309
-4753
-4905
-4796
-4487
-3915
-3185
-2456
-1763
-1161
-507
-134
-15
-21
-152
-233
-356
-269
60
466
995
1695
2619
3552
4390
5056
5545
5721
5518
5189
4558
3626
2398
1034
-177
-1426
-2488
-3268
-3794
-4014
-3955
-3429
-2563
-1548
-481
623
1681
2565
3251
3635
3768
3552
3044
2439
1716
1025
308
-330
-733
-1003
-1082
-999
-801
-565
-380
-245
-142
-230
-525
-926
-1484
-2071
-2692
-3248
-3660
-4017
-4235
-4252
-4076
-3686
-3137
-2538
-1836
-1151
-495
219
788
1342
1716
1919
2279
2555
3072
3631
4124
4634
4731
4842
4714
4273
3515
2269
912
-682
-2294
-3703
-4855
-5778
-6464
-6756
-6487
-5670
-4656
-3337
-2019
-830
118
623
982
907
411
-295
-1051
-1558
-1805
-1726
-1150
-203
965
2380
3884
5380
6592
7310
7626
7433
6735
5617
4167
2513
761
-992
-2422
-3428
-4075
-4284
-4150
-3624
-2875
-2072
-1131
-227
507
1021
1326
1514
1584
1497
1404
1323
1233
1215
1193
1306
1460
1554
1614
1523
1317
958
463
-63
-630
-1211
-1746
-2200
-2537
-2736
-2770
-2649
-2465
-2268
-2091
-1916
-1849
-1848
-1902
-2039
-2166
-2359
-2394
-2299
-1982
-1484
-921
-196
504
1424
2281
3367
4503
5378
6065
6132
6134
5593
4629
3390
1697
-47
-2053
-3743
-4952
-5778
-6263
-6444
-6209
-5599
-4664
-3566
-2233
-1156
-448
-151
-178
-252
-649
-1141
-1590
-1905
-1919
-1562
-657
681
2053
3333
4545
5523
6181
6375
6127
5493
4403
3179
2081
1183
494
-47
-371
-415
-326
-155
33
68
-77
-510
-1041
-1495
-1943
-2263
-2443
-2321
-1886
-1176
-196
904
1917
2710
3276
3537
3508
3119
2500
1644
648
-256
-985
-1451
-1771
-1871
-1798
-1571
-1337
-1153
-1018
-1042
-1187
-1546
-1870
-2165
-2436
-2646
-2739
-2551
-2292
-1956
-1568
-1096
-657
-327
-64
111
160
107
227
609
1444
2463
3571
4558
5208
5635
5527
5062
4031
2452
524
-1614
-3478
-4954
-5950
-6519
-6676
-6437
-5693
-4561
-3206
-1824
-824
-215
-137
-385
-746
-1230
-1639
-1927
-1912
-1407
-408
1063
2753
4310
5515
6249
6438
6175
5413
4281
2901
1385
133
-709
-961
-732
-212
474
1187
1760
2121
2184
1850
1179
132
-942
-1842
-2429
-2616
-2494
-1998
-1195
-239
787
1706
2334
2583
2337
1809
1160
413
-230
-827
-1198
-1321
-1273
-934
-562
-205
-48
-167
-504
-1058
-1680
-2287
-2784
-3117
-3174
-2951
-2459
-1797
-1048
-328
214
479
486
353
34
-414
-917
-1389
-1564
-1412
-703
715
2339
4047
5272
6011
6262
5661
4572
2887
867
-1231
-3194
-4449
-4936
-4899
-4439
-3785
-3014
-2161
-1529
-950
-678
-947
-1592
-2566
-3346
-3798
-3890
-3393
-2455
-1140
522
2301
4163
5679
6468
6559
5864
4667
3220
1727
511
-447
-1070
-1164
-772
30
992
1759
2257
2287
1860
1232
432
-292
-965
-1496
-1613
-1312
-588
364
1282
2054
2491
2472
2148
1510
691
-254
-1249
-1891
-2149
-1942
-1378
-678
66
591
802
750
382
-245
-1077
-2042
-2822
-3325
-3397
-3024
-2379
-1527
-715
-10
515
787
765
432
-178
-834
-1397
-1665
-1622
-1363
-877
-339
445
1380
2555
3624
4237
4274
3657
2705
1476
287
-761
-1636
-2286
-2577
-2323
-1648
-853
-327
-137
-390
-919
-1498
-1963
-2234
-2545
-2868
-3025
-2896
-2395
-1599
-675
250
886
1329
1765
2231
2668
2864
2826
2599
2210
1883
1800
1900
1920
1627
1163
694
256
-160
-510
-817
-1169
-1484
-1508
-1036
-274
492
1102
1558
1920
2165
2335
2420
2282
1823
1169
580
239
58
-69
-178
-307
-386
-381
-268
-164
-284
-697
-1270
-1831
-2181
-2312
-2225
-2044
-1900
-1701
-1415
-895
-365
-6
96
-73
-300
-599
-780
-827
-837
-853
-820
-608
-220
221
478
819
1072
1620
2258
2712
3041
2672
1999
903
-269
-1193
-2035
-2631
-3018
-3051
-2626
-1904
-1244
-694
-564
-701
-953
-1191
-1018
-786
-630
-618
-653
-479
-110
368
938
1257
1276
1142
1075
1315
1598
1805
1813
1627
1408
1291
1437
1661
1655
1282
713
130
-291
-527
-585
-601
-766
-909
-823
-358
283
752
1021
1123
1153
1271
1482
1830
2008
1824
1416
1021
818
703
508
200
-168
-523
-683
-651
-530
-560
-965
-1562
-2176
-2540
-2602
-2475
-2251
-2045
-1765
-1344
-743
-167
274
390
219
-83
-396
-470
-493
-431
-394
-351
-242
-129
13
155
396
746
1373
1964
2422
2425
1933
1083
-60
-1074
-1903
-2406
-2689
-2681
-2361
-1834
-1356
-1127
-1170
-1471
-1797
-1913
-1540
-796
-18
549
863
1060
1192
1318
1449
1500
1384
1185
1171
1541
2144
2710
2919
2711
2140
1452
891
535
328
62
-188
-342
-238
82
432
606
420
-74
-638
-958
-967
-689
-327
85
550
1009
1558
2008
2169
1858
1059
140
-566
-954
-973
-825
-614
-361
-187
67
263
186
-272
-1160
-2084
-2698
-2894
-2622
-2107
-1581
-1076
-726
-345
32
220
229
-54
-330
-479
-392
-60
361
654
696
446
109
-197
-386
-220
281
1162
2008
2643
2856
2487
1518
83
-1402
-2658
-3471
-3806
-3481
-2729
-1808
-1084
-743
-714
-1068
-1515
-1745
-1542
-950
-255
324
776
970
992
1001
1009
1109
1119
1150
1409
1868
2479
2994
3162
2916
2154
1178
377
-97
-178
-59
204
607
1011
1391
1662
1661
1303
524
-322
-875
-987
-644
-97
524
986
1218
1283
1224
1012
529
-178
-904
-1367
-1467
-1204
-801
-466
-360
-509
-702
-893
-1058
-1333
-1746
-2155
-2394
-2287
-1861
-1320
-870
-667
-645
-642
-509
-170
221
535
700
767
803
834
804
591
203
-402
-943
-1253
-1133
-483
515
1818
2852
3414
3260
2449
1145
-423
-1804
-2800
-3164
-3068
-2500
-1736
-1047
-676
-917
-1489
-2133
-2520
-2351
-1525
-251
1001
1723
1788
1364
597
-81
-489
-519
-100
604
1520
2563
3418
3821
3455
2350
872
-598
-1526
-1653
-1078
-113
920
1700
2123
2165
1866
1321
565
-84
-394
-133
708
1815
2763
3166
2917
2098
1039
67
-575
-892
-977
-891
-698
-435
-288
-420
-903
-1563
-2176
-2493
-2361
-1849
-1201
-812
-826
-1154
-1548
-1865
-2120
-2281
-2276
-2035
-1542
-805
57
815
1196
1165
870
564
375
324
356
409
349
181
16
-140
-9
358
1059
1826
2294
2361
1893
1040
-76
-1175
-2058
-2575
-2814
-2741
-2345
-1882
-1503
-1493
-1655
-1766
-1651
-1092
-124
1026
1906
2113
1634
730
-278
-1004
-1255
-948
-218
729
1710
2557
3052
3072
2541
1577
445
-507
-872
-598
150
998
1571
1725
1383
780
170
-280
-414
-234
294
1177
2202
3099
3552
3394
2736
1763
819
218
68
263
571
722
638
269
-305
-1000
-1758
-2347
-2661
-2582
-2167
-1614
-1143
-1056
-1380
-1993
-2586
-2838
-2691
-2252
-1704
-1175
-755
-426
-265
-143
-169
-298
-340
-328
-19
383
712
792
505
44
-386
-661
-587
-2
970
2238
3081
3283
2774
1660
263
-1208
-2297
-2776
-2714
-2412
-1896
-1501
-1350
-1619
-2161
-2518
-2473
-1837
-657
883
2303
3079
2892
1983
721
-404
-982
-882
-114
915
1920
2631
2910
2676
1966
886
-234
-1040
-1216
-634
388
1496
2140
2089
1385
354
-499
-876
-734
-182
623
1510
2327
2825
2867
2396
1539
626
45
44
602
1400
2000
2074
1530
604
-422
-1248
-1791
-1988
-1819
-1398
-839
-415
-306
-694
-1561
-2651
-3477
-3705
-3294
-2469
-1645
-993
-755
-814
-999
-1114
-1038
-885
-650
-330
136
567
863
767
330
-276
-828
-1005
-724
61
1132
2318
2990
2958
2236
1055
-91
-1084
-1721
-1911
-1689
-1353
-955
-803
-1078
-1685
-2524
-3068
-2999
-2265
-1030
469
1704
2226
1938
1027
32
-552
-513
80
1099
2147
2918
3306
3071
2306
1345
407
-225
-308
24
734
1598
2123
2098
1521
462
-642
-1287
-1357
-813
93
967
1671
2069
2009
1620
1084
514
166
143
454
1014
1596
1850
1597
873
-124
-971
-1389
-1316
-912
-362
74
291
240
-116
-707
-1468
-2209
-2699
-2699
-2263
-1606
-1079
-930
-1182
-1683
-2133
-2290
-2035
-1539
-951
-460
-79
153
221
96
-157
-396
-526
-372
14
662
1443
2183
2522
2300
1518
483
-333
-816
-873
-731
-585
-579
-638
-789
-1049
-1461
-2064
-2510
-2543
-2020
-1091
-39
755
1060
771
30
-699
-989
-589
330
1404
2211
2553
2404
1945
1378
848
492
382
634
1200
1936
2532
2748
2484
1794
882
-7
-568
-660
-280
307
811
1029
918
598
188
-163
-392
-433
-299
10
418
807
1036
952
599
105
-305
-485
-390
-126
199
444
499
360
50
-346
-770
-1111
-1300
-1241
-1006
-757
-646
-768
-1115
-1607
-2047
-2289
-2200
-1820
-1306
-813
-463
-320
-366
-510
-661
-706
-621
-417
-147
102
249
294
312
403
591
793
886
793
588
371
259
251
254
161
-83
-401
-705
-895
-1000
-1059
-1098
-1090
-964
-705
-344
-23
149
95
-97
-281
-316
-178
28
194
252
259
304
471
749
1065
1310
1421
1426
1393
1408
1482
1588
1668
1694
1669
1625
1584
1542
1466
1305
1032
652
240
-122
-368
-473
-463
-380
-280
-195
-136
-91
-75
-98
-164
-248
-297
-284
-189
-12
240
480
597
495
184
-182
-438
-492
-417
-361
-468
-740
-1105
-1431
-1650
-1763
-1797
-1792
-1726
-1609
-1413
-1211
-1039
-918
-829
-720
-609
-477
-390
-378
-513
-750
-969
-1015
-792
-350
212
716
1078
1228
1207
1072
892
718
575
507
524
626
742
832
834
745
574
360
168
37
6
31
69
35
-103
-339
-611
-815
-874
-741
-473
-127
191
408
476
398
258
153
177
338
612
951
1307
1613
1801
1800
1571
1155
633
154
-178
-323
-328
-286
-271
-316
-400
-486
-536
-536
-492
-429
-342
-229
-74
104
272
404
511
625
753
893
995
1031
977
871
743
607
436
190
-123
-469
-781
-1019
-1159
-1228
-1251
-1262
-1268
-1259
-1235
-1191
-1134
-1070
-1037
-1044
-1098
-1165
-1211
-1200
-1096
-890
-587
-256
43
233
308
294
266
301
428
624
815
951
1007
1022
1021
1015
976
878
713
514
355
271
242
180
15
-260
-568
-821
-961
-1009
-1028
-1038
-1021
-907
-679
-385
-147
-46
-77
-137
-77
190
633
1115
1478
1641
1622
1504
1368
1255
1150
1015
836
646
472
309
119
-125
-399
-642
-782
-785
-679
-543
-441
-398
-387
-356
-259
-80
173
448
666
790
814
777
707
632
574
547
547
537
472
304
44
-242
-486
-656
-750
-769
-723
-624
-523
-461
-461
-510
-582
-672
-769
-861
-931
-952
-912
-829
-713
-586
-459
-367
-333
-356
-394
-366
-212
71
385
627
734
718
641
567
543
558
576
568
541
520
497
428
261
-9
-325
-596
-756
-805
-806
-830
-903
-985
-1007
-939
-809
-684
-596
-526
-402
-165
190
596
942
1154
1210
1153
1050
964
928
936
963
980
968
904
756
522
240
-15
-169
-205
-160
-112
-127
-227
-363
-442
-395
-227
-2
210
363
445
469
472
473
456
412
346
287
247
213
165
73
-84
-295
-504
-628
-625
-492
-268
-19
184
274
235
102
-65
-222
-341
-396
-376
-300
-198
-93
-16
-31
-174
-418
-680
-870
-933
-857
-669
-444
-264
-164
-130
-125
-120
-94
-21
106
259
395
477
478
372
149
-136
-392
-556
-605
-560
-471
-409
-420
-496
-592
-671
-717
-726
-678
-559
-356
-72
267
580
784
841
776
668
595
601
676
772
839
857
836
770
643
454
230
31
-73
-57
53
174
222
165
37
-84
-125
-51
123
341
556
727
824
829
720
521
291
95
-17
-41
-26
-45
-149
-323
-497
-602
-603
-513
-379
-243
-127
-21
80
140
129
52
-63
-150
-143
-18
183
378
482
449
288
41
-226
-464
-650
-765
-800
-764
-679
-582
-527
-533
-585
-622
-597
-489
-323
-164
-70
-75
-171
-292
-374
-375
-303
-200
-125
-101
-121
-165
-207
-236
-254
-274
-290
-275
-210
-100
38
179
307
406
479
537
606
689
771
814
804
748
660
561
481
434
413
372
283
155
25
-70
-112
-102
-66
-56
-97
-154
-146
-36
126
264
366
462
564
649
687
666
600
493
358
210
61
-76
-203
-323
-447
-550
-590
-555
-479
-415
-363
-282
-164
-58
-16
-33
-42
8
115
231
316
355
345
293
228
186
148
48
-143
-377
-560
-640
-613
-531
-468
-470
-547
-649
-702
-678
-600
-527
-484
-441
-369
-269
-172
-109
-99
-142
-203
-230
-197
-122
-64
-60
-91
-111
-66
45
194
327
399
425
454
516
596
645
631
562
483
450
483
539
539
438
269
111
15
-30
-70
-121
-170
-176
-119
-31
14
-35
-143
-204
-156
-29
101
195
262
319
361
371
353
330
333
375
437
460
393
232
18
-195
-380
-512
-557
-507
-388
-264
-182
-157
-168
-185
-199
-212
-221
-208
-145
-28
112
229
288
294
274
247
215
167
87
-24
-138
-214
-226
-189
-157
-178
-259
-372
-472
-520
-492
-390
-245
-95
20
75
49
-42
-157
-254
-296
-282
-233
-177
-140
-142
-177
-226
-254
-230
-146
-16
124
245
329
382
415
439
457
466
463
447
426
395
341
262
144
-5
-157
-286
-366
-384
-346
-267
-172
-77
8
67
86
61
7
-42
-40
33
158
283
358
370
355
357
388
420
411
333
204
65
-46
-122
-172
-215
-244
-248
-209
-123
-23
49
66
32
-20
-40
-9
46
81
65
7
-46
-45
21
117
181
176
123
67
38
34
20
-32
-126
-239
-323
-353
-339
-312
-295
-290
-275
-237
-178
-133
-133
-186
-255
-277
-215
-90
37
94
47
-81
-226
-327
-359
-338
-295
-240
-163
-63
57
172
247
264
259
281
363
484
575
584
486
312
129
-11
-99
-157
-206
-242
-240
-185
-95
-9
32
19
-15
-26
13
82
143
179
209
263
352
455
528
543
496
416
330
236
124
-14
-157
-271
-332
-345
-339
-344
-361
-365
-335
-268
-185
-109
-47
5
55
97
111
98
70
52
61
88
112
110
81
46
32
31
22
-15
-85
-158
-197
-188
-140
-98
-103
-161
-232
-275
-271
-233
-204
-211
-248
-273
-245
-158
-45
49
95
93
69
47
32
14
-9
-26
-16
33
122
217
279
289
263
237
257
340
454
543
553
467
309
133
-20
-131
-207
-260
-282
-256
-181
-89
-31
-49
-137
-247
-312
-284
-177
-45
64
135
191
260
335
392
402
360
296
249
227
204
135
-1
-188
-377
-512
-570
-560
-519
-489
-482
-491
-496
-463
-375
-240
-89
46
144
203
237
256
264
256
226
202
205
237
282
296
243
121
-32
-140
-160
-95
0
60
55
-20
-118
-188
-218
-221
-225
-236
-229
-187
-109
-18
45
62
50
43
79
149
226
267
253
207
174
187
251
332
390
398
363
316
293
313
349
364
328
233
106
-22
-123
-180
-197
-195
-193
-208
-249
-314
-392
-463
-513
-525
-490
-406
-285
-150
-32
44
80
84
86
104
148
207
261
290
277
217
124
17
-84
-167
-235
-295
-354
-411
-469
-530
-594
-649
-674
-637
-522
-342
-140
31
132
164
164
181
245
346
453
546
613
661
685
673
609
488
336
205
137
147
199
234
209
121
8
-88
-151
-188
-219
-255
-288
-296
-266
-209
-156
-139
-154
-181
-188
-152
-96
-46
-25
-28
-21
25
123
251
363
420
419
389
360
353
363
361
325
244
136
27
-66
-144
-211
-272
-323
-355
-374
-395
-437
-511
-584
-612
-561
-420
-232
-63
47
83
73
58
75
135
217
307
393
465
508
495
405
251
76
-70
-146
-158
-146
-166
-243
-367
-494
-577
-592
-539
-441
-336
-249
-191
-162
-151
-141
-112
-43
76
218
349
437
474
469
443
417
398
385
377
365
348
330
300
254
188
117
49
-11
-64
-118
-174
-230
-280
-322
-343
-344
-330
-309
-281
-243
-204
-175
-167
-163
-150
-116
-60
11
92
170
229
272
309
345
374
387
394
408
417
412
378
315
225
115
5
-94
-176
-248
-314
-370
-403
-407
-392
-368
-340
-309
-277
-236
-174
-94
-11
65
127
186
242
288
318
323
302
254
181
96
6
-86
-168
-238
-280
-291
-283
-268
-268
-289
-319
-348
-356
-338
-299
-251
-201
-151
-91
-14
76
160
232
288
332
368
392
393
362
309
243
189
167
172
196
216
215
192
155
109
63
26
-14
-52
-90
-125
-158
-189
-216
-239
-257
-265
-253
-221
-177
-132
-99
-82
-71
-54
-20
38
114
195
268
322
352
362
353
330
298
259
215
169
121
70
11
-54
-124
-190
-244
-281
-297
-298
-289
-277
-267
-256
-241
-210
-160
-88
0
99
201
297
375
427
446
428
373
296
211
130
66
20
-21
-56
-97
-146
-198
-252
-308
-359
-399
-424
-433
-426
-403
-379
-352
-325
-289
-240
-172
-81
22
122
206
262
283
274
237
185
136
108
111
140
186
232
261
262
234
181
119
60
15
-11
-21
-17
-11
-7
-11
-19
-32
-53
-77
-101
-122
-134
-140
-137
-126
-107
-79
-44
1
57
121
183
237
277
296
295
278
247
212
175
139
104
69
30
-18
-75
-138
-200
-250
-282
-289
-284
-272
-256
-245
-229
-203
-157
-91
-6
93
192
278
336
353
329
272
199
130
80
53
42
33
12
-28
-85
-150
-210
-254
-280
-280
-266
-246
-230
-223
-226
-235
-233
-210
-162
-94
-21
45
90
105
93
61
25
-2
-9
5
38
78
119
150
162
147
109
59
7
-34
-54
-48
-26
6
38
66
81
85
77
64
47
31
16
7
4
7
16
31
51
73
100
125
150
174
191
205
205
191
169
137
105
73
46
26
13
2
-14
-36
-70
-112
-161
-209
-249
-277
-287
-288
-277
-262
-242
-214
-172
-114
-44
38
122
195
252
285
289
266
223
165
105
49
3
-35
-70
-105
-143
-183
-216
-236
-240
-224
-194
-157
-122
-90
-60
-35
-8
19
48
79
108
137
159
176
177
159
130
96
64
40
27
21
17
12
8
3
-3
-13
-24
-37
-49
-54
-48
-30
-10
11
24
28
25
19
12
0
-20
-40
-55
-59
-47
-20
14
46
74
99
124
148
166
177
181
169
148
126
97
69
38
-1
-44
-89
-131
-163
-186
-204
-221
-233
-238
-240
-228
-212
-191
-165
-134
-96
-50
-1
50
97
139
174
201
218
221
212
193
165
131
95
58
21
-18
-57
-93
-123
-146
-158
-162
-158
-147
-129
-102
-73
-40
-8
22
50
78
103
130
153
171
183
185
179
165
146
118
88
56
25
-3
-25
-47
-66
-82
-98
-109
-117
-121
-121
-115
-107
-97
-86
-75
-65
-57
-51
-46
-41
-36
-28
-19
-2
15
32
51
66
79
93
104
115
123
130
135
135
127
113
92
62
28
-7
-46
-84
-119
-146
-168
-185
-196
-205
-209
-206
-199
-180
-153
-117
-71
-20
36
94
149
195
234
260
274
279
276
264
242
214
177
131
79
23
-36
-96
-152
-199
-233
-254
-261
-256
-243
-219
-193
-165
-134
-101
-67
-35
1
38
72
104
129
147
151
144
130
114
100
91
83
76
72
70
67
59
48
32
15
0
-10
-17
-19
-18
-24
-32
-47
-64
-80
-92
-102
-108
-113
-111
-102
-88
-72
-56
-41
-24
-4
19
45
76
104
125
143
150
149
140
124
110
88
63
38
11
-12
-35
-59
-87
-114
-135
-152
-160
-158
-148
-128
-102
-70
-35
-1
30
53
71
86
92
96
96
95
90
82
70
55
37
17
-7
-28
-47
-66
-79
-90
-96
-95
-89
-79
-67
-57
-47
-33
-22
-12
-5
7
20
32
45
56
67
72
73
70
61
55
49
44
41
39
38
33
26
23
16
8
0
-7
-10
-13
-16
-17
-17
-16
-16
-14
-12
-12
-11
-11
-13
-13
-12
-8
-5
1
7
16
27
37
46
53
58
61
59
54
50
43
32
26
16
4
-9
-26
-44
-61
-78
-92
-102
-110
-111
-109
-105
-94
-82
-70
-56
-40
-22
-5
13
31
46
59
67
71
67
59
45
28
13
-4
-20
-36
-47
-57
-62
-61
-61
-56
-50
-44
-36
-28
-21
-14
-5
6
17
27
38
49
57
61
64
65
62
61
59
59
57
54
52
50
46
44
42
45
44
42
38
32
29
23
18
11
5
-4
-11
-17
-21
-23
-26
-32
-39
-44
-46
-45
-37
-33
-29
-28
-25
-15
-3
3
2
-4
-13
-11
-5
1
0
-12
-24
-31
-28
-20
-19
-23
-34
-47
-52
-49
-42
-34
-33
-37
-38
-31
-18
-4
10
18
26
36
45
50
55
56
56
56
50
39
21
2
-7
-8
-6
-11
-19
-30
-34
-27
-15
-8
-5
-9
-10
-5
5
18
25
25
21
18
19
24
26
26
20
10
2
-2
1
4
9
9
4
-1
-2
-1
5
9
4
1
-3
-6
-5
0
4
4
0
-5
-9
-7
-4
-7
-9
-13
-17
-17
-14
-11
-9
-9
-8
-4
0
6
10
12
12
12
12
13
14
10
6
0
-6
-12
-14
-18
