14
-6
-5
2
4
-2
-8
3
7
2
-11
-1
7
-15
-7
10
-9
-21
1
7
-8
-7
2
7
-7
-18
7
3
-7
-5
13
4
-12
9
5
2
-4
7
9
1
-3
11
17
-4
-3
20
7
-13
12
10
-1
-2
8
9
-13
5
12
-9
2
7
2
0
-6
6
9
-11
-4
19
-6
-13
25
-15
-11
21
-14
5
3
-19
2
15
-19
-11
31
-19
-19
16
-11
-13
5
7
-10
-3
3
-2
0
-6
-3
1
-14
-10
11
-3
-10
3
-1
-9
-6
-3
3
-1
-10
4
7
-13
-2
17
-6
-11
19
9
-9
13
16
-9
16
-1
-7
34
-13
-11
40
-6
-27
32
3
-20
14
4
-4
3
-4
5
3
-14
3
7
-8
-3
4
-1
-4
-5
-2
2
5
-22
7
20
-28
-3
1
12
-12
-33
43
-2
-53
17
22
-33
-10
24
25
-37
-42
105
-28
-143
175
42
-233
157
134
-286
95
194
-164
-50
100
46
-94
-15
88
-11
-124
74
108
-141
36
64
-68
47
-67
10
118
-57
-93
35
91
-93
-36
69
67
-144
-76
274
-160
-45
215
-287
111
198
-361
182
187
-292
59
103
-103
34
75
-117
45
24
-37
-7
25
143
-147
-231
391
-12
-384
326
169
-475
152
421
-564
168
316
-413
154
81
-233
346
-160
-274
477
-324
-256
645
-301
-287
502
-295
-62
213
-170
14
204
-157
-193
379
-48
-436
497
10
-584
584
-69
-439
474
41
-381
265
103
-460
340
157
-549
544
199
-808
487
237
-784
436
435
-496
6
262
-156
-164
46
191
94
-261
33
242
-299
-90
427
-143
-172
130
-36
-15
-162
69
412
-244
-328
370
-46
-335
313
73
-212
249
-148
-190
177
-99
72
196
-230
8
116
-248
69
157
-54
15
-56
34
18
-248
153
253
-199
-137
202
-89
-58
178
-119
68
99
-190
-104
194
40
-52
70
-14
-75
68
-45
-151
218
85
-106
-22
-69
208
-159
-194
327
-40
-93
17
99
-52
-177
208
-49
-163
216
-25
-26
21
-75
66
13
-129
15
159
-73
-51
163
-85
-123
105
-37
-52
45
85
-73
16
54
-127
59
34
-127
-53
207
74
-405
319
262
-677
306
74
-284
434
-62
-311
204
115
-405
73
359
-199
-87
251
-189
-132
148
26
-36
25
64
47
-208
90
94
-196
151
61
-88
36
73
-137
25
49
44
-99
119
35
-297
320
-54
-229
330
-50
-276
150
102
-144
97
137
-349
139
198
-348
149
228
-212
-79
44
142
-137
-151
340
-68
-258
137
129
-189
84
122
-274
124
73
-207
275
26
-393
290
45
-327
284
130
-262
77
23
-55
10
-58
223
-139
-30
142
-239
16
214
-129
4
152
-219
-86
374
-302
-184
610
-323
-280
494
-183
-104
161
-172
80
101
-147
-7
204
-89
-103
84
-77
62
37
-131
204
0
-251
255
-26
-340
390
55
-400
278
138
-353
53
320
-361
-17
509
-546
0
569
-661
159
587
-817
158
630
-743
107
507
-398
73
55
-208
120
197
-308
-73
478
-216
-334
267
166
-230
-121
210
94
-293
208
-53
-127
214
-221
35
165
62
-320
89
356
-444
39
469
-381
-89
394
-314
-42
380
-189
-250
348
36
-453
310
368
-584
101
403
-474
96
325
-278
16
181
-234
-61
210
152
-279
71
227
-391
100
231
-193
-1
167
-73
-145
151
-14
-148
118
-40
-53
268
-104
-255
53
65
-49
96
120
-156
-57
33
-270
188
357
-344
-1
88
-179
68
104
-29
-31
-16
-10
-31
44
143
-117
-139
150
-3
-108
172
111
-243
-47
166
-94
-27
199
-63
-104
53
-16
37
43
30
1
-111
61
35
-65
117
-77
-118
119
44
-62
59
44
-123
-38
29
67
50
-37
-26
-107
-41
110
-8
-58
88
27
-101
26
77
-13
2
-36
-47
58
27
-79
-20
39
2
-107
102
131
-167
86
78
-136
114
64
-161
66
35
-221
78
113
-116
63
85
-137
0
122
-84
2
169
-50
-70
-10
-32
15
9
1
-7
3
30
-52
-44
84
13
-82
-61
116
34
-76
-4
18
-19
-30
-9
44
90
-102
-95
149
18
-164
83
76
-144
-59
83
62
30
-45
-58
53
-43
-56
98
141
-96
-150
115
27
-106
70
18
-50
-15
2
110
-3
-105
23
31
17
-23
-10
123
-65
-64
84
59
-47
-92
42
38
21
45
-43
-20
48
-113
-5
134
-4
-61
-6
-12
-24
12
11
66
-47
-64
27
-6
66
-28
-51
127
-87
-133
133
100
-55
-65
23
2
15
-47
6
129
-91
-105
81
54
-74
25
12
-79
-26
35
82
-1
-72
-64
53
9
-49
61
66
-77
-134
83
118
-60
-22
18
-64
-23
34
60
50
-60
-89
24
70
-61
21
106
-73
-81
47
41
-7
-1
8
9
15
22
-47
7
47
-44
12
82
-43
-41
63
-7
-22
37
9
-24
-5
-17
42
46
-31
-23
-20
4
17
-7
11
-4
-31
-21
-11
10
1
-44
5
19
-7
15
-44
-46
-3
24
23
5
-31
-14
14
-13
11
24
-17
-51
5
24
24
19
-15
-16
-24
-19
36
45
7
-12
5
7
-34
22
53
18
26
0
-3
21
22
28
14
15
22
21
39
34
21
28
0
6
62
26
-4
4
-6
1
32
8
-10
24
-42
-80
-20
-45
-76
-55
-113
-136
-106
-135
-156
-175
-242
-283
-285
-266
-229
-216
-208
-220
-266
-247
-134
-108
-129
-81
-22
-6
61
140
130
148
132
204
396
319
280
506
508
442
486
500
606
631
488
496
449
340
476
529
410
341
274
227
205
209
292
159
-117
-61
92
-66
-171
-104
-76
-137
-365
-354
-99
-167
-184
139
296
336
236
15
-40
-158
-276
-143
-150
-358
-362
-357
-449
-554
-800
-1000
-1100
-1208
-1052
-909
-1018
-1052
-1204
-1486
-1566
-1643
-1701
-1506
-1434
-1354
-1058
-946
-832
-652
-665
-426
16
339
706
970
1197
1470
1538
1652
1950
2034
2077
2234
2186
2076
1977
1774
1757
1661
1396
1389
1253
897
696
549
421
269
97
119
21
-237
-366
-467
-627
-769
-767
-664
-594
-637
-685
-641
-733
-790
-590
-484
-403
-245
-218
-240
-347
-440
-265
-194
-333
-371
-390
-416
-408
-451
-539
-636
-758
-702
-408
-173
59
532
1039
1277
1118
593
144
20
106
451
706
478
66
-211
-209
-146
-396
-791
-1076
-1228
-1111
-700
-403
-658
-1331
-1916
-2143
-2122
-2028
-1791
-1508
-1428
-1331
-1039
-746
-683
-718
-420
234
879
1344
1595
1553
1316
1277
1716
2436
2996
3103
2859
2563
2368
2339
2380
2234
1852
1406
1199
1317
1315
882
233
-284
-450
-292
-12
104
-210
-821
-1245
-1224
-959
-792
-829
-950
-1096
-1270
-1324
-1198
-1079
-1047
-945
-669
-337
-186
-279
-432
-509
-496
-334
-51
171
133
-177
-476
-577
-623
-632
-467
-250
-263
-500
-673
-622
-432
-31
827
1803
2045
1366
493
96
191
544
1043
1342
949
149
-154
89
101
-404
-951
-1144
-1125
-972
-600
-438
-1054
-2062
-2575
-2459
-2298
-2348
-2281
-2054
-1965
-1833
-1350
-891
-911
-1042
-599
372
1203
1604
1719
1603
1387
1534
2297
3186
3579
3519
3341
3063
2702
2605
2824
2905
2611
2208
1896
1496
947
553
368
77
-303
-423
-284
-307
-671
-1082
-1324
-1498
-1521
-1183
-785
-783
-1140
-1469
-1573
-1565
-1444
-1101
-731
-618
-676
-637
-554
-612
-691
-567
-298
-114
-89
-196
-466
-863
-1081
-900
-566
-448
-559
-705
-874
-1105
-1211
-967
-369
515
1632
2542
2472
1327
132
-66
730
1767
2365
2163
1147
-26
-380
136
536
150
-634
-1138
-1212
-973
-599
-575
-1293
-2315
-2758
-2486
-2199
-2292
-2490
-2538
-2402
-1927
-1141
-608
-732
-1013
-668
275
1190
1714
1859
1701
1492
1760
2638
3490
3722
3482
3163
2839
2567
2601
2903
3007
2674
2180
1725
1168
583
261
163
-35
-396
-649
-727
-846
-1056
-1176
-1203
-1285
-1314
-1105
-839
-873
-1185
-1425
-1416
-1240
-961
-611
-384
-461
-666
-644
-398
-210
-158
-93
5
-7
-119
-205
-358
-679
-916
-800
-561
-608
-915
-1184
-1367
-1515
-1410
-895
-171
617
1518
2148
1805
628
-216
92
1098
1950
2230
1700
433
-651
-541
393
798
165
-800
-1427
-1593
-1239
-555
-353
-1158
-2300
-2778
-2626
-2515
-2568
-2499
-2317
-2097
-1634
-953
-643
-939
-1122
-480
683
1614
2043
2061
1773
1538
1924
2957
3929
4232
3923
3321
2708
2430
2679
3123
3260
2990
2516
1923
1204
541
160
12
-57
-50
-39
-277
-838
-1354
-1493
-1332
-1094
-860
-697
-773
-1092
-1372
-1395
-1252
-1062
-780
-462
-386
-658
-960
-972
-774
-571
-365
-190
-244
-587
-944
-1061
-1027
-985
-891
-774
-891
-1316
-1697
-1780
-1723
-1672
-1512
-1242
-1004
-574
502
1885
2350
1389
85
-204
651
1886
2776
2725
1429
-267
-727
459
1767
1706
511
-741
-1433
-1268
-203
851
526
-1141
-2583
-2848
-2512
-2255
-1989
-1756
-1932
-2215
-1860
-1110
-944
-1326
-1180
-167
909
1492
1720
1570
994
749
1724
3458
4524
4355
3582
2821
2304
2417
3301
4166
4074
3202
2346
1671
928
378
431
753
706
311
-106
-720
-1630
-2149
-1717
-885
-553
-804
-1304
-1986
-2639
-2655
-1872
-1019
-754
-945
-1251
-1636
-1935
-1714
-979
-332
-170
-325
-581
-964
-1343
-1337
-903
-463
-347
-517
-890
-1455
-1942
-1916
-1377
-816
-631
-800
-1079
-1077
-271
1324
2679
2645
1397
287
335
1373
2610
3238
2653
1091
-80
282
1608
2306
1673
358
-751
-1091
-410
785
1175
-22
-1925
-3058
-3048
-2485
-1837
-1392
-1582
-2351
-2810
-2373
-1603
-1229
-1050
-601
-49
281
542
840
874
731
1123
2282
3429
3780
3384
2678
1999
1835
2609
3827
4328
3667
2499
1523
979
993
1473
1795
1376
462
-296
-729
-1019
-1116
-928
-752
-920
-1313
-1727
-2183
-2557
-2467
-1856
-1223
-1028
-1229
-1629
-2073
-2183
-1617
-667
-63
-139
-614
-1105
-1382
-1187
-490
181
254
-213
-750
-1102
-1220
-1012
-575
-355
-580
-942
-1140
-1265
-1319
-965
-74
1032
1929
2288
1824
731
-15
460
1852
3043
3216
2259
696
-377
-57
1311
2368
2188
1020
-340
-1133
-864
193
924
454
-911
-2205
-2848
-2748
-2022
-1219
-1123
-1809
-2471
-2514
-2111
-1534
-824
-235
-123
-308
-276
20
288
590
1222
2015
2472
2483
2277
1976
1741
1986
2832
3638
3661
2934
2083
1528
1344
1548
1938
1978
1408
592
-3
-325
-487
-456
-287
-283
-665
-1235
-1702
-1989
-2065
-1859
-1456
-1177
-1258
-1602
-1948
-2100
-1965
-1554
-1057
-775
-849
-1150
-1382
-1334
-1024
-644
-388
-353
-549
-832
-949
-809
-585
-468
-414
-366
-410
-552
-610
-471
-205
79
368
605
721
878
1290
1823
2041
1747
1224
905
1005
1453
1911
1913
1333
635
408
751
1257
1417
984
126
-574
-580
48
661
648
-86
-1168
-2020
-2124
-1438
-587
-346
-893
-1772
-2397
-2367
-1636
-623
-7
-150
-759
-1267
-1323
-848
21
883
1294
1163
768
451
423
774
1415
2017
2210
1914
1367
920
836
1143
1607
1875
1717
1205
661
402
480
687
768
617
288
-55
-221
-139
36
58
-167
-510
-768
-838
-746
-606
-590
-797
-1140
-1401
-1459
-1368
-1253
-1202
-1249
-1376
-1517
-1600
-1582
-1471
-1314
-1165
-1060
-1037
-1100
-1139
-988
-619
-202
68
148
98
45
177
543
951
1116
967
721
614
733
1027
1329
1397
1150
783
556
561
711
869
911
769
506
303
282
413
574
653
591
410
219
138
189
271
285
195
27
-150
-249
-247
-219
-245
-323
-385
-413
-413
-385
-352
-354
-383
-371
-306
-253
-242
-214
-169
-182
-277
-378
-423
-412
-322
-142
15
8
-114
-178
-102
49
221
382
447
383
314
386
571
738
824
832
740
576
461
484
592
656
610
439
146
-176
-370
-364
-257
-242
-401
-705
-1045
-1266
-1261
-1093
-941
-942
-1074
-1204
-1214
-1072
-819
-568
-425
-391
-361
-247
-51
173
351
444
461
451
478
552
622
654
646
616
573
513
454
406
369
366
374
349
264
132
25
26
146
314
418
377
192
-39
-157
-80
139
357
425
292
62
-98
-63
140
356
435
328
122
-30
-44
55
146
127
11
-125
-200
-211
-214
-279
-426
-593
-691
-716
-724
-765
-836
-864
-803
-666
-527
-473
-495
-493
-367
-128
111
231
211
137
145
304
568
801
877
798
654
564
592
702
796
790
659
466
299
196
144
108
66
26
-4
-34
-87
-181
-286
-339
-307
-226
-174
-193
-270
-328
-314
-242
-176
-170
-219
-260
-245
-182
-112
-69
-47
-17
32
65
28
-81
-168
-140
12
198
268
146
-108
-326
-356
-190
46
175
112
-80
-257
-305
-209
-59
32
20
-45
-84
-39
64
155
165
95
18
28
157
337
441
393
219
38
-16
87
244
305
194
-35
-246
-336
-305
-232
-201
-240
-309
-345
-346
-333
-319
-281
-189
-67
28
33
-43
-107
-58
136
381
531
497
327
160
126
245
431
555
539
411
244
122
85
122
185
224
201
95
-62
-195
-221
-107
82
207
159
-56
-306
-405
-251
63
319
334
76
-276
-469
-365
-51
245
320
134
-167
-383
-404
-265
-101
-8
-4
-54
-117
-178
-224
-237
-180
-44
119
207
150
-19
-191
-255
-172
-16
82
41
-124
-301
-387
-349
-233
-114
-62
-93
-154
-179
-127
-21
72
103
68
26
47
148
257
288
208
70
-35
-51
0
51
43
-19
-91
-133
-155
-179
-191
-161
-80
24
81
37
-76
-154
-92
98
302
390
322
178
101
167
329
464
471
363
243
198
238
316
358
326
247
166
105
67
52
69
115
164
174
121
18
-71
-87
-16
97
162
115
-30
-184
-254
-204
-73
32
24
-105
-277
-390
-397
-314
-209
-147
-154
-213
-283
-334
-347
-315
-238
-139
-59
-45
-109
-214
-289
-277
-177
-59
-5
-57
-170
-270
-298
-238
-132
-55
-37
-76
-132
-156
-118
-35
47
84
64
31
31
75
131
155
131
88
83
132
197
222
192
145
130
173
240
280
268
220
180
185
221
260
288
289
257
206
147
105
105
144
189
192
129
17
-78
-103
-52
41
110
115
56
-28
-88
-95
-50
16
62
63
21
-39
-90
-113
-111
-104
-105
-106
-97
-79
-70
-90
-146
-204
-216
-153
-47
30
25
-67
-191
-252
-207
-84
34
76
24
-74
-139
-128
-54
30
76
66
23
-27
-60
-71
-71
-68
-66
-67
-82
-117
-161
-193
-199
-180
-152
-130
-128
-136
-143
-129
-95
-60
-38
-33
-36
-33
-11
23
52
69
79
91
111
137
155
170
192
221
254
276
270
247
234
263
322
372
378
329
257
213
226
274
300
267
179
80
21
14
25
12
-41
-115
-165
-175
-165
-169
-207
-263
-293
-269
-209
-156
-153
-208
-268
-279
-219
-121
-43
-28
-72
-126
-146
-120
-68
-19
14
33
38
13
-44
-111
-140
-86
27
134
152
50
-111
-223
-204
-64
94
159
88
-65
-189
-208
-125
-9
59
48
-14
-70
-85
-50
8
52
73
79
78
84
99
116
134
148
163
178
191
198
196
184
169
170
186
201
203
180
139
101
90
111
144
159
130
68
2
-31
-14
34
65
46
-22
-97
-131
-108
-53
-28
-59
-141
-219
-242
-201
-145
-126
-167
-243
-300
-290
-222
-155
-136
-173
-230
-248
-202
-116
-44
-30
-80
-145
-165
-121
-33
48
75
43
-18
-59
-47
15
95
160
189
173
130
88
69
93
155
229
277
262
184
80
4
1
60
134
161
100
-20
-134
-190
-167
-97
-36
-36
-98
-181
-232
-214
-149
-75
-32
-33
-59
-74
-53
4
67
109
118
113
116
143
179
198
195
181
175
195
218
231
221
193
178
195
230
253
234
180
125
101
127
160
164
119
41
-23
-45
-33
-16
-27
-71
-133
-183
-211
-217
-220
-239
-265
-291
-308
-312
-316
-333
-346
-354
-339
-303
-275
-252
-243
-246
-244
-229
-194
-140
-84
-42
-28
-38
-51
-44
-3
56
111
143
147
132
115
120
146
178
202
205
198
191
180
174
164
150
144
140
138
135
120
105
87
66
55
50
50
49
43
35
23
12
9
14
21
30
37
46
48
47
42
36
37
48
60
68
58
32
6
-9
-7
6
17
13
-4
-24
-31
-19
-4
5
1
-18
-35
-35
-27
-19
-25
-40
-58
-69
-62
-48
-38
-42
-54
-67
-71
-65
-57
-53
-59
-79
-102
-118
-125
-121
-119
-124
-137
-157
-169
-166
-153
-137
-131
-130
-130
-122
-101
-71
-45
-31
-23
-11
11
49
91
121
139
146
153
171
193
216
234
243
246
236
220
202
184
179
177
172
157
124
79
36
9
8
21
29
17
-17
-58
-85
-82
-55
-22
2
-4
-26
-46
-46
-16
29
62
68
49
21
11
32
69
94
88
54
11
-8
7
34
48
30
-11
-56
-78
-69
-50
-43
-61
-95
-124
-131
-121
-107
-101
-109
-123
-126
-113
-93
-75
-68
-72
-82
-81
-69
-47
-28
-19
-25
-43
-61
-68
-62
-48
-37
-43
-62
-89
-108
-113
-98
-80
-71
-76
-92
-105
-108
-89
-57
-24
0
7
7
11
29
61
101
138
163
166
157
153
160
182
208
224
219
196
170
151
147
152
153
142
119
90
62
46
38
33
22
7
-12
-27
-39
-44
-51
-59
-74
-81
-77
-65
-48
-39
-38
-39
-38
-29
-11
11
24
28
26
21
20
25
35
43
45
44
35
15
-12
-40
-68
-84
-81
-71
-68
-84
-134
-193
-234
-238
-200
-146
-104
-99
-137
-183
-202
-178
-106
-33
1
-13
-60
-99
-99
-64
-20
2
-8
-33
-54
-50
-30
-14
-15
-26
-33
-23
-4
-3
-35
-85
-122
-117
-62
16
67
72
38
7
25
93
178
232
227
175
122
116
171
254
308
303
245
189
192
268
377
428
351
144
-125
-346
-421
-324
-95
176
391
491
468
343
165
-19
-167
-248
-243
-158
-19
123
211
197
75
-120
-315
-426
-399
-233
16
261
401
386
222
-26
-265
-417
-453
-379
-248
-110
-2
59
65
19
-70
-181
-273
-308
-260
-137
13
116
128
48
-90
-226
-315
-345
-323
-263
-180
-81
26
110
136
87
-23
-138
-200
-169
-55
92
209
259
246
211
189
190
201
200
170
116
59
24
26
61
113
152
170
161
121
65
-1
-69
-115
-125
-92
-24
32
34
-42
-185
-334
-409
-357
-175
68
286
402
385
261
96
-44
-111
-95
-26
63
135
180
190
179
156
121
75
25
-12
-16
26
104
179
217
182
62
-110
-280
-393
-413
-337
-205
-78
13
44
20
-33
-89
-134
-160
-165
-150
-113
-62
-2
45
66
54
17
-25
-60
-61
-6
91
209
304
328
256
100
-77
-214
-260
-198
-76
45
108
81
11
-62
-94
-57
5
46
45
11
-38
-52
-22
33
80
74
24
-23
-14
53
141
193
174
105
51
40
53
92
136
158
144
77
-22
-141
-217
-283
-345
-341
-303
-178
-52
-16
-54
-147
-185
-176
-146
-145
-163
-108
-30
95
191
229
267
244
182
17
-100
-63
124
415
505
465
328
152
65
-28
-76
-90
14
121
136
189
54
-73
-115
-223
-262
-272
-185
-79
47
153
102
-23
-193
-394
-393
-274
-126
112
224
186
-3
-260
-427
-451
-384
-100
145
153
267
145
-45
-115
-260
-95
98
128
250
309
253
161
102
-22
-17
104
90
327
464
424
199
152
-116
-394
5
-93
130
497
82
171
175
-225
-236
-181
-88
97
103
106
97
-142
-73
-306
-237
-226
-229
-39
-33
122
-256
-30
-113
-396
-227
-147
-104
114
258
-73
27
-195
-479
-90
-114
-180
233
133
69
142
-204
-146
-86
3
39
42
25
-123
97
158
-243
105
63
-32
355
132
94
-88
-33
349
254
250
194
-196
221
20
-135
388
167
3
188
-182
-150
297
113
-3
484
-96
-785
71
101
-62
552
55
-38
336
-403
-459
236
-43
-117
231
408
211
-149
286
-487
-556
231
-72
425
430
-329
-164
-190
-295
-79
29
71
-310
-64
31
-342
-42
-182
-142
-237
-534
152
-76
-57
540
-365
-525
140
-601
-426
433
-102
370
668
-120
-203
-14
-520
-395
668
496
46
218
-2
-488
-277
166
-116
369
680
-14
106
6
-833
-205
368
-127
194
657
322
-374
-190
102
-164
-69
509
442
1
478
295
-358
59
88
-151
460
763
138
-263
162
-249
-727
240
650
-118
271
594
-436
-586
47
-352
-458
297
317
-191
78
310
-492
-362
-116
-444
178
343
51
167
-437
7
-60
-298
541
53
-308
86
-250
118
339
-190
179
-32
-607
53
635
-384
-133
514
-508
-626
87
-267
-395
113
116
-192
-233
101
-934
-498
800
-426
-300
726
-668
-477
399
-487
314
804
-272
-43
381
-659
-405
659
273
266
795
363
-699
-24
414
-13
-35
45
311
306
294
-210
-179
-64
-206
-520
339
798
96
244
112
-224
-209
159
157
11
466
119
-93
207
155
-64
116
319
75
264
160
58
297
204
-45
454
-258
-351
419
-390
-108
108
-371
-199
-69
-114
-160
-138
-235
-151
449
-269
-452
-92
-622
-66
-90
-4
430
-299
-314
-174
-286
186
198
-122
159
310
-352
87
460
-459
-176
197
-575
394
488
-334
369
-200
-509
196
-152
-603
492
317
-413
360
20
-365
70
-487
-539
265
336
-40
97
233
-486
-43
264
-649
630
686
-642
208
504
-220
-488
52
223
-260
528
650
79
-258
-127
224
-854
227
1012
-295
54
323
-55
-125
350
184
-666
373
77
-554
1081
463
-625
12
-39
-415
228
940
-196
-47
469
-443
50
-159
-378
357
-122
74
170
-240
51
-360
-269
144
-267
-162
286
-338
-115
121
-526
-121
299
2
-369
54
515
-309
-148
629
-862
-76
527
-494
170
199
-160
-98
128
266
-200
-238
171
-359
-383
406
241
-212
74
-89
-376
-132
253
55
-117
441
8
-574
241
-156
-405
481
54
21
459
160
-578
129
81
-446
683
32
-122
321
-248
106
11
-288
251
161
304
-121
-62
0
-418
140
263
81
55
101
235
169
-477
-130
396
-312
233
817
-297
295
94
-786
77
85
24
369
459
-109
-259
181
-395
-167
291
-295
-187
426
150
-340
-73
-12
-245
-225
-18
246
-376
-162
696
-265
-710
137
71
-398
166
295
-98
-103
73
-158
-75
-244
-291
744
222
-479
192
191
-905
173
479
-313
190
334
-247
-487
308
192
-382
106
237
-365
122
210
4
-163
-75
152
-179
-14
315
268
-86
-247
310
-169
-410
375
360
-149
9
379
-229
-428
521
-21
-649
527
194
-59
368
-328
-109
-5
-85
291
-173
218
57
-447
402
144
-275
334
-599
-42
713
-453
284
115
-325
-124
-138
-13
279
246
-187
-265
203
-203
-556
688
136
-615
442
317
-918
489
430
-1021
187
393
-514
242
748
-323
-352
371
-302
-661
754
80
-445
748
32
-506
338
-34
-715
52
439
118
-58
322
47
-474
-58
22
-299
270
361
-198
22
25
-123
-57
164
-319
-60
623
-274
-98
214
-121
-150
-200
294
152
57
46
-228
11
167
-380
-221
491
237
-156
-39
390
-373
-289
261
-508
33
717
-84
8
373
-449
-350
-59
39
-48
368
314
-371
257
23
-584
59
214
-275
154
210
92
123
-146
-348
-25
32
-35
128
505
-242
-621
709
-238
-724
818
-90
-365
552
-169
-318
234
-98
-377
498
114
-578
562
332
-911
347
168
-547
313
420
-88
110
-207
-323
425
-349
-164
783
-316
-38
529
-792
-126
413
-320
-47
604
-75
-200
157
-63
28
-221
-99
245
31
15
-129
-10
259
-383
33
122
-282
-35
300
173
-306
110
161
-287
181
58
-290
331
-203
-253
378
-110
-30
27
-73
-63
-35
132
118
24
190
-233
-336
310
-26
-180
311
99
-264
0
110
-78
-81
49
-176
276
124
-243
29
181
-151
-158
201
-80
-93
284
0
-225
115
102
-452
130
330
-430
496
235
-680
242
64
-595
489
315
-572
234
335
-259
36
98
-223
-152
-46
113
437
-250
-106
349
-160
-124
-80
79
-51
6
226
-86
-19
216
-141
-192
146
-195
-189
566
125
-527
19
272
-265
34
469
-407
-9
64
-307
169
137
-5
130
-228
-197
455
-345
-105
467
-484
-170
469
-93
129
127
-291
-102
6
-113
163
275
-441
220
423
-244
-111
-129
-211
161
37
-18
558
-6
-459
13
18
-209
134
170
172
-75
-350
382
39
-423
179
54
-61
-194
171
324
-392
118
273
-396
-173
300
-195
31
310
-157
105
12
-183
-60
109
-150
-63
436
-21
-209
134
-95
-243
219
169
-207
12
110
-148
157
12
-132
249
-224
-179
201
27
-93
72
185
125
-447
-35
460
-551
93
602
-313
-267
446
-210
-380
462
21
-304
59
221
-246
166
247
-479
-52
379
-238
-316
446
98
-419
383
20
-495
294
-87
-208
250
285
-388
-14
319
-232
-49
177
-210
-72
348
-58
-83
-82
-11
237
-128
-151
193
-116
323
-251
-155
477
-268
-251
188
82
-190
127
110
-14
96
-25
-216
-58
-33
-49
-18
237
428
-364
10
232
-609
-195
492
-38
-257
388
379
-359
-226
171
-251
-153
186
133
-19
360
-118
-115
11
-403
136
92
17
117
43
183
-168
-92
-39
-180
28
103
194
266
-222
-276
178
0
-263
1
524
-248
-113
486
-502
-8
232
-334
21
129
158
-130
73
180
-271
-55
-162
-122
535
-148
-271
510
-114
-527
285
54
-325
224
30
-77
164
123
-343
110
-11
-426
504
105
-412
443
-79
-435
520
-390
-159
618
-372
-35
292
-24
-186
-181
292
-67
-206
310
188
-118
-44
43
-247
-77
233
-40
-54
274
70
-269
205
35
-398
57
129
-145
304
67
-141
211
-209
-77
-39
-128
198
1
88
248
-101
-339
106
61
-445
376
282
-338
285
0
-332
30
57
-149
37
249
-87
90
-22
-174
70
-133
-231
312
133
-280
254
75
-320
-16
113
-166
-33
214
17
-11
-18
-45
123
-208
-240
210
115
-29
227
88
-403
5
104
-170
11
239
-8
-72
177
16
-233
-19
78
-221
-13
401
32
-329
443
-44
-600
404
213
-524
312
225
-439
239
247
-299
-1
282
-242
-71
190
-177
94
128
-99
15
62
75
-170
-131
264
-98
-57
199
-222
38
209
-375
189
401
-508
34
199
-290
-51
301
19
-197
192
-6
-322
51
226
-212
-8
214
-10
-208
51
84
-111
-123
125
-1
-163
318
-207
32
262
-330
-95
258
-170
-89
216
-116
42
204
-93
-240
140
32
-227
82
177
-7
73
101
-224
-181
172
-36
-7
131
-47
151
-94
17
139
-299
-88
183
-38
255
101
-310
227
35
-460
-17
399
-120
-51
241
7
-101
32
-56
-137
90
-82
54
281
-153
-31
69
-314
-38
97
59
52
-78
176
135
-221
-144
-17
38
134
-120
-98
318
-116
-281
186
20
-185
98
164
-90
48
108
-197
92
40
-301
147
130
-168
148
113
-109
-50
-100
-17
31
121
84
12
-12
-43
-135
-14
76
-51
37
14
40
-53
36
-53
-100
150
-92
-75
167
-82
0
135
-28
-74
-30
20
-35
-5
50
82
-6
19
-39
-101
67
-55
11
205
-20
-96
42
-16
-12
-22
-35
75
32
-24
43
-8
1
-36
-142
65
91
-14
35
30
4
-47
-85
-2
7
-38
108
21
-159
98
87
-206
1
126
-167
50
150
-123
57
75
-208
-16
200
-71
-168
181
33
-250
201
109
-235
97
104
-196
27
151
-85
13
99
-110
-77
190
-66
-112
192
-60
-118
111
32
-40
61
-23
-107
80
-1
-92
160
19
-138
32
43
-58
-57
46
61
-14
63
-27
-135
72
46
-137
87
102
-129
88
36
-96
-12
-41
62
-16
-7
153
-94
-108
75
19
-12
-66
38
15
-17
126
-81
-53
151
-127
-94
147
-50
-21
51
34
78
-71
-140
16
-12
-18
110
39
28
-34
-52
-31
-116
28
74
-48
117
69
-154
-24
70
-160
-7
210
-117
-21
117
-75
-15
53
-64
-24
82
-46
6
101
-21
-21
26
-123
26
100
-12
16
27
54
-59
-71
-6
58
23
-62
40
91
-50
-37
40
-21
-17
-7
-19
1
42
17
-10
-3
11
25
-71
-91
28
38
3
48
69
-43
-80
-28
-30
2
34
3
3
32
-2
-31
-12
22
-50
-12
70
-63
2
54
-77
76
10
-56
49
-92
-20
109
5
-52
67
52
-62
-43
44
5
-43
22
55
19
-7
-19
-3
29
-30
-36
13
71
-12
-62
81
28
-72
-13
30
-25
-41
30
39
-7
-15
-16
-9
-12
-28
64
-16
-25
42
-54
-3
18
-45
-22
55
31
-34
2
42
-63
-39
63
-22
-1
22
-22
24
8
-31
17
-20
-40
24
27
8
9
2
-36
12
11
-47
38
37
-53
6
45
-20
-22
52
12
-58
23
18
-33
33
22
-30
12
41
-20
3
32
-10
-29
17
24
-37
7
48
-22
-25
49
-56
-30
74
-1
-36
29
17
-63
1
25
-15
-4
28
16
-39
-38
11
10
-27
11
21
-1
-31
10
15
-28
-12
-11
34
-15
-28
27
11
-28
-15
23
-17
-35
12
2
-8
30
-18
-26
44
-47
-56
78
14
-40
16
42
-9
-28
28
-4
-16
21
-19
35
52
-44
-3
45
-21
-25
31
-11
-13
33
9
4
24
-22
-49
4
10
3
16
19
17
-9
-24
-6
8
-9
8
34
26
-5
-12
22
0
-34
3
26
-18
-10
30
12
-10
-5
-19
-20
-11
-17
3
40
15
-37
-3
9
-64
-12
44
-17
-22
29
1
-50
23
6
-48
11
-7
-11
32
-6
-12
1
3
-1
-26
21
4
-37
24
25
-21
4
19
-17
2
9
-30
12
22
10
8
4
