4
3
2
1
2
6
4
0
0
-4
-1
8
-3
-10
-4
0
-6
-10
-3
6
10
9
6
-2
-10
-7
-2
4
9
8
6
2
-1
-2
0
13
16
6
5
2
-2
3
9
9
5
4
-1
-2
1
6
4
2
3
-2
-2
-3
-2
1
-2
-10
-9
-2
1
-2
-8
-6
-8
-9
-5
-1
-6
-12
-13
-17
-15
-16
-19
-17
-31
-57
-42
-21
-23
-33
-44
-44
-40
-23
0
-8
-36
-34
2
37
60
57
17
-4
14
59
119
155
145
86
30
52
110
150
190
210
209
182
151
173
187
193
241
268
237
187
141
113
108
122
136
127
100
49
1
-16
-16
-32
-93
-128
-116
-122
-109
-71
-79
-144
-154
-61
77
175
194
115
-61
-181
-126
10
78
5
-237
-573
-773
-703
-485
-359
-472
-766
-1150
-1388
-1290
-1044
-905
-945
-1151
-1419
-1576
-1487
-1185
-923
-781
-619
-509
-512
-458
-272
-19
282
627
952
1065
983
964
1105
1383
1768
2063
2078
1866
1674
1669
1802
1970
2045
1876
1520
1240
1150
1138
1094
978
735
407
171
113
119
35
-127
-302
-485
-579
-548
-547
-682
-890
-1029
-1023
-925
-829
-800
-875
-992
-1046
-1048
-1031
-988
-984
-968
-929
-916
-878
-688
-220
447
946
950
455
-243
-559
-145
676
1264
1078
173
-753
-1011
-395
576
957
317
-947
-1988
-2020
-1055
32
303
-617
-2159
-3227
-3158
-2104
-907
-502
-1060
-1951
-2361
-1875
-816
90
382
130
-141
76
742
1430
1770
1741
1733
2112
2835
3497
3638
3199
2644
2504
2927
3536
3715
3166
2189
1438
1372
1863
2298
2104
1197
40
-709
-752
-347
-53
-282
-978
-1738
-2130
-2019
-1653
-1399
-1488
-1856
-2185
-2222
-1959
-1599
-1409
-1463
-1604
-1629
-1441
-1164
-993
-983
-1038
-995
-799
-560
-429
-444
-502
-460
-298
-80
199
612
1198
1787
1978
1495
585
-67
110
1009
1880
1926
947
-400
-1049
-433
935
1830
1341
-345
-2057
-2527
-1421
322
1189
282
-1916
-3885
-4236
-2807
-812
160
-562
-2262
-3504
-3283
-1743
-25
689
126
-909
-1295
-554
832
1937
2231
1930
1682
1959
2687
3342
3444
3058
2735
2901
3388
3652
3372
2691
2081
1946
2249
2530
2312
1563
676
92
-21
146
176
-199
-857
-1447
-1717
-1651
-1422
-1313
-1536
-1999
-2323
-2251
-1873
-1485
-1341
-1505
-1799
-1901
-1655
-1249
-975
-908
-928
-897
-758
-555
-399
-355
-315
-154
126
529
1072
1524
1428
660
-222
-462
139
1062
1500
947
-329
-1374
-1326
-223
963
1130
-60
-1847
-2953
-2592
-1109
278
379
-1064
-3111
-4264
-3650
-1796
-212
-112
-1421
-2926
-3321
-2226
-382
986
1052
34
-904
-669
704
2169
2842
2707
2314
2220
2704
3520
4053
3968
3607
3514
3767
4024
3943
3458
2881
2651
2837
3020
2764
2019
1065
320
124
374
455
-93
-1038
-1787
-2027
-1835
-1489
-1356
-1695
-2355
-2831
-2782
-2357
-1964
-1852
-2007
-2230
-2282
-2078
-1728
-1435
-1314
-1322
-1321
-1193
-943
-707
-534
-343
-125
109
529
1216
1760
1535
575
-249
-181
669
1534
1603
619
-848
-1707
-1183
303
1389
979
-807
-2688
-3308
-2298
-480
668
47
-2142
-4383
-4935
-3374
-1027
199
-568
-2517
-3936
-3591
-1618
608
1507
625
-946
-1504
-300
1821
3373
3546
2699
1913
2104
3343
4774
5339
4772
3796
3363
3764
4459
4723
4294
3463
2757
2504
2610
2688
2410
1769
1053
520
186
-107
-469
-859
-1218
-1555
-1875
-2173
-2446
-2666
-2763
-2687
-2539
-2524
-2732
-3037
-3156
-2877
-2308
-1800
-1680
-1944
-2199
-2051
-1442
-702
-300
-430
-806
-886
-428
264
807
1194
1538
1680
1332
624
172
414
1115
1603
1328
340
-738
-1127
-495
609
1095
303
-1366
-2723
-2816
-1705
-325
162
-836
-2816
-4429
-4430
-2830
-1048
-590
-1711
-3292
-3924
-3026
-1113
594
984
-3
-1194
-1146
417
2381
3456
3290
2520
2119
2672
4035
5342
5641
4839
3827
3583
4193
4898
5014
4452
3560
2817
2549
2721
2871
2509
1644
714
90
-204
-348
-486
-760
-1290
-1972
-2517
-2708
-2634
-2557
-2614
-2757
-2928
-3063
-3085
-2911
-2583
-2288
-2165
-2154
-2137
-2011
-1732
-1326
-892
-659
-701
-808
-648
-224
159
292
515
1074
1680
1633
812
-55
-123
602
1410
1501
674
-543
-1312
-971
210
1108
733
-815
-2421
-2903
-2096
-707
109
-495
-2316
-4105
-4462
-3094
-1281
-600
-1497
-3027
-3776
-3065
-1335
309
790
-45
-1158
-1180
279
2251
3381
3225
2422
1990
2545
3898
5172
5494
4787
3880
3669
4293
5085
5319
4792
3825
2973
2638
2783
3033
2897
2183
1163
232
-281
-313
-168
-224
-755
-1700
-2541
-2875
-2696
-2307
-2202
-2523
-3068
-3535
-3558
-3067
-2455
-2066
-2158
-2566
-2773
-2549
-1940
-1173
-743
-826
-1192
-1435
-977
-106
387
336
236
618
1349
1410
716
66
24
610
1172
1046
318
-657
-1182
-586
541
1084
351
-1302
-2517
-2415
-1319
-48
258
-937
-2892
-4216
-3788
-1953
-499
-674
-2185
-3701
-3893
-2577
-631
751
640
-688
-1751
-1286
615
2592
3322
2782
1956
1834
2808
4392
5507
5407
4364
3499
3674
4633
5399
5349
4556
3560
2910
2857
3181
3335
2906
2000
1081
486
200
81
-23
-349
-1019
-1869
-2468
-2548
-2357
-2298
-2486
-2849
-3204
-3393
-3350
-3035
-2682
-2546
-2551
-2577
-2513
-2293
-2004
-1654
-1321
-1164
-939
-518
-174
-2
216
764
1496
1503
675
-20
118
909
1486
1161
259
-634
-1003
-469
469
843
77
-1461
-2570
-2458
-1487
-519
-411
-1449
-3081
-4200
-3860
-2271
-891
-999
-2466
-3900
-4003
-2678
-853
275
27
-1228
-2201
-1618
471
2562
3225
2446
1474
1523
2797
4599
5857
5825
4770
3838
4002
5121
6099
6102
5259
4264
3689
3678
3924
3926
3383
2447
1605
1158
960
699
248
-333
-923
-1481
-1929
-2208
-2369
-2528
-2795
-3187
-3540
-3677
-3525
-3201
-3038
-3165
-3377
-3410
-3080
-2541
-2162
-2015
-2013
-1894
-1365
-719
-316
-63
316
1027
1472
1018
263
102
756
1602
1671
919
-21
-695
-594
223
929
783
-465
-1937
-2450
-1916
-1021
-511
-970
-2225
-3588
-4166
-3391
-2077
-1554
-2229
-3407
-3940
-3398
-2258
-1098
-543
-892
-1600
-1734
-676
1031
2155
2260
1875
1829
2550
3756
4935
5512
5252
4739
4731
5454
6292
6447
5910
5155
4614
4510
4693
4830
4488
3474
2347
1657
1452
1423
1091
437
-456
-1424
-2076
-2243
-2149
-2232
-2804
-3544
-4066
-4212
-3951
-3642
-3455
-3590
-3939
-4012
-3750
-3202
-2738
-2698
-2803
-2714
-2238
-1372
-843
-635
-297
279
1088
1277
841
568
819
1437
1827
1475
825
358
295
827
1259
1116
273
-861
-1405
-1116
-527
-273
-739
-1878
-3041
-3619
-3171
-2134
-1643
-2270
-3509
-4234
-3786
-2534
-1371
-923
-1447
-2343
-2567
-1543
272
1515
1487
816
574
1377
2950
4422
5116
4756
3992
3972
4966
6301
6882
6368
5418
4718
4596
4965
5280
5079
4219
3053
2297
2037
1959
1723
1155
339
-588
-1415
-1780
-1754
-1783
-2163
-2969
-3794
-4221
-4083
-3563
-3109
-3247
-3872
-4476
-4520
-3773
-2864
-2403
-2651
-3164
-3103
-2312
-1410
-624
-95
348
603
211
-46
412
1394
2247
2196
1350
609
303
724
1678
2156
1663
287
-948
-1071
-355
262
131
-815
-2089
-3118
-3357
-2661
-1856
-1832
-2869
-4143
-4423
-3656
-2527
-1738
-1809
-2521
-3140
-2980
-1567
222
970
511
-239
-127
1147
2875
4173
4509
3884
3188
3465
4886
6397
6837
6139
5060
4522
4789
5454
5965
5737
4616
3328
2603
2574
2868
2714
1939
906
-108
-773
-955
-966
-1163
-1756
-2717
-3479
-3682
-3442
-3178
-3246
-3755
-4326
-4504
-4204
-3585
-3102
-3149
-3496
-3437
-2843
-2075
-1443
-1039
-598
-38
-50
-288
37
796
1572
1776
1179
672
633
902
1636
2184
1894
814
-414
-835
-146
737
772
-227
-1682
-2850
-3133
-2409
-1562
-1464
-2452
-3989
-4617
-3935
-2833
-2004
-1951
-2628
-3281
-3437
-2601
-953
194
213
-383
-597
204
1617
2935
3621
3504
3076
3009
3861
5235
5978
5861
5292
4835
5055
5568
5888
5899
5259
4308
3697
3460
3461
3334
2729
1897
1081
404
14
-200
-536
-1129
-1856
-2505
-2918
-3100
-3158
-3243
-3458
-3802
-4173
-4329
-4206
-4008
-3754
-3567
-3602
-3386
-2993
-2675
-2117
-1543
-774
63
-76
-586
-495
233
1395
1934
1475
991
741
938
1655
2190
2154
1292
118
-300
112
737
755
-142
-1263
-2173
-2480
-1978
-1515
-1752
-2681
-3840
-4057
-3302
-2593
-2248
-2422
-3023
-3411
-3249
-2329
-965
-302
-649
-1160
-945
213
1599
2542
2778
2495
2376
2833
3922
5096
5445
5092
4740
4749
5243
5780
5860
5587
5010
4372
4079
3990
3836
3443
2739
1988
1409
936
535
43
-581
-1195
-1773
-2161
-2463
-2835
-3120
-3434
-3683
-3775
-3894
-3891
-3761
-3811
-3900
-3886
-3522
-2818
-2387
-2117
-1828
-1277
-728
-694
-651
-165
568
1118
1068
596
539
783
1312
1977
2140
1709
768
24
136
854
1284
927
-211
-1464
-2272
-2323
-1621
-1166
-1625
-2889
-4013
-4000
-3083
-2396
-2300
-2694
-3323
-3563
-3194
-2169
-998
-659
-1242
-1592
-1011
348
1708
2282
2160
1793
1805
2596
3983
5073
5127
4406
3857
4093
4953
5779
5905
5371
4472
3733
3681
4084
4311
3871
2880
1858
1325
1270
1290
1031
257
-820
-1674
-1939
-1873
-1868
-2267
-2992
-3533
-3767
-3602
-3286
-3175
-3479
-3892
-3968
-3455
-2684
-2263
-2073
-1931
-1509
-1186
-1007
-676
-163
370
539
324
196
495
981
1575
1837
1573
1002
463
498
1003
1409
1218
420
-553
-1298
-1588
-1294
-909
-1142
-2151
-3450
-3929
-3265
-2373
-2076
-2569
-3440
-3880
-3546
-2574
-1428
-969
-1428
-2001
-1801
-586
923
1799
1777
1299
1133
1806
3067
4210
4506
3968
3428
3508
4246
5145
5460
5036
4308
3701
3682
4137
4394
4068
3177
2194
1678
1678
1807
1650
985
-41
-917
-1284
-1164
-1038
-1349
-2061
-2898
-3338
-3199
-2934
-2816
-3019
-3566
-3878
-3705
-3288
-2578
-2188
-2248
-2152
-1781
-1032
-535
-517
-533
-152
486
917
782
577
644
894
1504
1913
1889
1432
665
327
778
1364
1436
820
-287
-1219
-1572
-1314
-850
-919
-1897
-3208
-3767
-3297
-2510
-2256
-2669
-3363
-3796
-3628
-2825
-1770
-1202
-1517
-2101
-1925
-858
473
1312
1406
1218
1228
1712
2709
3743
4126
3827
3363
3366
3945
4577
4817
4601
4155
3723
3559
3652
3728
3450
2828
2159
1739
1594
1409
1069
573
-13
-518
-762
-905
-1052
-1320
-1872
-2331
-2623
-2694
-2494
-2348
-2570
-2956
-3233
-3023
-2318
-1838
-1555
-1543
-1420
-1195
-1044
-608
-42
367
439
196
16
431
915
1340
1582
1308
893
507
495
926
1293
1072
378
-423
-977
-1129
-1005
-828
-1160
-2084
-3114
-3523
-2997
-2306
-2280
-2861
-3574
-3902
-3504
-2695
-1950
-1666
-2073
-2464
-2060
-964
204
810
787
644
819
1506
2506
3300
3547
3276
3074
3364
3901
4416
4596
4341
3984
3705
3630
3835
3879
3560
3033
2483
2075
1821
1631
1395
1008
422
-146
-488
-654
-825
-1162
-1486
-1759
-2009
-2135
-2255
-2363
-2539
-2722
-2830
-2564
-2306
-2107
-2040
-2108
-1778
-1260
-628
-383
-505
-645
-397
104
593
739
532
464
506
869
1280
1395
1168
738
443
546
839
933
603
-127
-859
-1254
-1177
-941
-1071
-1754
-2618
-3132
-2980
-2572
-2377
-2529
-2991
-3358
-3312
-2791
-2107
-1684
-1753
-1884
-1666
-1036
-185
451
783
924
1103
1556
2213
2789
3143
3284
3403
3669
3885
4027
4072
4000
3914
3826
3736
3595
3276
2845
2512
2290
2074
1721
1231
730
248
-149
-429
-612
-856
-1219
-1557
-1782
-1838
-1957
-2131
-2219
-2248
-2277
-2331
-2340
-2143
-1782
-1602
-1361
-1091
-750
-474
-528
-469
-120
337
588
500
253
343
631
995
1263
1081
700
309
257
571
754
520
-12
-579
-884
-988
-1043
-1051
-1334
-1915
-2537
-2846
-2578
-2181
-2152
-2527
-3009
-3198
-2906
-2321
-1737
-1520
-1767
-1976
-1675
-812
118
592
599
521
726
1332
2131
2736
2957
2867
2831
3102
3540
3880
3949
3801
3615
3508
3469
3461
3332
2991
2558
2210
1996
1835
1544
1064
528
59
-239
-390
-596
-996
-1504
-1900
-2041
-2029
-2063
-2168
-2414
-2643
-2745
-2677
-2418
-2190
-2122
-2034
-1847
-1547
-1010
-536
-195
-115
-197
-44
438
949
1190
1020
756
806
1117
1604
1821
1537
975
503
505
955
1213
924
178
-668
-1055
-974
-745
-773
-1346
-2237
-2847
-2836
-2340
-1990
-2209
-2788
-3265
-3198
-2584
-1913
-1585
-1722
-2035
-1872
-1133
-168
551
686
490
518
1013
1849
2618
2914
2793
2595
2686
3124
3655
3903
3701
3273
2941
2900
3101
3190
2905
2350
1792
1498
1458
1396
1065
477
-179
-626
-796
-836
-994
-1333
-1754
-2107
-2230
-2243
-2207
-2241
-2381
-2534
-2523
-2337
-1955
-1584
-1331
-1096
-885
-588
-362
-94
213
497
692
773
780
959
1241
1483
1647
1504
1233
1005
951
1073
1137
894
371
-236
-614
-699
-690
-786
-1226
-1891
-2407
-2565
-2350
-2064
-2166
-2612
-3015
-3125
-2768
-2192
-1807
-1709
-1811
-1850
-1481
-749
14
486
561
526
691
1220
1946
2500
2710
2643
2571
2804
3251
3571
3628
3403
3129
3034
3050
3004
2812
2463
2077
1813
1638
1425
1122
722
277
-72
-346
-593
-800
-1093
-1448
-1781
-2070
-2200
-2252
-2286
-2390
-2596
-2784
-2825
-2681
-2317
-2036
-1853
-1690
-1544
-1131
-669
-252
51
201
358
622
871
1120
1248
1324
1485
1600
1760
1786
1660
1496
1294
1192
1199
1072
775
263
-290
-606
-734
-801
-1030
-1509
-2023
-2317
-2325
-2155
-2127
-2342
-2646
-2811
-2669
-2286
-1902
-1693
-1635
-1597
-1303
-736
-84
469
727
813
985
1372
1952
2489
2761
2798
2749
2827
3093
3365
3497
3382
3107
2860
2691
2616
2501
2247
1873
1469
1131
874
624
315
-66
-457
-781
-1074
-1299
-1541
-1792
-2011
-2243
-2392
-2480
-2524
-2501
-2555
-2632
-2609
-2509
-2155
-1794
-1585
-1396
-1308
-1016
-535
-112
271
440
453
603
812
1167
1537
1638
1615
1469
1391
1538
1680
1742
1588
1191
842
601
460
338
20
-429
-867
-1222
-1416
-1539
-1693
-1870
-2086
-2287
-2379
-2349
-2222
-2047
-1945
-1901
-1802
-1604
-1185
-668
-263
15
150
389
875
1438
1935
2147
2129
2198
2448
2884
3274
3297
3084
2788
2668
2845
2991
2914
2511
1899
1466
1317
1330
1288
883
225
-366
-704
-692
-636
-861
-1328
-1904
-2265
-2227
-2103
-2078
-2296
-2716
-2902
-2807
-2551
-2227
-2192
-2268
-2149
-1919
-1370
-878
-684
-530
-455
-159
390
773
989
984
879
1108
1459
1821
2005
1789
1566
1457
1532
1773
1754
1428
941
396
159
119
31
-208
-760
-1346
-1697
-1766
-1628
-1592
-1827
-2200
-2480
-2429
-2081
-1724
-1539
-1577
-1626
-1438
-988
-407
66
306
435
641
987
1474
1914
2160
2279
2342
2485
2724
2934
3026
2981
2833
2703
2617
2545
2422
2156
1821
1461
1158
941
700
384
19
-381
-716
-947
-1176
-1393
-1644
-1911
-2092
-2226
-2338
-2429
-2525
-2549
-2511
-2464
-2371
-2318
-2189
-1915
-1664
-1327
-1057
-933
-677
-412
-103
312
534
662
767
852
1113
1380
1569
1635
1487
1403
1395
1432
1546
1409
1094
788
454
306
244
36
-249
-641
-1013
-1191
-1269
-1290
-1385
-1599
-1797
-1915
-1859
-1667
-1527
-1439
-1386
-1308
-1038
-647
-264
59
243
411
700
1069
1475
1759
1856
1916
2012
2238
2533
2664
2628
2465
2304
2326
2414
2422
2255
1870
1486
1251
1156
1104
871
406
-107
-496
-646
-646
-762
-1092
-1544
-1933
-2044
-1934
-1880
-2013
-2332
-2637
-2640
-2413
-2136
-1970
-2051
-2103
-1920
-1543
-1006
-674
-598
-535
-436
-82
411
680
780
715
658
891
1200
1447
1514
1312
1145
1121
1212
1358
1259
948
572
227
123
86
-65
-334
-754
-1075
-1167
-1144
-1070
-1159
-1401
-1582
-1643
-1476
-1245
-1146
-1118
-1156
-1039
-685
-309
58
265
335
557
869
1240
1609
1742
1779
1861
1998
2253
2445
2451
2352
2226
2196
2250
2247
2121
1834
1519
1310
1167
1055
836
463
98
-185
-354
-453
-646
-946
-1270
-1531
-1648
-1678
-1740
-1920
-2157
-2324
-2357
-2231
-2087
-2060
-2087
-2104
-1959
-1622
-1292
-1030
-928
-893
-681
-360
7
312
377
384
484
674
975
1183
1191
1096
979
990
1094
1152
1099
848
553
351
219
190
102
-165
-467
-768
-948
-941
-938
-999
-1152
-1363
-1436
-1338
-1146
-964
-902
-892
-818
-600
-253
78
306
451
586
827
1153
1446
1652
1753
1824
1967
2149
2289
2327
2257
2172
2159
2199
2206
2095
1853
1584
1383
1263
1161
960
622
239
-85
-279
-374
-506
-732
-1028
-1326
-1502
-1571
-1606
-1690
-1881
-2104
-2269
-2302
-2203
-2111
-2067
-2069
-2068
-1871
-1548
-1212
-927
-831
-768
-573
-289
31
223
206
142
167
358
629
788
793
661
565
629
744
835
774
520
243
32
-64
-65
-119
-286
-543
-780
-879
-842
-735
-702
-794
-915
-974
-874
-637
-414
-279
-230
-181
0
317
671
945
1079
1115
1172
1349
1611
1834
1927
1878
1781
1776
1894
2032
2094
2011
1810
1656
1586
1563
1534
1366
1105
840
598
450
319
163
-9
-252
-460
-644
-800
-846
-937
-1055
-1197
-1435
-1567
-1635
-1711
-1746
-1895
-2037
-2085
-2101
-2014
-1952
-1901
-1752
-1604
-1377
-1165
-1059
-876
-675
-440
-172
-54
-6
44
151
380
580
680
658
563
570
654
762
802
654
426
230
125
139
127
-4
-238
-479
-605
-592
-512
-497
-609
-758
-833
-747
-533
-332
-244
-243
-207
-49
248
560
739
806
832
935
1177
1432
1590
1615
1575
1610
1744
1917
2017
1963
1848
1759
1751
1810
1787
1640
1420
1198
1085
1025
921
742
466
204
31
-87
-195
-381
-640
-888
-1083
-1196
-1288
-1429
-1604
-1792
-1927
-1967
-1979
-1987
-2012
-2059
-2051
-1967
-1851
-1699
-1555
-1440
-1296
-1139
-968
-780
-599
-430
-284
-161
-61
23
130
244
340
414
424
394
390
393
409
412
333
212
99
-7
-68
-115
-193
-277
-366
-434
-458
-461
-432
-389
-338
-258
-194
-116
-4
118
306
493
621
739
816
921
1107
1292
1461
1559
1578
1615
1686
1806
1931
1960
1919
1829
1747
1738
1729
1681
1572
1377
1193
1056
946
853
710
508
293
92
-64
-193
-343
-523
-734
-949
-1123
-1271
-1402
-1534
-1689
-1827
-1940
-2023
-2057
-2073
-2073
-2056
-2031
-1976
-1876
-1736
-1566
-1395
-1229
-1083
-937
-747
-541
-343
-174
-74
-1
87
194
315
396
400
352
295
278
296
302
244
120
-21
-120
-157
-162
-190
-267
-363
-422
-408
-339
-260
-210
-178
-126
-34
98
245
374
491
602
720
847
967
1077
1183
1280
1368
1437
1486
1530
1578
1631
1677
1696
1689
1667
1647
1631
1599
1541
1452
1336
1221
1105
985
850
687
513
337
166
5
-165
-345
-533
-721
-890
-1045
-1194
-1339
-1484
-1615
-1719
-1803
-1871
-1925
-1968
-1972
-1946
-1902
-1840
-1770
-1675
-1541
-1384
-1217
-1061
-915
-764
-604
-437
-274
-148
-51
27
97
182
250
282
288
267
251
246
233
213
164
96
39
-8
-31
-56
-101
-143
-177
-189
-172
-147
-120
-95
-63
-8
68
156
249
332
421
521
629
746
855
956
1054
1144
1235
1318
1385
1445
1490
1524
1552
1559
1548
1519
1479
1437
1384
1315
1225
1115
1001
894
790
676
537
373
215
75
-53
-189
-353
-539
-717
-859
-972
-1084
-1222
-1376
-1504
-1582
-1610
-1629
-1668
-1716
-1741
-1704
-1616
-1520
-1452
-1403
-1335
-1212
-1042
-879
-760
-674
-583
-449
-288
-148
-63
-25
14
79
165
224
229
194
157
148
158
147
94
20
-38
-58
-55
-68
-111
-155
-166
-131
-76
-38
-22
-2
50
137
232
309
361
407
476
569
663
739
790
838
897
967
1033
1081
1114
1143
1176
1206
1226
1231
1226
1217
1203
1181
1144
1090
1032
970
900
820
721
609
494
379
265
146
10
-131
-273
-402
-517
-628
-736
-847
-954
-1046
-1115
-1158
-1190
-1224
-1258
-1277
-1273
-1240
-1187
-1138
-1105
-1068
-1016
-939
-850
-770
-708
-662
-615
-560
-496
-445
-407
-387
-373
-360
-342
-324
-311
-306
-309
-305
-304
-291
-273
-248
-232
-217
-204
-177
-137
-91
-46
-2
37
79
152
215
292
354
421
481
553
631
708
784
842
901
954
1023
1077
1132
1169
1192
1208
1223
1239
1245
1238
1208
1174
1133
1099
1050
994
920
845
771
695
618
530
437
343
252
159
65
-40
-142
-246
-340
-433
-532
-629
-724
-807
-879
-948
-1015
-1075
-1123
-1149
-1158
-1166
-1172
-1172
-1156
-1115
-1062
-1010
-971
-930
-875
-804
-733
-677
-637
-602
-563
-520
-480
-452
-437
-431
-422
-404
-386
-375
-371
-360
-339
-300
-260
-222
-180
-130
-66
13
90
161
229
301
381
462
537
598
650
699
749
798
837
859
872
882
891
900
903
902
897
888
885
885
884
884
881
873
866
856
843
825
798
764
730
684
633
574
508
438
358
269
179
86
-3
-92
-182
-272
-360
-439
-506
-566
-617
-661
-697
-726
-749
-758
-759
-757
-750
-743
-736
-724
-716
-709
-703
-702
-703
-707
-712
-715
-720
-724
-728
-733
-728
-722
-714
-693
-676
-653
-623
-586
-542
-497
-451
-404
-353
-293
-232
-177
-120
-62
-5
54
110
164
215
266
318
367
415
455
500
542
583
626
664
700
729
755
788
818
842
858
862
867
876
876
877
863
842
824
800
771
736
692
648
603
557
512
456
396
336
274
218
159
99
35
-32
-95
-154
-209
-262
-319
-370
-420
-460
-495
-529
-559
-585
-603
-617
-628
-637
-642
-639
-631
-624
-613
-601
-590
-570
-550
-532
-514
-501
-486
-469
-453
-439
-430
-424
-416
-409
-399
-389
-377
-364
-351
-338
-319
-297
-268
-237
-205
-168
-130
-87
-37
14
64
116
166
215
264
308
348
383
412
435
458
475
493
502
510
518
521
528
536
546
556
568
576
580
582
586
592
594
595
587
572
555
534
510
481
444
402
356
307
253
201
146
89
31
-25
-76
-120
-165
-211
-253
-286
-312
-332
-349
-365
-377
-384
-391
-392
-390
-391
-393
-398
-402
-407
-414
-420
-431
-446
-459
-470
-478
-485
-494
-497
-502
-503
-502
-497
-485
-470
-453
-430
-408
-379
-344
-308
-270
-234
-195
-153
-111
-69
-26
15
59
103
144
184
224
264
301
333
367
397
423
443
461
479
492
504
507
507
506
500
494
483
466
450
430
410
388
368
349
329
310
285
269
254
238
225
205
189
174
157
142
122
103
84
63
44
25
3
-19
-40
-62
-86
-106
-128
-149
-169
-186
-198
-205
-211
-219
-226
-228
-225
-224
-227
-225
-225
-221
-217
-218
-217
-219
-220
-219
-224
-229
-232
-238
-239
-245
-250
-253
-258
-251
-245
-238
-223
-209
-188
-165
-146
-124
-100
-74
-47
-25
-5
17
38
58
75
92
103
111
117
120
124
124
123
120
115
115
119
126
133
136
144
154
166
177
186
190
197
203
209
214
209
203
194
183
174
157
138
117
95
78
57
43
30
16
6
-4
-12
-15
-17
-19
-17
-14
-10
-5
-1
4
13
16
21
21
15
8
-4
-16
-29
-44
-64
-79
-94
-108
-120
-135
-145
-153
-163
-169
-176
-181
-177
-176
-174
-169
-161
-145
-130
-122
-114
-102
-87
-71
-63
-53
-48
-43
-37
-32
-24
-16
-7
2
13
22
32
39
46
50
53
60
67
74
85
92
101
110
117
119
119
115
106
98
86
77
71
65
59
56
57
58
57
54
48
42
34
27
22
15
8
7
12
19
28
35
44
47
50
49
42
36
24
14
5
1
0
1
4
6
10
12
7
0
-10
-22
-37
-51
-63
-73
-80
-80
-79
-76
-72
-71
-72
-78
-87
-96
-103
-109
-112
-112
-105
-97
-85
-72
-63
-57
-53
-51
-54
-58
-59
-60
-55
-45
-33
-19
-5
10
20
24
25
21
16
16
17
20
22
28
32
43
52
55
54
52
44
39
35
29
26
24
24
27
34
41
43
44
42
37
31
28
26
25
24
27
31
40
48
58
66
73
83
91
96
100
100
102
103
103
104
105
108
114
115
115
108
94
76
55
31
8
-14
-35
-52
-64
-71
-77
-87
-95
-109
-119
-136
-150
-163
-174
-177
-172
-160
-152
-140
-130
-121
-115
-112
-112
-114
-113
-113
-112
-105
-92
-74
-55
-43
-32
-23
-15
-8
-1
2
5
8
14
21
30
38
46
55
61
61
59
57
52
44
35
27
23
23
23
25
32
37
40
43
46
46
46
50
51
53
58
66
76
86
94
100
103
104
102
99
93
87
81
75
67
61
57
55
51
45
35
25
17
10
1
-8
-16
-24
-26
-29
-32
-37
-42
-48
-54
-59
-66
-73
-83
-89
-93
-95
-94
-92
-89
-87
-86
-86
-84
-86
-87
-86
-85
-82
-76
-70
-61
-54
-47
-41
-32
-26
-22
-16
-15
-14
-16
-15
-10
-1
7
19
28
32
39
43
45
47
44
42
38
39
45
50
52
54
58
60
65
65
65
64
62
59
58
58
59
59
63
67
70
72
72
68
65
61
56
54
51
48
47
43
42
40
35
28
19
10
-1
-12
-21
-32
-41
-47
-51
-56
-61
-68
-71
-75
-80
-84
-89
-94
-95
-94
-90
-82
-75
-70
-64
-61
-60
-60
-60
-61
-63
-63
-61
-59
-53
-47
-41
-33
-28
-22
-17
-15
-12
-7
-3
3
10
19
31
42
51
57
60
61
65
66
65
62
57
53
50
48
46
44
41
40
39
41
39
35
31
27
26
26
26
28
31
38
44
51
55
56
56
51
45
40
32
25
21
18
17
18
16
12
6
-1
-8
-16
-24
-34
-44
-47
-46
-45
-42
-41
-38
-37
-38
-39
-43
-49
-55
-60
-62
-61
-59
-57
-54
-49
-44
-41
-39
-39
-40
-41
-44
-42
-39
-34
-28
-23
-15
-7
2
7
9
12
12
11
10
11
14
16
21
26
31
36
39
40
40
38
35
32
31
30
30
28
27
30
31
30
30
27
24
20
16
14
12
9
8
10
13
13
19
21
20
17
14
14
14
12
10
9
8
10
10
10
10
9
5
2
-4
-10
-13
-18
-21
