2
1
7
7
2
0
-3
-6
-5
-3
-4
-4
-4
-3
1
-1
-4
-5
-7
-5
-1
-1
3
3
1
4
1
-2
-1
-4
-3
0
-2
-2
-2
-4
-3
-2
-1
4
7
7
7
7
7
9
6
2
5
3
2
0
-3
-5
-3
0
4
8
10
11
6
6
3
-3
2
5
1
0
-2
0
4
1
-2
1
-1
0
0
-2
2
4
1
-2
-2
-4
-6
-8
-5
-3
-4
0
-3
-9
-5
-5
-5
-1
1
2
3
3
3
0
-4
-8
-9
-11
-13
-12
-13
-7
0
-3
-4
-4
-5
-5
-2
5
6
9
9
7
6
5
5
10
12
16
15
9
2
-9
-24
-36
-42
-36
-31
-36
-40
-45
-58
-63
-71
-73
-65
-57
-50
-48
-52
-49
-34
-19
-3
19
41
59
73
80
91
100
99
100
97
95
103
109
111
111
111
124
137
143
148
150
157
163
156
155
152
144
140
124
101
82
67
57
42
13
-18
-44
-69
-100
-120
-134
-148
-161
-180
-194
-212
-237
-265
-297
-315
-317
-317
-311
-306
-285
-227
-154
-73
-1
43
53
38
18
31
88
196
339
525
718
884
934
776
466
75
-297
-601
-765
-822
-833
-821
-847
-903
-1000
-1164
-1294
-1340
-1210
-852
-406
2
255
323
226
57
-90
-136
-25
264
666
1072
1355
1474
1385
1087
765
514
405
448
579
720
817
833
806
717
597
508
453
430
393
326
236
158
108
95
141
220
297
353
358
311
231
146
76
22
-28
-87
-162
-276
-423
-587
-752
-879
-947
-962
-922
-844
-759
-694
-672
-684
-686
-640
-536
-396
-257
-159
-121
-136
-182
-227
-242
-232
-201
-159
-116
-77
-63
-110
-207
-294
-312
-238
-99
31
84
57
8
0
73
196
293
305
237
168
218
478
952
1554
2097
2384
2292
1817
1078
256
-473
-991
-1236
-1223
-1047
-848
-812
-1053
-1526
-2033
-2304
-2165
-1618
-832
-61
472
656
516
169
-234
-537
-602
-349
197
888
1486
1770
1624
1127
511
37
-146
-35
261
598
847
952
911
759
564
435
456
621
845
1016
1042
905
639
332
112
69
201
431
634
705
606
365
47
-250
-436
-468
-371
-227
-139
-186
-393
-716
-1081
-1388
-1537
-1480
-1249
-953
-726
-672
-795
-1001
-1148
-1132
-937
-628
-302
-47
65
12
-173
-400
-578
-649
-604
-453
-253
-77
1
-67
-247
-445
-550
-504
-324
-82
133
273
337
358
368
380
413
475
583
795
1180
1770
2482
3054
3198
2806
2007
1083
246
-404
-853
-1108
-1190
-1123
-974
-887
-1031
-1436
-1906
-2138
-1915
-1235
-314
518
989
1008
690
229
-211
-497
-529
-267
253
868
1346
1475
1173
563
-97
-555
-680
-487
-102
286
523
550
420
244
115
86
181
395
709
1055
1352
1487
1359
982
471
20
-228
-261
-176
-94
-100
-195
-326
-470
-637
-810
-936
-930
-745
-433
-151
-79
-279
-669
-1075
-1353
-1447
-1374
-1210
-1010
-799
-592
-414
-285
-211
-153
-57
88
249
374
393
268
11
-288
-514
-587
-488
-271
-39
100
96
-13
-136
-227
-253
-169
39
315
541
655
687
643
537
443
463
601
734
782
782
821
946
1235
1787
2516
3081
3090
2438
1368
192
-863
-1645
-2036
-2070
-1903
-1644
-1347
-1130
-1209
-1632
-2111
-2220
-1749
-817
269
1148
1525
1295
618
-190
-824
-1102
-974
-491
199
890
1327
1283
725
-86
-751
-1024
-846
-294
430
1005
1153
891
490
161
-44
-78
138
540
899
1047
1038
1013
925
689
390
189
134
126
98
28
-124
-403
-721
-852
-717
-461
-273
-233
-278
-341
-382
-396
-411
-466
-579
-710
-803
-844
-861
-895
-927
-861
-615
-209
217
507
608
563
412
208
43
-26
-41
-100
-246
-413
-540
-634
-693
-680
-593
-479
-373
-254
-85
95
225
285
315
377
501
669
823
897
876
802
713
597
438
291
272
485
970
1687
2440
2853
2627
1797
697
-334
-1123
-1572
-1646
-1480
-1290
-1158
-1064
-1066
-1295
-1698
-1976
-1839
-1241
-336
615
1296
1441
1030
321
-365
-833
-986
-791
-304
299
800
1020
838
274
-428
-923
-984
-617
-4
606
969
965
693
393
227
216
320
506
719
880
942
923
830
628
359
151
95
157
223
203
55
-198
-461
-598
-563
-435
-331
-311
-358
-420
-459
-475
-502
-561
-649
-723
-759
-771
-792
-846
-903
-868
-656
-269
187
552
716
682
524
330
190
122
71
-33
-201
-372
-501
-606
-715
-793
-797
-724
-585
-380
-126
106
260
355
470
629
773
835
798
700
574
449
374
379
428
423
290
89
-58
-33
251
859
1785
2747
3275
3043
2137
928
-256
-1201
-1738
-1792
-1532
-1215
-955
-786
-864
-1380
-2183
-2724
-2521
-1564
-244
956
1627
1519
717
-361
-1222
-1593
-1468
-952
-168
688
1351
1531
1085
199
-679
-1119
-971
-363
431
1083
1312
1071
606
227
30
-54
4
317
853
1316
1437
1183
687
132
-254
-241
201
787
1133
1088
783
399
35
-276
-487
-551
-486
-353
-224
-167
-279
-603
-1045
-1382
-1430
-1186
-827
-567
-481
-509
-561
-576
-513
-354
-120
137
376
570
643
481
68
-433
-805
-955
-944
-866
-778
-719
-715
-749
-762
-708
-576
-361
-47
331
674
865
852
710
569
542
646
774
775
592
316
101
35
62
80
55
83
371
1057
2059
3018
3483
3257
2487
1513
613
-118
-688
-1116
-1405
-1538
-1502
-1396
-1430
-1764
-2276
-2589
-2361
-1555
-448
560
1165
1258
941
446
-9
-305
-385
-222
187
757
1240
1362
992
243
-560
-1072
-1131
-809
-320
87
257
194
18
-138
-214
-187
-16
305
699
990
1016
732
260
-171
-331
-132
301
718
893
769
451
93
-191
-366
-460
-521
-561
-565
-551
-591
-744
-997
-1239
-1335
-1221
-940
-628
-417
-346
-349
-312
-167
58
300
501
639
705
689
579
377
126
-114
-285
-365
-393
-425
-484
-557
-595
-565
-452
-251
19
320
586
765
839
837
807
790
783
753
666
518
351
214
130
89
80
98
133
170
180
199
355
776
1526
2461
3220
3433
2897
1744
356
-875
-1726
-2170
-2291
-2191
-1946
-1669
-1546
-1767
-2329
-2934
-3126
-2570
-1307
237
1480
1988
1677
841
-92
-766
-1005
-801
-242
487
1111
1351
1040
224
-784
-1550
-1745
-1322
-533
246
723
816
634
366
170
133
293
631
1067
1451
1600
1412
942
392
9
-40
239
692
1094
1265
1154
827
407
5
-304
-477
-509
-436
-329
-280
-366
-608
-933
-1196
-1263
-1089
-749
-378
-106
5
-27
-134
-220
-218
-108
84
291
430
433
271
-28
-381
-690
-880
-926
-866
-781
-738
-748
-767
-733
-606
-399
-146
130
407
665
840
861
705
424
157
37
88
206
258
179
37
-38
24
169
288
386
625
1216
2163
3127
3604
3266
2188
808
-379
-1114
-1445
-1577
-1650
-1627
-1432
-1154
-1055
-1360
-2002
-2566
-2556
-1740
-333
1101
1971
1994
1332
413
-363
-772
-778
-439
166
866
1399
1484
957
-44
-1113
-1775
-1763
-1149
-269
464
800
719
392
38
-191
-221
-29
357
839
1230
1359
1143
655
104
-256
-252
101
586
944
1017
816
459
72
-262
-505
-643
-676
-598
-438
-299
-309
-528
-872
-1163
-1240
-1063
-727
-381
-158
-114
-197
-293
-298
-175
47
312
547
681
658
470
164
-164
-411
-524
-507
-418
-343
-347
-437
-565
-637
-585
-407
-144
144
425
656
780
762
622
426
249
135
103
161
289
394
379
238
56
-59
13
412
1248
2403
3430
3814
3321
2138
681
-656
-1585
-1964
-1879
-1612
-1369
-1178
-1061
-1205
-1777
-2590
-3137
-2976
-2043
-622
833
1816
1945
1221
74
-915
-1387
-1299
-745
171
1211
1986
2130
1525
406
-797
-1660
-1877
-1385
-427
535
1082
1089
727
242
-186
-422
-321
163
851
1445
1724
1644
1271
719
197
-38
136
584
1041
1316
1337
1061
486
-221
-772
-982
-901
-678
-421
-216
-189
-423
-839
-1237
-1461
-1462
-1252
-853
-374
-12
92
-35
-221
-310
-248
-45
251
539
692
617
328
-70
-472
-801
-999
-1009
-846
-632
-529
-596
-753
-877
-898
-788
-516
-78
419
813
1005
988
792
467
126
-51
31
263
453
508
448
315
119
-27
142
856
2055
3309
4077
4002
3043
1492
-144
-1346
-1869
-1823
-1510
-1128
-729
-419
-458
-1018
-1936
-2759
-3034
-2549
-1365
170
1486
2024
1597
535
-606
-1390
-1637
-1297
-416
778
1876
2468
2336
1516
263
-1002
-1810
-1863
-1230
-303
499
936
976
664
97
-522
-938
-956
-557
110
827
1358
1514
1262
779
339
135
188
407
690
945
1054
922
541
5
-549
-1001
-1250
-1241
-1015
-734
-569
-591
-766
-997
-1180
-1221
-1070
-755
-384
-30
262
466
553
504
369
228
150
179
300
438
462
290
-51
-440
-756
-921
-911
-758
-538
-340
-213
-166
-180
-231
-244
-113
202
599
895
982
879
644
358
109
-9
20
118
193
239
286
346
481
852
1575
2494
3209
3377
2905
1932
693
-535
-1466
-1942
-2017
-1840
-1518
-1134
-872
-980
-1525
-2263
-2794
-2823
-2281
-1299
-172
720
1059
805
183
-483
-940
-1042
-705
61
1054
1948
2436
2383
1828
917
-97
-912
-1282
-1141
-630
11
563
855
787
375
-218
-745
-990
-865
-411
261
965
1493
1702
1604
1333
1037
801
642
568
567
588
571
473
279
-22
-430
-881
-1240
-1388
-1314
-1105
-872
-706
-637
-661
-741
-813
-828
-750
-558
-253
127
488
719
747
590
355
161
72
64
62
-6
-166
-396
-646
-854
-986
-1029
-988
-864
-670
-442
-226
-69
33
109
180
252
319
365
381
373
355
350
361
356
305
211
121
150
423
1000
1789
2536
2944
2844
2263
1379
408
-462
-1095
-1439
-1515
-1364
-1072
-748
-558
-642
-1000
-1493
-1911
-2070
-1880
-1366
-672
-41
324
362
148
-155
-387
-425
-200
266
860
1448
1902
2139
2114
1809
1272
622
3
-458
-674
-618
-339
21
288
342
167
-162
-529
-818
-933
-822
-499
-31
489
965
1319
1484
1426
1156
731
252
-159
-391
-387
-205
7
82
-77
-455
-944
-1405
-1723
-1840
-1753
-1501
-1142
-753
-422
-228
-186
-234
-268
-200
-14
234
451
575
594
550
489
419
319
168
-29
-224
-364
-418
-392
-320
-241
-178
-136
-103
-74
-44
-9
40
120
236
367
481
538
514
411
257
99
-19
-70
-49
40
181
357
548
742
923
1086
1222
1325
1381
1361
1241
1002
652
244
-160
-503
-739
-854
-862
-807
-754
-765
-875
-1067
-1285
-1452
-1514
-1453
-1295
-1079
-836
-585
-333
-97
108
271
398
506
616
741
874
989
1045
1012
881
685
474
301
196
149
120
74
-3
-90
-144
-140
-81
-7
43
51
33
37
110
256
439
596
674
646
527
347
142
-68
-282
-485
-657
-760
-778
-718
-616
-521
-473
-489
-549
-619
-655
-617
-492
-298
-80
102
199
188
91
-36
-144
-204
-218
-205
-185
-166
-145
-118
-94
-80
-72
-61
-28
31
105
168
201
197
167
132
111
113
126
138
135
99
28
-64
-156
-213
-208
-127
12
179
327
421
449
428
401
418
525
729
997
1262
1446
1493
1386
1146
824
483
181
-46
-192
-264
-298
-331
-397
-516
-670
-826
-947
-991
-952
-842
-698
-554
-439
-362
-322
-313
-316
-320
-316
-301
-272
-238
-201
-163
-123
-78
-39
-15
-15
-46
-94
-131
-128
-67
47
185
304
375
387
352
305
271
259
269
287
314
348
384
416
422
372
244
44
-189
-403
-540
-568
-492
-352
-196
-67
16
56
71
84
99
116
124
113
76
17
-56
-133
-203
-258
-290
-295
-276
-238
-192
-148
-114
-91
-73
-47
-7
48
118
190
250
275
255
195
106
12
-70
-129
-171
-211
-263
-326
-386
-409
-376
-278
-129
36
179
266
287
255
208
193
253
403
627
888
1128
1286
1324
1236
1040
781
498
234
17
-143
-244
-302
-332
-354
-390
-448
-520
-584
-621
-614
-556
-464
-372
-307
-288
-313
-361
-407
-430
-431
-424
-431
-463
-505
-536
-526
-472
-390
-304
-239
-195
-159
-105
-23
83
196
297
378
440
491
530
550
539
494
419
339
286
281
321
378
417
402
323
190
40
-84
-154
-161
-122
-64
0
54
106
165
227
282
313
303
248
157
48
-57
-146
-207
-243
-256
-254
-247
-238
-232
-228
-222
-214
-206
-199
-192
-180
-153
-110
-58
-13
7
-12
-65
-138
-212
-276
-333
-395
-464
-532
-580
-583
-526
-419
-286
-149
-35
50
112
155
187
212
239
283
361
484
638
803
942
1015
1002
902
740
548
357
190
62
-20
-52
-50
-27
-1
7
-16
-61
-111
-133
-109
-43
40
104
115
63
-44
-176
-292
-366
-386
-361
-306
-251
-220
-232
-292
-383
-471
-518
-500
-403
-253
-86
60
159
210
222
216
212
210
204
189
155
108
60
24
10
13
29
35
21
-19
-80
-148
-209
-243
-247
-223
-173
-116
-56
-7
24
37
36
26
17
10
3
-9
-29
-59
-90
-113
-123
-115
-91
-57
-22
11
38
62
88
115
148
181
215
245
264
272
269
259
242
217
183
132
59
-35
-144
-244
-314
-338
-312
-236
-129
-7
103
184
236
257
263
275
305
362
444
528
593
613
572
471
325
168
23
-86
-154
-195
-224
-254
-293
-344
-404
-468
-529
-576
-596
-574
-503
-397
-276
-171
-113
-113
-159
-230
-288
-304
-267
-189
-90
-2
43
19
-76
-212
-343
-414
-390
-264
-73
124
276
353
354
304
233
173
142
140
167
205
240
264
265
253
238
236
246
260
272
266
248
226
212
214
225
240
252
248
223
180
125
68
28
9
8
13
-1
-44
-113
-194
-251
-268
-242
-181
-110
-60
-42
-60
-102
-152
-183
-187
-159
-112
-64
-39
-47
-88
-155
-221
-272
-298
-303
-301
-318
-357
-414
-474
-500
-461
-328
-104
183
488
746
907
939
846
660
422
182
-18
-152
-219
-238
-229
-211
-202
-212
-236
-264
-286
-298
-295
-274
-233
-177
-113
-50
11
65
113
164
223
292
363
423
454
444
392
305
202
110
48
27
44
82
117
127
102
48
-17
-64
-82
-73
-40
-4
30
60
91
128
165
189
187
144
62
-41
-148
-229
-272
-276
-245
-191
-127
-74
-44
-47
-84
-147
-212
-256
-261
-226
-160
-87
-32
-5
1
0
7
30
58
71
49
-13
-98
-180
-236
-248
-222
-178
-137
-113
-115
-132
-154
-164
-150
-109
-44
29
88
113
104
72
47
75
185
379
626
860
1012
1028
891
625
290
-47
-319
-484
-527
-471
-351
-215
-107
-65
-99
-197
-326
-442
-516
-520
-463
-369
-268
-190
-151
-156
-195
-253
-296
-299
-243
-124
41
224
392
510
569
568
514
437
361
306
282
289
312
340
354
349
318
264
195
125
70
38
42
92
184
304
425
514
542
495
379
218
55
-72
-142
-144
-103
-51
-30
-74
-188
-359
-558
-736
-845
-860
-783
-636
-467
-327
-247
-242
-293
-364
-412
-406
-337
-219
-85
33
109
134
126
100
82
72
55
14
-67
-183
-311
-412
-454
-428
-354
-269
-199
-153
-111
-26
155
454
856
1292
1663
1867
1840
1565
1086
485
-132
-657
-1007
-1141
-1077
-888
-682
-568
-616
-813
-1072
-1280
-1319
-1131
-748
-265
191
511
643
595
426
218
50
-24
18
170
390
618
781
818
699
435
91
-233
-440
-451
-257
93
501
858
1081
1135
1032
835
627
478
437
502
645
816
959
1024
985
842
611
334
56
-163
-290
-315
-255
-164
-100
-107
-211
-383
-572
-725
-801
-796
-730
-653
-604
-607
-668
-767
-878
-975
-1033
-1053
-1032
-976
-898
-810
-732
-677
-662
-678
-697
-697
-640
-522
-371
-215
-95
-25
4
13
32
67
109
142
177
272
503
925
1508
2103
2510
2554
2173
1447
563
-256
-827
-1072
-1014
-741
-376
-55
108
43
-227
-600
-902
-952
-647
-30
701
1265
1433
1132
471
-304
-915
-1156
-969
-451
205
787
1123
1120
783
217
-396
-857
-1010
-801
-301
321
853
1118
1055
722
269
-137
-369
-372
-160
183
548
829
958
917
737
489
280
189
243
402
578
686
659
477
174
-168
-458
-642
-704
-669
-589
-526
-528
-612
-751
-900
-1022
-1080
-1046
-914
-713
-496
-317
-223
-233
-326
-441
-518
-516
-456
-372
-315
-327
-413
-547
-680
-771
-808
-789
-707
-555
-356
-150
21
133
194
264
473
937
1643
2401
2936
3043
2657
1848
820
-136
-784
-1072
-1087
-945
-723
-533
-506
-683
-975
-1242
-1376
-1261
-796
-15
841
1428
1526
1135
412
-383
-942
-1019
-574
170
888
1337
1406
1083
452
-291
-891
-1166
-1084
-717
-183
364
748
825
610
250
-76
-236
-168
139
604
1062
1333
1347
1156
866
580
400
400
572
791
894
789
487
61
-388
-735
-860
-732
-443
-132
95
175
87
-149
-443
-661
-716
-627
-476
-340
-281
-346
-537
-783
-978
-1056
-1025
-912
-739
-546
-410
-403
-529
-733
-941
-1077
-1067
-888
-600
-313
-116
-44
-86
-199
-321
-377
-296
15
611
1434
2247
2734
2686
2082
1084
-34
-938
-1396
-1402
-1141
-797
-473
-275
-326
-635
-1035
-1295
-1263
-875
-113
890
1773
2144
1867
1121
196
-617
-1047
-917
-288
522
1156
1422
1286
799
97
-554
-873
-757
-308
270
796
1118
1129
831
380
2
-145
-23
311
752
1154
1346
1239
897
512
264
238
422
742
1060
1198
1042
626
92
-410
-774
-934
-857
-598
-316
-174
-225
-432
-724
-1021
-1208
-1174
-931
-624
-417
-384
-510
-753
-1022
-1180
-1119
-872
-567
-324
-189
-170
-270
-448
-627
-748
-803
-799
-730
-600
-459
-371
-364
-420
-493
-507
-409
-202
89
496
1063
1714
2211
2361
2140
1622
896
116
-454
-682
-691
-662
-598
-448
-341
-466
-787
-1066
-1151
-1039
-678
1
827
1386
1391
928
279
-353
-806
-867
-438
276
910
1226
1213
923
421
-126
-462
-427
-89
365
759
986
971
711
313
-42
-200
-126
132
492
861
1133
1214
1089
863
706
720
896
1152
1388
1479
1314
895
371
-79
-380
-551
-603
-544
-454
-451
-593
-828
-1075
-1296
-1438
-1397
-1146
-811
-578
-554
-699
-936
-1195
-1370
-1351
-1109
-759
-459
-305
-295
-398
-593
-833
-1014
-1047
-918
-728
-564
-435
-321
-272
-328
-427
-431
-292
-82
185
634
1327
2050
2481
2503
2212
1676
938
209
-202
-242
-186
-226
-257
-182
-182
-433
-811
-1046
-1074
-956
-613
36
763
1141
997
530
1
-464
-740
-646
-166
448
868
965
791
421
-46
-435
-555
-359
16
367
571
591
448
196
-70
-240
-242
-84
160
414
639
793
827
737
628
645
834
1124
1408
1597
1615
1394
953
446
66
-114
-142
-77
40
129
69
-178
-500
-754
-895
-942
-901
-757
-574
-478
-530
-681
-868
-1073
-1269
-1358
-1249
-982
-708
-555
-543
-644
-806
-962
-1024
-933
-740
-571
-513
-562
-640
-698
-723
-694
-574
-378
-194
-75
66
359
805
1237
1506
1585
1484
1189
754
370
180
117
45
-7
84
283
385
293
113
-58
-225
-342
-257
58
380
492
401
230
6
-274
-478
-452
-224
50
264
393
395
232
-4
-162
-173
-79
56
191
284
312
294
251
164
19
-126
-187
-130
17
236
495
705
806
828
866
960
1078
1193
1306
1395
1378
1201
904
586
302
82
-30
-5
95
144
79
-62
-219
-401
-613
-792
-869
-859
-836
-830
-828
-844
-933
-1060
-1117
-1052
-929
-822
-742
-680
-664
-715
-795
-849
-886
-930
-973
-984
-974
-994
-1047
-1077
-1021
-868
-658
-435
-230
-63
86
275
538
831
1066
1176
1164
1076
950
802
637
466
320
244
269
378
495
536
472
330
187
110
116
180
259
331
400
464
503
488
412
293
171
108
138
234
334
381
363
280
143
-21
-178
-297
-356
-338
-245
-136
-86
-123
-212
-285
-289
-191
21
291
539
716
826
887
889
828
748
681
623
550
468
379
259
103
-48
-132
-147
-135
-116
-83
-54
-70
-148
-263
-386
-518
-643
-724
-730
-691
-663
-660
-664
-659
-652
-638
-594
-529
-482
-483
-512
-549
-601
-685
-786
-870
-906
-890
-818
-691
-538
-412
-336
-289
-226
-120
27
215
417
591
696
727
718
690
648
589
515
435
370
343
373
455
548
597
582
518
441
380
339
307
265
207
134
70
33
6
-46
-128
-225
-313
-361
-359
-311
-238
-172
-128
-109
-116
-142
-164
-161
-121
-50
28
82
108
114
120
147
200
270
340
403
463
526
586
640
677
687
664
609
523
419
318
241
212
241
307
386
443
455
415
328
206
65
-73
-198
-303
-379
-436
-490
-551
-618
-679
-709
-693
-632
-545
-458
-393
-365
-374
-420
-504
-615
-735
-839
-903
-912
-873
-807
-742
-704
-691
-679
-636
-520
-321
-67
188
380
479
495
471
440
423
401
352
273
189
145
171
249
340
391
369
278
164
81
59
92
149
191
187
142
77
20
-11
-16
-9
-4
-8
-25
-46
-56
-44
-18
7
14
-2
-33
-58
-55
-22
23
61
76
78
97
156
258
386
501
581
624
653
698
775
874
966
1020
1012
947
848
741
646
568
505
448
392
336
277
213
127
14
-131
-292
-444
-563
-630
-649
-637
-614
-594
-576
-561
-543
-527
-519
-529
-559
-603
-657
-717
-783
-863
-957
-1058
-1144
-1197
-1206
-1168
-1101
-1019
-931
-824
-683
-493
-253
8
255
443
549
568
519
435
347
288
265
274
298
317
321
303
276
254
246
255
277
306
338
371
400
418
413
382
338
305
306
340
384
397
348
230
73
-75
-170
-192
-154
-90
-39
-23
-42
-76
-101
-98
-61
5
89
178
265
343
404
441
454
447
432
433
463
521
593
654
682
667
615
543
469
409
366
340
330
329
330
329
312
266
178
53
-94
-235
-345
-407
-423
-407
-391
-396
-444
-528
-624
-710
-770
-800
-812
-826
-863
-926
-1005
-1082
-1137
-1162
-1163
-1144
-1115
-1071
-993
-875
-710
-518
-313
-123
38
168
273
349
385
381
336
272
226
220
261
326
376
387
356
310
279
292
343
408
462
488
491
482
474
464
446
415
381
359
359
376
386
362
284
162
24
-86
-134
-114
-52
12
47
38
2
-35
-46
-19
34
96
144
179
201
211
214
208
190
163
134
122
138
187
269
358
431
469
459
415
357
311
293
300
321
334
320
275
201
104
-9
-129
-242
-331
-386
-399
-380
-352
-336
-355
-401
-455
-494
-492
-454
-404
-372
-377
-420
-487
-560
-623
-671
-712
-740
-751
-730
-673
-577
-458
-343
-250
-188
-151
-130
-118
-110
-104
-91
-62
-16
45
110
156
168
147
101
53
21
18
41
79
120
151
167
169
166
163
174
200
244
298
351
400
428
434
412
372
325
275
233
203
182
170
159
142
123
101
82
78
101
150
208
265
309
338
360
374
389
403
415
422
428
441
467
502
544
578
589
570
522
453
374
294
220
157
102
52
-3
-63
-128
-194
-257
-312
-352
-382
-401
-420
-442
-475
-518
-562
-601
-632
-647
-653
-657
-666
-688
-727
-776
-827
-866
-879
-857
-799
-714
-611
-507
-412
-333
-269
-219
-178
-139
-96
-43
21
86
144
176
176
141
85
27
-18
-40
-40
-26
-10
-3
-4
-11
-20
-16
8
67
162
285
419
537
618
644
633
603
577
567
569
581
587
570
531
471
399
331
272
227
199
188
197
221
255
288
315
332
347
367
397
424
445
455
438
390
322
252
196
160
145
140
134
119
90
46
-10
-77
-146
-217
-279
-328
-362
-381
-393
-400
-410
-430
-454
-481
-514
-544
-572
-590
-600
-611
-614
-612
-602
-583
-568
-557
-548
-541
-520
-486
-439
-375
-306
-238
-179
-141
-119
-108
-101
-89
-73
-44
-2
44
89
128
154
164
160
147
135
129
133
150
174
202
221
233
237
236
240
251
273
307
348
389
424
446
453
444
427
405
385
373
365
361
360
354
341
321
288
250
205
161
129
105
92
84
74
62
51
41
37
37
44
52
59
65
67
58
40
9
-32
-69
-95
-114
-119
-114
-110
-109
-118
-140
-164
-191
-215
-231
-242
-256
-276
-304
-335
-370
-401
-422
-434
-428
-409
-375
-335
-290
-254
-245
-238
-237
-221
-185
-140
-83
-26
16
36
37
20
-10
-43
-74
-95
-108
-109
-96
-70
-43
-15
9
28
44
55
69
84
95
104
105
100
89
72
55
39
24
13
5
2
0
2
4
13
26
46
71
97
126
151
168
182
187
200
215
231
244
243
235
224
206
190
166
145
138
131
126
116
101
89
75
60
46
32
27
30
40
54
64
66
61
45
19
-11
-36
-53
-58
-54
-45
-37
-36
-44
-62
-85
-108
-126
-143
-159
-174
-189
-205
-218
-227
-228
-218
-201
-181
-159
-142
-122
-103
-81
-59
-37
-16
0
11
14
6
-6
-20
-33
-43
-47
-48
-47
-50
-55
-65
-72
-72
-63
-47
-25
-1
17
29
30
24
15
8
4
3
4
5
7
6
4
3
7
12
21
35
51
69
84
101
119
136
155
171
190
201
213
220
223
222
217
214
209
204
197
191
183
171
157
142
125
109
97
84
72
62
52
41
26
11
-3
-15
-27
-43
-58
-75
-90
-106
-121
-134
-144
-154
-163
-174
-178
-182
-187
-188
-190
-190
-192
-199
-205
-213
-218
-215
-210
-201
-188
-171
-152
-134
-122
-107
-96
-83
-64
-46
-29
-11
1
8
17
22
29
37
43
53
60
68
78
85
88
88
88
88
88
87
89
91
93
92
91
86
86
81
78
76
76
78
78
78
81
84
89
96
102
106
107
107
106
105
103
98
96
96
97
96
93
85
77
65
52
40
29
21
17
9
3
-4
-16
-32
-49
-64
-77
-82
-90
-93
-93
-97
-97
-99
-107
-111
-118
-117
-114
-109
-102
-95
-92
-89
-88
-92
-93
-95
-87
-80
-75
-68
-64
-63
-61
-69
-70
-67
-61
-47
-35
-23
-12
-7
-2
-1
1
4
12
23
35
49
58
66
66
63
59
60
63
68
75
81
86
86
83
80
76
71
69
69
71
71
73
70
65
59
49
44
40
37
36
35
32
28
23
18
14
13
13
12
11
10
9
7
3
1
-3
-5
-4
-8
-10
-12
-16
-20
-28
-37
-44
-50
-52
-55
-55
-53
-55
-59
-66
-72
-78
-80
-83
-83
-82
-81
-79
-76
-73
-74
-72
-69
-67
-63
-61
-57
-51
-46
-44
-42
-37
-34
-30
-24
-18
-8
-2
7
14
20
27
34
37
41
47
54
64
69
73
80
88
94
93
94
92
93
97
96
97
97
94
97
93
88
86
81
79
77
73
70
66
62
58
52
44
39
33
28
22
12
3
-4
-11
-19
-25
-31
-36
-40
-45
-52
-57
-61
-63
-64
-59
-56
-49
-44
-43
-42
-42
-42
-41
-37
-36
-35
-34
-34
-37
-47
-54
-60
-65
-66
-65
-62
-56
-52
-48
-45
-41
-40
-36
-36
-36
-36
-39
-43
-48
-54
-59
-61
-63
-62
-59
-56
-51
-49
-47
-44
-43
-43
-43
-42
-38
-36
-31
-26
-21
-19
-16
-10
-7
-1
1
6
10
11
15
19
26
33
37
42
49
56
65
71
77
84
90
95
99
102
106
108
111
114
114
113
115
114
113
110
105
102
98
92
86
78
71
64
55
46
35
26
17
9
0
-9
-18
-26
-32
-39
-44
-48
-53
-57
-59
-60
-65
-70
-73
-77
-78
-80
-82
-82
-82
-84
-87
-91
-96
-97
-98
-96
-99
-98
-96
-96
-93
-94
-97
-94
-94
-89
-86
-84
-80
-76
-72
-67
-65
-60
-53
-48
-39
-33
-26
-21
-14
-6
-1
6
13
20
26
31
38
47
52
57
64
72
79
83
89
94
100
108
114
119
124
129
136
142
146
151
151
157
163
164
165
165
166
169
168
166
164
160
157
155
149
144
140
134
126
116
107
97
87
77
65
52
38
23
9
-7
-23
-38
-54
-70
-87
-102
-118
-133
-150
-166
-178
-192
-200
-207
-217
-224
-229
-234
-236
-242
-245
-245
-242
-237
-235
-233
-227
-224
-218
-210
-205
-196
-184
-172
-159
-148
-138
-126
-114
-101
-87
-77
-63
-49
-35
-20
-5
7
22
34
47
62
76
90
102
116
128
141
154
165
175
184
194
201
210
219
227
233
234
239
242
244
244
239
240
240
237
234
224
216
209
202
193
181
168
159
149
137
125
110
97
81
69
56
42
30
17
6
-7
-19
-32
-45
-56
-68
-79
-85
-95
-106
-117
-129
-136
-142
-151
-160
-167
-171
-173
-179
-185
-190
-191
-189
-189
-188
-188
-184
-175
-168
-165
-159
-154
-146
-135
-128
-118
-107
-96
-84
-73
-63
-53
-43
-32
-22
-15
-5
3
13
19
25
35
41
48
56
63
67
72
80
90
98
102
106
110
116
123
125
126
128
131
136
137
136
135
132
134
135
129
125
122
119
115
109
104
98
91
88
81
75
69
63
59
52
45
35
24
15
7
1
-8
-16
-24
-33
-42
-50
-57
-63
-70
-76
-79
-86
-88
-92
-98
-99
-101
-104
-106
-112
-115
-118
-120
-121
-125
-129
-132
-135
-137
-141
-140
-137
-138
-140
-142
-144
-140
-133
-125
-116
-109
-103
-99
-90
-79
-68
-55
-45
-37
-32
-26
-20
-11
-2
5
9
14
20
25
32
42
49
54
59
64
70
81
87
92
95
98
101
103
108
115
117
118
115
109
110
108
109
107
99
95
91
89
83
78
73
64
57
52
44
37
34
30
25
18
11
6
2
-1
-2
-6
-10
-14
-16
-20
-22
-24
-26
-27
-28
-30
-28
-28
-30
-29
-30
-30
-32
-32
-32
-32
-29
-30
-31
-29
-31
-33
-32
-33
-32
-32
-32
-33
-34
-36
-35
-32
-32
-32
-32
-33
-32
-33
-33
-32
-30
-31
-30
-28
-28
-26
-26
-23
-21
-19
-17
-14
-11
-10
-10
-9
-9
-6
-4
-2
1
2
3
5
7
9
11
14
17
21
23
25
28
29
31
32
36
40
41
43
45
45
46
48
47
46
44
46
45
42
40
37
33
31
28
26
26
23
24
22
20
19
16
14
12
10
9
7
7
4
1
-2
-4
-8
-10
-11
-12
-12
-16
-19
-20
-21
-20
-20
-20
-21
-23
-24
-24
-24
-25
-24
-25
-24
-23
-22
-22
-23
-23
-20
-20
-20
-20
-19
-20
-18
-17
-15
-14
-13
-11
-12
-10
-8
-6
-4
-5
-4
-3
-2
0
2
2
2
3
2
3
4
3
4
4
5
4
4
3
3
4
3
5
7
9
9
7
8
8
7
5
6
6
7
9
10
9
9
9
9
8
9
10
10
10
12
11
8
8
7
5
6
4
3
4
2
1
0
-1
-2
-4
-2
-3
-3
-4
-7
