-3
-3
8
8
-1
0
7
11
6
12
14
-7
-8
5
6
14
17
2
0
2
-1
4
6
6
3
5
7
-1
-1
-10
-16
-1
4
-1
-2
-8
-19
-9
1
1
-5
-12
-14
-16
-3
1
-14
-9
-7
-19
-9
-4
-14
-19
-10
-4
-4
2
-6
-12
-4
-8
-2
8
1
-3
-6
-6
2
0
4
5
2
3
10
14
4
7
10
6
10
14
3
1
3
0
15
19
6
8
5
4
10
19
20
7
-2
7
15
12
7
10
5
6
20
33
28
22
25
21
38
61
60
62
51
32
38
51
35
-18
-89
-121
-100
-75
-99
-159
-227
-294
-313
-351
-386
-408
-466
-473
-480
-493
-472
-485
-484
-500
-525
-438
-335
-266
-196
-126
-37
54
173
294
416
554
650
750
810
845
915
911
893
911
943
1038
1016
871
761
672
644
630
574
513
442
382
333
220
85
33
54
72
2
-157
-352
-476
-474
-391
-293
-185
87
532
913
886
467
-82
-399
-257
191
475
226
-353
-783
-846
-725
-696
-908
-1339
-1728
-1763
-1480
-1286
-1460
-1843
-2164
-2369
-2466
-2443
-2383
-2382
-2330
-2030
-1604
-1330
-1231
-1125
-898
-523
50
725
1206
1323
1287
1425
1818
2405
3054
3490
3477
3105
2765
2668
2709
2718
2604
2377
2073
1761
1507
1239
860
453
207
142
118
49
-102
-348
-656
-940
-1111
-1156
-1149
-1137
-1120
-1157
-1271
-1367
-1333
-1167
-941
-698
-453
-281
-254
-293
-292
-251
-225
-163
-18
102
20
-224
-401
-458
-480
-396
-147
22
-4
289
1225
1994
1636
491
-326
-367
94
808
1309
806
-530
-1206
-547
221
-15
-744
-1189
-1436
-1501
-998
-391
-761
-1878
-2398
-2105
-2014
-2353
-2442
-2254
-2272
-2183
-1453
-705
-780
-1201
-990
-203
525
1169
1783
1855
1365
1232
1960
2859
3233
3313
3399
3257
2861
2718
2956
2982
2556
2176
2068
1847
1364
977
756
345
-163
-231
107
154
-307
-797
-1084
-1351
-1484
-1164
-672
-640
-1047
-1396
-1616
-1889
-1959
-1521
-926
-692
-738
-767
-831
-960
-930
-647
-282
11
209
170
-205
-637
-803
-652
-309
47
132
-180
-594
-758
-602
38
1433
2878
2876
1236
-402
-650
225
1329
2126
1972
581
-778
-579
522
670
-235
-877
-971
-1111
-1099
-661
-723
-1846
-2821
-2646
-2243
-2621
-3143
-3089
-2947
-2937
-2349
-1281
-933
-1485
-1678
-892
172
987
1658
1977
1642
1276
1800
2954
3701
3791
3729
3647
3398
3260
3519
3691
3215
2466
2189
2323
2188
1598
903
284
-186
-188
298
520
-137
-1189
-1759
-1737
-1508
-1181
-819
-801
-1262
-1723
-1829
-1827
-1879
-1639
-1016
-535
-530
-723
-871
-1036
-1041
-575
124
475
329
-75
-600
-1062
-1078
-606
-147
-106
-426
-931
-1437
-1540
-913
334
1735
2487
1848
145
-1110
-760
718
1991
2281
1534
182
-695
-240
812
965
107
-619
-754
-745
-673
-444
-648
-1609
-2404
-2276
-1960
-2329
-2925
-3000
-2766
-2489
-1835
-990
-882
-1503
-1592
-598
613
1295
1583
1583
1222
1048
1777
3023
3712
3653
3456
3293
2991
2817
3068
3358
3163
2721
2492
2275
1688
963
541
399
317
346
425
122
-720
-1569
-1866
-1713
-1427
-1071
-761
-847
-1406
-1969
-2145
-1991
-1651
-1153
-676
-555
-803
-1054
-1043
-793
-375
139
518
551
307
-13
-278
-370
-205
59
129
-56
-362
-725
-1085
-1247
-1024
-338
852
2173
2511
1156
-828
-1519
-373
1399
2394
2050
533
-1155
-1519
-273
973
801
-317
-1208
-1600
-1637
-1178
-606
-864
-1863
-2437
-2278
-2310
-2841
-3138
-2932
-2589
-2022
-1088
-572
-1132
-1869
-1479
-85
1267
2067
2249
1700
906
987
2261
3673
4239
4082
3655
3092
2650
2765
3288
3467
3094
2724
2531
2013
1057
314
205
443
711
873
548
-571
-1912
-2400
-1802
-885
-337
-262
-654
-1454
-2162
-2184
-1596
-982
-588
-340
-324
-664
-1107
-1173
-721
-16
628
950
747
87
-580
-785
-452
87
400
249
-291
-954
-1463
-1626
-1421
-1035
-675
-214
623
1471
1301
-119
-1464
-1324
175
1731
2244
1356
-522
-2024
-1724
58
1341
893
-521
-1676
-2189
-1985
-1068
-221
-479
-1597
-2363
-2424
-2456
-2679
-2597
-2143
-1701
-1272
-754
-603
-1107
-1486
-798
696
1968
2413
2037
1180
581
1095
2667
4158
4584
3978
2971
2169
2046
2746
3707
4052
3551
2749
2038
1344
783
775
1254
1601
1430
802
-193
-1343
-1932
-1366
-165
488
152
-697
-1554
-2123
-2038
-1243
-456
-389
-851
-1242
-1466
-1641
-1520
-922
-271
-56
-210
-513
-911
-1214
-1056
-500
-134
-295
-781
-1293
-1676
-1759
-1501
-1190
-1145
-1315
-1423
-1206
-403
817
1475
760
-640
-1173
-252
1242
2139
1870
510
-984
-1145
315
1824
1828
581
-710
-1412
-1338
-388
731
710
-603
-1877
-2223
-2127
-2099
-1909
-1560
-1479
-1542
-1249
-848
-1014
-1430
-1078
124
1281
1796
1689
1081
397
584
2038
3774
4483
3959
2902
1995
1795
2601
3858
4427
3857
2749
1810
1238
1120
1484
1877
1710
992
139
-654
-1290
-1417
-886
-247
-184
-747
-1530
-2190
-2417
-1979
-1157
-701
-1017
-1734
-2267
-2369
-1996
-1243
-527
-343
-703
-1144
-1292
-1121
-706
-182
105
-97
-562
-895
-1001
-1007
-901
-707
-683
-944
-1216
-1255
-1099
-623
454
1678
1821
550
-837
-931
244
1669
2407
1887
243
-1198
-907
849
2190
1906
534
-867
-1639
-1298
109
1386
1165
-401
-1909
-2520
-2403
-1845
-1134
-870
-1368
-1978
-1961
-1546
-1306
-1134
-610
149
704
894
748
354
163
869
2422
3742
3882
3003
2014
1687
2317
3638
4709
4588
3366
2115
1680
1983
2476
2697
2343
1433
440
-124
-292
-409
-526
-503
-485
-768
-1346
-1969
-2419
-2458
-1981
-1408
-1401
-2072
-2839
-3116
-2778
-2008
-1222
-969
-1408
-1981
-2013
-1439
-700
-188
-85
-435
-957
-1136
-785
-253
6
-122
-493
-925
-1199
-1155
-836
-473
-194
204
872
1418
1215
355
-245
124
1233
2270
2510
1689
258
-579
111
1727
2704
2233
816
-648
-1325
-561
1278
2516
1779
-391
-2325
-3001
-2370
-940
196
-98
-1643
-2963
-3050
-2244
-1222
-305
165
-123
-765
-979
-611
-40
636
1476
2103
2134
1820
1599
1542
1715
2391
3395
3901
3421
2472
1826
1700
1954
2385
2564
2039
1001
176
-66
1
65
48
-147
-662
-1321
-1703
-1664
-1475
-1396
-1477
-1741
-2162
-2495
-2460
-2084
-1700
-1562
-1648
-1778
-1766
-1504
-1041
-571
-286
-261
-435
-605
-541
-213
164
358
296
-17
-504
-838
-708
-259
32
-27
-241
-407
-293
357
1301
1674
1058
168
-46
565
1479
2090
1878
757
-372
-327
877
2018
2094
1145
-194
-1074
-695
787
1957
1538
-209
-1958
-2719
-2273
-1034
-55
-362
-1786
-3032
-3108
-2197
-1073
-372
-449
-1177
-1784
-1543
-598
311
726
722
545
474
790
1440
2015
2225
2222
2311
2516
2657
2644
2531
2446
2480
2618
2653
2345
1711
1099
874
1031
1210
1093
611
-80
-695
-945
-771
-487
-492
-898
-1517
-2039
-2178
-1870
-1405
-1224
-1455
-1833
-2046
-1945
-1552
-1090
-877
-1005
-1228
-1291
-1165
-931
-644
-448
-548
-863
-1082
-1046
-871
-673
-527
-594
-952
-1323
-1314
-920
-427
-35
197
263
239
319
555
735
749
779
982
1265
1409
1312
1046
851
1020
1568
2090
2117
1568
803
316
407
969
1456
1316
516
-425
-934
-818
-306
99
-42
-722
-1414
-1585
-1198
-643
-330
-437
-875
-1280
-1249
-712
-23
398
408
145
-117
-80
378
1038
1508
1571
1324
1005
819
885
1173
1481
1573
1379
1020
708
614
766
996
1036
740
248
-165
-325
-260
-125
-91
-249
-546
-851
-1029
-1027
-886
-730
-705
-886
-1181
-1404
-1431
-1279
-1074
-960
-1011
-1207
-1423
-1522
-1445
-1231
-1004
-915
-1026
-1236
-1357
-1267
-984
-637
-369
-247
-259
-312
-275
-73
260
603
829
883
818
775
884
1145
1431
1577
1515
1329
1168
1144
1252
1379
1380
1200
931
735
721
868
1031
1035
802
452
222
274
525
682
513
27
-512
-786
-677
-342
-104
-165
-476
-818
-985
-931
-753
-585
-508
-522
-578
-626
-649
-647
-612
-523
-379
-221
-129
-156
-271
-364
-323
-129
119
264
221
49
-84
-72
55
187
245
211
146
150
271
461
613
653
595
503
446
477
570
620
536
323
91
-54
-71
-3
45
-33
-253
-514
-697
-741
-678
-593
-570
-634
-752
-851
-871
-802
-683
-559
-468
-428
-414
-373
-254
-61
140
250
227
143
125
244
440
570
535
382
253
252
359
465
478
408
342
331
361
380
357
317
291
297
313
288
208
109
48
80
195
314
341
226
18
-141
-141
16
214
296
188
-42
-246
-313
-232
-91
-4
-18
-115
-244
-355
-420
-433
-397
-338
-309
-356
-487
-654
-772
-770
-644
-469
-343
-325
-401
-475
-431
-221
82
328
405
334
253
311
527
767
863
778
633
589
690
829
862
737
539
401
372
385
341
215
76
-12
-54
-113
-231
-366
-430
-380
-275
-229
-299
-436
-517
-471
-328
-186
-141
-216
-336
-398
-348
-209
-72
-26
-96
-219
-281
-227
-97
14
41
0
-48
-54
-20
6
-9
-44
-49
-21
10
8
-25
-56
-56
-15
33
49
16
-31
-49
-11
59
125
146
102
22
-24
27
169
339
427
359
176
6
-16
142
371
493
396
115
-192
-360
-328
-170
-30
-16
-156
-386
-589
-651
-539
-323
-120
-35
-92
-206
-249
-148
54
240
325
323
316
370
470
552
556
498
469
520
608
645
579
435
300
250
267
277
217
98
-3
-29
-5
5
-44
-132
-195
-191
-138
-101
-133
-219
-312
-354
-339
-301
-288
-326
-397
-458
-478
-454
-416
-381
-356
-341
-331
-334
-343
-339
-299
-207
-98
-34
-38
-78
-93
-50
35
105
115
78
50
66
105
107
45
-42
-77
-19
95
174
141
11
-110
-111
24
201
293
237
95
-13
10
148
282
290
167
13
-59
-8
90
118
20
-139
-238
-206
-83
6
-7
-97
-164
-127
-5
123
179
167
158
200
283
352
364
337
328
379
467
519
488
392
310
303
361
413
386
274
147
77
80
102
76
-14
-111
-140
-92
-34
-55
-174
-314
-363
-281
-142
-71
-145
-324
-480
-496
-388
-254
-200
-256
-361
-432
-429
-373
-319
-291
-273
-249
-217
-196
-193
-193
-175
-117
-40
20
33
3
-29
-29
0
36
49
29
-18
-51
-52
-25
2
-1
-39
-84
-93
-49
25
77
67
9
-43
-44
19
107
158
130
56
-1
0
60
135
174
155
107
77
95
149
212
244
245
233
225
241
274
300
311
304
286
276
272
276
268
245
212
178
154
146
133
105
62
20
-1
-1
0
-23
-74
-126
-145
-124
-95
-91
-126
-182
-225
-230
-205
-169
-141
-137
-154
-189
-222
-230
-202
-143
-90
-69
-95
-151
-186
-179
-133
-72
-36
-44
-78
-108
-112
-91
-58
-30
-15
-10
-12
-24
-37
-48
-37
-8
26
36
9
-37
-67
-64
-34
0
9
-10
-45
-70
-75
-62
-35
-7
6
-5
-31
-52
-46
-9
37
61
51
24
11
32
76
112
131
134
142
167
196
223
236
241
257
280
308
320
303
279
265
271
285
276
236
179
134
120
126
119
77
10
-49
-72
-71
-64
-77
-114
-154
-178
-182
-179
-183
-200
-216
-226
-229
-229
-235
-242
-248
-250
-256
-265
-264
-253
-226
-198
-186
-189
-202
-203
-179
-130
-77
-43
-39
-57
-72
-68
-39
8
56
80
71
41
15
14
48
100
133
133
104
74
62
77
112
137
140
127
112
105
109
123
141
152
151
147
142
143
149
163
176
184
176
160
146
140
149
164
173
163
139
116
102
102
111
124
123
108
84
57
35
28
36
49
46
17
-34
-87
-118
-114
-90
-77
-96
-151
-214
-260
-274
-248
-212
-193
-210
-259
-307
-333
-326
-283
-235
-208
-215
-260
-307
-332
-310
-237
-169
-139
-161
-218
-252
-227
-152
-57
5
6
-34
-68
-53
27
132
207
219
187
155
168
226
303
356
360
332
294
273
283
307
323
319
281
228
178
145
137
140
143
132
88
26
-23
-30
9
62
88
60
-7
-57
-46
29
118
165
140
71
16
26
106
206
263
247
181
113
95
148
244
317
309
225
109
28
32
103
178
182
81
-80
-210
-243
-189
-111
-97
-181
-319
-445
-490
-447
-374
-327
-351
-429
-502
-537
-505
-437
-388
-361
-362
-372
-368
-364
-345
-305
-254
-195
-151
-139
-144
-149
-127
-66
10
68
89
76
62
83
140
209
259
259
239
232
250
295
331
335
321
289
275
280
287
293
277
242
209
188
189
199
189
157
113
80
72
82
95
90
60
22
-10
-18
-1
24
36
23
-12
-43
-49
-29
-2
12
0
-26
-47
-45
-27
-10
-12
-32
-53
-52
-37
-21
-24
-54
-89
-105
-90
-64
-55
-80
-128
-166
-167
-136
-104
-99
-133
-181
-212
-204
-167
-133
-127
-151
-186
-203
-195
-171
-150
-143
-143
-145
-140
-132
-127
-128
-120
-101
-68
-33
-14
-18
-33
-34
-2
55
112
143
142
124
120
150
202
258
290
293
277
258
260
278
300
317
313
286
248
208
179
165
164
157
137
93
37
-10
-33
-37
-33
-34
-49
-80
-109
-126
-124
-112
-94
-73
-62
-62
-71
-82
-78
-55
-15
27
44
31
2
-14
-4
32
69
75
47
6
-18
-10
18
33
14
-33
-76
-91
-75
-52
-51
-85
-133
-162
-152
-114
-79
-77
-106
-141
-151
-123
-72
-30
-19
-40
-69
-80
-62
-24
10
17
-2
-35
-60
-63
-42
-15
-2
-13
-40
-66
-71
-53
-23
0
1
-12
-22
-16
11
45
76
91
93
92
98
114
136
156
164
164
157
144
132
122
118
118
119
108
80
39
4
-10
-3
11
13
-6
-41
-73
-85
-76
-61
-52
-57
-68
-73
-65
-46
-26
-15
-11
-7
4
24
46
64
68
65
68
77
93
110
117
110
100
90
84
78
67
51
31
8
-14
-29
-47
-67
-85
-107
-126
-140
-144
-146
-152
-162
-175
-178
-170
-149
-122
-110
-117
-137
-154
-141
-103
-61
-36
-45
-80
-108
-104
-68
-27
-10
-23
-53
-70
-59
-32
-14
-31
-72
-94
-63
20
121
163
98
-47
-197
-252
-171
16
218
372
426
386
307
227
176
133
88
67
93
173
298
406
442
378
226
48
-85
-111
-14
154
333
446
418
264
35
-184
-320
-314
-194
-27
106
158
132
68
23
16
30
22
-33
-109
-152
-105
41
229
358
340
162
-121
-396
-557
-565
-441
-244
-29
159
274
267
113
-169
-495
-752
-826
-689
-408
-102
108
159
63
-120
-320
-472
-525
-452
-264
-14
211
308
232
16
-232
-399
-430
-335
-180
-31
92
189
255
268
192
35
-138
-227
-173
3
189
275
228
118
71
171
373
549
579
421
160
-57
-132
-59
88
214
267
265
249
239
231
200
135
72
57
119
232
318
322
223
48
-134
-249
-265
-178
-4
196
342
381
290
96
-118
-254
-257
-154
-14
80
80
0
-100
-179
-223
-239
-233
-200
-145
-66
4
16
-37
-136
-225
-262
-238
-181
-142
-147
-177
-210
-212
-183
-150
-122
-110
-119
-137
-156
-175
-185
-170
-113
-36
32
74
64
3
-71
-107
-102
-51
33
96
120
112
95
78
80
119
182
237
274
284
251
171
79
22
29
99
209
304
329
266
141
60
56
67
94
125
82
10
43
140
159
97
-3
-201
-382
-281
-37
105
172
153
-35
-275
-277
-85
-45
-60
22
-66
-268
-244
-110
-181
-258
-122
-61
-81
70
255
69
-247
-225
-187
-280
-6
214
-3
-68
-8
-67
-99
16
77
-63
-122
10
66
30
75
118
14
-130
-33
43
-40
153
179
-37
-23
65
121
122
133
215
201
41
85
-49
-307
-12
285
150
286
412
15
-204
-152
-127
-41
145
299
140
-23
1
-168
22
-25
29
174
-226
4
351
-62
-170
441
-333
-654
410
82
-334
616
9
-941
212
79
-348
205
233
-189
-400
14
-25
-295
80
127
-464
-288
104
124
103
26
112
-263
-415
82
-72
17
394
-76
-377
-114
478
201
-296
57
-156
-210
323
371
139
26
-65
-232
-281
302
373
64
-5
-193
-5
201
199
-74
-142
-175
-93
326
208
244
296
-446
-547
109
359
179
104
-139
-248
104
225
-40
-21
-82
-87
-237
220
391
-55
236
-415
-531
399
-10
5
687
-374
-316
46
-302
-110
361
355
-480
107
42
-296
357
175
-566
-142
121
-119
371
18
-116
43
-261
-471
209
235
33
-5
-121
-30
-29
175
-233
-260
303
-75
-448
610
343
-478
126
-16
-381
-94
318
119
136
373
-303
-313
76
-208
322
421
-229
276
-172
-354
387
-118
-327
372
218
-173
224
46
-136
-158
-361
207
73
90
454
-383
-257
264
70
81
-179
-78
-107
-296
162
371
269
-73
-227
-234
-99
376
217
-451
332
92
-687
174
193
128
335
119
-567
164
172
-572
594
-109
-711
784
268
-755
726
287
-929
151
175
-268
175
-6
48
311
-310
25
338
-665
-27
431
-143
5
259
-18
-591
78
-67
-98
828
-100
-368
70
-625
9
449
-256
309
502
-456
-159
-113
-586
422
648
-690
116
583
-567
281
111
-769
277
309
-403
296
448
-385
62
-151
-685
809
372
-617
126
183
-323
108
223
-347
394
240
-770
-121
689
2
-188
66
65
-345
142
54
-331
618
-18
-328
300
-214
66
374
-814
243
525
-31
54
39
19
-405
-191
395
329
325
-76
-294
-98
-411
427
169
186
127
-54
-124
-512
250
248
-219
77
317
-152
-63
-45
-255
-152
150
-148
294
430
-651
109
-87
-716
335
341
-105
98
-301
-170
-234
-45
135
303
195
-1030
197
298
-633
208
290
-26
-404
273
-266
-225
249
-377
-191
610
3
-256
284
-98
-157
-581
338
344
-129
108
-33
28
243
-266
346
181
-852
-62
1244
-204
-339
1172
-601
-501
202
210
300
-129
539
342
-364
175
-90
443
-157
-601
764
160
302
156
-293
354
-256
-425
622
86
-80
15
62
470
-129
-233
-170
-69
-264
191
678
-260
-206
-204
-324
72
-291
197
210
-173
-210
-427
-9
19
-534
28
322
-301
-345
66
-81
-340
-144
-62
121
-338
-339
386
119
-683
497
-29
-917
380
-31
-489
354
639
-592
-50
412
-602
-227
506
127
-548
456
508
-638
-142
727
-400
-217
638
-184
-63
662
50
-771
266
425
-559
390
1063
-363
-39
23
-379
330
237
-91
593
-9
-269
705
-221
-67
366
-142
-251
153
542
28
175
144
-536
-101
567
-97
137
414
-844
93
77
-302
908
257
-919
93
157
-618
256
611
-466
-671
565
97
-494
356
58
-859
4
-100
-16
402
-71
-437
-248
-189
-337
145
1
-54
-93
-512
-111
242
-346
63
147
-276
-493
162
268
-393
412
204
-697
80
498
-318
-186
533
214
-493
359
525
-676
84
148
-73
629
59
90
188
-571
-98
556
90
-35
454
242
-433
28
392
-593
158
744
-674
576
645
-812
394
51
-825
302
631
63
117
164
-320
-44
-44
-200
508
-16
-446
427
217
-447
277
-6
-762
312
130
-406
558
6
-601
140
-113
-201
-161
176
256
-659
214
163
-463
343
-109
-476
-132
574
-84
-411
563
-508
-156
-9
-251
752
-304
-191
233
-390
-30
156
-45
-88
64
249
-183
-430
674
191
-888
23
604
-8
-172
659
-147
-579
247
-40
3
283
258
-81
175
26
-439
74
411
-160
-137
398
-104
-50
-63
362
78
-640
-34
626
-317
-312
757
-386
-223
218
-72
-55
27
2
-74
160
-29
-47
-166
168
-74
-241
457
-362
81
295
-476
222
88
-381
271
268
-514
241
292
-424
25
121
-63
-223
414
-192
-317
699
-277
-471
577
-157
-310
388
-219
-120
399
-189
70
122
-424
514
-167
-355
229
12
40
-202
324
200
-417
53
185
-661
489
216
-649
609
207
-708
33
536
-462
175
228
-315
115
76
-411
255
425
-333
74
182
-457
45
369
-298
129
0
-50
253
-164
-112
237
-114
-214
-28
136
218
-191
141
44
-404
324
-8
-561
676
35
-520
461
-186
-40
37
-64
116
-338
213
300
-472
227
59
-78
9
-159
232
-347
88
524
-347
-73
306
-425
-36
402
-156
-114
219
-128
45
106
-192
275
-182
-360
599
-239
-182
571
-326
-210
307
-274
81
319
-274
312
-367
-288
510
-184
158
72
-255
99
-299
236
183
-305
408
-238
-474
521
61
-245
223
-290
59
87
-280
303
306
-486
-84
142
-116
320
68
-207
-46
-97
-246
422
396
-625
280
221
-993
498
537
-420
401
-150
-485
167
127
-254
358
366
-359
-28
-232
-163
705
-264
-640
883
-59
-631
497
389
-944
-82
1037
-631
-419
1119
-281
-942
761
83
-572
565
-274
-222
657
-487
-86
588
-365
-264
286
-132
13
153
10
206
-171
-405
99
178
-44
373
-85
-341
175
-253
138
192
-162
170
-46
-362
220
453
-342
-453
290
390
-624
210
603
-691
-41
311
-413
290
198
-197
-24
-334
237
392
-380
-119
421
-292
-83
139
13
83
-13
-150
39
226
-352
241
195
-555
311
337
-650
302
482
-441
-133
213
-27
-91
243
-83
-189
194
78
2
30
-276
257
-56
-385
485
144
-151
-109
8
-49
-196
174
263
-155
6
-81
-73
52
-184
233
-49
-141
43
54
310
-364
-339
454
-231
-196
312
63
-23
-48
-61
-176
-14
115
-20
128
12
-416
404
293
-590
88
347
-430
-32
409
-113
-32
215
-240
-169
188
133
-109
-67
171
-9
-55
-3
217
-164
-50
42
-57
78
89
191
-208
21
101
-149
8
126
-23
109
-10
-13
101
-204
17
233
-106
-161
272
11
-134
51
132
-330
51
421
-444
97
460
-544
-131
379
-293
-8
323
-128
-155
25
26
-123
-108
34
49
140
-163
-87
237
-271
-297
291
-3
-225
85
131
-68
-274
188
138
-432
22
50
-7
140
-192
137
80
-210
-132
66
139
-60
-86
84
263
-174
-44
205
-199
-119
221
171
-30
130
39
-54
20
-78
189
117
-113
130
208
57
-95
6
53
6
110
153
-48
1
188
-15
-82
-46
236
28
-260
350
-44
-210
309
-225
130
133
-428
149
185
-346
182
160
-228
-160
-31
170
-243
-23
36
-13
-176
-191
200
-159
-198
163
-123
-137
-11
-128
-13
55
-203
-103
211
-132
-238
226
-116
-152
44
-171
86
199
-96
-163
10
-77
55
184
-91
-68
52
-24
36
-13
246
-178
-166
364
-29
-68
102
171
-145
-179
322
236
-86
-20
-14
-46
44
133
102
27
66
-114
56
82
-144
295
-22
-357
334
120
-71
-35
55
-12
-290
389
-45
-323
615
-215
-568
476
89
-298
213
-179
-66
173
-201
188
120
-311
-18
-26
-145
140
8
151
-72
-198
24
-236
345
-63
-553
466
180
-518
227
360
-373
-134
41
-120
20
261
148
-388
101
276
-645
261
549
-645
168
408
-549
80
434
-297
35
268
-372
53
449
-418
-232
730
-346
-468
978
-199
-696
795
-345
-410
654
-167
-186
243
63
-129
-12
38
-4
-97
-100
179
122
-381
327
350
-642
137
132
-436
328
40
-206
285
140
-339
-12
224
-430
51
194
-73
300
-138
-224
132
-7
-88
-147
202
17
-4
157
-135
41
-81
-211
109
186
-139
248
76
-163
46
-335
22
359
-108
14
127
-112
130
-189
-110
271
-71
-232
116
350
-303
-62
504
-467
-239
459
-288
66
201
-187
146
105
-167
-45
75
-287
84
157
-67
246
59
-346
-33
196
-410
80
595
-365
-147
348
-269
-176
239
-101
-60
190
-76
-40
152
-36
-273
13
218
-156
56
255
-178
-132
128
-1
-220
223
22
-89
92
-138
174
94
-283
8
246
-259
24
359
-237
-74
263
-214
-123
290
-139
-173
353
-24
-250
217
3
-199
20
139
-110
48
236
-205
-3
49
-152
51
137
-168
78
141
-117
65
19
-160
-145
297
-82
-95
234
-51
-113
71
-104
-63
120
-31
66
-73
-14
151
-106
-89
191
-138
-138
136
67
-130
120
205
-320
-129
301
-132
-244
405
-6
-226
217
-168
-135
269
-189
-142
416
-190
-233
319
-42
-253
100
67
-176
135
7
-9
115
-164
11
29
-66
6
22
73
62
8
-179
41
203
-229
47
172
-197
131
122
-134
99
-98
-84
159
-11
15
18
87
-27
-173
159
-21
-104
117
37
-7
-41
6
42
-7
-29
-61
-30
115
-4
-29
104
-48
-109
-21
61
-14
-96
84
82
-119
-1
62
-134
-1
80
-60
-7
42
-56
15
75
-146
-2
135
-153
-46
167
-81
-37
89
-87
10
9
-49
66
12
-31
13
-29
-9
38
24
-36
-6
17
30
-59
-4
139
-81
-73
103
22
-43
49
34
-95
-4
77
-35
7
98
-43
-47
81
-14
-12
31
-6
-18
-16
42
65
-16
-40
60
-24
-65
68
16
-19
42
1
-55
32
33
-61
11
8
-26
11
0
10
-29
7
13
-67
-20
47
3
-64
0
36
-54
-26
26
-27
-26
10
-21
-7
22
-17
-25
34
-1
-53
3
16
-1
-18
14
17
-31
7
2
15
36
-96
29
71
-41
40
6
-15
14
-15
-15
47
39
-27
6
27
-28
24
45
-23
0
27
-28
26
70
-58
18
40
-101
43
92
-96
18
74
-111
3
110
-48
-70
106
8
-107
54
59
-62
-45
53
-14
-10
65
-47
-33
44
-69
-49
95
40
-73
-27
62
-60
-56
78
-13
-69
39
40
-60
33
24
-103
16
46
-53
13
78
-18
-65
7
-15
-29
21
4
-3
15
-18
-21
50
-13
-53
13
-12
-23
66
37
-59
-18
11
-5
-1
44
-8
-59
86
-9
-84
116
22
-97
35
61
-79
22
119
-46
-25
70
-31
-34
105
-4
-60
65
-8
-22
54
32
-43
-44
41
18
-32
28
35
-43
-43
52
17
-58
30
13
-76
11
46
-57
-3
45
-63
-59
108
-12
-120
90
9
-129
48
68
-74
12
36
-44
-32
19
3
-40
19
33
-66
35
51
-60
2
-6
-11
-21
7
60
0
-32
-2
-5
-9
8
21
-13
8
21
-14
63
25
-88
22
31
-47
21
76
-1
-84
44
33
-61
37
21
-50
55
17
-45
32
15
-57
-5
49
-12
-6
35
-11
-10
3
-35
29
21
-25
34
7
-39
28
-19
-26
32
-34
-5
44
-4
-27
17
15
-51
8
40
-38
8
46
-30
-18
24
-23
-23
26
10
-34
9
28
-26
8
-1
-38
-4
25
0
-1
13
-18
-33
16
13
-11
17
-24
-8
29
6
-13
3
-12
-26
21
4
0
36
-15
-35
33
1
-47
30
22
-40
7
33
-4
-21
5
8
-37
0
47
-17
-11
43
-14
-41
33
25
-42
4
58
-31
-27
62
-24
-35
44
-15
-35
62
8
-46
38
-4
-36
38
-1
-16
29
-11
-14
24
7
-34
-10
25
-17
-9
27
-1
-12
-10
-3
4
-17
3
15
-14
5
7
-14
-12
