-4
0
1
0
1
-1
-3
-2
-4
-8
-9
-2
4
3
4
4
1
0
0
3
6
3
0
3
4
7
5
3
2
3
5
7
10
7
3
3
2
5
0
1
1
-4
-5
5
8
2
1
4
2
1
7
9
2
-2
-2
-4
-4
-4
-4
-7
-6
-9
-3
4
2
1
-1
-2
-2
-3
-3
3
0
-6
-2
-1
-3
-4
-6
-2
-6
-8
2
6
0
-2
-5
-6
-7
-6
0
4
-2
-3
2
2
0
0
2
1
-3
-2
6
11
10
12
10
7
4
5
9
11
8
8
9
10
7
4
5
3
-4
-1
-1
-3
-2
-6
-4
0
-4
-4
-6
-12
-14
-9
-10
-10
-4
-6
-9
-10
-10
-9
-11
-8
-11
-12
-9
-6
-5
-3
-3
-7
-5
-2
3
5
7
16
19
19
21
27
33
37
44
47
48
51
48
43
42
48
70
94
99
100
90
71
50
28
20
18
11
-2
-29
-56
-58
-35
-2
26
33
29
35
57
104
137
128
72
-13
-100
-141
-118
-59
3
48
74
80
87
95
83
56
16
-4
-12
-25
-80
-109
-32
283
791
1382
1740
1515
818
-98
-861
-1296
-1286
-1094
-1025
-1142
-1443
-1664
-1703
-1688
-1714
-1826
-1874
-1659
-1111
-416
72
74
-379
-975
-1338
-1247
-731
-39
554
950
1188
1335
1383
1276
1065
856
767
865
1109
1324
1322
1080
721
450
380
496
731
969
1105
1101
975
792
597
477
550
815
1133
1332
1298
1021
612
247
55
27
51
51
18
-51
-152
-293
-501
-776
-1045
-1204
-1199
-1077
-939
-882
-945
-1079
-1166
-1113
-912
-662
-456
-327
-290
-316
-334
-301
-252
-276
-359
-381
-316
-267
-317
-415
-462
-442
-352
-168
48
154
229
696
1763
2959
3527
3104
1855
201
-1261
-1898
-1587
-1009
-932
-1371
-1782
-1868
-1747
-1556
-1412
-1549
-1909
-1890
-1011
318
1125
923
-6
-1087
-1772
-1624
-641
553
1303
1560
1722
1960
2045
1781
1239
646
289
456
1141
1862
2032
1507
682
67
-84
212
737
1167
1306
1216
1065
909
724
570
590
871
1318
1709
1796
1451
782
87
-365
-525
-534
-533
-583
-700
-870
-1052
-1241
-1448
-1615
-1632
-1470
-1239
-1076
-1035
-1088
-1165
-1221
-1197
-1071
-889
-704
-512
-341
-285
-368
-503
-577
-552
-452
-336
-281
-332
-420
-463
-505
-578
-594
-498
-412
-393
-286
6
290
404
510
706
880
1157
2104
3760
5064
4983
3524
1409
-764
-2361
-2623
-1685
-897
-1259
-2167
-2568
-2371
-2064
-1702
-1286
-1279
-1603
-1246
310
1992
2397
1467
79
-1139
-1795
-1356
76
1437
1840
1601
1506
1558
1315
784
291
-109
-395
-211
587
1396
1461
863
245
-22
51
514
1341
2054
2146
1696
1150
706
329
179
461
995
1373
1431
1265
909
339
-297
-742
-923
-963
-948
-877
-823
-945
-1289
-1652
-1801
-1708
-1500
-1281
-1079
-961
-975
-1053
-1080
-1046
-1021
-972
-799
-526
-321
-280
-346
-445
-547
-630
-654
-629
-616
-640
-658
-621
-512
-404
-365
-315
-115
198
394
374
312
346
434
590
902
1225
1346
1613
2750
4549
5680
5119
3104
550
-1784
-3138
-2904
-1699
-1087
-1708
-2603
-2741
-2246
-1673
-1135
-818
-1090
-1464
-762
1164
2818
2806
1336
-499
-1928
-2398
-1518
233
1596
1851
1516
1286
1039
444
-276
-768
-1024
-994
-409
640
1437
1454
981
598
523
788
1482
2432
3046
2894
2153
1266
495
5
7
493
1065
1304
1143
738
211
-354
-805
-1033
-1077
-1020
-889
-750
-784
-1122
-1650
-2082
-2206
-1996
-1575
-1117
-777
-673
-769
-919
-1002
-985
-885
-707
-512
-442
-544
-700
-785
-792
-798
-856
-974
-1120
-1163
-959
-567
-232
-95
-57
45
268
620
1042
1247
953
338
-72
-10
365
844
1211
1174
845
1240
3237
5899
7153
5950
3031
-262
-2936
-4084
-3366
-1982
-1647
-2459
-3037
-2594
-1758
-1235
-996
-1080
-1505
-1419
154
2621
4019
3201
916
-1432
-2973
-3162
-1847
167
1582
1873
1624
1368
898
46
-818
-1327
-1429
-1033
23
1418
2269
2111
1417
865
730
1107
2068
3248
3798
3224
1969
737
-222
-813
-798
-151
563
763
503
108
-392
-1045
-1524
-1459
-992
-566
-365
-364
-681
-1370
-2077
-2330
-2102
-1718
-1404
-1184
-1066
-1089
-1137
-1044
-834
-624
-429
-205
11
127
100
-82
-453
-959
-1392
-1574
-1471
-1129
-650
-222
-20
-58
-146
-70
205
566
832
933
931
862
671
385
216
254
395
596
887
1085
974
1097
2625
5465
7711
7624
5098
1369
-2263
-4696
-4880
-3235
-1797
-1775
-2444
-2613
-2157
-1758
-1458
-1110
-1188
-1456
-710
1417
3561
3884
2112
-473
-2772
-4069
-3714
-1990
-77
1030
1324
1390
1148
209
-978
-1658
-1610
-967
138
1541
2670
2842
2263
1677
1367
1300
1589
2329
3136
3226
2340
1048
-141
-1095
-1605
-1384
-505
407
756
563
160
-325
-783
-947
-743
-428
-335
-467
-490
-351
-362
-653
-1033
-1297
-1456
-1594
-1585
-1276
-826
-554
-583
-790
-1008
-1068
-830
-345
110
152
-333
-1000
-1477
-1592
-1338
-933
-528
-202
-101
-139
-106
119
510
774
823
830
800
711
531
372
287
102
25
161
279
363
290
162
122
196
1618
4780
7728
8608
6485
2430
-1375
-4207
-5143
-3955
-2659
-2330
-2709
-3036
-2420
-1811
-1821
-1701
-1867
-2118
-1185
1069
3799
4975
3258
155
-2774
-4683
-4523
-2663
-232
1744
2434
2432
2188
1222
-64
-996
-1299
-787
221
1554
2984
3566
3048
2027
994
359
301
846
1775
2236
1669
497
-638
-1370
-1559
-1128
-115
983
1514
1356
899
440
44
-245
-427
-474
-370
-187
3
-49
-563
-1313
-1921
-2165
-2051
-1889
-1838
-1792
-1659
-1351
-976
-749
-600
-407
-126
209
389
334
102
-259
-587
-770
-830
-829
-935
-1143
-1186
-920
-389
161
465
505
248
-182
-407
-292
-39
94
119
329
667
750
585
331
43
-85
119
602
977
1112
2121
4809
7760
8804
6908
2912
-1415
-4862
-6267
-5219
-3371
-2531
-2883
-3361
-3013
-2186
-1402
-606
-297
-645
-501
1098
3597
5047
4058
1428
-1302
-3134
-3336
-2000
-85
1420
2016
2007
1719
961
-92
-927
-1323
-1176
-458
759
2182
3129
3135
2280
919
-307
-729
-171
924
1768
1790
1030
-65
-914
-1064
-539
291
1005
1310
1163
717
231
-151
-545
-1034
-1463
-1591
-1415
-1193
-1123
-1284
-1688
-2184
-2491
-2383
-1940
-1392
-845
-378
-113
-144
-349
-413
-209
145
463
526
318
-26
-410
-750
-1073
-1416
-1684
-1800
-1639
-1077
-267
475
901
946
687
317
92
122
305
442
557
938
1410
1533
1365
923
321
37
132
588
939
747
1658
4653
7936
9393
7473
2939
-1785
-5704
-7292
-5714
-3323
-1951
-2111
-3211
-3298
-2589
-1839
-570
-1
-423
-217
1169
3693
5559
4575
1834
-1239
-3926
-4710
-3616
-1524
744
1739
1696
1376
302
-951
-1629
-1831
-1422
-692
345
2062
3398
3423
2501
1110
-104
-604
-251
1009
2355
2530
1486
78
-934
-1167
-626
484
1711
2276
1751
672
-226
-787
-1146
-1425
-1519
-1192
-658
-263
-51
-194
-742
-1454
-2058
-2132
-1583
-826
-111
369
307
-367
-1388
-2099
-1870
-854
265
988
1117
637
-260
-1251
-1990
-2246
-2112
-1760
-1145
-371
306
742
759
336
-244
-759
-921
-496
198
756
1005
772
431
367
361
569
1019
1281
1384
1253
950
817
392
152
1792
5073
8107
8770
6030
1624
-2650
-5944
-6772
-5318
-3448
-2310
-2399
-2657
-1923
-1074
-415
150
-71
-394
217
1966
4475
5695
4273
1342
-1990
-4533
-5065
-3922
-1760
470
1552
1762
1438
402
-664
-1365
-1672
-1231
-171
1444
3336
4219
3546
1990
255
-902
-988
-86
1441
2519
2121
762
-494
-1167
-1158
-721
-95
575
772
436
229
251
213
-9
-500
-924
-1103
-1270
-1184
-833
-711
-919
-1427
-1916
-1938
-1734
-1472
-1095
-839
-714
-648
-633
-431
-171
-134
-228
-412
-559
-599
-755
-992
-1224
-1471
-1531
-1328
-847
-102
557
970
1143
936
506
155
25
229
557
774
1010
1168
1122
1119
1086
835
560
380
500
795
824
1581
4153
7379
9246
8172
4381
-45
-3956
-6484
-6489
-4909
-3388
-2705
-2909
-2684
-1695
-935
-249
160
-147
-123
921
2946
5004
4993
2796
-185
-3340
-5437
-5528
-3987
-1372
865
1824
2051
1311
-300
-1616
-2243
-2053
-1179
-63
1598
3282
3659
2819
1499
320
-139
61
883
2124
2598
1804
468
-771
-1466
-1518
-1032
119
1328
1572
913
-16
-678
-807
-739
-598
-286
-171
-362
-591
-735
-677
-682
-1052
-1467
-1686
-1591
-1083
-451
36
58
-629
-1505
-1880
-1485
-583
88
220
-23
-503
-908
-1069
-1031
-863
-859
-923
-610
139
1171
1964
1969
1328
273
-785
-1166
-812
58
944
1161
1030
886
564
391
403
547
827
845
1660
4433
7742
9416
7927
3741
-731
-4325
-6401
-6137
-4586
-3291
-3031
-3608
-3448
-2313
-1368
-808
-740
-1000
-584
957
3463
5692
5646
3214
-194
-3268
-4792
-4470
-2898
-891
522
1102
1286
999
163
-886
-1794
-2213
-1945
-809
1170
3140
4096
3932
3163
2147
1052
352
603
1562
2262
2126
1463
665
-308
-1228
-1463
-745
375
1016
978
655
189
-439
-1024
-1268
-1032
-534
-86
242
308
-79
-816
-1615
-2151
-2312
-2260
-2040
-1605
-1046
-579
-478
-804
-1300
-1664
-1688
-1313
-699
-166
-57
-441
-1022
-1448
-1558
-1378
-986
-443
109
563
942
1247
1373
1239
863
398
24
-147
5
358
609
738
787
654
393
220
374
701
845
1512
3799
7047
9165
8476
5254
1239
-2482
-5176
-5896
-4883
-3518
-3020
-3297
-3057
-2000
-1025
-537
-573
-955
-1045
-147
2054
4561
5454
4010
1018
-2218
-4364
-4708
-3366
-1181
614
1502
1756
1466
619
-547
-1688
-2478
-2684
-1908
113
2648
4362
4597
3662
2167
546
-653
-739
293
1507
1988
1697
1098
376
-378
-748
-348
557
1122
933
426
39
-302
-869
-1640
-2152
-2101
-1633
-896
-105
339
81
-963
-2253
-3037
-3121
-2636
-1804
-907
-191
3
-385
-932
-1260
-1238
-956
-597
-193
145
194
-74
-470
-744
-835
-870
-815
-479
174
900
1399
1588
1513
1128
498
-77
-238
74
530
950
1400
1714
1665
1320
909
603
275
292
1859
5016
8043
8940
6975
3351
-554
-4038
-6064
-6095
-4812
-3345
-2545
-2013
-1220
-802
-1126
-1908
-2672
-2656
-1501
734
3483
5167
4660
2265
-949
-3533
-4578
-4096
-2434
-385
1279
2265
2295
1404
33
-1441
-2640
-3237
-2923
-1410
864
2886
4004
4097
3350
2000
474
-406
-137
794
1569
1845
1770
1474
872
175
-52
304
715
699
347
67
-99
-449
-1007
-1536
-1887
-2072
-2037
-1528
-575
281
460
-184
-1308
-2412
-3087
-2982
-2049
-737
277
562
217
-366
-865
-1081
-962
-591
-115
241
347
150
-302
-812
-1279
-1614
-1603
-1069
-44
1024
1631
1760
1542
1036
374
-180
-249
138
602
1105
1612
1834
1588
960
369
29
-25
994
3603
6672
8280
7297
4414
1042
-2252
-4890
-6035
-5713
-4713
-3809
-2912
-1460
-16
416
-278
-1629
-2780
-2890
-1540
1166
3960
5172
4303
1888
-989
-3206
-4163
-3657
-2046
-171
1431
2403
2409
1458
-176
-1947
-3218
-3591
-2780
-874
1370
3148
4082
4210
3701
2592
1187
125
-218
27
558
1192
1771
1947
1465
608
-51
-295
-376
-506
-567
-403
-192
-306
-809
-1426
-1918
-2167
-2067
-1507
-555
317
574
121
-768
-1677
-2268
-2370
-1885
-1011
-211
157
43
-294
-583
-837
-1062
-1109
-875
-458
-154
-66
-21
-28
-257
-666
-888
-530
276
1071
1612
1773
1477
812
76
-270
-182
28
287
659
1162
1660
1837
1542
873
384
1184
3572
6343
7764
6878
4225
850
-2534
-5048
-6042
-5801
-5116
-4488
-3468
-1589
337
1173
545
-1136
-2844
-3572
-2619
44
3104
4827
4467
2406
-277
-2575
-3933
-3917
-2548
-479
1507
2742
2952
2233
653
-1458
-3322
-4162
-3560
-1760
505
2630
4128
4599
4072
2930
1712
819
258
9
159
591
1088
1459
1585
1533
1293
765
37
-654
-1020
-917
-580
-367
-466
-889
-1476
-1967
-2115
-1750
-969
-175
248
135
-418
-1091
-1545
-1596
-1246
-698
-209
82
124
-57
-369
-755
-1088
-1210
-1112
-855
-543
-294
-131
-105
-280
-523
-617
-388
222
907
1286
1262
934
569
304
36
-143
-184
-225
-202
21
513
1042
1108
1057
1945
3966
6110
6910
5768
3359
354
-2737
-4956
-5650
-5064
-4195
-3785
-3270
-1976
-398
539
314
-777
-1924
-2586
-2258
-633
1623
3306
3564
2479
959
-357
-1417
-2045
-1880
-750
943
2346
3033
3071
2342
646
-1701
-3619
-4031
-2953
-1179
777
2748
4353
4944
4345
3196
2082
946
-260
-1019
-762
270
1268
1831
2122
2158
1592
382
-862
-1501
-1508
-1240
-845
-301
95
-99
-896
-1792
-2320
-2477
-2426
-2092
-1435
-760
-500
-732
-1083
-1262
-1319
-1290
-1024
-469
100
275
1
-444
-878
-1257
-1509
-1503
-1239
-912
-656
-393
-123
11
-21
-28
210
639
1032
1258
1240
918
383
-81
-261
-186
24
344
742
1044
1323
2092
3652
5464
6492
6157
4699
2537
-50
-2538
-4211
-4770
-4638
-4316
-3692
-2477
-953
183
484
18
-892
-1860
-2364
-1926
-633
834
1777
1952
1568
931
269
-214
-378
-184
316
983
1625
2054
2091
1622
645
-635
-1791
-2404
-2317
-1616
-467
960
2351
3260
3443
3028
2292
1358
260
-743
-1224
-964
-128
969
2062
2823
2821
1880
391
-968
-1805
-2193
-2273
-2014
-1428
-781
-393
-364
-641
-1242
-2164
-3069
-3398
-2877
-1808
-758
-76
184
89
-223
-480
-413
-55
253
197
-204
-702
-1082
-1255
-1210
-1001
-760
-636
-618
-548
-307
58
373
556
675
842
1075
1291
1379
1271
943
472
49
-127
-8
340
994
2183
3845
5383
6044
5521
4094
2204
185
-1595
-2802
-3378
-3592
-3656
-3393
-2556
-1346
-337
12
-332
-1091
-1925
-2476
-2440
-1794
-865
-83
347
526
607
611
536
488
637
984
1321
1488
1553
1608
1528
1069
253
-576
-1135
-1404
-1402
-973
-47
1044
1797
2061
2052
1905
1486
746
-36
-532
-693
-590
-133
758
1769
2330
2184
1587
896
200
-532
-1168
-1517
-1607
-1571
-1374
-891
-257
61
-294
-1197
-2195
-2902
-3112
-2749
-1884
-851
-93
208
263
349
529
659
630
434
37
-538
-1095
-1343
-1166
-734
-307
-23
82
-36
-366
-727
-873
-728
-429
-102
281
758
1206
1418
1313
982
524
5
-376
-193
878
2607
4275
5201
5151
4237
2633
657
-1138
-2289
-2815
-3036
-3038
-2596
-1697
-781
-312
-369
-746
-1298
-1907
-2304
-2260
-1899
-1585
-1452
-1275
-839
-248
271
653
992
1336
1648
1934
2222
2429
2362
1940
1296
675
239
6
-42
65
290
588
908
1222
1484
1623
1525
1110
448
-246
-726
-860
-668
-249
286
824
1245
1478
1506
1327
932
325
-384
-986
-1321
-1357
-1172
-858
-494
-226
-249
-644
-1306
-2015
-2585
-2918
-2959
-2692
-2194
-1604
-1011
-402
222
726
941
839
522
103
-377
-849
-1152
-1154
-874
-445
-22
281
352
132
-289
-699
-899
-872
-733
-565
-319
72
566
1004
1269
1334
1197
896
596
616
1152
2037
2871
3365
3473
3200
2502
1461
365
-501
-1056
-1343
-1331
-974
-425
-10
60
-149
-456
-773
-1085
-1327
-1421
-1404
-1421
-1551
-1707
-1733
-1580
-1285
-865
-277
459
1170
1651
1836
1790
1557
1124
557
82
-96
11
274
640
1133
1670
2022
2034
1783
1372
795
40
-720
-1200
-1317
-1238
-1086
-811
-379
85
436
709
996
1194
1104
706
199
-254
-640
-934
-989
-734
-355
-123
-144
-350
-694
-1164
-1659
-1992
-2087
-2033
-1900
-1622
-1129
-488
121
568
806
795
530
106
-310
-591
-718
-691
-493
-159
188
408
417
222
-140
-587
-948
-1047
-850
-486
-121
148
306
357
361
449
688
999
1205
1251
1262
1365
1564
1783
1967
2065
1987
1655
1141
618
174
-221
-583
-808
-806
-641
-449
-325
-282
-328
-466
-634
-756
-836
-975
-1235
-1541
-1760
-1799
-1629
-1249
-706
-103
455
898
1190
1286
1147
812
406
67
-120
-123
49
343
692
1052
1393
1666
1773
1636
1249
688
73
-458
-776
-820
-642
-353
-17
351
727
1049
1261
1324
1208
901
464
32
-287
-488
-634
-743
-774
-721
-628
-553
-558
-679
-941
-1293
-1606
-1763
-1724
-1517
-1188
-786
-368
-24
165
172
15
-241
-509
-687
-712
-616
-476
-364
-325
-352
-435
-571
-722
-848
-903
-858
-701
-464
-220
-26
104
202
316
471
675
892
1082
1222
1369
1579
1828
2024
2083
2011
1846
1591
1258
868
429
-46
-497
-771
-738
-436
-51
225
299
199
-16
-267
-473
-615
-752
-949
-1175
-1299
-1221
-942
-537
-84
343
676
865
925
911
832
670
415
112
-158
-346
-412
-306
-17
392
797
1074
1152
1023
710
293
-121
-431
-597
-635
-570
-421
-193
94
413
716
952
1046
943
650
254
-140
-441
-613
-664
-634
-583
-550
-538
-536
-554
-643
-841
-1138
-1457
-1680
-1703
-1483
-1063
-580
-177
47
100
63
18
13
23
-10
-139
-349
-564
-687
-678
-579
-475
-435
-458
-490
-483
-423
-339
-270
-208
-112
72
354
672
938
1114
1273
1552
2009
2546
2954
3022
2688
2055
1325
690
210
-183
-586
-993
-1255
-1205
-814
-227
298
533
417
58
-358
-671
-879
-1074
-1325
-1598
-1737
-1598
-1159
-536
69
491
684
704
661
649
650
601
444
194
-48
-190
-212
-142
-51
31
109
216
380
581
738
754
587
293
-5
-213
-291
-243
-107
80
300
547
810
1031
1105
964
628
214
-129
-313
-323
-213
-69
46
114
139
110
-11
-279
-690
-1164
-1565
-1771
-1732
-1477
-1095
-690
-353
-129
-19
-6
-54
-128
-201
-251
-290
-354
-465
-611
-757
-848
-853
-774
-658
-570
-545
-579
-626
-640
-610
-537
-403
-149
304
1009
1901
2791
3427
3605
3288
2598
1729
852
55
-657
-1270
-1716
-1872
-1654
-1111
-429
153
454
452
236
-59
-329
-556
-755
-911
-977
-905
-683
-382
-94
115
251
381
559
782
988
1081
1010
798
542
360
312
380
480
517
454
306
144
48
67
201
405
615
789
900
935
882
730
493
218
-13
-108
-21
202
427
504
354
10
-403
-730
-865
-786
-551
-246
46
256
341
267
23
-356
-797
-1195
-1470
-1593
-1590
-1497
-1344
-1145
-904
-666
-506
-481
-613
-837
-1039
-1105
-990
-743
-477
-306
-293
-438
-679
-924
-1068
-1045
-869
-602
-330
-121
33
221
613
1314
2227
3075
3565
3564
3109
2338
1432
540
-276
-1013
-1612
-1864
-1581
-813
120
824
1040
748
123
-549
-987
-1075
-918
-692
-471
-191
193
591
852
908
797
617
455
400
478
584
552
330
69
-19
148
452
714
818
723
463
162
-16
7
134
215
208
209
321
531
747
905
974
935
821
705
629
520
227
-314
-975
-1510
-1725
-1587
-1211
-780
-469
-355
-399
-480
-512
-501
-519
-611
-731
-795
-747
-585
-370
-172
-49
-17
-51
-126
-222
-336
-468
-630
-830
-1037
-1162
-1123
-940
-718
-555
-477
-486
-565
-655
-655
-550
-429
-324
-40
706
1887
3122
3943
4071
3462
2203
563
-1003
-2123
-2765
-3075
-3019
-2371
-1143
221
1176
1474
1177
469
-380
-979
-1038
-674
-287
-90
77
440
895
1132
1009
635
198
-146
-219
140
809
1352
1391
963
447
140
41
21
9
-3
-38
-55
121
604
1227
1624
1593
1305
1060
992
1029
1082
1144
1176
1120
1043
1092
1258
1280
881
82
-803
-1468
-1798
-1811
-1579
-1229
-934
-801
-795
-831
-902
-1072
-1354
-1639
-1758
-1633
-1322
-955
-623
-334
-85
109
239
331
385
312
28
-379
-697
-816
-843
-941
-1106
-1210
-1204
-1161
-1094
-952
-783
-730
-734
-372
763
2456
3971
4656
4352
3249
1611
-178
-1629
-2510
-3041
-3492
-3683
-3153
-1879
-469
382
433
-136
-980
-1662
-1715
-982
123
960
1277
1334
1458
1617
1574
1253
798
410
232
391
925
1582
1881
1511
659
-163
-570
-525
-182
299
770
1111
1285
1403
1555
1622
1389
831
225
-49
220
950
1872
2665
3085
3030
2573
1917
1258
643
24
-614
-1131
-1315
-1125
-742
-423
-333
-507
-907
-1432
-1896
-2148
-2186
-2127
-2036
-1848
-1530
-1204
-1038
-1092
-1304
-1571
-1782
-1797
-1542
-1125
-785
-667
-694
-707
-678
-668
-705
-751
-771
-735
-581
-289
26
237
463
1068
2210
3522
4369
4309
3321
1690
-142
-1678
-2635
-3121
-3409
-3523
-3180
-2236
-990
0
320
-83
-876
-1471
-1335
-389
883
1814
2049
1673
1016
364
-130
-434
-551
-412
122
1061
2136
2868
2859
2035
703
-578
-1267
-1121
-293
804
1775
2427
2713
2662
2328
1766
1044
301
-227
-297
160
971
1810
2360
2449
2107
1514
915
477
227
117
103
162
258
335
321
155
-189
-664
-1148
-1527
-1756
-1871
-1911
-1885
-1798
-1658
-1492
-1330
-1227
-1236
-1352
-1500
-1595
-1593
-1526
-1479
-1522
-1671
-1878
-2070
-2197
-2197
-2029
-1722
-1379
-1094
-878
-698
-464
49
1187
2954
4753
5744
5455
4038
1987
-87
-1598
-2263
-2317
-2250
-2195
-1843
-1055
-224
119
-208
-1000
-1838
-2150
-1418
275
2050
2902
2535
1405
122
-901
-1408
-1279
-658
169
1044
1904
2528
2519
1692
326
-1036
-1882
-1907
-1116
137
1304
1995
2177
2025
1733
1426
1174
995
895
971
1308
1796
2159
2188
1904
1479
1065
789
723
804
820
619
250
-134
-438
-652
-745
-693
-538
-360
-226
-189
-318
-649
-1086
-1452
-1586
-1428
-1056
-634
-346
-298
-480
-793
-1114
-1354
-1515
-1685
-1898
-2055
-2053
-1950
-1884
-1874
-1858
-1836
-1797
-1603
-1169
-642
-127
680
2095
3688
4531
4131
2779
994
-856
-2238
-2629
-2210
-1825
-1919
-1986
-1514
-821
-494
-542
-694
-944
-1185
-812
544
2155
2824
2233
1073
44
-636
-849
-459
328
1025
1450
1798
2088
1959
1172
-12
-1101
-1711
-1630
-870
223
1083
1367
1172
824
607
705
1150
1701
2021
2009
1839
1648
1400
1123
1023
1201
1499
1725
1879
1963
1785
1173
293
-472
-903
-1021
-860
-446
29
247
92
-253
-598
-936
-1263
-1383
-1149
-724
-419
-355
-444
-621
-852
-1032
-1044
-953
-918
-963
-1002
-1097
-1405
-1856
-2191
-2281
-2193
-1954
-1579
-1254
-1064
-546
825
2627
3688
3333
1959
292
-1192
-2005
-1760
-903
-591
-1304
-2207
-2404
-2079
-1884
-1863
-1766
-1696
-1708
-1217
195
1764
2182
1169
-341
-1414
-1727
-1202
133
1771
2883
3128
2880
2531
2029
1253
413
-148
-287
-29
583
1366
1901
1842
1240
503
73
203
867
1736
2315
2307
1819
1194
738
609
852
1375
1918
2193
2109
1751
1215
545
-159
-709
-979
-985
-787
-450
-155
-175
-584
-1105
-1366
-1295
-1082
-884
-724
-602
-559
-592
-661
-740
-786
-730
-567
-409
-364
-465
-781
-1342
-1969
-2351
-2403
-2263
-1963
-1485
-1101
-1142
-1182
-246
1738
3461
3686
2555
921
-742
-2060
-2340
-1476
-621
-848
-1635
-1735
-1082
-644
-793
-1050
-1270
-1684
-1855
-917
852
1921
1344
-158
-1368
-1829
-1583
-628
755
1789
1995
1754
1594
1446
1003
397
59
183
698
1479
2236
2485
2006
1146
480
306
611
1271
1976
2246
1884
1256
891
881
1010
1220
1595
2001
2130
1941
1680
1440
1034
439
-34
-168
-153
-256
-470
-686
-1008
-1558
-2122
-2312
-2063
-1718
-1549
-1498
-1444
-1437
-1525
-1562
-1382
-1023
-623
-244
84
250
136
-240
-713
-1098
-1299
-1372
-1410
-1389
-1262
-1161
-1208
-1070
-118
1631
3166
3473
2486
806
-977
-2253
-2383
-1426
-458
-421
-964
-1136
-808
-598
-727
-881
-957
-1075
-911
0
1264
1783
1067
-223
-1198
-1550
-1300
-489
573
1312
1464
1339
1280
1187
844
346
-27
-100
167
757
1434
1773
1560
1014
531
359
566
1102
1717
2011
1775
1213
706
475
536
831
1240
1542
1551
1303
1018
848
767
667
500
323
197
141
121
71
-75
-366
-776
-1149
-1308
-1248
-1164
-1237
-1426
-1580
-1666
-1736
-1754
-1612
-1352
-1160
-1091
-1009
-860
-811
-934
-1034
-949
-823
-857
-954
-938
-911
-1004
-860
9
1380
2386
2444
1710
593
-614
-1457
-1425
-645
10
-48
-435
-514
-309
-233
-379
-585
-831
-1060
-890
-53
984
1400
927
18
-750
-1078
-905
-340
339
840
1087
1172
1160
1053
837
510
153
-26
149
573
943
1096
1091
965
718
507
594
964
1297
1390
1343
1282
1165
1015
1015
1206
1337
1175
797
434
197
123
260
525
623
344
-150
-519
-647
-650
-646
-654
-716
-839
-886
-718
-459
-381
-532
-704
-763
-796
-897
-999
-1045
-1128
-1313
-1454
-1408
-1266
-1216
-1230
-1143
-972
-911
-970
-943
-758
-596
-558
-437
-66
374
599
606
573
537
425
300
321
432
402
191
63
208
462
561
457
299
174
84
77
202
367
378
208
23
-35
-55
-198
-442
-597
-544
-338
-88
105
143
-45
-350
-521
-423
-175
-6
15
-18
-9
83
256
455
572
546
470
503
686
919
1119
1277
1407
1508
1578
1605
1538
1332
1081
945
954
973
884
728
603
524
485
518
609
644
529
360
275
232
72
-188
-346
-322
-288
-405
-620
-835
-1081
-1373
-1570
-1563
-1491
-1554
-1692
-1684
-1546
-1511
-1651
-1718
-1497
-1106
-791
-625
-568
-671
-950
-1178
-1105
-800
-566
-513
-433
-210
-20
-71
-268
-401
-423
-404
-340
-230
-229
-476
-826
-914
-602
-125
206
305
269
235
319
595
982
1229
1151
825
525
437
534
673
770
822
880
983
1101
1144
1046
848
684
680
863
1149
1386
1461
1387
1312
1381
1613
1895
2070
2039
1823
1525
1273
1118
1007
826
529
199
-14
-38
33
47
-70
-246
-382
-409
-319
-179
-125
-278
-595
-882
-1009
-1025
-1049
-1114
-1222
-1415
-1707
-1991
-2151
-2219
-2314
-2438
-2441
-2236
-1884
-1463
-1030
-690
-602
-788
-1039
-1118
-1011
-887
-850
-853
-796
-640
-391
-79
185
231
14
-249
-279
-50
189
194
-55
-420
-750
-883
-698
-251
195
418
471
555
723
842
836
784
793
871
1002
1201
1423
1540
1507
1464
1563
1771
1891
1808
1584
1340
1148
1038
1033
1093
1138
1142
1167
1268
1396
1434
1357
1263
1250
1315
1355
1258
990
596
207
-36
-73
25
109
78
-81
-326
-594
-836
-1025
-1159
-1248
-1292
-1289
-1254
-1205
-1159
-1157
-1243
-1406
-1566
-1633
-1604
-1556
-1547
-1564
-1554
-1451
-1228
-918
-630
-511
-594
-751
-832
-830
-852
-948
-1046
-1055
-943
-739
-487
-280
-237
-347
-424
-301
-65
55
-53
-289
-502
-630
-646
-538
-380
-318
-368
-345
-116
197
358
301
178
140
213
403
710
1040
1229
1235
1212
1300
1469
1600
1695
1846
2067
2256
2335
2290
2120
1822
1483
1287
1320
1487
1597
1580
1507
1443
1402
1381
1381
1350
1221
982
725
544
434
326
180
7
-180
-368
-534
-667
-801
-1007
-1299
-1593
-1779
-1827
-1804
-1795
-1838
-1913
-1971
-1975
-1935
-1911
-1934
-1954
-1857
-1580
-1207
-909
-799
-848
-910
-858
-676
-471
-380
-454
-604
-680
-607
-442
-311
-308
-411
-506
-487
-358
-240
-243
-360
-475
-465
-315
-116
3
-38
-181
-254
-131
144
380
430
313
169
127
240
458
658
740
723
729
852
1062
1237
1294
1263
1224
1253
1380
1572
1735
1781
1708
1582
1497
1496
1553
1623
1674
1673
1594
1437
1228
1011
837
740
729
789
866
890
820
648
397
114
-138
-312
-403
-469
-575
-753
-961
-1133
-1214
-1216
-1202
-1246
-1385
-1600
-1827
-2000
-2063
-1984
-1753
-1417
-1075
-828
-738
-785
-889
-970
-1013
-1051
-1116
-1175
-1133
-929
-611
-323
-209
-322
-579
-800
-852
-739
-605
-605
-778
-1013
-1143
-1079
-859
-614
-454
-376
-290
-114
122
300
329
236
163
240
483
777
961
962
849
772
837
1032
1255
1416
1501
1559
1627
1680
1642
1474
1250
1115
1195
1484
1835
2050
2019
1790
1528
1387
1403
1481
1488
1355
1116
861
666
544
449
331
196
78
-1
-72
-195
-410
-690
-941
-1071
-1048
-930
-828
-829
-935
-1084
-1207
-1281
-1316
-1340
-1348
-1290
-1131
-917
-740
-684
-757
-877
-944
-922
-861
-849
-932
-1052
-1085
-955
-710
-493
-420
-510
-669
-764
-743
-662
-633
-723
-878
-980
-961
-855
-778
-829
-993
-1143
-1139
-945
-664
-453
-399
-454
-483
-374
-119
191
453
637
794
987
1217
1424
1540
1554
1533
1560
1668
1825
1944
1984
1967
1956
1989
2037
2050
1992
1890
1811
1803
1844
1850
1740
1515
1265
1097
1045
1051
1011
850
585
304
92
-34
-136
-291
-513
-752
-930
-1017
-1054
-1124
-1274
-1474
-1634
-1683
-1619
-1511
-1431
-1384
-1301
-1102
-794
-493
-345
-434
-704
-998
-1171
-1183
-1111
-1065
-1084
-1117
-1082
-968
-846
-809
-890
-1017
-1064
-962
-762
-598
-578
-703
-868
-960
-940
-851
-772
-722
-642
-476
-234
-21
46
-68
-268
-397
-353
-140
142
373
509
585
662
763
869
945
1010
1121
1317
1581
1828
1964
1951
1836
1731
1728
1839
1994
2101
2116
2046
1925
1785
1641
1500
1387
1333
1359
1432
1477
1414
1213
919
614
373
209
86
-58
-253
-484
-713
-904
-1059
-1203
-1343
-1463
-1533
-1542
-1527
-1535
-1588
-1650
-1646
-1523
-1311
-1101
-987
-996
-1062
-1081
-992
-827
-685
-643
-706
-805
-860
-860
-857
-922
-1062
-1212
-1277
-1226
-1119
-1067
-1133
-1270
-1350
-1270
-1031
-734
-512
-417
-404
-377
-285
-157
-67
-53
-68
-20
147
408
658
798
809
761
746
815
951
1090
1190
1255
1316
1403
1505
1588
1637
1685
1783
1946
2146
2305
2362
2295
2142
1972
1833
1732
1650
1581
1508
1414
1270
1048
762
461
220
93
65
65
10
-137
-341
-542
-696
-808
-895
-967
-1024
-1066
-1106
-1176
-1291
-1428
-1507
-1452
-1263
-1037
-904
-931
-1100
-1309
-1454
-1491
-1452
-1395
-1344
-1272
-1135
-949
-781
-691
-696
-760
-820
-838
-834
-867
-973
-1128
-1262
-1302
-1240
-1120
-1013
-962
-943
-911
-824
-687
-535
-400
-282
-150
10
179
320
402
426
449
528
685
895
1100
1255
1354
1420
1494
1593
1714
1837
1940
2020
2079
2107
2092
2034
1951
1873
1836
1854
1905
1942
1928
1859
1758
1659
1567
1465
1325
1141
942
759
603
446
254
5
-269
-507
-668
-753
-809
-885
-1002
-1147
-1294
-1426
-1534
-1605
-1622
-1553
-1402
-1229
-1120
-1130
-1258
-1434
-1571
-1627
-1626
-1606
-1596
-1573
-1504
-1387
-1265
-1194
-1207
-1277
-1337
-1327
-1244
-1132
-1046
-1002
-973
-921
-840
-757
-705
-705
-721
-706
-628
-504
-378
-279
-211
-146
-52
78
226
376
523
676
847
1014
1145
1225
1256
1275
1324
1419
1550
1694
1823
1924
1993
2033
2043
2031
2019
2018
2038
2057
2039
1954
1805
1624
1470
1381
1358
1365
1357
1306
1209
1073
906
702
458
195
-49
-230
-334
-390
-454
-573
-749
-949
-1124
-1249
-1331
-1387
-1429
-1431
-1369
-1255
-1149
-1123
-1201
-1350
-1489
-1552
-1523
-1451
-1394
-1380
-1377
-1329
-1227
-1116
-1058
-1094
-1208
-1341
-1431
-1457
-1443
-1436
-1454
-1467
-1435
-1342
-1202
-1055
-934
-834
-725
-579
-398
-221
-88
-11
31
85
176
306
440
549
621
676
750
870
1027
1195
1344
1467
1562
1648
1726
1784
1807
1799
1785
1802
1867
1966
2058
2106
2086
2007
1905
1812
1740
1678
1610
1518
1400
1267
1127
977
813
631
446
282
145
40
-53
-155
-286
-447
-623
-794
-940
-1057
-1146
-1204
-1233
-1228
-1180
-1093
-1007
-961
-982
-1066
-1170
-1250
-1270
-1233
-1183
-1154
-1154
-1159
-1142
-1101
-1058
-1041
-1057
-1104
-1150
-1178
-1188
-1197
-1218
-1244
-1250
-1226
-1174
-1116
-1070
-1040
-1006
-939
-822
-668
-511
-374
-263
-168
-72
32
145
255
363
463
556
643
717
781
844
916
1002
1091
1174
1243
1297
1347
1406
1485
1581
1679
1768
1831
1859
1841
1778
1688
1592
1519
1486
1484
1494
1484
1439
1353
1236
1100
948
782
603
431
276
141
25
-93
-217
-343
-453
-537
-597
-648
-702
-756
-785
-777
-734
-688
-676
-717
-807
-914
-1005
-1063
-1096
-1121
-1135
-1129
-1093
-1036
-996
-998
-1048
-1132
-1209
-1249
-1247
-1228
-1215
-1230
-1263
-1290
-1300
-1281
-1238
-1177
-1102
-1014
-910
-803
-717
-667
-648
-628
-582
-484
-339
-168
-11
104
176
228
293
391
527
689
854
1003
1126
1222
1292
1331
1351
1369
1416
1502
1616
1726
1793
1785
1708
1603
1511
1460
1443
1425
1378
1294
1196
1112
1060
1025
972
883
767
646
548
472
406
325
215
92
-19
-112
-193
-285
-399
-520
-612
-646
-614
-548
-502
-513
-586
-701
-810
-884
-922
-930
-922
-899
-860
-809
-762
-748
-783
-862
-960
-1048
-1110
-1143
-1169
-1204
-1255
-1321
-1376
-1402
-1389
-1339
-1260
-1165
-1070
-979
-902
-834
-768
-696
-611
-508
-392
-274
-168
-83
-25
16
46
74
114
177
263
365
477
586
689
783
877
985
1114
1259
1408
1549
1670
1756
1807
1826
1818
1783
1728
1668
1612
1564
1524
1478
1412
1315
1183
1025
860
697
551
432
345
282
233
184
123
46
-48
-143
-225
-287
-318
-326
-326
-333
-359
-416
-499
-597
-703
-801
-888
-964
-1022
-1067
-1100
-1117
-1120
-1114
-1103
-1086
-1062
-1030
-990
-949
-915
-894
-893
-909
-935
-968
-1002
-1033
-1056
-1067
-1064
-1048
-1019
-975
-923
-863
-794
-712
-616
-505
-389
-271
-155
-42
65
172
279
384
494
603
711
812
899
964
1004
1027
1040
1050
1075
1117
1170
1224
1272
1303
1318
1322
1315
1310
1311
1318
1330
1346
1346
1317
1253
1153
1035
910
796
699
619
546
461
368
265
153
38
-69
-165
-239
-292
-328
-353
-381
-420
-474
-543
-618
-688
-749
-797
-830
-850
-864
-877
-894
-917
-951
-995
-1043
-1092
-1135
-1173
-1204
-1227
-1238
-1241
-1234
-1214
-1180
-1134
-1077
-1012
-935
-855
-778
-698
-618
-539
-461
-387
-314
-244
-182
-130
-82
-35
17
75
138
205
275
344
418
503
598
701
812
921
1025
1116
1194
1257
1306
1343
1369
1388
1399
1400
1384
1352
1300
1233
1160
1089
1021
959
899
837
773
708
643
576
510
447
384
327
271
213
146
68
-25
-128
-235
-337
-429
-511
-578
-635
-690
-741
-792
-845
-893
-932
-958
-970
-969
-961
-946
-925
-893
-855
-809
-761
-718
-692
-688
-705
-733
-765
-800
-818
-825
-819
-799
-785
-769
-748
-723
-679
-621
-546
-456
-359
-260
-171
-94
-21
54
136
224
308
385
445
484
503
514
531
551
582
615
649
686
722
752
777
794
820
852
887
925
946
961
973
966
951
916
871
827
772
713
642
560
478
394
312
233
157
92
36
-10
-42
-62
-72
-82
-92
-105
-123
-146
-173
-204
-240
-283
-325
-373
-425
-474
-525
-570
-610
-652
-687
-716
-730
-724
-716
-698
-675
-649
-612
-585
-570
-550
-532
-497
-451
-413
-380
-359
-349
-343
-345
-342
-331
-311
-282
-253
-226
-198
-171
-139
-103
-58
-1
72
151
221
281
325
356
388
418
455
502
535
559
558
541
532
528
532
539
535
533
522
501
481
457
440
438
434
431
414
386
359
320
278
239
205
188
175
152
107
44
-31
-102
-152
-179
-186
-188
-202
-225
-258
-290
-310
-327
-337
-338
-330
-303
-273
-252
-250
-272
-298
-317
-319
-296
-263
-236
-230
-251
-285
-316
-332
-325
-307
-282
-254
-225
-194
-166
-146
-130
-118
-94
-54
-5
46
87
108
107
95
84
83
92
106
125
151
174
192
202
199
194
193
202
228
260
292
317
320
308
285
266
263
269
277
275
256
232
205
175
148
125
107
92
72
48
14
-22
-57
-87
-108
-119
-125
-131
-142
-157
-176
-189
-195
-195
-188
-178
-174
-177
-192
-211
-231
-246
-252
-251
-241
-230
-216
-200
-189
-176
-161
-140
-110
-72
-29
9
39
55
59
60
61
67
78
93
106
116
117
109
97
84
75
77
90
107
127
141
146
146
144
143
153
168
187
204
212
212
203
184
161
145
131
122
117
105
88
63
32
4
-21
-34
-39
-37
-38
-42
-49
-59
-68
-73
-72
-67
-62
-58
-64
-75
-95
-116
-134
-149
-158
-161
-166
-176
-188
-205
-222
-231
-233
-223
-210
-196
-184
-176
-169
-162
-150
-129
-106
-82
-61
-45
-33
-30
-26
-19
-12
-1
13
28
42
51
60
69
80
94
113
138
164
190
210
223
230
235
243
251
262
271
271
265
248
225
195
168
147
132
124
114
102
89
70
53
38
30
25
28
35
38
35
24
8
-12
-30
-44
-51
-55
-59
-64
-79
-101
-124
-145
-157
-156
-148
-143
-142
-147
-157
-163
-168
-166
-156
-144
-130
-122
-120
-126
-134
-145
-149
-147
-143
-134
-129
-128
-133
-145
-155
-161
-153
-137
-118
-96
-78
-66
-56
-48
-36
-15
12
44
73
98
114
124
127
127
129
133
141
153
161
168
172
166
160
152
150
156
168
185
196
202
203
196
188
180
173
174
175
170
160
141
119
97
75
58
45
33
22
8
-7
-22
-35
-42
-49
-53
-55
-60
-68
-78
-85
-91
-96
-99
-102
-106
-109
-116
-125
-136
-147
-157
-161
-160
-161
-163
-167
-173
-177
-178
-173
-165
-156
-143
-132
-123
-114
-110
-106
-99
-92
-81
-66
-54
-42
-35
-29
-26
-20
-13
-2
13
26
38
49
57
63
69
75
88
99
115
131
144
154
158
163
165
169
177
181
186
186
182
175
167
160
152
144
136
131
129
123
119
109
99
89
81
79
79
76
70
59
46
29
12
-2
-17
-29
-43
-55
-67
-81
-93
-105
-113
-121
-125
-123
-122
-121
-120
-122
-124
-122
-117
-112
-106
-103
-100
-103
-106
-108
-114
-116
-116
-117
-120
-122
-124
-126
-128
-127
-124
-116
-105
-91
-79
-68
-59
-49
-38
-26
-12
4
17
29
38
43
47
52
56
59
65
72
78
83
86
91
95
99
101
105
114
120
125
130
131
130
130
129
126
124
120
115
108
102
96
89
84
78
69
62
54
49
46
40
35
29
22
16
13
9
3
-5
-11
-18
-24
-33
-39
-47
-57
-66
-73
-78
-84
-87
-92
-96
-100
-102
-100
-99
-98
-97
-96
-92
-89
-85
-79
-74
-67
-63
-60
-59
-56
-54
-54
-53
-53
-53
-52
-51
-50
-48
-47
-43
-40
-34
-28
-19
-13
-6
2
7
14
20
26
31
37
41
39
42
42
42
46
46
49
53
54
56
56
57
57
60
63
65
67
70
73
76
77
77
78
78
81
81
80
80
77
74
70
64
58
54
48
41
36
32
26
21
18
15
9
6
3
-1
-4
-9
-13
-18
-22
-29
-33
-38
-46
-50
-58
-65
-70
-77
-82
-86
-91
-95
-96
-99
-102
-100
-101
-100
-102
-100
-98
-97
-96
-93
-92
-90
-88
-85
-80
-78
-74
-69
-62
-55
-49
-40
-34
-26
-18
-9
1
9
18
23
29
36
41
48
54
61
67
75
79
85
89
92
97
102
105
108
111
114
117
119
119
119
119
120
119
118
115
110
108
107
104
100
97
94
88
84
77
69
63
55
47
37
27
18
8
-2
-12
-24
-32
-41
-48
-52
-61
-69
-75
-81
-87
-93
-100
-107
-117
-126
-130
-138
-142
-148
-153
-157
-161
-166
-171
-176
-179
-178
-175
-171
-167
-162
-155
-145
-136
-129
-122
-115
-104
-94
-83
-72
-61
-49
-39
-28
-17
-5
7
19
33
46
58
72
87
101
113
127
141
153
167
178
189
201
207
216
220
224
229
229
231
230
228
230
227
220
215
206
201
195
187
179
168
159
147
131
118
103
88
76
60
46
30
11
-6
-24
-42
-57
-71
-87
-101
-117
-132
-145
-159
-174
-187
-199
-212
-222
-233
-243
-249
-256
-261
-267
-273
-277
-278
-278
-276
-277
-273
-271
-266
-257
-253
-244
-232
-219
-205
-192
-179
-163
-145
-126
-104
-85
-62
-42
-23
0
22
46
69
88
107
126
146
167
186
201
217
231
246
260
274
286
298
305
309
316
321
326
333
331
329
324
319
319
312
306
296
285
275
264
251
236
218
199
180
160
140
120
97
76
52
29
6
-18
-41
-64
-86
-110
-133
-158
-181
-201
-222
-242
-260
-280
-298
-315
-328
-343
-355
-367
-375
-383
-388
-395
-399
-397
-394
-389
-384
-378
-368
-355
-341
-323
-306
-283
-262
-242
-218
-197
-171
-144
-118
-88
-60
-33
-6
21
48
76
104
132
158
183
206
228
252
274
295
314
330
347
361
372
384
390
398
404
406
409
408
408
402
397
389
377
365
352
338
322
302
281
262
240
215
192
167
140
115
88
61
34
7
-19
-48
-74
-102
-129
-153
-177
-201
-223
-245
-265
-285
-304
-319
-332
-344
-358
-370
-378
-385
-390
-393
-392
-391
-389
-386
-380
-371
-362
-351
-339
-325
-309
-293
-275
-259
-240
-219
-198
-175
-151
-128
-102
-76
-53
-27
-3
22
49
75
100
124
148
170
192
212
233
253
271
289
305
321
335
345
352
360
366
371
373
371
370
364
357
348
338
328
317
305
291
276
258
240
221
201
182
160
139
117
95
71
48
27
2
-22
-47
-69
-89
-111
-132
-153
-175
-192
-208
-224
-238
-253
-264
-271
-279
-286
-293
-298
-299
-300
-302
-301
-297
-292
-287
-284
-278
-272
-262
-251
-243
-233
-221
-208
-193
-180
-167
-152
-138
-121
-106
-87
-69
-50
-32
-15
2
20
38
56
76
95
112
127
141
155
168
184
198
211
220
226
233
239
244
250
254
259
260
257
256
251
246
242
238
232
222
215
206
194
183
171
156
144
131
116
103
88
71
55
40
27
10
-4
-19
-34
-49
-63
-73
-85
-98
-110
-120
-123
-131
-141
-149
-159
-162
-159
-165
-168
-172
-176
-167
-167
-166
-163
-165
-156
-149
-149
-146
-144
-134
-121
-117
-111
-106
-98
-85
-77
-70
-63
-56
-45
-35
-27
-19
-11
-5
3
10
20
27
34
38
41
46
50
54
55
56
60
61
68
67
64
67
69
71
71
62
60
61
60
61
53
48
47
44
44
39
31
31
28
27
23
17
16
15
14
12
10
8
5
4
2
0
-1
-4
-6
-8
-11
-12
-14
-14
-14
-15
-16
-16
-18
-18
-18
-20
-20
-20
-21
-20
-22
-22
-22
-21
-19
-21
-20
-18
-20
-19
-19
-19
-15
-14
-15
-13
-14
-13
-11
-11
-12
-11
-9
-7
-7
-6
-3
-2
-1
0
1
4
4
3
4
7
8
10
12
12
14
13
14
16
16
18
16
16
17
17
18
18
19
19
19
20
20
21
21
21
20
19
18
19
19
18
18
18
15
14
12
11
11
10
9
8
6
6
5
5
3
1
1
-3
-3
-3
-5
-6
-9
-10
-11
-12
-13
-16
-18
-19
-20
-22
-22
-21
-21
-21
-20
-20
-20
-19
-19
-19
-18
-19
-18
-16
-16
-15
-12
-11
-12
-12
-12
-9
-6
-6
-4
-4
-3
-3
-2
2
1
4
5
7
6
6
8
8
9
12
12
10
10
12
12
12
11
10
9
10
11
14
14
13
14
14
13
14
13
12
12
12
14
15
16
16
15
14
14
15
15
15
13
13
13
12
11
10
9
6
6
5
4
3
1
1
0
0
-1
-2
-3
-5
-6
-8
-7
-10
-11
-12
-13
-14
-15
-17
-18
-20
-20
-21
-23
-20
-19
-21
-21
-20
-20
-21
-21
-19
-17
-16
-14
-13
-12
-11
-11
-10
-10
-6
-4
-3
-1
-2
-1
2
2
2
3
