-8
-11
-9
-10
-9
-5
-3
0
3
5
6
7
10
11
13
16
18
19
20
21
23
27
29
31
35
36
38
38
37
38
38
37
37
35
32
27
24
22
19
17
16
12
5
2
0
-3
-6
-10
-13
-18
-19
-23
-26
-31
-35
-40
-42
-42
-42
-43
-46
-47
-49
-48
-46
-43
-38
-33
-30
-31
-31
-30
-24
-16
-11
-6
-3
-1
2
2
4
5
2
1
1
7
11
16
18
14
5
-2
-4
-3
-2
0
2
2
-1
-3
-2
-5
-7
-5
-2
3
13
18
20
22
25
26
28
35
39
41
42
47
51
51
49
48
47
46
45
45
47
44
40
37
30
27
24
22
17
10
6
0
-2
-8
-13
-21
-28
-31
-33
-33
-35
-40
-43
-47
-48
-48
-49
-49
-48
-46
-45
-45
-44
-46
-46
-45
-43
-41
-36
-31
-29
-26
-27
-21
-20
-19
-14
-13
-11
-9
-6
-4
3
3
3
4
9
10
11
15
15
16
16
20
19
21
20
18
21
29
40
49
51
47
38
32
32
36
39
40
38
37
36
34
35
31
20
12
7
12
16
18
15
2
-16
-32
-39
-40
-36
-33
-30
-30
-28
-27
-26
-27
-35
-41
-40
-33
-20
-9
-4
-4
-9
-9
-9
-4
0
3
8
15
23
26
25
24
19
14
17
25
32
34
32
27
22
18
15
12
9
7
5
5
6
4
-3
-9
-16
-22
-23
-18
-18
-24
-35
-43
-44
-44
-40
-41
-48
-44
-43
-43
-41
-50
-54
-54
-50
-44
-39
-33
-28
-27
-24
-22
-20
-14
-6
4
16
31
42
55
65
64
76
87
92
98
102
111
121
120
116
110
105
102
94
85
74
65
53
39
22
3
-17
-38
-60
-76
-92
-105
-117
-130
-135
-136
-136
-129
-126
-120
-107
-90
-73
-57
-35
-6
25
49
73
104
130
152
177
198
224
248
262
279
290
302
308
300
289
276
265
255
236
212
182
148
119
86
47
9
-30
-66
-106
-143
-174
-207
-240
-277
-308
-333
-355
-373
-399
-418
-423
-435
-435
-437
-446
-446
-434
-419
-405
-391
-368
-351
-330
-301
-285
-262
-225
-195
-166
-134
-100
-70
-36
1
24
59
99
127
166
204
235
268
299
327
354
386
418
440
466
489
505
529
541
541
544
543
548
544
532
516
487
460
433
393
353
306
252
196
141
87
35
-21
-78
-136
-193
-247
-300
-343
-377
-411
-439
-460
-470
-471
-475
-473
-463
-446
-417
-385
-355
-323
-288
-249
-207
-169
-129
-88
-49
-10
27
63
97
129
155
174
189
208
226
234
234
234
232
222
207
192
174
150
133
111
79
56
28
-8
-31
-54
-76
-97
-109
-124
-146
-150
-160
-171
-176
-179
-180
-180
-172
-168
-164
-152
-141
-134
-122
-110
-101
-84
-70
-56
-50
-39
-20
-12
3
17
25
39
53
62
71
83
90
96
113
126
135
146
165
173
180
194
201
208
219
221
222
225
224
219
212
201
186
171
159
138
111
82
52
20
-11
-40
-70
-102
-138
-171
-202
-230
-257
-279
-297
-312
-320
-324
-323
-321
-317
-306
-289
-264
-234
-202
-165
-129
-91
-50
-13
25
57
91
125
158
189
216
243
263
274
286
298
310
318
313
314
320
309
293
281
260
232
209
189
162
139
110
72
42
7
-34
-64
-92
-127
-159
-186
-210
-237
-259
-272
-297
-306
-310
-313
-312
-312
-315
-313
-302
-296
-284
-268
-249
-233
-218
-201
-178
-156
-144
-125
-102
-83
-69
-47
-24
-8
9
25
44
64
82
97
117
131
146
169
191
209
224
235
246
261
272
284
292
299
306
308
313
312
301
289
274
253
232
206
181
156
125
93
58
23
-11
-44
-73
-99
-122
-147
-161
-174
-194
-207
-212
-217
-217
-211
-199
-184
-173
-160
-145
-135
-118
-101
-96
-83
-69
-48
-35
-25
-10
-2
9
16
22
30
50
50
52
60
60
57
55
51
37
41
36
24
22
20
5
-5
-11
-27
-37
-44
-54
-62
-62
-70
-79
-77
-81
-84
-77
-76
-77
-71
-67
-65
-61
-59
-54
-43
-42
-36
-22
-17
-18
-12
2
0
6
17
20
29
40
41
45
59
59
61
73
80
80
86
90
89
92
92
90
89
88
84
85
89
87
79
82
81
75
74
75
74
68
59
47
40
31
15
3
-9
-25
-41
-55
-68
-83
-99
-109
-115
-125
-130
-130
-130
-130
-130
-124
-113
-102
-87
-73
-58
-48
-31
-17
-19
-7
1
0
10
21
25
34
39
37
33
37
44
45
51
56
52
56
59
50
51
48
38
35
37
36
37
38
31
28
20
14
10
5
-2
-10
-9
-17
-22
-23
-28
-35
-40
-42
-41
-37
-47
-50
-45
-45
-53
-55
-52
-50
-51
-48
-44
-43
-40
-49
-47
-41
-38
-42
-33
-27
-27
-20
-11
-1
3
9
12
18
24
34
38
47
56
55
61
74
79
79
87
91
92
92
96
98
100
105
106
108
105
96
88
79
63
47
36
24
11
-6
-24
-41
-59
-79
-93
-105
-115
-120
-119
-114
-113
-112
-113
-110
-104
-93
-80
-74
-62
-55
-45
-36
-32
-20
-20
-7
4
13
18
30
33
33
42
34
40
39
41
47
41
41
34
44
38
34
31
29
34
24
29
13
12
2
-4
-5
-5
-1
-13
-1
-10
-12
-18
-19
-25
-24
-26
-34
-22
-24
-17
-26
-17
-22
-34
-28
-20
-25
-22
-13
-16
-16
-16
-17
-16
-7
-15
-15
-13
-6
-10
-14
-12
-16
-14
-13
-5
-8
4
2
13
22
24
32
34
48
51
59
61
70
75
76
77
76
79
81
88
83
79
76
68
58
45
34
24
16
4
-9
-20
-33
-47
-56
-66
-78
-82
-80
-79
-78
-82
-84
-84
-80
-80
-77
-75
-68
-64
-61
-50
-57
-47
-41
-39
-33
-21
-11
-6
8
7
6
11
19
20
25
30
31
27
44
36
41
42
33
44
40
36
32
53
33
36
32
33
32
32
36
26
36
30
24
28
22
14
8
11
11
-8
0
1
-5
-22
-13
-21
-31
-19
-32
-28
-31
-29
-33
-38
-25
-38
-47
-27
-33
-37
-27
-34
-39
-28
-27
-36
-22
-12
-22
-13
8
-1
-1
13
10
9
23
25
25
35
38
29
37
43
44
44
48
50
45
50
52
44
36
35
28
19
18
13
4
1
-8
-18
-27
-32
-37
-38
-42
-45
-39
-47
-41
-39
-54
-48
-43
-39
-44
-25
-28
-34
-15
-16
-22
-1
3
-16
18
9
9
11
28
19
-5
28
23
4
36
45
11
35
36
28
37
41
15
31
31
10
25
18
21
-4
3
4
4
5
-1
5
-5
-7
-16
4
-6
-27
-6
-13
-25
-2
-8
-25
-20
-28
-39
-22
-20
-33
-33
-17
-31
-38
-5
-28
-30
-24
-33
-24
-25
-20
-18
-20
-25
-14
-19
-11
0
-4
3
15
21
20
31
31
34
38
49
47
48
64
52
50
66
63
59
70
66
55
69
71
55
60
51
30
27
23
9
-1
-7
-24
-39
-48
-59
-72
-76
-77
-92
-97
-89
-87
-99
-97
-84
-92
-90
-71
-74
-71
-44
-49
-52
-15
-22
-18
5
-1
11
29
29
32
44
35
43
48
41
56
70
54
58
84
66
56
87
77
40
77
65
41
66
64
27
29
61
15
10
41
11
-18
24
-7
-33
19
-31
-50
-18
-39
-47
-30
-45
-55
-51
-42
-53
-66
-38
-66
-73
-42
-58
-63
-40
-56
-61
-43
-42
-49
-27
-19
-44
-23
-24
-25
-8
-4
-12
12
15
1
26
33
24
39
64
39
52
80
52
64
89
61
63
87
68
64
86
73
61
73
52
37
45
32
11
16
5
-22
-19
-27
-46
-41
-46
-61
-55
-54
-69
-59
-57
-67
-74
-69
-49
-66
-77
-41
-54
-69
-21
-47
-39
1
-27
-13
-3
5
9
-3
32
27
8
50
15
27
60
18
45
63
44
43
62
58
37
45
73
23
45
62
-3
48
32
-4
32
7
-12
2
-14
-3
-26
-21
-17
-57
-16
-39
-72
11
-43
-89
9
-51
-70
-7
-51
-65
-17
-33
-60
-25
2
-49
-42
24
-46
-44
48
-30
-42
45
-11
-19
47
-6
-6
58
19
7
51
57
30
47
79
49
67
87
53
71
98
67
77
102
66
73
88
56
56
50
17
12
3
-24
-38
-43
-79
-102
-98
-117
-136
-131
-136
-157
-146
-134
-148
-139
-123
-135
-114
-72
-101
-79
-42
-51
-37
-13
8
9
46
61
51
74
99
85
91
128
115
102
142
144
114
137
148
110
127
153
95
105
141
92
70
110
77
31
66
76
-8
9
56
-37
-27
12
-52
-79
-12
-74
-128
-47
-85
-146
-94
-89
-166
-105
-93
-182
-119
-93
-168
-136
-70
-144
-141
-45
-120
-120
-23
-82
-105
-2
-39
-84
28
2
-61
19
36
-27
33
91
32
46
91
46
67
141
114
108
144
107
92
145
153
141
143
122
94
107
125
124
113
67
25
11
16
17
2
-45
-95
-123
-136
-111
-101
-149
-178
-184
-195
-171
-122
-119
-140
-140
-127
-91
-37
3
7
-1
14
41
79
136
146
121
140
151
171
211
224
206
198
202
198
210
232
200
155
151
131
112
124
100
33
8
-11
-50
-39
-38
-127
-160
-153
-196
-188
-162
-218
-292
-286
-280
-278
-237
-255
-342
-351
-293
-293
-256
-211
-282
-326
-252
-206
-204
-123
-112
-200
-163
-83
-82
0
92
4
-27
70
83
130
266
236
130
189
240
238
381
449
326
303
337
325
453
610
523
402
371
289
356
568
566
417
301
159
117
278
356
236
90
-115
-261
-184
-87
-135
-264
-456
-647
-634
-517
-493
-544
-658
-796
-794
-641
-532
-503
-529
-601
-572
-388
-203
-105
-73
-95
-90
60
278
408
442
417
378
431
573
685
706
657
573
527
587
644
607
528
426
339
322
340
291
168
42
-53
-83
-54
-69
-167
-281
-369
-418
-385
-321
-339
-401
-468
-523
-513
-446
-385
-383
-371
-355
-369
-372
-342
-305
-251
-154
-101
-130
-188
-230
-200
-65
91
134
58
-45
-107
-43
139
296
315
220
98
51
147
345
505
502
390
263
232
353
536
652
636
504
350
291
360
485
565
544
397
198
94
118
216
278
191
-17
-234
-352
-365
-306
-301
-449
-660
-854
-959
-940
-903
-909
-981
-1099
-1146
-1110
-1051
-985
-928
-830
-675
-519
-385
-291
-188
-10
257
567
824
984
1034
1067
1197
1418
1718
1934
1944
1830
1671
1618
1698
1790
1822
1698
1430
1114
833
658
573
484
326
72
-262
-610
-881
-1038
-1097
-1105
-1166
-1346
-1616
-1870
-1984
-1880
-1641
-1434
-1405
-1582
-1822
-1883
-1625
-1153
-743
-634
-847
-1125
-1130
-759
-200
233
277
-28
-314
-285
101
595
869
780
469
259
335
632
912
1000
892
792
803
854
874
818
803
944
1198
1318
1116
680
367
497
999
1453
1401
810
79
-213
178
879
1244
874
-20
-797
-919
-401
227
351
-229
-1107
-1677
-1626
-1148
-728
-731
-1112
-1559
-1766
-1663
-1407
-1160
-1003
-891
-805
-788
-827
-821
-609
-156
394
746
725
464
299
532
1135
1770
2049
1845
1407
1150
1314
1782
2192
2228
1871
1376
1040
989
1122
1207
1088
758
317
-99
-400
-547
-565
-580
-714
-1023
-1442
-1792
-1912
-1787
-1573
-1499
-1647
-1915
-2088
-2017
-1743
-1434
-1268
-1263
-1316
-1297
-1135
-870
-601
-401
-284
-242
-192
-72
109
326
503
608
644
635
642
713
867
1063
1211
1226
1095
929
886
1071
1392
1628
1548
1169
776
657
940
1388
1610
1332
689
121
16
412
921
1047
561
-254
-878
-941
-500
-35
-13
-550
-1336
-1885
-1905
-1486
-1035
-932
-1262
-1794
-2161
-2119
-1714
-1190
-862
-869
-1110
-1335
-1275
-851
-226
306
515
398
197
221
617
1251
1787
1967
1781
1496
1429
1702
2171
2525
2531
2211
1809
1594
1659
1869
1977
1814
1391
879
503
364
382
369
162
-256
-766
-1182
-1377
-1372
-1317
-1379
-1626
-1988
-2295
-2391
-2256
-2004
-1825
-1848
-2034
-2207
-2183
-1903
-1483
-1132
-1013
-1112
-1236
-1168
-838
-367
30
180
82
-81
-75
200
654
1059
1201
1055
785
646
817
1274
1731
1883
1608
1099
746
861
1392
1910
1983
1483
734
266
396
978
1496
1453
756
-159
-709
-591
-21
445
328
-416
-1346
-1887
-1751
-1165
-662
-675
-1224
-1919
-2280
-2053
-1403
-776
-556
-799
-1213
-1384
-1081
-407
292
668
636
395
291
540
1098
1702
2062
2069
1839
1637
1678
1986
2390
2630
2547
2193
1796
1599
1671
1868
1926
1670
1150
598
264
209
260
161
-234
-827
-1359
-1622
-1615
-1552
-1686
-2078
-2546
-2829
-2787
-2540
-2364
-2438
-2723
-2955
-2900
-2543
-2085
-1813
-1817
-1966
-2001
-1729
-1207
-678
-374
-351
-427
-359
-54
416
855
1120
1204
1197
1213
1322
1527
1803
2109
2318
2291
2009
1670
1575
1861
2327
2552
2258
1562
935
807
1229
1779
1876
1271
269
-490
-549
-7
543
497
-316
-1450
-2198
-2132
-1446
-813
-832
-1577
-2539
-3035
-2720
-1838
-1039
-867
-1361
-2023
-2236
-1712
-710
178
469
140
-338
-398
193
1157
1925
2096
1741
1312
1277
1761
2464
2922
2872
2422
1938
1775
2003
2376
2539
2282
1696
1083
747
753
897
878
508
-155
-824
-1209
-1242
-1102
-1101
-1436
-2028
-2575
-2781
-2603
-2282
-2152
-2373
-2803
-3099
-3010
-2572
-2082
-1850
-1956
-2194
-2250
-1950
-1390
-857
-601
-641
-747
-651
-267
233
602
727
731
809
1040
1309
1464
1496
1588
1860
2201
2333
2099
1715
1586
1934
2488
2749
2399
1632
1028
1010
1545
2102
2099
1345
252
-452
-362
296
799
530
-526
-1734
-2317
-1982
-1173
-717
-1107
-2130
-3051
-3218
-2566
-1643
-1160
-1443
-2168
-2667
-2451
-1574
-581
-46
-161
-608
-816
-409
495
1406
1859
1748
1387
1241
1569
2259
2904
3152
2929
2493
2219
2308
2679
3012
3003
2598
2008
1539
1383
1470
1531
1315
771
84
-453
-681
-676
-693
-971
-1529
-2139
-2510
-2529
-2344
-2262
-2484
-2935
-3321
-3359
-3021
-2581
-2377
-2531
-2841
-2944
-2628
-2003
-1435
-1231
-1378
-1561
-1414
-863
-178
254
292
146
165
524
1062
1458
1535
1447
1481
1749
2092
2234
2112
1936
1969
2237
2490
2454
2096
1679
1533
1762
2087
2118
1654
911
385
384
766
1021
718
-123
-1016
-1424
-1195
-697
-534
-1001
-1867
-2561
-2634
-2124
-1494
-1265
-1610
-2219
-2564
-2315
-1578
-812
-456
-607
-961
-1051
-615
193
956
1298
1177
921
915
1333
2003
2548
2694
2465
2141
2039
2263
2632
2848
2717
2297
1836
1576
1562
1641
1571
1218
674
153
-158
-256
-307
-514
-934
-1444
-1843
-2001
-1985
-1987
-2172
-2520
-2856
-3000
-2897
-2676
-2544
-2609
-2797
-2909
-2788
-2455
-2065
-1804
-1728
-1737
-1660
-1380
-938
-497
-204
-56
53
252
544
854
1108
1333
1580
1837
2016
2013
1890
1876
2134
2552
2825
2686
2195
1730
1643
1999
2455
2555
2050
1163
461
374
821
1258
1121
276
-807
-1468
-1390
-829
-446
-735
-1608
-2494
-2801
-2394
-1686
-1284
-1506
-2139
-2630
-2534
-1864
-1051
-596
-687
-1055
-1232
-885
-104
682
1074
994
739
725
1139
1802
2357
2520
2323
2063
2027
2292
2667
2857
2712
2319
1928
1752
1793
1879
1771
1367
793
289
37
14
6
-224
-730
-1348
-1795
-1906
-1776
-1682
-1866
-2332
-2821
-3035
-2871
-2503
-2251
-2327
-2644
-2908
-2860
-2466
-1956
-1611
-1558
-1693
-1763
-1574
-1116
-573
-172
-6
4
13
155
477
912
1351
1636
1672
1530
1383
1444
1800
2294
2598
2469
1982
1516
1423
1787
2305
2491
2106
1295
569
405
816
1335
1377
695
-370
-1146
-1194
-640
-106
-208
-1021
-2023
-2530
-2241
-1479
-924
-1039
-1733
-2428
-2530
-1920
-1019
-435
-499
-1006
-1391
-1189
-385
555
1073
972
536
328
711
1540
2316
2583
2283
1811
1664
2036
2675
3087
2972
2426
1848
1633
1827
2134
2165
1723
977
327
58
135
254
67
-508
-1234
-1764
-1883
-1706
-1564
-1729
-2197
-2699
-2914
-2755
-2416
-2191
-2269
-2531
-2716
-2636
-2310
-1959
-1739
-1677
-1660
-1568
-1369
-1113
-835
-547
-248
32
182
201
247
479
947
1468
1730
1597
1234
1042
1341
1993
2514
2473
1874
1206
1008
1446
2149
2485
2056
1060
195
75
682
1352
1356
489
-736
-1515
-1397
-645
-58
-294
-1295
-2370
-2744
-2194
-1242
-676
-938
-1775
-2446
-2333
-1440
-376
152
-106
-748
-1078
-641
399
1390
1749
1399
838
715
1283
2235
2952
3000
2480
1915
1831
2326
2998
3303
2975
2235
1595
1441
1726
2043
1952
1321
447
-212
-388
-213
-101
-395
-1098
-1881
-2342
-2321
-2051
-1926
-2193
-2755
-3248
-3347
-3035
-2590
-2365
-2520
-2862
-3046
-2834
-2314
-1791
-1534
-1580
-1721
-1689
-1362
-848
-348
-44
50
42
65
243
600
1088
1521
1711
1585
1287
1120
1352
1936
2470
2545
2047
1362
1035
1348
2052
2543
2348
1478
524
169
607
1359
1650
1046
-161
-1172
-1358
-739
-5
52
-777
-1954
-2636
-2374
-1470
-711
-719
-1463
-2295
-2479
-1799
-691
103
120
-454
-985
-880
-24
1102
1828
1802
1231
726
842
1642
2645
3191
2938
2150
1516
1575
2296
3087
3273
2648
1622
908
930
1490
1946
1728
793
-326
-983
-932
-498
-309
-769
-1737
-2653
-2994
-2701
-2211
-2076
-2515
-3232
-3682
-3544
-2954
-2380
-2242
-2553
-2928
-2935
-2433
-1684
-1125
-1003
-1207
-1373
-1136
-461
340
860
870
569
397
690
1451
2255
2596
2278
1608
1229
1564
2399
3096
3036
2197
1228
834
1297
2187
2665
2190
965
-194
-474
204
1101
1291
377
-1122
-2195
-2171
-1254
-379
-450
-1552
-2898
-3514
-2982
-1806
-964
-1085
-2001
-2881
-2914
-1975
-671
156
78
-575
-1035
-703
394
1615
2248
2076
1496
1203
1622
2567
3438
3685
3239
2568
2257
2546
3174
3579
3369
2635
1844
1474
1627
1958
1955
1376
433
-373
-660
-494
-310
-553
-1302
-2199
-2741
-2706
-2331
-2107
-2387
-3056
-3638
-3706
-3236
-2618
-2337
-2558
-3014
-3222
-2887
-2141
-1415
-1102
-1253
-1555
-1572
-1080
-223
554
884
698
312
211
674
1575
2401
2638
2152
1364
974
1402
2395
3185
3079
2043
837
337
897
1994
2620
2099
612
-848
-1261
-439
784
1232
298
-1485
-2883
-2952
-1774
-439
-177
-1308
-2997
-3939
-3386
-1811
-470
-352
-1434
-2690
-2956
-1886
-176
1020
1007
114
-664
-455
807
2341
3185
2973
2149
1588
1909
2963
4030
4376
3809
2841
2235
2401
3123
3698
3546
2663
1548
894
966
1436
1683
1224
139
-979
-1541
-1385
-921
-823
-1429
-2498
-3399
-3584
-3090
-2474
-2369
-2954
-3778
-4155
-3757
-2870
-2159
-2109
-2603
-3066
-2939
-2139
-1139
-542
-613
-1074
-1338
-962
13
1044
1536
1260
592
254
757
1946
3034
3220
2328
1113
635
1384
2768
3605
3089
1505
20
-269
794
2235
2732
1638
-389
-1904
-1860
-457
977
1060
-506
-2675
-3886
-3312
-1560
-192
-402
-2072
-3869
-4331
-3094
-1115
113
-244
-1668
-2800
-2549
-940
951
1885
1467
373
-205
456
2032
3499
3964
3377
2496
2228
2875
3940
4628
4467
3680
2919
2670
2929
3262
3219
2680
1891
1223
863
719
579
249
-296
-906
-1435
-1819
-2079
-2293
-2536
-2828
-3150
-3452
-3655
-3721
-3654
-3519
-3413
-3392
-3443
-3424
-3189
-2739
-2230
-1888
-1823
-1891
-1778
-1267
-464
200
348
33
-234
127
1154
2247
2612
2012
1097
918
1921
3456
4222
3447
1731
545
952
2568
3889
3594
1709
-417
-1180
-65
1841
2736
1592
-900
-2898
-2948
-1183
772
1103
-696
-3358
-4867
-4123
-1873
-66
-199
-2132
-4270
-4849
-3369
-951
609
284
-1377
-2783
-2628
-854
1358
2567
2179
837
-85
395
2098
3875
4565
3904
2659
1970
2426
3676
4718
4749
3773
2540
1911
2149
2800
3115
2645
1560
455
-122
-87
161
107
-459
-1343
-2138
-2543
-2552
-2379
-2347
-2637
-3160
-3628
-3767
-3519
-3062
-2700
-2655
-2897
-3119
-2974
-2399
-1684
-1214
-1147
-1312
-1400
-1138
-493
271
739
670
266
66
510
1479
2367
2507
1830
1012
988
2027
3343
3703
2651
1076
335
1030
2414
3142
2449
730
-806
-1042
108
1574
1957
707
-1353
-2757
-2568
-1084
355
365
-1331
-3590
-4689
-3823
-1841
-440
-700
-2307
-3930
-4261
-2971
-932
409
205
-1104
-2237
-2136
-718
1162
2398
2361
1349
434
609
1959
3630
4537
4231
3170
2279
2299
3222
4291
4640
3964
2755
1875
1759
2178
2543
2374
1656
717
-31
-352
-359
-367
-608
-1081
-1634
-2167
-2589
-2767
-2690
-2566
-2635
-2895
-3141
-3229
-3132
-2858
-2476
-2174
-2087
-2111
-2026
-1765
-1400
-975
-576
-372
-408
-400
-56
450
699
655
686
1033
1501
1740
1612
1256
1096
1532
2447
2966
2374
1040
177
545
1657
2446
2157
833
-759
-1486
-748
783
1616
840
-1000
-2565
-2858
-1844
-383
284
-607
-2538
-4027
-3976
-2627
-1171
-625
-1227
-2450
-3365
-3204
-1973
-500
303
170
-480
-1003
-893
0
1345
2448
2767
2360
1771
1602
2116
3132
4126
4502
4050
3144
2473
2523
3186
3892
4029
3386
2302
1398
1101
1362
1724
1680
1049
74
-806
-1268
-1308
-1165
-1150
-1457
-2040
-2676
-3090
-3173
-2998
-2733
-2554
-2569
-2777
-3023
-3079
-2798
-2267
-1716
-1378
-1372
-1580
-1706
-1473
-876
-220
143
98
-171
-313
-73
523
1152
1412
1172
738
572
919
1596
2079
1978
1346
679
527
986
1630
1860
1382
474
-218
-218
374
933
877
174
-708
-1198
-1059
-532
-168
-368
-1042
-1700
-1914
-1692
-1339
-1139
-1180
-1396
-1617
-1642
-1429
-1120
-873
-679
-470
-257
-87
78
311
614
957
1332
1709
1955
1995
1960
2059
2348
2693
2938
2982
2789
2464
2236
2244
2375
2392
2182
1784
1293
833
556
492
455
224
-228
-739
-1139
-1347
-1367
-1324
-1431
-1761
-2118
-2249
-2143
-1970
-1912
-1992
-2108
-2184
-2099
-1816
-1541
-1503
-1631
-1645
-1467
-1237
-1035
-869
-805
-846
-846
-661
-342
-115
-49
1
111
201
281
443
654
785
818
880
988
1025
967
937
1008
1102
1137
1149
1144
1060
918
835
877
955
955
858
711
541
370
252
223
231
173
-5
-261
-523
-728
-809
-737
-610
-609
-816
-1136
-1366
-1340
-1037
-615
-343
-394
-695
-932
-788
-244
399
765
687
325
50
186
749
1382
1653
1406
875
502
585
1072
1593
1728
1326
656
190
248
726
1177
1195
690
-25
-467
-367
109
503
440
-75
-695
-999
-835
-435
-168
-254
-627
-1029
-1201
-1085
-863
-725
-757
-921
-1093
-1201
-1211
-1127
-1013
-908
-868
-883
-901
-891
-815
-654
-458
-305
-234
-205
-147
-35
112
265
382
446
464
491
558
659
759
840
895
923
925
887
837
807
822
864
879
807
608
344
133
53
75
85
-40
-321
-661
-907
-953
-837
-708
-713
-896
-1128
-1208
-1027
-666
-323
-185
-276
-432
-419
-111
376
760
819
597
363
375
690
1103
1349
1260
897
577
566
864
1201
1264
995
570
257
240
476
729
748
452
31
-217
-171
59
244
228
24
-239
-421
-423
-260
-85
-73
-259
-493
-584
-548
-502
-474
-475
-527
-682
-864
-862
-711
-632
-713
-826
-826
-763
-731
-647
-498
-440
-549
-664
-531
-244
-86
-123
-225
-278
-278
-180
66
360
473
327
129
103
265
501
677
718
614
426
305
338
442
472
346
122
-69
-132
-90
-61
-147
-336
-493
-519
-430
-317
-275
-333
-413
-404
-220
73
254
191
1
-92
55
404
757
898
750
433
218
323
689
1035
1101
884
571
365
385
555
693
652
445
237
152
172
216
201
103
-20
-132
-188
-155
-114
-101
-105
-158
-221
-332
-463
-465
-355
-202
-123
-206
-395
-627
-739
-626
-407
-244
-303
-575
-812
-835
-648
-420
-343
-429
-576
-636
-541
-336
-130
-82
-228
-388
-327
-34
267
341
175
-35
-138
-79
135
414
581
511
295
164
251
443
533
477
397
391
444
490
478
354
109
-145
-230
-85
128
173
-22
-305
-471
-434
-262
-94
-37
-119
-250
-260
-73
212
357
253
45
-39
137
460
746
830
634
300
95
215
580
856
818
559
301
226
288
369
425
357
140
-79
-131
29
159
-21
-428
-724
-724
-555
-403
-332
-331
-415
-586
-689
-580
-355
-221
-287
-415
-375
-193
-75
-153
-394
-619
-743
-741
-587
-350
-159
-163
-391
-613
-648
-491
-264
-89
55
189
302
378
439
497
515
470
421
465
650
859
964
895
666
406
217
183
326
528
616
500
227
-77
-315
-439
-481
-503
-568
-696
-835
-959
-1053
-1147
-1258
-1311
-1267
-1113
-890
-674
-556
-528
-496
-371
-110
227
550
778
904
1010
1181
1426
1661
1783
1745
1633
1571
1630
1769
1845
1733
1415
1021
738
659
728
760
577
174
-306
-682
-839
-801
-715
-741
-918
-1162
-1348
-1403
-1344
-1254
-1218
-1244
-1253
-1183
-1020
-812
-636
-541
-535
-585
-614
-539
-341
-77
142
226
154
-6
-130
-96
91
316
481
598
772
1102
1560
1973
2068
1740
1176
711
551
658
808
755
443
15
-281
-378
-406
-628
-1143
-1772
-2187
-2146
-1752
-1332
-1277
-1713
-2444
-3085
-3326
-3125
-2649
-2130
-1657
-1206
-710
-212
136
225
74
-76
58
621
1518
2451
3116
3374
3318
3150
3044
3016
3001
2955
2911
2938
3027
3068
2880
2349
1547
716
145
-46
42
176
151
-110
-544
-1018
-1414
-1698
-1900
-2046
-2104
-2010
-1754
-1424
-1164
-1096
-1249
-1524
-1737
-1726
-1447
-1008
-590
-321
-213
-169
-83
53
152
99
-87
-281
-327
-151
153
417
504
466
542
926
1582
2142
2253
1836
1159
586
303
272
259
72
-311
-672
-781
-633
-533
-823
-1525
-2339
-2809
-2724
-2223
-1709
-1580
-1943
-2559
-3025
-3106
-2852
-2494
-2177
-1821
-1252
-394
569
1295
1535
1315
941
802
1109
1774
2520
3106
3469
3707
3906
3994
3812
3289
2576
1956
1646
1694
1905
2002
1798
1333
812
419
167
-69
-356
-651
-819
-763
-522
-245
-134
-288
-630
-975
-1154
-1151
-1054
-971
-940
-928
-884
-796
-702
-675
-741
-845
-902
-856
-751
-649
-589
-556
-500
-418
-356
-370
-438
-422
-132
491
1288
1924
2137
1882
1351
765
226
-254
-751
-1233
-1566
-1567
-1219
-779
-636
-1024
-1821
-2657
-3184
-3274
-3066
-2844
-2762
-2761
-2647
-2327
-1962
-1763
-1796
-1864
-1650
-980
76
1218
2089
2530
2659
2721
2854
3029
3127
3112
3091
3202
3552
4033
4372
4314
3799
3030
2240
1571
1036
590
218
-53
-153
-34
183
281
118
-238
-598
-860
-980
-977
-883
-739
-574
-338
-22
230
251
4
-357
-641
-772
-752
-631
-485
-390
-342
-258
-125
-60
-219
-575
-944
-1157
-1161
-1030
-828
-644
-460
-156
382
1081
1630
1779
1510
1013
471
-33
-492
-949
-1440
-1910
-2154
-2032
-1675
-1436
-1571
-2075
-2717
-3234
-3475
-3424
-3279
-3239
-3319
-3325
-3059
-2569
-2073
-1723
-1493
-1192
-641
205
1197
2030
2513
2705
2846
3140
3528
3841
3974
3955
3942
4059
4293
4479
4342
3795
3028
2305
1796
1434
1039
541
-21
-466
-613
-472
-203
-58
-156
-369
-546
-600
-569
-555
-596
-683
-722
-606
-358
-103
11
-35
-151
-283
-418
-562
-693
-763
-740
-601
-392
-245
-265
-412
-537
-561
-539
-562
-640
-675
-472
118
1046
1943
2399
2260
1754
1172
611
40
-682
-1576
-2490
-3082
-3032
-2460
-1881
-1731
-2048
-2510
-2843
-2986
-3011
-3146
-3537
-4058
-4312
-3970
-3208
-2448
-1902
-1482
-952
-228
649
1545
2173
2354
2270
2320
2700
3182
3465
3549
3595
3746
4022
4356
4580
4402
3736
2873
2193
1761
1326
760
177
-244
-404
-293
29
348
403
196
-19
-49
-7
-102
-318
-512
-584
-512
-305
-19
152
105
-51
-158
-227
-423
-791
-1178
-1436
-1487
-1332
-1063
-834
-761
-766
-667
-460
-314
-384
-636
-865
-833
-367
525
1524
2250
2595
2703
2772
2688
2269
1433
222
-1108
-2216
-2770
-2761
-2623
-2688
-2906
-3025
-2889
-2675
-2562
-2676
-3151
-3841
-4393
-4481
-4156
-3816
-3582
-3216
-2460
-1295
43
1325
2326
2849
3009
3114
3325
3477
3304
2908
2635
2681
3025
3510
3963
4162
3951
3468
2939
2378
1600
544
-504
-1219
-1506
-1416
-1015
-414
168
596
943
1291
1477
1271
736
170
-206
-432
-562
-514
-285
17
291
564
844
904
573
8
-522
-889
-1260
-1683
-1985
-2058
-1903
-1611
-1191
-675
-290
-137
22
453
1199
1877
2231
2422
2526
2621
2591
2395
2038
1217
-17
-1251
-2060
-2360
-2661
-3172
-3639
-3918
-3905
-3724
-3432
-3146
-3348
-3979
-4533
-4630
-4344
-4214
-4210
-3936
-3307
-2298
-1002
547
2059
2969
3397
3775
4205
4388
3973
3276
2716
2315
2149
2278
2685
3057
3043
2878
2811
2667
2113
1088
20
-802
-1394
-1688
-1555
-1032
-370
264
1036
1951
2632
2761
2411
1914
1378
711
26
-470
-710
-757
-590
-84
606
1072
1115
883
592
205
-428
-1271
-2119
-2795
-3152
-3052
-2488
-1653
-873
-191
608
1640
2737
3488
3687
3417
2886
2336
1837
1349
708
-229
-1260
-2017
-2288
-2238
-2310
-2683
-3239
-3748
-4004
-4038
-3990
-4100
-4506
-4966
-5133
-4861
-4338
-3878
-3507
-3066
-2354
-1267
61
1374
2364
2945
3333
3691
4005
4087
3826
3356
2853
2534
2469
2544
2574
2404
2112
1853
1623
1327
871
286
-308
-767
-942
-830
-568
-239
171
725
1342
1845
2133
2162
1973
1634
1264
942
612
247
-29
-51
182
483
687
750
642
388
93
-185
-544
-1125
-1834
-2364
-2534
-2386
-2040
-1553
-939
-213
709
1877
3092
3932
4178
4000
3654
3167
2429
1441
273
-971
-2123
-2896
-3203
-3322
-3579
-3954
-4177
-4140
-3993
-3908
-3972
-4249
-4719
-5161
-5317
-5196
-5039
-4920
-4559
-3681
-2317
-711
910
2363
3479
4228
4719
5027
4985
4417
3486
2581
1998
1720
1590
1555
1584
1655
1770
1934
2088
2006
1524
803
197
-97
-185
-222
-135
191
734
1388
2078
2691
2991
2820
2353
1893
1488
934
199
-428
-715
-718
-573
-281
93
302
248
133
87
-148
-837
-1746
-2443
-2780
-2877
-2739
-2239
-1435
-463
752
2293
3788
4668
4786
4516
4094
3344
2184
789
-650
-2085
-3282
-3830
-3766
-3649
-3809
-3967
-3755
-3322
-3046
-3003
-3163
-3635
-4390
-5026
-5191
-5114
-5204
-5308
-4859
-3659
-2034
-299
1442
2993
4066
4659
5067
5303
4958
3870
2469
1343
625
139
-112
-48
238
584
1029
1690
2328
2497
2121
1568
1154
826
469
228
265
516
900
1483
2269
2980
3310
3291
3149
2913
2432
1719
1006
435
-34
-404
-554
-499
-419
-368
-257
-91
-106
-431
-908
-1360
-1775
-2158
-2380
-2340
-2029
-1390
-289
1153
2506
3441
3949
4168
4010
3350
2263
857
-782
-2455
-3737
-4367
-4601
-4772
-4841
-4549
-3879
-3117
-2451
-1981
-1901
-2291
-2935
-3469
-3857
-4377
-5019
-5349
-4975
-3938
-2509
-853
898
2494
3783
4825
5596
5796
5147
3867
2467
1242
160
-832
-1562
-1867
-1713
-1118
-152
980
1901
2371
2537
2635
2637
2334
1689
1003
539
363
486
855
1356
1822
2201
2628
3116
3441
3359
2876
2255
1681
1136
597
81
-378
-724
-880
-813
-629
-540
-631
-813
-926
-912
-858
-815
-704
-379
242
1023
1765
2312
2581
2605
2401
1978
1323
367
-832
-2045
-3001
-3601
-4040
-4442
-4708
-4702
-4369
-3825
-3207
-2661
-2387
-2371
-2437
-2451
-2496
-2799
-3289
-3643
-3609
-3129
-2309
-1255
-108
987
2063
3165
4160
4722
4600
3919
2966
1938
901
-125
-1045
-1776
-2192
-2100
-1482
-530
439
1237
1886
2407
2762
2862
2633
2122
1448
805
390
226
234
376
670
1145
1733
2313
2755
2946
2870
2611
2235
1744
1117
426
-193
-656
-975
-1183
-1265
-1231
-1119
-903
-550
-112
289
645
1104
1673
2150
2390
2418
2321
2054
1561
913
163
-713
-1709
-2611
-3172
-3484
-3774
-4001
-3993
-3710
-3322
-2933
-2497
-2147
-2043
-2154
-2271
-2266
-2338
-2574
-2728
-2558
-2066
-1393
-538
506
1508
2270
2815
3228
3405
3110
2384
1531
722
-62
-815
-1374
-1653
-1765
-1740
-1456
-917
-317
173
612
1117
1596
1882
1967
1946
1831
1548
1178
903
744
596
485
559
846
1203
1514
1790
2029
2125
2007
1758
1486
1151
676
152
-282
-633
-957
-1197
-1235
-1079
-797
-388
231
1061
1915
2612
3084
3325
3278
2871
2173
1292
247
-910
-2062
-3007
-3629
-3996
-4183
-4180
-3930
-3472
-2938
-2383
-1852
-1465
-1306
-1373
-1544
-1742
-2004
-2295
-2472
-2360
-1908
-1182
-219
934
2121
3142
3902
4369
4463
4080
3223
2067
806
-467
-1641
-2566
-3119
-3281
-3105
-2594
-1800
-892
-22
701
1250
1584
1639
1468
1136
724
300
-77
-284
-288
-121
201
640
1149
1638
2038
2317
2424
2326
2042
1628
1153
661
179
-239
-553
-750
-837
-785
-598
-312
60
524
1093
1740
2373
2907
3269
3410
3280
2847
2139
1183
30
-1212
-2429
-3473
-4268
-4800
-5051
-5034
-4729
-4189
-3522
-2800
-2127
-1603
-1272
-1166
-1242
-1453
-1765
-2067
-2227
-2101
-1624
-819
281
1589
2958
4217
5206
5805
5918
5494
4569
3279
1792
264
-1156
-2306
-3065
-3384
-3271
-2781
-2009
-1092
-164
651
1268
1631
1693
1459
995
394
-246
-821
-1233
-1416
-1336
-994
-433
268
1006
1671
2167
2429
2426
2165
1683
1049
341
-355
-954
-1395
-1652
-1693
-1511
-1103
-493
273
1157
2082
2949
3658
4131
4308
4135
3595
2720
1591
312
-1017
-2270
-3338
-4147
-4672
-4912
-4865
-4565
-4093
-3530
-2948
-2418
-2007
-1766
-1713
-1816
-2036
-2312
-2543
-2602
-2406
-1902
-1083
18
1326
2708
4014
5101
5842
6142
5936
5254
4185
2839
1366
-72
-1310
-2217
-2720
-2777
-2425
-1747
-865
64
909
1540
1868
1850
1500
890
130
-652
-1323
-1771
-1936
-1778
-1315
-616
214
1053
1789
2317
2572
2530
2208
1660
946
159
-606
-1269
-1752
-2015
-2028
-1769
-1265
-558
298
1226
2141
2927
3507
3826
3822
3489
2833
1917
838
-331
-1475
-2493
-3298
-3838
-4120
-4115
-3857
-3428
-2907
-2396
-1969
-1692
-1622
-1757
-2056
-2463
-2898
-3266
-3436
-3319
-2882
-2112
-1041
259
1653
3002
4175
5046
5514
5531
5107
4317
3264
2060
862
-179
-955
-1400
-1485
-1221
-688
-4
712
1348
1801
1987
1860
1443
803
15
-811
-1544
-2084
-2363
-2343
-2010
-1390
-577
330
1218
1978
2513
2747
2663
2278
1635
798
-115
-983
-1696
-2165
-2318
-2110
-1567
-748
266
1359
2397
3237
3774
3940
3714
3092
2139
977
-279
-1499
-2570
-3377
-3848
-3991
-3816
-3380
-2758
-2055
-1411
-909
-607
-564
-794
-1255
-1863
-2521
-3140
-3599
-3783
-3630
-3122
-2284
-1175
119
1451
2679
3687
4382
4687
4571
4085
3323
2380
1385
477
-218
-617
-702
-488
-25
594
1245
1814
2209
2367
2246
1853
1249
517
-258
-985
-1582
-1973
-2133
-2063
-1780
-1320
-745
-129
462
968
1336
1516
1495
1272
879
351
-254
-846
-1354
-1698
-1823
-1695
-1290
-656
152
1047
1918
2673
3197
3429
3327
2883
2155
1189
108
-982
-1979
-2772
-3304
-3519
-3416
-3044
-2464
-1772
-1084
-492
-98
59
-39
-391
-921
-1554
-2188
-2702
-3016
-3045
-2761
-2181
-1338
-334
749
1784
2652
3278
3585
3566
3224
2633
1883
1067
304
-311
-694
-811
-662
-286
260
877
1466
1937
2219
2283
2099
1704
1150
508
-133
-712
-1140
-1375
-1406
-1240
-919
-487
-16
416
750
927
920
716
344
-146
-686
-1203
-1624
-1883
-1923
-1741
-1334
-741
-29
721
1410
1971
2332
2453
2318
1938
1375
683
-54
-755
-1353
-1793
-2054
-2124
-2019
-1784
-1461
-1120
-810
-568
-442
-430
-524
-715
-961
-1231
-1476
-1646
-1715
-1657
-1456
-1122
-670
-137
447
1036
1568
1997
2297
2451
2451
2308
2044
1700
1326
962
647
414
263
193
184
231
311
389
449
472
460
415
335
235
120
2
-107
-196
-251
-265
-241
-185
-106
-13
79
146
173
144
46
-119
-335
-582
-830
-1056
-1235
-1330
-1315
-1187
-947
-622
-235
167
535
835
1021
1069
963
709
349
-72
-502
-886
-1178
-1329
-1328
-1172
-887
-526
-142
198
436
547
499
294
-45
-475
-925
-1341
-1652
-1809
-1791
-1575
-1196
-671
-58
575
1163
1654
2014
2220
2274
2190
2000
1732
1437
1154
914
739
620
554
530
524
521
497
442
342
201
34
-141
-302
-443
-544
-596
-587
-519
-408
-266
-120
13
116
182
206
182
116
13
-102
-214
-314
-391
-439
-457
-450
-430
-401
-377
-381
-422
-502
-612
-750
-908
-1065
-1211
-1315
-1363
-1340
-1241
-1072
-848
-588
-305
-16
246
460
614
705
730
697
611
487
335
172
1
-154
-276
-368
-419
-426
-384
-286
-141
54
287
551
825
1094
1346
1562
1718
1802
1816
1759
1641
1476
1276
1067
863
674
512
382
279
189
112
38
-33
-113
-206
-310
-424
-537
-648
-743
-818
-869
-890
-880
-831
-755
-663
-553
-437
-325
-226
-151
-95
-62
-55
-67
-101
-144
-206
-294
-402
-536
-691
-871
-1062
-1254
-1439
-1590
-1687
-1710
-1642
-1485
-1242
-925
-553
-151
237
581
854
1028
1102
1072
956
774
558
344
160
32
-28
-13
71
207
379
562
737
882
987
1046
1062
1044
995
939
894
875
894
951
1052
1183
1322
1447
1541
1581
1552
1442
1252
998
694
368
49
-237
-465
-633
-729
-754
-729
-675
-615
-574
-567
-612
-705
-838
-996
-1160
-1305
-1403
-1435
-1398
-1295
-1132
-940
-747
-585
-484
-457
-523
-674
-896
-1159
-1424
-1660
-1828
-1899
-1861
-1708
-1456
-1125
-749
-363
1
311
550
701
768
765
705
612
510
424
376
374
423
521
657
817
981
1135
1262
1351
1398
1393
1353
1289
1215
1148
1094
1061
1051
1066
1102
1147
1190
1224
1241
1239
1207
1154
1079
980
868
745
617
487
357
232
110
-2
-110
-214
-306
-393
-478
-558
-634
-701
-764
-828
-887
-947
-1017
-1098
-1197
-1317
-1452
-1605
-1756
-1907
-2032
-2126
-2183
-2177
-2116
-1998
-1835
-1637
-1415
-1191
-975
-775
-600
-452
-331
-234
-145
-60
25
121
229
356
488
615
728
816
868
870
834
761
665
557
456
384
353
374
457
597
789
1015
1248
1470
1664
1811
1889
1896
1843
1734
1584
1414
1249
1110
1004
933
901
899
911
917
896
844
750
606
421
211
-6
-210
-389
-523
-605
-639
-622
-575
-505
-437
-395
-390
-431
-517
-651
-819
-1015
-1224
-1430
-1623
-1785
-1910
-1994
-2040
-2046
-2012
-1945
-1849
-1726
-1577
-1411
-1230
-1041
-842
-644
-454
-273
-104
50
180
285
370
434
485
517
540
550
550
537
514
483
439
386
326
262
205
156
122
115
139
195
292
433
611
818
1038
1263
1472
1648
1776
1843
1847
1790
1678
1525
1352
1173
1002
859
751
675
627
599
575
537
480
391
272
117
-56
-240
-418
-564
-672
-723
-723
-672
-585
-491
-402
-349
-344
-403
-532
-719
-950
-1206
-1468
-1700
-1882
-1998
-2037
-2001
-1893
-1730
-1528
-1310
-1092
-884
-703
-553
-433
-336
-253
-173
-84
19
137
269
412
555
682
781
840
852
814
728
603
451
284
122
-21
-130
-193
-206
-172
-92
24
166
323
486
643
789
913
1015
1095
1153
1191
1212
1219
1213
1194
1159
1110
1042
957
858
743
618
488
359
240
138
50
-21
-71
-109
-144
-181
-223
-270
-325
-389
-456
-525
-585
-636
-681
-711
-732
-745
-749
-761
-781
-809
-854
-897
-945
-1001
-1046
-1075
-1065
-1013
-937
-817
-661
-476
-277
-88
85
227
328
382
394
380
337
286
236
200
185
187
206
235
261
281
283
261
217
154
78
1
-72
-133
-173
-187
-174
-130
-54
45
158
279
397
507
605
672
721
753
760
755
727
687
649
606
564
520
473
430
385
337
286
229
170
110
47
-22
-90
-156
-223
-286
-350
-409
-454
-500
-541
-576
-606
-609
-608
-611
-604
-596
-573
-543
-529
-511
-494
-472
-432
-398
-358
-309
-250
-174
-96
-15
70
154
231
292
350
391
418
425
405
384
352
310
266
216
173
143
119
106
97
88
86
77
66
47
20
-13
-50
-87
-119
-135
-140
-132
-110
-77
-32
15
63
104
137
154
150
142
125
101
80
57
41
36
36
41
52
61
72
79
79
73
63
49
28
1
-25
-49
-71
-95
-117
-137
-155
-168
-179
-185
-187
-185
-176
-165
-155
-144
-135
-126
-120
-114
-105
-95
-75
-50
-20
18
64
107
147
183
209
222
225
212
189
161
128
94
61
33
14
1
-2
2
3
6
8
3
-7
-20
-37
-52
-69
-76
-78
-73
-62
-47
-27
-6
15
33
47
60
65
64
62
56
51
43
34
25
17
11
0
-10
-23
-34
-46
-58
-68
-78
-85
-88
-90
-87
-82
-80
-72
-68
-62
-55
-53
-47
-43
-38
-35
-30
-24
-17
-12
-5
-3
-1
-2
-1
2
6
11
21
36
56
75
93
111
130
144
153
154
152
146
136
122
109
97
81
68
59
50
42
37
29
22
10
-8
-32
-59
-85
-114
-144
-167
-182
-186
-176
-156
-128
-93
-56
-18
18
45
65
72
70
63
48
31
14
2
-8
-13
-14
-12
-10
-9
-7
-7
-12
-22
-37
-53
-69
-84
-96
-101
-102
-94
-80
-63
-41
-18
3
18
29
34
30
21
10
-5
-18
-31
-42
-45
-44
-37
-27
-12
9
33
53
77
101
120
134
142
147
150
151
145
137
130
125
119
114
111
109
103
91
76
54
22
-14
-60
-110
-158
-201
-235
-254
-258
-247
-224
-187
-141
-91
-43
3
41
69
84
90
86
77
63
43
26
11
1
0
5
13
22
33
43
47
45
35
16
-5
-28
-49
-67
-81
-87
-83
-74
-56
-36
-10
17
41
61
69
70
62
44
21
-7
-35
-61
-84
-100
-105
-99
-84
-56
-23
12
50
82
109
126
134
129
118
101
81
62
46
35
30
31
36
41
47
45
41
32
15
-9
-37
-68
-100
-126
-144
-153
-152
-137
-115
-85
-49
-14
18
46
64
73
72
65
51
35
20
8
0
-1
2
12
24
35
44
49
54
53
46
33
18
1
-12
-23
-29
-32
-30
-25
-15
-1
11
14
12
6
-1
-15
-32
-52
-75
-96
-115
-128
-132
-133
-127
-117
-103
-86
-62
-36
-9
19
47
72
96
116
131
138
143
145
141
135
125
113
97
78
63
46
28
8
-10
-28
-42
-52
-60
-62
-64
-62
-56
-48
-44
-42
-36
-31
-24
-17
-7
2
16
27
35
43
49
53
52
47
35
22
6
-11
-25
-40
-50
-57
-60
-57
-51
-38
-23
-10
2
12
23
32
39
41
40
32
23
11
-2
-18
-33
-49
-66
-80
-90
-97
-101
-105
-102
-97
-89
-79
-66
-50
-35
-15
8
27
47
66
81
96
109
123
132
136
136
127
117
103
85
67
40
15
-10
-30
-48
-60
-68
-71
-69
-61
-48
-31
-13
2
15
26
34
37
39
41
45
43
47
50
57
62
65
66
59
48
32
11
-16
-46
-78
-110
-136
-153
-162
-160
-147
-125
-95
-62
-27
5
32
52
64
67
61
50
35
16
-4
-24
-39
-49
-58
-58
-56
-55
-52
-46
-41
-34
-29
-27
-23
-19
-14
-6
5
22
42
66
88
109
128
142
153
155
153
139
120
95
67
36
5
-25
-50
-73
-87
-96
-99
-97
-93
-83
-70
-57
-45
-31
-14
0
14
26
39
52
59
66
73
75
76
76
74
67
55
43
29
13
-6
-29
-50
-70
-86
-100
-109
-115
-115
-109
-99
-84
-68
-53
-37
-23
-12
-5
0
2
3
3
3
-1
-4
-6
-11
-14
-17
-19
-20
-21
-19
-14
-6
1
9
18
26
32
40
51
59
67
77
85
92
98
103
104
98
93
85
76
63
50
38
22
4
-13
-27
-44
-57
-67
-75
-78
-78
-77
-75
-70
-62
-54
-46
-38
-28
-16
-3
11
25
39
48
54
56
56
51
43
32
18
5
-9
-22
-33
-42
-50
-56
-61
-62
-62
-58
-54
-50
-44
-39
-31
-25
-19
-12
-5
4
13
19
23
25
23
20
16
10
4
-4
-10
-15
-20
-24
-24
-22
-18
-13
-6
4
14
22
30
39
50
58
63
67
69
73
74
72
71
66
62
57
49
39
25
11
-3
-18
-31
-41
-50
-57
-61
-59
-58
-51
-46
-39
-26
-15
-4
6
11
18
21
22
25
25
24
20
14
7
-1
-9
-14
-20
-24
-30
-36
-42
-46
-46
-49
-48
-51
-49
-47
-44
-41
-36
-30
-24
-16
-11
-4
2
7
12
14
17
18
17
19
23
26
27
26
25
25
25
25
27
27
27
26
24
23
20
17
19
19
19
21
23
22
23
23
23
23
24
22
18
14
7
1
-4
-6
-11
-18
-22
-23
-26
-27
-27
-26
-24
-23
-18
-13
-10
-7
-5
-5
-1
2
5
8
7
8
6
6
5
6
5
2
-2
-5
-9
-11
-14
-16
-20
-23
-26
-26
-28
-30
-30
-29
-26
-23
-18
-12
-7
-5
-2
2
5
6
9
9
9
11
12
15
17
16
14
15
17
17
17
17
17
17
16
13
9
5
5
6
9
10
10
12
12
11
9
7
6
6
3
-1
-1
-2
-1
0
1
2
5
5
3
0
-2
-3
-5
-6
-6
-6
-5
-8
-12
-10
-10
-8
-3
0
0
0
-1
-3
-6
-8
-9
-10
-10
-12
-13
-11
-9
-7
-6
-3
-2
-6
-7
-8
-8
-10
-10
-9
-8
-6
-2
0
1
4
4
6
9
11
16
17
18
17
13
13
12
12
14
12
13
13
13
13
11
7
2
-2
-4
-7
-13
-15
-15
-14
-14
-14
-12
-11
-8
-5
-4
-5
-5
-4
-2
1
1
1
0
-2
-1
0
1
6
7
9
9
9
7
5
3
0
-1
2
4
5
4
2
3
0
-1
0
1
2
-1
0
-1
-1
0
-4
-5
-6
-7
-7
-9
-11
-10
-10
-11
-13
-12
-9
-7
-2
1
3
7
10
10
12
12
13
15
16
15
14
12
10
8
8
9
9
7
4
0
-2
-4
-5
-4
-5
-7
-9
-12
-13
-14
-12
