3
3
4
5
4
5
4
5
5
4
5
5
5
6
6
6
5
6
6
5
5
6
5
4
4
5
4
3
2
2
2
2
1
0
0
-1
-2
-2
-1
-3
-5
-5
-5
-5
-6
-5
-4
-4
-6
-7
-5
-3
-3
-2
-2
-2
-2
-1
-1
-2
-2
-4
-4
-3
-3
-2
-3
-1
0
-1
-2
1
-1
-2
0
-2
-2
0
1
2
2
3
2
0
0
1
0
0
1
1
2
2
1
2
2
2
1
0
1
1
2
3
3
3
3
3
2
3
3
3
2
2
2
1
2
1
1
1
1
0
1
1
1
0
3
2
4
2
1
1
0
1
1
0
0
-1
-1
-1
-2
-3
-3
-2
-3
-5
-5
-7
-6
-6
-6
-6
-5
-5
-3
-3
-5
-5
-3
-2
-2
-2
-1
-2
-2
-2
-2
0
0
0
1
1
1
1
2
1
2
3
6
5
4
5
6
6
5
6
5
6
7
6
8
6
5
5
5
5
4
5
3
2
3
2
2
0
-2
-6
-9
-10
22
60
66
38
-26
-57
-9
80
91
-11
-145
-226
-182
-59
-4
-82
-218
-338
-366
-215
5
35
-49
-170
-306
-205
16
114
118
35
-111
-106
97
247
301
298
186
134
267
409
427
394
324
270
371
472
389
254
145
50
126
265
243
95
-54
-225
-289
-126
-63
-115
-202
-402
-524
-430
-338
-305
-247
-299
-432
-465
-397
-390
-306
-237
-294
-290
-251
-235
-159
-60
-107
-90
4
93
127
72
3
163
801
1310
1231
681
157
164
692
1197
1183
712
46
-379
-257
268
606
387
-309
-1069
-1263
-735
-38
114
-417
-1217
-1639
-1414
-861
-437
-468
-879
-1261
-1160
-628
-108
90
-54
-252
-197
195
650
902
804
588
606
889
1245
1378
1157
753
510
599
877
1007
781
340
24
-52
38
199
284
120
-207
-478
-540
-411
-295
-280
-365
-492
-580
-538
-383
-239
-158
-160
-204
-231
-212
-145
-84
-22
-38
18
155
203
210
145
132
143
187
214
214
122
-53
-110
-97
-100
-116
-142
-269
-141
719
1706
1749
638
-518
-508
580
1565
1572
692
-532
-1342
-1062
93
927
511
-920
-2299
-2625
-1653
-171
436
-548
-2301
-3261
-2721
-1425
-481
-469
-1342
-2317
-2379
-1297
50
531
83
-481
-523
29
818
1366
1383
1076
1028
1522
2193
2537
2323
1811
1500
1680
2260
2669
2386
1590
1003
1011
1345
1614
1655
1331
677
54
-163
75
356
217
-249
-674
-919
-982
-818
-601
-659
-956
-1249
-1382
-1291
-1099
-960
-979
-1165
-1348
-1304
-1044
-838
-848
-918
-958
-958
-805
-572
-429
-485
-661
-690
-483
-214
-81
-78
-153
-239
-179
89
344
391
205
-7
4
179
400
578
563
314
126
127
262
413
436
324
172
41
271
1245
2223
2184
1062
-71
-54
999
2015
2114
1242
-33
-904
-739
404
1359
1030
-409
-1922
-2364
-1374
126
704
-246
-1998
-3089
-2735
-1467
-403
-348
-1256
-2350
-2601
-1602
-203
394
19
-657
-875
-367
472
1137
1339
1089
903
1230
1855
2308
2276
1868
1587
1695
2061
2485
2504
1870
1211
891
985
1287
1310
964
311
-341
-676
-656
-400
-423
-872
-1286
-1561
-1624
-1374
-1110
-1117
-1396
-1709
-1744
-1478
-1188
-1107
-1210
-1268
-1254
-1046
-652
-483
-642
-797
-696
-368
2
100
-104
-327
-335
-61
411
792
695
347
50
97
453
861
1048
717
260
-26
100
487
650
539
186
-99
-303
21
2010
3712
3011
391
-1486
-414
2272
3602
2681
713
-1180
-1869
-778
1456
2537
889
-2062
-3888
-3371
-951
1336
1375
-1112
-4228
-5069
-3088
-652
212
-789
-2720
-4064
-3557
-1288
860
823
-792
-1853
-1456
-54
1252
1795
1529
745
489
1577
2956
3500
2986
1976
1626
2145
3166
3840
3476
2360
1535
1636
2054
2180
2095
1817
946
-135
-680
-548
-148
-237
-912
-1533
-1865
-2204
-2217
-1745
-1435
-1638
-2085
-2442
-2467
-2186
-1855
-1574
-1437
-1550
-1715
-1447
-985
-789
-663
-481
-357
-284
-168
-81
52
126
180
440
578
537
405
339
458
449
558
783
827
659
243
183
486
627
618
428
19
-122
-373
227
2638
3926
2602
-427
-1988
-60
2912
3790
2401
136
-1671
-1997
-567
2015
2816
561
-2696
-4379
-3268
-231
1971
1321
-1885
-5198
-5363
-2659
-120
401
-1081
-3377
-4601
-3573
-641
1674
1052
-1072
-2182
-1415
439
1895
2430
1986
833
634
2033
3675
4315
3519
2290
1973
2491
3525
4352
3854
2565
1668
1605
1952
2050
2049
1791
703
-606
-1217
-967
-365
-507
-1296
-1867
-2345
-2830
-2764
-2158
-1700
-1967
-2694
-3011
-2955
-2718
-2339
-1962
-1588
-1629
-1942
-1771
-1276
-935
-555
-225
-83
-164
-338
-262
-1
345
714
951
845
323
34
358
749
944
898
830
690
267
152
485
960
884
433
-90
-399
-232
-54
1220
3429
4042
2068
-865
-1508
1197
4100
4240
2253
-39
-1323
-1125
672
3084
3220
331
-3040
-4070
-2121
859
2173
646
-2835
-5580
-5113
-2285
-134
-364
-2424
-4601
-5263
-3676
-733
839
-337
-2459
-3121
-1779
240
1519
1767
1053
-63
235
2260
4183
4471
3204
1977
2044
3105
4512
5415
4633
2656
1478
1836
2839
3224
2818
1855
441
-718
-948
-319
198
-486
-1758
-2398
-2615
-2641
-2323
-1938
-1978
-2670
-3301
-3160
-2745
-2454
-2357
-2227
-1967
-2015
-2072
-1571
-1065
-927
-670
-328
-14
13
-214
-119
254
660
1082
1278
1040
547
305
738
1317
1482
1401
1057
533
287
483
1119
1458
878
169
-267
-474
-340
-32
1010
2902
3468
1701
-906
-1686
609
3417
3744
1895
-371
-1789
-1610
50
2279
2720
56
-3412
-4577
-2869
93
1709
554
-2589
-5530
-5546
-2714
-194
-84
-2121
-4527
-5231
-3655
-808
1095
197
-2063
-2944
-1685
585
2121
2277
1410
304
578
2657
4738
5189
3891
2407
2350
3574
5250
6303
5368
3083
1668
2065
3411
4003
3286
1953
488
-693
-916
-236
231
-559
-2015
-2830
-2909
-2706
-2445
-2337
-2507
-3130
-3675
-3443
-2931
-2792
-2878
-2764
-2398
-2240
-2193
-1818
-1409
-1227
-953
-468
-34
-73
-514
-592
-56
575
1013
1038
581
-42
-207
391
1169
1366
1014
496
-92
-173
367
1148
1479
800
-221
-726
-494
294
758
585
622
1711
2933
2587
703
-378
881
2845
3471
2456
976
-181
-710
58
1886
2712
1015
-1809
-3383
-2666
-515
1225
990
-1558
-4540
-5237
-3273
-970
-476
-1796
-3637
-4750
-4107
-1802
266
203
-1549
-2601
-1752
14
1325
1720
1435
905
1007
2333
4028
4573
3826
2825
2657
3631
4929
5689
4828
2818
1696
2078
3138
3384
2554
1388
184
-872
-1160
-627
-290
-1075
-2441
-3093
-3025
-2797
-2604
-2494
-2707
-3283
-3653
-3372
-2817
-2635
-2732
-2661
-2334
-2093
-1767
-1278
-1022
-958
-726
-176
311
270
-53
21
472
928
1298
1370
992
427
261
687
1296
1514
1099
416
-99
-110
448
1088
1177
394
-316
-492
-196
403
461
140
-282
-575
518
3023
4099
2400
-574
-1384
1262
4027
4218
2202
-168
-1425
-1081
803
3004
2717
-587
-3937
-4527
-2107
1069
2083
-82
-3932
-6593
-5554
-2015
302
-408
-3176
-5557
-5588
-3160
109
1598
-8
-2502
-3080
-1254
1295
2764
2737
1853
1287
1563
3047
4610
4923
4241
3409
3430
4153
4571
4634
3846
2636
2501
2598
2246
1630
892
751
722
-186
-1447
-2245
-2267
-2018
-1837
-1677
-2194
-3318
-4047
-3668
-2374
-1500
-1953
-3143
-3993
-3784
-2539
-890
-119
-925
-2204
-2469
-1292
439
1367
952
-169
-1098
-901
530
1954
2093
919
-371
-786
-15
1214
1893
1596
303
-876
-961
49
1104
1120
373
-701
-1222
-748
103
534
201
-257
-310
997
2577
2782
1609
-49
-157
1573
3141
3037
1650
41
-674
-269
987
2166
1570
-748
-2907
-3125
-1214
874
962
-1051
-3762
-5030
-3843
-1597
-455
-1300
-3199
-4523
-4002
-1845
344
777
-607
-1951
-1693
26
1860
2656
2426
1731
1372
2257
4012
5200
5093
4117
3318
3520
4121
4717
4881
4011
2717
1825
1714
1951
1811
1321
588
-534
-1635
-2279
-2191
-1775
-1770
-2245
-2962
-3672
-4017
-3663
-2935
-2534
-2731
-3184
-3595
-3599
-3123
-2313
-1388
-1188
-1685
-2018
-1634
-817
-56
385
457
211
-276
-415
129
1018
1546
1223
466
-85
-168
402
1156
1213
687
93
-352
-205
342
685
752
209
-434
-547
-95
408
506
418
486
1680
2975
3000
1706
167
499
2305
3670
3505
1946
178
-633
-173
1499
2810
1934
-516
-2763
-3045
-1222
778
1135
-785
-3769
-5148
-4004
-1831
-727
-1531
-3227
-4399
-4114
-2319
-278
230
-912
-2074
-1795
-166
1441
1983
1641
1070
1111
2344
3935
4783
4444
3322
2726
3200
4244
5012
4532
3027
1731
1502
1997
2240
1856
1006
-69
-1090
-1684
-1608
-1233
-1333
-2064
-2837
-3207
-3182
-3016
-2823
-2648
-2763
-3024
-3138
-2958
-2547
-2222
-2036
-1861
-1654
-1396
-954
-507
-270
-163
24
341
540
531
506
648
886
968
898
804
605
458
526
756
825
616
297
41
48
148
159
164
-143
-473
-489
-238
25
105
285
988
2306
2706
1830
482
177
1422
2810
3101
2222
857
-320
-434
554
1927
2041
299
-1859
-2750
-1851
-89
778
-227
-2478
-4363
-4230
-2610
-1279
-1321
-2514
-3742
-3900
-2818
-1197
-278
-749
-1513
-1472
-518
728
1502
1594
1373
1235
2008
3511
4437
4351
3583
3102
3425
4166
4921
4999
3929
2475
1758
2052
2583
2425
1660
633
-465
-1265
-1491
-1212
-1137
-1679
-2415
-2942
-3119
-3053
-2902
-2779
-2859
-3124
-3204
-3006
-2690
-2417
-2270
-2142
-2038
-1733
-1172
-667
-529
-597
-434
6
425
492
394
347
315
432
669
836
686
325
138
157
368
492
390
193
-151
-298
-140
88
85
-191
-486
-467
-311
-5
490
1365
2662
2860
1751
340
238
1846
3510
3624
2372
762
-264
17
1300
2674
2424
236
-2096
-2718
-1333
654
1285
-228
-2833
-4680
-4295
-2234
-738
-1077
-2768
-4434
-4535
-2890
-732
282
-580
-2087
-2358
-1067
824
2073
2051
1257
639
1312
3137
4736
4924
3834
2707
2608
3602
4967
5455
4405
2583
1379
1544
2302
2604
2139
995
-468
-1590
-1762
-1186
-859
-1471
-2489
-3190
-3340
-3171
-2875
-2599
-2727
-3175
-3470
-3275
-2829
-2397
-2166
-2008
-1894
-1814
-1443
-924
-573
-385
-148
146
396
341
214
246
359
567
797
851
565
178
-38
120
431
568
446
111
-226
-364
-103
258
247
-176
-652
-710
-394
236
907
1983
2891
2413
1158
238
1047
2976
3953
3254
1794
517
249
1000
2142
2866
1877
-404
-2150
-2092
-455
1165
1022
-928
-3468
-4620
-3618
-1735
-808
-1696
-3521
-4854
-4532
-2690
-657
-180
-1354
-2672
-2664
-1137
708
1862
1838
928
357
1213
3105
4568
4575
3628
2831
2937
3818
4897
5147
4111
2647
1820
2033
2395
2300
1796
905
-239
-1173
-1448
-1173
-1111
-1730
-2448
-2902
-3121
-3143
-2987
-2726
-2605
-2911
-3199
-3110
-2886
-2457
-2023
-1671
-1546
-1621
-1511
-1009
-404
49
408
492
350
233
404
810
1031
914
794
665
508
391
425
586
403
160
-39
-64
-20
-158
-197
-266
-457
-743
-754
-605
-453
-179
288
1608
2652
2307
908
-146
706
2650
3711
3105
1672
295
-125
606
2073
3051
1940
-636
-2566
-2342
-338
1423
1204
-998
-3782
-4916
-3679
-1527
-471
-1434
-3490
-4910
-4479
-2409
-256
150
-1179
-2519
-2436
-865
1064
2176
2030
1093
641
1725
3705
4922
4699
3687
3006
3289
4264
5294
5352
4065
2489
1911
2412
2905
2650
1706
462
-725
-1371
-1236
-831
-1103
-2105
-3037
-3406
-3274
-2993
-2877
-2945
-3242
-3649
-3586
-3177
-2778
-2450
-2328
-2186
-1973
-1733
-1274
-761
-477
-247
13
239
363
384
513
757
813
775
683
587
487
380
425
428
240
22
-59
-143
-177
-280
-307
-223
-430
-746
-866
-746
-563
-286
-10
930
2365
2775
1989
542
290
1838
3523
3895
2990
1410
249
324
1542
3149
3142
1050
-1433
-2374
-1208
884
1841
592
-2185
-4471
-4391
-2476
-783
-819
-2508
-4425
-5019
-3685
-1294
116
-593
-2277
-2997
-1923
178
1786
2096
1281
359
801
2701
4587
5026
4093
2888
2661
3552
4902
5595
4686
2787
1466
1581
2405
2823
2281
952
-696
-1916
-1985
-1167
-720
-1410
-2704
-3703
-3940
-3560
-2876
-2442
-2655
-3454
-3957
-3651
-2913
-2198
-1814
-1761
-1949
-2003
-1579
-661
85
272
206
213
352
475
718
1049
1227
1078
767
556
525
631
710
749
579
275
108
-21
-177
-215
-173
-100
-228
-690
-962
-872
-653
-180
481
1616
2599
2259
980
130
753
2451
3571
3285
2138
667
-55
589
2119
3147
2250
-140
-2053
-2150
-613
1175
1366
-534
-3292
-4781
-3909
-1860
-717
-1394
-3305
-4897
-4781
-2915
-728
-104
-1272
-2668
-2715
-1231
739
1968
1901
898
359
1477
3633
5123
4868
3482
2520
2826
4143
5544
5675
4204
2283
1392
1993
3005
3184
2258
596
-1081
-1846
-1461
-610
-520
-1593
-2929
-3685
-3658
-3182
-2688
-2543
-2929
-3588
-3754
-3244
-2585
-2171
-2110
-2077
-1924
-1595
-1025
-408
-141
-100
41
370
736
818
762
709
701
805
1006
1007
729
375
192
269
345
318
185
-122
-554
-793
-651
-398
-365
-779
-1206
-1342
-1195
-611
326
1666
2453
1937
582
-147
730
2505
3571
3206
1912
453
-55
731
2368
3310
2228
-228
-2093
-1966
-165
1631
1579
-489
-3228
-4501
-3445
-1352
-210
-1019
-3087
-4692
-4414
-2380
-169
326
-947
-2419
-2479
-906
1107
2328
2168
1071
538
1652
3831
5410
5116
3630
2492
2608
3970
5356
5449
3963
1901
963
1523
2506
2793
1918
278
-1362
-2226
-1888
-1020
-877
-1768
-3037
-3832
-3870
-3442
-2945
-2761
-3066
-3576
-3666
-3294
-2849
-2537
-2297
-2015
-1742
-1532
-1198
-733
-450
-239
101
530
784
648
393
451
731
1029
1184
1014
599
290
287
497
617
483
275
-55
-426
-600
-426
-235
-279
-599
-937
-800
-40
1567
2940
2727
1020
-418
-28
1881
3454
3543
2363
589
-473
-26
1766
3296
2850
533
-1776
-2329
-789
1449
2192
494
-2537
-4457
-3922
-1815
-216
-372
-2128
-4065
-4496
-2910
-627
290
-693
-2145
-2469
-1414
266
1564
1818
1132
539
1205
2996
4467
4484
3367
2363
2408
3472
4656
4904
3734
2017
1084
1429
2415
2896
2213
576
-1117
-1799
-1202
-311
-345
-1495
-2854
-3506
-3316
-2706
-2264
-2445
-3265
-4071
-3996
-3138
-2298
-2170
-2644
-2960
-2690
-1870
-886
-338
-469
-841
-862
-200
761
1359
1326
745
211
309
1050
1819
1882
1271
596
362
615
1013
1268
1084
406
-314
-609
-451
-63
-24
-289
-461
-96
1232
2386
2179
685
-590
-281
1314
2481
2488
1373
-289
-1195
-606
1192
2441
1643
-616
-2311
-2236
-517
1347
1600
-140
-2704
-3992
-3095
-1213
-92
-506
-2096
-3443
-3376
-1800
7
404
-695
-1876
-1914
-715
862
1777
1588
693
392
1541
3479
4520
3909
2506
1772
2409
3890
4992
4678
3007
1315
978
1971
3103
3195
2060
327
-1057
-1283
-426
443
155
-1266
-2720
-3229
-2796
-2046
-1755
-2247
-3251
-3980
-3779
-2961
-2319
-2360
-2829
-3191
-3023
-2221
-1183
-630
-890
-1460
-1447
-603
400
973
883
361
-57
38
754
1621
1853
1341
619
245
509
1151
1591
1390
608
-232
-546
-310
29
41
-314
-610
83
1681
2653
1866
-81
-1105
-191
1475
2415
2251
914
-888
-1893
-970
1372
2686
1447
-1190
-2997
-2593
-241
2103
2437
78
-3137
-4407
-2885
-283
1195
506
-1670
-3502
-3342
-1050
1258
1547
-41
-1606
-1760
-511
1147
2175
1934
738
242
1419
3363
4244
3455
2001
1351
1985
3426
4568
4185
2427
786
616
1711
2818
2896
1845
162
-1251
-1385
-308
585
99
-1363
-2604
-2913
-2578
-2129
-1890
-2266
-3229
-3928
-3709
-2912
-2412
-2686
-3209
-3411
-3068
-2245
-1385
-1145
-1537
-1947
-1643
-640
304
716
549
60
-214
238
1208
2025
1998
1381
946
907
1236
1708
1943
1743
1086
338
187
431
523
450
476
1300
2493
2672
1462
-112
-715
215
1585
2187
1716
84
-1712
-2227
-1019
852
1511
104
-2090
-3329
-2694
-523
1277
1105
-971
-3154
-3654
-2426
-750
239
-106
-1461
-2499
-2047
-279
1041
842
-156
-731
-410
544
1497
1863
1275
424
750
2367
3844
3762
2241
804
703
1987
3729
4433
3329
1262
-46
446
2084
3332
3200
1655
-375
-1467
-919
607
1444
690
-975
-2323
-2618
-1947
-1097
-928
-1838
-3211
-3782
-3224
-2344
-2009
-2413
-3092
-3474
-3277
-2420
-1391
-1087
-1658
-2322
-2254
-1304
-169
448
452
-45
-494
-282
580
1569
2023
1744
1180
824
923
1473
1956
1932
1348
732
492
501
585
1028
2292
3518
3280
1317
-652
-948
415
1889
2423
1563
-532
-2629
-3111
-1443
665
1058
-648
-2982
-4359
-3629
-1194
991
795
-1797
-4197
-4224
-2288
-301
514
-253
-1875
-2877
-1833
731
2395
1758
40
-798
-165
1404
2816
3246
2205
710
602
2364
4269
4546
3102
1263
437
1173
3043
4421
3845
1600
-261
-285
1230
2910
3503
2419
159
-1635
-1463
363
1750
1386
-286
-1879
-2490
-1969
-882
-265
-968
-2552
-3577
-3375
-2491
-1933
-2031
-2623
-3309
-3586
-3062
-2132
-1646
-1909
-2423
-2504
-2063
-1372
-817
-600
-747
-864
-558
78
621
827
778
770
951
1180
1508
1659
1430
1069
926
1090
1285
1251
1660
2995
4024
3467
1473
-127
84
1377
2248
2257
1203
-632
-2237
-2379
-834
678
329
-1649
-3690
-4336
-2979
-641
725
-353
-2955
-4613
-3969
-1951
-185
264
-725
-2308
-2756
-1010
1498
2504
1477
92
-52
1033
2445
3460
3333
2084
1134
1786
3717
4930
4172
2254
822
774
2126
3751
4099
2531
126
-1074
-230
1608
2851
2608
938
-1072
-1976
-1051
761
1608
715
-1029
-2269
-2337
-1510
-567
-336
-1194
-2517
-3241
-2989
-2322
-1976
-2115
-2544
-3007
-3156
-2768
-2164
-1939
-2202
-2392
-2187
-1813
-1541
-1361
-1173
-1094
-1057
-749
-198
202
337
358
588
897
1119
1331
1442
1320
1193
1237
1391
1519
1910
3249
4736
4705
2768
700
362
1686
2973
3252
2324
421
-1526
-2146
-883
806
941
-895
-3282
-4537
-3661
-1356
389
-332
-3032
-5071
-4689
-2639
-807
-368
-1405
-3006
-3625
-2003
789
2237
1343
-357
-869
268
2144
3631
3835
2555
1140
1332
3291
5117
5058
3237
1252
577
1641
3529
4480
3309
769
-1016
-773
934
2548
2846
1477
-739
-2222
-1727
154
1498
1095
-501
-1959
-2380
-1757
-685
-88
-640
-1936
-2838
-2715
-2020
-1570
-1697
-2149
-2584
-2666
-2303
-1800
-1715
-2108
-2422
-2142
-1476
-1001
-992
-1248
-1427
-1355
-913
-312
76
53
-73
30
361
659
830
908
894
916
1035
1234
1541
2497
4013
4873
3834
1644
404
1143
2686
3536
3141
1555
-579
-2006
-1509
361
1569
651
-1847
-4244
-4730
-2830
-137
663
-1499
-4581
-5798
-4562
-2304
-569
-353
-1824
-3825
-4067
-1765
1060
1949
788
-636
-861
302
2250
3794
3710
2316
1403
2284
4167
5243
4678
3061
1519
1248
2576
4310
4624
2930
631
-453
149
1667
2910
2793
1087
-1106
-2070
-1138
538
1318
712
-684
-1941
-2363
-1780
-726
-212
-812
-1986
-2768
-2757
-2275
-1865
-1792
-2069
-2483
-2632
-2362
-1978
-1888
-2113
-2206
-1929
-1508
-1177
-1075
-1166
-1272
-1211
-804
-261
-15
-82
-184
-114
144
381
496
518
404
317
591
1624
3359
4661
4137
1948
-6
165
2158
3932
3994
2317
-6
-1590
-1483
135
1807
1811
-101
-2735
-4184
-3220
-605
1217
269
-2724
-4937
-4698
-2898
-1174
-535
-1072
-2394
-3354
-2741
-884
525
560
-174
-521
-22
1012
2027
2313
1825
1532
2348
3791
4538
3929
2645
1701
1756
2847
4188
4453
3102
1183
275
868
2137
3030
2897
1672
-43
-1068
-723
459
1209
822
-359
-1458
-1890
-1607
-1081
-877
-1211
-1826
-2269
-2360
-2281
-2290
-2470
-2694
-2691
-2408
-2056
-2008
-2328
-2672
-2587
-2035
-1388
-1022
-1048
-1332
-1588
-1457
-803
48
448
232
-171
-254
87
559
939
1199
1106
563
-38
179
1892
4162
4960
3307
386
-1211
-165
2329
4061
3533
1119
-1319
-2162
-1020
1008
2147
1462
-795
-3142
-3658
-1798
834
1661
-355
-3299
-4490
-3204
-971
125
-531
-1971
-2832
-2321
-906
137
97
-719
-1293
-840
431
1703
1994
1051
-22
165
1910
3963
4485
2995
749
-358
753
3188
4863
4396
2178
126
-173
1217
3098
4043
3367
1538
-231
-661
481
1954
2304
1168
-514
-1450
-1247
-493
-79
-515
-1501
-2237
-2291
-1921
-1772
-2163
-2812
-3222
-3132
-2627
-2154
-2172
-2657
-3073
-2882
-2116
-1359
-1099
-1334
-1707
-1737
-1208
-335
354
433
48
-262
-122
484
1188
1525
1294
718
348
574
1365
2526
3541
3591
2269
319
-676
111
1753
2662
1991
193
-1407
-1719
-624
832
1256
293
-1205
-2086
-1779
-642
461
639
-364
-1761
-2396
-1871
-818
-187
-319
-869
-1252
-1093
-571
-266
-497
-895
-820
-185
442
543
127
-359
-381
334
1485
2241
1955
893
14
96
1114
2347
2945
2508
1445
684
862
1823
2853
3298
2970
2137
1352
1107
1483
2071
2315
1967
1215
464
22
-83
8
62
-152
-667
-1294
-1772
-2024
-2200
-2403
-2583
-2718
-2885
-3168
-3487
-3623
-3455
-3032
-2565
-2279
-2237
-2315
-2312
-2037
-1455
-768
-278
-153
-230
-166
186
689
1110
1299
1269
1134
1068
1207
1446
1559
1451
1203
996
964
1112
1298
1239
789
179
-201
-161
161
437
403
19
-436
-562
-267
139
318
233
71
10
174
532
795
649
171
-161
-45
294
442
236
-200
-590
-671
-317
196
319
-149
-823
-1124
-846
-277
120
15
-572
-1173
-1199
-554
238
557
288
-183
-372
-7
790
1516
1692
1378
1118
1316
1829
2270
2434
2344
2091
1866
1830
1900
1832
1550
1238
1047
899
660
287
-224
-773
-1140
-1226
-1246
-1533
-2128
-2743
-3086
-3080
-2819
-2532
-2456
-2636
-2869
-2914
-2700
-2308
-1841
-1423
-1183
-1113
-1028
-758
-358
-10
221
419
649
876
1022
1074
1073
1094
1199
1362
1447
1362
1146
897
710
689
867
1078
1020
596
89
-139
11
335
570
533
201
-207
-336
-48
393
617
523
256
28
16
298
712
900
676
276
41
51
173
313
415
328
-47
-528
-809
-767
-562
-417
-472
-771
-1192
-1458
-1353
-970
-632
-548
-675
-817
-793
-537
-130
224
370
377
417
588
868
1171
1424
1568
1600
1605
1645
1697
1714
1707
1697
1632
1453
1190
923
675
436
230
51
-183
-566
-1066
-1484
-1669
-1674
-1654
-1712
-1807
-1873
-1931
-1962
-1857
-1595
-1297
-1116
-1071
-1046
-950
-754
-464
-194
-64
-3
124
329
468
460
417
446
518
607
728
816
780
606
414
347
404
516
574
456
177
-85
-150
-15
138
170
81
-86
-262
-334
-228
4
201
240
162
88
94
195
353
498
559
473
287
158
166
239
245
119
-54
-184
-279
-364
-448
-516
-568
-641
-723
-735
-665
-571
-533
-556
-532
-419
-281
-147
-18
100
186
259
402
639
893
1113
1267
1306
1248
1202
1281
1442
1531
1493
1378
1220
1041
891
821
777
649
391
47
-307
-595
-746
-769
-788
-927
-1170
-1396
-1500
-1463
-1325
-1165
-1098
-1155
-1260
-1302
-1242
-1094
-872
-626
-474
-487
-605
-654
-542
-320
-90
79
154
118
26
13
169
405
550
551
482
427
424
465
504
473
353
253
262
313
295
208
130
89
48
33
88
152
147
93
99
193
289
315
274
213
169
181
239
258
160
-15
-131
-125
-63
-43
-108
-236
-378
-469
-458
-335
-188
-128
-201
-339
-398
-304
-124
20
48
-9
-67
-77
-7
168
420
662
778
750
702
749
903
1057
1110
1073
996
908
815
722
656
612
555
449
265
34
-178
-328
-415
-480
-558
-663
-800
-944
-1039
-1036
-932
-823
-817
-938
-1094
-1143
-1049
-895
-783
-758
-797
-849
-862
-803
-660
-465
-285
-191
-197
-223
-149
57
311
501
561
522
478
531
707
907
976
850
625
478
495
615
713
717
628
482
335
261
305
418
485
433
308
211
175
160
128
92
80
67
-11
-175
-359
-460
-434
-337
-282
-361
-572
-802
-891
-758
-494
-296
-315
-508
-693
-703
-513
-253
-107
-165
-339
-438
-360
-167
10
95
118
129
176
289
448
586
638
634
668
777
892
909
806
668
619
704
832
857
704
435
202
125
199
302
284
104
-150
-329
-332
-191
-42
-35
-211
-458
-576
-474
-290
-239
-396
-630
-760
-738
-644
-561
-514
-500
-524
-568
-568
-479
-318
-161
-75
-64
-91
-97
-43
75
232
354
380
297
166
100
166
315
414
365
210
94
116
241
352
359
267
142
48
23
59
114
126
49
-98
-251
-335
-336
-300
-289
-332
-404
-472
-522
-544
-518
-421
-278
-179
-185
-268
-320
-260
-113
39
122
117
45
-52
-98
-26
142
307
363
302
216
210
325
504
649
682
617
559
594
698
767
727
616
529
507
528
535
492
393
265
162
132
162
181
137
46
-31
-46
-17
3
-26
-97
-173
-219
-228
-234
-291
-422
-582
-687
-688
-623
-583
-623
-743
-872
-924
-858
-675
-478
-398
-468
-599
-622
-462
-203
6
71
18
-61
-83
-15
125
291
393
367
251
169
235
414
558
571
475
374
330
337
373
409
403
321
180
57
2
-3
-15
-61
-122
-175
-223
-269
-309
-326
-325
-300
-254
-214
-200
-228
-267
-263
-201
-116
-46
-5
9
-11
-59
-80
-19
111
239
294
268
211
169
181
264
390
487
487
393
284
241
281
359
409
382
284
163
90
99
161
199
158
47
-58
-72
10
112
138
66
-43
-99
-68
15
78
64
-39
-184
-300
-340
-299
-235
-221
-305
-473
-634
-687
-603
-448
-342
-369
-508
-647
-657
-519
-324
-194
-199
-272
-322
-299
-196
-49
99
191
197
145
126
224
406
573
649
633
592
566
565
598
653
705
691
576
409
281
242
262
265
213
99
-56
-217
-329
-356
-325
-317
-390
-517
-624
-668
-633
-558
-503
-505
-562
-605
-563
-454
-354
-324
-337
-310
-209
-66
58
124
141
145
187
285
415
513
516
435
351
347
436
530
549
468
343
260
261
329
392
379
276
152
103
168
289
364
339
251
188
205
277
350
375
338
266
198
159
148
137
95
17
-73
-152
-215
-267
-321
-393
-491
-590
-660
-680
-674
-688
-733
-788
-824
-822
-782
-714
-629
-568
-547
-540
-510
-429
-297
-145
-4
98
150
177
225
322
444
545
596
603
591
575
563
557
548
521
466
397
330
272
206
120
19
-74
-145
-192
-235
-288
-347
-400
-430
-435
-428
-422
-418
-395
-342
-278
-222
-180
-133
-59
45
157
251
307
319
318
346
422
511
550
517
446
386
363
368
386
387
346
258
163
108
110
134
124
71
16
4
34
67
68
40
25
50
103
150
165
153
138
134
143
163
183
181
139
62
-16
-69
-92
-115
-181
-301
-447
-553
-590
-595
-635
-737
-856
-934
-947
-904
-834
-769
-743
-769
-809
-773
-620
-402
-213
-111
-73
-42
36
175
355
532
651
696
701
713
744
784
815
830
826
789
717
634
556
475
378
271
189
139
71
-48
-189
-291
-317
-301
-301
-342
-404
-445
-443
-399
-329
-261
-227
-226
-217
-163
-53
69
147
167
155
154
187
246
311
350
332
258
174
136
156
199
205
150
56
-40
-97
-101
-71
-43
-47
-95
-157
-195
-179
-114
-34
19
28
16
17
54
124
203
267
295
284
256
244
260
290
306
282
215
113
4
-78
-122
-147
-194
-293
-428
-556
-631
-653
-649
-656
-685
-727
-759
-762
-721
-635
-535
-450
-389
-329
-240
-126
-3
111
218
326
424
500
553
593
637
687
734
766
766
725
646
557
496
473
466
422
312
152
4
-78
-87
-71
-90
-174
-296
-404
-450
-424
-355
-302
-308
-362
-417
-418
-353
-259
-178
-142
-142
-155
-154
-120
-58
15
68
77
53
25
26
56
95
124
127
102
58
18
14
51
106
136
123
82
48
60
114
190
250
270
257
228
216
254
331
409
445
420
364
315
303
324
351
352
310
227
129
49
-2
-39
-86
-156
-241
-327
-399
-461
-522
-578
-622
-645
-650
-640
-631
-629
-631
-622
-578
-493
-391
-306
-259
-242
-216
-152
-54
48
120
148
143
138
171
233
303
334
306
257
225
241
290
319
304
241
169
129
142
185
210
182
106
29
-3
16
58
75
39
-32
-91
-105
-69
-26
-20
-63
-127
-161
-138
-78
-31
-28
-67
-112
-119
-71
5
64
80
57
29
34
78
137
181
191
181
178
186
208
229
237
242
242
244
248
238
220
200
185
183
184
177
152
113
73
45
35
26
8
-22
-63
-107
-143
-173
-191
-214
-235
-254
-278
-300
-330
-355
-363
-361
-346
-325
-321
-329
-347
-357
-335
-282
-221
-178
-177
-197
-208
-178
-112
-43
3
11
-2
-7
15
67
121
160
172
172
184
204
225
239
241
246
261
282
298
289
265
244
231
239
249
242
217
171
124
97
94
103
102
79
35
-9
-34
-39
-34
-38
-57
-86
-114
-131
-129
-115
-98
-93
-99
-111
-120
-117
-105
-87
-68
-58
-55
-56
-54
-42
-18
8
31
38
32
18
12
20
37
58
69
65
49
31
19
19
23
27
20
6
-14
-32
-41
-41
-35
-32
-34
-43
-54
-67
-73
-75
-71
-68
-68
-69
-75
-80
-77
-68
-55
-46
-45
-52
-61
-62
-53
-40
-28
-26
-30
-35
-33
-21
-7
4
6
7
13
26
44
62
76
81
82
85
97
120
146
164
165
153
141
140
156
180
192
179
147
108
84
85
102
108
88
38
-20
-59
-68
-56
-48
-65
-107
-155
-187
-188
-168
-147
-145
-165
-190
-199
-184
-151
-117
-102
-100
-104
-97
-75
-41
-8
17
28
30
34
45
61
79
94
102
109
110
107
98
91
92
93
100
102
93
78
56
41
35
39
49
52
45
28
8
-6
-6
5
15
17
6
-11
-29
-37
-31
-21
-18
-27
-44
-64
-74
-73
-66
-64
-70
-83
-95
-100
-100
-93
-87
-86
-85
-88
-88
-81
-71
-60
-53
-46
-38
-30
-17
-3
13
30
45
57
64
70
79
93
108
117
120
115
106
99
101
106
107
99
80
57
41
34
32
32
23
7
-17
-34
-42
-39
-34
-35
-42
-53
-63
-65
-57
-46
-36
-33
-37
-40
-37
-25
-9
4
12
11
7
7
14
28
42
48
46
39
29
26
28
35
41
40
30
18
5
0
2
7
10
3
-10
-25
-32
-29
-22
-14
-14
-23
-35
-45
-40
-31
-23
-20
-24
-35
-41
-41
-35
-31
-34
-41
-49
-51
-48
-43
-44
-54
-62
-66
-59
-50
-41
-40
-44
-48
-46
-37
-21
-5
4
8
12
16
24
37
54
69
81
88
92
93
95
103
111
118
121
119
111
102
92
85
82
78
69
57
43
28
11
-2
-10
-17
-24
-34
-46
-57
-66
-68
-70
-70
-71
-74
-74
-69
-64
-58
-53
-49
-42
-36
-26
-17
-13
-7
-3
1
6
10
13
13
13
13
14
15
13
7
2
-1
-2
-4
-6
-7
-12
-15
-17
-17
-17
-16
-18
-17
-13
-8
-5
-3
-6
-6
-2
2
8
9
7
3
-1
-2
1
6
5
-1
-9
-12
-13
-8
-7
-8
-12
-18
-17
-14
-9
-3
-1
-1
1
1
7
12
14
18
22
29
30
30
30
29
29
32
38
41
39
34
26
21
18
21
23
21
14
5
-5
-10
-11
-10
-11
-15
-22
-31
-37
-39
-36
-32
-32
-32
-35
-38
-37
-30
-25
-20
-17
-16
-14
-11
-7
-1
3
9
13
15
16
16
18
22
29
32
33
29
25
22
23
26
28
25
20
15
14
16
18
19
15
8
3
3
5
6
8
4
-4
-12
-13
-9
-8
-6
-8
-15
-22
-25
-25
-19
-19
-22
-24
-28
-30
-29
-27
-26
-28
-30
-30
-28
-25
-21
-21
-19
-18
-17
-15
-11
-6
-2
1
4
5
7
10
12
16
23
27
28
29
26
24
24
28
35
36
32
26
21
19
20
25
26
21
13
5
2
4
8
11
11
5
0
-2
-1
5
9
8
6
4
3
3
3
2
3
5
8
7
4
0
-3
-4
-2
3
5
1
-4
-9
-13
-8
-3
0
-1
-7
-16
-18
-14
-8
-4
-9
-17
-25
-25
-20
-16
-14
-19
-27
-34
-37
-32
-26
-24
-25
-33
-37
-36
-31
-26
-23
-24
-27
-27
-24
-18
-12
-8
-7
-8
-6
-3
0
5
8
7
7
8
11
16
20
24
24
25
24
24
27
29
36
41
43
43
37
33
33
35
39
38
35
29
23
20
21
24
24
19
12
8
3
3
3
3
1
-5
-9
-13
-14
-13
-11
-12
-12
-14
-18
-19
-19
-20
-18
-18
-17
-17
-19
-20
-20
-21
-19
-15
-13
-13
-14
-16
-15
-11
-10
-8
-7
-6
-7
-8
-3
1
3
3
-1
-3
-4
-1
3
3
5
2
-2
-3
-1
2
2
1
0
-3
-2
-1
-1
-1
-2
-3
-1
-1
0
2
3
4
2
3
4
5
6
7
9
8
8
9
10
13
13
11
11
12
12
13
13
13
14
12
11
12
9
10
9
9
9
6
6
5
2
1
1
3
1
-2
-4
-6
-4
-4
-5
-7
-9
-10
-9
-7
-6
-6
-7
-8
-8
-8
-7
-8
-9
-10
-9
-7
-8
-8
-10
-9
-6
-6
-5
-5
-5
-7
-7
-5
-1
1
0
0
2
2
4
7
8
7
5
6
9
10
10
11
14
12
10
9
9
11
9
5
5
1
-2
-5
-4
-5
-8
-11
-13
-16
-17
-19
-21
-19
-20
-19
-20
-23
-21
-19
-16
-12
-8
-5
-4
-2
2
6
8
12
15
18
24
29
33
35
30
31
32
38
48
45
35
23
13
19
22
16
5
5
10
6
6
7
9
8
3
-4
-12
-17
-16
-9
11
31
31
13
-7
5
29
42
52
57
60
44
27
44
62
50
106
374
618
397
-300
-906
-910
-516
-149
-13
-113
-342
-468
-363
-122
10
-24
-72
-34
131
422
607
436
-132
-711
-779
-261
468
709
488
234
248
537
679
432
-59
-449
-377
63
553
752
326
-300
-699
-699
-279
220
478
248
-183
-181
87
37
-427
-880
-878
-667
-456
-153
22
-133
-565
-848
-773
-619
-415
-74
277
440
378
303
229
76
73
358
765
951
850
733
646
485
325
313
457
614
738
864
800
404
-131
-463
-415
-120
159
249
70
-266
-537
-613
-489
-305
-195
-175
-202
-203
-183
-231
-364
-463
-376
-75
272
421
266
-91
-397
-446
-240
78
296
272
57
-195
-325
-290
-197
-120
-97
-109
-125
-164
-205
-240
-286
-301
-228
-39
169
250
191
47
-97
-132
-15
213
394
418
319
176
71
41
79
140
158
144
123
82
5
-115
-229
-298
-292
-196
-71
-13
-60
-174
-278
-311
-251
-130
-7
76
91
40
-13
2
88
196
292
352
361
325
287
270
277
310
349
349
289
206
141
84
30
7
2
-27
-91
-146
-156
-149
-147
-148
-151
-131
-86
-50
-69
-132
-175
-167
-113
-37
41
92
95
46
-33
-91
-88
-38
12
23
-7
-54
-115
-184
-236
-245
-221
-186
-141
-96
-92
-154
-234
-258
-212
-135
-52
16
33
-5
-23
29
97
126
140
183
237
272
310
357
363
291
179
115
155
258
325
294
211
127
42
-41
-91
-104
-127
-169
-178
-147
-139
-181
-227
-235
-234
-233
-192
-120
-67
-59
-58
-58
-87
-114
-77
16
92
116
112
94
64
45
30
-13
-65
-58
27
107
111
55
-17
-93
-156
-148
-55
46
88
72
46
39
29
-1
-19
16
108
183
194
158
95
21
-27
-6
70
128
141
116
59
1
-25
-7
13
6
-3
8
6
-35
-92
-131
-148
-153
-145
-127
-107
-86
-72
-76
-100
-109
-71
7
78
102
81
30
-15
-28
7
71
121
140
127
102
93
94
60
-10
-53
-19
62
119
126
89
24
-45
-74
-50
-2
30
29
-3
-51
-85
-86
-84
-111
-134
-105
-41
4
1
-43
-120
-204
-235
-199
-139
-101
-84
-84
-117
-161
-173
-164
-146
-111
-48
20
57
74
86
86
75
88
125
160
175
177
162
130
118
142
176
188
194
207
215
209
206
210
205
189
169
141
95
56
51
71
88
96
88
56
5
-42
-68
-86
-98
-96
-94
-115
-149
-169
-177
-191
-207
-200
-172
-157
-166
-177
-177
-161
-135
-114
-113
-127
-123
-94
-53
-19
9
27
23
-6
-26
-25
-9
5
17
31
39
38
39
36
24
11
13
25
28
27
20
5
-14
-23
-12
-1
5
4
6
8
7
15
30
50
66
66
45
18
5
7
8
4
17
36
38
18
7
18
32
40
42
43
43
42
30
4
-17
-16
2
20
34
51
60
51
30
13
10
14
22
30
32
21
-1
-27
-56
-76
-72
-47
-15
12
25
21
9
-6
-23
-37
-38
-18
7
12
4
-6
-12
-24
-35
-33
-19
-5
-1
-10
-30
-51
-62
-64
-62
-51
-34
-14
-10
-15
-14
-2
7
11
11
9
8
10
19
29
35
36
31
23
5
-8
0
23
45
51
45
29
6
-12
-15
-1
22
47
60
54
26
-12
-32
-31
-15
10
35
42
32
11
-17
-39
-43
-22
2
8
2
-2
-6
-18
-34
-35
-24
-10
0
5
0
-10
-17
-24
-33
-33
-15
12
18
9
0
-10
-23
-30
-14
10
27
37
37
23
5
-1
8
19
30
45
48
29
1
-15
-16
-8
7
26
31
20
4
-12
-22
-20
-8
3
1
-5
-14
-20
-24
-21
-10
3
11
15
16
12
7
7
11
13
15
19
18
13
10
4
0
0
2
2
2
-1
-8
-18
-28
-34
-34
-31
-22
-16
-9
-6
-9
-10
-11
-9
-5
0
4
6
4
2
-1
-4
-3
-4
-3
-4
-5
-4
-2
-2
-6
-17
-23
-24
-21
-15
-10
-7
-3
-4
-2
0
2
6
10
13
16
17
17
19
16
15
19
20
21
20
21
23
23
25
24
22
24
21
19
17
13
9
6
5
5
8
9
12
11
5
1
-5
-6
-8
-11
-11
-12
-16
-22
-28
-30
-28
-23
-19
-16
-13
