-1
-6
-7
9
-8
-9
1
-1
-3
-12
0
0
-11
-7
9
-13
-5
2
-14
0
-1
-12
-7
5
1
-15
-3
14
-10
-16
11
0
-8
5
4
2
-7
0
16
-9
-7
29
-11
-14
25
-6
-2
9
6
1
-8
19
7
-18
18
18
-24
7
18
-12
-2
6
2
-1
-1
10
-3
-1
16
-16
3
18
-20
4
14
-17
5
9
-7
-7
-3
8
-10
-7
16
-10
-8
12
-12
-5
13
-13
3
7
-7
6
-7
5
4
-11
15
-2
-12
13
-4
-4
15
-14
0
21
-17
-8
21
-4
-13
10
10
-17
-1
15
-4
-6
8
-2
-13
4
3
-6
-5
14
-10
-18
19
-1
-42
35
35
-61
17
48
-52
-25
63
-17
-46
75
1
-61
36
21
-33
4
3
16
-27
-19
69
-66
-18
73
-40
-39
68
-5
-74
37
45
-54
-38
90
-14
-113
90
70
-137
42
92
-141
50
72
-103
39
50
-58
-2
59
-37
17
21
-62
80
-7
-101
124
15
-167
148
52
-223
163
97
-246
76
192
-203
-73
247
-80
-186
210
31
-187
105
56
-104
-16
133
-45
-184
226
93
-375
163
369
-467
-99
596
-343
-342
613
-140
-438
453
38
-419
264
242
-451
67
429
-387
-138
433
-111
-337
189
255
-291
-157
400
-86
-366
349
51
-360
258
94
-319
147
198
-250
-55
260
-112
-258
383
-35
-428
435
20
-440
284
230
-416
91
275
-283
9
166
-147
-19
215
-199
-62
219
-73
-163
204
38
-242
193
89
-234
-14
252
-104
-120
159
7
-123
61
44
-67
-14
134
3
-146
131
-23
-128
193
-2
-251
333
47
-495
385
170
-513
281
281
-439
110
227
-244
41
171
-222
-6
330
-288
-157
412
-101
-384
376
148
-469
256
71
-223
171
-60
-67
119
-31
-137
48
90
-36
-150
82
129
-162
-83
170
-2
-188
98
2
-19
18
-83
29
53
-7
-220
253
59
-340
214
100
-227
87
139
-229
164
59
-240
139
208
-247
-73
348
-187
-87
217
-100
-47
165
-144
73
17
-10
75
-181
240
-86
-97
171
-70
12
-55
60
108
-205
59
153
-110
-49
22
120
-116
-8
7
19
75
-185
150
-55
25
18
-176
234
-113
-107
155
-12
-70
-97
206
22
-359
252
58
-174
86
-94
116
-67
-5
-14
-60
131
-70
-55
56
50
-106
38
101
-229
152
80
-271
159
65
-25
-118
51
101
-159
107
6
-178
199
19
-144
62
29
-11
-42
125
-194
23
330
-249
-207
372
-3
-269
198
25
-200
252
116
-437
251
208
-308
34
334
-320
-110
570
-390
-177
422
-173
-158
169
132
-272
83
238
-342
115
202
-270
-93
331
-77
-255
326
-173
-186
393
-244
-185
393
-221
-135
315
-89
-400
327
180
-596
472
13
-279
278
-158
-71
121
-193
-25
257
-42
-243
254
187
-497
167
163
-317
115
161
-124
42
267
-372
29
350
-505
70
348
-202
-77
264
36
-233
135
-85
2
150
-290
252
54
-158
309
-276
-158
546
-365
-293
637
-137
-427
509
-31
-454
413
0
-457
361
334
-668
301
503
-791
151
404
-441
75
202
-175
-18
229
-160
-70
163
-161
-38
-5
106
53
-271
139
268
-320
-59
324
-311
-82
385
-354
-30
580
-624
-19
678
-572
-169
463
-169
-148
295
-191
-3
341
-514
84
389
-328
16
38
169
-115
-158
233
48
-230
-98
299
164
-414
-29
445
-217
-118
13
103
37
-91
-121
236
140
-417
147
164
-122
-147
234
-85
-63
270
-246
-30
161
-220
103
265
-292
-42
144
54
-90
-31
73
-45
21
-55
82
63
-83
-130
125
89
-223
206
105
-440
214
232
-381
277
25
-132
-120
-7
276
-208
75
-83
25
144
-250
-24
307
-130
-155
207
-3
-209
-32
329
-148
-69
105
-77
-71
160
-19
-152
307
-314
8
398
-257
-107
95
45
-73
-71
344
-200
-236
391
-234
-173
427
-196
-151
476
-477
-231
695
-223
-295
290
-10
-174
-86
259
46
-241
202
-252
-37
328
-328
151
256
-344
-156
314
58
-288
129
87
-139
-16
110
179
-191
-100
62
-98
22
176
89
-179
81
-116
-132
220
85
-39
-141
103
20
-128
223
22
-263
216
-82
-252
465
94
-561
313
298
-644
113
571
-312
-193
363
-122
-206
101
77
-39
39
-226
82
374
-268
-45
88
-87
-179
91
263
-78
-58
97
-134
-44
66
-57
104
-131
-122
274
14
-289
184
79
-390
90
201
-239
243
163
-219
34
-63
-104
88
168
-281
-97
588
-343
-364
530
-141
-314
237
86
-134
271
91
-442
197
217
-559
120
431
-316
-67
354
-211
-247
468
-205
-205
451
-211
-264
461
-10
-467
280
216
-428
-92
601
-111
-380
240
127
-188
66
84
-151
220
-175
-32
311
-169
-318
181
326
-350
-96
402
66
-352
49
299
-79
-396
214
360
-478
8
282
-119
-41
-154
48
283
-305
-162
499
-243
-290
394
-54
-73
-115
-74
281
-251
-77
459
-161
-311
24
183
-21
-284
341
24
-346
182
68
-152
174
13
-340
28
305
-200
61
314
-483
140
303
-243
-192
361
154
-483
162
329
-243
-101
292
-256
-75
231
-60
118
85
-257
-90
422
-158
-195
462
-225
-399
437
55
-274
200
-205
-71
223
-187
108
74
-48
-26
64
192
-194
-110
222
-158
-120
317
-343
10
263
-243
-74
209
-7
-226
16
136
186
-109
-5
15
-28
-47
-103
39
155
-133
-179
213
56
-154
45
56
-132
99
85
-61
-1
-9
-70
96
-132
-74
116
-83
96
-98
0
268
-73
-115
105
-70
-26
145
-20
35
-18
-185
-57
104
129
-93
-51
49
-65
127
85
-57
102
-152
-105
269
10
-132
76
22
-214
-61
124
26
1
9
-60
118
47
-167
130
95
-185
-43
175
0
-92
33
21
-66
-125
-12
90
12
-10
40
10
20
-21
-23
31
-128
-45
124
50
-42
-67
43
-48
-76
94
12
-40
98
17
-70
67
23
-108
1
64
-21
24
28
-95
-18
106
-98
-48
130
-88
30
183
-87
-30
75
-74
-78
-11
51
19
-15
32
12
-40
-7
-18
-39
98
20
-45
63
-16
-62
14
70
-83
-126
118
17
-69
152
72
-95
-22
-11
-68
45
11
-78
24
-7
-69
66
77
-96
-5
76
-50
45
112
2
-2
-20
-47
3
-26
-82
-15
31
-30
9
74
29
1
-5
-16
-13
14
41
12
-31
-66
-21
31
-27
13
19
-50
9
27
42
53
-39
-8
16
-50
-22
31
16
-33
9
14
-25
-2
-28
1
47
-21
17
50
-80
-48
35
15
10
-18
17
59
-21
-33
28
-6
-7
18
11
29
-33
-50
60
30
-89
-11
52
-4
5
17
8
-41
-20
82
71
-5
-20
8
3
27
30
61
44
-36
40
14
-93
-20
114
96
-98
-122
7
-4
30
97
34
-29
-47
9
195
208
26
-3
12
-14
59
140
72
-83
-63
-20
-38
53
44
42
68
-71
-38
170
169
-3
-29
-1
16
56
78
208
129
-60
4
83
155
146
39
-86
-246
-271
-229
-346
-567
-692
-802
-879
-810
-802
-896
-1034
-1070
-923
-774
-654
-556
-506
-503
-379
-114
52
159
240
293
311
341
602
852
798
744
855
951
1060
1208
1255
1221
1067
927
1147
1347
1112
856
778
584
431
546
615
404
163
154
182
99
62
85
22
-186
-404
-343
-243
-424
-457
-297
-374
-534
-547
-598
-689
-273
647
1181
932
364
-179
-726
-862
-436
-14
-109
-648
-802
-567
-700
-1085
-1381
-1733
-2168
-2077
-1380
-917
-1148
-1713
-2098
-2403
-2549
-2292
-1925
-1817
-1831
-1407
-680
-304
-329
-271
34
439
1202
2193
2730
2572
2203
2187
2475
2761
2931
2946
2725
2450
2378
2415
2246
1754
1202
876
869
1087
1212
949
428
-38
-325
-404
-297
-221
-380
-594
-598
-483
-457
-518
-587
-622
-493
-187
-12
-200
-539
-683
-617
-531
-400
-247
-347
-707
-912
-771
-717
-950
-1093
-1057
-1065
-1073
-905
-715
-858
-1284
-1239
-12
1871
2964
2506
1050
-311
-820
-344
703
1412
1012
-52
-451
103
405
-310
-1467
-2209
-2310
-1735
-623
84
-559
-2091
-3146
-3230
-2912
-2546
-2124
-1948
-2108
-1881
-969
-284
-437
-748
-464
272
1196
2399
3457
3463
2539
2023
2575
3432
3873
4013
3856
3144
2335
2213
2513
2274
1372
620
532
743
789
613
151
-525
-914
-680
-193
-85
-495
-1016
-1242
-1133
-880
-714
-751
-890
-899
-643
-315
-222
-387
-617
-692
-448
24
361
270
-146
-540
-727
-707
-588
-557
-690
-873
-998
-1099
-1156
-1143
-1270
-1374
-415
1913
3801
3309
1020
-887
-1359
-709
734
2213
2049
-20
-1596
-993
159
-168
-1377
-2101
-2412
-2463
-1513
-116
-327
-2324
-3881
-3871
-3378
-3088
-2511
-1989
-2436
-3045
-2310
-816
-291
-639
-491
249
928
1951
3477
3989
2743
1689
2591
4354
5167
5105
4853
4042
2803
2554
3471
3650
2228
800
717
1242
1295
1000
551
-353
-1242
-1052
4
515
-43
-803
-1103
-1128
-1011
-710
-621
-1004
-1309
-1034
-558
-465
-685
-858
-885
-698
-127
546
616
-27
-694
-901
-811
-693
-619
-745
-1181
-1582
-1574
-1306
-1153
-1340
-1763
-1777
-425
2189
4019
3151
395
-1732
-1941
-629
1326
2651
1843
-775
-2454
-1493
191
175
-1040
-1954
-2440
-2589
-1701
-192
-201
-2237
-3944
-3879
-3192
-2769
-2215
-1817
-2433
-3248
-2455
-504
442
134
-20
328
858
2002
3740
4489
3312
1991
2523
4191
5316
5588
5285
4293
2958
2607
3590
4136
2930
1111
298
511
823
849
633
-166
-1360
-1733
-793
266
221
-626
-1266
-1464
-1464
-1140
-582
-501
-1058
-1478
-1344
-1086
-1069
-1050
-838
-618
-319
218
522
89
-706
-1135
-1015
-662
-290
-55
-313
-1013
-1501
-1487
-1250
-1044
-974
-1115
-969
578
3202
4429
2737
-207
-1887
-1639
-92
2092
3415
1973
-1274
-2826
-1590
-169
-315
-984
-1567
-2721
-3572
-2444
-635
-973
-3097
-4361
-4286
-4101
-3531
-2082
-1470
-2845
-3943
-2564
-243
629
478
544
525
529
1987
4549
5480
3926
2394
2765
4129
5297
6213
6328
4747
2575
2155
3546
4375
3388
1714
630
237
379
929
1070
33
-1445
-1810
-836
176
195
-687
-1761
-2373
-2134
-1158
-253
-297
-1252
-2201
-2372
-1796
-1045
-550
-383
-403
-352
-116
75
-111
-591
-863
-571
128
643
434
-489
-1462
-1803
-1430
-709
-143
-238
-904
-971
653
2972
3568
1701
-838
-2138
-1667
254
2585
3237
976
-2234
-3208
-1631
147
678
130
-1385
-3399
-4057
-2372
-421
-661
-2567
-4146
-4810
-4707
-3510
-1879
-1759
-3278
-3964
-2484
-464
449
560
412
-9
242
2328
4944
5459
3784
2395
2685
3899
5333
6664
6674
4601
2304
2265
3976
4876
3963
2301
829
-158
-121
936
1537
450
-1340
-1945
-1207
-452
-432
-905
-1577
-2119
-1861
-761
72
-312
-1474
-2283
-2216
-1450
-372
463
483
-226
-870
-870
-353
227
549
470
78
-258
-302
-299
-557
-997
-1298
-1291
-1011
-641
-568
-1167
-2018
-1731
375
2735
3005
827
-1906
-3233
-2427
92
2679
2943
253
-2873
-3544
-1794
215
1033
381
-1583
-3662
-3856
-1877
22
-87
-1768
-3618
-4762
-4535
-2770
-933
-825
-1983
-2471
-1734
-647
306
992
955
509
1170
3279
4853
4390
2970
2316
2712
3801
5406
6567
5864
3725
2412
2960
4001
4086
3317
2281
1176
481
737
1367
1125
-100
-1093
-1109
-704
-548
-649
-927
-1473
-1979
-1852
-1212
-904
-1285
-1825
-2060
-2005
-1616
-857
-257
-436
-1075
-1276
-814
-219
116
141
-158
-612
-768
-450
-121
-296
-824
-1151
-1103
-926
-867
-1042
-1534
-2054
-1760
-58
2080
2621
833
-1740
-3006
-2244
-29
2373
3194
1357
-1732
-3258
-2226
-144
1388
1813
751
-1620
-3520
-3146
-1183
226
193
-860
-2548
-4073
-3955
-2043
-288
-169
-961
-1525
-1736
-1452
-267
1234
1850
1613
1562
1865
1954
1990
2481
3084
3291
3424
3782
3860
3326
2798
2824
3151
3398
3485
3177
2264
1260
933
1262
1608
1629
1299
568
-344
-766
-406
155
243
-185
-834
-1461
-1683
-1216
-542
-499
-1138
-1754
-1935
-1823
-1523
-1072
-831
-1093
-1509
-1566
-1325
-1117
-944
-739
-730
-1024
-1255
-1156
-1017
-1136
-1345
-1418
-1416
-1409
-1327
-1251
-1439
-1746
-1464
-265
984
1105
13
-1292
-1852
-1326
122
1654
1914
467
-1306
-1712
-618
836
1668
1397
-56
-1754
-2086
-620
1257
1991
1241
-478
-2247
-2799
-1529
492
1580
1243
96
-1137
-1717
-996
690
2016
2213
1709
1024
281
-100
432
1561
2412
2684
2579
2076
1272
858
1357
2355
3083
3242
2849
2032
1293
1241
1826
2351
2351
1936
1390
899
592
493
411
173
-122
-285
-331
-473
-842
-1299
-1587
-1648
-1660
-1741
-1905
-2193
-2552
-2672
-2358
-1993
-2042
-2348
-2449
-2293
-2021
-1585
-1115
-1110
-1672
-2058
-1684
-972
-536
-409
-548
-1047
-1517
-1296
-511
-35
-234
-667
-987
-1087
-724
200
1103
1273
753
108
-267
-211
336
1105
1544
1403
981
708
767
1148
1703
2077
1984
1561
1191
1124
1411
1887
2124
1750
886
121
-58
348
927
1118
578
-479
-1397
-1618
-1119
-351
123
-26
-708
-1483
-1860
-1639
-956
-159
362
411
65
-351
-470
-124
528
1149
1529
1621
1427
1052
776
806
1032
1280
1519
1672
1515
1015
567
514
709
803
699
452
107
-198
-247
-80
-53
-423
-972
-1285
-1247
-1024
-816
-796
-1109
-1655
-2024
-1912
-1496
-1174
-1116
-1258
-1500
-1702
-1662
-1356
-1052
-1011
-1192
-1413
-1558
-1529
-1218
-747
-438
-439
-596
-715
-740
-641
-382
-6
357
610
750
774
680
588
690
1023
1400
1582
1505
1325
1272
1444
1727
1929
1938
1768
1545
1389
1334
1288
1133
901
713
606
497
344
163
-58
-337
-591
-681
-585
-440
-348
-333
-447
-684
-900
-936
-767
-489
-202
18
67
-104
-363
-503
-426
-171
177
467
507
222
-156
-304
-150
155
421
529
417
176
63
189
352
350
262
257
324
396
465
458
243
-95
-243
-89
146
246
168
-89
-484
-788
-763
-503
-330
-418
-697
-1042
-1328
-1383
-1163
-885
-792
-902
-1103
-1315
-1444
-1374
-1095
-754
-535
-525
-655
-765
-680
-334
122
452
503
314
87
73
388
887
1248
1258
980
679
606
828
1173
1342
1192
891
724
794
947
988
864
643
475
484
634
731
627
423
334
416
524
504
322
72
-73
30
326
535
402
-24
-446
-609
-456
-123
148
128
-220
-668
-938
-908
-637
-303
-101
-160
-466
-839
-1074
-1059
-822
-489
-233
-191
-381
-690
-946
-993
-767
-355
45
245
165
-96
-335
-339
-30
433
752
735
434
99
-10
181
505
705
631
362
104
-4
8
27
-12
-80
-110
-76
-52
-121
-272
-414
-431
-278
-75
2
-138
-420
-618
-538
-175
265
484
319
-96
-414
-357
54
540
773
652
335
82
44
173
311
359
339
323
328
305
211
82
17
97
276
440
459
299
66
-79
-30
175
381
428
278
28
-155
-151
5
168
211
121
-15
-89
-50
56
149
173
125
41
-45
-103
-121
-115
-113
-149
-230
-347
-497
-650
-739
-712
-586
-449
-432
-602
-883
-1069
-982
-647
-290
-164
-349
-680
-864
-717
-304
128
347
301
96
-108
-172
-53
206
515
743
788
620
334
133
171
451
806
1005
915
605
277
139
281
591
840
842
583
240
40
80
294
506
557
416
191
52
74
163
177
75
-60
-121
-83
-6
20
-59
-209
-319
-299
-180
-73
-53
-105
-181
-256
-308
-331
-336
-329
-311
-283
-287
-374
-513
-607
-572
-406
-203
-81
-123
-288
-431
-428
-260
-21
136
103
-108
-347
-418
-236
71
290
278
49
-233
-368
-271
-40
122
99
-63
-254
-390
-447
-433
-370
-283
-184
-92
-54
-103
-192
-206
-76
149
347
431
402
330
307
405
578
712
712
607
514
499
552
630
683
653
548
444
408
431
435
383
300
210
134
107
153
223
241
199
154
135
114
58
-7
-39
-28
13
51
30
-93
-257
-331
-263
-139
-96
-180
-312
-395
-388
-311
-254
-288
-399
-501
-508
-452
-422
-464
-537
-569
-526
-418
-303
-253
-285
-363
-420
-408
-327
-222
-150
-144
-196
-255
-277
-234
-148
-67
-23
-12
14
65
98
82
36
3
13
51
69
30
-60
-131
-118
-13
103
123
36
-66
-78
40
221
355
357
226
71
37
178
404
571
597
489
324
223
268
441
640
756
754
666
536
415
358
387
477
568
607
559
416
238
116
117
209
308
328
232
66
-78
-133
-98
-53
-62
-127
-195
-210
-175
-149
-195
-319
-452
-495
-415
-260
-140
-161
-340
-597
-782
-787
-610
-373
-226
-267
-477
-718
-840
-763
-549
-341
-237
-265
-378
-495
-548
-514
-404
-264
-134
-56
-81
-205
-338
-361
-232
-13
161
173
31
-146
-206
-99
86
203
181
74
-8
8
107
205
235
210
196
235
315
388
408
382
363
400
487
584
647
658
632
599
577
576
599
651
729
804
824
749
602
447
373
429
572
688
666
473
197
-11
-50
76
232
267
113
-148
-376
-468
-422
-324
-274
-317
-435
-570
-670
-717
-711
-670
-616
-583
-590
-628
-676
-707
-709
-683
-631
-562
-485
-422
-400
-426
-473
-489
-433
-315
-181
-94
-90
-144
-201
-209
-148
-36
84
161
164
94
-1
-42
26
191
367
443
360
172
16
9
152
350
460
412
246
62
-33
-10
89
187
232
207
120
20
-46
-43
28
131
205
211
149
77
59
121
237
341
384
366
348
392
504
626
680
621
479
354
328
417
546
603
526
343
158
75
119
223
277
213
52
-113
-211
-221
-194
-194
-250
-339
-415
-457
-476
-500
-535
-559
-550
-508
-471
-480
-541
-608
-613
-535
-408
-325
-350
-460
-557
-538
-390
-196
-81
-114
-242
-345
-329
-201
-53
17
-16
-102
-164
-170
-130
-70
-5
80
171
201
111
-78
-263
-291
-86
277
601
697
510
166
-114
-185
-41
191
360
409
368
311
283
274
258
230
219
253
331
406
439
431
423
455
511
538
488
377
291
313
456
633
720
638
422
194
84
127
258
355
326
172
-29
-186
-247
-234
-195
-173
-197
-256
-333
-416
-489
-541
-565
-553
-518
-484
-472
-494
-538
-583
-611
-606
-574
-529
-481
-431
-385
-361
-371
-413
-459
-461
-381
-236
-90
-28
-78
-194
-276
-246
-103
68
162
134
35
-43
-38
44
144
207
223
219
219
209
175
120
89
134
256
387
425
327
146
9
22
182
375
465
390
210
59
47
180
357
454
418
285
146
92
141
256
376
445
446
396
335
300
326
400
483
533
527
476
423
398
403
407
379
319
251
204
174
129
34
-108
-252
-335
-335
-290
-283
-380
-563
-747
-841
-809
-700
-613
-622
-726
-852
-913
-878
-773
-664
-607
-607
-627
-625
-589
-536
-499
-481
-461
-408
-316
-212
-141
-130
-163
-188
-154
-53
77
174
197
154
95
80
138
253
375
446
443
379
302
260
287
376
486
558
558
495
411
370
389
448
493
485
436
394
391
432
473
476
436
380
346
332
316
283
245
237
275
327
338
270
148
51
51
157
297
369
322
184
40
-26
12
104
169
146
43
-77
-151
-153
-118
-105
-158
-272
-388
-448
-440
-403
-395
-452
-565
-683
-754
-758
-719
-682
-679
-717
-779
-826
-828
-778
-701
-623
-574
-565
-579
-589
-559
-489
-394
-295
-208
-143
-97
-56
-11
34
88
151
225
297
358
398
414
421
439
476
525
560
570
558
539
533
549
573
580
561
505
440
392
382
412
449
453
410
323
235
187
191
234
271
259
195
103
34
24
75
154
206
206
149
75
26
29
79
145
196
211
201
183
169
167
167
154
117
66
11
-38
-73
-89
-81
-59
-45
-66
-141
-273
-454
-632
-764
-814
-766
-648
-502
-394
-365
-436
-585
-758
-895
-951
-895
-745
-555
-384
-288
-292
-378
-503
-600
-618
-534
-365
-171
-16
57
35
-40
-116
-143
-105
-19
75
149
192
222
262
324
394
447
462
442
420
433
489
569
633
662
657
653
684
748
803
794
702
556
415
343
358
424
487
504
476
430
389
344
267
139
-11
-137
-194
-166
-88
-6
46
58
40
6
-36
-84
-138
-177
-183
-151
-93
-39
-17
-34
-76
-122
-158
-158
-104
9
154
261
230
11
-367
-787
-1097
-1181
-1033
-752
-481
-327
-309
-372
-448
-497
-522
-546
-573
-564
-492
-360
-224
-162
-208
-322
-415
-406
-275
-71
130
261
313
312
286
240
163
62
-34
-73
-37
38
95
104
80
67
95
156
209
230
228
238
280
329
330
248
132
71
170
437
736
908
868
639
350
149
92
147
246
341
408
452
477
446
333
158
-11
-80
-5
158
322
416
418
348
244
129
-7
-160
-280
-296
-185
1
156
195
107
-38
-125
-98
-8
26
-94
-339
-595
-741
-711
-552
-370
-262
-272
-360
-450
-507
-552
-603
-640
-618
-518
-369
-248
-212
-283
-429
-552
-554
-411
-217
-70
6
26
14
4
22
41
24
-12
-57
-64
-11
65
129
218
280
205
67
-58
-139
-150
-80
68
243
369
405
392
371
338
235
213
314
346
401
550
698
665
529
436
305
181
123
206
396
557
562
464
317
88
-64
-71
38
236
265
144
53
-16
-59
-35
48
76
25
-74
-198
-213
-84
-45
-85
1
39
-72
-141
-142
-238
-346
-302
-322
-461
-290
-51
-177
-165
-99
-419
-749
-615
-439
-479
-228
-157
-439
-358
-551
-832
-561
-277
-401
-314
39
-252
-427
3
-245
-310
215
96
-202
125
240
-118
296
446
-102
64
243
-102
197
702
288
214
601
97
-100
445
310
372
761
437
221
300
206
51
406
534
575
619
263
111
214
102
193
412
260
491
409
27
24
64
-189
-93
176
-135
133
153
-163
57
18
-373
-389
-371
-545
-271
138
-186
-290
-31
-689
-349
-209
-319
-264
116
-276
-415
125
-391
-322
-300
87
-239
234
-39
-493
27
52
-142
-179
-43
-354
115
-294
267
2
-276
-140
-550
-281
56
429
-341
-169
-155
-226
-90
813
66
-394
80
-346
-348
572
530
-378
561
254
-551
224
614
-555
738
596
-413
304
146
-36
567
438
-146
680
471
-157
-81
407
-253
807
465
-490
945
176
-289
16
41
25
718
60
-481
298
440
-264
-131
255
-584
122
193
-394
262
254
-438
-410
38
-405
-29
346
-556
55
7
-214
-482
190
-103
-620
228
-844
-341
493
-96
-521
674
-954
-660
355
-402
-90
-167
645
-624
-181
353
-404
-252
-161
-42
-28
-17
255
-213
-621
676
198
-500
503
-160
-896
571
427
-442
779
-12
-678
112
60
-232
482
788
-126
4
-73
-41
-156
172
777
80
-591
468
664
-244
677
-204
-572
446
235
-202
989
787
-917
410
509
-976
173
923
-392
-56
536
147
79
132
-340
306
-234
-477
637
-82
-503
681
-176
-445
835
-924
-726
447
164
-509
-16
799
-688
-892
244
-61
-769
317
385
-500
-384
226
-174
-390
-67
-195
-279
53
309
-293
23
-286
-299
-65
225
-86
-231
288
-314
-476
557
-94
-297
487
-856
-87
610
-248
22
358
-390
-703
158
290
-144
853
283
-888
621
-491
-413
866
-22
-137
792
126
-378
463
-266
81
526
41
730
523
84
232
-88
245
-70
287
783
-62
240
505
122
392
-327
179
224
-118
519
90
561
239
-378
-149
-334
8
109
544
-54
-178
225
-400
-204
-465
-300
168
-205
-106
313
-417
-560
-465
-428
-534
242
-275
-722
659
-669
-1126
739
-305
-1677
580
-147
-894
852
-154
-972
760
-100
-1537
591
598
-1231
359
925
-957
-127
558
-32
8
214
-152
23
-510
-135
862
431
-415
266
263
-744
380
-104
-248
1139
82
-851
1203
364
-1198
704
978
-610
238
1114
-352
224
458
268
316
172
270
361
389
70
357
587
204
150
256
-10
191
308
174
90
174
-34
-173
-125
917
-304
-707
393
71
-737
108
359
-759
34
-122
-517
93
45
-926
61
259
-1170
-129
230
-664
-265
468
-453
-966
234
-370
-955
409
-74
-931
202
62
-911
-76
186
-405
-97
-412
53
364
-333
-887
330
234
-360
245
362
-311
-207
129
18
246
-461
277
629
117
-355
-8
875
-269
-897
996
646
-746
689
980
-526
-604
995
62
-255
777
628
344
-320
192
716
89
-164
682
480
-51
-4
1000
-53
116
638
-402
533
266
-389
567
466
-361
241
139
21
8
-308
21
267
-318
-178
238
-92
-579
-435
272
-447
126
93
-648
-158
-482
-501
243
-200
-454
-308
-119
-309
-309
71
-884
-129
-67
-960
206
139
-586
-299
221
-281
-894
446
-76
-584
435
-26
-654
491
213
-756
137
363
-375
157
265
172
-97
-181
505
-83
21
839
47
-550
364
760
-578
157
1293
-841
-30
1225
-542
-301
1015
49
-304
455
213
232
67
-162
386
383
-200
204
424
-26
342
-260
-232
517
216
-274
602
449
-959
340
650
-978
283
597
-66
67
-231
475
-411
-207
296
-401
98
350
-58
-431
121
239
-701
-522
744
-290
-502
696
-81
-748
71
62
-692
110
-200
-253
-39
-304
218
-321
-563
-61
-324
-497
23
515
-328
-413
388
-859
-355
699
-743
97
592
-777
53
346
-317
122
197
-416
-5
675
-590
311
703
-982
385
709
-846
282
644
-754
-81
652
79
-78
398
186
-241
-117
74
223
214
92
364
135
-51
33
223
-88
301
313
44
360
30
75
-55
251
42
236
36
-154
425
-287
-161
599
-331
-86
445
-386
-157
243
52
-243
204
79
-391
-166
186
-303
15
170
-346
161
-31
-396
-14
320
-573
-133
334
-219
-419
128
232
-443
-194
87
-214
-457
332
-4
-318
292
-71
-535
-31
288
-115
-256
262
-10
-242
32
216
-20
-301
92
40
-89
238
511
-173
-245
220
-147
-459
515
534
-458
270
264
-273
-105
140
-100
73
165
118
156
-44
41
15
-37
147
-19
-48
374
61
-193
52
524
2
-427
318
347
-369
152
473
-256
16
256
-339
108
481
-348
75
307
-578
106
92
-8
-79
251
43
-619
141
132
-273
41
114
-245
-135
54
101
-219
111
-31
-242
0
18
-237
-243
475
-308
-236
382
-317
16
107
-765
150
178
-493
250
364
-20
-459
-17
-96
-386
16
362
103
-169
346
-103
-249
94
91
-190
-8
519
-10
-65
334
-102
-474
399
220
-99
61
257
14
-40
-42
-109
322
-127
38
80
236
155
-347
77
275
-237
-264
359
183
-104
42
118
-84
158
-391
103
419
-640
131
344
-83
26
98
-171
-225
125
-9
-183
467
-211
-549
663
-219
-300
439
-198
-308
275
-203
-97
348
-304
-177
346
-116
-395
248
-95
-305
160
172
-73
7
111
-241
-315
124
-124
56
349
-116
-27
27
-226
-125
187
-108
-135
299
93
-210
278
181
-616
161
178
-291
156
490
-189
-202
312
-194
-77
261
171
-164
-57
35
155
-77
193
290
-226
-4
36
102
-65
-135
162
269
-121
96
39
-182
159
-116
-73
450
-219
-203
286
-123
-223
161
230
-214
-15
72
-205
-3
218
-394
18
326
-359
-26
318
-225
-203
131
-67
-151
35
128
-39
-120
70
-113
-107
-23
-66
77
62
55
-272
-26
248
-280
-45
230
-59
-21
-181
27
138
-171
82
24
-81
89
8
-170
15
174
-92
-144
206
-46
-97
90
45
-24
9
110
-210
127
98
-105
116
91
9
71
-32
-36
80
12
124
67
29
-68
184
-30
-150
214
25
-98
141
82
-172
159
92
-254
174
215
-305
39
246
-240
68
157
-162
49
22
42
74
-58
-60
145
-150
-33
263
-151
-16
144
-97
-89
85
-93
-142
155
27
-267
162
87
-420
53
85
-344
-14
49
-91
-30
-175
39
-108
-216
30
-2
-212
84
80
-214
69
43
-227
-73
179
-64
-147
135
121
-260
124
64
-162
149
-90
31
87
-68
16
44
41
9
-37
114
79
-52
40
122
71
-12
140
48
101
100
-81
224
22
25
248
20
20
138
130
-116
125
206
-24
35
163
37
-25
64
149
-83
12
203
-96
20
14
175
-114
-47
119
-199
137
7
-167
199
-67
-208
45
-22
-5
-58
-96
-158
3
-80
-313
89
64
-314
-138
189
-456
-224
401
-526
-324
452
-217
-419
182
-92
-410
59
52
-509
145
230
-494
85
274
-453
-132
247
-253
-24
211
-71
-132
14
36
-80
162
141
-58
44
136
-122
72
118
226
321
-152
174
336
-161
-12
299
336
276
-8
220
340
-127
158
348
213
217
45
342
133
96
55
284
360
-91
30
393
139
-228
302
203
-60
62
119
-132
177
-48
-136
200
-209
20
-256
-28
106
-273
-279
250
-207
-694
147
39
-595
-231
166
-478
-271
-184
-289
-338
-121
-304
-410
-84
-349
-176
-358
-279
-209
-192
-350
-42
-167
-439
-72
-157
-200
-281
226
-191
-247
33
-124
-131
42
42
-100
201
-45
-73
265
98
-220
227
145
287
63
86
517
-114
115
290
370
246
148
322
259
133
7
374
600
-65
21
863
-48
-174
695
120
-153
550
131
-163
493
129
-343
279
233
-329
197
258
46
-237
154
140
-364
-85
108
-104
-217
120
-130
-221
-34
-315
-243
123
-168
-245
-13
-11
-381
-233
101
-298
-266
-76
-160
-91
-246
-171
78
-243
-51
55
-306
-86
12
-241
-199
48
97
-137
-134
81
-128
-122
272
-33
-2
158
-151
119
117
-194
131
228
-220
-3
276
179
-25
5
404
-28
-26
331
-17
191
69
-141
149
276
24
-215
201
279
-118
18
425
129
-183
123
130
198
-95
-31
372
-81
-299
129
324
-147
-251
360
83
-300
282
126
-111
77
-47
-219
62
334
-384
-181
482
-293
-360
278
-64
-294
185
184
-341
36
222
-617
46
204
-243
-88
-37
99
-367
-173
240
9
-112
-297
113
64
-419
42
229
-160
-163
-47
22
2
-130
-35
39
-33
6
14
-109
79
43
-291
56
419
-166
-269
417
-52
-406
424
142
-211
109
68
-92
76
25
73
86
24
-9
212
-10
-123
399
-171
-196
416
22
-391
420
73
-515
359
173
-216
120
182
-107
-1
230
-150
-121
183
-147
-53
300
-191
-33
111
-178
-83
185
-58
63
169
-270
189
-67
-261
206
-48
-127
144
-86
23
160
-161
-79
92
-68
-158
188
12
-96
154
-98
-115
76
-121
-155
247
14
-128
198
-36
-181
-1
-14
43
-106
6
198
-108
-115
102
35
-192
-48
28
-8
92
56
-66
96
-137
-181
147
7
-144
140
144
-191
26
70
-81
-35
1
86
-6
36
118
-91
15
65
-45
-83
130
6
-102
263
-47
-204
226
31
-216
123
113
-112
2
201
-111
-120
220
-66
-136
78
116
-41
-70
106
3
-5
26
-144
14
108
-27
-8
73
-13
-104
18
-1
-10
40
-29
-36
51
-36
-60
50
49
-134
40
74
-106
-71
34
68
-82
16
84
-69
-63
57
-39
-61
69
21
-48
73
-50
-46
53
-35
-23
42
43
-84
9
47
-63
12
71
-53
-5
46
-24
-7
-7
6
30
25
-66
39
47
-80
34
35
-86
40
0
-28
70
-19
-9
10
56
-53
-45
88
-22
-13
28
59
3
-52
30
34
-38
-9
31
78
-48
-7
102
-70
-25
29
3
18
19
-24
32
29
-73
-27
86
-29
-89
82
72
-108
-21
87
-72
-55
33
34
-18
3
1
-52
-24
-10
-1
-15
18
35
-67
2
37
-95
36
18
-57
37
20
-23
-23
-3
11
-46
-5
63
-31
-22
3
-4
34
-39
-26
90
-44
-37
74
13
0
-22
-21
25
-19
23
49
15
-8
-8
5
28
3
-49
45
32
-39
31
57
-11
-28
-28
-18
17
30
26
52
-34
-48
75
-37
-54
86
-13
-30
41
56
-26
-5
39
-88
-25
77
-15
31
16
-14
29
-50
27
-3
-71
-3
33
-2
-45
134
27
-219
20
83
-106
-1
60
-14
-12
-51
-32
48
-4
-95
22
50
-66
-2
30
-57
-23
-7
-23
51
20
-88
59
62
-101
-10
10
-17
-11
-14
84
29
-13
-4
-3
13
-54
69
52
-62
70
30
-25
18
40
27
-30
2
28
7
16
73
8
-32
74
23
-45
11
40
38
-75
19
83
-66
25
78
-53
-34
63
-33
-80
104
-4
-82
43
16
-2
-37
-12
0
-66
-5
23
3
1
13
14
-54
-85
28
-18
-70
56
19
-48
23
4
-80
-28
-14
6
-8
-14
11
9
-13
-55
-9
34
-40
-38
49
-38
-61
56
-24
-8
74
-61
-82
50
36
-19
28
56
-47
-26
47
4
-21
55
37
-51
36
28
-25
30
29
-19
15
23
-8
-10
69
12
-92
76
39
-66
48
40
-45
35
44
-53
21
31
-45
12
66
-20
-17
26
-1
-73
16
76
-47
-6
46
4
-35
-21
10
-13
-12
28
-14
-2
15
-28
-26
4
13
-36
-26
6
20
5
-21
-10
11
-21
-53
12
30
-20
17
41
-30
-5
-5
-52
30
16
-40
46
42
-49
12
30
-43
-30
12
20
41
33
-34
35
13
-115
-13
73
-12
-27
66
38
-72
-14
54
-52
-24
54
-3
-16
24
23
-22
4
4
-43
-3
29
-8
4
44
0
-43
32
-3
-51
48
11
-15
45
4
-23
32
-8
-79
63
52
-101
48
77
-74
-13
44
-34
-14
41
-3
-51
41
10
-37
32
-6
3
-11
-27
7
13
-15
8
18
-29
-8
33
8
-36
18
3
-28
7
27
-5
1
16
-24
-2
-6
15
-6
-21
20
27
-32
-14
41
-46
-33
43
7
-66
39
41
-69
7
54
-47
-28
49
-40
-18
43
5
-24
28
11
-47
-17
18
15
-2
36
10
-20
12
-3
-27
20
20
-25
5
21
1
-12
-3
-11
4
25
-14
-12
50
-7
-32
41
-14
-52
38
44
-42
21
54
-38
-30
41
-12
-15
33
-6
-14
30
16
-37
7
15
-9
-7
0
0
16
-3
-19
10
-1
-12
-9
6
1
9
-10
-17
21
21
-27
-14
38
-11
-33
27
23
-28
-10
14
-3
-20
4
20
-6
-6
-10
-17
-4
-10
-10
13
1
-28
-12
17
-4
-13
12
-3
-19
0
5
1
25
3
-24
21
2
-36
11
29
-4
-4
15
4
-4
2
5
5
-2
1
22
15
-13
-8
3
2
-1
2
16
10
-4
2
4
-4
4
9
-7
-6
18
16
0
3
-1
-4
0
0
-1
